

TREE # 1

  0  0.0000   2945.523813  x:  0.09799   0.04314   0.08846   0.04600   0.09954   0.01970   0.04954   0.01836   0.06858   0.09571   0.04929   0.03193   0.02309   0.04058   0.03141   0.06634   0.52676   0.42334   0.48828  
  1 99.0000   2416.661593  x:  0.20188   0.14703   0.19567   0.19534   0.13724   0.37051   0.01511   0.00000   0.07739   0.16052   0.11385   0.19701   0.34572   0.77915   0.04264   0.06541   0.51490   0.42952   0.48881  
  2 3491.0664   2414.501842  x:  0.20365   0.14880   0.19759   0.19695   0.13764   0.37206   0.01391   0.01694   0.07668   0.16219   0.11483   0.19811   0.34716   0.78392   0.04253   0.06509   0.51407   0.42977   0.48885  
  3 1242.2161   2408.668983  x:  0.21177   0.15692   0.20667   0.20176   0.13880   0.36655   0.00000   0.01761   0.07092   0.17134   0.11893   0.19839   0.34253   0.78423   0.04123   0.06278   0.50828   0.43135   0.48911  
  4 244.8182   2402.018280  x:  0.22015   0.16530   0.23286   0.22396   0.14448   0.31667   0.00000   0.01950   0.01963   0.14482   0.08856   0.19524   0.29243   0.82757   0.08130   0.08390   0.41900   0.45567   0.49347  
  5 99.4565   2398.609968  x:  0.20399   0.14914   0.23039   0.22804   0.15183   0.28144   0.00000   0.02009   0.03941   0.14587   0.10945   0.19206   0.24442   0.86844   0.07509   0.07429   0.33475   0.48159   0.49865  
  6 89.7105   2398.102739  x:  0.20665   0.15180   0.22403   0.22087   0.14881   0.27405   0.00000   0.01974   0.04366   0.15141   0.09171   0.19875   0.22694   0.88128   0.06217   0.06703   0.33160   0.49598   0.50239  
  7 28.0768   2397.550459  x:  0.21210   0.15725   0.21288   0.20996   0.14310   0.26222   0.00000   0.01851   0.04342   0.14977   0.10090   0.21719   0.19524   0.89906   0.05960   0.07632   0.34883   0.52857   0.51218  
  8 23.7440   2397.129189  x:  0.20680   0.15195   0.22631   0.22388   0.15249   0.26504   0.00000   0.01619   0.05458   0.14954   0.09673   0.23547   0.18371   0.89533   0.06349   0.07793   0.35819   0.56827   0.52834  
  9 12.9602   2396.335868  x:  0.19806   0.14321   0.22890   0.22595   0.14942   0.27793   0.00000   0.01089   0.03245   0.15104   0.10218   0.25366   0.19617   0.88132   0.05696   0.06569   0.35127   0.64085   0.56489  
 10 20.6673   2395.654264  x:  0.20955   0.15470   0.22418   0.21778   0.14480   0.28738   0.00000   0.00600   0.04038   0.15631   0.10124   0.24905   0.21467   0.86857   0.06388   0.07472   0.33674   0.69538   0.59928  
 11 32.7592   2395.317208  x:  0.21448   0.15962   0.22589   0.22408   0.14947   0.28195   0.00000   0.00396   0.04138   0.14643   0.10308   0.22546   0.21993   0.87221   0.05484   0.07253   0.34245   0.70956   0.61930  
 12 13.7886   2395.039377  x:  0.20920   0.15435   0.22770   0.22637   0.15014   0.27630   0.00000   0.00303   0.03807   0.15929   0.10161   0.20534   0.22169   0.87887   0.05751   0.07551   0.35003   0.71544   0.63913  
 13 15.6617   2392.091423  x:  0.21641   0.16155   0.29293   0.20041   0.11425   0.25085   0.00000   0.00596   0.04984   0.16181   0.10877   0.16387   0.23632   0.89409   0.07283   0.04382   0.36266   0.74403   0.88305  
 14 10.7934   2383.777256  x:  0.25622   0.20136   0.30546   0.23544   0.17501   0.24441   0.00000   0.01447   0.02744   0.20082   0.11917   0.12402   0.24135   0.89297   0.01443   0.08443   0.34659   0.76186   1.52004  
 15 93.7912   2381.482765  x:  0.27786   0.22300   0.27486   0.26576   0.19607   0.24693   0.00000   0.01575   0.02258   0.21422   0.12424   0.12220   0.22534   0.89338   0.04272   0.04433   0.34564   0.73720   1.71363  
 16 118.0904   2377.826985  x:  0.29002   0.23516   0.28174   0.32606   0.12702   0.23649   0.00000   0.01174   0.02841   0.22691   0.12906   0.18729   0.18048   0.89726   0.03333   0.04089   0.33061   0.56616   1.98353  
 17 45.4593   2376.830439  x:  0.29171   0.23684   0.30796   0.28920   0.15918   0.24262   0.00000   0.00954   0.02235   0.22840   0.13194   0.21093   0.15867   0.90240   0.03503   0.03497   0.32599   0.49748   2.05281  
 18 31.7687   2376.697241  x:  0.29206   0.23720   0.30771   0.28800   0.16444   0.22666   0.00000   0.00945   0.02385   0.22996   0.13182   0.21926   0.17000   0.90366   0.03586   0.03491   0.32706   0.49907   2.03658  
 19  2.0149   2370.304442  x:  0.34043   0.28555   0.43416   0.26677   0.15335   0.26541   0.00000   0.00664   0.02119   0.27092   0.15576   0.23244   0.17413   0.88914   0.04801   0.07355   0.30223   0.72305   0.94010  
 20  9.2512   2367.748983  x:  0.36893   0.31406   0.45795   0.29210   0.14352   0.26519   0.00000   0.00719   0.03379   0.29660   0.16266   0.20512   0.18880   0.91165   0.03994   0.05175   0.32107   0.72118   0.44911  
 21  0.5244   2365.992238  x:  0.39792   0.34304   0.46652   0.32557   0.13766   0.26091   0.00000   0.00932   0.04237   0.32245   0.16660   0.17844   0.19615   0.94768   0.03402   0.03962   0.33191   0.62896   1.08866  
 22  1.6910   2363.036498  x:  0.42413   0.36925   0.50113   0.33239   0.13322   0.24237   0.00000   0.00922   0.02338   0.34643   0.16566   0.14744   0.18164   1.04858   0.04092   0.06429   0.30326   0.47881   1.06123  
 23  0.1347   2358.897196  x:  0.44988   0.39500   0.53355   0.27729   0.17203   0.27935   0.00000   0.00659   0.00000   0.36356   0.15850   0.16289   0.18844   1.19411   0.03866   0.04938   0.25871   0.63813   0.87548  
 24  0.1693   2354.398048  x:  0.45700   0.40212   0.53715   0.25102   0.18992   0.33426   0.00000   0.00498   0.02332   0.36831   0.14869   0.19143   0.20175   1.36833   0.04216   0.05108   0.32582   0.60882   0.80760  
 25  0.1486   2349.576364  x:  0.42197   0.36711   0.46841   0.35903   0.12596   0.33282   0.00000   0.00880   0.03615   0.32861   0.14033   0.18575   0.19644   1.65451   0.04474   0.04504   0.30147   0.49195   0.67435  
 26  0.1335   2348.514113  x:  0.39513   0.34028   0.45137   0.32891   0.14604   0.32650   0.00000   0.00705   0.01885   0.30096   0.14674   0.23381   0.19496   1.76485   0.04670   0.04733   0.30744   0.49559   0.75745  
 27  0.0911   2348.403199  x:  0.39473   0.33988   0.45678   0.32156   0.14752   0.32225   0.00000   0.00675   0.02682   0.30032   0.15387   0.23719   0.18931   1.80039   0.04641   0.04561   0.30292   0.47982   0.79858  
 28  0.0491   2348.369167  x:  0.39646   0.34161   0.46279   0.32063   0.14440   0.32139   0.00000   0.00733   0.02394   0.30298   0.15878   0.23497   0.18677   1.82338   0.04621   0.04509   0.30559   0.47311   0.81003  
 29  0.0215   2348.368201  x:  0.39582   0.34097   0.46266   0.32070   0.14379   0.32207   0.00000   0.00746   0.02404   0.30301   0.15875   0.23484   0.18681   1.82491   0.04662   0.04548   0.30523   0.47359   0.80512  
 30  0.0042   2348.368040  x:  0.39556   0.34071   0.46281   0.32028   0.14374   0.32239   0.00000   0.00747   0.02400   0.30335   0.15868   0.23498   0.18694   1.82486   0.04670   0.04517   0.30517   0.47346   0.80179  
 31  0.0020   2348.368013  x:  0.39540   0.34055   0.46276   0.32031   0.14384   0.32228   0.00000   0.00748   0.02400   0.30354   0.15865   0.23517   0.18687   1.82449   0.04675   0.04517   0.30525   0.47317   0.80245  
 32  0.0005   2348.368009  x:  0.39534   0.34049   0.46274   0.32038   0.14379   0.32224   0.00000   0.00747   0.02400   0.30358   0.15866   0.23522   0.18682   1.82459   0.04675   0.04516   0.30523   0.47329   0.80267  
 33  0.0002   2348.368009  x:  0.39535   0.34050   0.46275   0.32038   0.14381   0.32226   0.00000   0.00747   0.02400   0.30361   0.15866   0.23522   0.18682   1.82459   0.04674   0.04517   0.30523   0.47334   0.80269  
 34  0.0000   2348.368009  x:  0.39534   0.34049   0.46274   0.32038   0.14380   0.32226   0.00000   0.00747   0.02400   0.30361   0.15866   0.23521   0.18683   1.82461   0.04674   0.04518   0.30523   0.47331   0.80269  
 35  0.0000   2348.368009  x:  0.39534   0.34049   0.46273   0.32038   0.14381   0.32226   0.00000   0.00747   0.02400   0.30361   0.15866   0.23520   0.18683   1.82461   0.04674   0.04518   0.30523   0.47332   0.80269  
 36  0.0000   2348.368009  x:  0.39534   0.34049   0.46273   0.32038   0.14381   0.32226   0.00000   0.00747   0.02400   0.30361   0.15866   0.23520   0.18684   1.82461   0.04674   0.04518   0.30523   0.47332   0.80268  
 37  0.0000   2348.368009  x:  0.39534   0.34049   0.46273   0.32038   0.14381   0.32226   0.00000   0.00747   0.02400   0.30361   0.15866   0.23520   0.18683   1.82461   0.04674   0.04518   0.30523   0.47332   0.80269  
 38  0.0000   2348.368009  x:  0.39534   0.34049   0.46273   0.32038   0.14381   0.32226   0.00000   0.00747   0.02400   0.30361   0.15866   0.23520   0.18683   1.82461   0.04674   0.04518   0.30523   0.47332   0.80269  