

TREE # 1

  0  0.0000   2567.405801  x:  0.09160   0.01201   0.04794   0.08079   0.10779   0.07366   0.08487   0.02797   0.03989   0.04095   0.07981   0.06840   0.10483   0.10901   0.04781   0.05024   0.07046   0.09049   0.04392   0.09994   0.06534   0.08221   0.01740   0.04527   0.08179   0.02542   0.03975   0.02811   0.05190   0.09571   0.07361   0.08044   0.05113   0.03343   0.02479   0.01190   0.05931   0.58111   0.56915   0.44494  
  1 99.0000   2481.723989  x:  0.10866   0.04043   0.08449   0.04595   0.09212   0.04296   0.05401   0.01723   0.09570   0.08951   0.17947   0.03957   0.08560   0.16463   0.07906   0.00880   0.07364   0.05380   0.03820   0.07246   0.02795   0.03380   0.03806   0.12450   0.08277   0.15666   0.00000   0.09477   0.09682   0.08793   0.15378   0.09946   0.09873   0.09043   0.17020   0.12947   0.06695   0.56043   0.58269   0.44324  
  2 839.3749   2474.125088  x:  0.11005   0.03635   0.08475   0.03661   0.08829   0.03784   0.04820   0.02265   0.09574   0.09010   0.18674   0.03284   0.08142   0.17165   0.08099   0.00000   0.07458   0.04527   0.03817   0.06708   0.02122   0.02084   0.03251   0.12547   0.08283   0.15598   0.00000   0.09218   0.09790   0.08538   0.15992   0.10020   0.09907   0.08967   0.16868   0.12413   0.06560   0.55446   0.58603   0.44289  
  3 301.4954   2467.548163  x:  0.11174   0.03285   0.08496   0.02352   0.08337   0.03496   0.04193   0.01070   0.09637   0.09055   0.19654   0.02718   0.07605   0.18104   0.08359   0.00000   0.07608   0.03488   0.03782   0.06125   0.02957   0.00000   0.02782   0.12671   0.08279   0.15483   0.00000   0.08855   0.09912   0.08244   0.16784   0.10110   0.09954   0.08857   0.16587   0.11513   0.06463   0.54394   0.59163   0.44239  
  4 486.7325   2463.300559  x:  0.11445   0.03369   0.08596   0.00307   0.07709   0.03923   0.03907   0.02363   0.09890   0.09178   0.21530   0.03089   0.06848   0.19741   0.08718   0.00000   0.07904   0.02133   0.03720   0.05493   0.06309   0.00000   0.02891   0.13031   0.08281   0.15543   0.00000   0.08389   0.10159   0.07883   0.18230   0.10258   0.10152   0.08785   0.16246   0.09776   0.06541   0.51828   0.60470   0.44126  
  5 259.1232   2460.477345  x:  0.11805   0.03648   0.08864   0.03020   0.06951   0.03989   0.03575   0.03136   0.10218   0.09426   0.24309   0.03383   0.05815   0.22113   0.08944   0.00000   0.08350   0.01250   0.03790   0.04786   0.08711   0.00000   0.02973   0.13508   0.08300   0.15598   0.00000   0.07735   0.10495   0.07421   0.20512   0.10366   0.10442   0.08636   0.15664   0.06983   0.06674   0.47293   0.62729   0.43897  
  6 198.5505   2457.971317  x:  0.12087   0.03666   0.08832   0.03201   0.06370   0.03763   0.03872   0.03224   0.10477   0.09665   0.26875   0.03691   0.05250   0.24128   0.08771   0.00000   0.08648   0.04632   0.03921   0.05071   0.09136   0.00000   0.03456   0.13878   0.08325   0.15686   0.00000   0.07426   0.10735   0.07319   0.22458   0.10406   0.10714   0.08475   0.15104   0.04464   0.06994   0.41071   0.65700   0.43543  
  7 175.1903   2452.787145  x:  0.12073   0.03795   0.08077   0.02776   0.07045   0.04535   0.05231   0.02639   0.10284   0.09627   0.28915   0.05027   0.06317   0.25178   0.07741   0.00000   0.07698   0.03394   0.03654   0.07135   0.07572   0.00000   0.04620   0.13544   0.08286   0.15224   0.00000   0.07840   0.10431   0.08280   0.23513   0.10179   0.10864   0.07942   0.13797   0.04686   0.07997   0.26749   0.72166   0.42659  
  8 123.5174   2451.494962  x:  0.12001   0.03968   0.08551   0.02907   0.07146   0.04086   0.04085   0.02860   0.10165   0.09428   0.28083   0.04923   0.05814   0.24154   0.08338   0.00000   0.08337   0.03789   0.04228   0.05813   0.07961   0.00000   0.04022   0.13280   0.08223   0.15090   0.00000   0.08022   0.10336   0.08032   0.22530   0.10446   0.10990   0.08336   0.13932   0.05531   0.07439   0.22462   0.75125   0.42195  
  9 64.5077   2450.806136  x:  0.12119   0.03553   0.08875   0.02926   0.06831   0.04060   0.04494   0.02913   0.10410   0.09593   0.27367   0.04470   0.05492   0.23525   0.08614   0.00000   0.08221   0.03672   0.02844   0.05612   0.07764   0.00000   0.03775   0.13417   0.08312   0.15429   0.00000   0.08040   0.10520   0.07875   0.21812   0.10629   0.11143   0.08654   0.14538   0.04820   0.07192   0.21743   0.78490   0.41630  
 10 32.6847   2449.435111  x:  0.12480   0.02594   0.09228   0.02810   0.06272   0.04188   0.05199   0.02916   0.10892   0.10023   0.26182   0.03672   0.05229   0.22757   0.08869   0.00000   0.07798   0.03102   0.04285   0.05977   0.07023   0.00000   0.03519   0.13812   0.08473   0.16245   0.00000   0.07835   0.10909   0.07691   0.20688   0.10912   0.11416   0.08923   0.15730   0.03318   0.07188   0.21670   0.87220   0.40168  
 11 92.4645   2444.961734  x:  0.13575   0.01975   0.08508   0.02696   0.06351   0.03502   0.03081   0.03111   0.10595   0.10242   0.25117   0.03555   0.05683   0.24081   0.08486   0.00000   0.08449   0.03124   0.03930   0.06203   0.04863   0.00000   0.02324   0.13955   0.08362   0.16584   0.00000   0.05400   0.11012   0.07297   0.20175   0.11228   0.11380   0.06933   0.15758   0.05503   0.08701   0.25107   1.18779   0.34852  
 12 125.5096   2442.993102  x:  0.13111   0.03697   0.08413   0.02249   0.07260   0.03180   0.03573   0.02886   0.09879   0.09543   0.25381   0.03414   0.05816   0.24899   0.08683   0.00000   0.09030   0.02810   0.04016   0.04604   0.03141   0.00000   0.02736   0.13373   0.08211   0.15846   0.00000   0.07766   0.10628   0.07504   0.20787   0.11094   0.11119   0.07353   0.14636   0.05498   0.07498   0.27160   1.32433   0.32559  
 13 161.7958   2442.597636  x:  0.12209   0.03086   0.08679   0.02299   0.07284   0.03532   0.03293   0.02961   0.09830   0.09289   0.25971   0.03222   0.05577   0.24752   0.08995   0.00000   0.08808   0.02888   0.04009   0.05296   0.03001   0.00000   0.02393   0.13118   0.08223   0.15427   0.00000   0.08174   0.10334   0.07607   0.21412   0.10680   0.10899   0.08385   0.14250   0.05919   0.06583   0.27567   1.34626   0.32288  
 14 38.7899   2442.464744  x:  0.11797   0.02761   0.08850   0.02296   0.07127   0.03016   0.03595   0.02972   0.09915   0.09300   0.26350   0.03217   0.05592   0.24391   0.09073   0.00000   0.08605   0.02867   0.04051   0.05098   0.02958   0.00000   0.02684   0.13040   0.08276   0.15175   0.00000   0.07920   0.10242   0.07589   0.21722   0.10552   0.10742   0.08700   0.14082   0.06145   0.06618   0.27644   1.34850   0.32375  
 15 16.2472   2442.267742  x:  0.11578   0.02951   0.09060   0.02192   0.06871   0.03507   0.03489   0.02914   0.10110   0.09492   0.27075   0.03182   0.05580   0.23551   0.09046   0.00000   0.08366   0.02865   0.04057   0.04652   0.02435   0.00000   0.02725   0.13045   0.08305   0.14804   0.00000   0.07512   0.10308   0.07534   0.22195   0.10609   0.10572   0.08831   0.13956   0.06091   0.06967   0.27640   1.34327   0.32804  
 16 13.6930   2441.939358  x:  0.11978   0.03369   0.08920   0.02091   0.06864   0.02862   0.03209   0.02984   0.10114   0.09738   0.28031   0.02833   0.05644   0.22518   0.08936   0.00000   0.08335   0.02748   0.04003   0.05166   0.02064   0.00000   0.02249   0.13133   0.08244   0.14439   0.00000   0.07661   0.10560   0.07578   0.22729   0.10772   0.10528   0.08438   0.13922   0.05761   0.07041   0.27481   1.32728   0.33764  
 17 20.9230   2441.641474  x:  0.12597   0.02458   0.08434   0.02136   0.07034   0.03034   0.03341   0.03045   0.09799   0.09745   0.28450   0.02316   0.05761   0.22756   0.08970   0.00000   0.08591   0.02754   0.03998   0.04906   0.01707   0.00000   0.02356   0.13182   0.08263   0.14487   0.00000   0.07850   0.10618   0.07523   0.22921   0.10726   0.10683   0.07805   0.13958   0.05817   0.06666   0.27214   1.30878   0.34727  
 18 24.3524   2441.520634  x:  0.12641   0.02289   0.08416   0.02100   0.06959   0.02928   0.03323   0.03005   0.09696   0.09669   0.28283   0.02741   0.05710   0.23482   0.09003   0.00000   0.08362   0.02727   0.03998   0.04791   0.01411   0.00000   0.02095   0.13117   0.08321   0.14663   0.00000   0.07824   0.10501   0.07505   0.22773   0.10773   0.10815   0.07931   0.13978   0.05712   0.06656   0.27083   1.29959   0.35134  
 19 20.0943   2441.428972  x:  0.12590   0.02303   0.08461   0.02081   0.06877   0.02849   0.03266   0.03012   0.09627   0.09588   0.28029   0.02728   0.05694   0.24277   0.08993   0.00549   0.08053   0.02727   0.03993   0.04746   0.01221   0.00000   0.01979   0.13020   0.08375   0.14811   0.00000   0.07758   0.10372   0.07511   0.22595   0.10835   0.10904   0.08100   0.13947   0.05656   0.06749   0.26943   1.29119   0.35488  
 20 47.1223   2441.364607  x:  0.12452   0.02494   0.08588   0.02063   0.06823   0.02811   0.03148   0.03039   0.09657   0.09576   0.27746   0.02421   0.05712   0.24872   0.09037   0.00474   0.07927   0.02716   0.03977   0.04852   0.01124   0.00000   0.02150   0.12915   0.08436   0.14907   0.00000   0.07615   0.10306   0.07494   0.22454   0.10878   0.10911   0.08239   0.13855   0.05626   0.06822   0.26840   1.28611   0.35678  
 21 28.5110   2441.343745  x:  0.12301   0.02544   0.08677   0.02051   0.06838   0.02828   0.03298   0.03042   0.09813   0.09758   0.27581   0.02354   0.05745   0.25080   0.09073   0.00486   0.08077   0.02712   0.03992   0.04872   0.01104   0.00000   0.01992   0.12877   0.08426   0.14928   0.00000   0.07584   0.10422   0.07476   0.22485   0.10859   0.10787   0.08198   0.13756   0.05674   0.06837   0.26797   1.28455   0.35693  
 22  6.7992   2441.325078  x:  0.12185   0.02491   0.08727   0.02030   0.06863   0.02801   0.03169   0.03032   0.09946   0.09967   0.27386   0.02451   0.05782   0.25174   0.09082   0.00568   0.08178   0.02683   0.03976   0.04893   0.01053   0.00000   0.02096   0.12872   0.08425   0.14953   0.00000   0.07622   0.10575   0.07474   0.22556   0.10814   0.10641   0.08149   0.13663   0.05605   0.06785   0.26769   1.28331   0.35658  
 23  6.4746   2441.203153  x:  0.12373   0.02525   0.08462   0.02029   0.06668   0.02787   0.03087   0.03074   0.09761   0.10275   0.26473   0.02328   0.05692   0.25090   0.08884   0.00408   0.07628   0.02733   0.03983   0.04678   0.01211   0.00000   0.01972   0.12945   0.08550   0.15066   0.00000   0.07702   0.10803   0.07559   0.23459   0.10527   0.10323   0.08124   0.13215   0.05629   0.06700   0.26645   1.27898   0.34964  
 24  2.9495   2440.865208  x:  0.13010   0.02672   0.08460   0.01882   0.06373   0.02827   0.03310   0.02990   0.09291   0.09857   0.25028   0.02519   0.05257   0.24797   0.09141   0.00564   0.08375   0.02513   0.03980   0.04971   0.01068   0.00000   0.02171   0.12991   0.08374   0.14861   0.00000   0.07131   0.10431   0.07214   0.25014   0.10467   0.10420   0.08414   0.12506   0.05478   0.06661   0.26427   1.26668   0.33030  
 25 13.4818   2440.112415  x:  0.12939   0.01969   0.08949   0.01808   0.07102   0.02781   0.02905   0.03050   0.09715   0.08945   0.24490   0.02258   0.06409   0.24611   0.09407   0.00187   0.08701   0.02368   0.03869   0.04637   0.01448   0.00000   0.01750   0.12312   0.08343   0.13555   0.00000   0.07101   0.09620   0.07623   0.25634   0.10876   0.10934   0.08080   0.11857   0.04597   0.07352   0.26173   1.24350   0.28943  
 26 20.5355   2439.363883  x:  0.12603   0.01989   0.08834   0.01773   0.06977   0.02797   0.02947   0.03044   0.09649   0.08841   0.24949   0.02254   0.05821   0.24697   0.09111   0.00000   0.08554   0.02260   0.03877   0.04619   0.01594   0.00000   0.01833   0.11948   0.08361   0.12495   0.00000   0.06847   0.09769   0.07480   0.24775   0.11135   0.10931   0.07437   0.11439   0.04506   0.06881   0.26054   1.22983   0.26677  
 27 38.6148   2439.006647  x:  0.12709   0.01912   0.08092   0.01805   0.06636   0.02805   0.02840   0.03062   0.08857   0.09210   0.25653   0.02104   0.05764   0.24742   0.09332   0.00000   0.09046   0.02147   0.03833   0.04549   0.01747   0.00000   0.01785   0.12217   0.08101   0.12044   0.00000   0.06926   0.09991   0.07580   0.23367   0.10543   0.10145   0.08189   0.10612   0.04293   0.07520   0.25998   1.22237   0.26099  
 28 22.7678   2438.813415  x:  0.13416   0.02135   0.08345   0.01755   0.06759   0.02793   0.02857   0.03035   0.09130   0.09238   0.26000   0.02161   0.06099   0.24674   0.09596   0.00000   0.08935   0.02115   0.03835   0.04467   0.01760   0.00000   0.01720   0.12301   0.08452   0.12236   0.00000   0.06501   0.09632   0.07559   0.22770   0.09988   0.09699   0.08248   0.09826   0.04234   0.06945   0.26007   1.22270   0.27616  
 29 11.9470   2438.492072  x:  0.13582   0.01805   0.08999   0.01730   0.06619   0.02839   0.02825   0.03042   0.09162   0.08898   0.25717   0.02146   0.05508   0.24569   0.09176   0.00000   0.08888   0.02051   0.03813   0.04456   0.01937   0.00000   0.01800   0.11589   0.08012   0.11824   0.00000   0.06949   0.09564   0.07346   0.22671   0.10095   0.09623   0.07895   0.09114   0.04251   0.07341   0.26083   1.22918   0.32546  
 30 17.1358   2438.255868  x:  0.12828   0.01969   0.08310   0.01701   0.06718   0.02842   0.02815   0.03021   0.08688   0.08862   0.25249   0.02160   0.05747   0.24581   0.09319   0.00000   0.09022   0.01986   0.03790   0.04335   0.02033   0.00000   0.01766   0.11359   0.08161   0.10989   0.00000   0.06485   0.09755   0.07596   0.22965   0.10408   0.09931   0.07819   0.09598   0.04020   0.07019   0.26080   1.23481   0.36553  
 31 30.8131   2438.245265  x:  0.12681   0.01972   0.08145   0.01706   0.06756   0.02841   0.02808   0.03023   0.08803   0.08784   0.25196   0.02157   0.05674   0.24563   0.09409   0.00000   0.08996   0.01985   0.03788   0.04341   0.02030   0.00000   0.01763   0.11584   0.08225   0.10960   0.00000   0.06536   0.09653   0.07505   0.22961   0.10460   0.09939   0.07743   0.09534   0.04013   0.07070   0.26076   1.23501   0.36736  
 32  5.1980   2438.242810  x:  0.12625   0.01969   0.08189   0.01704   0.06742   0.02842   0.02810   0.03022   0.08748   0.08780   0.25194   0.02157   0.05686   0.24550   0.09431   0.00000   0.08982   0.01985   0.03787   0.04339   0.02030   0.00000   0.01761   0.11670   0.08155   0.11010   0.00000   0.06521   0.09643   0.07573   0.22945   0.10509   0.09954   0.07694   0.09485   0.04009   0.07044   0.26074   1.23489   0.36748  
 33  0.7677   2438.169494  x:  0.12383   0.01887   0.08343   0.01644   0.07006   0.02860   0.02861   0.02985   0.08396   0.08792   0.25129   0.02179   0.05749   0.24410   0.09138   0.00000   0.08943   0.01927   0.03797   0.04424   0.02041   0.00000   0.01719   0.11709   0.08586   0.11320   0.00000   0.06454   0.09904   0.07221   0.22506   0.10757   0.10139   0.07717   0.09257   0.03974   0.07030   0.25982   1.22944   0.36720  
 34  0.4035   2437.807053  x:  0.12265   0.01861   0.07855   0.01448   0.06640   0.02934   0.03061   0.02881   0.09069   0.08637   0.24451   0.02328   0.05515   0.24170   0.08701   0.00000   0.08546   0.01680   0.03869   0.04672   0.02017   0.00000   0.01816   0.11280   0.08236   0.11424   0.00000   0.06203   0.09996   0.07478   0.20378   0.10757   0.10198   0.07527   0.09433   0.04000   0.06639   0.25487   1.20262   0.36536  
 35  8.8460   2437.753178  x:  0.12392   0.01848   0.08145   0.01415   0.06670   0.02970   0.03123   0.02859   0.08858   0.08894   0.24306   0.02383   0.05430   0.24245   0.09019   0.00000   0.08312   0.01670   0.03882   0.04781   0.02007   0.00000   0.01858   0.11390   0.08305   0.11015   0.00000   0.06283   0.09839   0.07392   0.20086   0.10670   0.10030   0.07306   0.09696   0.04037   0.06694   0.25406   1.19859   0.36505  
 36 11.4090   2437.752494  x:  0.12408   0.01843   0.08169   0.01413   0.06694   0.02969   0.03125   0.02858   0.08866   0.08878   0.24296   0.02380   0.05412   0.24255   0.08973   0.00000   0.08323   0.01669   0.03882   0.04777   0.02008   0.00000   0.01858   0.11440   0.08320   0.10977   0.00000   0.06275   0.09849   0.07426   0.20081   0.10667   0.10016   0.07326   0.09707   0.04039   0.06691   0.25404   1.19852   0.36505  
 37  1.2402   2437.752300  x:  0.12413   0.01843   0.08175   0.01413   0.06672   0.02970   0.03125   0.02859   0.08869   0.08866   0.24293   0.02381   0.05436   0.24259   0.08963   0.00000   0.08323   0.01670   0.03883   0.04778   0.02010   0.00000   0.01857   0.11456   0.08314   0.10961   0.00000   0.06280   0.09860   0.07408   0.20079   0.10671   0.10013   0.07329   0.09708   0.04043   0.06683   0.25403   1.19844   0.36504  
 38  0.2522   2437.731467  x:  0.12458   0.01898   0.08184   0.01362   0.06824   0.02948   0.03111   0.02854   0.08918   0.08844   0.24271   0.02381   0.05328   0.24208   0.09033   0.00000   0.08237   0.01830   0.03894   0.04729   0.02039   0.00000   0.01861   0.11423   0.08155   0.10897   0.00000   0.06208   0.09967   0.07298   0.20027   0.10751   0.10029   0.07355   0.09691   0.04049   0.06605   0.25396   1.18739   0.36287  
 39  0.1166   2437.718695  x:  0.12417   0.01938   0.08230   0.01333   0.06639   0.02939   0.03084   0.02854   0.08909   0.08823   0.24260   0.02388   0.05262   0.24158   0.09013   0.00000   0.08332   0.01912   0.03899   0.04711   0.02059   0.00000   0.01856   0.11373   0.08347   0.10908   0.00000   0.06256   0.09892   0.07393   0.19992   0.10748   0.10030   0.07260   0.09706   0.04061   0.06587   0.25391   1.18063   0.36155  
 40  7.3986   2437.718415  x:  0.12401   0.01943   0.08232   0.01330   0.06642   0.02937   0.03081   0.02854   0.08902   0.08838   0.24260   0.02385   0.05264   0.24154   0.08982   0.00000   0.08339   0.01912   0.03899   0.04707   0.02061   0.00000   0.01853   0.11377   0.08332   0.10916   0.00000   0.06254   0.09857   0.07376   0.19992   0.10724   0.10030   0.07255   0.09721   0.04054   0.06582   0.25389   1.18048   0.36152  
 41  0.8478   2437.718304  x:  0.12394   0.01948   0.08238   0.01328   0.06643   0.02937   0.03080   0.02854   0.08901   0.08827   0.24258   0.02386   0.05263   0.24152   0.08987   0.00000   0.08338   0.01912   0.03899   0.04707   0.02060   0.00000   0.01852   0.11380   0.08331   0.10914   0.00000   0.06254   0.09872   0.07376   0.19994   0.10692   0.10049   0.07247   0.09720   0.04052   0.06587   0.25388   1.18030   0.36149  
 42  0.0401   2437.712687  x:  0.12403   0.01986   0.08217   0.01258   0.06659   0.02936   0.03090   0.02845   0.08917   0.08894   0.24236   0.02397   0.05320   0.24098   0.08951   0.00000   0.08313   0.01910   0.03905   0.04715   0.02038   0.00000   0.01869   0.11358   0.08318   0.10829   0.00000   0.06309   0.09820   0.07419   0.20175   0.10697   0.10108   0.07285   0.09642   0.04071   0.06611   0.25371   1.17123   0.36008  
 43  0.1942   2437.711328  x:  0.12383   0.02001   0.08217   0.01240   0.06679   0.02935   0.03092   0.02842   0.08900   0.08823   0.24237   0.02401   0.05332   0.24083   0.08950   0.00000   0.08305   0.01908   0.03905   0.04718   0.02031   0.00000   0.01869   0.11339   0.08312   0.10852   0.00000   0.06312   0.09827   0.07417   0.20229   0.10694   0.10006   0.07267   0.09676   0.04063   0.06622   0.25362   1.16902   0.35972  
 44  2.5044   2437.709962  x:  0.12379   0.01978   0.08215   0.01235   0.06684   0.02930   0.03081   0.02853   0.08901   0.08819   0.24254   0.02379   0.05337   0.24044   0.08984   0.00000   0.08320   0.01894   0.03905   0.04695   0.02038   0.00000   0.01869   0.11352   0.08312   0.10872   0.00000   0.06320   0.09827   0.07412   0.20223   0.10690   0.10016   0.07285   0.09711   0.04087   0.06597   0.25413   1.16134   0.35910  
 45  0.0091   2437.709714  x:  0.12370   0.01985   0.08204   0.01247   0.06688   0.02937   0.03082   0.02860   0.08893   0.08821   0.24257   0.02383   0.05346   0.24060   0.08974   0.00000   0.08322   0.01896   0.03900   0.04703   0.02032   0.00000   0.01869   0.11354   0.08312   0.10871   0.00000   0.06323   0.09825   0.07419   0.20197   0.10685   0.10007   0.07286   0.09705   0.04092   0.06609   0.25441   1.15932   0.35930  
 46  0.0022   2437.709695  x:  0.12373   0.01986   0.08207   0.01247   0.06687   0.02937   0.03083   0.02863   0.08895   0.08820   0.24254   0.02385   0.05343   0.24064   0.08973   0.00000   0.08322   0.01894   0.03900   0.04705   0.02035   0.00000   0.01870   0.11353   0.08313   0.10870   0.00000   0.06320   0.09826   0.07417   0.20203   0.10686   0.10009   0.07282   0.09702   0.04090   0.06608   0.25445   1.15883   0.35945  
 47  0.0006   2437.709692  x:  0.12372   0.01986   0.08208   0.01247   0.06687   0.02936   0.03083   0.02864   0.08895   0.08820   0.24251   0.02387   0.05342   0.24066   0.08973   0.00000   0.08321   0.01894   0.03901   0.04705   0.02033   0.00000   0.01870   0.11352   0.08313   0.10871   0.00000   0.06320   0.09826   0.07417   0.20203   0.10686   0.10008   0.07283   0.09701   0.04091   0.06607   0.25445   1.15888   0.35960  
 48  0.0002   2437.709691  x:  0.12372   0.01986   0.08208   0.01246   0.06687   0.02936   0.03083   0.02865   0.08895   0.08820   0.24253   0.02386   0.05342   0.24066   0.08973   0.00000   0.08321   0.01895   0.03901   0.04705   0.02034   0.00000   0.01870   0.11352   0.08313   0.10871   0.00000   0.06320   0.09825   0.07417   0.20202   0.10686   0.10009   0.07283   0.09702   0.04091   0.06607   0.25444   1.15896   0.35963  
 49  0.0001   2437.709691  x:  0.12372   0.01986   0.08208   0.01246   0.06687   0.02936   0.03083   0.02865   0.08895   0.08820   0.24253   0.02386   0.05342   0.24065   0.08973   0.00000   0.08321   0.01895   0.03901   0.04705   0.02034   0.00000   0.01870   0.11352   0.08313   0.10871   0.00000   0.06321   0.09825   0.07417   0.20202   0.10686   0.10008   0.07283   0.09702   0.04090   0.06607   0.25444   1.15896   0.35962  
 50  0.0000   2437.709691  x:  0.12372   0.01986   0.08208   0.01246   0.06687   0.02936   0.03083   0.02866   0.08895   0.08820   0.24253   0.02386   0.05342   0.24065   0.08973   0.00000   0.08321   0.01895   0.03901   0.04705   0.02034   0.00000   0.01870   0.11352   0.08313   0.10871   0.00000   0.06320   0.09825   0.07417   0.20202   0.10686   0.10008   0.07283   0.09702   0.04091   0.06607   0.25444   1.15897   0.35961  
 51  0.0000   2437.709691  x:  0.12372   0.01986   0.08208   0.01246   0.06687   0.02936   0.03083   0.02866   0.08895   0.08820   0.24253   0.02386   0.05342   0.24065   0.08973   0.00000   0.08321   0.01895   0.03901   0.04705   0.02034   0.00000   0.01870   0.11352   0.08313   0.10871   0.00000   0.06320   0.09825   0.07417   0.20202   0.10686   0.10008   0.07283   0.09702   0.04091   0.06607   0.25444   1.15897   0.35961  
 52  0.0000   2437.709691  x:  0.12372   0.01986   0.08208   0.01246   0.06687   0.02936   0.03083   0.02866   0.08895   0.08820   0.24253   0.02386   0.05342   0.24065   0.08973   0.00000   0.08321   0.01895   0.03901   0.04705   0.02034   0.00000   0.01870   0.11352   0.08313   0.10871   0.00000   0.06320   0.09825   0.07417   0.20202   0.10686   0.10008   0.07283   0.09702   0.04091   0.06607   0.25444   1.15897   0.35960  