

TREE # 1

  0  0.0000   6566.382148  x:  0.02790   0.04709   0.10116   0.05659   0.10808   0.10631   0.02270   0.10724   0.05720   0.04796   0.02694   0.02917   0.06522   0.01366   0.01811   0.03984   0.05364   0.02225   0.10908   0.01608   0.04638   0.04616   0.10504   0.04052   0.10495   0.05563   0.07583   0.08071   0.04529   0.05426   0.02143   0.06194   0.02818   0.10430   0.01049   0.06963   0.09074   0.01512   0.04647   0.09221   0.06090   0.04328   0.09107   0.09053   0.07220   0.02770   0.04969   0.05465   0.07115   0.05834   0.09865   0.08393   0.08413   0.05169   0.10867   0.10144   0.55242   0.54361   0.56914  
  1 99.0000   5424.966248  x:  0.04484   0.09095   0.27266   0.18739   0.14251   0.17680   0.13307   0.16083   0.10698   0.10005   0.26257   0.00530   0.04314   0.07157   0.35906   0.11844   0.16041   1.06195   0.14510   0.50728   0.40276   0.02949   0.09412   0.03052   0.08498   0.04266   0.09542   0.09765   0.07598   0.15469   0.09951   0.05291   0.12466   0.11613   0.28911   0.09970   0.11757   0.00000   0.06781   0.07507   0.04490   0.08841   0.09338   0.11311   0.05831   0.02980   0.03108   0.02761   0.05576   0.03448   0.07214   0.05811   0.05598   0.02334   0.08053   0.07525   0.55098   0.55217   0.56961  
  2 6734.4176   5408.849505  x:  0.04560   0.09282   0.28205   0.19228   0.14396   0.18233   0.13369   0.16614   0.10987   0.10172   0.26280   0.00000   0.03876   0.06914   0.35715   0.11907   0.16091   1.06100   0.14355   0.50427   0.40731   0.02455   0.09257   0.02854   0.07998   0.04071   0.09737   0.09841   0.07652   0.15806   0.09818   0.04948   0.12455   0.11753   0.28545   0.10257   0.12065   0.00000   0.06911   0.07196   0.04243   0.09043   0.09342   0.11583   0.05593   0.03028   0.02878   0.02284   0.05326   0.03060   0.06706   0.05300   0.05026   0.01759   0.07482   0.07008   0.54964   0.55360   0.56976  
  3 639.6990   5388.316934  x:  0.04362   0.09126   0.28718   0.19398   0.14343   0.18610   0.13346   0.16549   0.10821   0.10178   0.26449   0.00000   0.03084   0.06405   0.35403   0.12051   0.16075   1.06361   0.13860   0.49785   0.41840   0.00970   0.09111   0.03422   0.06430   0.04265   0.09611   0.09644   0.07472   0.15973   0.09678   0.04472   0.12501   0.11762   0.27764   0.10142   0.11953   0.00000   0.06672   0.06732   0.04277   0.08841   0.09344   0.11469   0.05587   0.03077   0.03809   0.02415   0.05248   0.03411   0.05601   0.03782   0.03276   0.00000   0.05736   0.05635   0.54739   0.55687   0.57051  
  4 736.4252   5379.236215  x:  0.04306   0.09042   0.28628   0.19325   0.14267   0.18613   0.13318   0.16414   0.10758   0.10132   0.26550   0.00000   0.02902   0.06195   0.35266   0.12102   0.16008   1.06591   0.13554   0.49412   0.42343   0.00000   0.09080   0.03332   0.05416   0.04314   0.09557   0.09587   0.07461   0.15948   0.09674   0.04409   0.12528   0.11724   0.27377   0.10134   0.11876   0.00000   0.06715   0.06635   0.04339   0.08820   0.09346   0.11422   0.05689   0.03103   0.03456   0.02522   0.05239   0.03479   0.05177   0.02877   0.02162   0.00000   0.04625   0.04925   0.54694   0.55847   0.57113  
  5 1630.1391   5366.426387  x:  0.04376   0.09121   0.28398   0.19238   0.14194   0.18544   0.13304   0.16426   0.10906   0.10107   0.26683   0.00000   0.03126   0.06043   0.35096   0.12124   0.15816   1.07027   0.13035   0.48720   0.42862   0.00000   0.09146   0.03175   0.03388   0.04393   0.09559   0.09657   0.07585   0.15908   0.09734   0.04614   0.12547   0.11700   0.26850   0.10290   0.11912   0.00000   0.06721   0.06730   0.04310   0.08918   0.09347   0.11548   0.05833   0.03223   0.03695   0.02428   0.05086   0.03317   0.05065   0.01309   0.00000   0.00000   0.02471   0.04125   0.54808   0.56040   0.57288  
  6 2027.8414   5358.352124  x:  0.04332   0.09187   0.28494   0.19275   0.14188   0.18605   0.13310   0.16461   0.10897   0.10126   0.26740   0.00000   0.03186   0.06027   0.35003   0.12123   0.15663   1.07391   0.12655   0.48120   0.43088   0.00000   0.09199   0.03332   0.01486   0.04358   0.09568   0.09613   0.07550   0.15956   0.09712   0.04722   0.12550   0.11708   0.26516   0.10243   0.11864   0.00000   0.06679   0.06779   0.04284   0.08829   0.09343   0.11574   0.05895   0.03143   0.03613   0.02416   0.04921   0.03391   0.05196   0.00000   0.00000   0.00000   0.00456   0.03922   0.54980   0.56141   0.57476  
  7 2662.1034   5356.907195  x:  0.04320   0.09195   0.28517   0.19281   0.14188   0.18620   0.13311   0.16464   0.10891   0.10128   0.26750   0.00000   0.03187   0.06026   0.34985   0.12123   0.15631   1.07470   0.12576   0.47989   0.43134   0.00000   0.09206   0.03351   0.01058   0.04351   0.09569   0.09601   0.07544   0.15967   0.09703   0.04739   0.12551   0.11709   0.26448   0.10237   0.11851   0.00000   0.06675   0.06783   0.04282   0.08816   0.09343   0.11578   0.05913   0.03175   0.03599   0.02420   0.04890   0.03408   0.05219   0.00000   0.00000   0.00000   0.00000   0.03895   0.55018   0.56160   0.57519  
  8 24521.8128   5355.018791  x:  0.04298   0.09192   0.28557   0.19284   0.14187   0.18652   0.13310   0.16455   0.10871   0.10124   0.26762   0.00000   0.03151   0.06023   0.34951   0.12125   0.15568   1.07652   0.12412   0.47686   0.43233   0.00000   0.09204   0.03317   0.00000   0.04347   0.09572   0.09579   0.07537   0.15982   0.09679   0.04741   0.12553   0.11705   0.26313   0.10241   0.11839   0.00000   0.06685   0.06770   0.04290   0.08824   0.09342   0.11571   0.05927   0.03135   0.03610   0.02434   0.04890   0.03420   0.05234   0.00000   0.00000   0.00000   0.00000   0.03887   0.55097   0.56195   0.57631  
  9 4814.3029   5338.124608  x:  0.05205   0.09255   0.27515   0.19543   0.13555   0.19052   0.13244   0.17437   0.12262   0.09646   0.26559   0.00000   0.02549   0.05486   0.33564   0.12581   0.12822   1.16717   0.05727   0.31471   0.48970   0.00000   0.09895   0.06879   0.00000   0.05884   0.09284   0.10487   0.06308   0.15093   0.10390   0.02828   0.12786   0.11567   0.21758   0.09960   0.14093   0.00000   0.04139   0.05798   0.03470   0.07116   0.09292   0.10666   0.01742   0.03723   0.01668   0.00876   0.08568   0.02430   0.02876   0.00000   0.00000   0.00000   0.00000   0.04107   0.56663   0.57115   0.65347  
 10 361.2757   5332.902905  x:  0.06020   0.09560   0.27090   0.20224   0.13227   0.19262   0.13237   0.18469   0.13363   0.09646   0.26119   0.00000   0.02700   0.05000   0.33007   0.12895   0.12279   1.19740   0.04366   0.24955   0.51456   0.00000   0.10200   0.09739   0.00000   0.06086   0.09355   0.11301   0.05765   0.14715   0.11399   0.01721   0.12867   0.11714   0.21105   0.09906   0.15430   0.00000   0.05374   0.05352   0.02903   0.06760   0.09277   0.10708   0.04480   0.03479   0.01003   0.01350   0.10035   0.02032   0.01227   0.00000   0.00000   0.00000   0.00000   0.03961   0.55948   0.57155   0.69297  
 11 294.6082   5327.590942  x:  0.06483   0.09448   0.26696   0.21099   0.12552   0.19511   0.13044   0.18735   0.13716   0.09703   0.25450   0.00000   0.02040   0.03550   0.32086   0.13460   0.13086   1.21499   0.05626   0.19227   0.55164   0.00000   0.09896   0.12189   0.00000   0.04489   0.09673   0.11764   0.05675   0.14568   0.13221   0.02004   0.12977   0.11890   0.21801   0.10073   0.15731   0.00000   0.07837   0.04725   0.03695   0.08046   0.09307   0.11142   0.03621   0.03434   0.00729   0.01964   0.10751   0.03322   0.03401   0.00000   0.00000   0.00000   0.00000   0.01136   0.52593   0.57081   0.74593  
 12 151.5060   5323.985629  x:  0.06074   0.09514   0.26722   0.21343   0.12082   0.19431   0.12896   0.18131   0.13094   0.09866   0.25429   0.00000   0.02486   0.02970   0.31217   0.13708   0.13682   1.21878   0.07335   0.17132   0.57680   0.00000   0.09582   0.12384   0.00000   0.02270   0.09983   0.11355   0.05928   0.14808   0.14272   0.03173   0.12970   0.11902   0.22251   0.09890   0.14493   0.00000   0.07333   0.05430   0.03790   0.07405   0.09335   0.11508   0.03472   0.03016   0.00822   0.01290   0.09228   0.03006   0.02029   0.00000   0.00000   0.00000   0.00000   0.00328   0.49917   0.57288   0.78531  
 13 121.0416   5322.463318  x:  0.05880   0.09678   0.26523   0.21465   0.11643   0.19332   0.12779   0.17777   0.12919   0.09989   0.25738   0.00000   0.02818   0.02085   0.30263   0.13984   0.14082   1.21895   0.08350   0.16006   0.60487   0.00000   0.09389   0.12667   0.00000   0.01848   0.10102   0.11162   0.06225   0.14932   0.15126   0.03919   0.13003   0.11908   0.21882   0.09951   0.13667   0.00000   0.07101   0.05816   0.03884   0.07404   0.09365   0.11953   0.03308   0.02684   0.00729   0.01109   0.07622   0.02983   0.01446   0.00000   0.00000   0.00000   0.00000   0.01259   0.47685   0.57830   0.81135  
 14 296.2471   5320.615870  x:  0.05582   0.09989   0.26778   0.21554   0.11435   0.19322   0.12766   0.17562   0.12732   0.10177   0.26218   0.00000   0.03016   0.02172   0.29283   0.14193   0.14271   1.21408   0.09732   0.15873   0.63111   0.00000   0.09166   0.12331   0.00000   0.03714   0.10150   0.10863   0.06264   0.15053   0.15681   0.03789   0.12978   0.11910   0.21494   0.09844   0.12951   0.00000   0.06278   0.06198   0.03556   0.07130   0.09395   0.12086   0.03448   0.02321   0.00448   0.01419   0.05733   0.02466   0.01725   0.00000   0.00000   0.00000   0.00000   0.01078   0.45749   0.58468   0.84295  
 15 160.7574   5318.962427  x:  0.05504   0.10622   0.26505   0.21474   0.11326   0.18975   0.12888   0.17874   0.13014   0.10281   0.27198   0.00000   0.03205   0.02838   0.28240   0.14350   0.13614   1.20517   0.10512   0.17013   0.66046   0.00000   0.09576   0.11459   0.00000   0.03470   0.10006   0.10786   0.05324   0.14617   0.16212   0.02520   0.12979   0.11927   0.20320   0.08796   0.13088   0.00000   0.07047   0.06483   0.03008   0.06179   0.09387   0.11509   0.03158   0.02253   0.00693   0.01532   0.04303   0.02595   0.02117   0.00000   0.00000   0.00000   0.00000   0.01105   0.44868   0.59587   0.87571  
 16 96.9462   5316.924513  x:  0.05397   0.11424   0.26688   0.21285   0.11634   0.18770   0.13154   0.18303   0.13155   0.10280   0.28735   0.00000   0.03505   0.03523   0.27018   0.14333   0.12045   1.18604   0.11288   0.19949   0.69744   0.00000   0.10348   0.11658   0.00000   0.02659   0.09401   0.10679   0.05317   0.14462   0.16512   0.01884   0.13004   0.11987   0.18391   0.08753   0.13509   0.00000   0.06177   0.06676   0.03497   0.07643   0.09392   0.11014   0.03650   0.02207   0.00479   0.01097   0.04501   0.03918   0.02103   0.00000   0.00000   0.00000   0.00000   0.00997   0.45522   0.61488   0.92502  
 17 96.9922   5315.220095  x:  0.05330   0.11807   0.27201   0.21381   0.11989   0.18978   0.13347   0.18640   0.13058   0.10175   0.29977   0.00000   0.03434   0.02977   0.26396   0.14231   0.10288   1.16639   0.11508   0.22877   0.72791   0.00000   0.10875   0.12138   0.00000   0.02732   0.09657   0.10612   0.06031   0.14809   0.16721   0.03548   0.13108   0.12085   0.16966   0.09346   0.13809   0.00000   0.07000   0.06558   0.03678   0.06739   0.09356   0.11330   0.03132   0.02243   0.00452   0.02393   0.05652   0.03974   0.01638   0.00000   0.00000   0.00000   0.00000   0.00964   0.46978   0.63389   0.97523  
 18 104.3707   5313.900417  x:  0.05198   0.11168   0.27002   0.21343   0.11863   0.19283   0.13235   0.18158   0.12675   0.09947   0.30419   0.00000   0.02793   0.01574   0.26740   0.14273   0.09419   1.15608   0.10981   0.24273   0.74459   0.00000   0.10697   0.12586   0.00000   0.03041   0.10081   0.10480   0.05985   0.14965   0.16677   0.03965   0.13235   0.11917   0.16665   0.09044   0.13521   0.00000   0.07457   0.06078   0.03563   0.06455   0.09335   0.11606   0.03656   0.02252   0.00490   0.00978   0.06140   0.03150   0.02244   0.00000   0.00000   0.00000   0.00000   0.00973   0.47826   0.64591   1.01207  
 19 67.5275   5311.760269  x:  0.05360   0.09804   0.26390   0.21462   0.11289   0.20102   0.12897   0.17414   0.12737   0.09990   0.30716   0.00000   0.02356   0.01021   0.28197   0.14566   0.08898   1.14145   0.09007   0.25281   0.76467   0.00000   0.09845   0.13539   0.00000   0.02664   0.10503   0.10643   0.05742   0.15068   0.16332   0.03712   0.13365   0.11596   0.16914   0.08693   0.12955   0.00000   0.07213   0.05490   0.03033   0.08165   0.09332   0.12289   0.03371   0.02248   0.00581   0.02011   0.04997   0.01539   0.02158   0.00000   0.00000   0.00000   0.00000   0.00888   0.48840   0.66477   1.08323  
 20 75.0290   5308.122280  x:  0.06037   0.07998   0.25842   0.21771   0.10369   0.21467   0.12355   0.16569   0.13449   0.10269   0.30811   0.00000   0.02193   0.02015   0.30831   0.15135   0.09760   1.11925   0.05269   0.25696   0.79634   0.00000   0.07839   0.13402   0.00000   0.03634   0.10727   0.11320   0.06604   0.15251   0.15516   0.03491   0.13475   0.11292   0.17717   0.10241   0.12453   0.00000   0.07393   0.04897   0.03195   0.08508   0.09351   0.13390   0.03244   0.02169   0.00785   0.01412   0.03314   0.03703   0.01231   0.00000   0.00000   0.00000   0.00000   0.00770   0.49477   0.69479   1.21588  
 21 160.7788   5303.230410  x:  0.06188   0.08268   0.27178   0.22092   0.10119   0.22376   0.12043   0.16303   0.13898   0.10320   0.30765   0.00000   0.02511   0.01725   0.32699   0.15476   0.13747   1.10025   0.00944   0.24865   0.84726   0.00000   0.06365   0.11694   0.00000   0.03286   0.09148   0.11473   0.07178   0.15477   0.14033   0.03107   0.13426   0.11515   0.17453   0.11953   0.12107   0.00000   0.04805   0.05325   0.04408   0.07566   0.09436   0.13084   0.04578   0.02468   0.01142   0.02472   0.05227   0.03704   0.02632   0.00000   0.00000   0.00000   0.00000   0.00880   0.47848   0.73092   1.39411  
 22 183.1687   5299.928723  x:  0.05564   0.09139   0.28060   0.21829   0.10681   0.22070   0.12247   0.16371   0.13308   0.10129   0.30597   0.00000   0.02702   0.01618   0.32728   0.15170   0.15867   1.09945   0.00000   0.24182   0.86067   0.00000   0.07358   0.11382   0.00000   0.04227   0.08654   0.10849   0.06866   0.15658   0.13168   0.03662   0.13312   0.11705   0.17031   0.11857   0.12022   0.00000   0.05254   0.05760   0.04744   0.08648   0.09465   0.12404   0.04452   0.02682   0.01340   0.02221   0.05673   0.03615   0.02067   0.00000   0.00000   0.00000   0.00000   0.00857   0.47322   0.74067   1.47012  
 23 180.8602   5296.967172  x:  0.04486   0.09257   0.27565   0.20356   0.12031   0.20490   0.13146   0.17017   0.12604   0.09813   0.30436   0.00000   0.01020   0.01761   0.30019   0.14316   0.17821   1.11756   0.01825   0.22937   0.87005   0.00000   0.07898   0.11276   0.00000   0.04325   0.10675   0.09771   0.07733   0.16135   0.12098   0.03718   0.13289   0.11515   0.15113   0.12658   0.13634   0.00000   0.04186   0.04242   0.04207   0.09005   0.09406   0.12989   0.04927   0.02723   0.01537   0.02457   0.05214   0.03854   0.02122   0.00000   0.00000   0.00000   0.00000   0.00844   0.47449   0.73926   1.57246  
 24 95.8190   5295.308536  x:  0.03854   0.08281   0.28122   0.19906   0.12685   0.20299   0.13510   0.16742   0.12096   0.09873   0.30420   0.00000   0.02707   0.01672   0.26855   0.14110   0.17562   1.13532   0.04062   0.22092   0.87344   0.00000   0.06380   0.11594   0.00000   0.04504   0.10153   0.09140   0.08557   0.16746   0.11242   0.02590   0.13404   0.11261   0.13591   0.13181   0.13650   0.00000   0.04653   0.03307   0.04288   0.09154   0.09402   0.13236   0.04723   0.02848   0.01618   0.02400   0.05415   0.03549   0.02068   0.00000   0.00000   0.00000   0.00000   0.00807   0.47915   0.72983   1.63865  
 25 97.3011   5293.411300  x:  0.04236   0.07582   0.28666   0.20395   0.12694   0.20843   0.13376   0.16388   0.12591   0.10098   0.30535   0.00000   0.01234   0.01983   0.22945   0.14566   0.15225   1.15509   0.06718   0.20916   0.87611   0.00000   0.05444   0.11607   0.00000   0.04836   0.08597   0.09522   0.08991   0.16888   0.10905   0.02593   0.13583   0.11232   0.12834   0.13420   0.13045   0.00000   0.04821   0.05083   0.04577   0.09420   0.09446   0.13060   0.04767   0.02989   0.01740   0.02234   0.05467   0.03182   0.01979   0.00000   0.00000   0.00000   0.00000   0.00818   0.48403   0.71190   1.70818  
 26 92.8924   5291.676493  x:  0.04647   0.07673   0.29714   0.21505   0.12027   0.22285   0.12638   0.15986   0.12923   0.09953   0.30641   0.00000   0.01592   0.01596   0.20446   0.15547   0.11346   1.16907   0.09087   0.19374   0.88191   0.00000   0.06942   0.10229   0.00000   0.05238   0.08960   0.09934   0.08585   0.16710   0.10867   0.02911   0.13603   0.11435   0.13275   0.13172   0.12140   0.00000   0.03922   0.03924   0.05035   0.09685   0.09477   0.12465   0.05014   0.03152   0.01900   0.02472   0.05558   0.03740   0.01846   0.00000   0.00000   0.00000   0.00000   0.00830   0.48398   0.68927   1.77457  
 27 80.6343   5289.522835  x:  0.03077   0.09759   0.30582   0.20923   0.11359   0.23506   0.12055   0.16421   0.11599   0.09291   0.31242   0.00000   0.01488   0.02879   0.22783   0.16178   0.06681   1.17058   0.11612   0.17019   0.90063   0.00000   0.06052   0.09904   0.00000   0.05368   0.09285   0.08364   0.08540   0.16916   0.10762   0.02789   0.12952   0.11554   0.12783   0.13318   0.12511   0.00000   0.03895   0.04155   0.05340   0.09864   0.09424   0.12958   0.05035   0.03315   0.01967   0.02333   0.05954   0.03544   0.01847   0.00000   0.00000   0.00000   0.00000   0.00888   0.47914   0.66018   1.85807  
 28 43.7258   5286.273563  x:  0.03325   0.09466   0.31990   0.19570   0.13471   0.25104   0.12882   0.16857   0.11739   0.09612   0.31621   0.00000   0.01320   0.00974   0.27255   0.15040   0.05289   1.16495   0.14763   0.14487   0.92102   0.00000   0.07141   0.08989   0.00000   0.05051   0.07574   0.08613   0.08899   0.17477   0.09394   0.02014   0.12971   0.11366   0.12115   0.13656   0.12021   0.00000   0.03630   0.04517   0.04650   0.09225   0.09462   0.12025   0.04945   0.03253   0.01898   0.02642   0.04379   0.04090   0.01951   0.00000   0.00000   0.00000   0.00000   0.00851   0.50371   0.62670   1.98579  
 29 58.6736   5281.854106  x:  0.03856   0.07068   0.34499   0.20460   0.15066   0.26654   0.13659   0.16021   0.12716   0.10761   0.32211   0.00000   0.01331   0.03874   0.29793   0.13728   0.07375   1.15259   0.16545   0.12036   0.95823   0.00000   0.06666   0.08483   0.00000   0.04707   0.09187   0.09145   0.07594   0.18010   0.07820   0.03779   0.13718   0.11515   0.10987   0.11949   0.10738   0.00000   0.03684   0.03898   0.04312   0.09016   0.09516   0.10558   0.05236   0.03490   0.01781   0.02177   0.04619   0.03476   0.02145   0.00000   0.00000   0.00000   0.00000   0.01084   0.53847   0.60128   2.17479  
 30 117.6969   5271.521684  x:  0.02301   0.06943   0.39725   0.26233   0.14506   0.25891   0.12428   0.15482   0.09932   0.09364   0.30627   0.00000   0.00872   0.03193   0.27787   0.11930   0.12224   1.14697   0.11716   0.11861   0.96977   0.00000   0.06042   0.06273   0.00000   0.04162   0.10033   0.07594   0.06408   0.19667   0.07311   0.01423   0.13846   0.11738   0.14660   0.09088   0.12586   0.00000   0.03460   0.04894   0.04766   0.08029   0.09215   0.14577   0.04794   0.03867   0.01574   0.02556   0.02850   0.04269   0.01877   0.00000   0.00000   0.00000   0.00000   0.01110   0.60887   0.59335   2.58161  
 31 137.0800   5267.508519  x:  0.01803   0.07261   0.40965   0.26308   0.13943   0.26066   0.12416   0.16473   0.09417   0.09639   0.29833   0.00000   0.00154   0.03236   0.26931   0.12743   0.13074   1.15128   0.09174   0.12904   0.95465   0.00000   0.05760   0.06283   0.00000   0.03676   0.09571   0.07096   0.06412   0.20031   0.07350   0.01410   0.13338   0.11613   0.14811   0.09934   0.11601   0.00000   0.03793   0.03629   0.03574   0.07848   0.09206   0.13681   0.04693   0.03918   0.01475   0.02407   0.02323   0.04139   0.02001   0.00000   0.00000   0.00000   0.00000   0.01103   0.60918   0.59881   2.69740  
 32 207.0750   5264.375173  x:  0.01291   0.06090   0.42343   0.25627   0.13665   0.27718   0.12803   0.17948   0.08501   0.09890   0.28533   0.00000   0.00339   0.02139   0.26012   0.14314   0.13589   1.15879   0.06545   0.14325   0.93512   0.00000   0.05051   0.05931   0.00000   0.03335   0.11274   0.06585   0.05472   0.20660   0.06858   0.01346   0.12857   0.11336   0.14478   0.10631   0.11800   0.00000   0.03839   0.04897   0.01653   0.08072   0.09201   0.12187   0.04604   0.04109   0.01396   0.02619   0.02379   0.05010   0.02042   0.00000   0.00000   0.00000   0.00000   0.01081   0.59961   0.60975   2.81370  
 33 288.8151   5262.440234  x:  0.01519   0.05433   0.43338   0.24340   0.13928   0.29605   0.13429   0.18641   0.08407   0.10280   0.27616   0.00000   0.00309   0.01509   0.25717   0.15282   0.13641   1.16736   0.04603   0.15664   0.91003   0.00000   0.04906   0.05962   0.00000   0.03219   0.12820   0.06814   0.04929   0.21365   0.06343   0.01020   0.12675   0.11139   0.13380   0.10327   0.12430   0.00000   0.04024   0.05537   0.03725   0.07791   0.09227   0.11680   0.04514   0.04179   0.01358   0.02710   0.01786   0.04849   0.01896   0.00000   0.00000   0.00000   0.00000   0.01051   0.58303   0.62269   2.89556  
 34 202.6364   5260.776794  x:  0.01940   0.05378   0.44143   0.23211   0.14669   0.32017   0.13880   0.17437   0.08801   0.10450   0.27349   0.00000   0.00183   0.01431   0.25760   0.15219   0.13469   1.17588   0.03416   0.16599   0.88332   0.00000   0.05139   0.05615   0.00000   0.03094   0.12794   0.07235   0.05147   0.22161   0.06191   0.01200   0.13156   0.11071   0.11847   0.08468   0.13176   0.00000   0.04061   0.05522   0.03054   0.07864   0.09219   0.13309   0.04479   0.04249   0.01316   0.02801   0.02323   0.05447   0.01831   0.00000   0.00000   0.00000   0.00000   0.01034   0.55821   0.64131   2.95308  
 35 103.3249   5259.982911  x:  0.01518   0.05200   0.44077   0.23690   0.15671   0.33841   0.13742   0.16304   0.08989   0.09350   0.27835   0.00000   0.00184   0.01627   0.25719   0.14271   0.13228   1.18007   0.03503   0.16545   0.86991   0.00000   0.05241   0.05760   0.00000   0.02922   0.12429   0.06813   0.04592   0.21825   0.06571   0.01479   0.14023   0.11431   0.11641   0.09321   0.14344   0.00000   0.04120   0.05348   0.02930   0.07753   0.09206   0.12840   0.04526   0.04240   0.01283   0.02737   0.01914   0.05269   0.01907   0.00000   0.00000   0.00000   0.00000   0.01048   0.54808   0.66344   2.97372  
 36 35.4954   5259.318150  x:  0.01436   0.05591   0.43679   0.24381   0.16412   0.34977   0.13691   0.16297   0.08902   0.08902   0.28639   0.00000   0.00175   0.01771   0.25716   0.13502   0.13042   1.18298   0.03991   0.16081   0.86060   0.00000   0.05464   0.05955   0.00000   0.02857   0.13030   0.06732   0.05338   0.21605   0.06595   0.00818   0.14306   0.11404   0.11791   0.09523   0.13667   0.00000   0.04288   0.05616   0.02865   0.07706   0.09215   0.12503   0.04432   0.04245   0.01286   0.02707   0.02092   0.05163   0.01940   0.00000   0.00000   0.00000   0.00000   0.01040   0.54342   0.68824   2.98476  
 37 40.6674   5258.251128  x:  0.01406   0.06048   0.43059   0.25333   0.17382   0.36091   0.13841   0.17951   0.08804   0.08739   0.29837   0.00000   0.00199   0.01509   0.25791   0.12788   0.12652   1.18808   0.05263   0.15137   0.84619   0.00000   0.04402   0.05637   0.00000   0.02999   0.12767   0.06702   0.05403   0.21143   0.06227   0.01292   0.14053   0.11056   0.12454   0.08619   0.13364   0.00000   0.04133   0.05151   0.03055   0.07822   0.09216   0.12231   0.04454   0.04254   0.01308   0.02696   0.02126   0.05336   0.01760   0.00000   0.00000   0.00000   0.00000   0.01033   0.54002   0.73192   2.99902  
 38 64.4055   5256.573710  x:  0.01083   0.04685   0.43461   0.25900   0.17276   0.36159   0.14162   0.19117   0.08390   0.10137   0.30784   0.00000   0.00248   0.02145   0.26306   0.13967   0.12210   1.19350   0.07509   0.13616   0.83182   0.00000   0.05771   0.05502   0.00000   0.03000   0.11693   0.06379   0.04704   0.21595   0.06129   0.01244   0.12749   0.11144   0.12999   0.09068   0.13409   0.00000   0.04178   0.04889   0.03255   0.07613   0.09237   0.13543   0.04478   0.04194   0.01317   0.02486   0.02460   0.04958   0.01831   0.00000   0.00000   0.00000   0.00000   0.01070   0.53820   0.79525   3.01341  
 39 50.4778   5253.614199  x:  0.02757   0.06272   0.46760   0.25870   0.15706   0.33701   0.14192   0.17338   0.08286   0.11276   0.30086   0.00000   0.00307   0.01912   0.27682   0.16275   0.11609   1.20260   0.10990   0.11902   0.80888   0.00000   0.05196   0.05765   0.00000   0.02936   0.11842   0.08054   0.04423   0.22799   0.06519   0.01132   0.11720   0.12300   0.12702   0.09426   0.14354   0.00000   0.04300   0.04398   0.02791   0.07670   0.09244   0.12824   0.04435   0.04112   0.01337   0.02307   0.02026   0.04764   0.01824   0.00000   0.00000   0.00000   0.00000   0.01084   0.54610   0.88194   3.03089  
 40 61.5962   5251.012333  x:  0.01532   0.06179   0.50037   0.25649   0.13795   0.31431   0.13788   0.17585   0.12303   0.11317   0.28127   0.00000   0.00363   0.01535   0.28764   0.16540   0.10827   1.20813   0.12401   0.11461   0.79466   0.00000   0.05241   0.05893   0.00000   0.02938   0.12012   0.06830   0.05538   0.23074   0.06696   0.01063   0.13049   0.12369   0.12437   0.08835   0.14308   0.00000   0.04415   0.04299   0.02774   0.07781   0.09262   0.12489   0.04392   0.03924   0.01367   0.02212   0.01861   0.04759   0.01788   0.00000   0.00000   0.00000   0.00000   0.01059   0.54574   0.92728   3.04112  
 41 64.8255   5245.138421  x:  0.03350   0.05931   0.54721   0.25745   0.13105   0.29890   0.12618   0.20927   0.11292   0.10682   0.23657   0.00000   0.00537   0.03017   0.29021   0.12405   0.09629   1.21576   0.10653   0.13267   0.79220   0.00000   0.06142   0.06666   0.00000   0.02562   0.11506   0.08649   0.04743   0.21876   0.05781   0.01272   0.16508   0.09885   0.11010   0.10340   0.12655   0.00000   0.04812   0.03431   0.02498   0.07850   0.09297   0.15082   0.04353   0.03456   0.01395   0.01744   0.01500   0.04120   0.02007   0.00000   0.00000   0.00000   0.00000   0.01045   0.51927   0.93590   3.04799  
 42 35.4530   5235.701593  x:  0.02918   0.07147   0.56821   0.26475   0.17283   0.32968   0.14612   0.23398   0.11326   0.15556   0.23160   0.00000   0.00814   0.03378   0.27066   0.09514   0.10408   1.20811   0.03441   0.16582   0.78475   0.00000   0.05786   0.07069   0.00000   0.02522   0.11240   0.08218   0.05944   0.22133   0.11111   0.01109   0.14837   0.15067   0.10457   0.10361   0.11810   0.00000   0.05133   0.01672   0.02522   0.08200   0.09417   0.17168   0.04227   0.02817   0.01562   0.01010   0.01058   0.03309   0.02043   0.00000   0.00000   0.00000   0.00000   0.00999   0.49715   0.87179   3.04363  
 43 53.7182   5230.317180  x:  0.02279   0.10387   0.56517   0.27819   0.19051   0.35718   0.14390   0.22627   0.13942   0.15983   0.27634   0.00000   0.00955   0.02916   0.25537   0.12594   0.13201   1.19777   0.00000   0.18516   0.77270   0.00000   0.06027   0.08065   0.00000   0.02165   0.11245   0.07581   0.05082   0.23351   0.08180   0.01240   0.13259   0.12191   0.10190   0.11683   0.11995   0.00000   0.05766   0.00844   0.02406   0.08100   0.09281   0.19007   0.04084   0.02379   0.01534   0.00609   0.00964   0.02862   0.02106   0.00000   0.00000   0.00000   0.00000   0.00931   0.48838   0.81596   3.03196  
 44 79.3733   5230.317180  x:  0.02279   0.10387   0.56517   0.27819   0.19051   0.35718   0.14390   0.22627   0.13942   0.15983   0.27634   0.00000   0.00955   0.02916   0.25537   0.12594   0.13201   1.19777   0.00000   0.18516   0.77270   0.00000   0.06027   0.08065   0.00000   0.02165   0.11245   0.07581   0.05082   0.23351   0.08180   0.01240   0.13259   0.12191   0.10190   0.11683   0.11995   0.00000   0.05766   0.00844   0.02406   0.08100   0.09281   0.19007   0.04084   0.02379   0.01534   0.00609   0.00964   0.02862   0.02106   0.00000   0.00000   0.00000   0.00000   0.00931   0.48838   0.81596   3.03196  
 45 28.3475   5218.307667  x:  0.02823   0.10768   0.57650   0.28659   0.19109   0.36320   0.14471   0.23576   0.14464   0.15820   0.27971   0.00000   0.00517   0.02586   0.25852   0.12989   0.13618   1.20761   0.00308   0.19025   0.78082   0.00000   0.06020   0.06452   0.00000   0.02307   0.11564   0.08124   0.05765   0.23748   0.08141   0.02065   0.13332   0.12578   0.10970   0.12757   0.13144   0.00000   0.06800   0.06303   0.02340   0.09250   0.09334   0.18892   0.03824   0.03839   0.02230   0.00759   0.05598   0.01523   0.01178   0.00000   0.00000   0.00000   0.00000   0.00384   0.48825   0.81473   3.03172  
 46 526.1409   5210.742920  x:  0.03576   0.11373   0.59790   0.30179   0.19172   0.37441   0.14607   0.25263   0.15360   0.15514   0.28609   0.00000   0.01925   0.02043   0.26430   0.13669   0.14318   1.22664   0.00762   0.19929   0.79637   0.00000   0.06023   0.03493   0.00000   0.02393   0.12077   0.08877   0.06654   0.24470   0.07994   0.02141   0.13434   0.13203   0.12143   0.14424   0.14990   0.00000   0.08068   0.06781   0.02242   0.10891   0.09409   0.18676   0.03499   0.04132   0.02041   0.00200   0.05656   0.00446   0.01207   0.00000   0.00000   0.00000   0.00000   0.03220   0.48727   0.81230   3.03126  
 47 295.1059   5206.062948  x:  0.04128   0.11837   0.61559   0.31416   0.19207   0.38363   0.14713   0.26622   0.16070   0.15264   0.29137   0.00000   0.02402   0.01629   0.26900   0.14210   0.14870   1.24255   0.01097   0.20655   0.80931   0.00000   0.06035   0.01188   0.00000   0.02457   0.12470   0.09429   0.07298   0.25055   0.07865   0.02142   0.13511   0.13690   0.13041   0.15715   0.16427   0.00000   0.08986   0.06952   0.02182   0.12124   0.09466   0.18494   0.03293   0.04283   0.01931   0.01494   0.05517   0.01223   0.01266   0.00000   0.00000   0.00000   0.00000   0.04465   0.48633   0.81024   3.03086  
 48 1065.4262   5196.192731  x:  0.04823   0.12558   0.65280   0.33871   0.19157   0.40264   0.14894   0.29227   0.17345   0.14760   0.30244   0.00000   0.00570   0.01065   0.27833   0.15188   0.15835   1.27740   0.01522   0.22035   0.83714   0.00000   0.06197   0.00292   0.00000   0.02741   0.13031   0.10124   0.08066   0.26200   0.07545   0.01848   0.13625   0.14504   0.14461   0.17859   0.18867   0.00000   0.10107   0.06337   0.02211   0.13935   0.09557   0.18099   0.03321   0.04090   0.01990   0.00276   0.04461   0.01766   0.01262   0.00000   0.00000   0.00000   0.00000   0.02800   0.48338   0.80559   3.02998  
 49 352.3775   5192.527121  x:  0.05147   0.12889   0.67001   0.35004   0.19133   0.41142   0.14976   0.30429   0.17931   0.14528   0.30755   0.00000   0.00115   0.00812   0.28263   0.15638   0.16280   1.29357   0.01717   0.22671   0.85004   0.00000   0.06272   0.00806   0.00000   0.02865   0.13286   0.10449   0.08428   0.26727   0.07401   0.01744   0.13678   0.14879   0.15119   0.18854   0.19997   0.00000   0.10638   0.06105   0.02214   0.14780   0.09599   0.17916   0.03314   0.04037   0.02001   0.00169   0.04039   0.01784   0.01261   0.00000   0.00000   0.00000   0.00000   0.02267   0.48203   0.80343   3.02957  
 50 2197.2972   5188.361672  x:  0.05505   0.13291   0.69330   0.36510   0.19077   0.42324   0.15080   0.32008   0.18684   0.14220   0.31446   0.00000   0.00578   0.00533   0.28834   0.16216   0.16847   1.31570   0.01928   0.23504   0.86760   0.00000   0.06384   0.01212   0.00000   0.03029   0.13588   0.10806   0.08817   0.27424   0.07200   0.01583   0.13741   0.15347   0.15926   0.20101   0.21424   0.00000   0.11221   0.05757   0.02242   0.15790   0.09649   0.17667   0.03377   0.03921   0.02083   0.00027   0.03474   0.01700   0.01219   0.00000   0.00000   0.00000   0.00000   0.00796   0.48003   0.80044   3.02901  
 51 2552.9211   5186.863673  x:  0.05616   0.13423   0.70136   0.37027   0.19053   0.42732   0.15115   0.32548   0.18938   0.14114   0.31685   0.00000   0.00655   0.00446   0.29030   0.16412   0.17037   1.32341   0.01993   0.23787   0.87370   0.00000   0.06425   0.01285   0.00000   0.03087   0.13686   0.10917   0.08936   0.27663   0.07130   0.01520   0.13761   0.15503   0.16193   0.20517   0.21902   0.00000   0.11402   0.05598   0.02255   0.16119   0.09666   0.17581   0.03411   0.03866   0.02117   0.00109   0.03250   0.01464   0.01201   0.00000   0.00000   0.00000   0.00000   0.00255   0.47931   0.79939   3.02881  
 52 7389.0559   5178.305099  x:  0.03011   0.12588   0.81064   0.42476   0.17413   0.47817   0.15105   0.37228   0.20040   0.13107   0.34783   0.00000   0.00813   0.03221   0.30995   0.17327   0.17620   1.44481   0.00000   0.25989   0.96374   0.00000   0.06975   0.01474   0.00000   0.02124   0.12730   0.08313   0.05631   0.29863   0.06154   0.01709   0.13565   0.15431   0.15510   0.21152   0.23169   0.00000   0.07411   0.04323   0.02976   0.13987   0.09569   0.16356   0.06255   0.02836   0.04390   0.00193   0.05189   0.01552   0.00114   0.00000   0.00000   0.00000   0.00000   0.00966   0.46152   0.78110   3.02545  
 53 189.9147   5176.490712  x:  0.02388   0.12380   0.83668   0.43768   0.17020   0.49026   0.15100   0.38331   0.20292   0.12868   0.35516   0.00000   0.00847   0.03872   0.31458   0.17535   0.17752   1.47385   0.00000   0.26506   0.98524   0.00000   0.07099   0.01515   0.00000   0.01906   0.12498   0.07690   0.04845   0.30382   0.05928   0.01767   0.13518   0.15406   0.15335   0.21289   0.23453   0.00000   0.06462   0.04076   0.03136   0.13465   0.09545   0.16067   0.06910   0.02624   0.04908   0.00210   0.05695   0.01555   0.00479   0.00000   0.00000   0.00000   0.00000   0.01108   0.45729   0.77671   3.02465  
 54 7605.5998   5170.081645  x:  0.01298   0.10849   0.90684   0.46427   0.15972   0.51970   0.14754   0.39931   0.19800   0.12405   0.36844   0.00000   0.00849   0.03746   0.32072   0.17025   0.17382   1.56460   0.00000   0.26947   1.04806   0.00000   0.06479   0.01472   0.00000   0.03562   0.11715   0.06600   0.04305   0.31131   0.06404   0.02333   0.13378   0.14581   0.13697   0.20317   0.22411   0.00000   0.05725   0.03924   0.01811   0.10907   0.09413   0.15718   0.05317   0.05375   0.01856   0.00221   0.05777   0.01528   0.00450   0.00000   0.00000   0.00000   0.00000   0.01084   0.44779   0.76196   3.02188  
 55 242.0919   5163.793762  x:  0.01904   0.08506   0.97884   0.48347   0.15168   0.54642   0.14204   0.40186   0.18311   0.12279   0.37564   0.00000   0.00858   0.02411   0.32087   0.15683   0.16311   1.67136   0.00000   0.26439   1.11750   0.00000   0.05933   0.01496   0.00000   0.01994   0.11056   0.07206   0.05886   0.31204   0.07319   0.01924   0.13302   0.13336   0.11519   0.18237   0.19832   0.00000   0.07406   0.04847   0.03226   0.08599   0.09356   0.15876   0.02403   0.04620   0.01777   0.00233   0.05179   0.01484   0.00452   0.00000   0.00000   0.00000   0.00000   0.01163   0.44324   0.74358   3.01835  
 56 261.9357   5159.869343  x:  0.03014   0.06366   1.03003   0.49022   0.14944   0.56172   0.13807   0.39154   0.16697   0.12622   0.37470   0.00000   0.00905   0.00725   0.31578   0.14373   0.15045   1.76122   0.00000   0.25304   1.17163   0.00000   0.05798   0.01520   0.00000   0.03198   0.11222   0.08316   0.07104   0.30586   0.07899   0.02254   0.13389   0.12641   0.10689   0.16269   0.17273   0.00000   0.08670   0.05566   0.01917   0.09076   0.09378   0.16466   0.04440   0.03692   0.02716   0.00263   0.04539   0.01537   0.00495   0.00000   0.00000   0.00000   0.00000   0.01419   0.44684   0.72702   3.01507  
 57 248.8820   5156.926009  x:  0.03593   0.04911   1.06190   0.48645   0.15285   0.56567   0.13849   0.37081   0.15615   0.13548   0.36769   0.00000   0.00884   0.01062   0.30749   0.13860   0.13859   1.83696   0.00000   0.23843   1.21148   0.00000   0.06495   0.01509   0.00000   0.02263   0.12011   0.08894   0.06797   0.29390   0.07638   0.02265   0.13586   0.13004   0.11967   0.15136   0.15806   0.00000   0.08237   0.05477   0.02470   0.11824   0.09492   0.17321   0.04920   0.03891   0.01267   0.00260   0.04764   0.01515   0.00486   0.00000   0.00000   0.00000   0.00000   0.01317   0.45776   0.71164   3.01187  
 58 159.1159   5155.218825  x:  0.03753   0.04209   1.08154   0.48017   0.15775   0.56459   0.13986   0.35119   0.15103   0.14317   0.35950   0.00000   0.00880   0.01590   0.29999   0.13795   0.13051   1.89578   0.00000   0.22632   1.23968   0.00000   0.06646   0.01502   0.00000   0.02526   0.12597   0.09054   0.06324   0.28293   0.07389   0.02091   0.13706   0.13527   0.13180   0.14797   0.15321   0.00000   0.07753   0.05017   0.02181   0.13445   0.09546   0.17994   0.03588   0.04875   0.02615   0.00245   0.04755   0.01517   0.00490   0.00000   0.00000   0.00000   0.00000   0.01311   0.46734   0.69913   3.00916  
 59 237.4063   5152.991763  x:  0.03409   0.05188   1.09397   0.46246   0.17198   0.54960   0.14280   0.31717   0.15782   0.14981   0.33966   0.00000   0.00888   0.01864   0.28796   0.14703   0.12621   1.98297   0.00000   0.21015   1.27210   0.00000   0.05551   0.01506   0.00000   0.03376   0.12619   0.08710   0.05897   0.26596   0.07242   0.01714   0.13601   0.14403   0.14044   0.16350   0.17002   0.00000   0.07827   0.05233   0.01757   0.12543   0.09476   0.18557   0.03006   0.03068   0.02117   0.00259   0.05126   0.01519   0.00482   0.00000   0.00000   0.00000   0.00000   0.01327   0.47906   0.67912   3.00428  
 60 95.2538   5151.530517  x:  0.03195   0.06456   1.09755   0.44567   0.18397   0.53338   0.14415   0.29304   0.16616   0.15119   0.32293   0.00000   0.00882   0.01537   0.27950   0.15414   0.12664   2.05343   0.00000   0.19968   1.29473   0.00000   0.05506   0.01507   0.00000   0.02888   0.12410   0.08497   0.06095   0.25549   0.07438   0.02207   0.13480   0.14762   0.14145   0.17755   0.18464   0.00000   0.08299   0.05123   0.02639   0.11300   0.09428   0.18671   0.04065   0.04224   0.02327   0.00251   0.04784   0.01519   0.00489   0.00000   0.00000   0.00000   0.00000   0.01317   0.48507   0.66284   2.99996  
 61 172.7630   5150.923098  x:  0.03179   0.07182   1.09337   0.43640   0.18811   0.52344   0.14396   0.28912   0.17062   0.14843   0.31750   0.00000   0.00875   0.01551   0.27823   0.15571   0.13025   2.08512   0.00000   0.19848   1.30165   0.00000   0.06364   0.01505   0.00000   0.02154   0.12316   0.08481   0.06278   0.25579   0.07505   0.01907   0.13445   0.14547   0.13801   0.18078   0.18788   0.00000   0.08292   0.05179   0.01756   0.11291   0.09428   0.18362   0.04112   0.04391   0.02332   0.00247   0.04716   0.01511   0.00485   0.00000   0.00000   0.00000   0.00000   0.01294   0.48352   0.65578   2.99763  
 62 82.6592   5149.737199  x:  0.03233   0.08980   1.07386   0.41090   0.19531   0.49535   0.14269   0.29109   0.18060   0.13753   0.30857   0.00000   0.00892   0.01870   0.27923   0.15627   0.14297   2.16494   0.00000   0.20024   1.31401   0.00000   0.08022   0.01492   0.00000   0.03199   0.12260   0.08535   0.06616   0.26400   0.07586   0.01699   0.13463   0.13634   0.12739   0.18227   0.18909   0.00000   0.07956   0.05316   0.02390   0.12378   0.09522   0.17196   0.03772   0.04179   0.02307   0.00259   0.04673   0.01548   0.00491   0.00000   0.00000   0.00000   0.00000   0.01372   0.47450   0.63870   2.99113  
 63 110.1498   5148.805357  x:  0.03218   0.10201   1.04945   0.38929   0.19708   0.47120   0.14278   0.30278   0.18487   0.12931   0.30718   0.00000   0.00869   0.02018   0.28355   0.15467   0.15325   2.23504   0.00000   0.20346   1.32031   0.00000   0.06699   0.01486   0.00000   0.02740   0.12360   0.08519   0.06499   0.27470   0.07429   0.03221   0.13620   0.13378   0.12753   0.17968   0.18711   0.00000   0.08073   0.05085   0.02137   0.13337   0.09563   0.16460   0.03510   0.03950   0.02389   0.00245   0.04639   0.01522   0.00483   0.00000   0.00000   0.00000   0.00000   0.01265   0.46718   0.62510   2.98470  
 64 101.6127   5148.112929  x:  0.03199   0.10795   1.02802   0.37634   0.19546   0.45629   0.14409   0.31550   0.18425   0.12688   0.31066   0.00000   0.00872   0.01910   0.28819   0.15305   0.15853   2.28505   0.00000   0.20572   1.32178   0.00000   0.05384   0.01505   0.00000   0.02551   0.12511   0.08500   0.06380   0.28264   0.07123   0.02005   0.13695   0.13635   0.13181   0.17698   0.18572   0.00000   0.08345   0.05062   0.02181   0.13533   0.09557   0.16379   0.03855   0.04352   0.02404   0.00245   0.04754   0.01517   0.00485   0.00000   0.00000   0.00000   0.00000   0.01281   0.46445   0.61685   2.97956  
 65 102.8447   5147.271618  x:  0.03226   0.11068   0.98738   0.36779   0.18633   0.44347   0.14900   0.34009   0.17500   0.13457   0.32587   0.00000   0.00880   0.01458   0.29721   0.15206   0.15967   2.35973   0.00000   0.20747   1.31617   0.00000   0.06520   0.01500   0.00000   0.02781   0.12787   0.08527   0.06361   0.29077   0.06960   0.02147   0.13683   0.14972   0.14699   0.17677   0.18762   0.00000   0.08719   0.05183   0.02207   0.12288   0.09466   0.17495   0.03840   0.04209   0.02360   0.00252   0.04647   0.01525   0.00488   0.00000   0.00000   0.00000   0.00000   0.01322   0.46984   0.60899   2.97030  
 66 58.4786   5146.759567  x:  0.03741   0.11082   0.95364   0.38085   0.17914   0.45043   0.14960   0.34951   0.16922   0.14423   0.33807   0.00000   0.00874   0.01796   0.30010   0.15587   0.15558   2.41206   0.00000   0.20805   1.30266   0.00000   0.06186   0.01498   0.00000   0.02737   0.12418   0.09042   0.06952   0.28545   0.07426   0.02176   0.13346   0.14396   0.13821   0.18662   0.19500   0.00000   0.07899   0.05198   0.02166   0.12692   0.09574   0.17948   0.03864   0.04315   0.02357   0.00247   0.04550   0.01522   0.00490   0.00000   0.00000   0.00000   0.00000   0.01289   0.47746   0.61020   2.96136  
 67 31.8273   5146.401989  x:  0.03356   0.10823   0.92916   0.39711   0.17576   0.46241   0.14676   0.35091   0.16965   0.14514   0.34234   0.00000   0.00872   0.00869   0.29919   0.15716   0.15243   2.45001   0.00000   0.20968   1.28804   0.00000   0.06297   0.01496   0.00000   0.02680   0.12454   0.08657   0.06190   0.27879   0.07111   0.02152   0.13430   0.13939   0.13397   0.19119   0.19881   0.00000   0.08503   0.05041   0.02221   0.13283   0.09541   0.17606   0.03745   0.04284   0.02395   0.00246   0.04702   0.01519   0.00483   0.00000   0.00000   0.00000   0.00000   0.01283   0.47829   0.61452   2.95325  
 68 39.2753   5146.148047  x:  0.03280   0.10388   0.91234   0.41289   0.17627   0.47671   0.14383   0.34697   0.17508   0.14076   0.34208   0.00000   0.00871   0.01724   0.29679   0.15698   0.15183   2.48049   0.00000   0.21309   1.27203   0.00000   0.06337   0.01495   0.00000   0.02755   0.12754   0.08581   0.06406   0.27619   0.07087   0.02129   0.13762   0.14149   0.13892   0.19097   0.19772   0.00000   0.09128   0.05233   0.02172   0.13177   0.09473   0.16944   0.03847   0.04323   0.02378   0.00246   0.04439   0.01524   0.00493   0.00000   0.00000   0.00000   0.00000   0.01281   0.47318   0.62133   2.94484  
 69 31.4690   5146.004145  x:  0.03463   0.10121   0.90614   0.42150   0.17902   0.48575   0.14296   0.34376   0.17934   0.13575   0.33880   0.00000   0.00874   0.01260   0.29526   0.15621   0.15261   2.49751   0.00000   0.21559   1.26051   0.00000   0.06278   0.01498   0.00000   0.02736   0.12825   0.08765   0.06763   0.27852   0.07208   0.02103   0.13785   0.14537   0.14401   0.18979   0.19710   0.00000   0.08490   0.05140   0.02190   0.13023   0.09525   0.16777   0.03795   0.04302   0.02375   0.00248   0.04574   0.01519   0.00489   0.00000   0.00000   0.00000   0.00000   0.01292   0.46907   0.62705   2.93860  
 70 27.2648   5145.891985  x:  0.03611   0.09913   0.91181   0.42417   0.18276   0.49222   0.14776   0.34178   0.18142   0.13417   0.33338   0.00000   0.00874   0.01353   0.29635   0.15762   0.15413   2.51092   0.00000   0.21749   1.24500   0.00000   0.06276   0.01497   0.00000   0.02755   0.12501   0.08912   0.06493   0.28840   0.07024   0.02140   0.13271   0.14649   0.14226   0.18756   0.19906   0.00000   0.08715   0.05190   0.02177   0.13176   0.09609   0.17575   0.03781   0.04342   0.02370   0.00248   0.04491   0.01519   0.00491   0.00000   0.00000   0.00000   0.00000   0.01294   0.46834   0.63557   2.92890  
 71  9.8074   5145.764209  x:  0.03306   0.09914   0.92987   0.42196   0.18222   0.49442   0.15041   0.34365   0.17852   0.13588   0.33062   0.00000   0.00871   0.01297   0.29930   0.15870   0.15326   2.52448   0.00000   0.21651   1.22285   0.00000   0.06258   0.01497   0.00000   0.02741   0.13031   0.08608   0.06891   0.29482   0.07219   0.02125   0.13929   0.14408   0.14166   0.19065   0.20163   0.00000   0.08805   0.05054   0.02179   0.13334   0.09341   0.17589   0.03782   0.04325   0.02378   0.00246   0.04610   0.01512   0.00493   0.00000   0.00000   0.00000   0.00000   0.01278   0.47021   0.64652   2.91208  
 72 10.2471   5145.647014  x:  0.03543   0.10106   0.94992   0.41919   0.18026   0.49341   0.14799   0.34755   0.17636   0.13714   0.33256   0.00000   0.00872   0.01196   0.30087   0.15789   0.15251   2.53516   0.00000   0.21566   1.20309   0.00000   0.06261   0.01497   0.00000   0.02744   0.12916   0.08844   0.06690   0.29203   0.06835   0.02129   0.13904   0.14441   0.14388   0.19372   0.20308   0.00000   0.08706   0.05366   0.02174   0.13321   0.09706   0.16944   0.03750   0.04368   0.02368   0.00248   0.04241   0.01510   0.00494   0.00000   0.00000   0.00000   0.00000   0.01292   0.47072   0.65445   2.89337  
 73 16.7209   5145.585301  x:  0.03687   0.10147   0.96049   0.41838   0.17921   0.49176   0.14551   0.34996   0.17754   0.13723   0.33568   0.00000   0.00868   0.01233   0.30046   0.15727   0.15341   2.53952   0.00000   0.21663   1.19461   0.00000   0.06303   0.01493   0.00000   0.02784   0.12701   0.08989   0.06706   0.28751   0.07059   0.02115   0.13544   0.14610   0.14500   0.19440   0.20316   0.00000   0.08954   0.05005   0.02160   0.13389   0.09607   0.16809   0.03749   0.04380   0.02361   0.00245   0.04597   0.01506   0.00497   0.00000   0.00000   0.00000   0.00000   0.01265   0.47011   0.65607   2.88136  
 74 15.2094   5145.523643  x:  0.03508   0.10026   0.96927   0.41955   0.17872   0.48945   0.14393   0.35208   0.18185   0.13667   0.34013   0.00000   0.00869   0.01119   0.29860   0.15784   0.15614   2.54156   0.00000   0.21980   1.19067   0.00000   0.06264   0.01494   0.00000   0.02755   0.12759   0.08809   0.06781   0.28198   0.07306   0.02095   0.13379   0.14766   0.14508   0.19386   0.20325   0.00000   0.08891   0.05255   0.02174   0.13615   0.09335   0.17230   0.03737   0.04366   0.02375   0.00246   0.04317   0.01503   0.00497   0.00000   0.00000   0.00000   0.00000   0.01277   0.46896   0.65296   2.86599  
 75  9.8743   5145.435605  x:  0.03661   0.09835   0.97821   0.42432   0.17917   0.48722   0.14493   0.35320   0.18613   0.13633   0.34498   0.00000   0.00866   0.01072   0.29611   0.16005   0.15930   2.54157   0.00000   0.22401   1.19190   0.00000   0.06261   0.01492   0.00000   0.02776   0.13040   0.08962   0.06952   0.27902   0.06884   0.02124   0.13837   0.14632   0.14413   0.19309   0.20398   0.00000   0.08959   0.05087   0.02152   0.13554   0.09803   0.17721   0.03722   0.04398   0.02356   0.00245   0.04459   0.01494   0.00500   0.00000   0.00000   0.00000   0.00000   0.01261   0.46851   0.64336   2.83948  
 76 11.1261   5145.169905  x:  0.04099   0.09403   0.99643   0.44202   0.17894   0.48588   0.15046   0.35299   0.18456   0.13598   0.34936   0.00000   0.00859   0.00893   0.29443   0.16395   0.15956   2.53684   0.00000   0.22799   1.20997   0.00000   0.06274   0.01484   0.00000   0.02790   0.12918   0.09400   0.06507   0.29000   0.07393   0.02034   0.14105   0.14398   0.14961   0.19601   0.20939   0.00000   0.09181   0.05150   0.02153   0.13715   0.09432   0.17060   0.03684   0.04427   0.02341   0.00243   0.04274   0.01470   0.00505   0.00000   0.00000   0.00000   0.00000   0.01238   0.47062   0.61019   2.75108  
 77 17.3864   5144.994155  x:  0.03713   0.09174   1.00516   0.44990   0.17711   0.48893   0.14914   0.35562   0.18154   0.13427   0.34651   0.00000   0.00850   0.00904   0.29782   0.16169   0.15662   2.53360   0.00000   0.22636   1.22764   0.00000   0.06279   0.01477   0.00000   0.02801   0.12947   0.09014   0.07332   0.29539   0.06753   0.02061   0.13382   0.14939   0.14911   0.20170   0.21254   0.00000   0.09319   0.05086   0.02144   0.14103   0.09560   0.16783   0.03668   0.04422   0.02344   0.00239   0.04237   0.01454   0.00510   0.00000   0.00000   0.00000   0.00000   0.01206   0.46960   0.59482   2.68898  
 78 30.3988   5144.733775  x:  0.03964   0.09598   1.01151   0.44995   0.17891   0.50305   0.14113   0.36912   0.18430   0.13342   0.33454   0.00000   0.00839   0.01068   0.30904   0.15580   0.15493   2.53139   0.00000   0.22127   1.26670   0.00000   0.06284   0.01468   0.00000   0.02774   0.13331   0.09265   0.06880   0.29168   0.07338   0.01985   0.13788   0.15355   0.14787   0.20696   0.21706   0.00000   0.09479   0.05062   0.02153   0.14302   0.09921   0.17374   0.03641   0.04429   0.02340   0.00234   0.04132   0.01423   0.00515   0.00000   0.00000   0.00000   0.00000   0.01162   0.46553   0.59835   2.58754  
 79 19.9402   5144.558472  x:  0.04080   0.09776   1.01415   0.44595   0.18107   0.51291   0.14329   0.37606   0.18757   0.13615   0.33217   0.00000   0.00832   0.00976   0.31115   0.16032   0.15785   2.53230   0.00000   0.22143   1.29434   0.00000   0.06299   0.01459   0.00000   0.02804   0.13022   0.09381   0.07165   0.28776   0.06740   0.01996   0.13791   0.14803   0.15261   0.20649   0.21682   0.00000   0.09486   0.05007   0.02155   0.14292   0.09126   0.17269   0.03629   0.04439   0.02325   0.00232   0.04104   0.01403   0.00519   0.00000   0.00000   0.00000   0.00000   0.01137   0.46635   0.60969   2.51650  
 80 31.7970   5144.417923  x:  0.03781   0.09788   1.01577   0.44162   0.18107   0.51827   0.14810   0.37662   0.18810   0.13686   0.33758   0.00000   0.00826   0.00819   0.30653   0.16618   0.16130   2.53566   0.00000   0.22405   1.31544   0.00000   0.06299   0.01453   0.00000   0.02788   0.12967   0.09082   0.07379   0.28837   0.07175   0.01950   0.13521   0.14736   0.15516   0.20495   0.21704   0.00000   0.09628   0.05008   0.02157   0.14445   0.09906   0.16837   0.03640   0.04383   0.02336   0.00230   0.04043   0.01385   0.00522   0.00000   0.00000   0.00000   0.00000   0.01118   0.46935   0.62311   2.45474  
 81 29.4912   5144.240203  x:  0.04012   0.09940   1.01810   0.43939   0.17788   0.51826   0.14887   0.36981   0.18434   0.13106   0.35137   0.00000   0.00815   0.00798   0.29628   0.16541   0.16195   2.54428   0.00000   0.22682   1.33545   0.00000   0.06302   0.01444   0.00000   0.02760   0.13384   0.09313   0.07196   0.29357   0.06935   0.01968   0.13656   0.15514   0.14868   0.20627   0.22130   0.00000   0.09603   0.04945   0.02176   0.14525   0.09506   0.16692   0.03625   0.04381   0.02324   0.00226   0.04012   0.01358   0.00523   0.00000   0.00000   0.00000   0.00000   0.01078   0.46902   0.63969   2.37137  
 82 24.4192   5143.949855  x:  0.03858   0.09926   1.02306   0.44567   0.17218   0.50824   0.14399   0.35966   0.18600   0.12827   0.36268   0.00000   0.00796   0.00819   0.29509   0.15658   0.15539   2.56570   0.00000   0.22547   1.34987   0.00000   0.06351   0.01423   0.00000   0.02740   0.12697   0.09158   0.07281   0.30070   0.06878   0.01892   0.13837   0.14480   0.15723   0.21168   0.22347   0.00000   0.09614   0.04852   0.02214   0.14584   0.09685   0.17495   0.03663   0.04270   0.02338   0.00218   0.03957   0.01320   0.00527   0.00000   0.00000   0.00000   0.00000   0.01006   0.46059   0.65196   2.22652  
 83 23.4497   5142.552967  x:  0.03979   0.08645   1.04805   0.48554   0.17647   0.46778   0.14267   0.34505   0.20408   0.15086   0.36542   0.00000   0.00719   0.00596   0.32613   0.16172   0.14472   2.67971   0.00000   0.22429   1.38150   0.00000   0.06319   0.01354   0.00000   0.02524   0.14019   0.09279   0.06780   0.30555   0.06789   0.01772   0.12905   0.14835   0.14887   0.20864   0.20332   0.00000   0.09291   0.04439   0.02376   0.13817   0.09568   0.16885   0.03775   0.03839   0.02295   0.00189   0.03795   0.01099   0.00543   0.00000   0.00000   0.00000   0.00000   0.00713   0.45822   0.66778   1.52018  
 84 64.3025   5141.544520  x:  0.03602   0.07462   1.06458   0.49835   0.18215   0.46210   0.14251   0.35134   0.18997   0.14115   0.35439   0.00000   0.00665   0.00917   0.32659   0.16138   0.15187   2.75855   0.00000   0.22552   1.39236   0.00000   0.06425   0.01294   0.00000   0.02425   0.12137   0.08901   0.06916   0.29638   0.06785   0.01625   0.14127   0.15522   0.14447   0.20012   0.20492   0.00000   0.09069   0.04153   0.02493   0.13713   0.09580   0.16821   0.03890   0.03500   0.02288   0.00169   0.03666   0.00962   0.00554   0.00000   0.00000   0.00000   0.00000   0.00507   0.46904   0.66009   1.03810  
 85 165.8167   5141.208934  x:  0.03673   0.07534   1.07032   0.49479   0.18095   0.47165   0.14514   0.35698   0.18346   0.13599   0.35084   0.00000   0.00645   0.01092   0.31680   0.15958   0.15317   2.78640   0.00000   0.22256   1.39256   0.00000   0.06436   0.01281   0.00000   0.02347   0.13264   0.08972   0.06695   0.29297   0.06823   0.01593   0.13212   0.14640   0.14671   0.19791   0.20811   0.00000   0.08909   0.04034   0.02543   0.13259   0.09555   0.16969   0.03948   0.03382   0.02279   0.00160   0.03646   0.00908   0.00557   0.00000   0.00000   0.00000   0.00000   0.00426   0.46683   0.64979   0.86810  
 86 96.3359   5141.092225  x:  0.03662   0.08126   1.07208   0.48599   0.17715   0.48468   0.14677   0.35738   0.18988   0.14165   0.35437   0.00000   0.00640   0.00993   0.31107   0.16088   0.14851   2.79607   0.00000   0.21826   1.39022   0.00000   0.06438   0.01276   0.00000   0.02339   0.12967   0.08961   0.06675   0.29613   0.06828   0.01583   0.13466   0.14941   0.14495   0.19944   0.20296   0.00000   0.08905   0.03999   0.02555   0.13341   0.09565   0.16980   0.03950   0.03352   0.02279   0.00159   0.03627   0.00895   0.00558   0.00000   0.00000   0.00000   0.00000   0.00409   0.46193   0.64047   0.81057  
 87 21.2986   5141.050243  x:  0.03649   0.08298   1.07230   0.47953   0.17838   0.49217   0.14038   0.35294   0.19136   0.14078   0.35900   0.00000   0.00641   0.00960   0.31595   0.16164   0.14800   2.79940   0.00000   0.22152   1.38891   0.00000   0.06430   0.01277   0.00000   0.02336   0.13008   0.08948   0.06655   0.29839   0.06800   0.01581   0.13438   0.14844   0.14529   0.19971   0.20132   0.00000   0.08899   0.03986   0.02556   0.13292   0.09555   0.17028   0.03943   0.03345   0.02274   0.00160   0.03623   0.00893   0.00559   0.00000   0.00000   0.00000   0.00000   0.00410   0.46675   0.63581   0.79606  
 88  5.6441   5140.995223  x:  0.03669   0.08173   1.07217   0.47297   0.17847   0.49723   0.14539   0.34756   0.18961   0.14155   0.36171   0.00000   0.00645   0.00891   0.32396   0.15916   0.14501   2.80353   0.00000   0.22793   1.38769   0.00000   0.06437   0.01284   0.00000   0.02336   0.12990   0.08968   0.06705   0.29455   0.06847   0.01590   0.13481   0.14865   0.14473   0.19695   0.20640   0.00000   0.08888   0.03966   0.02556   0.13333   0.09557   0.16893   0.03940   0.03347   0.02270   0.00162   0.03610   0.00900   0.00561   0.00000   0.00000   0.00000   0.00000   0.00420   0.46205   0.63194   0.79269  
 89  2.1350   5140.458727  x:  0.03695   0.09713   1.07187   0.46386   0.17207   0.50420   0.15531   0.34941   0.18313   0.12513   0.34999   0.00000   0.00708   0.00999   0.31730   0.16563   0.11884   2.84245   0.00000   0.24565   1.37908   0.00000   0.06425   0.01379   0.00000   0.02374   0.12976   0.08993   0.06657   0.28493   0.07029   0.01562   0.13411   0.14753   0.14417   0.19704   0.19210   0.00000   0.08871   0.03822   0.02515   0.13104   0.09541   0.17423   0.03845   0.03386   0.02183   0.00196   0.03491   0.00989   0.00583   0.00000   0.00000   0.00000   0.00000   0.00601   0.46819   0.61703   0.82426  
 90  1.9768   5139.527650  x:  0.03572   0.08319   1.06868   0.44532   0.18004   0.51762   0.13990   0.35688   0.18015   0.14846   0.33704   0.00000   0.00814   0.01182   0.28672   0.14943   0.13057   2.90990   0.00000   0.24279   1.36383   0.00000   0.06360   0.01546   0.00000   0.02390   0.12987   0.08870   0.06599   0.28892   0.07039   0.01603   0.13387   0.14335   0.13977   0.19264   0.19641   0.00000   0.08709   0.03512   0.02475   0.12519   0.09518   0.17112   0.03737   0.03423   0.02046   0.00252   0.03311   0.01150   0.00617   0.00000   0.00000   0.00000   0.00000   0.00886   0.47133   0.59192   0.88777  
 91 16.1153   5139.267068  x:  0.03594   0.08194   1.06769   0.44335   0.17747   0.52231   0.13690   0.35411   0.17615   0.14198   0.34265   0.00000   0.00845   0.01139   0.29076   0.16211   0.14435   2.92818   0.00000   0.21406   1.35856   0.00000   0.06356   0.01593   0.00000   0.02411   0.12988   0.08891   0.06669   0.28742   0.07102   0.01614   0.13407   0.14298   0.13923   0.18410   0.19921   0.00000   0.08710   0.03438   0.02454   0.12492   0.09527   0.17276   0.03701   0.03450   0.02004   0.00268   0.03252   0.01197   0.00629   0.00000   0.00000   0.00000   0.00000   0.00973   0.46543   0.58444   0.90584  
 92 13.5009   5139.221357  x:  0.03550   0.08470   1.06759   0.44450   0.17810   0.52414   0.14281   0.35266   0.17727   0.13925   0.34564   0.00000   0.00851   0.01150   0.29327   0.15619   0.15134   2.93142   0.00000   0.20664   1.35751   0.00000   0.06344   0.01602   0.00000   0.02413   0.12999   0.08847   0.06644   0.28586   0.07108   0.01610   0.13387   0.14279   0.13902   0.18553   0.19629   0.00000   0.08704   0.03424   0.02451   0.12467   0.09518   0.17266   0.03686   0.03451   0.01997   0.00271   0.03242   0.01204   0.00630   0.00000   0.00000   0.00000   0.00000   0.00989   0.46866   0.58307   0.90864  
 93  7.1160   5139.218153  x:  0.03566   0.08387   1.06746   0.44421   0.17732   0.52414   0.14302   0.35208   0.17633   0.13929   0.34517   0.00000   0.00851   0.01144   0.29358   0.15671   0.15294   2.93183   0.00000   0.20718   1.35755   0.00000   0.06343   0.01603   0.00000   0.02414   0.12997   0.08863   0.06605   0.28567   0.07115   0.01608   0.13391   0.14287   0.13909   0.18762   0.19492   0.00000   0.08709   0.03420   0.02451   0.12463   0.09520   0.17298   0.03685   0.03452   0.01997   0.00271   0.03240   0.01206   0.00631   0.00000   0.00000   0.00000   0.00000   0.00990   0.46782   0.58308   0.90758  
 94  0.6730   5139.176319  x:  0.03624   0.08521   1.06583   0.44535   0.16691   0.52104   0.14251   0.34908   0.17785   0.14036   0.34036   0.00000   0.00861   0.01110   0.29498   0.15594   0.15696   2.93817   0.00000   0.20945   1.35827   0.00000   0.06324   0.01623   0.00000   0.02455   0.13002   0.08921   0.06650   0.28567   0.07110   0.01642   0.13422   0.14330   0.13939   0.18546   0.19649   0.00000   0.08726   0.03358   0.02411   0.12512   0.09519   0.17294   0.03639   0.03519   0.01978   0.00276   0.03191   0.01229   0.00640   0.00000   0.00000   0.00000   0.00000   0.00999   0.47040   0.58448   0.88540  
 95  0.6801   5139.033598  x:  0.03558   0.08423   1.05953   0.44770   0.17970   0.50927   0.14345   0.35027   0.17595   0.13876   0.34154   0.00000   0.00895   0.01080   0.29752   0.15613   0.15228   2.96002   0.00000   0.20946   1.35981   0.00000   0.06307   0.01696   0.00000   0.02592   0.12958   0.08855   0.06770   0.28502   0.07170   0.01783   0.13548   0.14377   0.13918   0.18720   0.19685   0.00000   0.08851   0.03159   0.02281   0.12681   0.09531   0.17264   0.03483   0.03771   0.01910   0.00295   0.03001   0.01309   0.00674   0.00000   0.00000   0.00000   0.00000   0.01036   0.46986   0.58925   0.80886  
 96  6.4287   5139.027313  x:  0.03590   0.08133   1.05907   0.44625   0.17894   0.50906   0.14414   0.35091   0.17795   0.13710   0.34149   0.00000   0.00895   0.01087   0.29771   0.15615   0.15102   2.96134   0.00000   0.20890   1.35952   0.00000   0.06315   0.01697   0.00000   0.02596   0.12957   0.08887   0.06749   0.28509   0.07174   0.01786   0.13555   0.14358   0.13892   0.18818   0.19726   0.00000   0.08844   0.03148   0.02276   0.12671   0.09529   0.17220   0.03481   0.03779   0.01907   0.00295   0.02993   0.01310   0.00676   0.00000   0.00000   0.00000   0.00000   0.01031   0.47085   0.58903   0.81235  
 97  0.6358   5138.871271  x:  0.03484   0.08986   1.05029   0.43631   0.18042   0.51223   0.14524   0.34995   0.17597   0.13550   0.33989   0.00000   0.00887   0.01089   0.29912   0.15685   0.14688   2.99770   0.00000   0.21532   1.34962   0.00000   0.06336   0.01729   0.00000   0.02686   0.12898   0.08780   0.06741   0.28399   0.07217   0.01905   0.13688   0.14385   0.13886   0.18765   0.19614   0.00000   0.08788   0.02875   0.02188   0.12769   0.09538   0.17275   0.03426   0.03909   0.01893   0.00295   0.02827   0.01320   0.00718   0.00000   0.00000   0.00000   0.00000   0.00894   0.47098   0.58000   0.94603  
 98  2.2133   5138.672163  x:  0.03415   0.09174   1.04021   0.43910   0.18037   0.49995   0.14615   0.35308   0.17840   0.13415   0.33994   0.00000   0.00942   0.01111   0.30260   0.15812   0.14931   3.04166   0.00000   0.21655   1.34823   0.00000   0.06466   0.01914   0.00000   0.02561   0.12923   0.08707   0.06595   0.28696   0.07108   0.01597   0.13741   0.14496   0.14011   0.18934   0.19830   0.00000   0.08565   0.03000   0.02301   0.12881   0.09543   0.17125   0.03758   0.03542   0.02008   0.00345   0.02694   0.01431   0.00842   0.00000   0.00000   0.00000   0.00000   0.00859   0.47035   0.58374   0.95454  
 99  0.0282   5138.493629  x:  0.03493   0.09017   1.04420   0.44148   0.17896   0.50263   0.14524   0.35316   0.17865   0.13689   0.34343   0.00000   0.00961   0.01056   0.29879   0.15794   0.15036   3.04181   0.00000   0.21259   1.35443   0.00000   0.06359   0.02076   0.00000   0.02520   0.13031   0.08781   0.06519   0.28763   0.07065   0.01808   0.13511   0.14466   0.14148   0.18976   0.19776   0.00000   0.08556   0.02718   0.02312   0.12760   0.09541   0.17192   0.03713   0.03505   0.02015   0.00403   0.03205   0.01329   0.01017   0.00000   0.00000   0.00000   0.00000   0.00741   0.46924   0.58275   0.94777  
100  0.0078   5138.374505  x:  0.03510   0.08895   1.04974   0.44090   0.17850   0.50856   0.14449   0.35227   0.17778   0.13827   0.34432   0.00000   0.00948   0.01058   0.29657   0.15729   0.15051   3.02796   0.00000   0.21103   1.35722   0.00000   0.06285   0.02155   0.00000   0.02566   0.13056   0.08796   0.06534   0.28660   0.07083   0.01848   0.13441   0.14422   0.14115   0.18904   0.19709   0.00000   0.08598   0.03166   0.02259   0.12703   0.09534   0.17242   0.03583   0.03685   0.01969   0.00446   0.02921   0.01213   0.01155   0.00000   0.00000   0.00000   0.00000   0.00659   0.46924   0.57984   0.93869  
101  0.0245   5138.323690  x:  0.03450   0.08829   1.05194   0.44052   0.18036   0.50922   0.14485   0.35180   0.17690   0.13592   0.34082   0.00000   0.00926   0.01093   0.30008   0.15700   0.15041   3.01324   0.00000   0.21348   1.35519   0.00000   0.06371   0.02191   0.00000   0.02557   0.12922   0.08734   0.06665   0.28539   0.07147   0.01629   0.13676   0.14445   0.13888   0.18772   0.19737   0.00000   0.08675   0.03094   0.02273   0.12775   0.09539   0.17196   0.03571   0.03752   0.01966   0.00485   0.02949   0.01273   0.01251   0.00000   0.00000   0.00000   0.00000   0.00682   0.47040   0.58125   0.90855  
102  0.0230   5138.289626  x:  0.03448   0.08900   1.05121   0.44089   0.18043   0.50871   0.14500   0.35146   0.17768   0.13521   0.34048   0.00000   0.00870   0.01090   0.30088   0.15740   0.14949   2.98967   0.00000   0.21437   1.35150   0.00000   0.06376   0.02178   0.00000   0.02507   0.12943   0.08730   0.06651   0.28605   0.07155   0.01841   0.13711   0.14397   0.13907   0.18831   0.19730   0.00000   0.08676   0.03081   0.02303   0.12765   0.09536   0.17186   0.03616   0.03610   0.01983   0.00526   0.02883   0.01332   0.01344   0.00000   0.00000   0.00000   0.00000   0.00718   0.46990   0.58567   0.90663  
103  0.0144   5138.266878  x:  0.03485   0.08979   1.04800   0.44028   0.17914   0.50861   0.14502   0.35165   0.17799   0.13649   0.34229   0.00000   0.00794   0.01058   0.29873   0.15749   0.14896   2.97416   0.00000   0.21390   1.34847   0.00000   0.06355   0.02100   0.00000   0.02571   0.13011   0.08766   0.06580   0.28651   0.07127   0.01738   0.13579   0.14395   0.14032   0.18897   0.19708   0.00000   0.08621   0.03023   0.02275   0.12737   0.09535   0.17223   0.03596   0.03680   0.01964   0.00547   0.02921   0.01308   0.01397   0.00000   0.00000   0.00000   0.00000   0.00723   0.46929   0.58661   0.92780  
104  0.0181   5138.260174  x:  0.03450   0.08872   1.04824   0.44053   0.17939   0.50893   0.14510   0.35223   0.17690   0.13614   0.34153   0.00000   0.00752   0.01099   0.29896   0.15723   0.14984   2.98199   0.00000   0.21394   1.34936   0.00000   0.06351   0.02026   0.00000   0.02551   0.12934   0.08732   0.06588   0.28543   0.07117   0.01744   0.13608   0.14465   0.13971   0.18817   0.19731   0.00000   0.08599   0.03042   0.02280   0.12743   0.09538   0.17206   0.03601   0.03663   0.01970   0.00548   0.02914   0.01296   0.01389   0.00000   0.00000   0.00000   0.00000   0.00723   0.47025   0.58391   0.93052  
105  0.0053   5138.256637  x:  0.03468   0.08911   1.04896   0.44055   0.17976   0.50816   0.14483   0.35174   0.17785   0.13640   0.34194   0.00000   0.00743   0.01079   0.29965   0.15738   0.14996   2.99591   0.00000   0.21338   1.35263   0.00000   0.06359   0.01989   0.00000   0.02548   0.12974   0.08750   0.06611   0.28624   0.07127   0.01745   0.13617   0.14416   0.13980   0.18866   0.19738   0.00000   0.08643   0.03066   0.02274   0.12771   0.09537   0.17203   0.03595   0.03669   0.01968   0.00550   0.02915   0.01311   0.01369   0.00000   0.00000   0.00000   0.00000   0.00728   0.46974   0.58417   0.92543  
106  0.0077   5138.253172  x:  0.03472   0.08937   1.05058   0.44061   0.17945   0.50816   0.14517   0.35198   0.17725   0.13599   0.34151   0.00000   0.00754   0.01072   0.29863   0.15731   0.14915   3.01012   0.00000   0.21370   1.35287   0.00000   0.06369   0.01991   0.00000   0.02570   0.12959   0.08755   0.06582   0.28607   0.07131   0.01756   0.13600   0.14412   0.14002   0.18855   0.19710   0.00000   0.08613   0.03044   0.02285   0.12719   0.09534   0.17215   0.03600   0.03678   0.01969   0.00573   0.02938   0.01311   0.01373   0.00000   0.00000   0.00000   0.00000   0.00712   0.46959   0.58272   0.91966  
107  0.0039   5138.246942  x:  0.03454   0.08896   1.05005   0.44069   0.17945   0.50886   0.14476   0.35190   0.17762   0.13689   0.34231   0.00000   0.00771   0.01088   0.29966   0.15726   0.14987   3.00429   0.00000   0.21362   1.35238   0.00000   0.06343   0.01975   0.00000   0.02560   0.12963   0.08738   0.06615   0.28604   0.07118   0.01747   0.13599   0.14470   0.13972   0.18863   0.19738   0.00000   0.08642   0.03064   0.02279   0.12779   0.09541   0.17209   0.03594   0.03682   0.01976   0.00626   0.02928   0.01300   0.01367   0.00000   0.00000   0.00000   0.00000   0.00727   0.46986   0.58319   0.92892  
108  0.0028   5138.244361  x:  0.03471   0.08912   1.04901   0.44052   0.17962   0.50827   0.14506   0.35187   0.17753   0.13589   0.34159   0.00000   0.00780   0.01081   0.29923   0.15742   0.14948   2.99590   0.00000   0.21385   1.35204   0.00000   0.06366   0.01956   0.00000   0.02558   0.12956   0.08756   0.06595   0.28593   0.07129   0.01747   0.13619   0.14402   0.13989   0.18852   0.19727   0.00000   0.08624   0.03063   0.02274   0.12749   0.09534   0.17206   0.03601   0.03669   0.01968   0.00635   0.02921   0.01309   0.01330   0.00000   0.00000   0.00000   0.00000   0.00714   0.46990   0.58370   0.93006  
109  0.0045   5138.243917  x:  0.03462   0.08915   1.04910   0.44047   0.17953   0.50844   0.14496   0.35187   0.17749   0.13638   0.34179   0.00000   0.00779   0.01083   0.29919   0.15730   0.14964   2.99281   0.00000   0.21358   1.35151   0.00000   0.06363   0.01954   0.00000   0.02560   0.12960   0.08748   0.06603   0.28607   0.07126   0.01748   0.13605   0.14434   0.13981   0.18854   0.19725   0.00000   0.08631   0.03051   0.02280   0.12753   0.09537   0.17209   0.03596   0.03674   0.01970   0.00634   0.02920   0.01309   0.01317   0.00000   0.00000   0.00000   0.00000   0.00710   0.46974   0.58405   0.92577  
110  0.0031   5138.243483  x:  0.03468   0.08906   1.04911   0.44065   0.17960   0.50858   0.14493   0.35197   0.17759   0.13632   0.34194   0.00000   0.00765   0.01079   0.29937   0.15736   0.14994   2.99290   0.00000   0.21365   1.35088   0.00000   0.06355   0.01970   0.00000   0.02564   0.12966   0.08755   0.06600   0.28597   0.07125   0.01745   0.13613   0.14422   0.13993   0.18851   0.19739   0.00000   0.08629   0.03053   0.02277   0.12753   0.09537   0.17207   0.03600   0.03665   0.01967   0.00636   0.02916   0.01307   0.01316   0.00000   0.00000   0.00000   0.00000   0.00706   0.46989   0.58433   0.92243  
111  0.0007   5138.243160  x:  0.03464   0.08910   1.04900   0.44058   0.17961   0.50841   0.14496   0.35186   0.17753   0.13624   0.34177   0.00000   0.00761   0.01083   0.29918   0.15737   0.14969   2.99460   0.00000   0.21354   1.35141   0.00000   0.06361   0.01987   0.00000   0.02555   0.12963   0.08751   0.06601   0.28606   0.07126   0.01747   0.13611   0.14424   0.13982   0.18854   0.19727   0.00000   0.08628   0.03055   0.02278   0.12755   0.09536   0.17206   0.03598   0.03672   0.01971   0.00641   0.02918   0.01307   0.01306   0.00000   0.00000   0.00000   0.00000   0.00709   0.46978   0.58406   0.92523  
112  0.0015   5138.243145  x:  0.03465   0.08912   1.04908   0.44051   0.17957   0.50843   0.14497   0.35188   0.17752   0.13628   0.34178   0.00000   0.00760   0.01082   0.29923   0.15733   0.14966   2.99420   0.00000   0.21364   1.35155   0.00000   0.06360   0.01987   0.00000   0.02558   0.12963   0.08752   0.06602   0.28603   0.07126   0.01747   0.13609   0.14426   0.13985   0.18853   0.19727   0.00000   0.08630   0.03055   0.02278   0.12753   0.09537   0.17208   0.03598   0.03672   0.01969   0.00640   0.02920   0.01307   0.01306   0.00000   0.00000   0.00000   0.00000   0.00711   0.46980   0.58397   0.92586  
113  0.0007   5138.243145  x:  0.03465   0.08912   1.04911   0.44052   0.17956   0.50843   0.14497   0.35188   0.17752   0.13628   0.34178   0.00000   0.00760   0.01082   0.29923   0.15734   0.14966   2.99416   0.00000   0.21364   1.35156   0.00000   0.06360   0.01987   0.00000   0.02558   0.12963   0.08752   0.06602   0.28603   0.07126   0.01747   0.13609   0.14426   0.13985   0.18853   0.19728   0.00000   0.08630   0.03055   0.02278   0.12753   0.09537   0.17208   0.03598   0.03672   0.01969   0.00640   0.02920   0.01308   0.01306   0.00000   0.00000   0.00000   0.00000   0.00711   0.46980   0.58398   0.92589  
114  0.0001   5138.243145  x:  0.03464   0.08912   1.04912   0.44052   0.17956   0.50843   0.14497   0.35188   0.17752   0.13628   0.34178   0.00000   0.00760   0.01082   0.29923   0.15734   0.14966   2.99417   0.00000   0.21364   1.35156   0.00000   0.06360   0.01987   0.00000   0.02558   0.12963   0.08752   0.06602   0.28603   0.07126   0.01747   0.13609   0.14426   0.13984   0.18853   0.19728   0.00000   0.08630   0.03055   0.02278   0.12753   0.09537   0.17208   0.03598   0.03672   0.01969   0.00640   0.02920   0.01308   0.01305   0.00000   0.00000   0.00000   0.00000   0.00711   0.46980   0.58398   0.92590  