

TREE # 1

  0  0.0000   2985.067824  x:  0.08012   0.02573   0.10679   0.02972   0.02431   0.10483   0.10540   0.01223   0.03055   0.06026   0.04400   0.06828   0.08453   0.01801   0.06026   0.42566   0.44581  
  1 99.0000   2512.702309  x:  0.55809   0.70106   0.24252   0.56833   0.30635   0.22656   0.15392   0.49989   0.48652   0.00480   0.00000   0.07176   0.22305   0.39433   0.35362   0.41451   0.44986  
  2 2938.6267   2510.730224  x:  0.56033   0.70401   0.24315   0.57069   0.30750   0.22723   0.15417   0.50192   0.48847   0.00472   0.00593   0.07164   0.22370   0.39587   0.35492   0.41431   0.44989  
  3 3664.2768   2509.198359  x:  0.56325   0.70439   0.24382   0.57105   0.30608   0.22971   0.15476   0.50023   0.48788   0.00000   0.00626   0.06925   0.22455   0.39425   0.35543   0.41166   0.45005  
  4 201.0085   2496.850772  x:  0.64581   0.73578   0.25387   0.60395   0.25804   0.15387   0.11549   0.43980   0.47731   0.00000   0.01296   0.00000   0.24610   0.33779   0.37477   0.33138   0.45166  
  5 159.1676   2484.987466  x:  0.70389   0.82398   0.21162   0.71666   0.15954   0.11694   0.24511   0.27280   0.49501   0.00000   0.01239   0.00000   0.25732   0.20803   0.39850   0.31060   0.45431  
  6 48.4273   2475.428211  x:  0.73917   0.88098   0.17860   0.79921   0.11876   0.18255   0.18683   0.13153   0.49090   0.00000   0.00914   0.00000   0.26092   0.14837   0.40632   0.30480   0.46027  
  7 85.8966   2468.796079  x:  0.83470   0.84157   0.19540   0.79060   0.17294   0.20002   0.21812   0.09317   0.39959   0.00000   0.00417   0.00000   0.29907   0.20306   0.38385   0.23664   0.46659  
  8 35.8258   2467.047271  x:  0.88216   0.82270   0.21186   0.78037   0.17689   0.20558   0.22236   0.10220   0.37069   0.00000   0.00355   0.05108   0.30989   0.19914   0.37936   0.24792   0.46893  
  9 91.3461   2461.651751  x:  1.05896   0.75210   0.27997   0.73655   0.17726   0.22639   0.23430   0.15069   0.27705   0.00000   0.00337   0.02372   0.33058   0.17358   0.36330   0.30349   0.47348  
 10 87.5919   2457.292668  x:  1.20184   0.63350   0.31888   0.64292   0.13385   0.25382   0.24399   0.21464   0.36677   0.00000   0.00944   0.01928   0.29082   0.17596   0.33633   0.27785   0.43976  
 11 42.3576   2456.403553  x:  1.24973   0.59289   0.32840   0.60890   0.14380   0.25341   0.24723   0.17891   0.39943   0.00000   0.01063   0.01602   0.30848   0.19530   0.37403   0.30438   0.39364  
 12 21.4493   2456.155587  x:  1.26009   0.58144   0.32167   0.59980   0.15997   0.25586   0.24693   0.18296   0.40114   0.00000   0.01019   0.01548   0.29823   0.18174   0.39874   0.30163   0.35695  
 13 12.3240   2456.080812  x:  1.26341   0.57937   0.31425   0.59652   0.14772   0.25726   0.24592   0.18903   0.39646   0.00000   0.00956   0.01518   0.29663   0.18794   0.40840   0.30115   0.34009  
 14  6.2726   2456.000538  x:  1.27601   0.57575   0.29366   0.58487   0.14756   0.25843   0.24226   0.19402   0.40281   0.00000   0.00797   0.01313   0.30443   0.18414   0.40860   0.30242   0.34539  
 15  1.1769   2455.805085  x:  1.29708   0.58172   0.28415   0.56692   0.14813   0.26094   0.23829   0.18513   0.40057   0.00000   0.00696   0.01311   0.27800   0.19049   0.41501   0.30613   0.35796  
 16  2.2166   2453.995582  x:  1.32746   0.62974   0.29541   0.48577   0.15211   0.30778   0.19396   0.16178   0.36405   0.00000   0.01089   0.00983   0.30776   0.18085   0.42914   0.29325   0.34838  
 17  2.4983   2452.969678  x:  1.36746   0.54004   0.31562   0.57051   0.15090   0.33110   0.16662   0.14676   0.35729   0.00000   0.01030   0.00625   0.30405   0.18279   0.41083   0.29320   0.33466  
 18  8.2106   2452.926117  x:  1.36893   0.54078   0.33163   0.56863   0.14982   0.33157   0.16497   0.14515   0.36298   0.00000   0.00895   0.00587   0.30329   0.18103   0.39892   0.29348   0.32547  
 19  2.4660   2452.633366  x:  1.35771   0.51526   0.35660   0.57212   0.14749   0.34535   0.17188   0.15044   0.36472   0.00000   0.00702   0.01493   0.30643   0.17701   0.41242   0.28463   0.33159  
 20  0.0619   2452.521266  x:  1.36777   0.51586   0.34598   0.57723   0.15279   0.35019   0.17531   0.14547   0.35952   0.00000   0.00766   0.01903   0.30425   0.17835   0.38713   0.28778   0.31478  
 21  3.3507   2452.236626  x:  1.34120   0.50267   0.34498   0.55890   0.15431   0.37996   0.19008   0.15322   0.34851   0.00000   0.00747   0.01448   0.30617   0.17600   0.39542   0.29372   0.32688  
 22  0.0272   2452.077562  x:  1.29729   0.51905   0.33197   0.54580   0.14959   0.39354   0.17838   0.14083   0.35115   0.00000   0.00724   0.01574   0.30386   0.17641   0.39631   0.29981   0.33098  
 23  0.0289   2451.914431  x:  1.22232   0.50628   0.33056   0.55357   0.14992   0.39116   0.17630   0.15049   0.36095   0.00000   0.00768   0.01244   0.29983   0.17492   0.38840   0.29784   0.33716  
 24  0.0305   2451.740954  x:  1.20188   0.48297   0.33927   0.54162   0.15012   0.36938   0.18612   0.13635   0.35760   0.00000   0.00836   0.01458   0.29683   0.17296   0.38801   0.29608   0.35174  
 25  0.0176   2451.684101  x:  1.19963   0.47991   0.33745   0.52444   0.14794   0.36530   0.18179   0.14188   0.34539   0.00000   0.00755   0.01542   0.29996   0.17259   0.38726   0.29765   0.35089  
 26  0.0190   2451.680487  x:  1.19985   0.47580   0.33925   0.52377   0.14953   0.36639   0.18031   0.14123   0.34503   0.00000   0.00761   0.01539   0.30054   0.17225   0.38975   0.29944   0.35017  
 27  0.0061   2451.680333  x:  1.19934   0.47639   0.33989   0.52435   0.14951   0.36620   0.18030   0.14130   0.34477   0.00000   0.00763   0.01545   0.30046   0.17217   0.38897   0.29970   0.35042  
 28  0.0016   2451.680331  x:  1.19950   0.47631   0.33989   0.52437   0.14948   0.36615   0.18033   0.14133   0.34481   0.00000   0.00763   0.01546   0.30044   0.17217   0.38896   0.29974   0.35036  
 29  0.0002   2451.680331  x:  1.19949   0.47632   0.33988   0.52435   0.14948   0.36615   0.18034   0.14133   0.34481   0.00000   0.00763   0.01546   0.30044   0.17217   0.38897   0.29974   0.35036  
 30  0.0000   2451.680331  x:  1.19948   0.47632   0.33988   0.52435   0.14948   0.36615   0.18034   0.14133   0.34481   0.00000   0.00763   0.01546   0.30044   0.17217   0.38897   0.29974   0.35036  
 31  0.0000   2451.680331  x:  1.19948   0.47632   0.33988   0.52435   0.14948   0.36615   0.18034   0.14133   0.34481   0.00000   0.00763   0.01546   0.30044   0.17217   0.38897   0.29974   0.35036  