

TREE # 1

  0  0.0000   3253.218452  x:  0.08681   0.03578   0.08096   0.02759   0.09855   0.05990   0.08841   0.07084   0.07244   0.07219   0.04380   0.06218   0.01953   0.50723   0.55854  
  1 99.0000   2409.545573  x:  0.41389   0.49204   0.19588   0.56658   0.02537   0.00000   0.08959   0.28913   0.15295   0.30557   2.28039   0.44827   1.36662   0.48325   0.56649  
  2 4599.5403   2408.130486  x:  0.41369   0.49045   0.19403   0.56454   0.01963   0.02009   0.08593   0.28954   0.15289   0.30393   2.28435   0.44680   1.36645   0.47839   0.56630  
  3 369.2602   2402.972672  x:  0.41262   0.48541   0.18896   0.55794   0.00000   0.02175   0.07622   0.29022   0.15261   0.29916   2.29098   0.44219   1.36363   0.46533   0.56576  
  4 233.8730   2387.077360  x:  0.44719   0.43969   0.24418   0.46623   0.00000   0.03404   0.15492   0.30190   0.20302   0.24601   2.37684   0.38542   1.28830   0.23565   0.55329  
  5 120.9965   2380.103889  x:  0.57851   0.38333   0.30055   0.28586   0.00000   0.02635   0.19461   0.30582   0.13203   0.18911   2.53423   0.31238   1.12222   0.30118   0.52826  
  6 36.8053   2376.850760  x:  0.65290   0.36725   0.29557   0.29527   0.00000   0.01292   0.18201   0.30798   0.21639   0.16185   2.63920   0.27016   0.94643   0.35212   0.50228  
  7 38.6260   2374.950017  x:  0.68253   0.36879   0.28891   0.34089   0.00000   0.00403   0.18049   0.29039   0.18997   0.16706   2.69091   0.26466   0.84105   0.34803   0.48569  
  8 47.6435   2374.070386  x:  0.69736   0.37638   0.27453   0.35278   0.00000   0.00900   0.17531   0.30092   0.17995   0.20805   2.74387   0.28814   0.72997   0.34659   0.46374  
  9 16.7448   2373.341111  x:  0.63706   0.38943   0.26234   0.31317   0.00000   0.00583   0.17305   0.29885   0.18876   0.26848   2.76971   0.31690   0.69604   0.34642   0.44062  
 10  6.2219   2371.346271  x:  0.47490   0.38752   0.27032   0.31452   0.00000   0.00658   0.17770   0.31493   0.17493   0.28229   2.83571   0.23747   0.64716   0.37288   0.40326  
 11  8.6605   2365.343090  x:  0.46771   0.32018   0.24442   0.31296   0.00000   0.00969   0.08252   0.20088   0.18653   0.35929   2.87886   0.13063   0.64594   0.36045   0.42978  
 12  5.9996   2361.010877  x:  0.48660   0.28214   0.20934   0.31724   0.00000   0.00829   0.01651   0.25376   0.17595   0.40485   2.88289   0.07785   0.65324   0.34063   0.45477  
 13 43.8788   2359.953741  x:  0.49028   0.27789   0.14296   0.31271   0.00000   0.00822   0.03480   0.25826   0.17237   0.38929   2.88853   0.07568   0.65612   0.33853   0.46505  
 14 25.2120   2359.171667  x:  0.48861   0.33276   0.11944   0.29885   0.00000   0.00850   0.02608   0.25303   0.16948   0.32283   2.88890   0.11110   0.64841   0.33259   0.47270  
 15 16.2443   2358.598302  x:  0.47272   0.30186   0.12175   0.30152   0.00000   0.00857   0.02119   0.24998   0.16870   0.24590   2.89402   0.19481   0.64397   0.33503   0.46591  
 16 13.1844   2358.449957  x:  0.48162   0.30273   0.12015   0.30198   0.00000   0.00869   0.02088   0.25035   0.16752   0.23088   2.88672   0.20215   0.65480   0.33195   0.41238  
 17  2.3302   2357.396228  x:  0.47447   0.31634   0.14669   0.29317   0.00000   0.00830   0.03401   0.28011   0.15481   0.17113   2.86659   0.23608   0.68722   0.30555   0.43067  
 18  0.5791   2357.146367  x:  0.45821   0.32389   0.14116   0.31455   0.00000   0.00789   0.03087   0.29566   0.15337   0.19713   2.84564   0.23648   0.71429   0.30378   0.43717  
 19  0.1088   2357.036597  x:  0.47926   0.31962   0.14143   0.31667   0.00000   0.00731   0.02733   0.31216   0.15744   0.18630   2.85656   0.23408   0.70679   0.30828   0.43615  
 20  0.0307   2356.842454  x:  0.45812   0.31357   0.14166   0.29853   0.00000   0.00726   0.02696   0.32848   0.15742   0.20398   2.90850   0.22187   0.71274   0.29864   0.41998  
 21  0.0151   2355.436099  x:  0.41558   0.33521   0.15003   0.33075   0.00000   0.01096   0.03685   0.35315   0.14718   0.16253   3.35559   0.22800   0.73927   0.31985   0.33806  
 22  0.0578   2354.203124  x:  0.50393   0.33651   0.15002   0.33414   0.00000   0.01143   0.03633   0.34103   0.14864   0.20833   3.65785   0.23245   0.73459   0.29290   0.32049  
 23  0.3020   2353.298753  x:  0.49300   0.31936   0.13759   0.31118   0.00000   0.00981   0.02670   0.30136   0.16743   0.20532   3.98704   0.20978   0.77600   0.30272   0.26287  
 24  0.2108   2352.869109  x:  0.47220   0.32320   0.13954   0.32003   0.00000   0.00660   0.02696   0.30452   0.14850   0.20635   4.42854   0.20581   0.74633   0.30478   0.21193  
 25  0.2268   2352.771622  x:  0.46955   0.32520   0.14034   0.32054   0.00000   0.00649   0.02849   0.30710   0.15189   0.20321   4.57015   0.20919   0.74945   0.30506   0.21888  
 26  0.2609   2352.605448  x:  0.47275   0.32921   0.14273   0.32009   0.00000   0.00691   0.03161   0.31200   0.16188   0.19698   4.90402   0.22182   0.75682   0.30421   0.17935  
 27  0.5514   2352.503950  x:  0.48232   0.32581   0.14124   0.31989   0.00000   0.00774   0.02875   0.31063   0.15874   0.18740   5.32430   0.22655   0.76399   0.30118   0.15158  
 28  0.2986   2352.449577  x:  0.48551   0.32377   0.14051   0.31860   0.00000   0.00817   0.02736   0.30934   0.15624   0.18765   5.47109   0.22641   0.76317   0.30124   0.15370  
 29  0.2348   2352.382742  x:  0.47830   0.32472   0.14048   0.31611   0.00000   0.00769   0.02861   0.30886   0.15575   0.19187   5.98155   0.22934   0.75107   0.30518   0.12926  
 30  0.3732   2352.336606  x:  0.47164   0.32770   0.14019   0.32189   0.00000   0.00725   0.02963   0.31053   0.15980   0.18592   6.58567   0.23001   0.75011   0.30172   0.11313  
 31  0.2385   2352.303278  x:  0.48024   0.32617   0.14153   0.31711   0.00000   0.00764   0.02887   0.31017   0.15598   0.18571   7.07512   0.23280   0.75942   0.30468   0.10372  
 32  0.2182   2352.298548  x:  0.48087   0.32599   0.14149   0.31683   0.00000   0.00767   0.02876   0.31006   0.15570   0.18515   7.22189   0.23355   0.75983   0.30474   0.09922  
 33  0.9613   2352.283061  x:  0.47891   0.32558   0.14003   0.31857   0.00000   0.00754   0.02869   0.30927   0.15689   0.18358   7.68900   0.23443   0.75530   0.30269   0.08985  
 34  0.3507   2352.273594  x:  0.47638   0.32584   0.13952   0.31990   0.00000   0.00745   0.02876   0.30925   0.15799   0.18327   7.85305   0.23429   0.75159   0.30170   0.08897  
 35  0.1545   2352.261452  x:  0.47547   0.32649   0.14006   0.31969   0.00000   0.00746   0.02889   0.30986   0.15807   0.18207   8.41912   0.23606   0.75115   0.30238   0.07973  
 36  0.5426   2352.248693  x:  0.47804   0.32677   0.14115   0.31773   0.00000   0.00764   0.02890   0.31056   0.15660   0.18078   9.01944   0.23801   0.75638   0.30437   0.07261  
 37  0.3480   2352.243983  x:  0.47889   0.32663   0.14126   0.31735   0.00000   0.00767   0.02886   0.31051   0.15625   0.18093   9.04034   0.23789   0.75765   0.30461   0.07349  
 38  0.0488   2352.228219  x:  0.47886   0.32577   0.13990   0.31848   0.00000   0.00757   0.02867   0.30930   0.15674   0.17999   9.87090   0.23818   0.75555   0.30270   0.06485  
 39  0.5434   2352.213703  x:  0.47573   0.32619   0.13962   0.32011   0.00000   0.00738   0.02888   0.30927   0.15835   0.18121  10.87937   0.23723   0.74993   0.30157   0.05740  
 40  0.3693   2352.209821  x:  0.47545   0.32631   0.13969   0.32018   0.00000   0.00737   0.02892   0.30940   0.15845   0.18145  10.91551   0.23695   0.74969   0.30164   0.05792  
 41  0.1268   2352.195035  x:  0.47735   0.32665   0.14043   0.31865   0.00000   0.00757   0.02892   0.31026   0.15721   0.18032  11.88322   0.23787   0.75445   0.30338   0.05160  
 42  0.8290   2352.182965  x:  0.48043   0.32591   0.14043   0.31710   0.00000   0.00771   0.02862   0.30964   0.15567   0.17885  13.12287   0.23950   0.75902   0.30389   0.04587  
 43  0.3746   2352.180089  x:  0.48029   0.32587   0.14039   0.31721   0.00000   0.00769   0.02862   0.30956   0.15579   0.17892  13.16593   0.23953   0.75859   0.30376   0.04618  
 44  0.1332   2352.169225  x:  0.47759   0.32617   0.14015   0.31879   0.00000   0.00752   0.02884   0.30953   0.15733   0.17981  14.19952   0.23902   0.75346   0.30274   0.04183  
 45  1.1720   2352.162696  x:  0.47603   0.32675   0.14016   0.31944   0.00000   0.00747   0.02899   0.31024   0.15791   0.18031  15.35325   0.23787   0.75186   0.30277   0.03811  
 46  0.4441   2352.158669  x:  0.47565   0.32698   0.14019   0.31955   0.00000   0.00747   0.02903   0.31054   0.15799   0.18060  15.61504   0.23718   0.75179   0.30288   0.03786  
 47  0.5919   2352.152339  x:  0.47721   0.32660   0.14021   0.31884   0.00000   0.00755   0.02891   0.31012   0.15732   0.18060  16.66789   0.23723   0.75407   0.30308   0.03483  
 48  1.0908   2352.150114  x:  0.47845   0.32613   0.14020   0.31832   0.00000   0.00758   0.02881   0.30957   0.15687   0.18054  17.39751   0.23780   0.75529   0.30308   0.03307  
 49  0.6533   2352.147656  x:  0.47964   0.32565   0.14020   0.31783   0.00000   0.00760   0.02870   0.30900   0.15645   0.18024  17.66444   0.23873   0.75630   0.30304   0.03279  
 50  0.3937   2352.143726  x:  0.47860   0.32597   0.14021   0.31831   0.00000   0.00756   0.02880   0.30941   0.15690   0.18008  18.73218   0.23877   0.75488   0.30298   0.03052  
 51  0.8089   2352.141012  x:  0.47636   0.32677   0.14021   0.31923   0.00000   0.00750   0.02897   0.31038   0.15771   0.18000  19.68574   0.23799   0.75263   0.30299   0.02888  
 52  0.5960   2352.140006  x:  0.47639   0.32678   0.14020   0.31920   0.00000   0.00750   0.02897   0.31037   0.15768   0.18012  19.73436   0.23778   0.75279   0.30300   0.02898  
 53  0.0721   2352.136928  x:  0.47778   0.32632   0.14018   0.31856   0.00000   0.00757   0.02885   0.30976   0.15711   0.18041  20.90765   0.23773   0.75458   0.30305   0.02705  
 54  1.2197   2352.135902  x:  0.47828   0.32613   0.14019   0.31837   0.00000   0.00757   0.02883   0.30953   0.15696   0.18075  21.71934   0.23763   0.75495   0.30303   0.02587  
 55  0.7643   2352.133765  x:  0.47917   0.32576   0.14022   0.31811   0.00000   0.00756   0.02879   0.30917   0.15674   0.18133  22.53103   0.23760   0.75536   0.30298   0.02505  
 56  0.6799   2352.132268  x:  0.47889   0.32587   0.14022   0.31826   0.00000   0.00755   0.02882   0.30932   0.15687   0.18134  23.35724   0.23745   0.75506   0.30297   0.02398  
 57  1.6198   2352.131680  x:  0.47831   0.32610   0.14021   0.31850   0.00000   0.00754   0.02885   0.30958   0.15706   0.18112  23.97015   0.23735   0.75462   0.30298   0.02325  
 58  1.3647   2352.130959  x:  0.47694   0.32664   0.14018   0.31900   0.00000   0.00753   0.02893   0.31018   0.15749   0.18044  24.19263   0.23732   0.75364   0.30302   0.02309  
 59  0.2262   2352.129987  x:  0.47726   0.32649   0.14019   0.31877   0.00000   0.00755   0.02890   0.30996   0.15732   0.18040  25.09757   0.23763   0.75394   0.30305   0.02214  
 60  0.4553   2352.128587  x:  0.47871   0.32585   0.14021   0.31806   0.00000   0.00758   0.02880   0.30922   0.15676   0.18068  26.46669   0.23829   0.75506   0.30305   0.02093  
 61  0.7644   2352.127548  x:  0.47762   0.32635   0.14019   0.31876   0.00000   0.00754   0.02888   0.30989   0.15729   0.18064  27.20638   0.23749   0.75407   0.30299   0.02040  
 62  0.3092   2352.127026  x:  0.47721   0.32654   0.14018   0.31901   0.00000   0.00752   0.02891   0.31014   0.15749   0.18062  27.94607   0.23719   0.75370   0.30298   0.01975  
 63  3.9907   2352.126731  x:  0.47740   0.32646   0.14019   0.31888   0.00000   0.00753   0.02891   0.31001   0.15739   0.18081  28.57552   0.23712   0.75393   0.30300   0.01924  
 64  0.8835   2352.126200  x:  0.47830   0.32608   0.14021   0.31830   0.00000   0.00756   0.02886   0.30943   0.15694   0.18125  28.98167   0.23729   0.75488   0.30307   0.01900  
 65  0.3342   2352.125685  x:  0.47806   0.32617   0.14020   0.31849   0.00000   0.00756   0.02887   0.30961   0.15708   0.18120  29.99462   0.23712   0.75458   0.30302   0.01828  
 66  0.5733   2352.125043  x:  0.47715   0.32654   0.14017   0.31909   0.00000   0.00752   0.02890   0.31020   0.15754   0.18075  31.08972   0.23697   0.75355   0.30293   0.01763  
 67  0.6055   2352.124807  x:  0.47730   0.32648   0.14018   0.31897   0.00000   0.00753   0.02890   0.31009   0.15746   0.18082  31.68848   0.23703   0.75374   0.30296   0.01724  
 68  1.0777   2352.124383  x:  0.47802   0.32619   0.14021   0.31845   0.00000   0.00755   0.02888   0.30961   0.15708   0.18108  32.52040   0.23730   0.75457   0.30307   0.01677  
 69  1.1912   2352.124212  x:  0.47817   0.32613   0.14021   0.31836   0.00000   0.00756   0.02888   0.30951   0.15701   0.18114  32.53758   0.23734   0.75474   0.30308   0.01680  
 70  0.0222   2352.123835  x:  0.47791   0.32623   0.14020   0.31858   0.00000   0.00755   0.02887   0.30969   0.15715   0.18106  33.63675   0.23718   0.75443   0.30301   0.01618  
 71  0.8520   2352.123430  x:  0.47728   0.32648   0.14017   0.31901   0.00000   0.00753   0.02891   0.31012   0.15749   0.18100  34.99678   0.23678   0.75369   0.30295   0.01553  
 72  0.4993   2352.123110  x:  0.47796   0.32622   0.14020   0.31852   0.00000   0.00755   0.02888   0.30965   0.15713   0.18126  35.63203   0.23703   0.75451   0.30305   0.01527  
 73  0.2638   2352.122943  x:  0.47816   0.32614   0.14021   0.31837   0.00000   0.00756   0.02888   0.30952   0.15703   0.18134  36.26728   0.23708   0.75474   0.30308   0.01496  
 74  3.8389   2352.122895  x:  0.47816   0.32614   0.14021   0.31837   0.00000   0.00756   0.02888   0.30952   0.15702   0.18135  36.62945   0.23707   0.75475   0.30308   0.01479  
 75  1.7495   2352.122759  x:  0.47789   0.32624   0.14020   0.31859   0.00000   0.00755   0.02888   0.30971   0.15717   0.18122  37.28611   0.23698   0.75440   0.30302   0.01451  
 76  0.6509   2352.122653  x:  0.47763   0.32634   0.14019   0.31878   0.00000   0.00754   0.02889   0.30989   0.15730   0.18109  37.25944   0.23693   0.75410   0.30297   0.01454  
 77  0.0254   2352.122338  x:  0.47812   0.32615   0.14022   0.31833   0.00000   0.00756   0.02889   0.30952   0.15703   0.18135  38.96626   0.23714   0.75472   0.30313   0.01386  
 78  0.3412   2352.122126  x:  0.47765   0.32632   0.14017   0.31883   0.00000   0.00754   0.02887   0.30989   0.15731   0.18110  39.75085   0.23684   0.75410   0.30293   0.01359  
 79  0.2860   2352.122073  x:  0.47767   0.32632   0.14018   0.31881   0.00000   0.00754   0.02888   0.30988   0.15730   0.18113  40.18185   0.23683   0.75412   0.30294   0.01342  
 80  1.1696   2352.122065  x:  0.47767   0.32632   0.14018   0.31880   0.00000   0.00754   0.02888   0.30987   0.15730   0.18114  40.36888   0.23683   0.75413   0.30294   0.01335  
 81 24.7239   2352.122015  x:  0.47787   0.32625   0.14020   0.31855   0.00000   0.00755   0.02890   0.30970   0.15717   0.18133  40.65185   0.23691   0.75441   0.30306   0.01325  
 82  0.3157   2352.121995  x:  0.47794   0.32623   0.14021   0.31849   0.00000   0.00755   0.02890   0.30966   0.15714   0.18137  40.49590   0.23694   0.75449   0.30309   0.01332  
 83  0.1411   2352.121956  x:  0.47779   0.32627   0.14019   0.31869   0.00000   0.00755   0.02888   0.30978   0.15723   0.18124  40.57321   0.23684   0.75429   0.30298   0.01330  
 84  0.0348   2352.121800  x:  0.47780   0.32627   0.14020   0.31858   0.00000   0.00754   0.02891   0.30975   0.15720   0.18134  41.83561   0.23688   0.75432   0.30306   0.01286  
 85  0.2036   2352.121693  x:  0.47790   0.32624   0.14020   0.31860   0.00000   0.00755   0.02888   0.30970   0.15718   0.18130  42.51629   0.23687   0.75444   0.30301   0.01267  
 86  0.1966   2352.121567  x:  0.47792   0.32623   0.14021   0.31861   0.00000   0.00755   0.02887   0.30970   0.15717   0.18129  43.28525   0.23685   0.75446   0.30300   0.01242  
 87  2.6547   2352.121567  x:  0.47792   0.32623   0.14021   0.31861   0.00000   0.00755   0.02887   0.30970   0.15717   0.18129  43.28866   0.23685   0.75446   0.30300   0.01242  
 88  0.0955   2352.121567  x:  0.47792   0.32623   0.14021   0.31861   0.00000   0.00755   0.02887   0.30970   0.15717   0.18129  43.28866   0.23685   0.75446   0.30300   0.01242  
 89  0.0756   2352.121566  x:  0.47794   0.32622   0.14021   0.31860   0.00000   0.00755   0.02887   0.30969   0.15717   0.18129  43.30719   0.23685   0.75447   0.30300   0.01242  
 90  1.7934   2352.121565  x:  0.47788   0.32623   0.14020   0.31858   0.00000   0.00755   0.02888   0.30968   0.15716   0.18134  43.32295   0.23682   0.75442   0.30300   0.01242  
 91  0.0258   2352.121563  x:  0.47780   0.32625   0.14019   0.31859   0.00000   0.00755   0.02889   0.30970   0.15718   0.18137  43.31259   0.23679   0.75434   0.30302   0.01242  
 92  0.0197   2352.121563  x:  0.47780   0.32625   0.14019   0.31859   0.00000   0.00755   0.02889   0.30970   0.15718   0.18137  43.31258   0.23679   0.75434   0.30302   0.01242  
 93  0.0079   2352.121563  x:  0.47780   0.32625   0.14019   0.31859   0.00000   0.00755   0.02889   0.30970   0.15718   0.18137  43.31258   0.23679   0.75434   0.30302   0.01242  
 94  0.0104   2352.121563  x:  0.47780   0.32625   0.14019   0.31859   0.00000   0.00755   0.02889   0.30970   0.15718   0.18137  43.31258   0.23679   0.75434   0.30302   0.01242  
 95  0.0005   2352.121562  x:  0.47780   0.32625   0.14019   0.31859   0.00000   0.00755   0.02889   0.30970   0.15718   0.18137  43.31258   0.23679   0.75434   0.30302   0.01242  
 96  0.8132   2352.121562  x:  0.47781   0.32626   0.14019   0.31860   0.00000   0.00755   0.02890   0.30971   0.15720   0.18137  43.31258   0.23679   0.75434   0.30302   0.01242  
 97  0.0258   2352.121561  x:  0.47781   0.32626   0.14020   0.31860   0.00000   0.00755   0.02890   0.30973   0.15721   0.18137  43.31258   0.23679   0.75434   0.30303   0.01242  
 98  0.1721   2352.121561  x:  0.47781   0.32626   0.14020   0.31861   0.00000   0.00755   0.02889   0.30974   0.15721   0.18137  43.31258   0.23679   0.75434   0.30303   0.01242  
 99  0.0216   2352.121561  x:  0.47782   0.32626   0.14020   0.31862   0.00000   0.00755   0.02889   0.30975   0.15720   0.18136  43.31258   0.23679   0.75434   0.30302   0.01242  
100  0.0087   2352.121561  x:  0.47783   0.32626   0.14020   0.31863   0.00000   0.00755   0.02889   0.30975   0.15720   0.18135  43.31258   0.23680   0.75435   0.30303   0.01242  
101  0.0035   2352.121561  x:  0.47784   0.32626   0.14020   0.31862   0.00000   0.00755   0.02889   0.30974   0.15721   0.18133  43.31258   0.23682   0.75435   0.30302   0.01242  
102  0.0063   2352.121561  x:  0.47784   0.32626   0.14020   0.31862   0.00000   0.00755   0.02889   0.30974   0.15720   0.18132  43.31259   0.23682   0.75435   0.30302   0.01242  
103  0.0019   2352.121561  x:  0.47783   0.32626   0.14020   0.31862   0.00000   0.00755   0.02889   0.30974   0.15720   0.18132  43.31259   0.23683   0.75435   0.30302   0.01242  
104  0.0023   2352.121561  x:  0.47783   0.32626   0.14020   0.31862   0.00000   0.00755   0.02889   0.30974   0.15720   0.18132  43.31259   0.23683   0.75435   0.30302   0.01242  
105  0.0008   2352.121561  x:  0.47783   0.32626   0.14020   0.31862   0.00000   0.00755   0.02889   0.30974   0.15720   0.18132  43.31259   0.23683   0.75435   0.30302   0.01242  
106  0.0002   2352.121561  x:  0.47783   0.32626   0.14020   0.31862   0.00000   0.00755   0.02889   0.30974   0.15720   0.18132  43.31259   0.23683   0.75435   0.30302   0.01242  
107  0.0005   2352.121561  x:  0.47783   0.32626   0.14020   0.31862   0.00000   0.00755   0.02889   0.30974   0.15720   0.18132  43.31259   0.23683   0.75435   0.30302   0.01242  
108  0.0019   2352.121561  x:  0.47783   0.32626   0.14020   0.31862   0.00000   0.00755   0.02889   0.30974   0.15720   0.18132  43.31260   0.23683   0.75435   0.30302   0.01242  
109  0.0002   2352.121561  x:  0.47783   0.32626   0.14020   0.31862   0.00000   0.00755   0.02889   0.30974   0.15720   0.18132  43.31262   0.23683   0.75435   0.30302   0.01242  
110  0.0078   2352.121561  x:  0.47783   0.32626   0.14020   0.31862   0.00000   0.00755   0.02889   0.30974   0.15720   0.18132  43.31266   0.23683   0.75435   0.30302   0.01242  
111  0.0002   2352.121561  x:  0.47783   0.32626   0.14020   0.31862   0.00000   0.00755   0.02889   0.30974   0.15720   0.18132  43.31273   0.23683   0.75435   0.30302   0.01242  
112  0.0003   2352.121561  x:  0.47783   0.32626   0.14020   0.31862   0.00000   0.00755   0.02889   0.30974   0.15720   0.18132  43.31286   0.23683   0.75435   0.30302   0.01242  
113  0.0004   2352.121561  x:  0.47783   0.32626   0.14020   0.31862   0.00000   0.00755   0.02889   0.30974   0.15720   0.18132  43.31311   0.23683   0.75435   0.30302   0.01242  
114  0.0005   2352.121561  x:  0.47783   0.32626   0.14020   0.31862   0.00000   0.00755   0.02889   0.30974   0.15720   0.18132  43.31371   0.23683   0.75435   0.30302   0.01242  
115  0.0005   2352.121561  x:  0.47783   0.32626   0.14020   0.31862   0.00000   0.00755   0.02889   0.30974   0.15721   0.18133  43.31836   0.23682   0.75435   0.30302   0.01242  
116  0.0006   2352.121561  x:  0.47783   0.32626   0.14020   0.31862   0.00000   0.00755   0.02889   0.30974   0.15720   0.18132  43.31652   0.23683   0.75435   0.30302   0.01242  
117  0.0006   2352.121558  x:  0.47783   0.32626   0.14020   0.31862   0.00000   0.00755   0.02889   0.30974   0.15721   0.18134  43.34753   0.23681   0.75435   0.30302   0.01241  
118  0.0039   2352.121518  x:  0.47784   0.32625   0.14020   0.31863   0.00000   0.00756   0.02889   0.30974   0.15721   0.18141  43.77746   0.23673   0.75436   0.30302   0.01229  
119  0.0537   2352.121340  x:  0.47784   0.32624   0.14020   0.31863   0.00000   0.00757   0.02890   0.30973   0.15721   0.18156  45.49720   0.23655   0.75438   0.30302   0.01179  
120  1.6531   2352.121340  x:  0.47784   0.32624   0.14020   0.31863   0.00000   0.00757   0.02890   0.30973   0.15721   0.18156  45.49720   0.23655   0.75438   0.30302   0.01179  
121  1.9977   2352.121329  x:  0.47784   0.32624   0.14020   0.31863   0.00000   0.00757   0.02890   0.30973   0.15721   0.18156  45.49720   0.23655   0.75438   0.30302   0.01179  
122  2.9659   2352.121325  x:  0.47784   0.32624   0.14020   0.31863   0.00000   0.00755   0.02890   0.30973   0.15721   0.18156  45.49720   0.23655   0.75438   0.30302   0.01179  
123  0.3749   2352.121325  x:  0.47784   0.32625   0.14020   0.31863   0.00000   0.00755   0.02888   0.30973   0.15721   0.18156  45.49720   0.23657   0.75438   0.30302   0.01179  
124  0.0161   2352.121324  x:  0.47784   0.32626   0.14018   0.31861   0.00000   0.00755   0.02890   0.30976   0.15719   0.18149  45.49720   0.23669   0.75436   0.30302   0.01179  
125  0.0300   2352.121323  x:  0.47783   0.32627   0.14020   0.31861   0.00000   0.00755   0.02889   0.30975   0.15722   0.18140  45.49721   0.23677   0.75434   0.30302   0.01179  
126  0.0262   2352.121323  x:  0.47783   0.32626   0.14020   0.31862   0.00000   0.00755   0.02889   0.30974   0.15720   0.18137  45.49721   0.23678   0.75433   0.30302   0.01179  
127  0.0161   2352.121323  x:  0.47783   0.32626   0.14019   0.31862   0.00000   0.00755   0.02889   0.30974   0.15721   0.18136  45.49721   0.23678   0.75434   0.30302   0.01179  
128  0.0033   2352.121323  x:  0.47784   0.32625   0.14020   0.31862   0.00000   0.00755   0.02889   0.30974   0.15721   0.18136  45.49721   0.23679   0.75435   0.30302   0.01179  
129  0.0025   2352.121323  x:  0.47784   0.32626   0.14020   0.31862   0.00000   0.00755   0.02889   0.30974   0.15721   0.18136  45.49721   0.23679   0.75435   0.30302   0.01179  
130  0.0015   2352.121323  x:  0.47784   0.32626   0.14020   0.31862   0.00000   0.00755   0.02889   0.30974   0.15721   0.18136  45.49721   0.23679   0.75435   0.30302   0.01179  
131  0.0010   2352.121323  x:  0.47784   0.32626   0.14020   0.31862   0.00000   0.00755   0.02889   0.30974   0.15721   0.18136  45.49721   0.23679   0.75435   0.30302   0.01179  
132  0.0002   2352.121323  x:  0.47784   0.32626   0.14020   0.31862   0.00000   0.00755   0.02889   0.30974   0.15721   0.18136  45.49721   0.23679   0.75435   0.30302   0.01179  
133  0.0003   2352.121323  x:  0.47784   0.32626   0.14020   0.31862   0.00000   0.00755   0.02889   0.30974   0.15721   0.18136  45.49721   0.23679   0.75435   0.30302   0.01179  
134  0.0022   2352.121323  x:  0.47784   0.32626   0.14020   0.31862   0.00000   0.00755   0.02889   0.30974   0.15721   0.18136  45.49721   0.23679   0.75435   0.30302   0.01179  
135  0.0001   2352.121323  x:  0.47784   0.32626   0.14020   0.31862   0.00000   0.00755   0.02889   0.30974   0.15721   0.18136  45.49721   0.23679   0.75435   0.30302   0.01179  
136  0.0007   2352.121323  x:  0.47784   0.32626   0.14020   0.31862   0.00000   0.00755   0.02889   0.30974   0.15721   0.18136  45.49721   0.23679   0.75435   0.30302   0.01179  
check convergence!
