

TREE # 1

  0  0.0000   1509.901797  x:  0.04613   0.04844   0.10887   0.10445   0.09845   0.06864   0.10696   0.08138   0.01254   0.01064   0.06812   0.03464   0.05443   0.07726   0.06753   0.06711   0.05445   0.03496   0.03424   0.10370   0.50920   0.58995   0.59073  
  1 99.0000   1486.622431  x:  0.04486   0.06887   0.09984   0.10098   0.09707   0.05759   0.09649   0.10290   0.00000   0.08556   0.05963   0.03955   0.04992   0.06780   0.07124   0.06585   0.05987   0.05963   0.03686   0.09815   0.50274   0.59020   0.59018  
  2 731.4424   1464.884361  x:  0.03759   0.11554   0.05971   0.08543   0.09233   0.01123   0.05131   0.16861   0.00000   0.06403   0.01463   0.04996   0.03396   0.02547   0.08402   0.05858   0.07357   0.09795   0.04190   0.07502   0.47317   0.59160   0.58727  
  3 294.2272   1462.249701  x:  0.03507   0.12445   0.03867   0.07907   0.09106   0.03327   0.03451   0.18812   0.00000   0.06023   0.02321   0.04814   0.03714   0.01793   0.08775   0.05606   0.07549   0.10163   0.04117   0.06609   0.45217   0.59243   0.58542  
  4 161.2203   1460.509146  x:  0.03478   0.12527   0.02112   0.07371   0.09015   0.02818   0.03167   0.20381   0.00000   0.06035   0.02871   0.04198   0.04408   0.03658   0.08995   0.05577   0.07471   0.09407   0.03949   0.06047   0.41287   0.59376   0.58217  
  5 102.3433   1454.183344  x:  0.03879   0.12079   0.03244   0.06405   0.08931   0.02681   0.04764   0.25124   0.00000   0.06409   0.03207   0.03333   0.05265   0.03030   0.09835   0.05977   0.07251   0.05951   0.03829   0.05385   0.23204   0.59972   0.56696  
  6 152.7567   1452.678682  x:  0.03935   0.11449   0.02940   0.07024   0.09129   0.02819   0.04466   0.25065   0.00000   0.06320   0.03144   0.04268   0.04952   0.03293   0.09642   0.06034   0.07281   0.06658   0.04003   0.06303   0.17566   0.60161   0.56149  
  7 160.4130   1452.543921  x:  0.03933   0.11479   0.02932   0.07165   0.09189   0.02788   0.04265   0.24615   0.00000   0.06327   0.03065   0.03603   0.04816   0.03219   0.09569   0.06032   0.07327   0.06905   0.03895   0.06120   0.16933   0.60231   0.55934  
  8 29.2672   1452.493749  x:  0.03914   0.11784   0.02859   0.07087   0.09204   0.02724   0.04211   0.24040   0.00000   0.06353   0.03068   0.03766   0.04884   0.03148   0.09571   0.06013   0.07373   0.06794   0.03898   0.05671   0.16667   0.60376   0.55510  
  9 11.9934   1452.455753  x:  0.03887   0.12283   0.02803   0.06890   0.09163   0.02777   0.04280   0.23704   0.00000   0.06336   0.03002   0.03699   0.04942   0.03179   0.09716   0.05986   0.07480   0.06710   0.04082   0.05915   0.16557   0.60680   0.54647  
 10  9.2271   1452.378731  x:  0.03916   0.12711   0.02939   0.06909   0.09128   0.02744   0.04240   0.23566   0.00000   0.06291   0.03169   0.03766   0.04896   0.03270   0.09945   0.06015   0.07507   0.06752   0.03565   0.06110   0.16536   0.61541   0.52228  
 11 14.6563   1451.890011  x:  0.04113   0.12849   0.02891   0.07589   0.09150   0.02703   0.04301   0.23416   0.00000   0.06283   0.03322   0.03794   0.04652   0.03322   0.10349   0.06211   0.06949   0.06906   0.03969   0.05943   0.16766   0.66959   0.37025  
 12 56.2797   1451.770288  x:  0.03921   0.12478   0.02827   0.07272   0.09153   0.02773   0.04236   0.23318   0.00000   0.06362   0.02950   0.03821   0.04911   0.03258   0.10038   0.06019   0.07260   0.06881   0.03765   0.06009   0.16834   0.68455   0.32940  
 13 75.8451   1451.759340  x:  0.03926   0.12449   0.02929   0.07126   0.09154   0.02718   0.04153   0.23326   0.00000   0.06348   0.03089   0.03826   0.04876   0.03279   0.09919   0.06025   0.07376   0.06928   0.03836   0.06004   0.16839   0.68636   0.32615  
 14  9.4892   1451.750304  x:  0.03981   0.12504   0.02875   0.07064   0.09180   0.02752   0.04280   0.23334   0.00000   0.06336   0.03089   0.03832   0.04729   0.03291   0.09730   0.06080   0.07404   0.06959   0.03806   0.05982   0.16850   0.68928   0.32600  
 15  2.2189   1451.668943  x:  0.04005   0.12875   0.03005   0.07329   0.09335   0.02795   0.03984   0.23270   0.00000   0.06354   0.02917   0.03858   0.04806   0.03348   0.08934   0.06103   0.07205   0.06811   0.03817   0.06087   0.16974   0.71911   0.33187  
 16  5.9639   1451.306610  x:  0.03473   0.12895   0.02823   0.07748   0.09266   0.02493   0.04370   0.22424   0.00000   0.06308   0.03154   0.03896   0.05190   0.02914   0.08658   0.05572   0.07548   0.07621   0.03900   0.06136   0.17503   0.85826   0.36315  
 17 39.4904   1450.930495  x:  0.03726   0.12403   0.02975   0.07433   0.09098   0.02754   0.03840   0.21427   0.00000   0.06411   0.02387   0.04092   0.04580   0.03178   0.09400   0.05824   0.08010   0.07982   0.03985   0.05962   0.18064   0.99698   0.39496  
 18 148.1359   1450.904533  x:  0.03773   0.12279   0.02821   0.07281   0.09173   0.02641   0.03720   0.21281   0.00000   0.06467   0.02444   0.04090   0.04459   0.03004   0.09456   0.05871   0.07860   0.07865   0.03941   0.06097   0.18107   1.00593   0.39708  
 19 22.8366   1450.899445  x:  0.03761   0.12275   0.02856   0.07152   0.09290   0.02650   0.03731   0.21262   0.00000   0.06457   0.02424   0.04094   0.04494   0.03017   0.09477   0.05859   0.07698   0.07961   0.03932   0.06091   0.18110   1.00610   0.39727  
 20  2.5722   1450.691897  x:  0.03930   0.12502   0.02800   0.07638   0.10642   0.02537   0.03735   0.20870   0.00000   0.06447   0.02378   0.04185   0.04549   0.02843   0.09512   0.06028   0.08274   0.08204   0.04008   0.06202   0.18536   0.89506   0.38720  
 21  1.4602   1450.357851  x:  0.03424   0.12809   0.02948   0.07940   0.10020   0.02464   0.03629   0.20134   0.00000   0.06466   0.02246   0.04354   0.03909   0.02774   0.09143   0.05522   0.07871   0.08643   0.04076   0.06317   0.19081   0.72692   0.37186  
 22 99.0525   1450.292872  x:  0.03728   0.12845   0.02921   0.07941   0.09580   0.02406   0.03633   0.19942   0.00000   0.06442   0.02210   0.04373   0.04192   0.02638   0.08992   0.05825   0.07744   0.08925   0.04059   0.06377   0.19188   0.69221   0.36870  
 23 69.0604   1450.119934  x:  0.03823   0.12510   0.03287   0.08057   0.09237   0.02163   0.03858   0.20609   0.00000   0.06606   0.02085   0.04612   0.03900   0.02392   0.09127   0.05919   0.07559   0.09269   0.04152   0.06621   0.18585   0.76959   0.36941  
 24  0.0877   1450.082665  x:  0.03768   0.12548   0.03464   0.08034   0.09378   0.02065   0.03926   0.20927   0.00000   0.06795   0.02154   0.04655   0.03954   0.02517   0.09167   0.05864   0.07689   0.09361   0.04149   0.06658   0.18384   0.71578   0.37146  
 25  0.0501   1450.057209  x:  0.03760   0.12819   0.03486   0.07983   0.09307   0.02106   0.03891   0.20749   0.00000   0.07175   0.02031   0.04607   0.04010   0.02572   0.09202   0.05856   0.07686   0.09461   0.04122   0.06587   0.18454   0.73922   0.36907  
 26  0.0130   1450.050536  x:  0.03776   0.12816   0.03413   0.07984   0.09332   0.02107   0.03887   0.20878   0.00000   0.07311   0.02119   0.04596   0.03965   0.02497   0.09179   0.05872   0.07669   0.09475   0.04131   0.06579   0.18492   0.73260   0.36798  
 27  0.0065   1450.050011  x:  0.03774   0.12776   0.03385   0.07992   0.09336   0.02117   0.03880   0.20923   0.00000   0.07329   0.02098   0.04605   0.03970   0.02505   0.09167   0.05870   0.07677   0.09477   0.04136   0.06591   0.18471   0.73146   0.36846  
 28  0.0017   1450.049972  x:  0.03774   0.12774   0.03379   0.07996   0.09330   0.02115   0.03879   0.20914   0.00000   0.07331   0.02102   0.04607   0.03973   0.02512   0.09173   0.05870   0.07674   0.09480   0.04138   0.06593   0.18470   0.73260   0.36835  
 29  0.0015   1450.049970  x:  0.03773   0.12775   0.03378   0.07997   0.09331   0.02114   0.03880   0.20911   0.00000   0.07332   0.02102   0.04607   0.03973   0.02511   0.09174   0.05869   0.07675   0.09481   0.04138   0.06593   0.18470   0.73245   0.36838  
 30  0.0002   1450.049970  x:  0.03773   0.12775   0.03377   0.07997   0.09331   0.02114   0.03880   0.20911   0.00000   0.07331   0.02102   0.04607   0.03973   0.02511   0.09174   0.05870   0.07676   0.09481   0.04138   0.06592   0.18471   0.73244   0.36838  
 31  0.0000   1450.049970  x:  0.03773   0.12775   0.03377   0.07997   0.09331   0.02114   0.03880   0.20911   0.00000   0.07331   0.02102   0.04607   0.03973   0.02511   0.09174   0.05870   0.07676   0.09481   0.04138   0.06592   0.18470   0.73244   0.36838  
 32  0.0000   1450.049970  x:  0.03773   0.12775   0.03377   0.07997   0.09331   0.02114   0.03880   0.20911   0.00000   0.07331   0.02102   0.04607   0.03973   0.02511   0.09174   0.05870   0.07676   0.09481   0.04138   0.06592   0.18470   0.73244   0.36838  
 33  0.0000   1450.049970  x:  0.03773   0.12775   0.03377   0.07997   0.09331   0.02114   0.03880   0.20911   0.00000   0.07331   0.02102   0.04607   0.03973   0.02511   0.09174   0.05870   0.07676   0.09481   0.04138   0.06592   0.18470   0.73244   0.36838  
 34  0.0000   1450.049970  x:  0.03773   0.12775   0.03377   0.07997   0.09331   0.02114   0.03880   0.20911   0.00000   0.07331   0.02102   0.04607   0.03973   0.02511   0.09174   0.05870   0.07676   0.09481   0.04138   0.06592   0.18470   0.73244   0.36838  