

TREE # 1

  0  0.0000   3119.649722  x:  0.05665   0.06709   0.05727   0.05052   0.07467   0.03272   0.09557   0.07765   0.02062   0.02073   0.01271   0.04384   0.08451   0.03685   0.01108   0.43944   0.40741   0.47247  
  1 99.0000   2434.750945  x:  0.31052   0.21101   0.14163   0.22218   0.03052   0.00000   0.08991   0.19760   0.24719   0.52833   0.79136   0.92795   0.06976   0.05895   1.65815   0.43216   0.41656   0.47318  
  2 6230.8560   2433.308277  x:  0.31068   0.21146   0.14183   0.22280   0.02944   0.00923   0.08944   0.19812   0.24703   0.52842   0.79156   0.92911   0.06936   0.05868   1.65918   0.43134   0.41669   0.47320  
  3 916.2517   2424.831735  x:  0.31023   0.21924   0.14500   0.23295   0.00000   0.01014   0.07916   0.20766   0.24007   0.52283   0.78424   0.94152   0.06079   0.05260   1.65703   0.41321   0.41932   0.47379  
  4 204.4643   2405.916138  x:  0.31312   0.26709   0.14606   0.27028   0.00000   0.01753   0.00000   0.25390   0.17570   0.45743   0.69576   1.09198   0.10741   0.13657   1.64099   0.18732   0.45253   0.48168  
  5 279.0670   2404.077182  x:  0.31807   0.27706   0.14741   0.27759   0.00000   0.01830   0.02732   0.26197   0.16751   0.44262   0.67390   1.12618   0.10899   0.14421   1.63641   0.16644   0.46095   0.48364  
  6 136.9139   2389.233671  x:  0.40666   0.36891   0.12677   0.28383   0.00000   0.02346   0.04926   0.31084   0.10824   0.26240   0.38909   1.55633   0.12451   0.22446   1.58493   0.27333   0.57010   0.50959  
  7 122.1699   2380.700172  x:  0.46891   0.35350   0.09886   0.23396   0.00000   0.02608   0.05021   0.27225   0.20849   0.15396   0.20806   1.81310   0.08537   0.21466   1.55653   0.27060   0.62064   0.52663  
  8 160.1603   2378.045514  x:  0.52252   0.28859   0.12208   0.22667   0.00000   0.02630   0.04941   0.20979   0.17279   0.15533   0.16684   1.91449   0.06787   0.19516   1.52862   0.26516   0.62750   0.53696  
  9 51.7640   2376.879196  x:  0.56623   0.23534   0.11989   0.23690   0.00000   0.02569   0.04837   0.23654   0.18270   0.18550   0.16759   1.97774   0.07943   0.18618   1.47931   0.26578   0.61828   0.54820  
 10 29.8353   2376.073840  x:  0.59786   0.25953   0.14000   0.23221   0.00000   0.02442   0.04624   0.22574   0.20248   0.22463   0.18780   2.03706   0.09847   0.17218   1.41709   0.26451   0.58825   0.56429  
 11 22.0134   2375.504697  x:  0.59442   0.27201   0.10403   0.22573   0.00000   0.02283   0.04798   0.21449   0.19571   0.24222   0.20474   2.08216   0.10645   0.15244   1.38376   0.26308   0.54328   0.58068  
 12 19.1062   2373.369847  x:  0.49655   0.25491   0.11914   0.21701   0.00000   0.01508   0.05253   0.21401   0.19249   0.24136   0.22482   2.22575   0.15233   0.10433   1.31684   0.27713   0.31306   0.65073  
 13 21.2006   2372.941253  x:  0.49161   0.25276   0.11536   0.25041   0.00000   0.01137   0.05129   0.19994   0.20248   0.23123   0.23469   2.23670   0.14385   0.11768   1.30625   0.28097   0.30631   0.67576  
 14  4.1946   2371.779940  x:  0.49445   0.25194   0.11891   0.24142   0.00000   0.00363   0.05085   0.20683   0.19991   0.21338   0.25786   2.25083   0.11089   0.13655   1.29225   0.27977   0.31463   0.72929  
 15 13.9585   2368.713863  x:  0.56340   0.27744   0.11116   0.26077   0.00000   0.00141   0.04450   0.22265   0.19065   0.23312   0.16629   2.24234   0.17404   0.03746   1.31907   0.26703   0.30867   0.94162  
 16  2.7782   2360.938601  x:  0.56790   0.29587   0.11733   0.27318   0.00000   0.00574   0.03720   0.25480   0.18285   0.24806   0.14666   2.34268   0.07303   0.01193   1.25780   0.25764   0.30759   1.51068  
 17 26.5529   2360.735276  x:  0.57522   0.29937   0.11602   0.27368   0.00000   0.00582   0.03704   0.25734   0.18250   0.25912   0.13423   2.34247   0.05762   0.02372   1.25838   0.25721   0.29466   1.52560  
 18 14.9235   2360.093138  x:  0.48653   0.29599   0.12158   0.27694   0.00000   0.00507   0.03759   0.25831   0.18452   0.32338   0.11797   2.39807   0.04988   0.02725   1.22759   0.26130   0.34401   1.48160  
 19  1.6410   2358.059933  x:  0.49864   0.29626   0.13749   0.29241   0.00000   0.00466   0.03262   0.27985   0.17596   0.16313   0.25879   2.55389   0.04141   0.03671   1.11683   0.26680   0.31634   1.26180  
 20  4.4385   2356.110646  x:  0.44098   0.31766   0.14535   0.32052   0.00000   0.00606   0.02896   0.30850   0.16749   0.21129   0.23365   2.78257   0.07366   0.03834   0.98611   0.27840   0.23378   0.69990  
 21  1.5271   2355.682748  x:  0.44012   0.32143   0.14701   0.32572   0.00000   0.00606   0.02829   0.31319   0.16548   0.21951   0.23209   2.87409   0.06702   0.03564   0.92990   0.28411   0.18265   0.63647  
 22  0.4539   2355.208855  x:  0.47490   0.32996   0.14775   0.33519   0.00000   0.00689   0.02582   0.31940   0.16108   0.23212   0.20234   2.96612   0.05749   0.03513   0.87417   0.28998   0.18424   0.90895  
 23  0.6666   2355.109121  x:  0.47654   0.32714   0.14626   0.33345   0.00000   0.00679   0.02579   0.31450   0.16060   0.22815   0.20579   2.99643   0.05357   0.03476   0.85200   0.29403   0.19022   0.76181  
 24  0.2073   2354.968196  x:  0.46109   0.31873   0.14272   0.32425   0.00000   0.00714   0.02614   0.30249   0.15966   0.21252   0.21967   3.03055   0.05677   0.03477   0.82268   0.30178   0.17747   0.82274  
 25  0.0631   2354.706086  x:  0.48544   0.31756   0.13357   0.30608   0.00000   0.00847   0.02378   0.28455   0.16050   0.22145   0.19396   2.84768   0.06072   0.03582   0.88532   0.30064   0.21464   0.78958  
 26  0.0509   2353.088699  x:  0.46959   0.33912   0.13151   0.29066   0.00000   0.01358   0.01245   0.28543   0.16949   0.31311   0.13529   2.26960   0.04473   0.03892   0.94752   0.30427   0.30957   0.84784  
 27  0.1204   2351.352617  x:  0.47086   0.35072   0.14191   0.30255   0.00000   0.01866   0.00860   0.30490   0.17154   0.30951   0.14704   1.84208   0.04302   0.04424   0.89218   0.31544   0.39268   0.77556  
 28  0.3806   2349.936911  x:  0.46023   0.34802   0.15290   0.32345   0.00000   0.01968   0.01124   0.32319   0.16656   0.26511   0.19217   1.94018   0.04510   0.04538   0.74274   0.32488   0.38251   0.71757  
 29  0.4703   2349.248220  x:  0.45539   0.31936   0.14990   0.32333   0.00000   0.01882   0.02116   0.30874   0.15597   0.20553   0.21204   1.83163   0.04909   0.04344   0.76520   0.31809   0.41566   0.82212  
 30  0.1315   2348.885340  x:  0.45773   0.30557   0.14342   0.32459   0.00000   0.01625   0.02683   0.29719   0.15717   0.24510   0.17451   1.87916   0.05002   0.04147   0.74752   0.30385   0.43411   0.80740  
 31  0.0529   2348.658392  x:  0.46844   0.31898   0.14030   0.32360   0.00000   0.01288   0.02854   0.30172   0.16253   0.24002   0.19763   1.82285   0.04469   0.04398   0.73455   0.29256   0.46460   0.77295  
 32  0.0375   2348.453436  x:  0.46745   0.33043   0.14293   0.32056   0.00000   0.00846   0.02809   0.30705   0.15926   0.22643   0.18644   1.84704   0.04609   0.04594   0.74216   0.29548   0.48227   0.78035  
 33  0.0206   2348.388588  x:  0.45565   0.32582   0.14442   0.31778   0.00000   0.00772   0.02636   0.30386   0.15802   0.23656   0.18651   1.82033   0.04596   0.04619   0.73610   0.30479   0.48963   0.81108  
 34  0.0427   2348.374127  x:  0.46521   0.32059   0.14413   0.32049   0.00000   0.00780   0.02457   0.30259   0.15862   0.23465   0.18621   1.82579   0.04654   0.04558   0.73676   0.30642   0.48430   0.80008  
 35  0.0157   2348.371223  x:  0.46336   0.31970   0.14378   0.32232   0.00000   0.00747   0.02397   0.30345   0.15857   0.23545   0.18714   1.82720   0.04639   0.04533   0.73758   0.30535   0.48296   0.80274  
 36  0.0041   2348.370091  x:  0.46243   0.31998   0.14377   0.32325   0.00000   0.00763   0.02356   0.30417   0.15868   0.23545   0.18678   1.82368   0.04653   0.04522   0.73597   0.30520   0.48094   0.80235  
 37  0.0041   2348.368322  x:  0.46299   0.32094   0.14379   0.32236   0.00000   0.00745   0.02372   0.30367   0.15918   0.23460   0.18713   1.82319   0.04689   0.04514   0.73640   0.30503   0.47501   0.80129  
 38  0.0021   2348.368032  x:  0.46270   0.32053   0.14383   0.32219   0.00000   0.00748   0.02391   0.30349   0.15863   0.23509   0.18699   1.82487   0.04675   0.04512   0.73591   0.30517   0.47323   0.80284  
 39  0.0030   2348.368010  x:  0.46275   0.32039   0.14383   0.32226   0.00000   0.00747   0.02399   0.30356   0.15866   0.23523   0.18678   1.82457   0.04674   0.04516   0.73577   0.30522   0.47337   0.80279  
 40  0.0005   2348.368009  x:  0.46273   0.32038   0.14381   0.32227   0.00000   0.00747   0.02400   0.30360   0.15866   0.23521   0.18683   1.82461   0.04674   0.04517   0.73584   0.30523   0.47331   0.80274  
 41  0.0001   2348.368009  x:  0.46273   0.32038   0.14381   0.32226   0.00000   0.00747   0.02400   0.30361   0.15866   0.23520   0.18684   1.82461   0.04674   0.04518   0.73583   0.30523   0.47332   0.80267  
 42  0.0001   2348.368009  x:  0.46273   0.32038   0.14380   0.32226   0.00000   0.00747   0.02400   0.30361   0.15866   0.23520   0.18684   1.82461   0.04674   0.04518   0.73583   0.30523   0.47332   0.80268  
 43  0.0000   2348.368009  x:  0.46273   0.32038   0.14381   0.32226   0.00000   0.00747   0.02400   0.30361   0.15866   0.23520   0.18684   1.82461   0.04674   0.04518   0.73583   0.30523   0.47332   0.80269  
 44  0.0000   2348.368009  x:  0.46273   0.32038   0.14381   0.32226   0.00000   0.00747   0.02400   0.30361   0.15866   0.23520   0.18684   1.82461   0.04674   0.04518   0.73583   0.30523   0.47332   0.80269  
 45  0.0000   2348.368009  x:  0.46273   0.32038   0.14381   0.32226   0.00000   0.00747   0.02400   0.30361   0.15866   0.23520   0.18684   1.82461   0.04674   0.04518   0.73583   0.30523   0.47332   0.80269  
check convergence!
