

TREE # 1

  0  0.0000   1634.120281  x:  0.05930   0.07619   0.10358   0.06264   0.02154   0.02862   0.01431   0.05287   0.05945   0.09931   0.03423   0.02924   0.05508   0.04617   0.08942   0.01628   0.02290   0.08794   0.01598   0.53826   0.43638   0.59016  
  1 99.0000   1582.628011  x:  0.08093   0.06537   0.10173   0.07276   0.01936   0.03774   0.14847   0.07455   0.05731   0.08449   0.06733   0.07269   0.06599   0.06534   0.09097   0.09933   0.09564   0.07656   0.08274   0.53085   0.43667   0.58961  
  2 1109.6411   1572.702605  x:  0.12473   0.02585   0.08951   0.08798   0.02503   0.04016   0.14927   0.09599   0.05449   0.02609   0.07513   0.08294   0.09318   0.09530   0.09094   0.08603   0.09844   0.03643   0.06460   0.49876   0.43756   0.58742  
  3 159.0049   1570.987174  x:  0.13290   0.02155   0.07949   0.08811   0.01585   0.02538   0.15201   0.10219   0.06478   0.01968   0.06605   0.08116   0.08731   0.10150   0.09350   0.07881   0.09907   0.04552   0.07130   0.44623   0.43943   0.58418  
  4 57.4438   1568.418352  x:  0.14468   0.02062   0.06582   0.08810   0.03364   0.02674   0.15660   0.11186   0.07721   0.02396   0.05142   0.07880   0.07792   0.11072   0.09778   0.06859   0.09945   0.05213   0.07951   0.34097   0.44323   0.57758  
  5 236.4533   1566.846385  x:  0.14415   0.02676   0.07087   0.08767   0.02276   0.03440   0.15659   0.11269   0.07282   0.02665   0.05244   0.07960   0.07821   0.11033   0.09922   0.07031   0.09789   0.04507   0.07692   0.27003   0.44614   0.57252  
  6 150.1801   1566.578620  x:  0.13989   0.02227   0.07486   0.08733   0.02661   0.02851   0.15586   0.10942   0.06886   0.02514   0.05625   0.08031   0.07997   0.10703   0.09872   0.07314   0.09780   0.04607   0.07556   0.25549   0.44736   0.57050  
  7 47.8620   1566.562650  x:  0.13902   0.02123   0.07380   0.08784   0.02631   0.03003   0.15566   0.10781   0.06901   0.02432   0.05656   0.08045   0.08104   0.10658   0.09855   0.07327   0.09823   0.04776   0.07545   0.25466   0.44837   0.56901  
  8  8.0917   1566.543775  x:  0.13867   0.02234   0.07166   0.08949   0.02638   0.02926   0.15563   0.10482   0.06969   0.02514   0.05714   0.08070   0.08351   0.10716   0.09835   0.07320   0.09923   0.04767   0.07468   0.25412   0.45167   0.56420  
  9  6.8556   1566.468330  x:  0.13755   0.02277   0.07207   0.09096   0.02667   0.02941   0.15693   0.09755   0.07038   0.02297   0.05716   0.07718   0.08072   0.10885   0.09827   0.07192   0.10054   0.04464   0.07589   0.25407   0.47237   0.53431  
 10  9.0334   1566.301649  x:  0.13850   0.01743   0.07346   0.09110   0.02496   0.02998   0.15837   0.09363   0.06997   0.02815   0.05956   0.07509   0.08013   0.11145   0.09857   0.06970   0.10038   0.04367   0.07600   0.25470   0.52094   0.46400  
 11 60.3735   1565.877488  x:  0.14032   0.02124   0.07646   0.08888   0.02577   0.03023   0.15909   0.09321   0.06730   0.02698   0.06394   0.07554   0.08279   0.11375   0.10007   0.06919   0.09753   0.04880   0.07482   0.25624   0.63375   0.30025  
 12 218.0369   1565.786243  x:  0.13793   0.02024   0.07394   0.08894   0.02568   0.02999   0.15731   0.09535   0.06939   0.02660   0.06079   0.07705   0.08285   0.10945   0.09903   0.07291   0.09782   0.04555   0.07432   0.25662   0.66063   0.26201  
 13 70.5973   1565.779897  x:  0.13740   0.02044   0.07466   0.09048   0.02571   0.03005   0.15696   0.09635   0.06996   0.02654   0.06131   0.07727   0.08279   0.10842   0.09821   0.07170   0.09915   0.04548   0.07464   0.25665   0.66325   0.26059  
 14  3.9212   1565.743605  x:  0.13737   0.02085   0.07284   0.08963   0.02558   0.02993   0.15383   0.09752   0.06621   0.02670   0.06185   0.07656   0.08158   0.10842   0.09750   0.07274   0.10409   0.04566   0.07407   0.25726   0.68699   0.26969  
 15  1.8660   1565.557543  x:  0.13491   0.02147   0.07720   0.08727   0.02585   0.03068   0.14799   0.09677   0.07096   0.02578   0.06350   0.08233   0.08493   0.10684   0.09787   0.07766   0.10363   0.04404   0.07489   0.26072   0.81677   0.32425  
 16 27.0138   1565.466257  x:  0.13274   0.02196   0.07507   0.09135   0.02577   0.03048   0.15319   0.09822   0.06704   0.02532   0.06249   0.08077   0.08633   0.10189   0.09676   0.07755   0.09729   0.04349   0.07270   0.26250   0.87648   0.34972  
 17 49.6721   1565.463500  x:  0.13267   0.02200   0.07528   0.09043   0.02578   0.03049   0.15402   0.09829   0.06758   0.02525   0.06239   0.08015   0.08664   0.10147   0.09642   0.07728   0.09779   0.04354   0.07148   0.26256   0.87736   0.35018  
 18  1.9656   1565.445030  x:  0.13271   0.02208   0.07676   0.08898   0.02565   0.03053   0.15416   0.09728   0.06582   0.02537   0.06002   0.08042   0.08900   0.10081   0.09487   0.07611   0.09839   0.04313   0.07288   0.26348   0.87023   0.34850  
 19  0.5472   1565.154856  x:  0.12850   0.02395   0.08251   0.08885   0.02430   0.03322   0.14933   0.09201   0.06067   0.02689   0.07031   0.07833   0.08923   0.09739   0.09281   0.08153   0.09743   0.04080   0.06980   0.27798   0.74701   0.31855  
 20 10.1754   1565.145380  x:  0.12687   0.02379   0.08319   0.08946   0.02421   0.03325   0.14973   0.09192   0.06002   0.02690   0.06919   0.07986   0.08875   0.09830   0.09470   0.08107   0.09812   0.04088   0.06836   0.27852   0.74302   0.31757  
 21  6.7133   1565.145026  x:  0.12635   0.02378   0.08307   0.08931   0.02422   0.03326   0.14975   0.09215   0.06002   0.02686   0.06931   0.07966   0.08897   0.09853   0.09491   0.08093   0.09811   0.04075   0.06854   0.27854   0.74288   0.31753  
 22  0.8512   1565.144070  x:  0.12604   0.02378   0.08331   0.08955   0.02423   0.03331   0.14965   0.09238   0.06007   0.02689   0.06908   0.07949   0.08898   0.09924   0.09419   0.08127   0.09796   0.04093   0.06833   0.27842   0.74274   0.31740  
 23  0.0521   1565.102326  x:  0.12662   0.02507   0.08343   0.08719   0.02457   0.03510   0.14722   0.09406   0.05969   0.02721   0.07060   0.08233   0.08772   0.09961   0.09346   0.07895   0.09519   0.04045   0.06700   0.27332   0.73708   0.31181  
 24  0.3006   1565.086034  x:  0.12806   0.02536   0.08512   0.08803   0.02474   0.03585   0.14564   0.09513   0.05985   0.02752   0.06983   0.08029   0.08894   0.09905   0.09602   0.07972   0.09493   0.04084   0.06669   0.27137   0.73485   0.30963  
 25  5.6924   1565.041009  x:  0.12531   0.02507   0.08419   0.08897   0.02590   0.03568   0.13822   0.09364   0.06117   0.02740   0.06888   0.07966   0.08837   0.09742   0.09551   0.07715   0.09414   0.04147   0.06624   0.27448   0.70011   0.31295  
 26  0.0157   1565.031292  x:  0.12663   0.02474   0.08371   0.08878   0.02516   0.03483   0.13675   0.09383   0.06011   0.02722   0.06857   0.07890   0.08851   0.09818   0.09555   0.07655   0.09318   0.04098   0.06549   0.27497   0.72301   0.31696  
 27  0.0200   1565.030790  x:  0.12644   0.02478   0.08387   0.08856   0.02493   0.03462   0.13671   0.09374   0.06034   0.02729   0.06866   0.07887   0.08831   0.09815   0.09566   0.07656   0.09321   0.04114   0.06558   0.27483   0.72318   0.31467  
 28  0.0023   1565.030782  x:  0.12643   0.02480   0.08391   0.08860   0.02495   0.03460   0.13670   0.09375   0.06034   0.02729   0.06868   0.07887   0.08830   0.09813   0.09565   0.07655   0.09321   0.04111   0.06557   0.27483   0.72361   0.31431  
 29  0.0005   1565.030781  x:  0.12643   0.02480   0.08391   0.08860   0.02496   0.03460   0.13670   0.09375   0.06034   0.02729   0.06868   0.07887   0.08830   0.09813   0.09565   0.07655   0.09321   0.04111   0.06557   0.27483   0.72373   0.31429  
 30  0.0001   1565.030781  x:  0.12643   0.02480   0.08391   0.08860   0.02496   0.03460   0.13671   0.09374   0.06034   0.02729   0.06868   0.07887   0.08831   0.09813   0.09565   0.07655   0.09321   0.04111   0.06557   0.27483   0.72375   0.31428  
 31  0.0000   1565.030781  x:  0.12643   0.02480   0.08391   0.08860   0.02496   0.03460   0.13671   0.09374   0.06034   0.02729   0.06868   0.07887   0.08830   0.09813   0.09565   0.07655   0.09321   0.04111   0.06557   0.27483   0.72376   0.31428  
 32  0.0000   1565.030781  x:  0.12643   0.02480   0.08391   0.08860   0.02496   0.03460   0.13671   0.09374   0.06034   0.02729   0.06868   0.07887   0.08830   0.09813   0.09565   0.07655   0.09321   0.04111   0.06557   0.27483   0.72376   0.31428  