

TREE # 1

  0  0.0000   6766.232083  x:  0.03372   0.05200   0.04459   0.09718   0.04564   0.07200   0.08811   0.02478   0.03677   0.10540   0.01217   0.02992   0.02228   0.05617   0.03095   0.06157   0.08585   0.02475   0.06546   0.07454   0.07228   0.07882   0.01617   0.04376   0.06620   0.07615   0.02099   0.07051   0.02429   0.01332   0.05348   0.09179   0.10309   0.04840   0.09077   0.07858   0.09961   0.02128   0.05615   0.08402   0.09685   0.06998   0.01569   0.07746   0.08160   0.01638   0.08384   0.07525   0.07650   0.06982   0.06764   0.05426   0.10372   0.07203   0.05406   0.10906   0.07228   0.08177   0.02046   0.08866   0.05639   0.07270   0.02250   0.02384   0.10681   0.09284   0.08955   0.03084   0.40513   0.59815   0.44398  
  1 99.0000   5637.110314  x:  0.05007   0.09033   0.36134   0.16808   0.10291   0.15729   0.11382   0.26513   0.12033   0.12424   0.35174   0.00897   0.00933   0.07695   0.19498   0.09498   0.16436   0.77043   0.10791   0.17973   0.23432   0.06146   0.06854   0.03731   0.05292   0.06473   0.12637   0.08687   0.08322   0.36900   0.07614   0.07754   0.11082   0.09226   0.10226   0.10192   0.11882   0.00320   0.06753   0.07052   0.08138   0.08878   0.11766   0.10328   0.06031   0.01801   0.06895   0.06404   0.05748   0.04655   0.05109   0.03478   0.08146   0.05320   0.03041   0.08554   0.04863   0.06025   0.05115   0.07166   0.03842   0.04914   0.00615   0.00000   0.08653   0.07123   0.06783   0.00707   0.42000   0.60378   0.44559  
  2 6163.2783   5618.451384  x:  0.05043   0.09189   0.36464   0.17277   0.10489   0.16284   0.11507   0.26486   0.12138   0.12486   0.34911   0.00468   0.00848   0.07487   0.19595   0.09710   0.16506   0.76930   0.10709   0.18125   0.24412   0.05754   0.06795   0.03539   0.04899   0.06210   0.12602   0.08723   0.08309   0.36556   0.07574   0.07455   0.11186   0.09445   0.10370   0.10424   0.12175   0.00000   0.06867   0.06813   0.07844   0.09044   0.11616   0.10540   0.05607   0.01782   0.06633   0.06233   0.05416   0.04219   0.04843   0.03163   0.07723   0.04974   0.02573   0.08088   0.04395   0.05615   0.05065   0.06859   0.03542   0.04448   0.00702   0.00000   0.08267   0.06707   0.06366   0.00237   0.42139   0.60464   0.44584  
  3 762.2626   5612.298453  x:  0.05036   0.09207   0.36594   0.17383   0.10514   0.16400   0.11531   0.26486   0.12171   0.12497   0.34818   0.00261   0.01045   0.07399   0.19631   0.09745   0.16512   0.76929   0.10660   0.18149   0.24609   0.05552   0.06797   0.03507   0.04691   0.06120   0.12597   0.08716   0.08295   0.36425   0.07562   0.07326   0.11202   0.09464   0.10404   0.10468   0.12231   0.00000   0.06871   0.06731   0.07727   0.09079   0.11561   0.10570   0.05403   0.01833   0.06546   0.06204   0.05313   0.04044   0.04787   0.03118   0.07538   0.04845   0.02338   0.07854   0.04160   0.05433   0.05061   0.06740   0.03477   0.04215   0.00334   0.00000   0.08094   0.06516   0.06176   0.00000   0.42200   0.60501   0.44600  
  4 2016.4704   5606.757289  x:  0.05009   0.09183   0.36732   0.17413   0.10489   0.16419   0.11531   0.26501   0.12199   0.12497   0.34735   0.00000   0.01362   0.07302   0.19669   0.09731   0.16497   0.76983   0.10592   0.18142   0.24627   0.05292   0.06826   0.03516   0.04419   0.06042   0.12604   0.08689   0.08274   0.36298   0.07555   0.07180   0.11195   0.09419   0.10414   0.10466   0.12228   0.00000   0.06836   0.06659   0.07605   0.09085   0.11511   0.10549   0.05151   0.01930   0.06473   0.06210   0.05236   0.03859   0.04779   0.03150   0.07327   0.04719   0.02040   0.07559   0.03863   0.05223   0.05072   0.06619   0.03465   0.03920   0.00386   0.00000   0.07895   0.06290   0.05952   0.00000   0.42271   0.60542   0.44624  
  5 1944.3270   5577.210961  x:  0.04821   0.08929   0.37492   0.17318   0.10204   0.16221   0.11450   0.26614   0.12317   0.12464   0.34278   0.00000   0.00925   0.06729   0.19866   0.09527   0.16353   0.77448   0.10132   0.17992   0.24180   0.03503   0.07024   0.03667   0.02522   0.05667   0.12669   0.08501   0.08141   0.35553   0.07547   0.06309   0.11096   0.09051   0.10404   0.10330   0.12038   0.00000   0.06593   0.06316   0.06901   0.09017   0.11263   0.10330   0.03477   0.02098   0.06133   0.06326   0.04933   0.02819   0.04919   0.03511   0.06024   0.04021   0.00000   0.05531   0.01826   0.03926   0.05097   0.05936   0.03595   0.01898   0.00350   0.00000   0.06643   0.04839   0.04534   0.00000   0.42732   0.60793   0.44804  
  6 2827.3489   5560.371241  x:  0.04939   0.08946   0.37553   0.17099   0.10198   0.16120   0.11387   0.26641   0.12247   0.12490   0.34075   0.00000   0.01086   0.06542   0.19853   0.09548   0.16326   0.77803   0.09871   0.17929   0.24038   0.01923   0.06912   0.03543   0.00758   0.05795   0.12692   0.08619   0.08178   0.35137   0.07639   0.06033   0.11119   0.09391   0.10404   0.10376   0.12020   0.00000   0.06907   0.06421   0.06728   0.08994   0.11307   0.10509   0.02235   0.01326   0.06238   0.06258   0.05165   0.02890   0.05097   0.03375   0.05495   0.04000   0.00000   0.03714   0.00000   0.03436   0.04910   0.05922   0.03813   0.00074   0.00355   0.00000   0.06022   0.04023   0.03824   0.00000   0.43096   0.60909   0.45020  
  7 1356.1899   5559.840514  x:  0.04945   0.08948   0.37551   0.17092   0.10199   0.16118   0.11385   0.26641   0.12244   0.12491   0.34069   0.00000   0.01086   0.06537   0.19851   0.09550   0.16326   0.77815   0.09862   0.17928   0.24038   0.01860   0.06907   0.03537   0.00687   0.05803   0.12692   0.08624   0.08179   0.35123   0.07643   0.06026   0.11120   0.09403   0.10404   0.10378   0.12020   0.00000   0.06916   0.06426   0.06725   0.08994   0.11310   0.10516   0.02190   0.01338   0.06244   0.06256   0.05175   0.02898   0.05101   0.03368   0.05480   0.04005   0.00000   0.03641   0.00000   0.03423   0.04907   0.05927   0.03820   0.00000   0.00355   0.00000   0.06002   0.03997   0.03802   0.00000   0.43108   0.60913   0.45029  
  8 3889.4653   5556.368546  x:  0.04953   0.08971   0.37530   0.17094   0.10208   0.16134   0.11388   0.26639   0.12237   0.12501   0.34023   0.00000   0.01091   0.06520   0.19838   0.09557   0.16337   0.77901   0.09802   0.17932   0.24115   0.01274   0.06942   0.03507   0.00000   0.05884   0.12670   0.08632   0.08165   0.35013   0.07649   0.06002   0.11112   0.09336   0.10413   0.10369   0.12018   0.00000   0.06832   0.06446   0.06721   0.09000   0.11321   0.10517   0.01836   0.01326   0.06263   0.06250   0.05190   0.02936   0.05088   0.03369   0.05431   0.04033   0.00000   0.02958   0.00000   0.03406   0.04949   0.05993   0.03818   0.00000   0.00354   0.00000   0.05907   0.03875   0.03723   0.00000   0.43171   0.60928   0.45130  
  9 2412.9041   5551.078571  x:  0.04913   0.08955   0.37547   0.17128   0.10180   0.16142   0.11395   0.26642   0.12257   0.12502   0.33948   0.00000   0.01099   0.06494   0.19842   0.09539   0.16339   0.78048   0.09692   0.17918   0.24179   0.00000   0.07013   0.03439   0.00000   0.06027   0.12604   0.08592   0.08141   0.34830   0.07647   0.05963   0.11117   0.09355   0.10410   0.10364   0.12012   0.00000   0.06927   0.06415   0.06699   0.08993   0.11300   0.10491   0.01240   0.01334   0.06227   0.06271   0.05126   0.02862   0.05057   0.03413   0.05385   0.03997   0.00000   0.01470   0.00000   0.03397   0.04854   0.06087   0.03786   0.00000   0.00353   0.00000   0.05809   0.03778   0.03676   0.00000   0.43224   0.60936   0.45380  
 10 3615.9889   5547.603682  x:  0.04916   0.08935   0.37613   0.17134   0.10175   0.16153   0.11391   0.26646   0.12268   0.12497   0.33886   0.00000   0.01107   0.06460   0.19868   0.09549   0.16327   0.78147   0.09609   0.17888   0.24178   0.00000   0.06941   0.03488   0.00000   0.06167   0.12514   0.08595   0.08157   0.34697   0.07653   0.05909   0.11127   0.09428   0.10413   0.10407   0.12033   0.00000   0.06916   0.06370   0.06648   0.08997   0.11272   0.10541   0.00850   0.01337   0.06184   0.06263   0.05096   0.02776   0.05070   0.03372   0.05326   0.03929   0.00000   0.00000   0.00000   0.03333   0.04942   0.06107   0.03799   0.00000   0.00351   0.00000   0.05755   0.03742   0.03638   0.00000   0.43265   0.60932   0.45640  
 11 3349.8652   5540.188310  x:  0.05227   0.09057   0.38257   0.17036   0.10382   0.16379   0.11346   0.26665   0.12212   0.12520   0.33504   0.00000   0.01162   0.06138   0.20031   0.09699   0.16253   0.78486   0.09274   0.17790   0.24275   0.00000   0.06737   0.03297   0.00000   0.05603   0.12695   0.08907   0.08154   0.34092   0.07712   0.05424   0.11059   0.08900   0.10557   0.10428   0.12052   0.00000   0.06583   0.06305   0.06153   0.09101   0.11208   0.10759   0.00000   0.01418   0.06152   0.05975   0.05390   0.02917   0.05320   0.03066   0.04709   0.03710   0.00000   0.00000   0.00000   0.02579   0.04026   0.06082   0.03971   0.00000   0.00343   0.00000   0.05466   0.03499   0.03114   0.00000   0.43743   0.60902   0.47522  
 12 225.5113   5521.691392  x:  0.05323   0.09537   0.39632   0.16812   0.10371   0.16672   0.11308   0.26691   0.12066   0.12806   0.31953   0.00000   0.01302   0.04866   0.19939   0.09504   0.16225   0.79677   0.08078   0.18020   0.25771   0.00000   0.08605   0.02003   0.00000   0.02313   0.14420   0.09003   0.07303   0.31569   0.07975   0.03784   0.11118   0.09252   0.10759   0.09578   0.11618   0.00000   0.08704   0.06796   0.04849   0.09015   0.11371   0.10356   0.00000   0.01212   0.06561   0.05775   0.06011   0.03892   0.05353   0.04093   0.02286   0.03878   0.00000   0.00000   0.00000   0.01306   0.06746   0.06061   0.03675   0.00000   0.00311   0.00000   0.03093   0.00478   0.00261   0.00000   0.45714   0.61194   0.53909  
 13 293.5772   5520.333691  x:  0.05345   0.09627   0.39799   0.16740   0.10352   0.16689   0.11295   0.26709   0.12032   0.12872   0.31678   0.00000   0.01316   0.04613   0.19896   0.09482   0.16235   0.79913   0.07861   0.18077   0.25987   0.00000   0.08874   0.01935   0.00000   0.02027   0.14732   0.09025   0.07187   0.31114   0.08041   0.03464   0.11124   0.09329   0.10791   0.09479   0.11558   0.00000   0.08934   0.06918   0.04635   0.09002   0.11422   0.10316   0.00000   0.01192   0.06666   0.05761   0.06135   0.04024   0.05348   0.04216   0.01806   0.03931   0.00000   0.00000   0.00000   0.01048   0.07033   0.05967   0.03680   0.00000   0.00307   0.00000   0.02465   0.00155   0.00851   0.00000   0.46111   0.61332   0.54549  
 14 412.9659   5518.727077  x:  0.05368   0.09780   0.39994   0.16617   0.10307   0.16696   0.11276   0.26740   0.11975   0.12990   0.31240   0.00000   0.01332   0.04205   0.19801   0.09446   0.16265   0.80311   0.07509   0.18185   0.26339   0.00000   0.09321   0.01875   0.00000   0.01759   0.15237   0.09048   0.07008   0.30372   0.08156   0.02959   0.11130   0.09455   0.10839   0.09332   0.11463   0.00000   0.09260   0.07143   0.04324   0.08980   0.11522   0.10247   0.00000   0.01162   0.06860   0.05759   0.06333   0.04231   0.05318   0.04414   0.01078   0.04051   0.00000   0.00000   0.00000   0.00699   0.07433   0.05809   0.03710   0.00000   0.00302   0.00000   0.01383   0.00696   0.01231   0.00000   0.46769   0.61601   0.55300  
 15 717.5663   5516.820449  x:  0.05341   0.09974   0.40266   0.16493   0.10171   0.16700   0.11262   0.26825   0.11944   0.13196   0.30552   0.00000   0.01341   0.03547   0.19660   0.09428   0.16341   0.80944   0.06961   0.18384   0.26747   0.00000   0.09814   0.02442   0.00000   0.02657   0.16004   0.09021   0.06843   0.29210   0.08350   0.02259   0.11132   0.09638   0.10913   0.09317   0.11409   0.00000   0.09402   0.07422   0.03907   0.08973   0.11644   0.10197   0.00000   0.01167   0.07079   0.05829   0.06466   0.04221   0.05188   0.04601   0.01378   0.04117   0.00000   0.00000   0.00000   0.01215   0.07313   0.05254   0.03750   0.00000   0.00298   0.00000   0.00562   0.00663   0.01206   0.00000   0.47774   0.62202   0.55603  
 16 176.8976   5514.410323  x:  0.05263   0.10349   0.40654   0.16212   0.09861   0.16647   0.11227   0.26993   0.11876   0.13618   0.29163   0.00000   0.01355   0.02296   0.19335   0.09378   0.16515   0.82344   0.05790   0.18771   0.27516   0.00000   0.10807   0.03133   0.00000   0.03868   0.17419   0.08942   0.06529   0.26783   0.08750   0.01066   0.11139   0.10048   0.11041   0.09294   0.11289   0.00000   0.09627   0.08024   0.03196   0.08938   0.11910   0.10113   0.00000   0.01156   0.07555   0.06005   0.06731   0.04199   0.04910   0.04985   0.01259   0.04319   0.00000   0.00000   0.00000   0.01325   0.07342   0.04269   0.03856   0.00000   0.00292   0.00000   0.01518   0.00736   0.01299   0.00000   0.49813   0.63475   0.55895  
 17 391.6189   5512.555497  x:  0.05081   0.10532   0.40880   0.16045   0.09422   0.16563   0.11201   0.27169   0.11929   0.14052   0.27749   0.00000   0.01365   0.01750   0.19077   0.09408   0.16752   0.84077   0.04407   0.19048   0.27685   0.00000   0.11273   0.03107   0.00000   0.04130   0.18350   0.08761   0.06513   0.24117   0.09189   0.02942   0.11175   0.10541   0.11150   0.09656   0.11321   0.00000   0.09330   0.08430   0.03239   0.08912   0.12049   0.10280   0.00000   0.01150   0.07815   0.06259   0.06649   0.03657   0.04589   0.05146   0.01983   0.04332   0.00000   0.00000   0.00000   0.00667   0.07368   0.03594   0.03900   0.00000   0.00289   0.00000   0.01626   0.00788   0.01355   0.00000   0.51650   0.65044   0.55570  
 18 147.9289   5511.313801  x:  0.04967   0.10543   0.40895   0.15976   0.09098   0.16546   0.11179   0.27274   0.12020   0.14404   0.26571   0.00000   0.01367   0.02222   0.18947   0.09527   0.17048   0.85796   0.03092   0.19153   0.27291   0.00000   0.11071   0.02648   0.00000   0.03667   0.18659   0.08647   0.06717   0.21781   0.09458   0.03573   0.11192   0.10903   0.11058   0.10131   0.11459   0.00000   0.08813   0.08603   0.03765   0.08910   0.12039   0.10627   0.00000   0.01140   0.07859   0.06407   0.06380   0.02888   0.04400   0.04950   0.01311   0.04214   0.00000   0.00000   0.00000   0.02016   0.07348   0.03672   0.03919   0.00000   0.00289   0.00000   0.01712   0.00809   0.01382   0.00000   0.52947   0.66645   0.54824  
 19 137.4992   5510.007210  x:  0.04830   0.10465   0.40236   0.16166   0.09019   0.16674   0.11212   0.27216   0.12094   0.14669   0.25459   0.00000   0.01368   0.03547   0.18778   0.09566   0.17673   0.87774   0.01776   0.19210   0.26797   0.00000   0.10541   0.02268   0.00000   0.03252   0.18349   0.08509   0.06830   0.19680   0.09497   0.02359   0.11189   0.11007   0.10685   0.10319   0.11553   0.00000   0.08619   0.08659   0.04599   0.08884   0.11922   0.10744   0.00000   0.01078   0.07758   0.06484   0.05803   0.02222   0.04217   0.04615   0.02204   0.04265   0.00000   0.00000   0.00000   0.01476   0.07475   0.04818   0.03659   0.00000   0.00291   0.00000   0.01593   0.00839   0.01412   0.00000   0.53681   0.68715   0.53285  
 20 92.5186   5509.040014  x:  0.04708   0.10320   0.39086   0.16568   0.09268   0.16813   0.11288   0.26955   0.12075   0.14627   0.24722   0.00000   0.01367   0.04169   0.18624   0.09404   0.18482   0.89168   0.01155   0.19214   0.26738   0.00000   0.10059   0.02990   0.00000   0.04021   0.17470   0.08388   0.06650   0.19023   0.09431   0.02546   0.11203   0.10755   0.10621   0.10157   0.11502   0.00000   0.08926   0.08496   0.04923   0.08860   0.11708   0.10454   0.00000   0.01055   0.07494   0.06493   0.05147   0.02278   0.04087   0.04385   0.01289   0.04405   0.00000   0.00000   0.00000   0.00922   0.07206   0.05397   0.03299   0.00000   0.00294   0.00000   0.01541   0.00690   0.01220   0.00000   0.53428   0.70638   0.51340  
 21 64.4177   5507.311042  x:  0.04919   0.09867   0.37031   0.16844   0.09975   0.16680   0.11254   0.26161   0.11770   0.14095   0.22981   0.00000   0.01369   0.03056   0.18583   0.09079   0.20145   0.91753   0.00250   0.18884   0.26886   0.00000   0.09003   0.02403   0.00000   0.03562   0.15003   0.08599   0.06194   0.18874   0.09370   0.02484   0.11201   0.10241   0.11044   0.09767   0.11278   0.00000   0.09486   0.07788   0.03398   0.08861   0.11094   0.10170   0.00000   0.01108   0.06797   0.06215   0.04648   0.02795   0.04707   0.04013   0.01585   0.04160   0.00000   0.00000   0.00000   0.01261   0.07385   0.04435   0.03684   0.00000   0.00298   0.00000   0.01496   0.00736   0.01271   0.00000   0.52538   0.75103   0.46694  
 22 64.8331   5505.021514  x:  0.04937   0.09717   0.36460   0.16616   0.09078   0.16234   0.11325   0.24818   0.12083   0.13750   0.22293   0.00000   0.01383   0.02450   0.18801   0.10350   0.21208   0.91978   0.00408   0.18440   0.27365   0.00000   0.10295   0.02737   0.00000   0.03105   0.13961   0.08617   0.06941   0.20350   0.09379   0.01829   0.11215   0.11208   0.11017   0.11170   0.11959   0.00000   0.08604   0.07011   0.04373   0.09151   0.10938   0.11415   0.00000   0.01249   0.06577   0.06189   0.06224   0.02127   0.04315   0.04925   0.01421   0.03305   0.00000   0.00000   0.00000   0.00900   0.06891   0.03314   0.03948   0.00000   0.00305   0.00000   0.01331   0.00650   0.01123   0.00000   0.51088   0.81512   0.38766  
 23 46.8448   5501.651132  x:  0.05339   0.10387   0.39597   0.16728   0.09096   0.17353   0.11378   0.24133   0.12686   0.13976   0.23175   0.00000   0.01398   0.03150   0.19377   0.09945   0.20857   0.89845   0.00887   0.18112   0.27061   0.00000   0.10161   0.02381   0.00000   0.03646   0.15575   0.09019   0.06249   0.21167   0.09186   0.02175   0.11327   0.11928   0.11115   0.10723   0.11771   0.00000   0.08380   0.06351   0.02574   0.09000   0.11001   0.11545   0.00000   0.01300   0.06480   0.05789   0.07221   0.00905   0.04965   0.04074   0.01288   0.02246   0.00000   0.00000   0.00000   0.00868   0.07282   0.04561   0.04063   0.00000   0.00315   0.00000   0.01391   0.00637   0.01129   0.00000   0.50474   0.89757   0.27552  
 24 83.0678   5500.095069  x:  0.05160   0.10275   0.42115   0.17033   0.09221   0.17751   0.11338   0.24556   0.12980   0.14067   0.23854   0.00000   0.01377   0.03041   0.19867   0.09542   0.20058   0.88542   0.00996   0.18186   0.26747   0.00000   0.09251   0.03064   0.00000   0.03085   0.16405   0.08840   0.06289   0.20878   0.09077   0.02021   0.11356   0.11895   0.11123   0.10704   0.11766   0.00000   0.08733   0.05896   0.03508   0.09082   0.10799   0.11295   0.00000   0.01323   0.05905   0.05783   0.06345   0.02615   0.05105   0.03268   0.01440   0.02191   0.00000   0.00000   0.00000   0.00916   0.07449   0.03781   0.03795   0.00000   0.00320   0.00000   0.01384   0.00659   0.01134   0.00000   0.50509   0.93801   0.22303  
 25 116.8632   5498.693051  x:  0.05089   0.09726   0.42851   0.16768   0.09854   0.17192   0.11155   0.25787   0.12409   0.13946   0.24767   0.00000   0.01381   0.02439   0.19881   0.09928   0.19128   0.87494   0.01697   0.18860   0.27001   0.00000   0.07779   0.02829   0.00000   0.03057   0.16702   0.08769   0.07066   0.20965   0.09239   0.01834   0.11295   0.11157   0.11126   0.10994   0.11998   0.00000   0.09173   0.06561   0.03915   0.09224   0.10894   0.11254   0.00000   0.01248   0.05936   0.05651   0.04740   0.01336   0.04892   0.03116   0.01363   0.04171   0.00000   0.00000   0.00000   0.00829   0.07544   0.03094   0.03700   0.00000   0.00329   0.00000   0.01322   0.00636   0.01089   0.00000   0.50774   0.96109   0.20479  
 26 40.8904   5495.267918  x:  0.04937   0.08615   0.42978   0.16842   0.10453   0.16438   0.11158   0.28789   0.11458   0.13693   0.25879   0.00000   0.01338   0.02087   0.19813   0.10954   0.17143   0.86244   0.03128   0.20214   0.27564   0.00000   0.06572   0.03854   0.00000   0.02106   0.16115   0.08617   0.07730   0.20846   0.09535   0.01794   0.11490   0.11527   0.11153   0.11373   0.12696   0.00000   0.08857   0.07202   0.02150   0.09257   0.10725   0.12023   0.00000   0.01297   0.05927   0.06381   0.02638   0.02012   0.03788   0.03795   0.01402   0.02395   0.00000   0.00000   0.00000   0.00863   0.07323   0.04376   0.03876   0.00000   0.00353   0.00000   0.01274   0.00592   0.01013   0.00000   0.51817   0.99845   0.22214  
 27 30.2638   5489.435451  x:  0.04943   0.07950   0.43465   0.17937   0.11298   0.17019   0.11426   0.32143   0.11081   0.13446   0.26723   0.00000   0.01283   0.02241   0.20045   0.10777   0.14857   0.84997   0.04634   0.21217   0.27977   0.00000   0.05867   0.02928   0.00000   0.02759   0.14749   0.08623   0.07424   0.20582   0.09452   0.01588   0.11671   0.11691   0.11380   0.10815   0.12772   0.00000   0.08800   0.06795   0.03261   0.09323   0.10098   0.11931   0.00000   0.01457   0.05090   0.06339   0.03482   0.01633   0.04107   0.03219   0.01280   0.00378   0.00000   0.00000   0.00000   0.00681   0.07644   0.03372   0.03867   0.00000   0.00393   0.00000   0.01240   0.00583   0.01001   0.00000   0.52766   1.04136   0.26565  
 28 93.8271   5481.471496  x:  0.04772   0.06962   0.45671   0.20715   0.11741   0.19050   0.12176   0.37579   0.11559   0.13044   0.27403   0.00000   0.01159   0.03010   0.21179   0.10268   0.10847   0.82898   0.06936   0.22109   0.28144   0.00000   0.05976   0.02987   0.00000   0.02624   0.11511   0.08452   0.06438   0.19905   0.08977   0.01313   0.12165   0.13559   0.11743   0.10320   0.13125   0.00000   0.07732   0.04076   0.03032   0.09381   0.08289   0.12411   0.00000   0.01530   0.02576   0.06156   0.05167   0.01323   0.05074   0.02169   0.01229   0.02232   0.00000   0.00000   0.00000   0.00523   0.07691   0.02042   0.03734   0.00000   0.00469   0.00000   0.01175   0.00559   0.00932   0.00000   0.54024   1.12270   0.35967  
 29 419.2795   5474.054755  x:  0.05214   0.08036   0.49781   0.21762   0.11385   0.21185   0.12023   0.37858   0.13092   0.12889   0.25620   0.00000   0.01047   0.01162   0.22887   0.09236   0.11036   0.81995   0.07312   0.19693   0.28281   0.00000   0.05490   0.04202   0.00000   0.01920   0.10385   0.08895   0.07571   0.19757   0.08393   0.01298   0.11755   0.13030   0.11873   0.11968   0.12893   0.00000   0.08757   0.02237   0.03931   0.09958   0.08371   0.12191   0.00000   0.01578   0.06289   0.03846   0.03663   0.00592   0.06254   0.01055   0.01405   0.02257   0.00000   0.00000   0.00000   0.00694   0.08456   0.02594   0.02783   0.00000   0.00535   0.00000   0.01205   0.00604   0.00974   0.00000   0.52762   1.16840   0.44519  
 30 122.1596   5468.827255  x:  0.05582   0.08817   0.54035   0.22202   0.11133   0.23106   0.11685   0.36217   0.14388   0.13029   0.23882   0.00000   0.00951   0.01788   0.24492   0.09253   0.12278   0.81408   0.06837   0.17095   0.28632   0.00000   0.03804   0.03380   0.00000   0.02750   0.10285   0.09263   0.08536   0.19652   0.07988   0.01214   0.11533   0.12638   0.11947   0.13538   0.13153   0.00000   0.09286   0.03737   0.03738   0.10378   0.08567   0.12479   0.00000   0.01657   0.06433   0.02949   0.01967   0.01297   0.07232   0.03060   0.01285   0.02327   0.00000   0.00000   0.00000   0.00512   0.09088   0.01770   0.02356   0.00000   0.00582   0.00000   0.01215   0.00628   0.01016   0.00000   0.50802   1.19298   0.50891  
 31 233.5341   5463.777712  x:  0.05396   0.08508   0.57948   0.21452   0.11535   0.23383   0.10904   0.33128   0.14480   0.13098   0.22435   0.00000   0.00887   0.01687   0.25485   0.10025   0.14228   0.81296   0.05537   0.15264   0.29798   0.00000   0.03365   0.03647   0.00000   0.02776   0.11186   0.09077   0.09296   0.19515   0.08161   0.01253   0.11476   0.11430   0.12032   0.14398   0.13622   0.00000   0.10307   0.05252   0.03744   0.10566   0.09023   0.12472   0.00000   0.01619   0.04249   0.05371   0.01588   0.01128   0.07372   0.00951   0.01318   0.02331   0.00000   0.00000   0.00000   0.00516   0.09827   0.01996   0.02772   0.00000   0.00625   0.00000   0.01240   0.00637   0.01048   0.00000   0.48455   1.19824   0.55859  
 32 165.5470   5461.638863  x:  0.05381   0.07835   0.60330   0.20780   0.13130   0.23002   0.10444   0.30924   0.13623   0.13172   0.22295   0.00000   0.00853   0.01645   0.25607   0.10309   0.15298   0.81484   0.04052   0.15480   0.30598   0.00000   0.02603   0.04530   0.00000   0.02408   0.11489   0.09063   0.09599   0.18716   0.08569   0.01441   0.11727   0.10824   0.12149   0.14410   0.14090   0.00000   0.11094   0.04589   0.03913   0.10617   0.09054   0.12500   0.00000   0.01627   0.02935   0.04687   0.02668   0.00845   0.06845   0.01645   0.01466   0.02307   0.00000   0.00000   0.00000   0.00680   0.10153   0.02477   0.02816   0.00000   0.00644   0.00000   0.01311   0.00674   0.01104   0.00000   0.47506   1.18770   0.57587  
 33 115.6450   5459.394781  x:  0.05494   0.06869   0.62668   0.19887   0.15226   0.22138   0.10131   0.28213   0.12401   0.13246   0.22681   0.00000   0.00815   0.02541   0.25444   0.10657   0.16375   0.81664   0.02163   0.16314   0.30725   0.00000   0.03732   0.04559   0.00000   0.02645   0.11300   0.09175   0.09838   0.17916   0.09079   0.01510   0.12101   0.10803   0.12190   0.14280   0.14679   0.00000   0.11216   0.03797   0.03703   0.10540   0.08873   0.12875   0.00000   0.01681   0.02452   0.03269   0.02086   0.00957   0.06206   0.01296   0.01496   0.02158   0.00000   0.00000   0.00000   0.00659   0.10423   0.01938   0.03017   0.00000   0.00665   0.00000   0.01351   0.00694   0.01137   0.00000   0.46566   1.16671   0.58797  
 34 164.4478   5457.555185  x:  0.05279   0.06329   0.64617   0.20017   0.16783   0.21403   0.10604   0.25650   0.11989   0.13250   0.23158   0.00000   0.00784   0.02513   0.24995   0.10567   0.17422   0.81934   0.00352   0.17790   0.30828   0.00000   0.03179   0.03997   0.00000   0.02862   0.10611   0.08960   0.09309   0.17485   0.09308   0.01335   0.12417   0.11698   0.12227   0.13866   0.15041   0.00000   0.10379   0.02983   0.03674   0.10422   0.08302   0.13074   0.00000   0.01661   0.03778   0.04488   0.01914   0.01008   0.05578   0.01491   0.01388   0.02275   0.00000   0.00000   0.00000   0.00539   0.10195   0.01425   0.02704   0.00000   0.00683   0.00000   0.01291   0.00668   0.01088   0.00000   0.46067   1.13386   0.58972  
 35 105.6579   5456.712903  x:  0.05224   0.06295   0.65087   0.20271   0.17056   0.21203   0.10855   0.25160   0.12141   0.13169   0.23140   0.00000   0.00775   0.01997   0.24839   0.10456   0.17737   0.82027   0.00000   0.18252   0.30671   0.00000   0.03208   0.03864   0.00000   0.02895   0.10241   0.08905   0.09151   0.17410   0.09294   0.01280   0.12414   0.12041   0.12269   0.13891   0.15051   0.00000   0.10086   0.03315   0.03793   0.10450   0.08112   0.13112   0.00000   0.01664   0.03615   0.04376   0.01820   0.00981   0.05509   0.01471   0.01352   0.02273   0.00000   0.00000   0.00000   0.00519   0.10127   0.01671   0.02650   0.00000   0.00688   0.00000   0.01270   0.00657   0.01072   0.00000   0.46156   1.12037   0.58714  
 36 97.6329   5456.712903  x:  0.05224   0.06295   0.65087   0.20271   0.17056   0.21203   0.10855   0.25160   0.12141   0.13169   0.23140   0.00000   0.00775   0.01997   0.24839   0.10456   0.17737   0.82027   0.00000   0.18252   0.30671   0.00000   0.03208   0.03864   0.00000   0.02895   0.10241   0.08905   0.09151   0.17410   0.09294   0.01280   0.12414   0.12041   0.12269   0.13891   0.15051   0.00000   0.10086   0.03315   0.03793   0.10450   0.08112   0.13112   0.00000   0.01664   0.03615   0.04376   0.01820   0.00981   0.05509   0.01471   0.01352   0.02273   0.00000   0.00000   0.00000   0.00519   0.10127   0.01671   0.02650   0.00000   0.00688   0.00000   0.01270   0.00657   0.01072   0.00000   0.46156   1.12037   0.58714  
 37 93.2457   5432.332551  x:  0.05299   0.07523   0.65966   0.22294   0.17290   0.23404   0.11667   0.25975   0.13102   0.13509   0.24036   0.00000   0.00729   0.02244   0.25308   0.11415   0.18442   0.84101   0.00696   0.19362   0.34924   0.00000   0.05539   0.02805   0.00000   0.02521   0.11016   0.08980   0.08843   0.18675   0.09118   0.01545   0.12644   0.12533   0.12694   0.14411   0.15851   0.00000   0.09746   0.03114   0.02899   0.10946   0.08507   0.13645   0.00000   0.02432   0.03089   0.04101   0.02042   0.00000   0.04047   0.01154   0.01245   0.00946   0.00000   0.00000   0.00000   0.01482   0.08731   0.02866   0.01445   0.00000   0.00767   0.00000   0.01580   0.00839   0.00183   0.00000   0.46475   1.11665   0.58802  
 38 433.2147   5428.636182  x:  0.05313   0.07755   0.66132   0.22677   0.17334   0.23821   0.11821   0.26130   0.13284   0.13574   0.24206   0.00000   0.00721   0.02291   0.25397   0.11597   0.18575   0.84494   0.00827   0.19572   0.35729   0.00000   0.05976   0.02605   0.00000   0.02451   0.11162   0.08994   0.08785   0.18914   0.09084   0.01595   0.12687   0.12627   0.12774   0.14509   0.16002   0.00000   0.09682   0.03076   0.02731   0.11039   0.08581   0.13746   0.00000   0.02576   0.02990   0.04050   0.02085   0.00053   0.03772   0.01095   0.01225   0.00698   0.00000   0.00000   0.00000   0.01659   0.08467   0.03089   0.01219   0.00000   0.00781   0.00000   0.01637   0.00872   0.00033   0.00000   0.46535   1.11594   0.58818  
 39 17426.3958   5419.415713  x:  0.05349   0.08359   0.66567   0.23677   0.17448   0.24908   0.12221   0.26533   0.13757   0.13741   0.24649   0.00000   0.00701   0.02410   0.25628   0.12070   0.18922   0.85522   0.01167   0.20119   0.37830   0.00000   0.07104   0.02087   0.00000   0.02273   0.11543   0.09030   0.08633   0.19538   0.08996   0.01721   0.12801   0.12870   0.12984   0.14766   0.16397   0.00000   0.09514   0.02979   0.02294   0.11284   0.08775   0.14009   0.00000   0.02944   0.02735   0.03917   0.02194   0.00143   0.03055   0.00949   0.01176   0.00065   0.00000   0.00000   0.00000   0.02102   0.07778   0.03657   0.00642   0.00000   0.00816   0.00000   0.01781   0.00954   0.00239   0.00000   0.46692   1.11409   0.58862  
 40 18383.2597   5410.138240  x:  0.05392   0.09167   0.67171   0.25038   0.17600   0.26394   0.12761   0.27086   0.14399   0.13966   0.25257   0.00000   0.00687   0.02558   0.25946   0.12707   0.19389   0.86949   0.01614   0.20861   0.40701   0.00000   0.08536   0.01420   0.00000   0.02065   0.12052   0.09074   0.08424   0.20389   0.08873   0.01866   0.12954   0.13197   0.13266   0.15115   0.16934   0.00000   0.09287   0.02858   0.01738   0.11613   0.09035   0.14366   0.00000   0.03400   0.02421   0.03737   0.02317   0.00240   0.02134   0.00827   0.01132   0.00819   0.00000   0.00000   0.00000   0.02573   0.06834   0.04336   0.00106   0.00000   0.00840   0.00000   0.01935   0.01021   0.00443   0.00000   0.46904   1.11151   0.58923  
 41 4206.6224   5398.545681  x:  0.05457   0.10471   0.68169   0.27264   0.17843   0.28828   0.13637   0.27995   0.15443   0.14330   0.26254   0.00000   0.00680   0.02782   0.26468   0.13740   0.20144   0.89314   0.02325   0.22069   0.45407   0.00000   0.10780   0.00421   0.00000   0.01780   0.12872   0.09138   0.08080   0.21779   0.08668   0.02073   0.13202   0.13729   0.13725   0.15685   0.17810   0.00000   0.08917   0.02675   0.00901   0.12148   0.09454   0.14947   0.00000   0.04078   0.01952   0.03465   0.02487   0.00376   0.00719   0.00727   0.01086   0.01664   0.00000   0.00000   0.00000   0.03223   0.05294   0.05356   0.01249   0.00000   0.00856   0.00000   0.02142   0.01102   0.00721   0.00000   0.47247   1.10721   0.59024  
 42 6571.4188   5373.969802  x:  0.05464   0.13476   0.70992   0.32992   0.18348   0.35193   0.15736   0.30406   0.18007   0.15161   0.28899   0.00000   0.00925   0.02970   0.27848   0.16208   0.21919   0.96070   0.03760   0.25066   0.57782   0.00000   0.14874   0.05361   0.00000   0.02583   0.14683   0.09146   0.07175   0.25335   0.08058   0.01994   0.13791   0.14989   0.14814   0.17122   0.20010   0.00000   0.08046   0.02596   0.02127   0.13429   0.10408   0.16381   0.00000   0.04435   0.02095   0.03535   0.02310   0.00555   0.03460   0.02595   0.01516   0.02636   0.00000   0.00000   0.00000   0.02819   0.01621   0.06269   0.02321   0.00000   0.00480   0.00000   0.01788   0.00425   0.01073   0.00000   0.48046   1.09456   0.59314  
 43 1168.5853   5358.375962  x:  0.05193   0.14452   0.72855   0.35904   0.18354   0.38603   0.16498   0.31702   0.19056   0.15353   0.30329   0.00000   0.00547   0.02434   0.28575   0.17108   0.22505   1.00673   0.03845   0.26351   0.64650   0.00000   0.14889   0.05753   0.00000   0.02917   0.15189   0.08874   0.06763   0.27048   0.07667   0.01276   0.13971   0.15393   0.15176   0.17766   0.20980   0.00000   0.07877   0.03047   0.02830   0.13816   0.10571   0.16950   0.00000   0.03245   0.03257   0.03899   0.01716   0.00552   0.03932   0.01859   0.01252   0.02704   0.00000   0.00000   0.00000   0.00241   0.05055   0.04646   0.02430   0.00000   0.01713   0.00000   0.00967   0.01776   0.01075   0.00000   0.48203   1.08516   0.59501  
 44 556.3708   5349.325946  x:  0.04737   0.14656   0.74730   0.38151   0.18099   0.41409   0.16772   0.32751   0.19599   0.15266   0.31511   0.00000   0.01221   0.01476   0.29150   0.17450   0.22627   1.05436   0.03249   0.27079   0.70560   0.00000   0.12920   0.05578   0.00000   0.03154   0.15153   0.08418   0.06531   0.28254   0.07348   0.00658   0.13996   0.15471   0.15273   0.18174   0.21557   0.00000   0.08017   0.03486   0.03484   0.13847   0.10388   0.17193   0.00000   0.01259   0.04136   0.04338   0.01507   0.00558   0.04377   0.00859   0.01249   0.02759   0.00000   0.00000   0.00000   0.02563   0.07703   0.01644   0.02499   0.00000   0.01105   0.00000   0.01298   0.01139   0.01088   0.00000   0.48068   1.07470   0.59691  
 45 605.0956   5344.423881  x:  0.04472   0.14395   0.75614   0.38886   0.17855   0.42436   0.16671   0.33108   0.19612   0.15103   0.31946   0.00000   0.01008   0.00960   0.29340   0.17358   0.22461   1.07763   0.02649   0.27145   0.72892   0.00000   0.11199   0.05085   0.00000   0.03096   0.14899   0.08154   0.06536   0.28566   0.07282   0.01123   0.13948   0.15367   0.15208   0.18252   0.21634   0.00000   0.08199   0.03515   0.03512   0.13700   0.10163   0.17143   0.00000   0.01298   0.04137   0.04464   0.01853   0.00526   0.04277   0.01450   0.01371   0.02629   0.00000   0.00000   0.00000   0.02245   0.08175   0.00950   0.02392   0.00000   0.00286   0.00000   0.01492   0.00244   0.01035   0.00000   0.47873   1.06913   0.59786  
 46 456.0452   5335.522478  x:  0.03951   0.13616   0.77254   0.39982   0.17306   0.44096   0.16303   0.33660   0.19440   0.14708   0.32655   0.00000   0.00902   0.00000   0.29632   0.16984   0.21973   1.12145   0.01272   0.27041   0.76832   0.00000   0.07336   0.04537   0.00000   0.03019   0.14237   0.07632   0.06625   0.28933   0.07198   0.01774   0.13803   0.15054   0.14986   0.18305   0.21621   0.00000   0.08611   0.03473   0.03638   0.13305   0.09648   0.16925   0.00000   0.01596   0.03902   0.04669   0.02403   0.00494   0.04443   0.02251   0.01643   0.02513   0.00000   0.00000   0.00000   0.02445   0.08060   0.01020   0.02289   0.00000   0.00524   0.00000   0.01954   0.00783   0.00988   0.00000   0.47412   1.05827   0.59969  
 47 823.7067   5335.522478  x:  0.03951   0.13616   0.77254   0.39982   0.17306   0.44096   0.16303   0.33660   0.19440   0.14708   0.32655   0.00000   0.00902   0.00000   0.29632   0.16984   0.21973   1.12145   0.01272   0.27041   0.76832   0.00000   0.07336   0.04537   0.00000   0.03019   0.14237   0.07632   0.06625   0.28933   0.07198   0.01774   0.13803   0.15054   0.14986   0.18305   0.21621   0.00000   0.08611   0.03473   0.03638   0.13305   0.09648   0.16925   0.00000   0.01596   0.03902   0.04669   0.02403   0.00494   0.04443   0.02251   0.01643   0.02513   0.00000   0.00000   0.00000   0.02445   0.08060   0.01020   0.02289   0.00000   0.00524   0.00000   0.01954   0.00783   0.00988   0.00000   0.47412   1.05827   0.59969  
 48 969.1504   5328.862165  x:  0.03967   0.13352   0.77614   0.40088   0.17156   0.44332   0.16175   0.33681   0.19319   0.14647   0.32775   0.00000   0.00568   0.00531   0.29658   0.16879   0.21795   1.13194   0.00876   0.26889   0.77537   0.00000   0.07058   0.03419   0.00000   0.02653   0.14116   0.07648   0.06715   0.28879   0.07236   0.01439   0.13764   0.14959   0.14899   0.18273   0.21540   0.00000   0.08610   0.03215   0.02895   0.13213   0.09610   0.16819   0.00000   0.02482   0.03317   0.04358   0.01965   0.01149   0.03384   0.01215   0.01121   0.01323   0.00000   0.00000   0.00000   0.00828   0.07063   0.03825   0.01429   0.00000   0.01325   0.00000   0.01330   0.00565   0.00342   0.00000   0.47302   1.05512   0.60029  
 49 304.8611   5327.270344  x:  0.03976   0.13196   0.77832   0.40153   0.17072   0.44474   0.16096   0.33695   0.19247   0.14604   0.32837   0.00000   0.00767   0.00725   0.29670   0.16812   0.21689   1.13831   0.00640   0.26797   0.77966   0.00000   0.06917   0.02850   0.00000   0.02526   0.14046   0.07658   0.06762   0.28846   0.07261   0.01340   0.13744   0.14906   0.14853   0.18254   0.21492   0.00000   0.08610   0.03113   0.02561   0.13162   0.09591   0.16754   0.00000   0.02615   0.03066   0.04199   0.01860   0.00882   0.02930   0.01047   0.01154   0.00850   0.00000   0.00000   0.00000   0.00329   0.06530   0.04152   0.01230   0.00000   0.01102   0.00000   0.01245   0.00722   0.01131   0.00000   0.47246   1.05318   0.60067  
 50 299.6045   5325.558451  x:  0.03993   0.12918   0.78223   0.40270   0.16928   0.44727   0.15957   0.33720   0.19121   0.14524   0.32942   0.00000   0.00853   0.01000   0.29691   0.16691   0.21503   1.14973   0.00224   0.26633   0.78732   0.00000   0.06690   0.01965   0.00000   0.02372   0.13925   0.07674   0.06839   0.28789   0.07306   0.01235   0.13712   0.14816   0.14775   0.18222   0.21409   0.00000   0.08610   0.02973   0.02081   0.13076   0.09562   0.16639   0.00000   0.02752   0.02714   0.03947   0.01775   0.00465   0.02310   0.01043   0.01248   0.00431   0.00000   0.00000   0.00000   0.00958   0.05641   0.04400   0.01111   0.00000   0.00672   0.00000   0.01232   0.00778   0.01208   0.00000   0.47155   1.04968   0.60136  
 51 323.4291   5324.482103  x:  0.04002   0.12769   0.78437   0.40335   0.16853   0.44865   0.15882   0.33734   0.19054   0.14479   0.32996   0.00000   0.00857   0.01108   0.29701   0.16625   0.21403   1.15602   0.00000   0.26544   0.79152   0.00000   0.06586   0.01631   0.00000   0.02342   0.13860   0.07683   0.06877   0.28758   0.07330   0.01221   0.13696   0.14770   0.14735   0.18205   0.21365   0.00000   0.08610   0.02925   0.01921   0.13033   0.09549   0.16580   0.00000   0.02776   0.02597   0.03840   0.01783   0.00498   0.02138   0.01125   0.01294   0.00680   0.00000   0.00000   0.00000   0.00913   0.05212   0.04353   0.01161   0.00000   0.00554   0.00000   0.01275   0.00774   0.01154   0.00000   0.47111   1.04774   0.60175  
 52 356.2135   5321.615928  x:  0.04043   0.12026   0.79524   0.40667   0.16501   0.45562   0.15510   0.33806   0.18725   0.14248   0.33246   0.00000   0.00784   0.01451   0.29746   0.16297   0.20912   1.18799   0.00000   0.26097   0.81283   0.00000   0.06189   0.01082   0.00000   0.02439   0.13544   0.07725   0.07038   0.28605   0.07444   0.01308   0.13629   0.14557   0.14554   0.18125   0.21154   0.00000   0.08611   0.02829   0.01704   0.12838   0.09501   0.16296   0.00000   0.02570   0.02400   0.03590   0.01957   0.00646   0.01967   0.01414   0.01406   0.00216   0.00000   0.00000   0.00000   0.00524   0.03446   0.03435   0.01512   0.00000   0.01070   0.00000   0.01504   0.00700   0.00717   0.00000   0.46921   1.03775   0.60377  
 53 422.1708   5318.847404  x:  0.04090   0.11168   0.80809   0.41062   0.16103   0.46380   0.15087   0.33893   0.18351   0.13986   0.33531   0.00000   0.00744   0.01803   0.29797   0.15926   0.20339   1.22584   0.00000   0.25571   0.83798   0.00000   0.05837   0.01498   0.00000   0.02561   0.13186   0.07771   0.07207   0.28429   0.07562   0.01330   0.13555   0.14323   0.14352   0.18035   0.20917   0.00000   0.08612   0.02771   0.01750   0.12629   0.09455   0.15991   0.00000   0.02570   0.02354   0.03465   0.01934   0.00235   0.02050   0.00954   0.01217   0.00514   0.00000   0.00000   0.00000   0.00602   0.01997   0.02960   0.01259   0.00000   0.01706   0.00000   0.01334   0.00716   0.00724   0.00000   0.46719   1.02582   0.60620  
 54 615.2612   5316.538214  x:  0.04145   0.10124   0.82405   0.41556   0.15628   0.47392   0.14579   0.34001   0.17904   0.13671   0.33874   0.00000   0.00821   0.02177   0.29859   0.15482   0.19629   1.27298   0.00000   0.24918   0.86920   0.00000   0.05491   0.01970   0.00000   0.02628   0.12773   0.07827   0.07394   0.28214   0.07693   0.01309   0.13473   0.14051   0.14116   0.17928   0.20636   0.00000   0.08614   0.02737   0.01857   0.12390   0.09406   0.15639   0.00000   0.02676   0.02370   0.03405   0.01835   0.01137   0.02158   0.00625   0.01070   0.00534   0.00000   0.00000   0.00000   0.01020   0.01342   0.02567   0.00882   0.00000   0.01795   0.00000   0.01098   0.00804   0.01078   0.00000   0.46491   1.01085   0.60924  
 55 967.9954   5302.311484  x:  0.04445   0.04408   0.91332   0.44337   0.13066   0.53022   0.11836   0.34612   0.15487   0.11973   0.35747   0.00000   0.00684   0.04089   0.30204   0.13093   0.15679   1.53703   0.00000   0.21273   1.04366   0.00000   0.03901   0.03442   0.00000   0.02669   0.10619   0.08127   0.08356   0.27039   0.08365   0.01127   0.13046   0.12619   0.12866   0.17354   0.19126   0.00000   0.08628   0.02634   0.02293   0.11146   0.09154   0.13790   0.00000   0.03670   0.02530   0.03231   0.01280   0.01202   0.02560   0.01996   0.00734   0.00470   0.00000   0.00000   0.00000   0.00997   0.03534   0.02064   0.00442   0.00000   0.01702   0.00000   0.00465   0.00691   0.01108   0.00000   0.45306   0.92647   0.62638  
 56 1338.3793   5298.313272  x:  0.04554   0.02512   0.94653   0.45404   0.12266   0.55084   0.10955   0.34842   0.14710   0.11434   0.36391   0.00000   0.00778   0.04590   0.30327   0.12338   0.14287   1.63566   0.00000   0.19972   1.10837   0.00000   0.03847   0.04114   0.00000   0.02589   0.10029   0.08236   0.08617   0.26634   0.08556   0.01127   0.12933   0.12209   0.12501   0.17172   0.18645   0.00000   0.08635   0.02707   0.02511   0.10804   0.09095   0.13245   0.00000   0.03991   0.02712   0.03385   0.01414   0.01230   0.02770   0.01230   0.01087   0.00421   0.00000   0.00000   0.00000   0.01063   0.04228   0.02605   0.01640   0.00000   0.01434   0.00000   0.01730   0.00773   0.01190   0.00000   0.44975   0.89447   0.63289  
 57 2061.9818   5294.899809  x:  0.04616   0.02243   0.96566   0.46137   0.12305   0.56167   0.10895   0.34980   0.14649   0.11412   0.36602   0.00000   0.00855   0.04204   0.30384   0.12320   0.13778   1.69343   0.00000   0.19441   1.14493   0.00000   0.05105   0.03904   0.00000   0.02469   0.10342   0.08298   0.08497   0.26501   0.08510   0.01504   0.13003   0.12344   0.12596   0.17161   0.18612   0.00000   0.08642   0.03000   0.02609   0.10965   0.09160   0.13341   0.00000   0.03422   0.03006   0.03813   0.02307   0.01091   0.02997   0.00440   0.01524   0.00307   0.00000   0.00000   0.00000   0.00748   0.04441   0.02670   0.01296   0.00000   0.00625   0.00000   0.01515   0.00703   0.00728   0.00000   0.45100   0.87445   0.63699  
 58 482.7108   5290.203334  x:  0.04725   0.02700   1.00387   0.47732   0.13003   0.58186   0.11335   0.35255   0.15014   0.11735   0.36827   0.00000   0.01007   0.02755   0.30477   0.12814   0.13151   1.81044   0.00000   0.18672   1.21717   0.00000   0.08304   0.03841   0.00000   0.02186   0.11657   0.08406   0.07929   0.26372   0.08209   0.01956   0.13285   0.13034   0.13120   0.17256   0.18849   0.00000   0.08655   0.03619   0.02845   0.11691   0.09394   0.14036   0.00000   0.02133   0.03603   0.04916   0.03236   0.01116   0.03326   0.01702   0.01646   0.00409   0.00000   0.00000   0.00000   0.00980   0.03890   0.04314   0.00942   0.00000   0.00735   0.00000   0.01699   0.00995   0.01134   0.00000   0.45720   0.83221   0.64566  
 59 770.1138   5285.825690  x:  0.04735   0.03980   1.03159   0.48974   0.14169   0.59436   0.12246   0.35436   0.15803   0.12345   0.36753   0.00000   0.00630   0.01051   0.30505   0.13729   0.13218   1.89887   0.00000   0.18524   1.26918   0.00000   0.09738   0.03081   0.00000   0.02533   0.12998   0.08416   0.07223   0.26460   0.07812   0.01483   0.13579   0.13850   0.13759   0.17456   0.19335   0.00000   0.08654   0.03553   0.02697   0.12488   0.09603   0.14960   0.00000   0.01755   0.03451   0.05078   0.02005   0.01176   0.02947   0.01219   0.00673   0.00553   0.00000   0.00000   0.00000   0.01217   0.04288   0.03966   0.01987   0.00000   0.01244   0.00000   0.01053   0.00534   0.01547   0.00000   0.46481   0.79817   0.65260  
 60 473.0817   5283.976006  x:  0.04694   0.04844   1.04429   0.49544   0.14923   0.59903   0.12871   0.35503   0.16347   0.12758   0.36632   0.00000   0.00774   0.00280   0.30500   0.14347   0.13461   1.94162   0.00000   0.18626   1.29309   0.00000   0.09920   0.03006   0.00000   0.02774   0.13647   0.08375   0.06827   0.26580   0.07602   0.01118   0.13728   0.14297   0.14123   0.17600   0.19664   0.00000   0.08648   0.03344   0.02673   0.12902   0.09694   0.15508   0.00000   0.02160   0.03252   0.04937   0.01109   0.01201   0.02763   0.01047   0.01447   0.00611   0.00000   0.00000   0.00000   0.01195   0.04490   0.03633   0.01750   0.00000   0.01595   0.00000   0.01215   0.00907   0.01362   0.00000   0.46924   0.78078   0.65614  
 61 551.1364   5281.881092  x:  0.04552   0.06153   1.05714   0.50087   0.16045   0.60155   0.13864   0.35533   0.17211   0.13422   0.36361   0.00000   0.00937   0.00000   0.30466   0.15325   0.14090   1.99001   0.00000   0.19040   1.31769   0.00000   0.09115   0.03358   0.00000   0.02941   0.14288   0.08234   0.06348   0.26856   0.07386   0.00839   0.13888   0.14843   0.14597   0.17845   0.20178   0.00000   0.08630   0.02871   0.02643   0.13359   0.09758   0.16261   0.00000   0.03146   0.02853   0.04384   0.01827   0.01194   0.02567   0.01053   0.01033   0.00553   0.00000   0.00000   0.00000   0.01113   0.04702   0.03225   0.01141   0.00000   0.01534   0.00000   0.02083   0.00827   0.01235   0.00000   0.47508   0.75931   0.66046  
 62 333.0525   5280.353277  x:  0.04333   0.07393   1.06546   0.50332   0.17112   0.60000   0.14843   0.35493   0.18062   0.14066   0.36005   0.00000   0.00576   0.00740   0.30403   0.16289   0.14900   2.02938   0.00000   0.19627   1.33456   0.00000   0.07710   0.04034   0.00000   0.02610   0.14610   0.08014   0.06083   0.27221   0.07339   0.01730   0.13983   0.15241   0.14984   0.18118   0.20685   0.00000   0.08610   0.02833   0.02692   0.13629   0.09749   0.16920   0.00000   0.03365   0.02902   0.03932   0.01799   0.01165   0.02970   0.01207   0.01278   0.00379   0.00000   0.00000   0.00000   0.00974   0.04477   0.03450   0.01482   0.00000   0.00857   0.00000   0.01796   0.00719   0.01196   0.00000   0.47982   0.73971   0.66439  
 63 227.6204   5279.921842  x:  0.04211   0.07819   1.06719   0.50274   0.17506   0.59733   0.15168   0.35442   0.18362   0.14243   0.35785   0.00000   0.01243   0.01046   0.30347   0.16606   0.15271   2.04376   0.00000   0.19899   1.33892   0.00000   0.07020   0.04032   0.00000   0.02352   0.14579   0.07892   0.06116   0.27410   0.07367   0.01674   0.13965   0.15290   0.15049   0.18230   0.20869   0.00000   0.08603   0.03046   0.02665   0.13625   0.09708   0.17107   0.00000   0.02987   0.03079   0.03933   0.01844   0.01168   0.03123   0.01168   0.01216   0.00400   0.00000   0.00000   0.00000   0.00973   0.04525   0.03588   0.01637   0.00000   0.00877   0.00000   0.01624   0.00843   0.01034   0.00000   0.48083   0.73142   0.66607  
 64 150.9929   5279.417990  x:  0.04039   0.08213   1.06718   0.49992   0.17911   0.59141   0.15434   0.35335   0.18638   0.14314   0.35413   0.00000   0.00910   0.01234   0.30236   0.16858   0.15741   2.05942   0.00000   0.20237   1.34109   0.00000   0.06280   0.03818   0.00000   0.02154   0.14350   0.07720   0.06316   0.27678   0.07449   0.01205   0.13878   0.15205   0.15009   0.18355   0.21051   0.00000   0.08597   0.03379   0.02633   0.13482   0.09624   0.17209   0.00000   0.02241   0.03331   0.04181   0.01965   0.01180   0.03187   0.01046   0.01377   0.00470   0.00000   0.00000   0.00000   0.01024   0.04666   0.03707   0.01455   0.00000   0.01018   0.00000   0.01773   0.00849   0.01140   0.00000   0.48079   0.72079   0.66828  
 65 111.2736   5278.756270  x:  0.03741   0.08651   1.06229   0.48965   0.18441   0.57412   0.15579   0.35048   0.18894   0.14078   0.34489   0.00000   0.00924   0.00862   0.29937   0.16954   0.16551   2.08549   0.00000   0.20772   1.33812   0.00000   0.06137   0.03730   0.00000   0.02733   0.13636   0.07422   0.06872   0.28213   0.07684   0.01372   0.13650   0.14805   0.14742   0.18519   0.21263   0.00000   0.08594   0.03560   0.02846   0.12994   0.09458   0.17072   0.00000   0.02210   0.03503   0.04930   0.01668   0.01130   0.03055   0.01096   0.01109   0.00422   0.00000   0.00000   0.00000   0.00914   0.04516   0.03828   0.01316   0.00000   0.00641   0.00000   0.01997   0.00891   0.01021   0.00000   0.47802   0.69926   0.67302  
 66 68.0735   5278.113265  x:  0.03476   0.09080   1.05562   0.47709   0.18932   0.55344   0.15672   0.34720   0.19104   0.13783   0.33471   0.00000   0.00991   0.00622   0.29611   0.16988   0.17378   2.11408   0.00000   0.21293   1.33303   0.00000   0.06369   0.03534   0.00000   0.02850   0.12903   0.07157   0.07362   0.28775   0.07866   0.01729   0.13434   0.14378   0.14448   0.18655   0.21460   0.00000   0.08595   0.03474   0.02900   0.12498   0.09318   0.16853   0.00000   0.02591   0.03428   0.05326   0.02025   0.01161   0.02828   0.01087   0.01406   0.00509   0.00000   0.00000   0.00000   0.01060   0.04609   0.03848   0.01497   0.00000   0.01010   0.00000   0.01710   0.00704   0.01223   0.00000   0.47472   0.67482   0.67853  
 67 211.6990   5277.538470  x:  0.03403   0.09425   1.04742   0.46352   0.19211   0.53170   0.15666   0.34417   0.19173   0.13504   0.32587   0.00000   0.00794   0.00798   0.29340   0.16913   0.17982   2.14170   0.00000   0.21604   1.32555   0.00000   0.07094   0.03678   0.00000   0.02245   0.12495   0.07084   0.07495   0.29208   0.07792   0.01517   0.13337   0.14097   0.14216   0.18686   0.21584   0.00000   0.08604   0.03137   0.02808   0.12240   0.09315   0.16574   0.00000   0.02667   0.03184   0.04972   0.02042   0.01171   0.02969   0.01095   0.01210   0.00483   0.00000   0.00000   0.00000   0.01028   0.04638   0.03685   0.01640   0.00000   0.00989   0.00000   0.01613   0.01294   0.01116   0.00000   0.47183   0.65050   0.68434  
 68 144.2333   5277.069342  x:  0.03471   0.09649   1.04019   0.45258   0.19291   0.51447   0.15606   0.34214   0.19136   0.13320   0.32018   0.00000   0.00953   0.01102   0.29177   0.16791   0.18292   2.16287   0.00000   0.21691   1.31838   0.00000   0.07631   0.03885   0.00000   0.02025   0.12437   0.07152   0.07391   0.29446   0.07617   0.01283   0.13349   0.14007   0.14111   0.18649   0.21629   0.00000   0.08616   0.03002   0.02709   0.12219   0.09388   0.16352   0.00000   0.02514   0.03084   0.04439   0.01775   0.01174   0.03146   0.01145   0.01269   0.00446   0.00000   0.00000   0.00000   0.00983   0.04606   0.03643   0.01519   0.00000   0.00897   0.00000   0.01785   0.00733   0.01111   0.00000   0.47025   0.63180   0.68908  
 69 175.9018   5276.643125  x:  0.03744   0.09834   1.03069   0.44016   0.19131   0.49536   0.15454   0.34076   0.18937   0.13212   0.31644   0.00000   0.00941   0.01506   0.29100   0.16553   0.18329   2.18629   0.00000   0.21484   1.30803   0.00000   0.07700   0.03803   0.00000   0.02764   0.12849   0.07425   0.06961   0.29510   0.07312   0.01426   0.13518   0.14173   0.14178   0.18516   0.21583   0.00000   0.08631   0.03276   0.02573   0.12519   0.09564   0.16143   0.00000   0.02317   0.03218   0.03800   0.01831   0.01194   0.03109   0.01099   0.01260   0.00472   0.00000   0.00000   0.00000   0.01033   0.04735   0.03729   0.01474   0.00000   0.01009   0.00000   0.01826   0.00905   0.01146   0.00000   0.47033   0.61176   0.69485  
 70 101.8645   5276.163947  x:  0.04166   0.10031   1.01737   0.42570   0.18671   0.47355   0.15204   0.34075   0.18536   0.13245   0.31559   0.00000   0.00902   0.01346   0.29154   0.16175   0.18003   2.21477   0.00000   0.20856   1.29226   0.00000   0.07061   0.03672   0.00000   0.02435   0.13686   0.07848   0.06319   0.29317   0.07036   0.01288   0.13808   0.14632   0.14456   0.18304   0.21402   0.00000   0.08633   0.03497   0.02868   0.13129   0.09758   0.16051   0.00000   0.02713   0.03433   0.04421   0.01896   0.01158   0.03089   0.01121   0.01278   0.00454   0.00000   0.00000   0.00000   0.01004   0.04581   0.03670   0.01538   0.00000   0.00916   0.00000   0.01720   0.00877   0.01134   0.00000   0.47337   0.58948   0.70256  
 71 81.0650   5276.034335  x:  0.04198   0.10129   1.01250   0.42222   0.18473   0.46848   0.15171   0.34175   0.18412   0.13383   0.31731   0.00000   0.00928   0.01161   0.29247   0.16111   0.17816   2.22414   0.00000   0.20571   1.28581   0.00000   0.06849   0.03697   0.00000   0.02293   0.13834   0.07879   0.06368   0.29158   0.07196   0.01619   0.13834   0.14763   0.14573   0.18288   0.21307   0.00000   0.08620   0.03209   0.02742   0.13217   0.09703   0.16173   0.00000   0.02460   0.03218   0.04559   0.01835   0.01172   0.03037   0.01072   0.01234   0.00484   0.00000   0.00000   0.00000   0.01012   0.04668   0.03666   0.01435   0.00000   0.00990   0.00000   0.01843   0.00892   0.01123   0.00000   0.47551   0.58424   0.70546  
 72 44.9129   5275.903630  x:  0.04116   0.10314   1.00632   0.41962   0.18244   0.46489   0.15207   0.34385   0.18312   0.13669   0.32118   0.00000   0.00938   0.00989   0.29423   0.16134   0.17578   2.23539   0.00000   0.20225   1.27691   0.00000   0.06783   0.03920   0.00000   0.02466   0.13840   0.07798   0.06636   0.28897   0.07486   0.01387   0.13768   0.14842   0.14675   0.18323   0.21182   0.00000   0.08601   0.02995   0.02623   0.13181   0.09554   0.16438   0.00000   0.02329   0.03066   0.04552   0.01956   0.01179   0.03008   0.01120   0.01336   0.00464   0.00000   0.00000   0.00000   0.00981   0.04623   0.03748   0.01556   0.00000   0.00886   0.00000   0.01687   0.00887   0.01089   0.00000   0.47882   0.58036   0.70931  
 73 42.7052   5275.714910  x:  0.03898   0.10687   0.99570   0.41713   0.17931   0.46203   0.15340   0.34807   0.18220   0.14209   0.32909   0.00000   0.00912   0.01059   0.29759   0.16284   0.17251   2.25456   0.00000   0.19746   1.26076   0.00000   0.06990   0.03806   0.00000   0.02370   0.13643   0.07579   0.07097   0.28427   0.07877   0.01386   0.13593   0.14848   0.14764   0.18405   0.20988   0.00000   0.08580   0.03359   0.02647   0.12966   0.09327   0.16896   0.00000   0.02577   0.03300   0.04341   0.01873   0.01171   0.03018   0.01106   0.01266   0.00461   0.00000   0.00000   0.00000   0.00989   0.04627   0.03624   0.01500   0.00000   0.00941   0.00000   0.01770   0.00881   0.01103   0.00000   0.48417   0.57682   0.71625  
 74 51.1595   5275.549961  x:  0.03867   0.11042   0.98431   0.41775   0.17907   0.46528   0.15392   0.35251   0.18217   0.14429   0.33647   0.00000   0.00930   0.01130   0.30011   0.16420   0.17252   2.27623   0.00000   0.19699   1.24161   0.00000   0.07024   0.03520   0.00000   0.02493   0.13199   0.07548   0.06795   0.28048   0.07356   0.01400   0.13493   0.14557   0.14541   0.18364   0.20891   0.00000   0.08607   0.03098   0.03095   0.12680   0.09531   0.16953   0.00000   0.02516   0.03179   0.04409   0.01869   0.01158   0.03241   0.01085   0.01266   0.00475   0.00000   0.00000   0.00000   0.01018   0.04628   0.03693   0.01481   0.00000   0.00960   0.00000   0.01774   0.00889   0.01137   0.00000   0.48509   0.57928   0.72485  
 75 25.1753   5275.374482  x:  0.03965   0.11301   0.97175   0.41959   0.18008   0.47134   0.15343   0.35655   0.18227   0.14387   0.34238   0.00000   0.00918   0.00816   0.30166   0.16463   0.17409   2.30117   0.00000   0.19871   1.21938   0.00000   0.06962   0.03806   0.00000   0.02389   0.12880   0.07647   0.06435   0.27826   0.06927   0.01484   0.13498   0.14285   0.14299   0.18315   0.20860   0.00000   0.08631   0.03308   0.02630   0.12533   0.09733   0.16785   0.00000   0.02468   0.03290   0.04437   0.01895   0.01171   0.02964   0.01110   0.01283   0.00470   0.00000   0.00000   0.00000   0.00979   0.04630   0.03654   0.01508   0.00000   0.00922   0.00000   0.01757   0.00877   0.01089   0.00000   0.48345   0.58491   0.73524  
 76 48.8944   5275.114806  x:  0.04204   0.11253   0.95254   0.42411   0.18234   0.48455   0.15127   0.35903   0.18278   0.13858   0.34532   0.00000   0.00916   0.00884   0.30091   0.16349   0.17835   2.34308   0.00000   0.20524   1.18208   0.00000   0.06981   0.03692   0.00000   0.02422   0.13429   0.07886   0.06643   0.28120   0.07726   0.01421   0.13778   0.14436   0.14349   0.18361   0.21009   0.00000   0.08590   0.03302   0.02620   0.13005   0.09602   0.16267   0.00000   0.02549   0.03190   0.04446   0.01893   0.01166   0.03240   0.01102   0.01276   0.00471   0.00000   0.00000   0.00000   0.00993   0.04649   0.03643   0.01503   0.00000   0.00936   0.00000   0.01770   0.00878   0.01107   0.00000   0.47689   0.59938   0.75408  
 77 35.8783   5275.062724  x:  0.04066   0.11077   0.94940   0.42502   0.18188   0.48703   0.15117   0.35791   0.18298   0.13781   0.34367   0.00000   0.00917   0.00914   0.30001   0.16316   0.17808   2.35153   0.00000   0.20609   1.17454   0.00000   0.06987   0.03745   0.00000   0.02369   0.13557   0.07747   0.06692   0.28263   0.07674   0.01428   0.13772   0.14572   0.14463   0.18369   0.21064   0.00000   0.08598   0.03210   0.02868   0.13062   0.09539   0.16299   0.00000   0.02468   0.03314   0.04353   0.01894   0.01170   0.02923   0.01107   0.01286   0.00480   0.00000   0.00000   0.00000   0.00977   0.04648   0.03629   0.01513   0.00000   0.00926   0.00000   0.01759   0.00878   0.01083   0.00000   0.47627   0.60317   0.75853  
 78 25.3848   5274.989831  x:  0.03728   0.10639   0.94630   0.42646   0.17995   0.48994   0.15174   0.35386   0.18344   0.13771   0.33812   0.00000   0.00915   0.00957   0.29779   0.16283   0.17577   2.36348   0.00000   0.20632   1.16387   0.00000   0.06979   0.03713   0.00000   0.02403   0.13677   0.07409   0.06737   0.28552   0.07281   0.01426   0.13664   0.14836   0.14711   0.18379   0.21166   0.00000   0.08627   0.03240   0.02704   0.13033   0.09461   0.16544   0.00000   0.02515   0.03242   0.04423   0.01886   0.01167   0.03079   0.01106   0.01278   0.00478   0.00000   0.00000   0.00000   0.00979   0.04642   0.03605   0.01504   0.00000   0.00936   0.00000   0.01760   0.00875   0.01087   0.00000   0.47700   0.60971   0.76602  
 79 22.8218   5274.942410  x:  0.04069   0.10458   0.94682   0.42837   0.17878   0.49023   0.15312   0.34891   0.18404   0.13954   0.33189   0.00000   0.00913   0.00865   0.29613   0.16348   0.17252   2.37079   0.00000   0.20534   1.15746   0.00000   0.06939   0.03686   0.00000   0.02381   0.13504   0.07751   0.06789   0.28729   0.07311   0.01434   0.13595   0.14785   0.14705   0.18416   0.21219   0.00000   0.08599   0.03299   0.02771   0.12905   0.09612   0.16750   0.00000   0.02506   0.03201   0.04331   0.01894   0.01163   0.03103   0.01107   0.01281   0.00476   0.00000   0.00000   0.00000   0.00976   0.04630   0.03618   0.01503   0.00000   0.00927   0.00000   0.01750   0.00874   0.01085   0.00000   0.47996   0.61507   0.77291  
 80 10.3224   5274.925766  x:  0.04111   0.10464   0.94805   0.42927   0.17852   0.48956   0.15356   0.34719   0.18428   0.14038   0.33020   0.00000   0.00914   0.01013   0.29597   0.16394   0.17144   2.37288   0.00000   0.20506   1.15569   0.00000   0.06989   0.03687   0.00000   0.02416   0.13469   0.07792   0.06685   0.28719   0.07404   0.01417   0.13623   0.14713   0.14641   0.18405   0.21193   0.00000   0.08596   0.03182   0.02687   0.12912   0.09602   0.16755   0.00000   0.02519   0.03316   0.04451   0.01881   0.01164   0.03058   0.01106   0.01276   0.00482   0.00000   0.00000   0.00000   0.00974   0.04637   0.03580   0.01499   0.00000   0.00941   0.00000   0.01758   0.00874   0.01079   0.00000   0.48087   0.61688   0.77614  
 81  8.7246   5274.892066  x:  0.03974   0.10553   0.95232   0.43112   0.17853   0.48688   0.15354   0.34455   0.18440   0.14118   0.32817   0.00000   0.00914   0.01044   0.29639   0.16438   0.16985   2.37602   0.00000   0.20473   1.15323   0.00000   0.06996   0.03710   0.00000   0.02414   0.13461   0.07655   0.06428   0.28549   0.07593   0.01415   0.13741   0.14534   0.14458   0.18352   0.21055   0.00000   0.08609   0.03317   0.02747   0.13002   0.09474   0.16623   0.00000   0.02491   0.03131   0.04469   0.01882   0.01166   0.03009   0.01108   0.01281   0.00486   0.00000   0.00000   0.00000   0.00965   0.04644   0.03560   0.01503   0.00000   0.00939   0.00000   0.01756   0.00872   0.01065   0.00000   0.48159   0.62009   0.78417  
 82  8.7021   5274.847782  x:  0.03849   0.10659   0.95885   0.43308   0.17923   0.48291   0.15278   0.34249   0.18424   0.14112   0.32716   0.00000   0.00909   0.00823   0.29730   0.16421   0.16883   2.37929   0.00000   0.20464   1.15095   0.00000   0.06895   0.03622   0.00000   0.02385   0.13497   0.07530   0.06450   0.28279   0.07605   0.01436   0.13830   0.14428   0.14335   0.18330   0.20884   0.00000   0.08616   0.03209   0.02738   0.13078   0.09407   0.16456   0.00000   0.02509   0.03349   0.04281   0.01902   0.01155   0.03161   0.01105   0.01283   0.00478   0.00000   0.00000   0.00000   0.00966   0.04624   0.03601   0.01499   0.00000   0.00921   0.00000   0.01748   0.00870   0.01073   0.00000   0.48139   0.62359   0.79583  
 83 15.0007   5274.725155  x:  0.03906   0.10830   0.97748   0.43675   0.18226   0.47264   0.15087   0.34061   0.18385   0.14032   0.32898   0.00000   0.00907   0.01032   0.30018   0.16332   0.16900   2.38657   0.00000   0.20543   1.14651   0.00000   0.06899   0.03647   0.00000   0.02393   0.13657   0.07588   0.07161   0.27662   0.07183   0.01445   0.13815   0.14584   0.14449   0.18396   0.20641   0.00000   0.08599   0.03246   0.02726   0.13104   0.09606   0.16254   0.00000   0.02514   0.03218   0.04414   0.01901   0.01157   0.03062   0.01107   0.01291   0.00495   0.00000   0.00000   0.00000   0.00940   0.04652   0.03486   0.01504   0.00000   0.00928   0.00000   0.01755   0.00865   0.01030   0.00000   0.47948   0.63111   0.83013  
 84 21.4889   5274.497520  x:  0.04020   0.10099   1.00607   0.43623   0.18453   0.46182   0.15034   0.34657   0.18318   0.13844   0.33769   0.00000   0.00893   0.00941   0.30201   0.16043   0.17361   2.39550   0.00000   0.20641   1.14301   0.00000   0.06923   0.03508   0.00000   0.02408   0.13273   0.07701   0.06407   0.27822   0.07647   0.01410   0.13268   0.15128   0.15130   0.18314   0.21112   0.00000   0.08619   0.03253   0.02721   0.12619   0.09697   0.16716   0.00000   0.02502   0.03248   0.04363   0.01905   0.01142   0.03096   0.01114   0.01294   0.00513   0.00000   0.00000   0.00000   0.00903   0.04638   0.03380   0.01499   0.00000   0.00921   0.00000   0.01735   0.00850   0.00982   0.00000   0.47659   0.63677   0.89513  
 85 20.0826   5274.196139  x:  0.04182   0.09002   1.02948   0.43090   0.18042   0.46421   0.15543   0.35783   0.18318   0.14116   0.34529   0.00000   0.00875   0.00814   0.29888   0.16258   0.17900   2.40184   0.00000   0.20388   1.14476   0.00000   0.06916   0.03347   0.00000   0.02411   0.13327   0.07863   0.06639   0.29008   0.07212   0.01451   0.13979   0.14454   0.14333   0.18349   0.21569   0.00000   0.08582   0.03239   0.02720   0.13284   0.09103   0.17113   0.00000   0.02507   0.03229   0.04344   0.01908   0.01123   0.03099   0.01123   0.01299   0.00540   0.00000   0.00000   0.00000   0.00849   0.04619   0.03200   0.01490   0.00000   0.00919   0.00000   0.01706   0.00830   0.00907   0.00000   0.47928   0.63155   0.98110  
 86 23.6673   5273.822937  x:  0.03760   0.09347   1.03975   0.42882   0.17144   0.48291   0.15624   0.36317   0.18141   0.14215   0.34283   0.00000   0.00853   0.00788   0.29326   0.16594   0.17983   2.40541   0.00000   0.19962   1.15510   0.00000   0.06787   0.03192   0.00000   0.02401   0.13666   0.07441   0.06803   0.29774   0.07572   0.01450   0.13859   0.14316   0.14189   0.18392   0.21161   0.00000   0.08659   0.03230   0.02670   0.13040   0.10692   0.16246   0.00000   0.02508   0.03219   0.04297   0.01927   0.01101   0.03093   0.01129   0.01314   0.00572   0.00000   0.00000   0.00000   0.00773   0.04613   0.02974   0.01485   0.00000   0.00904   0.00000   0.01682   0.00807   0.00802   0.00000   0.48289   0.61331   1.08746  
 87 29.2590   5273.344712  x:  0.04125   0.10555   1.03890   0.43006   0.16639   0.51048   0.15119   0.36094   0.17915   0.13956   0.33439   0.00000   0.00829   0.00909   0.28988   0.16538   0.17694   2.40875   0.00000   0.19744   1.17480   0.00000   0.06677   0.02963   0.00000   0.02419   0.13303   0.07806   0.06638   0.29456   0.07264   0.01457   0.13380   0.14805   0.14754   0.18448   0.20600   0.00000   0.08566   0.03217   0.02689   0.12569   0.09222   0.15627   0.00000   0.02492   0.03204   0.04261   0.01950   0.01072   0.03123   0.01135   0.01335   0.00613   0.00000   0.00000   0.00000   0.00684   0.04616   0.02703   0.01478   0.00000   0.00885   0.00000   0.01661   0.00779   0.00677   0.00000   0.48265   0.58783   1.21635  
 88 54.1394   5273.050403  x:  0.04055   0.10338   1.02396   0.43046   0.17300   0.52256   0.14633   0.35197   0.18081   0.13645   0.33062   0.00000   0.00811   0.01011   0.29520   0.15949   0.17189   2.41246   0.00000   0.20172   1.19646   0.00000   0.06624   0.02799   0.00000   0.02433   0.12801   0.07735   0.06643   0.28150   0.07519   0.01445   0.13824   0.14689   0.14598   0.18402   0.20910   0.00000   0.08670   0.03222   0.02668   0.13224   0.09639   0.17089   0.00000   0.02516   0.03200   0.04229   0.01963   0.01051   0.03130   0.01141   0.01345   0.00639   0.00000   0.00000   0.00000   0.00628   0.04602   0.02509   0.01470   0.00000   0.00877   0.00000   0.01639   0.00760   0.00598   0.00000   0.47799   0.57659   1.29254  
 89 29.7884   5272.870231  x:  0.04095   0.09458   1.00353   0.43103   0.18035   0.51939   0.15049   0.34656   0.18456   0.13965   0.33390   0.00000   0.00799   0.00917   0.30089   0.16153   0.16667   2.41823   0.00000   0.20552   1.21938   0.00000   0.06590   0.02724   0.00000   0.02421   0.13617   0.07776   0.06636   0.27792   0.07531   0.01462   0.13505   0.14451   0.14387   0.18196   0.21143   0.00000   0.08401   0.03213   0.02664   0.12575   0.09539   0.16710   0.00000   0.02513   0.03189   0.04211   0.01966   0.01040   0.03128   0.01148   0.01349   0.00656   0.00000   0.00000   0.00000   0.00594   0.04600   0.02401   0.01468   0.00000   0.00872   0.00000   0.01621   0.00747   0.00552   0.00000   0.47786   0.58013   1.33310  
 90 16.2155   5272.745538  x:  0.04078   0.09378   0.98545   0.43449   0.18182   0.51097   0.15274   0.34626   0.18433   0.13990   0.33758   0.00000   0.00791   0.00867   0.30139   0.16366   0.16361   2.42474   0.00000   0.20592   1.23978   0.00000   0.06618   0.02643   0.00000   0.02435   0.13051   0.07758   0.06707   0.28265   0.07473   0.01450   0.13655   0.14760   0.14666   0.18222   0.21120   0.00000   0.09020   0.03206   0.02657   0.12971   0.09556   0.16123   0.00000   0.02497   0.03188   0.04202   0.01968   0.01031   0.03132   0.01151   0.01351   0.00668   0.00000   0.00000   0.00000   0.00573   0.04601   0.02341   0.01465   0.00000   0.00869   0.00000   0.01609   0.00738   0.00524   0.00000   0.48037   0.58926   1.35668  
 91 15.8050   5272.681464  x:  0.04026   0.09727   0.97628   0.43749   0.17981   0.50517   0.15184   0.34826   0.18241   0.13821   0.33840   0.00000   0.00788   0.00897   0.29900   0.16303   0.16403   2.42919   0.00000   0.20442   1.25073   0.00000   0.06610   0.02611   0.00000   0.02440   0.12917   0.07707   0.06670   0.28636   0.07427   0.01450   0.13716   0.14768   0.14674   0.18332   0.21054   0.00000   0.08347   0.03210   0.02652   0.13073   0.09608   0.16252   0.00000   0.02498   0.03186   0.04193   0.01972   0.01026   0.03134   0.01151   0.01354   0.00673   0.00000   0.00000   0.00000   0.00563   0.04605   0.02306   0.01465   0.00000   0.00865   0.00000   0.01608   0.00733   0.00510   0.00000   0.48054   0.59602   1.36540  
 92 13.1758   5272.643784  x:  0.04052   0.10055   0.97167   0.43915   0.17715   0.50175   0.15045   0.35075   0.18098   0.13723   0.33735   0.00000   0.00786   0.00944   0.29622   0.16163   0.16679   2.43283   0.00000   0.20219   1.25688   0.00000   0.06575   0.02603   0.00000   0.02435   0.13218   0.07733   0.06640   0.28729   0.07426   0.01458   0.13633   0.14591   0.14510   0.18406   0.20992   0.00000   0.08674   0.03205   0.02651   0.12856   0.09564   0.16626   0.00000   0.02509   0.03182   0.04186   0.01976   0.01023   0.03133   0.01150   0.01358   0.00676   0.00000   0.00000   0.00000   0.00556   0.04612   0.02279   0.01467   0.00000   0.00861   0.00000   0.01610   0.00731   0.00501   0.00000   0.47946   0.60078   1.36738  
 93  7.9568   5272.578542  x:  0.04091   0.09827   0.96997   0.43629   0.17327   0.50083   0.15110   0.35501   0.18285   0.14217   0.33137   0.00000   0.00782   0.00930   0.29409   0.16194   0.17848   2.44201   0.00000   0.19568   1.26170   0.00000   0.06609   0.02549   0.00000   0.02445   0.13121   0.07771   0.06635   0.27958   0.07484   0.01447   0.13665   0.14749   0.14598   0.18211   0.20826   0.00000   0.08612   0.03205   0.02642   0.12968   0.09577   0.16545   0.00000   0.02503   0.03178   0.04183   0.01975   0.01014   0.03125   0.01151   0.01358   0.00683   0.00000   0.00000   0.00000   0.00553   0.04615   0.02259   0.01467   0.00000   0.00858   0.00000   0.01602   0.00726   0.00498   0.00000   0.47775   0.60638   1.35604  
 94  3.0909   5272.269791  x:  0.03990   0.09807   0.98167   0.42679   0.17846   0.50513   0.14326   0.34949   0.17707   0.13279   0.32956   0.00000   0.00760   0.01046   0.30773   0.16344   0.19252   2.48762   0.00000   0.18019   1.26265   0.00000   0.06598   0.02331   0.00000   0.02470   0.13249   0.07670   0.06565   0.27931   0.07430   0.01433   0.13618   0.14340   0.14794   0.18705   0.21479   0.00000   0.08600   0.03162   0.02577   0.12960   0.09544   0.16216   0.00000   0.02509   0.03128   0.04107   0.01981   0.00969   0.03077   0.01150   0.01361   0.00707   0.00000   0.00000   0.00000   0.00536   0.04624   0.02151   0.01462   0.00000   0.00831   0.00000   0.01569   0.00697   0.00485   0.00000   0.49274   0.61249   1.26861  
 95  5.4518   5271.455442  x:  0.03994   0.10380   1.01821   0.41861   0.18040   0.51067   0.15372   0.33867   0.18051   0.13630   0.34035   0.00000   0.00704   0.00987   0.31433   0.15332   0.18240   2.60430   0.00000   0.16912   1.25629   0.00000   0.06532   0.01795   0.00000   0.02545   0.13141   0.07673   0.06607   0.29074   0.07455   0.01455   0.13868   0.15409   0.13781   0.18328   0.20891   0.00000   0.08624   0.03122   0.02453   0.12705   0.09595   0.16273   0.00000   0.02535   0.03031   0.03959   0.02020   0.00853   0.02985   0.01149   0.01384   0.00768   0.00000   0.00000   0.00000   0.00496   0.04666   0.01872   0.01459   0.00000   0.00759   0.00000   0.01490   0.00628   0.00454   0.00000   0.47480   0.61292   1.03264  
 96 34.6680   5271.080637  x:  0.04091   0.09853   1.03491   0.42420   0.17541   0.50915   0.15155   0.34372   0.17997   0.13789   0.34367   0.00000   0.00676   0.00908   0.30400   0.15867   0.17220   2.65828   0.00000   0.18459   1.25209   0.00000   0.06542   0.01532   0.00000   0.02579   0.13292   0.07770   0.06610   0.28652   0.07434   0.01446   0.13499   0.14065   0.15053   0.18144   0.20519   0.00000   0.08620   0.03096   0.02382   0.13208   0.09614   0.16371   0.00000   0.02541   0.02983   0.03887   0.02026   0.00798   0.02934   0.01151   0.01387   0.00797   0.00000   0.00000   0.00000   0.00480   0.04676   0.01750   0.01457   0.00000   0.00728   0.00000   0.01444   0.00594   0.00445   0.00000   0.47331   0.60813   0.92204  
 97 47.7906   5270.967680  x:  0.04106   0.09385   1.03930   0.43155   0.17338   0.50713   0.14712   0.34962   0.17869   0.13720   0.34274   0.00000   0.00667   0.00911   0.29829   0.16096   0.16925   2.67428   0.00000   0.19439   1.25033   0.00000   0.06569   0.01443   0.00000   0.02592   0.13295   0.07785   0.06593   0.28172   0.07471   0.01438   0.13803   0.14716   0.14478   0.18252   0.20732   0.00000   0.08611   0.03082   0.02358   0.12905   0.09605   0.16306   0.00000   0.02540   0.02966   0.03861   0.02025   0.00780   0.02912   0.01151   0.01385   0.00806   0.00000   0.00000   0.00000   0.00477   0.04673   0.01721   0.01454   0.00000   0.00720   0.00000   0.01428   0.00583   0.00446   0.00000   0.48001   0.60446   0.88937  
 98 21.0703   5270.940577  x:  0.04084   0.09176   1.03904   0.44059   0.17432   0.50553   0.14788   0.35323   0.17924   0.13821   0.34022   0.00000   0.00666   0.00945   0.30032   0.15716   0.16919   2.67721   0.00000   0.19258   1.24933   0.00000   0.06563   0.01428   0.00000   0.02594   0.13302   0.07763   0.06616   0.28207   0.07447   0.01446   0.13497   0.14676   0.14372   0.18311   0.21034   0.00000   0.08610   0.03076   0.02350   0.13100   0.09607   0.16157   0.00000   0.02541   0.02959   0.03856   0.02025   0.00775   0.02902   0.01151   0.01385   0.00807   0.00000   0.00000   0.00000   0.00479   0.04672   0.01722   0.01452   0.00000   0.00719   0.00000   0.01424   0.00582   0.00451   0.00000   0.48043   0.60089   0.88483  
 99  3.1839   5270.917669  x:  0.04084   0.08910   1.03829   0.44847   0.17537   0.50414   0.14830   0.35472   0.17857   0.13811   0.33868   0.00000   0.00666   0.00955   0.30278   0.15802   0.17014   2.67952   0.00000   0.18976   1.24885   0.00000   0.06560   0.01416   0.00000   0.02596   0.13306   0.07763   0.06618   0.28326   0.07440   0.01435   0.13888   0.14609   0.14581   0.18277   0.20996   0.00000   0.08613   0.03076   0.02346   0.12866   0.09615   0.16184   0.00000   0.02541   0.02954   0.03853   0.02025   0.00770   0.02894   0.01151   0.01384   0.00808   0.00000   0.00000   0.00000   0.00484   0.04670   0.01732   0.01451   0.00000   0.00717   0.00000   0.01419   0.00582   0.00458   0.00000   0.47880   0.59753   0.88341  
100  3.7001   5270.879202  x:  0.04131   0.08551   1.03701   0.45457   0.17598   0.50330   0.14780   0.35194   0.17698   0.13642   0.34018   0.00000   0.00665   0.00932   0.30319   0.16338   0.17326   2.68392   0.00000   0.18762   1.25013   0.00000   0.06557   0.01404   0.00000   0.02596   0.13305   0.07810   0.06579   0.28441   0.07447   0.01442   0.13555   0.14744   0.14376   0.18197   0.20512   0.00000   0.08612   0.03073   0.02329   0.13052   0.09616   0.16402   0.00000   0.02543   0.02943   0.03848   0.02025   0.00762   0.02876   0.01151   0.01382   0.00808   0.00000   0.00000   0.00000   0.00496   0.04669   0.01763   0.01451   0.00000   0.00712   0.00000   0.01413   0.00583   0.00479   0.00000   0.47742   0.59431   0.88564  
101  2.2953   5270.688036  x:  0.04140   0.08389   1.03296   0.45994   0.17205   0.50455   0.14984   0.33799   0.18198   0.13540   0.35175   0.00000   0.00667   0.00913   0.29267   0.15497   0.18003   2.70859   0.00000   0.18723   1.26326   0.00000   0.06538   0.01376   0.00000   0.02591   0.13291   0.07819   0.06555   0.28184   0.07438   0.01426   0.13755   0.14564   0.14533   0.18378   0.20436   0.00000   0.08604   0.03046   0.02256   0.12917   0.09590   0.16255   0.00000   0.02541   0.02890   0.03813   0.02026   0.00720   0.02778   0.01145   0.01373   0.00805   0.00000   0.00000   0.00000   0.00569   0.04682   0.01964   0.01455   0.00000   0.00682   0.00000   0.01390   0.00589   0.00594   0.00000   0.48218   0.58930   0.90610  
102  3.2572   5270.428939  x:  0.04106   0.09055   1.02949   0.44901   0.16881   0.50814   0.14507   0.34503   0.17969   0.13682   0.34599   0.00000   0.00674   0.00966   0.29681   0.16290   0.16666   2.74399   0.00000   0.18914   1.28433   0.00000   0.06412   0.01372   0.00000   0.02584   0.13207   0.07784   0.06697   0.27936   0.07461   0.01430   0.13684   0.14566   0.14411   0.18217   0.21816   0.00000   0.08617   0.03020   0.02165   0.12930   0.09565   0.16059   0.00000   0.02552   0.02818   0.03778   0.02039   0.00663   0.02649   0.01135   0.01367   0.00798   0.00000   0.00000   0.00000   0.00665   0.04704   0.02226   0.01459   0.00000   0.00642   0.00000   0.01366   0.00603   0.00745   0.00000   0.47398   0.59132   0.93614  
103  8.6280   5270.349743  x:  0.04108   0.09085   1.02859   0.44262   0.17509   0.51040   0.14575   0.35369   0.17758   0.13758   0.33978   0.00000   0.00676   0.01058   0.30113   0.15796   0.16228   2.75512   0.00000   0.19376   1.29106   0.00000   0.06393   0.01370   0.00000   0.02584   0.13202   0.07786   0.06658   0.28126   0.07478   0.01419   0.13680   0.14559   0.14436   0.18176   0.20864   0.00000   0.08613   0.03008   0.02134   0.12885   0.09553   0.16213   0.00000   0.02557   0.02794   0.03761   0.02038   0.00646   0.02606   0.01133   0.01363   0.00796   0.00000   0.00000   0.00000   0.00695   0.04710   0.02304   0.01460   0.00000   0.00632   0.00000   0.01360   0.00607   0.00790   0.00000   0.47720   0.59328   0.94477  
104  8.7363   5270.336362  x:  0.04111   0.09011   1.02857   0.44229   0.17613   0.51025   0.14846   0.35526   0.17970   0.13363   0.33939   0.00000   0.00678   0.01087   0.29938   0.15889   0.16048   2.75804   0.00000   0.19186   1.29133   0.00000   0.06383   0.01395   0.00000   0.02584   0.13194   0.07789   0.06610   0.27948   0.07496   0.01417   0.13674   0.14555   0.14428   0.18509   0.20790   0.00000   0.08614   0.03006   0.02130   0.12883   0.09552   0.16197   0.00000   0.02554   0.02791   0.03765   0.02038   0.00645   0.02597   0.01136   0.01363   0.00796   0.00000   0.00000   0.00000   0.00694   0.04708   0.02306   0.01460   0.00000   0.00632   0.00000   0.01360   0.00611   0.00789   0.00000   0.47684   0.59284   0.94178  
105  0.5125   5270.180594  x:  0.04055   0.08910   1.02903   0.44615   0.18408   0.51014   0.15067   0.35561   0.17173   0.13292   0.34074   0.00000   0.00710   0.01160   0.28999   0.15862   0.15889   2.79604   0.00000   0.18906   1.29503   0.00000   0.06380   0.01749   0.00000   0.02581   0.13133   0.07733   0.06808   0.27736   0.07545   0.01409   0.13654   0.14484   0.14407   0.17529   0.21005   0.00000   0.08608   0.02994   0.02082   0.12833   0.09530   0.16134   0.00000   0.02523   0.02752   0.03777   0.02037   0.00631   0.02498   0.01185   0.01356   0.00802   0.00000   0.00000   0.00000   0.00689   0.04706   0.02328   0.01478   0.00000   0.00629   0.00000   0.01375   0.00656   0.00764   0.00000   0.47794   0.58565   0.89822  
106  1.9599   5270.053204  x:  0.04113   0.08689   1.02942   0.44957   0.17613   0.50910   0.14238   0.35358   0.17767   0.13955   0.34173   0.00000   0.00734   0.01063   0.29740   0.15818   0.16087   2.82716   0.00000   0.19484   1.29889   0.00000   0.06422   0.02024   0.00000   0.02579   0.13139   0.07790   0.06685   0.28091   0.07503   0.01404   0.13672   0.14475   0.14393   0.18392   0.20681   0.00000   0.08608   0.02984   0.02046   0.12819   0.09531   0.16121   0.00000   0.02491   0.02724   0.03794   0.02031   0.00619   0.02419   0.01227   0.01347   0.00808   0.00000   0.00000   0.00000   0.00687   0.04701   0.02350   0.01493   0.00000   0.00629   0.00000   0.01385   0.00691   0.00747   0.00000   0.47607   0.57952   0.86305  
107 11.3985   5270.046704  x:  0.04132   0.08723   1.02946   0.44997   0.17307   0.50897   0.14457   0.35343   0.17802   0.13747   0.34143   0.00000   0.00736   0.01052   0.29983   0.15797   0.16151   2.82891   0.00000   0.19651   1.29927   0.00000   0.06426   0.02037   0.00000   0.02580   0.13136   0.07809   0.06712   0.28068   0.07504   0.01404   0.13668   0.14479   0.14388   0.18215   0.20674   0.00000   0.08608   0.02984   0.02045   0.12814   0.09528   0.16150   0.00000   0.02490   0.02723   0.03797   0.02031   0.00618   0.02415   0.01229   0.01346   0.00809   0.00000   0.00000   0.00000   0.00687   0.04701   0.02351   0.01494   0.00000   0.00629   0.00000   0.01386   0.00692   0.00746   0.00000   0.47667   0.57920   0.86165  
108  2.2519   5270.043238  x:  0.04131   0.08711   1.02928   0.44995   0.17262   0.50908   0.14619   0.35301   0.17550   0.13791   0.34133   0.00000   0.00737   0.01042   0.30014   0.15779   0.16191   2.83043   0.00000   0.19722   1.29972   0.00000   0.06430   0.02037   0.00000   0.02580   0.13135   0.07809   0.06691   0.28020   0.07504   0.01403   0.13669   0.14481   0.14387   0.18380   0.20694   0.00000   0.08609   0.02985   0.02050   0.12816   0.09530   0.16136   0.00000   0.02488   0.02726   0.03801   0.02030   0.00618   0.02418   0.01231   0.01346   0.00810   0.00000   0.00000   0.00000   0.00687   0.04700   0.02351   0.01493   0.00000   0.00632   0.00000   0.01387   0.00694   0.00746   0.00000   0.47619   0.57881   0.86295  
109  0.2957   5269.876373  x:  0.04128   0.08662   1.01864   0.44883   0.17396   0.51055   0.14443   0.35297   0.17738   0.13577   0.34121   0.00000   0.00794   0.01111   0.29791   0.15746   0.16139   2.90868   0.00000   0.19511   1.32179   0.00000   0.06422   0.02005   0.00000   0.02581   0.12889   0.07804   0.06799   0.28034   0.07545   0.01414   0.13576   0.14324   0.14286   0.18221   0.20576   0.00000   0.08608   0.03027   0.02332   0.12674   0.09489   0.16057   0.00000   0.02404   0.02859   0.04012   0.01987   0.00583   0.02592   0.01314   0.01308   0.00861   0.00000   0.00000   0.00000   0.00713   0.04622   0.02309   0.01453   0.00000   0.00742   0.00000   0.01452   0.00752   0.00720   0.00000   0.47568   0.55946   0.94301  
110  1.0039   5269.834463  x:  0.04121   0.08798   1.02286   0.44395   0.17487   0.51084   0.14515   0.35238   0.17679   0.13526   0.34130   0.00000   0.00763   0.01121   0.29887   0.15701   0.16335   2.96101   0.00000   0.19069   1.32742   0.00000   0.06356   0.01994   0.00000   0.02561   0.12909   0.07795   0.06770   0.28065   0.07536   0.01409   0.13580   0.14365   0.14301   0.18226   0.20632   0.00000   0.08609   0.03061   0.02289   0.12702   0.09511   0.16073   0.00000   0.02418   0.02908   0.03977   0.01965   0.00622   0.02677   0.01344   0.01315   0.00921   0.00000   0.00000   0.00000   0.00712   0.04573   0.02293   0.01445   0.00000   0.00697   0.00000   0.01451   0.00683   0.00718   0.00000   0.47592   0.55785   0.90147  
111  0.0575   5269.824908  x:  0.04126   0.08739   1.02654   0.44534   0.17432   0.51115   0.14485   0.35294   0.17681   0.13574   0.34142   0.00000   0.00752   0.01114   0.29882   0.15720   0.16317   2.97699   0.00000   0.19124   1.32732   0.00000   0.06340   0.01976   0.00000   0.02544   0.12942   0.07800   0.06753   0.28049   0.07530   0.01408   0.13596   0.14388   0.14319   0.18228   0.20648   0.00000   0.08608   0.03050   0.02249   0.12722   0.09515   0.16099   0.00000   0.02443   0.02872   0.03947   0.01962   0.00640   0.02619   0.01335   0.01305   0.00953   0.00000   0.00000   0.00000   0.00707   0.04537   0.02265   0.01444   0.00000   0.00699   0.00000   0.01423   0.00714   0.00701   0.00000   0.47625   0.55751   0.92671  
112  0.0282   5269.821967  x:  0.04124   0.08756   1.02787   0.44565   0.17439   0.51041   0.14468   0.35329   0.17689   0.13593   0.34128   0.00000   0.00764   0.01106   0.29909   0.15722   0.16282   2.98019   0.00000   0.19195   1.32407   0.00000   0.06375   0.01964   0.00000   0.02562   0.12953   0.07798   0.06759   0.28058   0.07531   0.01410   0.13602   0.14384   0.14311   0.18228   0.20641   0.00000   0.08610   0.03041   0.02283   0.12721   0.09514   0.16090   0.00000   0.02431   0.02864   0.03968   0.01959   0.00645   0.02600   0.01322   0.01305   0.00974   0.00000   0.00000   0.00000   0.00705   0.04491   0.02288   0.01427   0.00000   0.00715   0.00000   0.01420   0.00699   0.00702   0.00000   0.47612   0.55830   0.92131  
113  0.0053   5269.820372  x:  0.04122   0.08774   1.02639   0.44559   0.17448   0.51018   0.14479   0.35304   0.17699   0.13588   0.34134   0.00000   0.00756   0.01106   0.29913   0.15723   0.16296   2.97674   0.00000   0.19200   1.32325   0.00000   0.06369   0.01972   0.00000   0.02563   0.12941   0.07797   0.06762   0.28063   0.07532   0.01405   0.13596   0.14380   0.14309   0.18235   0.20635   0.00000   0.08609   0.03044   0.02266   0.12716   0.09511   0.16087   0.00000   0.02427   0.02878   0.03975   0.01966   0.00642   0.02622   0.01306   0.01303   0.00991   0.00000   0.00000   0.00000   0.00706   0.04441   0.02278   0.01416   0.00000   0.00707   0.00000   0.01416   0.00706   0.00711   0.00000   0.47611   0.55807   0.92227  
114  0.0022   5269.820062  x:  0.04124   0.08763   1.02631   0.44549   0.17442   0.51055   0.14483   0.35296   0.17693   0.13580   0.34139   0.00000   0.00763   0.01111   0.29898   0.15722   0.16306   2.97446   0.00000   0.19169   1.32443   0.00000   0.06363   0.01979   0.00000   0.02559   0.12944   0.07798   0.06759   0.28058   0.07531   0.01408   0.13596   0.14384   0.14314   0.18230   0.20639   0.00000   0.08609   0.03046   0.02272   0.12719   0.09513   0.16094   0.00000   0.02427   0.02872   0.03966   0.01966   0.00638   0.02610   0.01302   0.01301   0.00997   0.00000   0.00000   0.00000   0.00708   0.04431   0.02274   0.01419   0.00000   0.00707   0.00000   0.01415   0.00705   0.00710   0.00000   0.47615   0.55819   0.92191  
115  0.0021   5269.820003  x:  0.04123   0.08763   1.02658   0.44549   0.17443   0.51062   0.14480   0.35304   0.17690   0.13581   0.34134   0.00000   0.00759   0.01110   0.29895   0.15722   0.16300   2.97347   0.00000   0.19174   1.32483   0.00000   0.06365   0.01981   0.00000   0.02559   0.12945   0.07798   0.06761   0.28057   0.07532   0.01408   0.13597   0.14382   0.14312   0.18228   0.20640   0.00000   0.08609   0.03045   0.02270   0.12718   0.09513   0.16092   0.00000   0.02424   0.02871   0.03971   0.01966   0.00638   0.02609   0.01303   0.01302   0.01001   0.00000   0.00000   0.00000   0.00709   0.04431   0.02277   0.01420   0.00000   0.00708   0.00000   0.01418   0.00706   0.00708   0.00000   0.47613   0.55828   0.92113  
116  0.0009   5269.819985  x:  0.04123   0.08763   1.02652   0.44552   0.17444   0.51057   0.14480   0.35305   0.17691   0.13582   0.34133   0.00000   0.00760   0.01110   0.29898   0.15723   0.16297   2.97328   0.00000   0.19181   1.32476   0.00000   0.06365   0.01981   0.00000   0.02559   0.12944   0.07798   0.06761   0.28057   0.07532   0.01408   0.13597   0.14381   0.14311   0.18229   0.20639   0.00000   0.08609   0.03045   0.02270   0.12718   0.09513   0.16091   0.00000   0.02425   0.02872   0.03971   0.01965   0.00638   0.02610   0.01304   0.01303   0.01003   0.00000   0.00000   0.00000   0.00709   0.04433   0.02277   0.01423   0.00000   0.00707   0.00000   0.01419   0.00704   0.00708   0.00000   0.47612   0.55822   0.92178  
117  0.0005   5269.819978  x:  0.04123   0.08764   1.02647   0.44549   0.17444   0.51055   0.14481   0.35303   0.17692   0.13581   0.34135   0.00000   0.00761   0.01110   0.29899   0.15722   0.16299   2.97336   0.00000   0.19178   1.32460   0.00000   0.06365   0.01979   0.00000   0.02559   0.12944   0.07798   0.06760   0.28058   0.07531   0.01408   0.13596   0.14382   0.14312   0.18229   0.20639   0.00000   0.08609   0.03045   0.02271   0.12718   0.09513   0.16091   0.00000   0.02425   0.02872   0.03970   0.01965   0.00638   0.02609   0.01304   0.01303   0.01005   0.00000   0.00000   0.00000   0.00709   0.04434   0.02277   0.01423   0.00000   0.00707   0.00000   0.01419   0.00705   0.00708   0.00000   0.47613   0.55826   0.92141  
118  0.0004   5269.819976  x:  0.04123   0.08763   1.02646   0.44550   0.17443   0.51056   0.14481   0.35302   0.17692   0.13581   0.34135   0.00000   0.00760   0.01110   0.29898   0.15722   0.16300   2.97336   0.00000   0.19177   1.32456   0.00000   0.06364   0.01979   0.00000   0.02559   0.12944   0.07798   0.06760   0.28058   0.07531   0.01407   0.13596   0.14382   0.14312   0.18229   0.20639   0.00000   0.08609   0.03045   0.02270   0.12718   0.09513   0.16092   0.00000   0.02425   0.02872   0.03970   0.01965   0.00638   0.02609   0.01304   0.01303   0.01005   0.00000   0.00000   0.00000   0.00709   0.04435   0.02277   0.01422   0.00000   0.00708   0.00000   0.01419   0.00705   0.00708   0.00000   0.47613   0.55827   0.92159  
119  0.0002   5269.819976  x:  0.04123   0.08763   1.02649   0.44550   0.17443   0.51056   0.14481   0.35303   0.17692   0.13581   0.34135   0.00000   0.00761   0.01110   0.29898   0.15722   0.16300   2.97332   0.00000   0.19177   1.32456   0.00000   0.06365   0.01979   0.00000   0.02559   0.12945   0.07798   0.06760   0.28058   0.07531   0.01407   0.13597   0.14382   0.14312   0.18229   0.20639   0.00000   0.08609   0.03045   0.02271   0.12718   0.09513   0.16092   0.00000   0.02425   0.02872   0.03971   0.01965   0.00637   0.02609   0.01304   0.01303   0.01005   0.00000   0.00000   0.00000   0.00709   0.04436   0.02277   0.01422   0.00000   0.00707   0.00000   0.01419   0.00705   0.00708   0.00000   0.47613   0.55828   0.92159  
120  0.0000   5269.819976  x:  0.04123   0.08764   1.02648   0.44550   0.17443   0.51056   0.14481   0.35302   0.17692   0.13581   0.34135   0.00000   0.00761   0.01110   0.29898   0.15722   0.16300   2.97332   0.00000   0.19177   1.32456   0.00000   0.06365   0.01979   0.00000   0.02559   0.12945   0.07798   0.06760   0.28058   0.07531   0.01407   0.13597   0.14382   0.14312   0.18229   0.20639   0.00000   0.08609   0.03045   0.02271   0.12718   0.09513   0.16092   0.00000   0.02425   0.02872   0.03971   0.01965   0.00638   0.02609   0.01304   0.01303   0.01005   0.00000   0.00000   0.00000   0.00709   0.04436   0.02277   0.01422   0.00000   0.00708   0.00000   0.01419   0.00705   0.00708   0.00000   0.47613   0.55828   0.92157  
121  0.0000   5269.819976  x:  0.04123   0.08764   1.02648   0.44550   0.17443   0.51056   0.14481   0.35302   0.17692   0.13581   0.34135   0.00000   0.00760   0.01110   0.29898   0.15722   0.16300   2.97331   0.00000   0.19177   1.32457   0.00000   0.06365   0.01979   0.00000   0.02559   0.12945   0.07798   0.06760   0.28058   0.07531   0.01407   0.13597   0.14382   0.14312   0.18229   0.20639   0.00000   0.08609   0.03045   0.02271   0.12718   0.09513   0.16092   0.00000   0.02425   0.02872   0.03971   0.01965   0.00638   0.02609   0.01305   0.01303   0.01005   0.00000   0.00000   0.00000   0.00709   0.04436   0.02277   0.01422   0.00000   0.00708   0.00000   0.01419   0.00705   0.00708   0.00000   0.47613   0.55827   0.92157  
122  0.0000   5269.819976  x:  0.04123   0.08764   1.02648   0.44550   0.17443   0.51056   0.14481   0.35302   0.17692   0.13581   0.34135   0.00000   0.00760   0.01110   0.29898   0.15722   0.16300   2.97331   0.00000   0.19177   1.32457   0.00000   0.06365   0.01979   0.00000   0.02559   0.12945   0.07798   0.06760   0.28058   0.07531   0.01407   0.13597   0.14382   0.14312   0.18229   0.20639   0.00000   0.08609   0.03045   0.02271   0.12718   0.09513   0.16092   0.00000   0.02425   0.02872   0.03971   0.01965   0.00638   0.02609   0.01305   0.01303   0.01005   0.00000   0.00000   0.00000   0.00709   0.04436   0.02277   0.01422   0.00000   0.00708   0.00000   0.01419   0.00705   0.00708   0.00000   0.47613   0.55827   0.92157  
123  0.0000   5269.819976  x:  0.04123   0.08764   1.02648   0.44550   0.17443   0.51056   0.14481   0.35302   0.17692   0.13581   0.34135   0.00000   0.00760   0.01110   0.29898   0.15722   0.16300   2.97331   0.00000   0.19177   1.32457   0.00000   0.06365   0.01979   0.00000   0.02559   0.12945   0.07798   0.06760   0.28058   0.07531   0.01407   0.13597   0.14382   0.14312   0.18229   0.20639   0.00000   0.08609   0.03045   0.02271   0.12718   0.09513   0.16092   0.00000   0.02425   0.02872   0.03971   0.01965   0.00638   0.02609   0.01305   0.01303   0.01005   0.00000   0.00000   0.00000   0.00709   0.04436   0.02277   0.01422   0.00000   0.00708   0.00000   0.01419   0.00705   0.00708   0.00000   0.47613   0.55827   0.92157  