

TREE # 1

  0  0.0000    724.780700  x:  0.09269   0.10262   0.06048   0.01744   0.10403   0.08580   0.02464   0.07332   0.05567   0.04458   0.07199   0.07418   0.47102   0.54429  
  1 99.0000    670.812424  x:  0.03104   0.04017   0.00209   0.00631   0.03230   0.02415   0.01801   0.00235   0.00365   0.01061   0.00000   0.01754   0.47047   0.54458  
  2 340.5401    669.554265  x:  0.02918   0.03827   0.00190   0.00691   0.02992   0.02229   0.01802   0.00000   0.00425   0.01049   0.00000   0.01608   0.47045   0.54458  
  3 872.6539    664.725207  x:  0.01339   0.02192   0.00856   0.00997   0.00860   0.00649   0.01847   0.00000   0.00293   0.01143   0.00000   0.00498   0.47029   0.54467  
  4 2619.9159    663.113598  x:  0.00905   0.01613   0.00910   0.00808   0.00000   0.00215   0.01867   0.00000   0.00360   0.01217   0.00000   0.00736   0.47024   0.54470  
  5 583.5850    662.889698  x:  0.00992   0.01017   0.00889   0.00827   0.00000   0.00302   0.01912   0.00000   0.00338   0.01337   0.00000   0.00754   0.47016   0.54475  
  6 85.4585    662.884357  x:  0.01001   0.00995   0.00904   0.00797   0.00000   0.00311   0.01915   0.00000   0.00354   0.01306   0.00000   0.00741   0.47014   0.54476  
  7 18.6900    662.881363  x:  0.01003   0.00984   0.00916   0.00818   0.00000   0.00314   0.01924   0.00000   0.00352   0.01264   0.00000   0.00756   0.47007   0.54481  
  8  7.1063    662.716860  x:  0.01018   0.01072   0.00909   0.00806   0.00000   0.00329   0.02703   0.00000   0.00359   0.01320   0.00000   0.00766   0.46141   0.55037  
  9  2.2243    660.489188  x:  0.01511   0.01666   0.01533   0.01365   0.00000   0.00822   0.02109   0.00000   0.00718   0.02182   0.00000   0.01360   0.33684   0.63051  
 10 55.9493    660.327611  x:  0.01543   0.01695   0.01586   0.01419   0.00000   0.00854   0.02109   0.00000   0.00753   0.02259   0.00000   0.01402   0.45078   0.64614  
 11  2.6866    660.048326  x:  0.01413   0.01138   0.01627   0.01592   0.00000   0.00727   0.02515   0.00000   0.00903   0.02464   0.00000   0.01421   0.44124   0.94457  
 12  0.2100    659.830405  x:  0.01427   0.01156   0.01479   0.01670   0.00000   0.00740   0.02175   0.00000   0.01238   0.02635   0.00000   0.01647   0.43157   0.64907  
 13  0.0755    659.750010  x:  0.01423   0.01304   0.01271   0.01601   0.00000   0.00735   0.02326   0.00000   0.01398   0.02539   0.00000   0.01694   0.42789   0.90532  
 14  0.1343    659.726386  x:  0.01404   0.01259   0.01174   0.01565   0.00000   0.00715   0.02386   0.00000   0.01499   0.02429   0.00000   0.01659   0.43446   0.77983  
 15  0.0631    659.719788  x:  0.01417   0.01257   0.01232   0.01560   0.00000   0.00726   0.02306   0.00000   0.01504   0.02365   0.00000   0.01597   0.43869   0.75363  
 16  0.0132    659.717928  x:  0.01424   0.01249   0.01249   0.01563   0.00000   0.00731   0.02330   0.00000   0.01530   0.02355   0.00000   0.01575   0.43611   0.79508  
 17  0.0238    659.717555  x:  0.01428   0.01253   0.01248   0.01563   0.00000   0.00734   0.02340   0.00000   0.01551   0.02362   0.00000   0.01573   0.43522   0.78042  
 18  0.0094    659.717494  x:  0.01429   0.01253   0.01251   0.01562   0.00000   0.00733   0.02332   0.00000   0.01552   0.02374   0.00000   0.01573   0.43521   0.78179  
 19  0.0008    659.717476  x:  0.01429   0.01253   0.01250   0.01557   0.00000   0.00731   0.02334   0.00000   0.01552   0.02376   0.00000   0.01569   0.43554   0.78196  
 20  0.0002    659.717476  x:  0.01430   0.01253   0.01250   0.01557   0.00000   0.00731   0.02334   0.00000   0.01551   0.02376   0.00000   0.01569   0.43544   0.78192  
 21  0.0001    659.717475  x:  0.01430   0.01253   0.01250   0.01557   0.00000   0.00730   0.02334   0.00000   0.01551   0.02376   0.00000   0.01569   0.43542   0.78188  
 22  0.0000    659.717475  x:  0.01431   0.01253   0.01250   0.01557   0.00000   0.00730   0.02334   0.00000   0.01551   0.02376   0.00000   0.01569   0.43543   0.78190  
 23  0.0000    659.717475  x:  0.01432   0.01253   0.01250   0.01557   0.00000   0.00729   0.02334   0.00000   0.01551   0.02376   0.00000   0.01570   0.43544   0.78190  
 24  0.0000    659.717475  x:  0.01432   0.01253   0.01250   0.01557   0.00000   0.00728   0.02334   0.00000   0.01551   0.02376   0.00000   0.01570   0.43544   0.78190  
 25  0.0000    659.717475  x:  0.01432   0.01253   0.01250   0.01557   0.00000   0.00728   0.02334   0.00000   0.01551   0.02376   0.00000   0.01570   0.43544   0.78190  