

TREE # 1

  0  0.0000   1962.792561  x:  0.01507   0.06074   0.03764   0.08243   0.02685   0.01275   0.58472   0.57820  
  1 99.0000   1377.439209  x:  0.27430   0.02568   0.00000   0.34166   0.57491   2.45666   0.57550   0.58115  
  2 8179.2567   1375.793283  x:  0.27758   0.00634   0.00000   0.34494   0.57157   2.45670   0.56829   0.57842  
  3 105.9947   1375.173705  x:  0.27900   0.00000   0.00319   0.34636   0.57012   2.45672   0.56514   0.57722  
  4 463.1053   1375.173705  x:  0.27900   0.00000   0.00319   0.34636   0.57012   2.45672   0.56514   0.57722  
  5 131932.4245   1374.877260  x:  0.27933   0.00055   0.00745   0.34668   0.56961   2.45639   0.56430   0.57691  
  6 187.0358   1374.815851  x:  0.27947   0.00000   0.00772   0.34682   0.56940   2.45624   0.56394   0.57678  
  7 93.3675   1374.384496  x:  0.28556   0.00000   0.02313   0.35291   0.55312   2.44881   0.54377   0.57060  
  8 1734.0690   1355.839234  x:  0.39379   0.00000   0.02128   0.46114   0.27757   2.31704   0.18860   0.46041  
  9 83.8435   1351.744825  x:  0.52993   0.00000   0.01882   0.59729   0.08158   2.19572   0.25114   0.39014  
 10 36.7951   1350.589904  x:  0.58642   0.00000   0.01792   0.65379   0.05803   1.97338   0.23492   0.63020  
 11  7.2665   1350.256390  x:  0.55300   0.00000   0.01763   0.62037   0.05959   1.83521   0.24078   0.63300  
 12  5.7462   1349.203763  x:  0.54740   0.00000   0.00662   0.61497   0.07271   1.85070   0.20256   0.59709  
 13  0.0833   1348.873179  x:  0.50086   0.00000   0.00621   0.56874   0.14744   1.77915   0.21484   0.60179  
 14  0.1194   1348.465614  x:  0.51872   0.00000   0.01065   0.58719   0.17988   1.74138   0.18449   0.58563  
 15  0.0570   1348.012979  x:  0.57053   0.00000   0.00667   0.63977   0.19421   1.68287   0.17975   0.55949  
 16  0.0759   1347.993563  x:  0.57212   0.00000   0.00767   0.64142   0.19363   1.68794   0.18242   0.53975  
 17  0.0302   1347.992557  x:  0.57267   0.00000   0.00755   0.64199   0.19338   1.68923   0.18147   0.53441  
 18  0.0088   1347.992537  x:  0.57299   0.00000   0.00751   0.64231   0.19320   1.68896   0.18144   0.53476  
 19  0.0006   1347.992537  x:  0.57302   0.00000   0.00752   0.64234   0.19317   1.68895   0.18142   0.53480  
 20  0.0001   1347.992537  x:  0.57303   0.00000   0.00752   0.64235   0.19316   1.68895   0.18142   0.53479  
 21  0.0000   1347.992537  x:  0.57303   0.00000   0.00752   0.64235   0.19316   1.68895   0.18142   0.53479  
 22  0.0000   1347.992537  x:  0.57303   0.00000   0.00752   0.64235   0.19316   1.68895   0.18142   0.53479  