

TREE # 1

  0  0.0000   1863.181012  x:  0.08877   0.08057   0.04134   0.03768   0.05596   0.50157   0.58424  
  1 99.0000   1373.498211  x:  0.03225   0.02387   1.06282   0.64524   1.18517   0.48562   0.58782  
  2 2905.8175   1368.398224  x:  0.00865   0.00000   1.06179   0.63994   1.18949   0.47684   0.58765  
  3 172.4424   1351.517008  x:  0.00970   0.00000   1.02146   0.45617   1.33222   0.16444   0.58063  
  4 65.8384   1350.400664  x:  0.01119   0.00000   1.03527   0.31537   1.39765   0.22028   0.60085  
  5 15.1116   1350.305399  x:  0.01080   0.00000   1.07908   0.28932   1.37234   0.20886   0.61459  
  6  1.8186   1350.294743  x:  0.01077   0.00120   1.08241   0.28733   1.37042   0.20798   0.61567  
  7 82.8477   1349.959348  x:  0.00749   0.00385   1.04925   0.26200   1.41753   0.19504   0.71414  
  8  0.6564   1349.383850  x:  0.00112   0.00842   1.01236   0.19958   1.49168   0.19793   0.56132  
  9  1.8887   1349.307378  x:  0.00000   0.00906   1.01245   0.19883   1.49274   0.19740   0.56107  
 10  0.0492   1349.239379  x:  0.00000   0.00664   1.01504   0.21332   1.48158   0.19666   0.56497  
 11  0.1039   1349.107786  x:  0.00000   0.00857   1.03329   0.24698   1.45989   0.19760   0.58934  
 12  0.0612   1348.616449  x:  0.00000   0.00633   1.09414   0.23349   1.52082   0.20643   0.53475  
 13  0.0129   1348.085190  x:  0.00000   0.00638   1.21126   0.19254   1.66113   0.19233   0.58079  
 14  0.1154   1347.995665  x:  0.00000   0.00780   1.22307   0.18922   1.68388   0.18215   0.53456  
 15  0.0562   1347.992647  x:  0.00000   0.00750   1.21735   0.19254   1.68842   0.18088   0.53540  
 16  0.0069   1347.992538  x:  0.00000   0.00751   1.21561   0.19321   1.68896   0.18141   0.53480  
 17  0.0022   1347.992537  x:  0.00000   0.00752   1.21538   0.19317   1.68894   0.18142   0.53478  
 18  0.0002   1347.992537  x:  0.00000   0.00752   1.21538   0.19316   1.68895   0.18142   0.53479  
 19  0.0000   1347.992537  x:  0.00000   0.00752   1.21538   0.19316   1.68895   0.18142   0.53479  