

TREE # 1

  0  0.0000   2572.028956  x:  0.04386   0.05794   0.03470   0.10680   0.04580   0.03429   0.09135   0.04473   0.06931   0.08009   0.02954   0.02803   0.08581   0.05988   0.01395   0.09391   0.10479   0.09943   0.05916   0.03613   0.04335   0.10425   0.03440   0.05810   0.09527   0.05315   0.09813   0.04697   0.07928   0.10259   0.02986   0.04223   0.02116   0.01273   0.10131   0.04711   0.57906   0.54265   0.58829  
  1 99.0000   2429.175928  x:  0.04768   0.08846   0.03163   0.10344   0.03074   0.05505   0.07219   0.03595   0.05134   0.08319   0.08668   0.23002   0.07356   0.06329   0.36673   0.09686   0.08465   0.08226   0.05269   0.01645   0.02030   0.08740   0.09571   0.07326   0.09270   0.02855   0.08983   0.07254   0.07589   0.12778   0.08632   0.04605   0.09626   0.17596   0.08571   0.05924   0.56802   0.55085   0.58687  
  2 2110.6483   2414.247326  x:  0.04714   0.09636   0.02696   0.09893   0.01964   0.05752   0.05821   0.03231   0.04018   0.08481   0.08724   0.23490   0.06054   0.05730   0.36525   0.09386   0.06866   0.06991   0.04959   0.01116   0.00000   0.07234   0.10090   0.07664   0.09302   0.00896   0.08315   0.08006   0.07435   0.14131   0.09058   0.04550   0.09261   0.16874   0.07469   0.05963   0.55893   0.55645   0.58577  
  3 305.0592   2410.734379  x:  0.04753   0.09707   0.02817   0.09757   0.01912   0.05817   0.05403   0.03428   0.03963   0.08487   0.08735   0.23748   0.05588   0.05833   0.36533   0.09350   0.06246   0.06599   0.05000   0.02036   0.00000   0.06567   0.10160   0.07676   0.09443   0.00000   0.08127   0.08035   0.07482   0.14406   0.09145   0.04590   0.09157   0.16587   0.07094   0.06031   0.55404   0.55929   0.58523  
  4 389.1355   2404.877478  x:  0.05141   0.08760   0.04141   0.09297   0.03488   0.05881   0.04556   0.04586   0.05569   0.08182   0.08680   0.25267   0.03435   0.07614   0.36755   0.09331   0.02361   0.05504   0.05805   0.01016   0.00000   0.02670   0.09796   0.07036   0.10997   0.00000   0.07850   0.07001   0.08510   0.14195   0.08986   0.04978   0.08764   0.14908   0.05775   0.06565   0.51756   0.57923   0.58133  
  5 184.3376   2401.392931  x:  0.05076   0.08414   0.03036   0.08814   0.03292   0.05896   0.05145   0.02376   0.05796   0.08113   0.08834   0.26907   0.01958   0.09462   0.37003   0.08931   0.03359   0.05696   0.05511   0.01139   0.00000   0.01058   0.09609   0.07182   0.12640   0.00000   0.08224   0.07393   0.09099   0.13306   0.08716   0.04913   0.08328   0.12800   0.05432   0.06697   0.45265   0.61232   0.57460  
  6 86.6077   2397.225110  x:  0.05112   0.08608   0.01903   0.08154   0.02527   0.06250   0.05228   0.02468   0.05712   0.08248   0.09143   0.29425   0.01411   0.12030   0.37153   0.08232   0.03297   0.05460   0.05110   0.00897   0.00000   0.03339   0.09648   0.07556   0.14848   0.00000   0.08445   0.07888   0.09658   0.12733   0.08812   0.04949   0.07719   0.09499   0.04767   0.06838   0.33720   0.67053   0.56235  
  7 268.9763   2395.079952  x:  0.05198   0.09207   0.02269   0.08234   0.02148   0.06306   0.05149   0.03079   0.05145   0.08424   0.09309   0.30264   0.03496   0.12569   0.36832   0.07945   0.03820   0.05513   0.04963   0.00647   0.00000   0.02439   0.09775   0.07695   0.15251   0.00000   0.08428   0.08129   0.09415   0.13019   0.09194   0.05035   0.07741   0.08765   0.05059   0.06760   0.27073   0.70509   0.55444  
  8 212.7875   2393.599858  x:  0.05285   0.09590   0.02647   0.08988   0.02692   0.06223   0.05047   0.02929   0.04637   0.08477   0.09097   0.29832   0.02239   0.11795   0.36083   0.08153   0.03756   0.05787   0.05247   0.00586   0.00000   0.02486   0.09867   0.07525   0.14407   0.00000   0.08338   0.07854   0.08734   0.13635   0.09471   0.05122   0.08389   0.10448   0.05845   0.06596   0.22978   0.73672   0.54600  
  9 77.2096   2392.244074  x:  0.05030   0.09075   0.01002   0.09040   0.02408   0.06319   0.04940   0.02782   0.05177   0.08310   0.09347   0.29348   0.02729   0.10434   0.35747   0.08613   0.02819   0.05487   0.05051   0.00729   0.00000   0.02323   0.09907   0.07561   0.13525   0.00000   0.08363   0.08022   0.08815   0.13553   0.09274   0.04867   0.08648   0.11632   0.05265   0.06612   0.22260   0.78169   0.53266  
 10 40.7774   2389.188369  x:  0.04810   0.08794   0.02626   0.08608   0.01256   0.06781   0.04431   0.02068   0.05740   0.08173   0.09961   0.28625   0.02752   0.06977   0.35472   0.09322   0.02808   0.04395   0.04262   0.00503   0.00000   0.02521   0.10222   0.08109   0.11991   0.00000   0.08298   0.09181   0.09445   0.13286   0.09521   0.04647   0.08458   0.12586   0.03308   0.06756   0.22917   0.90718   0.49460  
 11 136.0873   2386.603107  x:  0.04991   0.09618   0.02034   0.07973   0.01649   0.06887   0.03928   0.03282   0.04751   0.08465   0.10226   0.28494   0.02079   0.04822   0.35723   0.09327   0.03428   0.04234   0.04481   0.00159   0.00000   0.02079   0.10589   0.08441   0.11544   0.00000   0.07911   0.09910   0.09653   0.14030   0.09810   0.04828   0.07798   0.12068   0.04219   0.06963   0.24692   1.01205   0.46144  
 12 201.5781   2385.149811  x:  0.05197   0.10489   0.02065   0.07904   0.02067   0.06721   0.03973   0.02264   0.03505   0.08668   0.10114   0.28402   0.02538   0.04167   0.35986   0.08998   0.02186   0.04738   0.04775   0.00284   0.00000   0.02265   0.10779   0.08327   0.11668   0.00000   0.07635   0.09915   0.09559   0.14898   0.10127   0.05034   0.07511   0.11499   0.05120   0.06882   0.26027   1.07306   0.44079  
 13 207.8520   2384.543591  x:  0.05114   0.10933   0.01921   0.08362   0.01594   0.06334   0.03921   0.02123   0.03168   0.08655   0.09652   0.28182   0.02607   0.05329   0.36038   0.08755   0.02182   0.04885   0.04782   0.00161   0.00000   0.02239   0.10815   0.07981   0.11772   0.00000   0.07304   0.09386   0.08881   0.15911   0.10330   0.04951   0.07842   0.11489   0.04721   0.06539   0.26872   1.09885   0.42974  
 14 71.6105   2384.415949  x:  0.04964   0.11158   0.01911   0.08638   0.01548   0.06370   0.04228   0.02212   0.03532   0.08642   0.09364   0.28073   0.02553   0.05165   0.36150   0.08211   0.02132   0.04939   0.04447   0.00186   0.00000   0.02193   0.10911   0.07877   0.12071   0.00000   0.07412   0.09364   0.08640   0.16362   0.10339   0.04800   0.08035   0.11363   0.04684   0.06424   0.27014   1.10412   0.42456  
 15 23.4411   2384.325241  x:  0.04912   0.11054   0.01878   0.08821   0.01799   0.06562   0.04015   0.02104   0.03526   0.08577   0.09202   0.27863   0.02660   0.05085   0.36273   0.07982   0.02309   0.04661   0.04725   0.00180   0.00000   0.02250   0.10954   0.07940   0.12388   0.00000   0.07548   0.09380   0.08522   0.16670   0.10167   0.04749   0.08233   0.11319   0.04537   0.06524   0.27056   1.10677   0.41574  
 16 11.6234   2384.022843  x:  0.04970   0.10599   0.01991   0.09090   0.01160   0.06685   0.03854   0.02358   0.03063   0.08466   0.09006   0.27037   0.02566   0.05143   0.36721   0.08043   0.02240   0.04605   0.04960   0.00222   0.00000   0.02138   0.10912   0.08233   0.13095   0.00000   0.07916   0.09571   0.08404   0.16899   0.09693   0.04807   0.08568   0.11349   0.04737   0.06749   0.27130   1.11332   0.38030  
 17 24.8175   2383.233569  x:  0.05098   0.10706   0.01965   0.08875   0.01758   0.06738   0.03260   0.02497   0.03017   0.08681   0.09397   0.25315   0.02518   0.05826   0.37530   0.09005   0.02376   0.04672   0.04035   0.00273   0.00000   0.02068   0.10991   0.08716   0.13448   0.00000   0.07362   0.10068   0.08012   0.17602   0.09644   0.04935   0.08358   0.11318   0.04616   0.06507   0.27238   1.12896   0.28128  
 18 66.0999   2382.681563  x:  0.05086   0.11239   0.01855   0.08441   0.01451   0.06607   0.03526   0.02494   0.03453   0.08820   0.09674   0.24804   0.02451   0.05904   0.37803   0.09110   0.02604   0.04541   0.05010   0.00328   0.00000   0.02047   0.11044   0.08500   0.13015   0.00000   0.06662   0.09914   0.07903   0.17907   0.10181   0.04922   0.07920   0.11204   0.04439   0.06413   0.27295   1.13911   0.21101  
 19 112.2990   2382.443827  x:  0.04974   0.11263   0.01778   0.08401   0.01573   0.06546   0.03405   0.02610   0.02909   0.08663   0.09529   0.25551   0.02422   0.05943   0.37410   0.08576   0.02723   0.04485   0.04757   0.00358   0.00000   0.02031   0.10956   0.08139   0.12277   0.00000   0.06899   0.09470   0.08032   0.17664   0.10415   0.04811   0.07918   0.11207   0.04198   0.06675   0.27444   1.14241   0.18389  
 20 34.4984   2382.322734  x:  0.05128   0.11275   0.01775   0.08497   0.01437   0.06678   0.03030   0.02524   0.03212   0.08645   0.09336   0.26479   0.02439   0.06138   0.36829   0.08494   0.02728   0.04466   0.04717   0.00363   0.00000   0.02051   0.11032   0.08375   0.11875   0.00000   0.07035   0.09559   0.07918   0.17717   0.10388   0.04965   0.08048   0.11256   0.04522   0.06689   0.27629   1.14364   0.17497  
 21 18.3218   2382.191429  x:  0.05157   0.11197   0.01798   0.08630   0.01563   0.06855   0.03481   0.02625   0.03069   0.08739   0.09241   0.27637   0.02430   0.06283   0.36034   0.08750   0.02697   0.04421   0.04847   0.00371   0.00000   0.02040   0.11204   0.08738   0.11739   0.00000   0.06976   0.09927   0.07756   0.17963   0.10218   0.04994   0.08213   0.11419   0.04389   0.06496   0.27848   1.14450   0.17136  
 22 18.9232   2381.979948  x:  0.04826   0.11152   0.01842   0.08629   0.01480   0.06526   0.03120   0.02672   0.03031   0.08823   0.09468   0.28966   0.02437   0.06012   0.35094   0.09152   0.02879   0.04757   0.04897   0.00395   0.00000   0.02114   0.11310   0.08339   0.12406   0.00000   0.06533   0.09981   0.07792   0.18397   0.10122   0.04663   0.08191   0.11816   0.04288   0.06400   0.28062   1.14427   0.17901  
 23 12.4558   2381.687173  x:  0.05213   0.11520   0.01712   0.08341   0.01352   0.06379   0.03288   0.02622   0.02977   0.08744   0.09906   0.29563   0.02414   0.06119   0.34481   0.09237   0.03047   0.03831   0.04624   0.00427   0.00000   0.02140   0.11178   0.08130   0.12600   0.00000   0.06509   0.09649   0.07634   0.18845   0.10420   0.05049   0.08037   0.12172   0.04369   0.06713   0.28229   1.14215   0.20072  
 24 16.0371   2381.252902  x:  0.05272   0.12120   0.01537   0.07928   0.01378   0.06831   0.02925   0.02811   0.02880   0.08673   0.10084   0.29650   0.02231   0.06553   0.34297   0.08727   0.03045   0.04300   0.04974   0.00482   0.00000   0.01971   0.11116   0.08752   0.11648   0.00000   0.06852   0.09644   0.07392   0.19213   0.11031   0.05109   0.07760   0.12095   0.03709   0.06796   0.28331   1.13742   0.24043  
 25 31.5713   2381.107489  x:  0.04899   0.11962   0.01574   0.08062   0.01389   0.06850   0.02850   0.02828   0.02800   0.08758   0.09676   0.29579   0.02197   0.06790   0.34520   0.08642   0.03014   0.03921   0.05008   0.00506   0.00000   0.01940   0.11347   0.08723   0.10902   0.00000   0.06422   0.09850   0.07572   0.19220   0.11065   0.04736   0.07772   0.11737   0.03972   0.06654   0.28309   1.13522   0.25431  
 26 24.1870   2381.087449  x:  0.05074   0.11889   0.01541   0.08133   0.01388   0.06778   0.02837   0.02827   0.02795   0.08790   0.09493   0.29581   0.02200   0.06697   0.34611   0.08702   0.03050   0.03972   0.05002   0.00511   0.00000   0.01945   0.11469   0.08561   0.10738   0.00000   0.06308   0.09896   0.07599   0.19255   0.10997   0.04911   0.07847   0.11559   0.03881   0.06647   0.28282   1.13449   0.25624  
 27  8.6146   2381.084478  x:  0.05047   0.11885   0.01547   0.08110   0.01386   0.06757   0.02843   0.02821   0.02805   0.08779   0.09468   0.29602   0.02196   0.06663   0.34641   0.08812   0.03048   0.03970   0.05003   0.00511   0.00000   0.01947   0.11498   0.08529   0.10693   0.00000   0.06394   0.09870   0.07527   0.19314   0.10984   0.04884   0.07830   0.11482   0.03879   0.06682   0.28266   1.13364   0.25629  
 28  1.8846   2381.069710  x:  0.05044   0.11859   0.01548   0.08086   0.01332   0.06802   0.02844   0.02795   0.02789   0.08702   0.09538   0.29671   0.02168   0.06515   0.34668   0.08872   0.03048   0.03960   0.04955   0.00508   0.00000   0.01938   0.11404   0.08687   0.10669   0.00000   0.06337   0.09696   0.07638   0.19577   0.10927   0.04881   0.07840   0.11333   0.03864   0.06570   0.28146   1.12449   0.25487  
 29  1.2733   2381.028214  x:  0.05037   0.11933   0.01550   0.08039   0.01292   0.06702   0.02795   0.02773   0.02787   0.08849   0.09701   0.29731   0.02097   0.06437   0.34576   0.08738   0.02920   0.03876   0.04934   0.00500   0.00000   0.01904   0.11410   0.08649   0.10754   0.00000   0.06308   0.10137   0.07645   0.19879   0.10944   0.04874   0.07783   0.11240   0.03754   0.06764   0.27844   1.09810   0.25053  
 30  9.0704   2381.019039  x:  0.05047   0.11991   0.01536   0.07973   0.01274   0.06851   0.02768   0.02776   0.02756   0.08766   0.09608   0.29724   0.02089   0.06414   0.34535   0.08755   0.02897   0.03843   0.04922   0.00499   0.00000   0.01882   0.11611   0.08599   0.10870   0.00000   0.06291   0.10141   0.07580   0.19774   0.11003   0.04884   0.07728   0.11268   0.03744   0.06668   0.27794   1.09346   0.24976  
 31  4.8534   2381.009574  x:  0.05033   0.12056   0.01517   0.08023   0.01279   0.06798   0.02780   0.02772   0.02765   0.08799   0.09481   0.29706   0.02097   0.06383   0.34493   0.08812   0.02896   0.03852   0.04903   0.00499   0.00000   0.01872   0.11746   0.08762   0.10948   0.00000   0.06230   0.10053   0.07623   0.19720   0.11124   0.04870   0.07736   0.11276   0.03716   0.06833   0.27778   1.09304   0.24965  
 32  1.1028   2380.790858  x:  0.05089   0.12295   0.01562   0.08420   0.01300   0.06337   0.02658   0.02875   0.02746   0.09364   0.09360   0.29459   0.02131   0.06021   0.34038   0.08971   0.02892   0.03624   0.04982   0.00548   0.00000   0.01782   0.11709   0.08863   0.11206   0.00000   0.06778   0.10086   0.07817   0.19769   0.11908   0.04926   0.07877   0.11126   0.03747   0.06096   0.27633   1.11040   0.25170  
 33  1.1925   2379.792006  x:  0.05148   0.12840   0.02366   0.08531   0.01001   0.07369   0.02975   0.03203   0.02769   0.09362   0.09597   0.28320   0.02369   0.05043   0.31879   0.08920   0.02951   0.04041   0.04696   0.00719   0.00000   0.01477   0.11354   0.08270   0.11394   0.00000   0.05977   0.10403   0.07162   0.21293   0.12800   0.04985   0.08151   0.10734   0.04405   0.06666   0.26899   1.19644   0.26228  
 34 28.2996   2379.538738  x:  0.05190   0.13429   0.02702   0.08049   0.01038   0.06509   0.03043   0.03313   0.02815   0.08808   0.09384   0.28023   0.02488   0.04932   0.31437   0.08498   0.02952   0.04029   0.04703   0.00770   0.00000   0.01452   0.11872   0.08521   0.11284   0.00000   0.06007   0.10479   0.07274   0.21809   0.11761   0.05027   0.07555   0.11112   0.04458   0.06546   0.26634   1.21782   0.26490  
 35 28.2035   2379.522050  x:  0.05169   0.13704   0.02724   0.08118   0.01001   0.06620   0.03032   0.03316   0.02821   0.09067   0.09460   0.27991   0.02486   0.04951   0.31405   0.08519   0.02948   0.04014   0.04698   0.00774   0.00000   0.01431   0.11967   0.08469   0.11251   0.00000   0.06052   0.10355   0.07367   0.21767   0.11430   0.05006   0.07551   0.11131   0.04436   0.06569   0.26622   1.21919   0.26508  
 36  6.0959   2379.519210  x:  0.05157   0.13817   0.02723   0.08181   0.01010   0.06583   0.03017   0.03322   0.02819   0.09006   0.09519   0.27994   0.02478   0.04927   0.31405   0.08536   0.02935   0.03996   0.04709   0.00775   0.00000   0.01427   0.11936   0.08485   0.11251   0.00000   0.06019   0.10358   0.07304   0.21670   0.11363   0.04994   0.07629   0.11079   0.04425   0.06564   0.26625   1.21935   0.26512  
 37  1.5924   2379.495304  x:  0.05132   0.14086   0.02707   0.08136   0.01029   0.06659   0.03023   0.03337   0.02837   0.08803   0.09344   0.27939   0.02482   0.04985   0.31305   0.08697   0.02925   0.03991   0.04725   0.00784   0.00000   0.01445   0.11773   0.08380   0.11261   0.00000   0.06092   0.10503   0.07592   0.21729   0.11382   0.04969   0.07786   0.11103   0.04412   0.06603   0.26629   1.22047   0.26529  
 38  0.3013   2378.763806  x:  0.05082   0.13798   0.02796   0.07878   0.01289   0.06908   0.02820   0.03473   0.02907   0.09400   0.08050   0.27065   0.02390   0.04957   0.29139   0.08695   0.02480   0.03630   0.04759   0.00985   0.00000   0.01998   0.10212   0.08469   0.11441   0.00000   0.05796   0.10125   0.06881   0.21419   0.10957   0.04919   0.07151   0.11296   0.04035   0.06632   0.26684   1.25280   0.27120  
 39  2.0113   2378.116133  x:  0.05038   0.12964   0.02910   0.08421   0.01523   0.06979   0.02773   0.03609   0.03034   0.08964   0.09328   0.25855   0.02138   0.05442   0.26620   0.08432   0.02117   0.03533   0.04896   0.01176   0.00000   0.02478   0.11504   0.08319   0.11258   0.00000   0.06110   0.09723   0.07253   0.21802   0.11141   0.04875   0.07410   0.10887   0.03987   0.06772   0.26831   1.28282   0.27649  
 40 32.2667   2378.112438  x:  0.05028   0.12948   0.02919   0.08262   0.01530   0.06951   0.02773   0.03606   0.03034   0.09017   0.09328   0.25834   0.02136   0.05443   0.26588   0.08410   0.02114   0.03534   0.04894   0.01177   0.00000   0.02480   0.11530   0.08330   0.11261   0.00000   0.06105   0.09703   0.07239   0.21793   0.11136   0.04866   0.07563   0.10873   0.03996   0.06760   0.26832   1.28291   0.27651  
 41  2.4017   2377.279075  x:  0.04879   0.12916   0.02250   0.08418   0.01156   0.06691   0.03092   0.03184   0.02701   0.09030   0.09141   0.24207   0.02290   0.05666   0.23851   0.08430   0.02707   0.04115   0.04492   0.01407   0.00000   0.02475   0.11149   0.08702   0.10974   0.00000   0.06502   0.10441   0.07199   0.20496   0.10921   0.04717   0.07474   0.09956   0.04199   0.06425   0.26983   1.24991   0.27662  
 42  0.0713   2377.032562  x:  0.05046   0.12175   0.01961   0.08151   0.01254   0.06716   0.02924   0.03157   0.02883   0.08913   0.08972   0.24020   0.02535   0.05802   0.23484   0.08625   0.02573   0.03967   0.04754   0.01444   0.00000   0.01892   0.10988   0.08563   0.11155   0.00000   0.06357   0.10077   0.07472   0.20105   0.10703   0.04884   0.07233   0.09515   0.04045   0.06575   0.27152   1.20935   0.26664  
 43  0.0528   2377.007518  x:  0.05078   0.12311   0.01959   0.08173   0.01214   0.06712   0.02929   0.03086   0.02864   0.08880   0.09022   0.23984   0.02359   0.05738   0.23553   0.08625   0.02585   0.03947   0.04770   0.01427   0.00000   0.01778   0.11112   0.08517   0.11143   0.00000   0.06295   0.10031   0.07475   0.20114   0.10618   0.04916   0.07268   0.09785   0.04072   0.06606   0.27263   1.18609   0.26023  
 44  0.0270   2377.004873  x:  0.05072   0.12359   0.02005   0.08183   0.01220   0.06713   0.02935   0.03079   0.02855   0.08880   0.09058   0.24031   0.02339   0.05752   0.23583   0.08577   0.02588   0.03946   0.04773   0.01423   0.00000   0.01797   0.11164   0.08507   0.11167   0.00000   0.06289   0.10029   0.07463   0.20168   0.10618   0.04910   0.07280   0.09663   0.04090   0.06609   0.27295   1.17951   0.25835  
 45  0.0074   2377.004376  x:  0.05064   0.12348   0.02019   0.08190   0.01216   0.06715   0.02933   0.03082   0.02858   0.08882   0.09059   0.24002   0.02359   0.05752   0.23539   0.08572   0.02588   0.03944   0.04773   0.01423   0.00000   0.01804   0.11158   0.08509   0.11149   0.00000   0.06294   0.10030   0.07454   0.20192   0.10639   0.04902   0.07283   0.09690   0.04082   0.06604   0.27339   1.17656   0.25731  
 46  0.0032   2377.004243  x:  0.05066   0.12346   0.02017   0.08187   0.01217   0.06710   0.02933   0.03087   0.02857   0.08887   0.09043   0.23995   0.02358   0.05761   0.23549   0.08579   0.02594   0.03951   0.04777   0.01418   0.00000   0.01803   0.11141   0.08511   0.11151   0.00000   0.06298   0.10026   0.07455   0.20182   0.10630   0.04904   0.07276   0.09682   0.04088   0.06601   0.27358   1.17516   0.25698  
 47  0.0009   2377.004026  x:  0.05070   0.12351   0.02017   0.08185   0.01218   0.06711   0.02937   0.03099   0.02857   0.08882   0.09037   0.24020   0.02356   0.05752   0.23512   0.08584   0.02600   0.03947   0.04776   0.01403   0.00000   0.01811   0.11143   0.08506   0.11147   0.00000   0.06292   0.10023   0.07461   0.20177   0.10628   0.04907   0.07280   0.09686   0.04089   0.06603   0.27348   1.17519   0.25734  
 48  0.0001   2377.003802  x:  0.05068   0.12349   0.02015   0.08186   0.01217   0.06713   0.02934   0.03097   0.02856   0.08881   0.09050   0.23971   0.02358   0.05760   0.23532   0.08578   0.02604   0.03945   0.04774   0.01383   0.00000   0.01806   0.11147   0.08510   0.11149   0.00000   0.06291   0.10027   0.07456   0.20181   0.10633   0.04905   0.07280   0.09681   0.04086   0.06604   0.27339   1.17608   0.25758  
 49  0.0006   2377.003755  x:  0.05066   0.12348   0.02015   0.08188   0.01217   0.06711   0.02933   0.03089   0.02856   0.08885   0.09052   0.23986   0.02357   0.05765   0.23510   0.08576   0.02604   0.03949   0.04775   0.01380   0.00000   0.01802   0.11144   0.08512   0.11154   0.00000   0.06295   0.10026   0.07455   0.20184   0.10632   0.04904   0.07277   0.09680   0.04086   0.06603   0.27342   1.17647   0.25753  
 50  0.0005   2377.003751  x:  0.05066   0.12349   0.02016   0.08188   0.01217   0.06711   0.02933   0.03087   0.02857   0.08885   0.09050   0.23983   0.02357   0.05764   0.23511   0.08578   0.02605   0.03948   0.04776   0.01380   0.00000   0.01803   0.11144   0.08511   0.11153   0.00000   0.06295   0.10026   0.07456   0.20184   0.10631   0.04904   0.07277   0.09679   0.04086   0.06602   0.27344   1.17673   0.25748  
 51  0.0003   2377.003751  x:  0.05067   0.12349   0.02016   0.08187   0.01217   0.06711   0.02933   0.03087   0.02857   0.08885   0.09050   0.23984   0.02357   0.05764   0.23511   0.08578   0.02605   0.03948   0.04776   0.01380   0.00000   0.01803   0.11143   0.08511   0.11153   0.00000   0.06295   0.10026   0.07456   0.20183   0.10632   0.04904   0.07277   0.09679   0.04086   0.06602   0.27344   1.17676   0.25745  
 52  0.0000   2377.003751  x:  0.05067   0.12349   0.02016   0.08187   0.01217   0.06711   0.02933   0.03087   0.02857   0.08885   0.09050   0.23984   0.02357   0.05764   0.23511   0.08578   0.02605   0.03948   0.04776   0.01380   0.00000   0.01803   0.11143   0.08511   0.11153   0.00000   0.06295   0.10026   0.07456   0.20183   0.10632   0.04904   0.07277   0.09679   0.04086   0.06602   0.27343   1.17677   0.25743  
 53  0.0000   2377.003751  x:  0.05067   0.12349   0.02016   0.08187   0.01217   0.06711   0.02933   0.03087   0.02857   0.08885   0.09050   0.23984   0.02357   0.05764   0.23511   0.08578   0.02605   0.03948   0.04776   0.01380   0.00000   0.01803   0.11143   0.08511   0.11153   0.00000   0.06295   0.10026   0.07456   0.20183   0.10632   0.04904   0.07277   0.09679   0.04086   0.06602   0.27343   1.17677   0.25743  
 54  0.0000   2377.003751  x:  0.05067   0.12349   0.02016   0.08187   0.01217   0.06711   0.02933   0.03087   0.02857   0.08885   0.09050   0.23984   0.02357   0.05764   0.23511   0.08578   0.02605   0.03948   0.04776   0.01380   0.00000   0.01803   0.11143   0.08511   0.11153   0.00000   0.06295   0.10026   0.07456   0.20183   0.10632   0.04904   0.07277   0.09679   0.04086   0.06602   0.27343   1.17677   0.25743  