

TREE # 1

  0  0.0000   6632.219420  x:  0.09513   0.01953   0.06278   0.01786   0.10628   0.04482   0.03596   0.06941   0.08227   0.07970   0.08812   0.06592   0.01403   0.05668   0.05581   0.01013   0.05989   0.09392   0.04214   0.04702   0.04340   0.09698   0.10559   0.05117   0.09674   0.08468   0.06858   0.05326   0.06697   0.06256   0.05063   0.06630   0.07720   0.04228   0.10568   0.04783   0.10999   0.08049   0.01826   0.10884   0.05503   0.08559   0.08834   0.05542   0.03845   0.01570   0.10931   0.02404   0.02579   0.06652   0.01900   0.04645   0.06591   0.02227   0.07836   0.05508   0.01805   0.01828   0.10731   0.01494   0.07910   0.03864   0.08282   0.46575   0.58680   0.47472  
  1 99.0000   5764.159107  x:  0.11397   0.46067   0.14192   0.09267   0.14874   0.07334   0.13208   0.09397   0.09407   0.11586   0.07482   0.05432   0.02971   0.10698   0.08077   0.14276   0.30212   0.10874   0.11946   0.24664   0.03457   0.09271   0.09557   0.04196   0.08716   0.09296   0.08958   0.06572   0.10400   0.07098   0.04434   0.08095   0.08968   0.07219   0.11343   0.08022   0.09933   0.08197   0.02521   0.09878   0.06891   0.08927   0.10127   0.04314   0.03213   0.02664   0.09966   0.02095   0.01364   0.05644   0.01369   0.03486   0.05402   0.00732   0.06348   0.04016   0.00893   0.03940   0.09726   0.00000   0.06555   0.02366   0.07053   0.46951   0.59117   0.47539  
  2 5595.0581   5729.558758  x:  0.11562   0.44677   0.14809   0.09461   0.15844   0.07866   0.13823   0.09900   0.09758   0.12534   0.06819   0.04866   0.03057   0.11609   0.08610   0.14030   0.31301   0.10886   0.12500   0.25484   0.02850   0.09093   0.09043   0.03587   0.08260   0.09576   0.09261   0.06757   0.11308   0.07268   0.04111   0.08523   0.09381   0.07763   0.11660   0.08734   0.09383   0.08243   0.02591   0.09380   0.07311   0.09040   0.10543   0.03704   0.02931   0.02661   0.09522   0.02053   0.00957   0.05196   0.01340   0.03000   0.04852   0.00000   0.05619   0.03285   0.00768   0.03986   0.09271   0.00000   0.05905   0.01631   0.06474   0.47073   0.59266   0.47573  
  3 847.8095   5697.483299  x:  0.11638   0.43363   0.15507   0.09573   0.16506   0.07747   0.14145   0.10013   0.09822   0.12633   0.05309   0.03745   0.02649   0.11446   0.08479   0.13788   0.32924   0.10775   0.12767   0.26709   0.01476   0.08888   0.08017   0.02174   0.07406   0.09761   0.09351   0.06645   0.11188   0.07120   0.03612   0.08479   0.09422   0.07543   0.11841   0.08615   0.08130   0.08251   0.02469   0.08352   0.07294   0.09004   0.10678   0.02448   0.02990   0.02741   0.08818   0.02281   0.02687   0.04658   0.01600   0.02748   0.03964   0.00000   0.04001   0.01661   0.02158   0.03993   0.08514   0.00000   0.04615   0.00000   0.05418   0.47264   0.59574   0.47669  
  4 990.7716   5676.077533  x:  0.11598   0.42758   0.15832   0.09546   0.16619   0.07445   0.14115   0.09888   0.09720   0.12371   0.03743   0.02791   0.02521   0.11041   0.08235   0.13604   0.33913   0.10599   0.12599   0.27478   0.00050   0.08810   0.07077   0.00676   0.06701   0.09776   0.09265   0.06465   0.10805   0.06984   0.03387   0.08294   0.09279   0.07317   0.11845   0.08356   0.06890   0.08234   0.02537   0.07410   0.07156   0.08908   0.10634   0.01317   0.03180   0.02721   0.08304   0.02047   0.02892   0.04451   0.01180   0.02823   0.03346   0.00000   0.02345   0.00000   0.01203   0.03964   0.07956   0.00000   0.03473   0.00000   0.04570   0.47442   0.59862   0.47786  
  5 1356.9328   5675.569183  x:  0.11595   0.42754   0.15834   0.09543   0.16614   0.07441   0.14111   0.09884   0.09717   0.12365   0.03688   0.02772   0.02528   0.11037   0.08234   0.13598   0.33926   0.10592   0.12586   0.27490   0.00000   0.08812   0.07050   0.00622   0.06686   0.09773   0.09261   0.06462   0.10801   0.06984   0.03389   0.08292   0.09276   0.07319   0.11843   0.08358   0.06850   0.08233   0.02537   0.07383   0.07156   0.08904   0.10633   0.01287   0.03184   0.02721   0.08294   0.02054   0.02880   0.04455   0.01216   0.02828   0.03337   0.00000   0.02287   0.00000   0.01192   0.03963   0.07947   0.00000   0.03445   0.00000   0.04552   0.47448   0.59871   0.47791  
  6 1436.9676   5671.384547  x:  0.11561   0.42781   0.15808   0.09516   0.16536   0.07442   0.14062   0.09853   0.09690   0.12332   0.03066   0.02645   0.02620   0.11056   0.08255   0.13533   0.33964   0.10521   0.12431   0.27552   0.00000   0.08850   0.06786   0.00000   0.06574   0.09738   0.09221   0.06451   0.10816   0.07007   0.03443   0.08292   0.09256   0.07369   0.11806   0.08426   0.06426   0.08219   0.02532   0.07131   0.07181   0.08871   0.10626   0.01019   0.03218   0.02724   0.08224   0.02139   0.02705   0.04535   0.01166   0.02868   0.03305   0.00000   0.01642   0.00000   0.01337   0.03957   0.07908   0.00000   0.03218   0.00000   0.04435   0.47519   0.59960   0.47853  
  7 1897.9344   5664.471774  x:  0.11531   0.42877   0.15750   0.09532   0.16482   0.07547   0.14086   0.09879   0.09695   0.12365   0.01476   0.02664   0.02430   0.11116   0.08276   0.13378   0.33896   0.10421   0.12272   0.27600   0.00000   0.08970   0.06287   0.00000   0.06504   0.09728   0.09206   0.06503   0.10892   0.07007   0.03469   0.08338   0.09296   0.07294   0.11749   0.08559   0.05455   0.08197   0.02537   0.06702   0.07277   0.08796   0.10649   0.00606   0.03204   0.02731   0.08161   0.01755   0.02740   0.04647   0.01200   0.02800   0.03343   0.00000   0.00000   0.00000   0.01413   0.03967   0.08027   0.00000   0.03040   0.00000   0.04402   0.47663   0.60141   0.48033  
  8 1312.0088   5660.630876  x:  0.11528   0.42935   0.15725   0.09566   0.16496   0.07616   0.14133   0.09921   0.09714   0.12429   0.00000   0.02732   0.02306   0.11143   0.08277   0.13254   0.33838   0.10367   0.12231   0.27625   0.00000   0.09058   0.05919   0.00000   0.06499   0.09740   0.09217   0.06550   0.10929   0.06988   0.03452   0.08367   0.09334   0.07225   0.11715   0.08636   0.04608   0.08184   0.02556   0.06399   0.07346   0.08731   0.10668   0.00313   0.03173   0.02727   0.08134   0.01913   0.02882   0.04681   0.01186   0.02731   0.03381   0.00000   0.00000   0.00000   0.01301   0.03976   0.08185   0.00000   0.02998   0.00000   0.04431   0.47777   0.60289   0.48203  
  9 1999.3214   5658.196900  x:  0.11569   0.42903   0.15781   0.09603   0.16624   0.07505   0.14147   0.09938   0.09733   0.12523   0.00000   0.02744   0.02740   0.11087   0.08258   0.13138   0.33888   0.10386   0.12390   0.27656   0.00000   0.09088   0.05610   0.00000   0.06593   0.09756   0.09247   0.06535   0.10846   0.06959   0.03398   0.08323   0.09304   0.07372   0.11707   0.08670   0.03281   0.08173   0.02580   0.06181   0.07375   0.08613   0.10641   0.00000   0.03146   0.02713   0.08138   0.01836   0.03034   0.04548   0.01184   0.02791   0.03367   0.00000   0.00000   0.00000   0.01263   0.03971   0.08495   0.00000   0.03129   0.00000   0.04510   0.47891   0.60489   0.48510  
 10 391.2310   5652.649320  x:  0.11672   0.42565   0.16056   0.09556   0.16848   0.07182   0.14066   0.09758   0.09641   0.12021   0.00000   0.02250   0.02124   0.10995   0.08261   0.13162   0.34501   0.10562   0.12709   0.27836   0.00000   0.08880   0.05533   0.00000   0.06760   0.09682   0.09222   0.06304   0.10818   0.07017   0.03334   0.08216   0.09177   0.07538   0.11825   0.08982   0.00000   0.08141   0.02569   0.06346   0.07582   0.08266   0.10468   0.00000   0.03180   0.02804   0.08146   0.01865   0.02478   0.04169   0.01236   0.03051   0.03098   0.00000   0.00000   0.00000   0.01466   0.04019   0.09040   0.00000   0.03285   0.00000   0.04392   0.47977   0.60923   0.49413  
 11 262.0074   5641.508081  x:  0.11518   0.41184   0.16596   0.08965   0.16404   0.08045   0.13822   0.09586   0.09502   0.11803   0.00000   0.00254   0.02503   0.10995   0.08137   0.13687   0.37285   0.10616   0.11329   0.29140   0.00000   0.08051   0.05416   0.00000   0.05810   0.09333   0.08675   0.06035   0.10934   0.06837   0.03248   0.08394   0.09286   0.05147   0.12955   0.10043   0.00000   0.07908   0.02905   0.08241   0.09404   0.06036   0.09237   0.00000   0.03398   0.02190   0.07473   0.01870   0.02080   0.04821   0.01329   0.02386   0.02105   0.00000   0.00000   0.00000   0.01571   0.03938   0.08892   0.00000   0.01159   0.00000   0.02276   0.48145   0.62834   0.53807  
 12 124.1149   5638.582891  x:  0.11432   0.40583   0.16828   0.08764   0.16236   0.08214   0.13721   0.09485   0.09417   0.11647   0.00000   0.01029   0.02542   0.10943   0.08079   0.13838   0.38413   0.10567   0.10762   0.29757   0.00000   0.07755   0.05275   0.00000   0.05258   0.09223   0.08459   0.05919   0.10921   0.06801   0.03261   0.08416   0.09265   0.04800   0.13303   0.10248   0.00000   0.07843   0.02926   0.08709   0.09807   0.05532   0.08906   0.00000   0.03546   0.02172   0.07106   0.01872   0.01882   0.05036   0.01363   0.02276   0.01669   0.00000   0.00000   0.00000   0.01602   0.03915   0.08528   0.00000   0.00280   0.00000   0.01443   0.48194   0.63484   0.55258  
 13 592.6508   5634.459417  x:  0.11150   0.39690   0.17054   0.08484   0.15735   0.08609   0.13601   0.09390   0.09279   0.11568   0.00000   0.01454   0.02487   0.10912   0.07994   0.13955   0.40094   0.10212   0.09359   0.30926   0.00000   0.07453   0.04717   0.00000   0.03873   0.09095   0.08065   0.05890   0.10941   0.06760   0.03430   0.08508   0.09263   0.04871   0.13716   0.10260   0.00000   0.07769   0.02824   0.08948   0.10079   0.05375   0.08650   0.00000   0.03874   0.02379   0.06261   0.01865   0.01791   0.05736   0.01393   0.02065   0.01114   0.00000   0.00000   0.00000   0.01554   0.03872   0.07161   0.00000   0.01209   0.00000   0.00412   0.48280   0.64409   0.57214  
 14 425.3458   5628.510931  x:  0.10668   0.38211   0.17413   0.08103   0.14947   0.09171   0.13453   0.09264   0.09062   0.11489   0.00000   0.01708   0.02326   0.10865   0.07870   0.14077   0.42774   0.09556   0.07111   0.32900   0.00000   0.07025   0.03781   0.00000   0.01546   0.08945   0.07460   0.05884   0.10962   0.06705   0.03713   0.08639   0.09249   0.05344   0.14304   0.10085   0.00000   0.07685   0.02612   0.09115   0.10249   0.05531   0.08434   0.00000   0.04451   0.02742   0.04811   0.01851   0.01756   0.06892   0.01427   0.01826   0.00421   0.00000   0.00000   0.00000   0.01429   0.03805   0.04609   0.00000   0.01623   0.00000   0.01538   0.48391   0.65800   0.60141  
 15 919.2884   5625.337487  x:  0.10310   0.37237   0.17573   0.08102   0.14513   0.09370   0.13475   0.09270   0.08952   0.11587   0.00000   0.01421   0.02068   0.10882   0.07856   0.13931   0.44311   0.08953   0.06022   0.34320   0.00000   0.06949   0.03146   0.00000   0.01318   0.09007   0.07187   0.06005   0.10990   0.06685   0.03915   0.08677   0.09234   0.06186   0.14482   0.09605   0.00000   0.07715   0.02457   0.08703   0.09748   0.06474   0.08792   0.00000   0.04920   0.02923   0.03850   0.01830   0.01977   0.07790   0.01431   0.02003   0.02278   0.00000   0.00000   0.00000   0.01251   0.03764   0.02562   0.00000   0.01244   0.00000   0.01396   0.48432   0.66630   0.61892  
 16 335.8685   5622.638082  x:  0.09831   0.36653   0.17364   0.08357   0.13906   0.09608   0.13538   0.09387   0.08882   0.11925   0.00000   0.01082   0.01964   0.11055   0.07965   0.13496   0.45051   0.08032   0.05505   0.35672   0.00000   0.07308   0.02650   0.00000   0.02935   0.09163   0.07056   0.06305   0.11115   0.06677   0.04210   0.08725   0.09287   0.06520   0.14265   0.08838   0.00000   0.07833   0.02459   0.07355   0.08580   0.07916   0.09653   0.00000   0.05373   0.02860   0.03483   0.01814   0.02132   0.09213   0.01435   0.02165   0.01190   0.00000   0.00000   0.00000   0.01159   0.03664   0.01678   0.00000   0.00818   0.00000   0.01145   0.48409   0.67140   0.62954  
 17 160.4932   5620.202447  x:  0.09348   0.35966   0.17131   0.08730   0.13428   0.09763   0.13602   0.09504   0.08825   0.12232   0.00000   0.00789   0.02045   0.11188   0.08071   0.12945   0.45699   0.06963   0.05656   0.37206   0.00000   0.07817   0.02343   0.00000   0.02294   0.09282   0.07049   0.06552   0.11175   0.06670   0.04457   0.08722   0.09334   0.06477   0.13877   0.08115   0.00000   0.07986   0.02515   0.05351   0.07249   0.09333   0.10586   0.00000   0.05947   0.02728   0.03348   0.01808   0.02174   0.11001   0.01435   0.02290   0.00958   0.00000   0.00000   0.00000   0.01115   0.03592   0.03105   0.00000   0.00435   0.00000   0.00864   0.48306   0.67472   0.63651  
 18 173.8659   5618.348273  x:  0.09194   0.35420   0.17107   0.09064   0.13578   0.09540   0.13542   0.09445   0.08773   0.12089   0.00000   0.01022   0.02399   0.11064   0.08066   0.12339   0.46132   0.06204   0.06650   0.38369   0.00000   0.08223   0.02184   0.00000   0.02181   0.09263   0.07244   0.06429   0.10996   0.06654   0.04405   0.08560   0.09270   0.05364   0.13400   0.08408   0.00000   0.08040   0.02750   0.02828   0.07099   0.09365   0.10890   0.00000   0.06303   0.02378   0.03764   0.01823   0.01796   0.12470   0.01464   0.02378   0.01172   0.00000   0.00000   0.00000   0.01249   0.03644   0.02742   0.00000   0.00735   0.00000   0.01057   0.48355   0.67806   0.64098  
 19 124.1580   5617.310745  x:  0.09318   0.35455   0.17148   0.09293   0.14084   0.09241   0.13597   0.09449   0.08829   0.12012   0.00000   0.00876   0.02444   0.10862   0.07948   0.11832   0.45900   0.05789   0.06775   0.38710   0.00000   0.08527   0.02203   0.00000   0.02150   0.09228   0.07510   0.06343   0.10787   0.06702   0.04315   0.08495   0.09212   0.06137   0.12952   0.08776   0.00000   0.07993   0.02561   0.01678   0.07733   0.08750   0.10699   0.00000   0.06310   0.02890   0.03971   0.01794   0.02231   0.13520   0.01431   0.02224   0.01041   0.00000   0.00000   0.00000   0.01032   0.03686   0.02644   0.00000   0.00559   0.00000   0.00951   0.48557   0.68092   0.64339  
 20 66.7027   5615.889757  x:  0.09542   0.35313   0.17469   0.09582   0.14969   0.08560   0.13746   0.09468   0.08886   0.11941   0.00000   0.00938   0.02482   0.10729   0.07926   0.10762   0.46003   0.05198   0.06798   0.39591   0.00000   0.08965   0.01091   0.00000   0.02463   0.09246   0.07791   0.06143   0.10635   0.06744   0.03934   0.08377   0.09113   0.06561   0.12207   0.08990   0.00000   0.07901   0.02733   0.02384   0.08116   0.07906   0.10531   0.00000   0.06290   0.02561   0.03527   0.01773   0.02392   0.15057   0.01429   0.02427   0.01076   0.00000   0.00000   0.00000   0.00980   0.03653   0.02851   0.00000   0.00640   0.00000   0.01020   0.49239   0.68987   0.64956  
 21 62.4707   5614.055087  x:  0.09897   0.35075   0.18121   0.09769   0.16110   0.07676   0.14022   0.09596   0.08954   0.12106   0.00000   0.01002   0.02514   0.10806   0.08049   0.09013   0.46468   0.04881   0.06546   0.40917   0.00000   0.09613   0.02688   0.00000   0.02601   0.09232   0.07899   0.05978   0.10722   0.06740   0.03176   0.08328   0.09057   0.06753   0.11330   0.08830   0.00000   0.07749   0.02784   0.02869   0.07954   0.07091   0.10406   0.00000   0.06041   0.02327   0.02723   0.01719   0.02485   0.17004   0.01447   0.02754   0.01103   0.00000   0.00000   0.00000   0.00944   0.03616   0.02991   0.00000   0.00732   0.00000   0.01089   0.50852   0.71218   0.66641  
 22 96.0763   5609.588681  x:  0.10671   0.34567   0.19319   0.09478   0.17551   0.07107   0.14245   0.09881   0.09053   0.12533   0.00000   0.00796   0.02972   0.10955   0.08190   0.07594   0.47244   0.07212   0.07613   0.42052   0.00000   0.09626   0.02758   0.00000   0.02006   0.09460   0.07650   0.05973   0.10976   0.06689   0.02072   0.08446   0.09104   0.06712   0.11189   0.07766   0.00000   0.07703   0.02182   0.04247   0.06822   0.07566   0.10266   0.00000   0.05025   0.04033   0.05511   0.01584   0.02532   0.19664   0.01493   0.02716   0.00982   0.00000   0.00000   0.00000   0.00846   0.03729   0.02327   0.00000   0.00502   0.00000   0.00944   0.53898   0.76417   0.70761  
 23 95.5602   5597.296224  x:  0.12047   0.32329   0.22021   0.08024   0.19086   0.08236   0.14307   0.10070   0.09188   0.12694   0.00000   0.01210   0.04239   0.09989   0.07451   0.09235   0.51392   0.14751   0.07420   0.42888   0.00000   0.06311   0.02963   0.00000   0.03794   0.10171   0.07202   0.06102   0.10054   0.06576   0.03391   0.08411   0.09102   0.08384   0.14438   0.08250   0.00000   0.08179   0.04275   0.03222   0.07760   0.09831   0.10146   0.00000   0.03214   0.02415   0.05443   0.01127   0.04130   0.21501   0.01647   0.01463   0.01505   0.00000   0.00000   0.00000   0.00441   0.03556   0.04021   0.00000   0.00946   0.00000   0.01409   0.58504   0.89230   0.81683  
 24 152.7300   5586.920815  x:  0.12356   0.32285   0.22258   0.08832   0.19460   0.08115   0.15154   0.10539   0.09632   0.13815   0.00000   0.01215   0.05091   0.10951   0.08037   0.10054   0.52157   0.17619   0.07836   0.41420   0.00000   0.05830   0.02459   0.00000   0.03419   0.10622   0.08320   0.06535   0.10442   0.06252   0.02724   0.08198   0.09418   0.07911   0.15679   0.08518   0.00000   0.08414   0.02369   0.02483   0.07811   0.10074   0.10955   0.00000   0.04035   0.01932   0.03066   0.00900   0.05168   0.18080   0.01721   0.03972   0.01106   0.00000   0.00000   0.00000   0.00050   0.04076   0.03808   0.00000   0.00948   0.00000   0.01311   0.58034   0.95687   0.88287  
 25 175.8769   5581.536041  x:  0.12596   0.32471   0.22383   0.09750   0.20068   0.08091   0.16252   0.11231   0.10170   0.15349   0.00000   0.01180   0.05455   0.10885   0.07778   0.10516   0.52371   0.19402   0.07945   0.40260   0.00000   0.05803   0.02065   0.00000   0.03008   0.11287   0.09339   0.07097   0.10031   0.05572   0.01699   0.08004   0.09776   0.07694   0.16559   0.07667   0.00000   0.08621   0.02168   0.01820   0.07863   0.10107   0.11440   0.00000   0.04492   0.01852   0.01277   0.00792   0.04791   0.14884   0.01872   0.04835   0.00832   0.00000   0.00000   0.00000   0.00327   0.04242   0.03506   0.00000   0.00905   0.00000   0.01203   0.57312   1.00242   0.93162  
 26 1060.5521   5565.638841  x:  0.11869   0.32033   0.22343   0.12017   0.20515   0.07426   0.18513   0.12283   0.11015   0.18098   0.00000   0.01215   0.06521   0.11247   0.07904   0.09997   0.55061   0.19139   0.05693   0.39987   0.00000   0.07450   0.02120   0.00000   0.02246   0.12203   0.11207   0.07325   0.10399   0.05338   0.01742   0.07906   0.10311   0.08122   0.17152   0.07659   0.00000   0.08786   0.04667   0.01583   0.07817   0.09203   0.13328   0.00000   0.06676   0.01152   0.03512   0.00427   0.05781   0.03395   0.02191   0.05543   0.00762   0.00000   0.00000   0.00000   0.00409   0.03319   0.03067   0.00000   0.00928   0.00000   0.01101   0.52810   1.10118   1.04995  
 27 389.8630   5563.239417  x:  0.11600   0.31821   0.22286   0.12191   0.20386   0.07554   0.18628   0.12327   0.11041   0.18348   0.00000   0.01238   0.06944   0.11186   0.07890   0.09832   0.55633   0.18631   0.05883   0.40275   0.00000   0.07631   0.02099   0.00000   0.02485   0.12241   0.11240   0.07200   0.10471   0.05469   0.02002   0.08005   0.10346   0.07838   0.17136   0.07786   0.00000   0.08772   0.04891   0.01787   0.07809   0.09077   0.13514   0.00000   0.06828   0.02298   0.03102   0.00377   0.05846   0.01602   0.02248   0.05026   0.00903   0.00000   0.00000   0.00000   0.00374   0.03308   0.03201   0.00000   0.00979   0.00000   0.01178   0.51670   1.11466   1.06946  
 28 368.8812   5558.840020  x:  0.10958   0.31381   0.22160   0.12467   0.20211   0.07830   0.18718   0.12265   0.11003   0.18489   0.00000   0.01177   0.07198   0.10735   0.07670   0.10037   0.56725   0.16770   0.08061   0.40328   0.00000   0.07642   0.02347   0.00000   0.02341   0.12252   0.11057   0.06702   0.10489   0.05826   0.01832   0.08329   0.10295   0.08846   0.17169   0.07482   0.00000   0.08666   0.03701   0.02467   0.07719   0.08966   0.13459   0.00000   0.06581   0.01302   0.02854   0.00294   0.05824   0.00791   0.02370   0.02781   0.00861   0.00000   0.00000   0.00000   0.00340   0.03826   0.02884   0.00000   0.00898   0.00000   0.01121   0.47058   1.12320   1.10549  
 29 143.5610   5555.227859  x:  0.10454   0.30381   0.22398   0.13214   0.20502   0.07537   0.19334   0.12365   0.11194   0.18912   0.00000   0.01188   0.07385   0.10602   0.07648   0.11161   0.58728   0.14910   0.09335   0.39691   0.00000   0.07318   0.02655   0.00000   0.02509   0.12545   0.11516   0.06250   0.10398   0.05736   0.01357   0.08223   0.10317   0.09391   0.17895   0.07440   0.00000   0.08701   0.03578   0.03122   0.07770   0.08599   0.13721   0.00000   0.06883   0.01756   0.02928   0.00216   0.05854   0.01916   0.02481   0.02014   0.00931   0.00000   0.00000   0.00000   0.00328   0.03621   0.02898   0.00000   0.00925   0.00000   0.01182   0.41229   1.12435   1.14199  
 30 320.5762   5552.629123  x:  0.11565   0.29910   0.24220   0.12804   0.22795   0.07856   0.19171   0.12743   0.11562   0.18932   0.00000   0.01182   0.07488   0.11040   0.07789   0.12359   0.59406   0.11516   0.09165   0.39537   0.00000   0.06466   0.02662   0.00000   0.02480   0.12849   0.11415   0.06476   0.10235   0.05199   0.02884   0.08321   0.10672   0.08860   0.18205   0.06393   0.00000   0.08781   0.02923   0.02952   0.07891   0.09429   0.12289   0.00000   0.04504   0.01741   0.03285   0.00174   0.05780   0.01798   0.02537   0.03357   0.00925   0.00000   0.00000   0.00000   0.00369   0.03608   0.02975   0.00000   0.00929   0.00000   0.01180   0.39535   1.08087   1.16181  
 31 61.8998   5549.881997  x:  0.12457   0.29666   0.25622   0.11963   0.24103   0.07739   0.18717   0.12857   0.11596   0.18681   0.00000   0.01152   0.07781   0.10976   0.07743   0.14009   0.59802   0.08521   0.08837   0.39213   0.00000   0.06149   0.02662   0.00000   0.02372   0.13042   0.11044   0.06846   0.10387   0.05297   0.01038   0.08129   0.10667   0.08732   0.18733   0.07673   0.00000   0.08943   0.03147   0.02897   0.07120   0.10759   0.11843   0.00000   0.03102   0.01792   0.03381   0.00125   0.05970   0.01574   0.02579   0.03675   0.00837   0.00000   0.00000   0.00000   0.00367   0.03699   0.02973   0.00000   0.00877   0.00000   0.01119   0.39700   1.02035   1.17740  
 32 126.7540   5545.082285  x:  0.13642   0.28556   0.27527   0.10890   0.25940   0.06468   0.19065   0.13186   0.11564   0.18946   0.00000   0.01047   0.07962   0.10627   0.07618   0.17147   0.60974   0.05121   0.10157   0.38707   0.00000   0.07404   0.02859   0.00000   0.02013   0.13616   0.10913   0.07012   0.11221   0.05843   0.02079   0.07945   0.10534   0.08747   0.20202   0.07821   0.00000   0.09163   0.03243   0.03401   0.07114   0.11198   0.12955   0.00000   0.05428   0.01830   0.03186   0.00047   0.06153   0.01804   0.02660   0.02905   0.00577   0.00000   0.00000   0.00000   0.00365   0.03761   0.02551   0.00000   0.00739   0.00000   0.00987   0.42992   0.87660   1.20588  
 33 142.4610   5542.041410  x:  0.13757   0.27418   0.28194   0.10264   0.26299   0.06956   0.19470   0.13175   0.11487   0.18932   0.00000   0.01179   0.08191   0.10851   0.07768   0.18327   0.62557   0.04227   0.09839   0.39698   0.00000   0.07925   0.02880   0.00000   0.02716   0.13828   0.10752   0.06705   0.10947   0.05364   0.01058   0.08307   0.10509   0.08860   0.20995   0.06931   0.00000   0.09043   0.01725   0.03344   0.07987   0.10582   0.13550   0.00000   0.06510   0.01845   0.03720   0.00062   0.05787   0.01667   0.02731   0.02757   0.00879   0.00000   0.00000   0.00000   0.00394   0.03522   0.03089   0.00000   0.00929   0.00000   0.01197   0.44532   0.78675   1.22303  
 34 212.2828   5537.388412  x:  0.13287   0.26300   0.27850   0.10086   0.26156   0.08190   0.20135   0.12813   0.11338   0.18722   0.00000   0.01110   0.08209   0.12059   0.08510   0.17901   0.64021   0.05523   0.10871   0.41596   0.00000   0.07794   0.03002   0.00000   0.02481   0.13661   0.10950   0.05753   0.10327   0.04638   0.00762   0.08968   0.10602   0.09889   0.21253   0.06433   0.00000   0.08561   0.03543   0.03425   0.07650   0.09167   0.14072   0.00000   0.05741   0.01945   0.03576   0.00071   0.06323   0.01760   0.02804   0.04114   0.00751   0.00000   0.00000   0.00000   0.00389   0.04349   0.02775   0.00000   0.00859   0.00000   0.01144   0.45581   0.63348   1.25037  
 35 185.8662   5534.851192  x:  0.13078   0.25928   0.27687   0.10605   0.26466   0.07607   0.20807   0.12875   0.11447   0.19302   0.00000   0.01066   0.08251   0.11355   0.07813   0.16839   0.65014   0.06873   0.10623   0.42567   0.00000   0.07254   0.03036   0.00000   0.02349   0.13807   0.11625   0.05949   0.10526   0.05206   0.01517   0.08394   0.10740   0.09766   0.21354   0.07528   0.00000   0.08571   0.02914   0.03551   0.06852   0.09056   0.14306   0.00000   0.04671   0.01868   0.03484   0.00111   0.06256   0.01783   0.02856   0.04093   0.00705   0.00000   0.00000   0.00000   0.00397   0.03293   0.02668   0.00000   0.00819   0.00000   0.01105   0.45608   0.55475   1.26368  
 36 191.2169   5533.941740  x:  0.13094   0.26038   0.27774   0.10789   0.26755   0.06447   0.20554   0.12834   0.11469   0.19394   0.00000   0.01078   0.08411   0.11377   0.08106   0.16072   0.65614   0.07225   0.10216   0.42405   0.00000   0.06531   0.02977   0.00000   0.02358   0.13652   0.11876   0.06241   0.11478   0.05795   0.01340   0.08046   0.10648   0.09445   0.21237   0.07022   0.00000   0.08862   0.03116   0.03422   0.07595   0.09869   0.13983   0.00000   0.04805   0.01882   0.03465   0.00124   0.06337   0.01759   0.02874   0.03566   0.00694   0.00000   0.00000   0.00000   0.00392   0.04018   0.02752   0.00000   0.00822   0.00000   0.01097   0.45369   0.53256   1.26520  
 37 62.9127   5533.525293  x:  0.13259   0.26249   0.28013   0.10753   0.27176   0.06351   0.20141   0.12890   0.11555   0.19304   0.00000   0.01069   0.08435   0.11659   0.08450   0.15656   0.66012   0.07081   0.10310   0.41816   0.00000   0.06432   0.02969   0.00000   0.02297   0.13471   0.11888   0.06276   0.11320   0.05441   0.01357   0.08310   0.10556   0.09380   0.21081   0.07158   0.00000   0.09054   0.03191   0.03443   0.07658   0.10440   0.13746   0.00856   0.05367   0.01873   0.03383   0.00133   0.06401   0.01744   0.02878   0.03196   0.00644   0.00000   0.00000   0.00000   0.00384   0.03638   0.02701   0.00000   0.00797   0.00000   0.01069   0.45301   0.52947   1.26230  
 38 33.4212   5532.790108  x:  0.13550   0.26573   0.28467   0.10659   0.27944   0.06460   0.19439   0.13023   0.11720   0.19149   0.00000   0.01054   0.08484   0.12027   0.08834   0.15049   0.66795   0.06662   0.10491   0.40679   0.00000   0.06405   0.02958   0.00000   0.02215   0.13160   0.11887   0.06319   0.11131   0.05073   0.01392   0.08669   0.10443   0.09303   0.20916   0.07360   0.00000   0.09335   0.03323   0.03482   0.07642   0.11239   0.13429   0.00000   0.06306   0.01866   0.03273   0.00153   0.06509   0.01739   0.02883   0.02708   0.00568   0.00000   0.00000   0.00000   0.00373   0.03221   0.02623   0.00000   0.00761   0.00000   0.01029   0.45221   0.52661   1.25555  
 39 67.0025   5531.776010  x:  0.13860   0.26619   0.29151   0.10362   0.28903   0.07572   0.18901   0.13405   0.11934   0.19301   0.00000   0.01052   0.08540   0.11777   0.08215   0.15002   0.68191   0.05480   0.10655   0.38950   0.00000   0.06914   0.02975   0.00000   0.02288   0.12934   0.11633   0.06307   0.11214   0.05514   0.01575   0.08716   0.10603   0.09338   0.20905   0.07714   0.00000   0.09323   0.03390   0.03562   0.07045   0.11346   0.13382   0.00106   0.07276   0.01911   0.03388   0.00194   0.06578   0.01841   0.02881   0.02892   0.00542   0.00000   0.00000   0.00000   0.00388   0.04505   0.02633   0.00000   0.00755   0.00000   0.01031   0.45277   0.53399   1.23865  
 40 46.0416   5529.860296  x:  0.13820   0.26473   0.29462   0.09572   0.28904   0.07738   0.18696   0.13516   0.11436   0.19581   0.00000   0.01044   0.08436   0.12084   0.08145   0.16664   0.69449   0.02963   0.12039   0.37021   0.00000   0.07133   0.02895   0.00000   0.02164   0.12785   0.10567   0.06169   0.12684   0.06664   0.01335   0.08274   0.10994   0.09672   0.20989   0.06899   0.00000   0.08639   0.03951   0.03377   0.07143   0.10609   0.13953   0.00375   0.06698   0.01932   0.03201   0.00235   0.06997   0.01863   0.02856   0.03381   0.00530   0.00000   0.00000   0.00000   0.00381   0.03132   0.02453   0.00000   0.00750   0.00000   0.01031   0.45950   0.55598   1.19735  
 41 48.7047   5527.235286  x:  0.13548   0.25703   0.29345   0.09503   0.28221   0.05809   0.19276   0.13475   0.10751   0.20386   0.00000   0.00999   0.08274   0.12786   0.09281   0.19448   0.70127   0.00000   0.12937   0.36330   0.00000   0.06887   0.02980   0.00000   0.02021   0.13033   0.10102   0.06197   0.12448   0.05464   0.01915   0.08471   0.10992   0.09835   0.21212   0.07568   0.00000   0.08317   0.03853   0.03631   0.07261   0.10219   0.15154   0.00270   0.05337   0.01993   0.03352   0.00286   0.07237   0.01877   0.02841   0.03076   0.00517   0.00000   0.00000   0.00000   0.00411   0.04028   0.02340   0.00000   0.00699   0.00000   0.01001   0.47000   0.58611   1.13606  
 42 89.6472   5527.235286  x:  0.13548   0.25703   0.29345   0.09503   0.28221   0.05809   0.19276   0.13475   0.10751   0.20386   0.00000   0.00999   0.08274   0.12786   0.09281   0.19448   0.70127   0.00000   0.12937   0.36330   0.00000   0.06887   0.02980   0.00000   0.02021   0.13033   0.10102   0.06197   0.12448   0.05464   0.01915   0.08471   0.10992   0.09835   0.21212   0.07568   0.00000   0.08317   0.03853   0.03631   0.07261   0.10219   0.15154   0.00270   0.05337   0.01993   0.03352   0.00286   0.07237   0.01877   0.02841   0.03076   0.00517   0.00000   0.00000   0.00000   0.00411   0.04028   0.02340   0.00000   0.00699   0.00000   0.01001   0.47000   0.58611   1.13606  
 43 62.8251   5484.559941  x:  0.14104   0.33720   0.31043   0.11639   0.30651   0.09923   0.22211   0.14880   0.11993   0.22393   0.00000   0.00000   0.06611   0.17395   0.11951   0.20179   0.74698   0.01874   0.16403   0.42542   0.00000   0.06651   0.01680   0.00000   0.02914   0.13092   0.11460   0.06717   0.17180   0.07407   0.01601   0.10907   0.12386   0.11791   0.20903   0.13057   0.00000   0.08472   0.02994   0.02230   0.10191   0.09953   0.15832   0.00129   0.03158   0.03958   0.04227   0.26352   0.02923   0.04088   0.00237   0.00298   0.03099   0.00000   0.00000   0.00000   0.03664   0.04440   0.04279   0.00000   0.00759   0.00000   0.02875   0.47780   0.59633   1.13576  
 44 1021.6831   5482.766010  x:  0.14119   0.33941   0.31090   0.11698   0.30718   0.10036   0.22292   0.14919   0.12027   0.22448   0.00001   0.00005   0.06566   0.17522   0.12025   0.20199   0.74824   0.01926   0.16499   0.42714   0.00000   0.06644   0.01644   0.00000   0.02939   0.13094   0.11498   0.06731   0.17311   0.07460   0.01593   0.10974   0.12425   0.11845   0.20894   0.13209   0.00000   0.08476   0.02971   0.02191   0.10271   0.09945   0.15851   0.00125   0.03098   0.04012   0.04252   0.27071   0.02804   0.04148   0.00166   0.00222   0.03171   0.00000   0.00000   0.00000   0.03753   0.04451   0.04333   0.00000   0.00761   0.00000   0.02926   0.47802   0.59661   1.13576  
 45 804759.5214   5482.706028  x:  0.14119   0.33943   0.31091   0.11699   0.30718   0.10037   0.22293   0.14919   0.12028   0.22449   0.00000   0.00005   0.06565   0.17523   0.12025   0.20200   0.74826   0.01926   0.16499   0.42716   0.00000   0.06644   0.01644   0.00000   0.02939   0.13094   0.11498   0.06731   0.17312   0.07461   0.01593   0.10975   0.12425   0.11845   0.20894   0.13210   0.00000   0.08476   0.02971   0.02191   0.10272   0.09945   0.15851   0.00124   0.03098   0.04012   0.04252   0.27075   0.02802   0.04149   0.00169   0.00224   0.03171   0.00000   0.00000   0.00000   0.03754   0.04451   0.04333   0.00000   0.00761   0.00000   0.02926   0.47802   0.59661   1.13576  
 46 2023.8568   5482.706028  x:  0.14119   0.33943   0.31091   0.11699   0.30718   0.10037   0.22293   0.14919   0.12028   0.22449   0.00000   0.00005   0.06565   0.17523   0.12025   0.20200   0.74826   0.01926   0.16499   0.42716   0.00000   0.06644   0.01644   0.00000   0.02939   0.13094   0.11498   0.06731   0.17312   0.07461   0.01593   0.10975   0.12425   0.11845   0.20894   0.13210   0.00000   0.08476   0.02971   0.02191   0.10272   0.09945   0.15851   0.00124   0.03098   0.04012   0.04252   0.27075   0.02802   0.04149   0.00169   0.00224   0.03171   0.00000   0.00000   0.00000   0.03754   0.04451   0.04333   0.00000   0.00761   0.00000   0.02926   0.47802   0.59661   1.13576  
 47 835.3642   5477.855362  x:  0.14119   0.33955   0.31094   0.11701   0.30723   0.10040   0.22297   0.14921   0.12029   0.22452   0.00024   0.01452   0.06562   0.17528   0.12028   0.20200   0.74835   0.01928   0.16504   0.42726   0.00000   0.06644   0.01645   0.00000   0.02938   0.13094   0.11499   0.06731   0.17317   0.07461   0.01592   0.10977   0.12427   0.11847   0.20893   0.13214   0.00000   0.08476   0.02971   0.02192   0.10274   0.09945   0.15851   0.00119   0.03095   0.04009   0.04251   0.27065   0.02794   0.04145   0.00241   0.00276   0.03164   0.00000   0.00000   0.00000   0.03746   0.04451   0.04332   0.00000   0.00760   0.00000   0.02921   0.47802   0.59663   1.13576  
 48 20499.4520   5476.382577  x:  0.14120   0.33986   0.31101   0.11708   0.30733   0.10048   0.22309   0.14926   0.12032   0.22461   0.00000   0.01450   0.06553   0.17542   0.12034   0.20202   0.74858   0.01931   0.16515   0.42754   0.00000   0.06644   0.01649   0.00000   0.02935   0.13094   0.11503   0.06733   0.17330   0.07463   0.01592   0.10983   0.12431   0.11852   0.20891   0.13224   0.00000   0.08477   0.02971   0.02193   0.10280   0.09944   0.15852   0.00106   0.03088   0.04002   0.04249   0.27041   0.02773   0.04134   0.00364   0.00380   0.03148   0.00000   0.00000   0.00000   0.03725   0.04452   0.04328   0.00000   0.00758   0.00000   0.02908   0.47804   0.59668   1.13575  
 49 991.8808   5473.791572  x:  0.14127   0.34231   0.31159   0.11762   0.30817   0.10112   0.22400   0.14962   0.12059   0.22529   0.00000   0.01451   0.06486   0.17651   0.12085   0.20214   0.75042   0.01954   0.16606   0.42971   0.00000   0.06643   0.01678   0.00000   0.02914   0.13093   0.11532   0.06741   0.17434   0.07478   0.01586   0.11025   0.12462   0.11893   0.20872   0.13308   0.00000   0.08480   0.02975   0.02200   0.10322   0.09936   0.15862   0.00000   0.03036   0.03946   0.04234   0.26843   0.02606   0.04053   0.00302   0.00465   0.03018   0.00000   0.00000   0.00000   0.03561   0.04454   0.04300   0.00000   0.00745   0.00000   0.02805   0.47817   0.59708   1.13574  
 50 534.0021   5441.589426  x:  0.14224   0.38070   0.32064   0.12598   0.32128   0.11113   0.23825   0.15529   0.12478   0.23599   0.00000   0.01462   0.05430   0.19346   0.12881   0.20403   0.77937   0.02308   0.18027   0.46386   0.00000   0.06628   0.02099   0.00000   0.02590   0.13075   0.11982   0.06871   0.19053   0.07706   0.01502   0.11690   0.12959   0.12521   0.20567   0.14607   0.00000   0.08528   0.03039   0.02314   0.10977   0.09818   0.16013   0.00000   0.02233   0.03085   0.04009   0.23731   0.00000   0.02805   0.00494   0.00162   0.00996   0.00000   0.00000   0.00000   0.00997   0.04485   0.03889   0.00000   0.00575   0.00000   0.01216   0.48020   0.60333   1.13553  
 51 9495.7664   5432.865189  x:  0.14249   0.39761   0.32468   0.12948   0.32718   0.11520   0.24448   0.15768   0.12651   0.24077   0.00000   0.01465   0.04952   0.20064   0.13205   0.20470   0.79286   0.02430   0.18629   0.47924   0.00000   0.06613   0.02131   0.00000   0.02501   0.13070   0.12163   0.06919   0.19734   0.07783   0.01477   0.11955   0.13162   0.12776   0.20421   0.15153   0.00000   0.08546   0.03053   0.02329   0.11236   0.09770   0.16070   0.00000   0.02074   0.02828   0.04062   0.22252   0.00870   0.02447   0.00547   0.00079   0.00465   0.00000   0.00000   0.00000   0.00105   0.04500   0.03809   0.00000   0.00723   0.00000   0.00918   0.48106   0.60620   1.13543  
 52 1364.2501   5426.042007  x:  0.14266   0.41404   0.32863   0.13281   0.33297   0.11903   0.25050   0.15997   0.12814   0.24544   0.00000   0.01468   0.04484   0.20751   0.13510   0.20530   0.80625   0.02535   0.19205   0.49431   0.00000   0.06596   0.02114   0.00000   0.02433   0.13067   0.12332   0.06961   0.20384   0.07849   0.01455   0.12203   0.13352   0.13016   0.20272   0.15675   0.00000   0.08563   0.03062   0.02333   0.11478   0.09723   0.16122   0.00000   0.01989   0.02624   0.04104   0.20764   0.01377   0.02178   0.00588   0.00014   0.00215   0.00000   0.00000   0.00000   0.00584   0.04514   0.03775   0.00000   0.00871   0.00000   0.00787   0.48189   0.60903   1.13533  
 53 2357.9455   5422.638502  x:  0.14254   0.42206   0.33062   0.13421   0.33596   0.12050   0.25338   0.16096   0.12879   0.24781   0.00000   0.01470   0.04239   0.21052   0.13626   0.20541   0.81369   0.02545   0.19458   0.50207   0.00000   0.06578   0.01916   0.00000   0.02453   0.13068   0.12395   0.06969   0.20664   0.07852   0.01456   0.12293   0.13427   0.13108   0.20174   0.15915   0.00000   0.08568   0.03051   0.02296   0.11563   0.09704   0.16140   0.00000   0.02115   0.02640   0.04164   0.19886   0.01386   0.02231   0.00595   0.00002   0.00663   0.00000   0.00000   0.00000   0.00559   0.04520   0.03954   0.00000   0.01089   0.00000   0.00990   0.48231   0.61056   1.13527  
 54 1474.9051   5406.853539  x:  0.14116   0.45235   0.33851   0.13863   0.34803   0.12430   0.26410   0.16424   0.13068   0.25718   0.00000   0.01476   0.03215   0.22038   0.13930   0.20503   0.84591   0.02401   0.20290   0.53338   0.00000   0.06462   0.00203   0.00000   0.02737   0.13092   0.12542   0.06947   0.21561   0.07732   0.01511   0.12495   0.13631   0.13349   0.19665   0.16794   0.00000   0.08575   0.02941   0.01970   0.11739   0.09643   0.16173   0.00000   0.03104   0.03096   0.04724   0.15884   0.01233   0.02921   0.00591   0.00008   0.00668   0.00000   0.00000   0.00000   0.00557   0.04541   0.05662   0.00000   0.02981   0.00000   0.02057   0.48402   0.61700   1.13500  
 55 2439.8517   5379.975702  x:  0.13446   0.54349   0.36302   0.14931   0.38632   0.13110   0.29558   0.17266   0.13474   0.28641   0.00000   0.01495   0.00000   0.24602   0.14481   0.20169   0.95389   0.01480   0.22449   0.63254   0.00000   0.06108   0.02918   0.00000   0.04210   0.13157   0.12747   0.06749   0.23825   0.07046   0.01759   0.12744   0.14028   0.13786   0.17841   0.19253   0.00000   0.08561   0.02494   0.00765   0.11892   0.09503   0.16174   0.00000   0.07152   0.05429   0.06886   0.01982   0.00609   0.06304   0.00583   0.00021   0.00249   0.00000   0.00000   0.00000   0.00469   0.04589   0.12597   0.00000   0.09923   0.00000   0.06119   0.48911   0.63811   1.13405  
 56 2482.2641   5377.823219  x:  0.13270   0.54892   0.36476   0.14842   0.38950   0.12951   0.29675   0.17236   0.13451   0.28879   0.00000   0.01496   0.00410   0.24567   0.14375   0.20030   0.96625   0.01182   0.22393   0.64088   0.00000   0.06115   0.02997   0.00000   0.04155   0.13161   0.12640   0.06710   0.23746   0.06921   0.01703   0.12604   0.13942   0.13673   0.17653   0.19256   0.00000   0.08548   0.02609   0.02090   0.11759   0.09539   0.16122   0.00000   0.07258   0.05535   0.06817   0.00961   0.00644   0.06440   0.00583   0.00022   0.00380   0.00000   0.00000   0.00000   0.00499   0.04562   0.13283   0.00000   0.10363   0.00000   0.05823   0.48900   0.64013   1.13391  
 57 333.7457   5371.504473  x:  0.12573   0.56586   0.37041   0.14413   0.40027   0.12245   0.29944   0.17046   0.13292   0.29633   0.00000   0.01497   0.01766   0.24240   0.13887   0.19459   1.01189   0.00000   0.21994   0.66961   0.00000   0.06185   0.03191   0.00000   0.03739   0.13168   0.12185   0.06590   0.23273   0.06518   0.01501   0.12039   0.13566   0.13192   0.17051   0.19053   0.00000   0.08496   0.02982   0.02441   0.11180   0.09634   0.15899   0.00000   0.07329   0.05699   0.06154   0.02234   0.00791   0.06765   0.00582   0.00026   0.00816   0.00000   0.00000   0.00000   0.00603   0.04456   0.15296   0.00000   0.11174   0.00000   0.04660   0.48796   0.64718   1.13337  
 58 251.2031   5371.504473  x:  0.12573   0.56586   0.37041   0.14413   0.40027   0.12245   0.29944   0.17046   0.13292   0.29633   0.00000   0.01497   0.01766   0.24240   0.13887   0.19459   1.01189   0.00000   0.21994   0.66961   0.00000   0.06185   0.03191   0.00000   0.03739   0.13168   0.12185   0.06590   0.23273   0.06518   0.01501   0.12039   0.13566   0.13192   0.17051   0.19053   0.00000   0.08496   0.02982   0.02441   0.11180   0.09634   0.15899   0.00000   0.07329   0.05699   0.06154   0.02234   0.00791   0.06765   0.00582   0.00026   0.00816   0.00000   0.00000   0.00000   0.00603   0.04456   0.15296   0.00000   0.11174   0.00000   0.04660   0.48796   0.64718   1.13337  
 59 315.0535   5365.686000  x:  0.12572   0.56603   0.37045   0.14416   0.40033   0.12249   0.29948   0.17048   0.13294   0.29637   0.00000   0.01481   0.01765   0.24246   0.13891   0.19459   1.01209   0.00001   0.21998   0.66978   0.00000   0.06186   0.03178   0.00000   0.03728   0.13168   0.12187   0.06593   0.23279   0.06523   0.01500   0.12043   0.13568   0.13196   0.17053   0.19055   0.00000   0.08497   0.02983   0.02439   0.11185   0.09634   0.15899   0.00000   0.07307   0.05682   0.06138   0.02229   0.00783   0.06745   0.00645   0.01563   0.00813   0.00000   0.00000   0.00000   0.00609   0.04457   0.15270   0.00000   0.11141   0.00000   0.04635   0.48795   0.64721   1.13336  
 60 6170.5557   5351.692751  x:  0.12525   0.58025   0.37371   0.14670   0.40547   0.12610   0.30339   0.17190   0.13420   0.29955   0.00000   0.00131   0.01696   0.24780   0.14203   0.19456   1.02886   0.00086   0.22361   0.68407   0.00000   0.06300   0.02133   0.00000   0.02820   0.13134   0.12336   0.06769   0.23803   0.06924   0.01496   0.12386   0.13746   0.13452   0.17193   0.19248   0.00000   0.08530   0.03037   0.02272   0.11538   0.09596   0.15926   0.00000   0.05423   0.04242   0.04857   0.01850   0.00155   0.04936   0.03839   0.01511   0.00589   0.00000   0.00000   0.00000   0.01095   0.04479   0.13105   0.00000   0.08382   0.00000   0.02578   0.48739   0.64971   1.13316  
 61 339.1107   5341.817256  x:  0.12473   0.59513   0.37711   0.14932   0.41084   0.12981   0.30745   0.17335   0.13548   0.30285   0.00000   0.01013   0.01623   0.25334   0.14523   0.19449   1.04647   0.00167   0.22737   0.69905   0.00000   0.06413   0.01159   0.00000   0.01961   0.13099   0.12488   0.06945   0.24343   0.07323   0.01486   0.12735   0.13928   0.13713   0.17337   0.19448   0.00000   0.08564   0.03087   0.02122   0.11897   0.09559   0.15952   0.00000   0.03487   0.02802   0.03591   0.01555   0.00994   0.03104   0.06379   0.01470   0.00524   0.00000   0.00000   0.00000   0.01367   0.04506   0.10839   0.00000   0.05480   0.00000   0.00520   0.48681   0.65232   1.13294  
 62 2105.5283   5330.949025  x:  0.12376   0.61737   0.38212   0.15291   0.41881   0.13481   0.31335   0.17531   0.13715   0.30770   0.00000   0.01308   0.01513   0.26121   0.14949   0.19411   1.07335   0.00236   0.23263   0.72162   0.00000   0.06546   0.01510   0.00000   0.01780   0.13041   0.12683   0.07136   0.25093   0.07764   0.01437   0.13174   0.14162   0.14046   0.17527   0.19725   0.00000   0.08603   0.03108   0.02106   0.12349   0.09516   0.15979   0.00000   0.01108   0.01526   0.02518   0.01846   0.00967   0.01226   0.07010   0.01461   0.01575   0.00000   0.00000   0.00000   0.00650   0.04573   0.07489   0.00000   0.01059   0.00000   0.02108   0.48612   0.65621   1.13262  
 63 582.3180   5328.820608  x:  0.12348   0.62258   0.38327   0.15366   0.42066   0.13585   0.31468   0.17571   0.13748   0.30880   0.00000   0.01293   0.01487   0.26295   0.15036   0.19395   1.07981   0.00238   0.23377   0.72697   0.00000   0.06562   0.01603   0.00000   0.01882   0.13030   0.12720   0.07165   0.25255   0.07834   0.01425   0.13257   0.14208   0.14110   0.17565   0.19784   0.00000   0.08610   0.03105   0.02124   0.12435   0.09508   0.15980   0.00000   0.01040   0.01702   0.02662   0.01883   0.00908   0.01354   0.06846   0.01464   0.01577   0.00000   0.00000   0.00000   0.00642   0.04601   0.06762   0.00000   0.00235   0.00000   0.01927   0.48598   0.65711   1.13254  
 64 470.4312   5320.069942  x:  0.12160   0.65761   0.39103   0.15871   0.43310   0.14280   0.32361   0.17840   0.13966   0.31622   0.00000   0.01212   0.01317   0.27463   0.15616   0.19286   1.12320   0.00255   0.24142   0.76286   0.00000   0.06670   0.02056   0.00000   0.02301   0.12958   0.12968   0.07358   0.26338   0.08312   0.01351   0.13816   0.14514   0.14541   0.17823   0.20181   0.00000   0.08654   0.03093   0.02214   0.13008   0.09459   0.15987   0.00000   0.00551   0.02106   0.03135   0.02096   0.00628   0.01387   0.05936   0.01479   0.01753   0.00000   0.00000   0.00000   0.00518   0.04763   0.01954   0.00000   0.00539   0.00000   0.01247   0.48505   0.66317   1.13201  
 65 492.7655   5318.222367  x:  0.12089   0.66984   0.39372   0.16038   0.43742   0.14509   0.32666   0.17927   0.14035   0.31877   0.00000   0.01130   0.01259   0.27859   0.15806   0.19241   1.13853   0.00248   0.24398   0.77545   0.00000   0.06700   0.02013   0.00000   0.02255   0.12935   0.13046   0.07415   0.26702   0.08457   0.01337   0.13995   0.14612   0.14679   0.17908   0.20313   0.00000   0.08667   0.03092   0.02215   0.13190   0.09444   0.15992   0.00000   0.01344   0.01935   0.03088   0.02087   0.00705   0.01192   0.05714   0.01482   0.01808   0.00000   0.00000   0.00000   0.00647   0.04782   0.01102   0.00000   0.00505   0.00000   0.01278   0.48470   0.66527   1.13182  
 66 648.1284   5295.708159  x:  0.10988   0.84749   0.43245   0.18365   0.49991   0.17689   0.37029   0.19124   0.14963   0.35537   0.00000   0.00009   0.00444   0.33482   0.18414   0.18499   1.36303   0.00000   0.28005   0.95885   0.00000   0.07031   0.01030   0.00000   0.01638   0.12625   0.14075   0.08103   0.31832   0.10309   0.01170   0.16394   0.15927   0.16538   0.19082   0.22185   0.00000   0.08835   0.03068   0.02203   0.15637   0.09251   0.16163   0.00000   0.02017   0.00869   0.02981   0.01675   0.01242   0.02154   0.01792   0.01546   0.01351   0.00000   0.00000   0.00000   0.01084   0.04572   0.03038   0.00000   0.00648   0.00000   0.00899   0.47945   0.69555   1.12899  
 67 601.8412   5295.708159  x:  0.10988   0.84749   0.43245   0.18365   0.49991   0.17689   0.37029   0.19124   0.14963   0.35537   0.00000   0.00009   0.00444   0.33482   0.18414   0.18499   1.36303   0.00000   0.28005   0.95885   0.00000   0.07031   0.01030   0.00000   0.01638   0.12625   0.14075   0.08103   0.31832   0.10309   0.01170   0.16394   0.15927   0.16538   0.19082   0.22185   0.00000   0.08835   0.03068   0.02203   0.15637   0.09251   0.16163   0.00000   0.02017   0.00869   0.02981   0.01675   0.01242   0.02154   0.01792   0.01546   0.01351   0.00000   0.00000   0.00000   0.01084   0.04572   0.03038   0.00000   0.00648   0.00000   0.00899   0.47945   0.69555   1.12899  
 68 27415.2601   5292.183368  x:  0.10988   0.84751   0.43245   0.18365   0.49991   0.17688   0.37029   0.19123   0.14963   0.35537   0.00019   0.00826   0.00444   0.33481   0.18412   0.18498   1.36307   0.00000   0.28004   0.95887   0.00000   0.07031   0.01039   0.00000   0.01644   0.12625   0.14074   0.08102   0.31831   0.10306   0.01170   0.16392   0.15926   0.16536   0.19082   0.22185   0.00000   0.08835   0.03067   0.02203   0.15635   0.09252   0.16163   0.00000   0.02019   0.00893   0.02985   0.01677   0.01237   0.02157   0.01789   0.01544   0.01349   0.00000   0.00000   0.00000   0.01080   0.04572   0.03041   0.00000   0.00649   0.00000   0.00905   0.47944   0.69555   1.12899  
 69 10849.5385   5291.952417  x:  0.10986   0.84753   0.43245   0.18363   0.49991   0.17686   0.37028   0.19122   0.14961   0.35537   0.00000   0.00827   0.00445   0.33480   0.18410   0.18497   1.36313   0.00000   0.28003   0.95890   0.00000   0.07029   0.01056   0.00000   0.01656   0.12626   0.14072   0.08099   0.31829   0.10302   0.01171   0.16389   0.15924   0.16534   0.19081   0.22184   0.00000   0.08834   0.03067   0.02204   0.15632   0.09252   0.16163   0.00000   0.02022   0.00938   0.02993   0.01681   0.01226   0.02161   0.01783   0.01540   0.01345   0.00000   0.00000   0.00000   0.01073   0.04572   0.03046   0.00000   0.00651   0.00000   0.00917   0.47944   0.69555   1.12899  
 70 397.7500   5290.492191  x:  0.10887   0.84931   0.43239   0.18244   0.50005   0.17518   0.36961   0.19028   0.14862   0.35499   0.00000   0.00835   0.00468   0.33360   0.18240   0.18379   1.36776   0.00000   0.27879   0.96144   0.00000   0.06922   0.01639   0.00000   0.02213   0.12652   0.13945   0.07925   0.31663   0.09991   0.01187   0.16158   0.15791   0.16356   0.18999   0.22104   0.00000   0.08802   0.03057   0.02229   0.15394   0.09290   0.16140   0.00000   0.02197   0.00672   0.03449   0.01885   0.00570   0.02411   0.01409   0.01337   0.01086   0.00000   0.00000   0.00000   0.00662   0.04550   0.03351   0.00000   0.00712   0.00000   0.01293   0.47849   0.69546   1.12889  
 71 200.5101   5288.658801  x:  0.10551   0.85552   0.43224   0.17841   0.50053   0.16950   0.36732   0.18714   0.14531   0.35370   0.00000   0.00845   0.00554   0.32947   0.17667   0.17978   1.38396   0.00000   0.27453   0.97030   0.00000   0.06577   0.01124   0.00000   0.02601   0.12748   0.13521   0.07362   0.31101   0.08965   0.01254   0.15389   0.15352   0.15766   0.18730   0.21834   0.00000   0.08699   0.03033   0.02284   0.14597   0.09409   0.16065   0.00000   0.02544   0.00760   0.04284   0.02089   0.00601   0.02852   0.00879   0.01148   0.00725   0.00000   0.00000   0.00000   0.00732   0.04494   0.03999   0.00000   0.00539   0.00000   0.00642   0.47497   0.69513   1.12857  
 72 142.6356   5286.597612  x:  0.10022   0.86571   0.43207   0.17205   0.50135   0.16049   0.36364   0.18222   0.14015   0.35161   0.00000   0.00858   0.00699   0.32282   0.16763   0.17337   1.41062   0.00000   0.26763   0.98485   0.00000   0.06121   0.00620   0.00000   0.02690   0.12882   0.12862   0.06533   0.30207   0.07407   0.01370   0.14196   0.14676   0.14852   0.18322   0.21408   0.00000   0.08552   0.03010   0.02332   0.13361   0.09580   0.15953   0.00000   0.02849   0.00735   0.05024   0.02118   0.01018   0.03209   0.01307   0.01279   0.00909   0.00000   0.00000   0.00000   0.00974   0.04428   0.04647   0.00000   0.00784   0.00000   0.01306   0.46959   0.69457   1.12802  
 73 383.4467   5284.805650  x:  0.09475   0.87703   0.43203   0.16546   0.50232   0.15108   0.35969   0.17717   0.13491   0.34936   0.00000   0.00869   0.00865   0.31569   0.15828   0.16657   1.44037   0.00000   0.26016   1.00105   0.00000   0.05801   0.01551   0.00000   0.02266   0.12994   0.12201   0.05792   0.29267   0.05942   0.01498   0.13007   0.14010   0.13942   0.17927   0.20964   0.00000   0.08425   0.03007   0.02336   0.12127   0.09733   0.15847   0.00000   0.02839   0.00680   0.05195   0.01884   0.01303   0.03165   0.01806   0.01545   0.01262   0.00000   0.00000   0.00000   0.01160   0.04396   0.04894   0.00000   0.00666   0.00000   0.00991   0.46414   0.69393   1.12741  
 74 494.7147   5282.849132  x:  0.08999   0.88915   0.43237   0.15970   0.50350   0.14269   0.35583   0.17293   0.13066   0.34710   0.00000   0.00879   0.01045   0.30872   0.15021   0.16021   1.47262   0.00000   0.25268   1.01846   0.00000   0.05776   0.01245   0.00000   0.01596   0.13081   0.11688   0.05505   0.28409   0.05214   0.01609   0.12119   0.13525   0.13261   0.17658   0.20570   0.00000   0.08373   0.03042   0.02278   0.11207   0.09811   0.15782   0.00000   0.02310   0.00783   0.04510   0.01657   0.00495   0.02523   0.01670   0.01451   0.01228   0.00000   0.00000   0.00000   0.00601   0.04444   0.04431   0.00000   0.00649   0.00000   0.00980   0.45991   0.69317   1.12674  
 75 267.0881   5281.294689  x:  0.08599   0.90254   0.43316   0.15488   0.50495   0.13544   0.35201   0.16956   0.12751   0.34478   0.00000   0.00886   0.01228   0.30186   0.14362   0.15428   1.50874   0.00000   0.24511   1.03781   0.00000   0.05975   0.01323   0.00000   0.02085   0.13143   0.11336   0.05677   0.27630   0.05341   0.01663   0.11590   0.13240   0.12842   0.17516   0.20226   0.00000   0.08392   0.03079   0.02240   0.10668   0.09820   0.15754   0.00000   0.01810   0.00742   0.03605   0.01936   0.00904   0.01970   0.01006   0.01156   0.00934   0.00000   0.00000   0.00000   0.00850   0.04538   0.03677   0.00000   0.00738   0.00000   0.01241   0.45734   0.69223   1.12597  
 76 264.9894   5278.797763  x:  0.08045   0.92907   0.43550   0.14859   0.50815   0.12537   0.34538   0.16554   0.12432   0.34055   0.00000   0.00899   0.01515   0.29007   0.13544   0.14486   1.58141   0.00000   0.23170   1.07637   0.00000   0.06545   0.01092   0.00000   0.03227   0.13186   0.11029   0.06613   0.26415   0.06831   0.01590   0.11394   0.13123   0.12617   0.17475   0.19734   0.00000   0.08525   0.03099   0.02285   0.10502   0.09730   0.15768   0.00000   0.02232   0.00772   0.02804   0.02343   0.00501   0.02588   0.01695   0.01500   0.01296   0.00000   0.00000   0.00000   0.00855   0.04700   0.02727   0.00000   0.00510   0.00000   0.00861   0.45638   0.69013   1.12439  
 77 275.4402   5276.174638  x:  0.07649   0.95760   0.43857   0.14493   0.51189   0.11859   0.33921   0.16356   0.12347   0.33637   0.00000   0.00910   0.01724   0.27929   0.13111   0.13703   1.66088   0.00000   0.21904   1.11814   0.00000   0.07104   0.01248   0.00000   0.02629   0.13132   0.10971   0.07627   0.25380   0.08491   0.01447   0.11759   0.13298   0.12783   0.17556   0.19379   0.00000   0.08688   0.03081   0.02315   0.10916   0.09584   0.15841   0.00000   0.02708   0.00763   0.03161   0.01789   0.00976   0.03032   0.01590   0.01477   0.00961   0.00000   0.00000   0.00000   0.00265   0.04713   0.02915   0.00000   0.01228   0.00000   0.00776   0.45809   0.68755   1.12261  
 78 408.9642   5274.374448  x:  0.07354   0.98262   0.44140   0.14261   0.51523   0.11383   0.33411   0.16245   0.12339   0.33283   0.00000   0.00920   0.01873   0.27048   0.12856   0.13089   1.73104   0.00000   0.20855   1.15486   0.00000   0.07516   0.01406   0.00000   0.01815   0.13066   0.10979   0.08435   0.24550   0.09826   0.01333   0.12182   0.13508   0.13006   0.17645   0.19118   0.00000   0.08823   0.03060   0.02327   0.11378   0.09457   0.15915   0.00000   0.03022   0.00751   0.03617   0.01298   0.00712   0.03285   0.01354   0.01366   0.00643   0.00000   0.00000   0.00000   0.00977   0.04682   0.03295   0.00000   0.01388   0.00000   0.00991   0.46019   0.68518   1.12102  
 79 1468.3180   5272.558079  x:  0.07266   1.00281   0.44402   0.14356   0.51814   0.11370   0.33104   0.16342   0.12516   0.33041   0.00000   0.00927   0.01880   0.26555   0.13028   0.12839   1.78943   0.00000   0.20231   1.18491   0.00000   0.07488   0.01429   0.00000   0.01288   0.12986   0.11126   0.08707   0.24127   0.10352   0.01333   0.12716   0.13786   0.13351   0.17734   0.19058   0.00000   0.08871   0.03033   0.02292   0.11926   0.09384   0.15997   0.00000   0.02817   0.00738   0.04059   0.01892   0.00880   0.02940   0.01132   0.01232   0.01190   0.00000   0.00000   0.00000   0.00817   0.04538   0.03966   0.00000   0.00489   0.00000   0.01302   0.46326   0.68284   1.11964  
 80 441.8225   5269.713884  x:  0.07367   1.03692   0.44897   0.15010   0.52331   0.11986   0.32787   0.16818   0.13104   0.32723   0.00000   0.00937   0.01697   0.26150   0.13947   0.12876   1.89175   0.00000   0.19613   1.23649   0.00000   0.06797   0.01331   0.00000   0.01986   0.12830   0.11583   0.08404   0.23883   0.10106   0.01411   0.13804   0.14372   0.14126   0.17893   0.19228   0.00000   0.08830   0.03001   0.02187   0.12998   0.09337   0.16156   0.00000   0.01640   0.00756   0.04628   0.02151   0.00629   0.01495   0.01684   0.01438   0.01473   0.00000   0.00000   0.00000   0.00920   0.04215   0.05078   0.00000   0.00898   0.00000   0.00896   0.46986   0.67799   1.11712  
 81 437.3828   5267.202192  x:  0.07652   1.06499   0.45337   0.15988   0.52759   0.13025   0.32767   0.17457   0.13756   0.32589   0.00000   0.00945   0.01420   0.26322   0.15165   0.13389   1.98149   0.00000   0.19607   1.28021   0.00000   0.05963   0.01272   0.00000   0.02392   0.12710   0.12085   0.07472   0.24249   0.08908   0.01327   0.14576   0.14823   0.14768   0.18021   0.19622   0.00000   0.08688   0.03049   0.02201   0.13727   0.09389   0.16254   0.00000   0.01260   0.00737   0.04159   0.01239   0.00780   0.02212   0.01607   0.01507   0.01176   0.00000   0.00000   0.00000   0.00760   0.04348   0.04673   0.00000   0.00326   0.00000   0.01090   0.47577   0.67271   1.11479  
 82 358.5317   5265.026023  x:  0.08012   1.09438   0.45801   0.17166   0.53194   0.14283   0.32860   0.18202   0.14466   0.32518   0.00000   0.00953   0.01114   0.26735   0.16569   0.14118   2.07873   0.00000   0.19815   1.32676   0.00000   0.05207   0.01334   0.00000   0.02084   0.12595   0.12641   0.06302   0.24904   0.07361   0.01247   0.15278   0.15252   0.15406   0.18163   0.20132   0.00000   0.08516   0.03103   0.02245   0.14374   0.09473   0.16330   0.00000   0.01968   0.00734   0.03356   0.01714   0.00698   0.03035   0.01165   0.01365   0.01386   0.00000   0.00000   0.00000   0.00870   0.04622   0.03808   0.00000   0.00933   0.00000   0.01026   0.48179   0.66644   1.11219  
 83 846.3880   5264.344441  x:  0.08124   1.10108   0.45892   0.17547   0.53251   0.14676   0.33037   0.18401   0.14575   0.32613   0.00000   0.00954   0.01100   0.27132   0.16922   0.14479   2.10648   0.00000   0.20111   1.33865   0.00000   0.05580   0.01357   0.00000   0.01978   0.12620   0.12761   0.06067   0.25423   0.07031   0.01337   0.15215   0.15241   0.15442   0.18226   0.20339   0.00000   0.08494   0.03078   0.02261   0.14299   0.09505   0.16319   0.00000   0.02557   0.00732   0.03442   0.01979   0.00767   0.02702   0.01541   0.01297   0.00710   0.00000   0.00000   0.00000   0.00826   0.04662   0.03437   0.00000   0.00731   0.00000   0.01079   0.48208   0.66373   1.11135  
 84 182.5263   5263.579932  x:  0.08266   1.10690   0.45929   0.18092   0.53192   0.15211   0.33540   0.18613   0.14518   0.32947   0.00000   0.00954   0.01170   0.28144   0.17250   0.15189   2.14427   0.00000   0.20893   1.35214   0.00000   0.06760   0.01289   0.00000   0.02205   0.12751   0.12826   0.06056   0.26682   0.06956   0.01453   0.14667   0.14989   0.15219   0.18357   0.20705   0.00000   0.08525   0.03009   0.02269   0.13748   0.09549   0.16260   0.00000   0.03027   0.00734   0.03852   0.01537   0.00763   0.02236   0.01243   0.01386   0.01193   0.00000   0.00000   0.00000   0.00833   0.04558   0.03194   0.00000   0.00673   0.00000   0.01102   0.47974   0.65826   1.11001  
 85 129.8935   5262.817066  x:  0.08384   1.10974   0.45878   0.18594   0.52989   0.15694   0.34260   0.18737   0.14267   0.33443   0.00000   0.00953   0.01160   0.29501   0.17393   0.15993   2.18381   0.00000   0.21911   1.36354   0.00000   0.07642   0.01311   0.00000   0.02022   0.12892   0.12785   0.06360   0.28315   0.07270   0.01317   0.13866   0.14606   0.14822   0.18522   0.21112   0.00000   0.08603   0.03025   0.02256   0.12965   0.09567   0.16177   0.00000   0.02178   0.00744   0.03933   0.01881   0.00744   0.02814   0.01385   0.01366   0.01115   0.00000   0.00000   0.00000   0.00877   0.04388   0.03534   0.00000   0.00829   0.00000   0.01047   0.47537   0.65084   1.10839  
 86 138.6459   5262.381473  x:  0.08384   1.10611   0.45693   0.18659   0.52611   0.15782   0.34932   0.18604   0.13849   0.33924   0.00000   0.00949   0.00870   0.30595   0.17100   0.16357   2.21050   0.00000   0.22612   1.36649   0.00000   0.06630   0.01345   0.00000   0.02019   0.12883   0.12557   0.06808   0.29491   0.07850   0.01454   0.13520   0.14428   0.14559   0.18612   0.21315   0.00000   0.08667   0.03122   0.02299   0.12657   0.09508   0.16076   0.00000   0.02522   0.00751   0.03430   0.01765   0.00740   0.02609   0.01381   0.01383   0.01047   0.00000   0.00000   0.00000   0.00853   0.04607   0.04171   0.00000   0.00770   0.00000   0.01082   0.47102   0.64308   1.10690  
 87 57.4167   5262.135697  x:  0.08357   1.09969   0.45481   0.18472   0.52209   0.15699   0.35422   0.18395   0.13553   0.34311   0.00000   0.00945   0.00875   0.31286   0.16726   0.16380   2.22834   0.00000   0.22965   1.36492   0.00000   0.05851   0.01368   0.00000   0.01947   0.12827   0.12310   0.06979   0.30088   0.08047   0.01250   0.13635   0.14462   0.14502   0.18612   0.21368   0.00000   0.08679   0.03001   0.02240   0.12801   0.09455   0.15992   0.00000   0.02415   0.00755   0.03950   0.01781   0.00740   0.02508   0.01394   0.01337   0.01104   0.00000   0.00000   0.00000   0.00863   0.04604   0.03605   0.00000   0.00771   0.00000   0.01083   0.46831   0.63610   1.10560  
 88 47.3844   5261.902150  x:  0.08366   1.08691   0.45145   0.18033   0.51572   0.15509   0.35991   0.18072   0.13337   0.34783   0.00000   0.00938   0.01048   0.31934   0.16218   0.16125   2.25040   0.00000   0.23184   1.35854   0.00000   0.05953   0.01365   0.00000   0.01937   0.12756   0.12010   0.06847   0.30420   0.07808   0.01822   0.14176   0.14702   0.14663   0.18539   0.21332   0.00000   0.08640   0.03072   0.02346   0.13343   0.09437   0.15917   0.00000   0.02339   0.00759   0.03947   0.01840   0.00735   0.02614   0.01310   0.01581   0.01053   0.00000   0.00000   0.00000   0.00863   0.04423   0.03523   0.00000   0.00788   0.00000   0.01101   0.46635   0.62566   1.10361  
 89 39.5347   5261.669079  x:  0.08420   1.07322   0.44816   0.17607   0.50938   0.15337   0.36498   0.17783   0.13218   0.35194   0.00000   0.00930   0.01121   0.32454   0.15789   0.15827   2.27186   0.00000   0.23333   1.35106   0.00000   0.06268   0.01354   0.00000   0.02019   0.12706   0.11792   0.06684   0.30602   0.07476   0.01598   0.14660   0.14915   0.14821   0.18468   0.21280   0.00000   0.08604   0.03109   0.02321   0.13829   0.09440   0.15869   0.00000   0.02390   0.00763   0.03745   0.01777   0.00739   0.02641   0.01434   0.01174   0.01120   0.00000   0.00000   0.00000   0.00865   0.04362   0.03679   0.00000   0.00781   0.00000   0.01070   0.46557   0.61524   1.10155  
 90 107.4167   5261.562742  x:  0.08491   1.06570   0.44660   0.17431   0.50629   0.15279   0.36708   0.17678   0.13234   0.35350   0.00000   0.00925   0.01063   0.32624   0.15657   0.15674   2.28267   0.00000   0.23372   1.34659   0.00000   0.06427   0.01345   0.00000   0.02038   0.12699   0.11762   0.06629   0.30603   0.07330   0.01235   0.14806   0.14979   0.14884   0.18447   0.21251   0.00000   0.08595   0.03083   0.02255   0.13973   0.09453   0.15866   0.00000   0.02426   0.00763   0.03654   0.01811   0.00734   0.02606   0.01360   0.01423   0.01066   0.00000   0.00000   0.00000   0.00857   0.04436   0.03778   0.00000   0.00766   0.00000   0.01091   0.46596   0.61004   1.10043  
 91 88.4208   5261.212302  x:  0.09108   1.03336   0.44176   0.17172   0.49610   0.15337   0.37101   0.17653   0.13893   0.35515   0.00000   0.00905   0.00331   0.32544   0.15916   0.15174   2.32337   0.00000   0.23294   1.32480   0.00000   0.06585   0.01340   0.00000   0.02031   0.12806   0.12312   0.06733   0.29960   0.07302   0.01478   0.14490   0.14862   0.15003   0.18517   0.21135   0.00000   0.08646   0.02832   0.02127   0.13591   0.09583   0.16020   0.00000   0.02313   0.00758   0.03815   0.01823   0.00736   0.02623   0.01381   0.01386   0.01100   0.00000   0.00000   0.00000   0.00866   0.05145   0.03742   0.00000   0.00783   0.00000   0.01073   0.47313   0.59164   1.09557  
 92 42.4956   5260.958110  x:  0.09613   1.00746   0.43823   0.17118   0.48940   0.15470   0.37239   0.17754   0.14490   0.35560   0.00000   0.00888   0.00740   0.32288   0.16333   0.14945   2.35527   0.00000   0.23249   1.30633   0.00000   0.06391   0.01347   0.00000   0.02009   0.12874   0.12780   0.06798   0.29378   0.07451   0.01392   0.14086   0.14698   0.14988   0.18576   0.21058   0.00000   0.08668   0.03237   0.02513   0.13165   0.09615   0.16123   0.00000   0.02368   0.00755   0.03821   0.01808   0.00737   0.02582   0.01375   0.01385   0.01090   0.00000   0.00000   0.00000   0.00863   0.04725   0.03694   0.00000   0.00780   0.00000   0.01077   0.47875   0.57887   1.09149  
 93 86.5005   5260.888091  x:  0.09716   1.00024   0.43734   0.17214   0.48858   0.15495   0.37169   0.17818   0.14548   0.35478   0.00000   0.00883   0.00875   0.32110   0.16452   0.15014   2.36425   0.00000   0.23258   1.30041   0.00000   0.06324   0.01350   0.00000   0.02009   0.12863   0.12839   0.06749   0.29243   0.07539   0.01433   0.14011   0.14668   0.14930   0.18570   0.21050   0.00000   0.08646   0.03048   0.02158   0.13103   0.09549   0.16124   0.00000   0.02433   0.00756   0.03748   0.01797   0.00738   0.02610   0.01367   0.01388   0.01069   0.00000   0.00000   0.00000   0.00860   0.04396   0.03708   0.00000   0.00778   0.00000   0.01083   0.47870   0.57693   1.09014  
 94 37.3638   5260.759039  x:  0.09766   0.98537   0.43575   0.17761   0.49061   0.15454   0.36675   0.18018   0.14192   0.34979   0.00000   0.00868   0.00761   0.31429   0.16584   0.15581   2.38363   0.00000   0.23333   1.28532   0.00000   0.06361   0.01357   0.00000   0.02003   0.12754   0.12655   0.06491   0.29138   0.07740   0.01388   0.14073   0.14689   0.14669   0.18485   0.21083   0.00000   0.08552   0.02751   0.02485   0.13274   0.09304   0.16048   0.00000   0.02427   0.00766   0.03716   0.01799   0.00732   0.02601   0.01364   0.01381   0.01068   0.00000   0.00000   0.00000   0.00858   0.04298   0.03716   0.00000   0.00777   0.00000   0.01092   0.47357   0.57899   1.08646  
 95 22.2673   5260.672744  x:  0.09773   0.97529   0.43486   0.18144   0.49286   0.15432   0.36285   0.18155   0.13905   0.34618   0.00000   0.00857   0.00797   0.30964   0.16646   0.15994   2.39734   0.00000   0.23362   1.27414   0.00000   0.06397   0.01358   0.00000   0.02007   0.12701   0.12492   0.06419   0.29130   0.07798   0.01395   0.14148   0.14718   0.14540   0.18443   0.21119   0.00000   0.08538   0.03163   0.02290   0.13399   0.09236   0.16002   0.00000   0.02407   0.00774   0.03790   0.01807   0.00732   0.02598   0.01369   0.01380   0.01081   0.00000   0.00000   0.00000   0.00861   0.04508   0.03704   0.00000   0.00777   0.00000   0.01094   0.46986   0.58199   1.08364  
 96 56.0528   5260.613867  x:  0.09740   0.96957   0.43505   0.18259   0.49624   0.15466   0.35985   0.18197   0.13744   0.34449   0.00000   0.00846   0.01142   0.30829   0.16584   0.16153   2.40737   0.00000   0.23249   1.26477   0.00000   0.06363   0.01359   0.00000   0.02017   0.12789   0.12364   0.06785   0.29321   0.07554   0.01412   0.14202   0.14744   0.14704   0.18495   0.21172   0.00000   0.08686   0.03005   0.02294   0.13381   0.09589   0.16024   0.00000   0.02397   0.00777   0.03780   0.01812   0.00732   0.02601   0.01374   0.01379   0.01083   0.00000   0.00000   0.00000   0.00861   0.04717   0.03747   0.00000   0.00776   0.00000   0.01094   0.46976   0.58813   1.08089  
 97 15.9714   5260.561891  x:  0.09708   0.96593   0.43598   0.18214   0.50005   0.15499   0.35772   0.18171   0.13649   0.34353   0.00000   0.00835   0.00831   0.30884   0.16440   0.16120   2.41632   0.00000   0.23032   1.25559   0.00000   0.06366   0.01359   0.00000   0.02022   0.12885   0.12262   0.07017   0.29585   0.07380   0.01398   0.14205   0.14751   0.14926   0.18554   0.21229   0.00000   0.08737   0.03098   0.02307   0.13298   0.09766   0.16035   0.00000   0.02426   0.00777   0.03776   0.01810   0.00734   0.02610   0.01369   0.01381   0.01077   0.00000   0.00000   0.00000   0.00860   0.04424   0.03698   0.00000   0.00774   0.00000   0.01097   0.47137   0.59602   1.07782  
 98 18.0978   5260.491371  x:  0.09672   0.96337   0.43846   0.17896   0.50603   0.15589   0.35627   0.18088   0.13761   0.34457   0.00000   0.00816   0.00900   0.31254   0.16310   0.15855   2.42907   0.00000   0.22677   1.24133   0.00000   0.06372   0.01359   0.00000   0.02025   0.12882   0.12158   0.06679   0.29962   0.07539   0.01406   0.14115   0.14715   0.15030   0.18562   0.21293   0.00000   0.08523   0.03074   0.02291   0.13186   0.09351   0.15990   0.00000   0.02406   0.00777   0.03781   0.01811   0.00732   0.02605   0.01368   0.01383   0.01077   0.00000   0.00000   0.00000   0.00860   0.04533   0.03718   0.00000   0.00776   0.00000   0.01095   0.47580   0.60992   1.07228  
 99 15.6128   5260.444111  x:  0.09665   0.96605   0.44093   0.17663   0.50826   0.15541   0.35868   0.18062   0.14004   0.34747   0.00000   0.00798   0.00832   0.31573   0.16496   0.15664   2.43663   0.00000   0.22730   1.23167   0.00000   0.06377   0.01361   0.00000   0.02032   0.12685   0.12462   0.06562   0.29725   0.07620   0.01408   0.14148   0.14683   0.14518   0.18546   0.21174   0.00000   0.08814   0.03073   0.02295   0.13386   0.09573   0.15973   0.00000   0.02409   0.00786   0.03781   0.01814   0.00729   0.02605   0.01367   0.01380   0.01078   0.00000   0.00000   0.00000   0.00859   0.04521   0.03718   0.00000   0.00774   0.00000   0.01101   0.47328   0.61834   1.06671  
100  6.7790   5260.401660  x:  0.09568   0.97142   0.44291   0.17587   0.50817   0.15432   0.36193   0.18084   0.14139   0.35028   0.00000   0.00779   0.00810   0.31673   0.16632   0.15626   2.44239   0.00000   0.23049   1.22361   0.00000   0.06373   0.01368   0.00000   0.02038   0.12832   0.12683   0.06795   0.29281   0.07530   0.01397   0.14184   0.14703   0.14630   0.18567   0.21056   0.00000   0.08388   0.03071   0.02310   0.13347   0.09456   0.16064   0.00000   0.02419   0.00798   0.03789   0.01818   0.00728   0.02609   0.01369   0.01376   0.01079   0.00000   0.00000   0.00000   0.00858   0.04533   0.03723   0.00000   0.00771   0.00000   0.01109   0.46916   0.62280   1.06000  
101  7.0849   5260.337752  x:  0.09320   0.98161   0.44489   0.17643   0.50566   0.15320   0.36518   0.18135   0.14138   0.35251   0.00000   0.00748   0.00801   0.31492   0.16575   0.15679   2.44920   0.00000   0.23589   1.21362   0.00000   0.06361   0.01376   0.00000   0.02045   0.13006   0.12554   0.06555   0.28848   0.07648   0.01375   0.14117   0.14760   0.15245   0.18518   0.21046   0.00000   0.08874   0.03068   0.02317   0.13123   0.09348   0.16167   0.00000   0.02419   0.00812   0.03800   0.01823   0.00724   0.02608   0.01368   0.01373   0.01079   0.00000   0.00000   0.00000   0.00857   0.04539   0.03729   0.00000   0.00769   0.00000   0.01117   0.46812   0.62390   1.04800  
102  7.9526   5260.180491  x:  0.08895   1.00602   0.44737   0.17924   0.49799   0.15319   0.36637   0.18154   0.13918   0.35209   0.00000   0.00672   0.00791   0.30785   0.16246   0.15729   2.46213   0.00000   0.24277   1.19550   0.00000   0.06407   0.01379   0.00000   0.02072   0.12579   0.12095   0.06509   0.28840   0.07765   0.01402   0.13976   0.14733   0.15002   0.18464   0.21226   0.00000   0.08459   0.03082   0.02273   0.13257   0.09875   0.16089   0.00000   0.02408   0.00832   0.03812   0.01832   0.00716   0.02603   0.01359   0.01376   0.01074   0.00000   0.00000   0.00000   0.00854   0.04503   0.03731   0.00000   0.00768   0.00000   0.01128   0.47840   0.61743   1.01651  
103 10.8951   5260.032735  x:  0.08851   1.02463   0.44774   0.17986   0.49285   0.15462   0.36262   0.18064   0.13839   0.34814   0.00000   0.00606   0.00831   0.30449   0.16284   0.15519   2.47225   0.00000   0.24035   1.18467   0.00000   0.06416   0.01389   0.00000   0.02121   0.12857   0.12184   0.06997   0.29355   0.07333   0.01441   0.14155   0.14633   0.14438   0.18501   0.21291   0.00000   0.08843   0.03079   0.02280   0.13348   0.09093   0.15897   0.00000   0.02423   0.00861   0.03822   0.01851   0.00713   0.02627   0.01355   0.01375   0.01069   0.00000   0.00000   0.00000   0.00851   0.04494   0.03730   0.00000   0.00762   0.00000   0.01144   0.48068   0.60819   0.98581  
104 17.1576   5259.824403  x:  0.09081   1.04164   0.44543   0.17773   0.49099   0.15616   0.35413   0.17926   0.13902   0.34108   0.00000   0.00525   0.00911   0.30662   0.16626   0.15198   2.48442   0.00000   0.22830   1.17984   0.00000   0.06388   0.01422   0.00000   0.02150   0.13286   0.12518   0.06522   0.30168   0.07654   0.01403   0.14267   0.14594   0.14693   0.18471   0.21219   0.00000   0.08592   0.03065   0.02299   0.13091   0.09650   0.15779   0.00000   0.02428   0.00921   0.03844   0.01870   0.00698   0.02628   0.01351   0.01359   0.01068   0.00000   0.00000   0.00000   0.00843   0.04526   0.03743   0.00000   0.00754   0.00000   0.01183   0.47165   0.59479   0.94124  
105 17.8328   5259.518870  x:  0.09252   1.04511   0.43869   0.17731   0.50068   0.15289   0.34914   0.18114   0.13914   0.33911   0.00000   0.00448   0.00949   0.31667   0.16359   0.15996   2.49981   0.00000   0.21736   1.19409   0.00000   0.06459   0.01432   0.00000   0.02253   0.11864   0.12618   0.06719   0.29685   0.07442   0.01400   0.13474   0.14795   0.15186   0.18645   0.20892   0.00000   0.08669   0.03062   0.02306   0.13222   0.09354   0.16547   0.00000   0.02456   0.00996   0.03895   0.01906   0.00684   0.02655   0.01342   0.01349   0.01067   0.00000   0.00000   0.00000   0.00836   0.04521   0.03751   0.00000   0.00739   0.00000   0.01223   0.47008   0.58549   0.87646  
106 14.0914   5258.993849  x:  0.09439   1.03725   0.42896   0.17740   0.51982   0.14769   0.35029   0.18386   0.13831   0.34276   0.00000   0.00357   0.00899   0.32575   0.15719   0.17441   2.52649   0.00000   0.21173   1.23238   0.00000   0.06450   0.01496   0.00000   0.02342   0.13516   0.12241   0.06516   0.28239   0.07671   0.01419   0.13858   0.14703   0.14442   0.18552   0.20587   0.00000   0.08669   0.03077   0.02263   0.13210   0.09562   0.16563   0.00000   0.02457   0.01110   0.03943   0.01954   0.00654   0.02661   0.01322   0.01338   0.01051   0.00000   0.00000   0.00000   0.00821   0.04488   0.03774   0.00000   0.00726   0.00000   0.01293   0.48122   0.58086   0.76478  
107 33.4817   5258.497681  x:  0.09597   1.02129   0.43002   0.17209   0.52390   0.15116   0.35967   0.17819   0.13791   0.34738   0.00000   0.00357   0.00864   0.30785   0.16317   0.16333   2.55291   0.00000   0.21925   1.27451   0.00000   0.06524   0.01535   0.00000   0.02469   0.12676   0.11971   0.06825   0.28434   0.07590   0.01413   0.14383   0.14134   0.14745   0.18166   0.21178   0.00000   0.08671   0.03060   0.02275   0.12470   0.09517   0.14985   0.00000   0.02467   0.01233   0.04005   0.02006   0.00627   0.02687   0.01307   0.01322   0.01045   0.00000   0.00000   0.00000   0.00808   0.04502   0.03803   0.00000   0.00707   0.00000   0.01363   0.48052   0.58982   0.66719  
108 25.2055   5258.249761  x:  0.09482   1.01331   0.43556   0.17256   0.51822   0.15203   0.36177   0.17688   0.13737   0.34731   0.00000   0.00401   0.00918   0.29751   0.16355   0.15116   2.56765   0.00000   0.22499   1.29439   0.00000   0.06506   0.01566   0.00000   0.02526   0.13170   0.12037   0.06671   0.29057   0.07574   0.01420   0.13400   0.14644   0.14606   0.18381   0.21363   0.00000   0.08652   0.03057   0.02272   0.13182   0.09531   0.16094   0.00000   0.02488   0.01298   0.04032   0.02032   0.00614   0.02701   0.01299   0.01312   0.01040   0.00000   0.00000   0.00000   0.00800   0.04487   0.03802   0.00000   0.00697   0.00000   0.01402   0.47872   0.59689   0.62445  
109 23.0720   5258.066760  x:  0.09058   1.01136   0.44491   0.18020   0.50544   0.14874   0.35466   0.18136   0.13689   0.34254   0.00000   0.00493   0.01011   0.30278   0.15835   0.14626   2.58107   0.00000   0.22736   1.30330   0.00000   0.06509   0.01581   0.00000   0.02575   0.12940   0.12440   0.06488   0.29121   0.07602   0.01412   0.14158   0.14503   0.14442   0.18632   0.20519   0.00000   0.08646   0.03060   0.02271   0.12507   0.09527   0.16661   0.00000   0.02494   0.01344   0.04051   0.02051   0.00604   0.02708   0.01294   0.01306   0.01036   0.00000   0.00000   0.00000   0.00794   0.04475   0.03809   0.00000   0.00689   0.00000   0.01428   0.48048   0.60146   0.60891  
110  7.7338   5257.883194  x:  0.08574   1.01359   0.45245   0.18234   0.49423   0.14797   0.34690   0.18224   0.13843   0.33825   0.00000   0.00611   0.01006   0.31214   0.15935   0.14960   2.59592   0.00000   0.22393   1.30739   0.00000   0.06520   0.01603   0.00000   0.02611   0.13160   0.12186   0.06654   0.28556   0.07580   0.01422   0.13479   0.14219   0.14727   0.18349   0.20356   0.00000   0.08661   0.03057   0.02260   0.13150   0.09545   0.15521   0.00000   0.02486   0.01392   0.04068   0.02069   0.00594   0.02711   0.01288   0.01300   0.01032   0.00000   0.00000   0.00000   0.00789   0.04487   0.03824   0.00000   0.00684   0.00000   0.01455   0.48174   0.60270   0.60896  
111  7.7446   5257.641541  x:  0.08599   1.02187   0.45431   0.17449   0.49228   0.15125   0.34675   0.17656   0.13921   0.33923   0.00000   0.00776   0.00946   0.31357   0.16231   0.16217   2.61689   0.00000   0.21254   1.30799   0.00000   0.06544   0.01630   0.00000   0.02661   0.13124   0.11512   0.06825   0.27890   0.07622   0.01416   0.13708   0.15029   0.14303   0.18093   0.21814   0.00000   0.08657   0.03054   0.02266   0.12546   0.09553   0.15848   0.00000   0.02506   0.01459   0.04110   0.02093   0.00583   0.02721   0.01281   0.01293   0.01027   0.00000   0.00000   0.00000   0.00782   0.04479   0.03834   0.00000   0.00677   0.00000   0.01492   0.48148   0.59858   0.63005  
112  8.0672   5257.359922  x:  0.09252   1.03363   0.44651   0.16825   0.50514   0.15122   0.35632   0.17531   0.13623   0.34543   0.00000   0.00946   0.00977   0.30271   0.15719   0.17344   2.64129   0.00000   0.20240   1.30754   0.00000   0.06534   0.01660   0.00000   0.02728   0.13185   0.12129   0.06595   0.28180   0.07608   0.01429   0.13789   0.13631   0.14512   0.18404   0.21651   0.00000   0.08649   0.03055   0.02256   0.12896   0.09568   0.16200   0.00000   0.02510   0.01535   0.04127   0.02120   0.00569   0.02730   0.01271   0.01282   0.01020   0.00000   0.00000   0.00000   0.00772   0.04472   0.03835   0.00000   0.00666   0.00000   0.01533   0.48256   0.59025   0.67060  
113 13.2469   5257.176618  x:  0.09354   1.04037   0.43513   0.16848   0.51959   0.14825   0.36136   0.17828   0.13613   0.34791   0.00000   0.01030   0.00960   0.29699   0.15809   0.17094   2.65717   0.00000   0.20273   1.30881   0.00000   0.06536   0.01678   0.00000   0.02772   0.13208   0.12254   0.06571   0.28625   0.07575   0.01423   0.13514   0.14719   0.14438   0.18456   0.20413   0.00000   0.08652   0.03054   0.02253   0.12617   0.09583   0.15604   0.00000   0.02507   0.01585   0.04151   0.02138   0.00561   0.02737   0.01267   0.01279   0.01017   0.00000   0.00000   0.00000   0.00766   0.04473   0.03849   0.00000   0.00660   0.00000   0.01558   0.48463   0.58397   0.70631  
114 16.2214   5256.991215  x:  0.09252   1.04328   0.42232   0.17339   0.53514   0.14511   0.35630   0.17874   0.13856   0.34379   0.00000   0.01057   0.00921   0.30109   0.16417   0.15268   2.67257   0.00000   0.21495   1.31513   0.00000   0.06547   0.01700   0.00000   0.02808   0.13179   0.11432   0.06732   0.28391   0.07625   0.01427   0.13669   0.14162   0.14398   0.18124   0.20636   0.00000   0.08655   0.03052   0.02250   0.12672   0.09578   0.16023   0.00000   0.02519   0.01637   0.04166   0.02153   0.00554   0.02744   0.01260   0.01272   0.01010   0.00000   0.00000   0.00000   0.00760   0.04464   0.03844   0.00000   0.00656   0.00000   0.01585   0.48518   0.57871   0.75552  
115 11.7320   5256.874851  x:  0.09868   1.04178   0.42421   0.17614   0.53829   0.14606   0.35102   0.17701   0.13629   0.34090   0.00000   0.01032   0.01022   0.30279   0.15559   0.14458   2.68187   0.00000   0.22309   1.32359   0.00000   0.06528   0.01713   0.00000   0.02836   0.13150   0.12097   0.06646   0.27987   0.07626   0.01425   0.13535   0.14423   0.14414   0.18247   0.21412   0.00000   0.08644   0.03049   0.02252   0.12653   0.09580   0.15664   0.00000   0.02512   0.01672   0.04181   0.02164   0.00549   0.02743   0.01259   0.01269   0.01009   0.00000   0.00000   0.00000   0.00756   0.04468   0.03860   0.00000   0.00651   0.00000   0.01602   0.48456   0.57866   0.79397  
116 11.7058   5256.556950  x:  0.08922   1.02500   0.44968   0.16716   0.51651   0.15568   0.34800   0.17912   0.13377   0.34004   0.00000   0.00851   0.00992   0.29746   0.15744   0.14658   2.70624   0.00000   0.22378   1.35951   0.00000   0.06526   0.01753   0.00000   0.02896   0.13076   0.11772   0.06633   0.28057   0.07615   0.01424   0.13494   0.14318   0.14317   0.18602   0.20499   0.00000   0.08640   0.03042   0.02253   0.12599   0.09574   0.15952   0.00000   0.02520   0.01769   0.04213   0.02187   0.00541   0.02751   0.01252   0.01259   0.01001   0.00000   0.00000   0.00000   0.00746   0.04463   0.03868   0.00000   0.00643   0.00000   0.01647   0.48444   0.58978   0.91758  
117 11.0427   5256.500129  x:  0.08598   1.02184   0.45216   0.17310   0.51010   0.14644   0.35085   0.17671   0.13557   0.34158   0.00000   0.00816   0.01032   0.29607   0.15960   0.14765   2.71070   0.00000   0.21924   1.36609   0.00000   0.06517   0.01758   0.00000   0.02911   0.13073   0.12044   0.06623   0.28358   0.07575   0.01426   0.13480   0.14335   0.14367   0.18231   0.20788   0.00000   0.08639   0.03046   0.02247   0.12582   0.09576   0.15971   0.00000   0.02518   0.01785   0.04211   0.02191   0.00540   0.02753   0.01250   0.01258   0.00998   0.00000   0.00000   0.00000   0.00743   0.04460   0.03866   0.00000   0.00642   0.00000   0.01653   0.48570   0.59360   0.93951  
118 10.3848   5256.492553  x:  0.08699   1.02182   0.45064   0.17555   0.50801   0.14688   0.35271   0.17816   0.13787   0.34159   0.00000   0.00811   0.01041   0.29579   0.15789   0.14706   2.71164   0.00000   0.21713   1.36685   0.00000   0.06516   0.01760   0.00000   0.02912   0.13067   0.11859   0.06644   0.28350   0.07574   0.01425   0.13476   0.14325   0.14338   0.18300   0.20847   0.00000   0.08637   0.03044   0.02251   0.12581   0.09576   0.15927   0.00000   0.02518   0.01790   0.04212   0.02191   0.00541   0.02753   0.01251   0.01257   0.00999   0.00000   0.00000   0.00000   0.00743   0.04463   0.03867   0.00000   0.00642   0.00000   0.01655   0.48473   0.59504   0.94200  
119  2.2180   5256.484262  x:  0.08983   1.02257   0.44625   0.17665   0.50447   0.14765   0.35386   0.17662   0.13538   0.34060   0.00000   0.00810   0.01066   0.29648   0.15901   0.14693   2.71374   0.00000   0.21616   1.36740   0.00000   0.06521   0.01763   0.00000   0.02909   0.13066   0.11813   0.06628   0.28247   0.07581   0.01425   0.13462   0.14328   0.14345   0.18397   0.20758   0.00000   0.08639   0.03044   0.02249   0.12573   0.09575   0.15942   0.00000   0.02516   0.01793   0.04209   0.02188   0.00544   0.02752   0.01252   0.01258   0.00998   0.00000   0.00000   0.00000   0.00742   0.04463   0.03865   0.00000   0.00643   0.00000   0.01654   0.48528   0.59767   0.94336  
120  1.0528   5256.464822  x:  0.08894   1.02395   0.43827   0.17386   0.50018   0.14899   0.35184   0.17725   0.13700   0.33989   0.00000   0.00810   0.01051   0.29610   0.15748   0.14880   2.71991   0.00000   0.21757   1.36805   0.00000   0.06514   0.01770   0.00000   0.02900   0.13056   0.12079   0.06639   0.28289   0.07588   0.01424   0.13468   0.14337   0.14353   0.18079   0.20758   0.00000   0.08635   0.03046   0.02248   0.12582   0.09571   0.16011   0.00000   0.02506   0.01806   0.04198   0.02180   0.00552   0.02745   0.01255   0.01260   0.00997   0.00000   0.00000   0.00000   0.00741   0.04462   0.03860   0.00000   0.00647   0.00000   0.01651   0.48536   0.60049   0.94462  
121  1.2202   5256.369952  x:  0.09424   1.02928   0.43448   0.16733   0.49683   0.13933   0.34440   0.18070   0.14130   0.34354   0.00000   0.00819   0.00990   0.29490   0.15911   0.15199   2.75108   0.00000   0.22101   1.36795   0.00000   0.06478   0.01806   0.00000   0.02863   0.13017   0.11849   0.06561   0.28471   0.07496   0.01420   0.13531   0.14336   0.14342   0.18919   0.20884   0.00000   0.08622   0.03043   0.02253   0.12625   0.09562   0.15886   0.00000   0.02455   0.01874   0.04146   0.02137   0.00599   0.02717   0.01275   0.01270   0.00994   0.00000   0.00000   0.00000   0.00736   0.04473   0.03839   0.00000   0.00667   0.00000   0.01635   0.48448   0.59875   0.94738  
122  2.0131   5255.969396  x:  0.09294   1.04834   0.44674   0.17671   0.50591   0.14502   0.34527   0.17671   0.13588   0.35138   0.00000   0.00866   0.01049   0.29696   0.15649   0.14781   2.88541   0.00000   0.21273   1.36321   0.00000   0.06412   0.01968   0.00000   0.02667   0.12866   0.11769   0.06758   0.28031   0.07441   0.01391   0.13580   0.14378   0.14276   0.17773   0.20331   0.00000   0.08572   0.03042   0.02265   0.12725   0.09512   0.16167   0.00000   0.02256   0.02167   0.03916   0.01942   0.00800   0.02589   0.01356   0.01312   0.00976   0.00000   0.00000   0.00000   0.00713   0.04527   0.03729   0.00000   0.00757   0.00000   0.01567   0.48007   0.57578   0.95712  
123  9.7389   5255.925225  x:  0.08511   1.04984   0.44661   0.17607   0.50785   0.14522   0.35085   0.17686   0.13482   0.34427   0.00000   0.00871   0.01111   0.29827   0.15663   0.14713   2.89998   0.00000   0.21155   1.36263   0.00000   0.06405   0.01985   0.00000   0.02649   0.12853   0.12033   0.06661   0.27910   0.07421   0.01389   0.13594   0.14376   0.14251   0.18357   0.20581   0.00000   0.08567   0.03039   0.02266   0.12730   0.09506   0.16047   0.00000   0.02232   0.02198   0.03890   0.01921   0.00821   0.02577   0.01364   0.01317   0.00974   0.00000   0.00000   0.00000   0.00711   0.04536   0.03718   0.00000   0.00766   0.00000   0.01559   0.47992   0.57307   0.95811  
124  7.7770   5255.920582  x:  0.08643   1.05009   0.44758   0.17499   0.50822   0.14422   0.35288   0.17665   0.13579   0.34044   0.00000   0.00872   0.01133   0.29858   0.15631   0.14774   2.90161   0.00000   0.21226   1.36259   0.00000   0.06401   0.01987   0.00000   0.02647   0.12851   0.11999   0.06677   0.27942   0.07416   0.01389   0.13600   0.14381   0.14259   0.18249   0.20531   0.00000   0.08567   0.03039   0.02265   0.12737   0.09506   0.16074   0.00000   0.02229   0.02202   0.03888   0.01919   0.00823   0.02575   0.01365   0.01317   0.00974   0.00000   0.00000   0.00000   0.00711   0.04536   0.03718   0.00000   0.00767   0.00000   0.01558   0.48005   0.57290   0.95820  
125  1.8395   5255.906504  x:  0.08606   1.04995   0.44697   0.17603   0.50825   0.14493   0.35197   0.17147   0.13887   0.34030   0.00000   0.00865   0.01119   0.29827   0.15560   0.14905   2.90960   0.00000   0.21320   1.36189   0.00000   0.06401   0.01992   0.00000   0.02635   0.12855   0.11962   0.06661   0.27955   0.07439   0.01390   0.13613   0.14381   0.14270   0.18420   0.20391   0.00000   0.08572   0.03040   0.02266   0.12743   0.09506   0.16076   0.00000   0.02240   0.02226   0.03895   0.01920   0.00795   0.02570   0.01357   0.01315   0.00979   0.00000   0.00000   0.00000   0.00709   0.04534   0.03725   0.00000   0.00763   0.00000   0.01553   0.47976   0.57212   0.95771  
126  0.0756   5255.793837  x:  0.08854   1.04912   0.44350   0.17376   0.50537   0.14379   0.35162   0.17642   0.13676   0.34124   0.00000   0.00813   0.01090   0.29867   0.15671   0.14957   2.97144   0.00000   0.21283   1.35610   0.00000   0.06430   0.02028   0.00000   0.02550   0.12892   0.11975   0.06705   0.27930   0.07564   0.01403   0.13627   0.14408   0.14357   0.18360   0.20574   0.00000   0.08613   0.03046   0.02268   0.12750   0.09500   0.16046   0.00000   0.02328   0.02415   0.03939   0.01926   0.00578   0.02537   0.01291   0.01294   0.01012   0.00000   0.00000   0.00000   0.00692   0.04513   0.03775   0.00000   0.00728   0.00000   0.01507   0.47977   0.56623   0.95386  
127  3.8561   5255.753071  x:  0.08853   1.04347   0.44379   0.17386   0.50730   0.14460   0.35309   0.17731   0.13566   0.34110   0.00000   0.00754   0.01081   0.29835   0.15727   0.14914   2.97694   0.00000   0.21303   1.35690   0.00000   0.06442   0.02041   0.00000   0.02553   0.12978   0.11956   0.06674   0.27993   0.07581   0.01422   0.13556   0.14363   0.14326   0.18283   0.20671   0.00000   0.08622   0.03045   0.02275   0.12678   0.09523   0.15991   0.00000   0.02410   0.02564   0.04022   0.01987   0.00670   0.02613   0.01319   0.01318   0.01056   0.00000   0.00000   0.00000   0.00718   0.04491   0.03803   0.00000   0.00688   0.00000   0.01410   0.48075   0.56638   0.94074  
128  0.0107   5255.721712  x:  0.08893   1.04371   0.44335   0.17461   0.50897   0.14484   0.35325   0.17695   0.13638   0.34196   0.00000   0.00724   0.01077   0.29877   0.15748   0.14968   2.94557   0.00000   0.21334   1.35706   0.00000   0.06467   0.02015   0.00000   0.02511   0.12966   0.11974   0.06699   0.28113   0.07537   0.01393   0.13601   0.14379   0.14303   0.18301   0.20642   0.00000   0.08606   0.03046   0.02267   0.12721   0.09517   0.16005   0.00000   0.02318   0.02751   0.03973   0.01966   0.00626   0.02651   0.01292   0.01293   0.00983   0.00000   0.00000   0.00000   0.00710   0.04519   0.03746   0.00000   0.00708   0.00000   0.01364   0.48090   0.56961   0.91673  
129  0.0184   5255.710683  x:  0.08829   1.04606   0.44380   0.17408   0.50761   0.14424   0.35270   0.17677   0.13631   0.34133   0.00000   0.00762   0.01088   0.29853   0.15707   0.14942   2.92122   0.00000   0.21294   1.35392   0.00000   0.06418   0.01994   0.00000   0.02574   0.12926   0.11982   0.06689   0.27989   0.07549   0.01410   0.13612   0.14390   0.14339   0.18306   0.20600   0.00000   0.08604   0.03045   0.02274   0.12734   0.09509   0.16030   0.00000   0.02363   0.02834   0.03975   0.01968   0.00636   0.02611   0.01300   0.01302   0.01002   0.00000   0.00000   0.00000   0.00704   0.04512   0.03789   0.00000   0.00704   0.00000   0.01399   0.48034   0.57046   0.91718  
130  0.0151   5255.709284  x:  0.08830   1.04446   0.44423   0.17413   0.50696   0.14460   0.35265   0.17702   0.13612   0.34131   0.00000   0.00761   0.01086   0.29881   0.15725   0.14950   2.92347   0.00000   0.21351   1.35321   0.00000   0.06447   0.01991   0.00000   0.02567   0.12947   0.11979   0.06686   0.28026   0.07552   0.01404   0.13587   0.14381   0.14326   0.18308   0.20634   0.00000   0.08612   0.03044   0.02269   0.12711   0.09515   0.16017   0.00000   0.02350   0.02867   0.03978   0.01964   0.00638   0.02598   0.01304   0.01302   0.01014   0.00000   0.00000   0.00000   0.00706   0.04508   0.03770   0.00000   0.00709   0.00000   0.01413   0.48043   0.57102   0.92496  
131  0.0059   5255.709152  x:  0.08840   1.04448   0.44400   0.17419   0.50740   0.14455   0.35270   0.17695   0.13621   0.34141   0.00000   0.00761   0.01084   0.29880   0.15726   0.14948   2.92473   0.00000   0.21342   1.35299   0.00000   0.06441   0.01986   0.00000   0.02563   0.12942   0.11980   0.06687   0.28032   0.07545   0.01407   0.13599   0.14384   0.14326   0.18306   0.20627   0.00000   0.08609   0.03045   0.02272   0.12720   0.09513   0.16018   0.00000   0.02352   0.02874   0.03977   0.01966   0.00637   0.02601   0.01305   0.01304   0.01013   0.00000   0.00000   0.00000   0.00708   0.04509   0.03776   0.00000   0.00708   0.00000   0.01417   0.48042   0.57088   0.92662  
132  0.0014   5255.709125  x:  0.08839   1.04468   0.44400   0.17416   0.50735   0.14456   0.35269   0.17696   0.13620   0.34138   0.00000   0.00760   0.01084   0.29878   0.15725   0.14951   2.92456   0.00000   0.21340   1.35302   0.00000   0.06440   0.01981   0.00000   0.02560   0.12941   0.11980   0.06687   0.28027   0.07548   0.01405   0.13596   0.14384   0.14329   0.18307   0.20627   0.00000   0.08609   0.03045   0.02270   0.12718   0.09513   0.16019   0.00000   0.02352   0.02873   0.03977   0.01966   0.00638   0.02603   0.01304   0.01302   0.01012   0.00000   0.00000   0.00000   0.00709   0.04509   0.03775   0.00000   0.00708   0.00000   0.01419   0.48044   0.57077   0.92692  
133  0.0003   5255.709120  x:  0.08839   1.04465   0.44401   0.17415   0.50732   0.14455   0.35269   0.17696   0.13619   0.34138   0.00000   0.00760   0.01085   0.29879   0.15725   0.14951   2.92458   0.00000   0.21341   1.35307   0.00000   0.06441   0.01979   0.00000   0.02560   0.12942   0.11980   0.06686   0.28027   0.07548   0.01406   0.13595   0.14383   0.14327   0.18307   0.20628   0.00000   0.08609   0.03045   0.02271   0.12718   0.09514   0.16018   0.00000   0.02352   0.02872   0.03978   0.01965   0.00638   0.02603   0.01305   0.01303   0.01012   0.00000   0.00000   0.00000   0.00709   0.04509   0.03775   0.00000   0.00708   0.00000   0.01419   0.48043   0.57082   0.92669  
134  0.0002   5255.709120  x:  0.08839   1.04463   0.44401   0.17416   0.50734   0.14455   0.35269   0.17696   0.13619   0.34138   0.00000   0.00760   0.01085   0.29878   0.15725   0.14950   2.92469   0.00000   0.21341   1.35308   0.00000   0.06441   0.01978   0.00000   0.02561   0.12942   0.11980   0.06687   0.28028   0.07548   0.01406   0.13596   0.14383   0.14328   0.18307   0.20628   0.00000   0.08609   0.03045   0.02271   0.12718   0.09514   0.16018   0.00000   0.02352   0.02872   0.03978   0.01965   0.00638   0.02602   0.01305   0.01303   0.01012   0.00000   0.00000   0.00000   0.00709   0.04509   0.03775   0.00000   0.00708   0.00000   0.01419   0.48043   0.57080   0.92655  
135  0.0001   5255.709120  x:  0.08839   1.04464   0.44402   0.17416   0.50733   0.14455   0.35269   0.17696   0.13619   0.34138   0.00000   0.00760   0.01085   0.29879   0.15725   0.14950   2.92473   0.00000   0.21341   1.35308   0.00000   0.06441   0.01978   0.00000   0.02561   0.12942   0.11980   0.06687   0.28027   0.07548   0.01406   0.13596   0.14384   0.14328   0.18307   0.20628   0.00000   0.08609   0.03045   0.02271   0.12718   0.09514   0.16018   0.00000   0.02352   0.02872   0.03978   0.01965   0.00638   0.02603   0.01305   0.01303   0.01012   0.00000   0.00000   0.00000   0.00709   0.04509   0.03775   0.00000   0.00708   0.00000   0.01419   0.48043   0.57080   0.92656  
136  0.0000   5255.709120  x:  0.08839   1.04464   0.44402   0.17416   0.50733   0.14455   0.35269   0.17696   0.13619   0.34138   0.00000   0.00760   0.01085   0.29879   0.15725   0.14950   2.92473   0.00000   0.21341   1.35308   0.00000   0.06441   0.01978   0.00000   0.02561   0.12942   0.11980   0.06687   0.28027   0.07548   0.01406   0.13596   0.14384   0.14328   0.18307   0.20628   0.00000   0.08609   0.03045   0.02271   0.12718   0.09514   0.16018   0.00000   0.02352   0.02872   0.03978   0.01965   0.00638   0.02602   0.01305   0.01303   0.01012   0.00000   0.00000   0.00000   0.00709   0.04509   0.03775   0.00000   0.00708   0.00000   0.01419   0.48043   0.57080   0.92656  
137  0.0000   5255.709120  x:  0.08839   1.04464   0.44402   0.17416   0.50733   0.14455   0.35269   0.17696   0.13619   0.34138   0.00000   0.00760   0.01085   0.29879   0.15725   0.14950   2.92473   0.00000   0.21341   1.35308   0.00000   0.06441   0.01978   0.00000   0.02561   0.12942   0.11980   0.06687   0.28027   0.07548   0.01406   0.13596   0.14384   0.14328   0.18307   0.20628   0.00000   0.08609   0.03045   0.02271   0.12718   0.09514   0.16018   0.00000   0.02352   0.02872   0.03978   0.01965   0.00638   0.02602   0.01305   0.01303   0.01012   0.00000   0.00000   0.00000   0.00709   0.04509   0.03775   0.00000   0.00708   0.00000   0.01419   0.48043   0.57080   0.92656  
138  0.0000   5255.709120  x:  0.08839   1.04464   0.44402   0.17416   0.50733   0.14455   0.35269   0.17696   0.13619   0.34138   0.00000   0.00760   0.01085   0.29879   0.15725   0.14950   2.92473   0.00000   0.21341   1.35308   0.00000   0.06441   0.01978   0.00000   0.02561   0.12942   0.11980   0.06687   0.28027   0.07548   0.01406   0.13596   0.14384   0.14328   0.18307   0.20628   0.00000   0.08609   0.03045   0.02271   0.12718   0.09514   0.16018   0.00000   0.02352   0.02872   0.03978   0.01965   0.00638   0.02602   0.01305   0.01303   0.01012   0.00000   0.00000   0.00000   0.00709   0.04509   0.03775   0.00000   0.00708   0.00000   0.01419   0.48043   0.57080   0.92656  
139  0.0000   5255.709120  x:  0.08839   1.04464   0.44402   0.17416   0.50733   0.14455   0.35269   0.17696   0.13619   0.34138   0.00000   0.00760   0.01085   0.29879   0.15725   0.14950   2.92473   0.00000   0.21341   1.35308   0.00000   0.06441   0.01978   0.00000   0.02561   0.12942   0.11980   0.06687   0.28027   0.07548   0.01406   0.13596   0.14384   0.14328   0.18307   0.20628   0.00000   0.08609   0.03045   0.02271   0.12718   0.09514   0.16018   0.00000   0.02352   0.02872   0.03978   0.01965   0.00638   0.02602   0.01305   0.01303   0.01012   0.00000   0.00000   0.00000   0.00709   0.04509   0.03775   0.00000   0.00708   0.00000   0.01419   0.48043   0.57080   0.92656  
check convergence!
