

TREE # 1

  0  0.0000   2584.418737  x:  0.09903   0.08394   0.10504   0.02543   0.04744   0.06390   0.03737   0.08470   0.05631   0.10296   0.03905   0.02838   0.05576   0.04099   0.04652   0.01538   0.02511   0.03880   0.02562   0.03455   0.03344   0.07092   0.09108   0.10072   0.01728   0.08080   0.09351   0.05936   0.07498   0.03439   0.04105   0.07300   0.03243   0.08299   0.09786   0.03820   0.10986   0.42253   0.53339  
  1 99.0000   2471.358485  x:  0.11369   0.05584   0.09836   0.01199   0.06177   0.03688   0.02722   0.05061   0.08634   0.10133   0.27768   0.03607   0.06019   0.25352   0.09061   0.00000   0.12071   0.02225   0.05462   0.04927   0.00446   0.03191   0.05891   0.10995   0.19482   0.09262   0.04979   0.06229   0.08971   0.07736   0.22047   0.08604   0.10354   0.07986   0.09816   0.04193   0.08965   0.40719   0.54773  
  2 1146.3051   2467.168184  x:  0.11559   0.04679   0.09506   0.00741   0.06198   0.03189   0.02854   0.04115   0.08877   0.09955   0.29056   0.03072   0.05770   0.26577   0.09339   0.02341   0.12113   0.02156   0.05172   0.04938   0.04532   0.01509   0.04789   0.11092   0.19627   0.09434   0.03290   0.06235   0.09221   0.07867   0.23087   0.08866   0.10663   0.07815   0.09770   0.04142   0.08412   0.40182   0.55210  
  3 462.4714   2461.340591  x:  0.11669   0.03963   0.09236   0.00636   0.06179   0.02953   0.02981   0.03452   0.08956   0.09799   0.29299   0.02584   0.05563   0.26860   0.09332   0.01893   0.11754   0.01952   0.04822   0.04853   0.04693   0.00000   0.03879   0.11142   0.18998   0.09570   0.01764   0.06229   0.09379   0.07806   0.23332   0.09056   0.10647   0.07675   0.09728   0.04089   0.07990   0.39701   0.55594  
  4 289.5956   2458.276665  x:  0.11753   0.03607   0.09070   0.01249   0.06283   0.03196   0.02869   0.03561   0.08971   0.09692   0.29580   0.02960   0.05706   0.27170   0.09339   0.01402   0.11450   0.02293   0.04748   0.04896   0.05021   0.00000   0.03342   0.11209   0.18261   0.09807   0.00000   0.06249   0.09472   0.07849   0.23583   0.09227   0.10657   0.07614   0.09706   0.04128   0.07742   0.39157   0.56065  
  5 311.8347   2456.383273  x:  0.11909   0.03292   0.08732   0.00247   0.06446   0.03562   0.02722   0.04356   0.08937   0.09445   0.30285   0.03936   0.06261   0.27957   0.09353   0.00000   0.10808   0.02534   0.04883   0.05091   0.05895   0.00000   0.02994   0.11390   0.16236   0.10467   0.00000   0.06359   0.09591   0.08201   0.24103   0.09603   0.10714   0.07593   0.09694   0.04253   0.07471   0.37646   0.57441  
  6 153.6919   2453.394478  x:  0.12055   0.03624   0.08538   0.00778   0.06527   0.02935   0.03119   0.05114   0.08857   0.09023   0.31555   0.04055   0.06938   0.29405   0.09250   0.00000   0.09920   0.00953   0.05160   0.05311   0.04187   0.00000   0.03855   0.11669   0.12211   0.11375   0.00000   0.06534   0.09624   0.08904   0.24973   0.10084   0.10840   0.07703   0.09727   0.04301   0.07490   0.34530   0.60433  
  7 84.9482   2451.283526  x:  0.12053   0.03957   0.08592   0.00822   0.06439   0.02463   0.03244   0.04854   0.08838   0.08865   0.32244   0.03291   0.06959   0.30189   0.09120   0.00000   0.09712   0.02169   0.05182   0.05275   0.01741   0.00000   0.04504   0.11735   0.09994   0.11551   0.00000   0.06547   0.09567   0.09119   0.25380   0.10184   0.10897   0.07780   0.09767   0.04207   0.07682   0.32624   0.62456  
  8 211.2951   2450.900871  x:  0.11986   0.03949   0.08695   0.00775   0.06421   0.03188   0.02921   0.04548   0.08842   0.08989   0.32239   0.03187   0.06767   0.30183   0.09159   0.00000   0.09832   0.01955   0.05085   0.05169   0.01164   0.00000   0.04351   0.11652   0.10045   0.11305   0.00000   0.06476   0.09521   0.08922   0.25306   0.10042   0.10861   0.07771   0.09781   0.04182   0.07775   0.32357   0.63030  
  9 55.5853   2449.689836  x:  0.11614   0.04306   0.09339   0.00656   0.06310   0.03425   0.02534   0.03710   0.08762   0.09654   0.32855   0.03159   0.06052   0.30834   0.09519   0.00000   0.10283   0.01891   0.04950   0.04824   0.01825   0.00000   0.04079   0.11233   0.08838   0.10146   0.00000   0.06219   0.09226   0.08072   0.25163   0.09292   0.10717   0.07833   0.09899   0.04162   0.08478   0.29065   0.68979  
 10 43.9153   2448.522471  x:  0.11576   0.03585   0.09485   0.00614   0.06259   0.02898   0.04012   0.03824   0.08808   0.10038   0.32518   0.03485   0.05409   0.30507   0.09779   0.00000   0.10533   0.01790   0.04619   0.05033   0.01455   0.00000   0.02830   0.10980   0.10179   0.09453   0.00000   0.06326   0.09408   0.07504   0.24375   0.08924   0.10452   0.07693   0.09881   0.04169   0.08205   0.27774   0.75131  
 11 76.8493   2446.617745  x:  0.12168   0.02171   0.08906   0.00701   0.06406   0.02226   0.02603   0.03445   0.08994   0.09577   0.31874   0.02122   0.05395   0.29980   0.09951   0.00000   0.10123   0.01724   0.04394   0.05308   0.01447   0.00000   0.02614   0.11221   0.11875   0.10253   0.00000   0.06699   0.10072   0.08140   0.23438   0.09650   0.10370   0.07470   0.09714   0.04111   0.06784   0.27612   0.85406  
 12 102.3318   2446.004502  x:  0.12474   0.02429   0.08518   0.00706   0.06448   0.02915   0.03339   0.02725   0.09149   0.09161   0.31853   0.01587   0.05501   0.30018   0.09872   0.00000   0.09800   0.01820   0.04315   0.05040   0.01671   0.00000   0.02642   0.11438   0.11873   0.10834   0.00000   0.06602   0.10206   0.08473   0.23501   0.10256   0.10592   0.07438   0.09657   0.04081   0.06469   0.28268   0.89313  
 13 104.4072   2445.711849  x:  0.12536   0.02647   0.08302   0.00666   0.06427   0.02623   0.03251   0.02205   0.09206   0.08981   0.31817   0.01996   0.05306   0.30007   0.09715   0.00000   0.09676   0.01755   0.04118   0.04645   0.01596   0.00000   0.02336   0.11509   0.11679   0.10935   0.00000   0.06319   0.10118   0.08347   0.23749   0.10512   0.10794   0.07408   0.09655   0.04015   0.06673   0.29440   0.91129  
 14 57.8247   2445.522545  x:  0.12470   0.02563   0.08179   0.00652   0.06409   0.02584   0.03214   0.02628   0.09217   0.08890   0.31897   0.01698   0.05011   0.30118   0.09585   0.00000   0.09625   0.01722   0.03962   0.04460   0.01607   0.00000   0.02074   0.11503   0.11281   0.10785   0.00000   0.06080   0.09985   0.08024   0.24180   0.10562   0.10958   0.07340   0.09671   0.03957   0.06935   0.30545   0.92474  
 15 52.6501   2445.445303  x:  0.12343   0.02202   0.08171   0.00642   0.06395   0.02624   0.03286   0.02530   0.09194   0.08957   0.31916   0.01746   0.04955   0.30172   0.09561   0.00000   0.09585   0.01719   0.04017   0.04752   0.01615   0.00000   0.02308   0.11448   0.10977   0.10568   0.00000   0.06164   0.09956   0.07787   0.24499   0.10437   0.10946   0.07250   0.09679   0.03959   0.06907   0.31163   0.93136  
 16 25.6461   2445.423040  x:  0.12266   0.02385   0.08247   0.00630   0.06377   0.02608   0.03260   0.02524   0.09159   0.09038   0.31872   0.01720   0.05022   0.30159   0.09618   0.00000   0.09555   0.01715   0.04067   0.04828   0.01608   0.00000   0.02222   0.11385   0.10891   0.10420   0.00000   0.06348   0.10018   0.07796   0.24690   0.10329   0.10848   0.07220   0.09669   0.03990   0.06693   0.31397   0.93465  
 17  9.6062   2445.408785  x:  0.12221   0.02359   0.08305   0.00630   0.06364   0.02617   0.03277   0.02562   0.09144   0.09092   0.31784   0.01762   0.05054   0.30109   0.09673   0.00000   0.09536   0.01725   0.03984   0.04646   0.01609   0.00000   0.02309   0.11350   0.10917   0.10382   0.00000   0.06340   0.10068   0.07921   0.24893   0.10209   0.10695   0.07266   0.09655   0.03996   0.06616   0.31491   0.93886  
 18  5.7800   2445.381980  x:  0.12234   0.02414   0.08357   0.00638   0.06345   0.02636   0.03262   0.02575   0.09140   0.09090   0.31523   0.01783   0.05045   0.29932   0.09696   0.00000   0.09530   0.01742   0.04150   0.04782   0.01614   0.00000   0.02283   0.11358   0.11059   0.10478   0.00000   0.06173   0.10066   0.08088   0.25248   0.10101   0.10479   0.07403   0.09636   0.04032   0.06806   0.31586   0.94951  
 19  7.8625   2445.353304  x:  0.12322   0.02551   0.08335   0.00645   0.06373   0.02660   0.03232   0.02651   0.09152   0.09040   0.31301   0.01858   0.05114   0.29767   0.09636   0.00000   0.09649   0.01760   0.04018   0.04864   0.01626   0.00000   0.02402   0.11418   0.11242   0.10563   0.00000   0.06309   0.09962   0.07893   0.25424   0.10196   0.10610   0.07357   0.09645   0.03957   0.06886   0.31620   0.96231  
 20  9.9139   2445.338668  x:  0.12304   0.02518   0.08341   0.00657   0.06386   0.02660   0.03234   0.02674   0.09132   0.09038   0.31249   0.01877   0.05201   0.29703   0.09599   0.00000   0.09749   0.01765   0.04222   0.04730   0.01625   0.00000   0.02417   0.11420   0.11292   0.10533   0.00000   0.06355   0.09899   0.07854   0.25315   0.10246   0.10804   0.07300   0.09677   0.04044   0.06882   0.31688   0.96877  
 21  9.3082   2445.321192  x:  0.12163   0.02522   0.08390   0.00671   0.06418   0.02680   0.03234   0.02706   0.09091   0.09062   0.31383   0.01917   0.05264   0.29737   0.09588   0.00000   0.09835   0.01773   0.04170   0.04824   0.01633   0.00000   0.02408   0.11373   0.11264   0.10451   0.00000   0.06251   0.09899   0.08080   0.24890   0.10245   0.11034   0.07317   0.09716   0.03982   0.06861   0.31846   0.97577  
 22  5.9981   2445.305397  x:  0.12114   0.02568   0.08355   0.00687   0.06449   0.02697   0.03223   0.02732   0.09125   0.09031   0.31654   0.01944   0.05181   0.29861   0.09625   0.00000   0.09727   0.01788   0.04157   0.04824   0.01637   0.00000   0.02442   0.11375   0.11278   0.10521   0.00000   0.06353   0.09986   0.08034   0.24443   0.10191   0.10867   0.07355   0.09666   0.04119   0.06949   0.32002   0.98045  
 23  4.2006   2445.294894  x:  0.12156   0.02577   0.08353   0.00693   0.06426   0.02701   0.03222   0.02746   0.09124   0.09031   0.31791   0.01955   0.05235   0.29915   0.09649   0.00000   0.09672   0.01792   0.04242   0.04793   0.01637   0.00000   0.02444   0.11391   0.11287   0.10554   0.00000   0.06326   0.09958   0.07938   0.24249   0.10169   0.10705   0.07367   0.09648   0.03937   0.06923   0.32069   0.98236  
 24  4.5804   2445.260473  x:  0.12441   0.02564   0.08421   0.00701   0.06345   0.02694   0.03221   0.02748   0.09037   0.09114   0.31944   0.01943   0.05503   0.29899   0.09615   0.00000   0.09686   0.01797   0.04141   0.04848   0.01636   0.00000   0.02408   0.11442   0.11258   0.10559   0.00000   0.06115   0.09701   0.07829   0.24084   0.10199   0.10446   0.07325   0.09708   0.04137   0.06802   0.32126   0.98488  
 25  2.5635   2444.981722  x:  0.13596   0.02228   0.08533   0.00783   0.06619   0.02889   0.03235   0.02844   0.08897   0.09387   0.32137   0.02195   0.05202   0.29212   0.08982   0.00000   0.09834   0.01845   0.04164   0.04843   0.01735   0.00000   0.02044   0.11554   0.10685   0.10682   0.00000   0.06746   0.09403   0.08318   0.24018   0.10320   0.10132   0.07440   0.09933   0.04041   0.06699   0.31973   0.99814  
 26  4.0696   2444.254395  x:  0.13544   0.01922   0.07695   0.00981   0.06783   0.03170   0.03158   0.03103   0.09332   0.08839   0.31629   0.02700   0.05922   0.27644   0.09501   0.00000   0.08762   0.02023   0.04136   0.04966   0.01838   0.00000   0.01521   0.11396   0.09897   0.10850   0.00000   0.06175   0.10819   0.07704   0.24388   0.10528   0.10753   0.07157   0.09452   0.04184   0.06334   0.31068   1.02925  
 27 16.0155   2444.118366  x:  0.12545   0.01843   0.07853   0.01016   0.06791   0.03236   0.03154   0.03135   0.08942   0.08733   0.31062   0.02808   0.05711   0.28005   0.09615   0.00000   0.08327   0.02073   0.04130   0.04978   0.01860   0.00000   0.01400   0.11527   0.09947   0.11275   0.00000   0.06228   0.10257   0.07632   0.24458   0.11015   0.10659   0.07075   0.09615   0.04222   0.06090   0.30869   1.03480  
 28 13.9285   2444.089871  x:  0.12444   0.01808   0.07691   0.01026   0.06986   0.03235   0.03156   0.03126   0.09121   0.08727   0.30503   0.02804   0.05882   0.28592   0.09576   0.00000   0.08502   0.02072   0.04107   0.04974   0.01866   0.00000   0.01330   0.11529   0.09894   0.11210   0.00000   0.06279   0.10242   0.07671   0.24366   0.11113   0.10472   0.07059   0.09670   0.04213   0.06174   0.30865   1.03601  
 29  6.1202   2444.077133  x:  0.12613   0.01838   0.07715   0.01029   0.06924   0.03249   0.03148   0.03155   0.09102   0.08715   0.30160   0.02850   0.05744   0.29010   0.09504   0.00000   0.08460   0.02077   0.04140   0.04987   0.01872   0.00000   0.01374   0.11512   0.09884   0.11166   0.00000   0.06188   0.10342   0.07649   0.24303   0.11106   0.10506   0.07047   0.09651   0.04231   0.06061   0.30856   1.03675  
 30  5.4018   2444.072620  x:  0.12690   0.01810   0.07783   0.01032   0.06841   0.03253   0.03149   0.03146   0.09034   0.08723   0.30049   0.02842   0.05800   0.29140   0.09547   0.00000   0.08403   0.02081   0.04121   0.04981   0.01871   0.00000   0.01349   0.11510   0.09886   0.11192   0.00000   0.06244   0.10360   0.07652   0.24278   0.11047   0.10575   0.07076   0.09621   0.04221   0.06137   0.30869   1.03701  
 31  2.8245   2444.054303  x:  0.12782   0.01833   0.07723   0.01032   0.07076   0.03231   0.03157   0.03130   0.09040   0.08862   0.29918   0.02816   0.05761   0.29177   0.09745   0.00000   0.08339   0.02089   0.04121   0.04977   0.01859   0.00000   0.01350   0.11534   0.09843   0.11357   0.00000   0.06222   0.10179   0.07635   0.24227   0.10770   0.10723   0.07080   0.09528   0.04220   0.06092   0.30883   1.03854  
 32  0.8299   2443.568134  x:  0.12452   0.01883   0.07580   0.01196   0.05869   0.03194   0.03072   0.03140   0.09757   0.08444   0.28741   0.02862   0.05566   0.28389   0.10149   0.00000   0.09122   0.02190   0.04039   0.04940   0.01867   0.00000   0.01547   0.11632   0.08745   0.12131   0.00000   0.06420   0.09734   0.07777   0.23481   0.10097   0.10678   0.06842   0.09785   0.04198   0.06020   0.30516   1.08249  
 33  2.1746   2442.538688  x:  0.12010   0.01932   0.08283   0.01384   0.06978   0.02912   0.02941   0.02895   0.08994   0.08581   0.26595   0.02587   0.06141   0.26738   0.09445   0.00000   0.08372   0.02433   0.03875   0.04700   0.01835   0.00000   0.02168   0.11492   0.07329   0.11741   0.00000   0.06383   0.10164   0.07488   0.22240   0.10939   0.10404   0.07355   0.09961   0.04072   0.06765   0.29604   1.17754  
 34 46.2147   2442.503744  x:  0.11995   0.01973   0.07932   0.01410   0.06848   0.02916   0.02919   0.02898   0.08943   0.08591   0.26551   0.02588   0.06170   0.26704   0.09283   0.00000   0.08097   0.02451   0.03876   0.04693   0.01839   0.00000   0.02217   0.11482   0.07384   0.11438   0.00000   0.06444   0.09915   0.07672   0.22217   0.10917   0.10395   0.07212   0.09716   0.04052   0.06862   0.29514   1.18080  
 35  9.8262   2442.501238  x:  0.11995   0.01964   0.07921   0.01411   0.06832   0.02916   0.02917   0.02900   0.08965   0.08567   0.26539   0.02592   0.06162   0.26692   0.09309   0.00000   0.08112   0.02450   0.03877   0.04696   0.01838   0.00000   0.02217   0.11533   0.07378   0.11382   0.00000   0.06455   0.09875   0.07659   0.22208   0.10948   0.10406   0.07357   0.09642   0.04064   0.06828   0.29514   1.18098  
 36  0.8679   2442.431944  x:  0.12088   0.01934   0.08257   0.01409   0.06872   0.02929   0.02915   0.02901   0.09019   0.08647   0.26258   0.02604   0.05990   0.26366   0.09670   0.00000   0.08276   0.02447   0.03890   0.04694   0.01845   0.00000   0.02201   0.11948   0.07467   0.11165   0.00000   0.06409   0.09924   0.07751   0.21966   0.11203   0.10281   0.06983   0.09179   0.04045   0.06898   0.29558   1.18535  
 37  0.3940   2442.014985  x:  0.12309   0.01982   0.08058   0.01470   0.06760   0.02980   0.02825   0.02790   0.08863   0.08866   0.24719   0.02479   0.05691   0.24573   0.09780   0.00000   0.08299   0.02423   0.03877   0.04650   0.01918   0.00000   0.02084   0.11687   0.08681   0.10689   0.00000   0.06312   0.10013   0.07466   0.20640   0.10807   0.10101   0.07274   0.10058   0.04035   0.06779   0.29640   1.21160  
 38  7.5768   2441.979945  x:  0.12207   0.01966   0.08246   0.01465   0.06787   0.02981   0.02822   0.02767   0.08919   0.08811   0.24608   0.02457   0.05767   0.24440   0.09381   0.00000   0.08423   0.02407   0.03860   0.04644   0.01936   0.00000   0.02038   0.11347   0.08782   0.10880   0.00000   0.06284   0.09967   0.07387   0.20538   0.10660   0.10084   0.07297   0.09652   0.04048   0.06715   0.29641   1.21368  
 39  8.5743   2441.979417  x:  0.12188   0.01969   0.08227   0.01465   0.06770   0.02981   0.02822   0.02767   0.08908   0.08866   0.24608   0.02452   0.05773   0.24439   0.09347   0.00000   0.08434   0.02406   0.03859   0.04644   0.01937   0.00000   0.02034   0.11395   0.08781   0.10898   0.00000   0.06279   0.09991   0.07379   0.20536   0.10648   0.10087   0.07304   0.09643   0.04049   0.06713   0.29642   1.21361  
 40  0.3419   2441.927725  x:  0.12224   0.02011   0.08438   0.01396   0.06823   0.02938   0.02953   0.02779   0.09119   0.08609   0.24599   0.02431   0.05803   0.24224   0.09055   0.00000   0.08179   0.02322   0.03894   0.04686   0.01915   0.00000   0.01923   0.11759   0.08653   0.10751   0.00000   0.06253   0.09964   0.07424   0.20407   0.10305   0.10059   0.07243   0.09782   0.04066   0.06618   0.29812   1.20319  
 41  0.1138   2441.841769  x:  0.12438   0.02075   0.08161   0.01321   0.06667   0.02873   0.03194   0.02823   0.08826   0.08802   0.24548   0.02391   0.05634   0.23831   0.09201   0.00000   0.08244   0.02187   0.03974   0.04764   0.01863   0.00000   0.01802   0.11343   0.08295   0.10779   0.00000   0.06223   0.10023   0.07479   0.20175   0.10460   0.09865   0.07249   0.09657   0.04087   0.06516   0.30150   1.18585  
 42  9.1896   2441.840952  x:  0.12442   0.02073   0.08182   0.01320   0.06649   0.02871   0.03195   0.02827   0.08896   0.08858   0.24548   0.02389   0.05632   0.23828   0.09204   0.00000   0.08207   0.02187   0.03976   0.04765   0.01862   0.00000   0.01803   0.11317   0.08296   0.10783   0.00000   0.06224   0.10013   0.07482   0.20174   0.10491   0.09874   0.07255   0.09665   0.04087   0.06519   0.30155   1.18567  
 43  1.4653   2441.803621  x:  0.12256   0.02040   0.08140   0.01191   0.06672   0.02932   0.03142   0.02840   0.08872   0.08801   0.24192   0.02328   0.05758   0.24117   0.09247   0.00000   0.08127   0.02047   0.03926   0.04760   0.01850   0.00000   0.01816   0.11336   0.08317   0.10879   0.00000   0.06286   0.10006   0.07434   0.20395   0.10566   0.09899   0.07233   0.09657   0.04090   0.06553   0.30349   1.14240  
 44  0.0351   2441.796814  x:  0.12258   0.02058   0.08132   0.01173   0.06693   0.02939   0.03077   0.02838   0.08878   0.08807   0.24359   0.02322   0.05747   0.23910   0.09227   0.00000   0.08158   0.02083   0.03916   0.04730   0.01858   0.00000   0.01837   0.11344   0.08305   0.10869   0.00000   0.06276   0.09989   0.07437   0.20268   0.10593   0.09936   0.07243   0.09655   0.04078   0.06597   0.30287   1.12476  
 45  0.0151   2441.795737  x:  0.12279   0.02068   0.08137   0.01179   0.06690   0.02928   0.03090   0.02841   0.08877   0.08815   0.24248   0.02340   0.05738   0.23932   0.09216   0.00000   0.08162   0.02120   0.03925   0.04733   0.01858   0.00000   0.01849   0.11340   0.08310   0.10868   0.00000   0.06271   0.09991   0.07444   0.20284   0.10580   0.09918   0.07252   0.09654   0.04078   0.06597   0.30288   1.12135  
 46  0.0035   2441.795678  x:  0.12279   0.02067   0.08140   0.01181   0.06687   0.02929   0.03094   0.02840   0.08876   0.08814   0.24270   0.02341   0.05741   0.23930   0.09217   0.00000   0.08157   0.02123   0.03925   0.04736   0.01857   0.00000   0.01849   0.11340   0.08309   0.10868   0.00000   0.06272   0.09993   0.07443   0.20282   0.10573   0.09913   0.07251   0.09655   0.04079   0.06590   0.30315   1.12067  
 47  0.0008   2441.795676  x:  0.12279   0.02067   0.08140   0.01182   0.06686   0.02929   0.03094   0.02840   0.08877   0.08813   0.24267   0.02341   0.05740   0.23928   0.09217   0.00000   0.08158   0.02123   0.03926   0.04736   0.01857   0.00000   0.01848   0.11341   0.08308   0.10868   0.00000   0.06271   0.09992   0.07444   0.20283   0.10574   0.09915   0.07250   0.09655   0.04079   0.06589   0.30316   1.12058  
 48  0.0001   2441.795675  x:  0.12279   0.02067   0.08140   0.01183   0.06686   0.02929   0.03094   0.02840   0.08876   0.08813   0.24267   0.02341   0.05740   0.23929   0.09217   0.00000   0.08157   0.02122   0.03926   0.04736   0.01857   0.00000   0.01849   0.11341   0.08308   0.10868   0.00000   0.06272   0.09992   0.07444   0.20282   0.10575   0.09915   0.07250   0.09655   0.04079   0.06589   0.30316   1.12054  
 49  0.0000   2441.795675  x:  0.12279   0.02067   0.08140   0.01183   0.06686   0.02929   0.03094   0.02840   0.08876   0.08813   0.24267   0.02341   0.05740   0.23929   0.09217   0.00000   0.08157   0.02122   0.03926   0.04736   0.01857   0.00000   0.01849   0.11341   0.08308   0.10868   0.00000   0.06272   0.09992   0.07444   0.20283   0.10575   0.09915   0.07250   0.09655   0.04079   0.06589   0.30316   1.12053  
 50  0.0000   2441.795675  x:  0.12279   0.02067   0.08140   0.01183   0.06686   0.02929   0.03094   0.02840   0.08876   0.08813   0.24267   0.02341   0.05740   0.23929   0.09217   0.00000   0.08157   0.02122   0.03926   0.04736   0.01857   0.00000   0.01849   0.11341   0.08308   0.10868   0.00000   0.06272   0.09992   0.07444   0.20283   0.10575   0.09915   0.07250   0.09655   0.04079   0.06589   0.30316   1.12053  
 51  0.0000   2441.795675  x:  0.12279   0.02067   0.08140   0.01183   0.06686   0.02929   0.03094   0.02840   0.08876   0.08813   0.24267   0.02341   0.05740   0.23929   0.09217   0.00000   0.08157   0.02122   0.03926   0.04736   0.01857   0.00000   0.01849   0.11341   0.08308   0.10868   0.00000   0.06272   0.09992   0.07444   0.20283   0.10575   0.09915   0.07250   0.09655   0.04079   0.06589   0.30316   1.12053  
 52  0.0000   2441.795675  x:  0.12279   0.02067   0.08140   0.01183   0.06686   0.02929   0.03094   0.02840   0.08876   0.08813   0.24267   0.02341   0.05740   0.23929   0.09217   0.00000   0.08157   0.02122   0.03926   0.04736   0.01857   0.00000   0.01849   0.11341   0.08308   0.10868   0.00000   0.06272   0.09992   0.07444   0.20283   0.10575   0.09915   0.07250   0.09655   0.04079   0.06589   0.30316   1.12053  