

TREE # 1

  0  0.0000   6590.795888  x:  0.03312   0.04094   0.04750   0.06625   0.02464   0.07073   0.03162   0.01207   0.02032   0.07060   0.05196   0.06544   0.05414   0.09014   0.07619   0.10289   0.03469   0.06666   0.02708   0.04647   0.10958   0.03026   0.10194   0.08734   0.06607   0.01113   0.02755   0.05144   0.03514   0.02257   0.10517   0.01819   0.04120   0.06811   0.07544   0.07812   0.01453   0.09616   0.10769   0.09048   0.05874   0.10075   0.09357   0.07660   0.04038   0.04158   0.09950   0.06009   0.04293   0.03202   0.10766   0.03975   0.10230   0.01844   0.05036   0.05606   0.01609   0.04919   0.01723   0.08739   0.09375   0.10684   0.56018   0.55319   0.55966  
  1 99.0000   5778.287397  x:  0.05011   0.07997   0.25534   0.13680   0.08799   0.13788   0.08408   0.35305   0.13469   0.08843   0.11010   0.05123   0.04208   0.08684   0.11116   0.11131   0.10089   0.29827   0.06263   0.12008   0.20194   0.01829   0.09599   0.07699   0.05402   0.02703   0.08409   0.06844   0.05850   0.15379   0.10736   0.01926   0.07395   0.08627   0.08877   0.09580   0.14269   0.08552   0.10461   0.08092   0.05052   0.10258   0.09547   0.09790   0.02843   0.03533   0.08835   0.05319   0.03340   0.01809   0.09519   0.02787   0.08725   0.00983   0.03438   0.04005   0.00000   0.03551   0.04219   0.07726   0.07908   0.09099   0.55815   0.55840   0.56008  
  2 4932.7471   5670.490015  x:  0.05484   0.08916   0.27277   0.16348   0.09950   0.16750   0.09154   0.30231   0.12257   0.10045   0.13592   0.03050   0.02518   0.08068   0.13824   0.11921   0.11294   0.33487   0.06519   0.13974   0.25819   0.00000   0.08886   0.06253   0.03509   0.02167   0.08960   0.07317   0.06434   0.14984   0.10365   0.01658   0.08858   0.09935   0.10031   0.10787   0.13107   0.06752   0.10082   0.06808   0.03758   0.10611   0.09607   0.11002   0.00934   0.02850   0.07341   0.04531   0.02344   0.00247   0.07858   0.01464   0.06649   0.00618   0.01168   0.01730   0.00000   0.01748   0.04056   0.06543   0.05860   0.06847   0.55429   0.56437   0.56070  
  3 893.9034   5634.993800  x:  0.05611   0.09203   0.28098   0.17282   0.10298   0.17793   0.09431   0.28179   0.11885   0.10416   0.14422   0.01977   0.01790   0.07726   0.14671   0.12194   0.11677   0.35069   0.06529   0.14593   0.27768   0.00000   0.08596   0.05581   0.02512   0.02249   0.09152   0.07444   0.06580   0.14961   0.10214   0.01615   0.09228   0.10328   0.10412   0.11184   0.12781   0.05858   0.09929   0.06236   0.03237   0.10753   0.09624   0.11437   0.00053   0.02741   0.06664   0.04310   0.02230   0.02585   0.07107   0.01384   0.05655   0.01046   0.00000   0.00560   0.00000   0.01104   0.04057   0.06073   0.04850   0.05689   0.55256   0.56724   0.56109  
  4 2538.2429   5633.612937  x:  0.05603   0.09196   0.28151   0.17290   0.10288   0.17805   0.09436   0.28093   0.11896   0.10407   0.14414   0.01880   0.01769   0.07693   0.14658   0.12195   0.11670   0.35150   0.06509   0.14581   0.27785   0.00000   0.08585   0.05537   0.02418   0.02293   0.09152   0.07436   0.06567   0.14987   0.10208   0.01624   0.09201   0.10317   0.10410   0.11180   0.12799   0.05786   0.09924   0.06205   0.03224   0.10758   0.09623   0.11443   0.00000   0.02764   0.06624   0.04325   0.02274   0.02577   0.07060   0.01465   0.05585   0.01048   0.00000   0.00456   0.00000   0.01139   0.04067   0.06064   0.04770   0.05586   0.55245   0.56746   0.56114  
  5 693.8170   5629.184752  x:  0.05564   0.09154   0.28330   0.17264   0.10223   0.17795   0.09439   0.27843   0.11978   0.10346   0.14339   0.01458   0.01757   0.07560   0.14552   0.12187   0.11609   0.35405   0.06416   0.14488   0.27742   0.00000   0.08568   0.05376   0.02008   0.02323   0.09139   0.07397   0.06511   0.15098   0.10187   0.01634   0.09086   0.10254   0.10375   0.11142   0.12908   0.05484   0.09910   0.06106   0.03215   0.10776   0.09613   0.11441   0.00000   0.02811   0.06490   0.04386   0.02302   0.02559   0.06894   0.01301   0.05318   0.01047   0.00000   0.00000   0.00000   0.01125   0.04086   0.06078   0.04459   0.05134   0.55209   0.56834   0.56137  
  6 1613.5921   5619.693687  x:  0.05531   0.09084   0.28619   0.17134   0.10126   0.17743   0.09424   0.27449   0.12249   0.10201   0.14258   0.00000   0.01937   0.07256   0.14364   0.12177   0.11420   0.35803   0.06201   0.14230   0.27586   0.00000   0.08622   0.05033   0.00581   0.01832   0.09107   0.07364   0.06482   0.15295   0.10130   0.01528   0.09090   0.10195   0.10303   0.11108   0.13192   0.04535   0.09909   0.05981   0.03349   0.10827   0.09553   0.11373   0.00000   0.02540   0.06284   0.04364   0.01742   0.02537   0.06583   0.01662   0.04745   0.01056   0.00000   0.00000   0.00000   0.00761   0.03976   0.06206   0.03650   0.03567   0.55160   0.57094   0.56227  
  7 1228.0370   5617.281819  x:  0.05552   0.09091   0.28627   0.17100   0.10140   0.17746   0.09414   0.27405   0.12326   0.10182   0.14305   0.00000   0.02013   0.07189   0.14376   0.12187   0.11371   0.35819   0.06164   0.14179   0.27580   0.00000   0.08666   0.04975   0.00000   0.01810   0.09111   0.07384   0.06520   0.15299   0.10112   0.01508   0.09206   0.10230   0.10306   0.11138   0.13248   0.04183   0.09919   0.05995   0.03431   0.10847   0.09522   0.11337   0.00000   0.02414   0.06279   0.04306   0.01723   0.02545   0.06539   0.01648   0.04637   0.01077   0.00000   0.00000   0.00000   0.00908   0.03931   0.06264   0.03431   0.02925   0.55167   0.57182   0.56269  
  8 930.6889   5610.444967  x:  0.05644   0.09144   0.28554   0.16966   0.10226   0.17757   0.09364   0.27349   0.12608   0.10122   0.14527   0.00000   0.02244   0.06955   0.14468   0.12231   0.11185   0.35742   0.06062   0.14008   0.27578   0.00000   0.08871   0.04813   0.00000   0.02107   0.09133   0.07477   0.06681   0.15259   0.10050   0.01531   0.09659   0.10381   0.10335   0.11284   0.13434   0.02641   0.09968   0.06110   0.03784   0.10935   0.09383   0.11163   0.00000   0.02209   0.06340   0.04131   0.02026   0.02520   0.06440   0.01654   0.04321   0.01118   0.00000   0.00000   0.00000   0.00646   0.03872   0.06501   0.02642   0.00000   0.55226   0.57553   0.56463  
  9 1831.9118   5607.032947  x:  0.05710   0.09257   0.28363   0.16909   0.10378   0.17842   0.09298   0.27387   0.12852   0.10092   0.14825   0.00000   0.02139   0.06681   0.14659   0.12301   0.11027   0.35547   0.06070   0.13945   0.27764   0.00000   0.09135   0.04690   0.00000   0.02047   0.09145   0.07543   0.06785   0.15142   0.09977   0.01667   0.09866   0.10494   0.10400   0.11518   0.13592   0.00000   0.10026   0.06302   0.04223   0.11104   0.09153   0.10909   0.00000   0.03056   0.06507   0.04284   0.01807   0.02553   0.06416   0.01658   0.04148   0.00993   0.00000   0.00000   0.00000   0.00730   0.04212   0.06721   0.01952   0.00000   0.55382   0.58136   0.56829  
 10 323.4387   5603.928766  x:  0.05465   0.09620   0.28067   0.17204   0.10682   0.18337   0.09116   0.27023   0.13262   0.09970   0.15360   0.00000   0.00691   0.05434   0.15033   0.12498   0.10705   0.35582   0.06437   0.14097   0.28926   0.00000   0.09734   0.04244   0.00000   0.01273   0.09064   0.07298   0.06462   0.15020   0.09642   0.00914   0.08557   0.10242   0.10481   0.12652   0.14342   0.00000   0.10106   0.06657   0.06592   0.12182   0.07952   0.09831   0.00000   0.02963   0.06866   0.05017   0.02465   0.02604   0.06437   0.01654   0.03796   0.01074   0.00000   0.00000   0.00000   0.00770   0.04100   0.06727   0.01786   0.00000   0.56140   0.61108   0.58934  
 11 52.5785   5599.469804  x:  0.04938   0.10029   0.27961   0.17867   0.10948   0.19155   0.08954   0.25958   0.13491   0.09854   0.15874   0.00000   0.01559   0.03721   0.15417   0.12744   0.10391   0.36153   0.07041   0.14398   0.30749   0.00000   0.10234   0.03737   0.00000   0.02621   0.08969   0.06771   0.05840   0.15019   0.09230   0.01937   0.06678   0.09833   0.10665   0.14091   0.15171   0.00000   0.10114   0.06843   0.09463   0.13571   0.06681   0.08853   0.00000   0.02408   0.07104   0.05764   0.01215   0.02742   0.06335   0.01615   0.03431   0.01073   0.00000   0.00000   0.00000   0.00863   0.03874   0.06355   0.02500   0.00000   0.57228   0.65808   0.62485  
 12 221.7808   5586.726678  x:  0.03965   0.10043   0.29116   0.19025   0.10637   0.20338   0.09119   0.22977   0.13210   0.09764   0.15887   0.00000   0.04646   0.02375   0.15186   0.12928   0.09970   0.38793   0.07823   0.14259   0.32966   0.00000   0.09986   0.03205   0.00000   0.00531   0.08823   0.05798   0.05401   0.15875   0.08735   0.02980   0.08645   0.09794   0.10748   0.15149   0.15652   0.00000   0.09806   0.06028   0.12287   0.14619   0.08130   0.10432   0.00000   0.03267   0.06469   0.05329   0.02966   0.03084   0.05425   0.01598   0.03309   0.01190   0.00000   0.00000   0.00000   0.00916   0.04780   0.05150   0.04414   0.00000   0.58858   0.75845   0.71207  
 13 161.6615   5571.678508  x:  0.03416   0.09803   0.30676   0.19957   0.10067   0.21311   0.09450   0.19656   0.12881   0.09726   0.15734   0.00000   0.04638   0.02463   0.14719   0.13035   0.09460   0.41865   0.08327   0.13641   0.34561   0.00000   0.09311   0.03031   0.00000   0.01953   0.08730   0.05249   0.05552   0.16918   0.08309   0.00000   0.11730   0.09999   0.10520   0.15537   0.15755   0.00000   0.09433   0.04830   0.14516   0.15027   0.10402   0.12607   0.00000   0.04014   0.05417   0.04430   0.02032   0.03411   0.04322   0.01481   0.03240   0.01012   0.00000   0.00000   0.00000   0.01010   0.05241   0.04201   0.05798   0.00000   0.60247   0.87093   0.81592  
 14 674.8217   5557.350375  x:  0.03566   0.09395   0.32666   0.20702   0.09390   0.22180   0.09963   0.16038   0.12608   0.09780   0.15610   0.00000   0.00633   0.03960   0.14240   0.13111   0.08890   0.45467   0.08521   0.12595   0.35737   0.00000   0.08223   0.03077   0.00000   0.02973   0.08751   0.05398   0.06307   0.18044   0.08146   0.02067   0.15168   0.10521   0.10255   0.15373   0.15494   0.00000   0.09030   0.03335   0.16285   0.14815   0.12926   0.14875   0.00000   0.03359   0.03947   0.03185   0.00708   0.03700   0.03197   0.01249   0.02999   0.00956   0.00000   0.00000   0.00000   0.01066   0.04566   0.03716   0.06459   0.00000   0.61322   0.99959   0.94119  
 15 1059.6398   5531.549187  x:  0.07223   0.09255   0.35577   0.21854   0.09867   0.23740   0.11265   0.12246   0.11906   0.11007   0.17187   0.00000   0.01568   0.08465   0.16545   0.13480   0.09567   0.50732   0.07321   0.12341   0.37899   0.00000   0.05519   0.03183   0.00000   0.02478   0.09738   0.09055   0.07830   0.17527   0.09062   0.01732   0.12295   0.11372   0.10915   0.12351   0.11854   0.00000   0.08838   0.02996   0.10723   0.11065   0.13051   0.15215   0.00000   0.01911   0.02183   0.06412   0.01432   0.04433   0.04533   0.01141   0.01002   0.00307   0.00000   0.00000   0.00000   0.01181   0.01355   0.06496   0.02258   0.00000   0.59203   1.14784   1.12112  
 16 313.9839   5524.895410  x:  0.08255   0.09172   0.36460   0.22216   0.09966   0.24224   0.11645   0.11049   0.11691   0.11366   0.17653   0.00000   0.01706   0.09692   0.17312   0.13590   0.09812   0.52461   0.06736   0.12353   0.38655   0.00000   0.04845   0.03057   0.00000   0.02347   0.09994   0.10088   0.08144   0.17187   0.09369   0.01601   0.11031   0.11628   0.11174   0.11332   0.10679   0.00000   0.08800   0.03019   0.08236   0.09842   0.12789   0.15156   0.00000   0.00860   0.02126   0.06839   0.01429   0.04208   0.04707   0.01060   0.01013   0.02496   0.00000   0.00000   0.00000   0.01171   0.02407   0.07134   0.00452   0.00000   0.58132   1.19305   1.17992  
 17 1095.1166   5516.662492  x:  0.08909   0.08965   0.37157   0.22111   0.09896   0.24557   0.11723   0.09869   0.12367   0.11320   0.18306   0.00000   0.01415   0.09310   0.18151   0.13734   0.09686   0.54425   0.04798   0.12240   0.39431   0.00000   0.05966   0.01608   0.00000   0.02208   0.09947   0.10742   0.08138   0.16169   0.09537   0.01439   0.10022   0.12185   0.11615   0.10592   0.10491   0.00000   0.08952   0.03496   0.03213   0.09156   0.10999   0.14050   0.00000   0.00275   0.03818   0.04525   0.01622   0.04494   0.02598   0.01007   0.01623   0.01723   0.00000   0.00000   0.00000   0.01225   0.02926   0.07432   0.00791   0.00000   0.55219   1.22283   1.23416  
 18 258.6300   5514.969561  x:  0.09030   0.08899   0.37301   0.22098   0.09849   0.24636   0.11734   0.09653   0.12491   0.11301   0.18435   0.00000   0.01397   0.09127   0.18349   0.13761   0.09717   0.54951   0.04236   0.12282   0.39641   0.00000   0.06199   0.01531   0.00000   0.02153   0.09892   0.10863   0.08104   0.15860   0.09578   0.01377   0.09760   0.12339   0.11718   0.10515   0.10509   0.00000   0.08986   0.03548   0.01984   0.09106   0.10357   0.13666   0.00000   0.00686   0.04006   0.03447   0.01644   0.04437   0.02181   0.00985   0.01570   0.02196   0.00000   0.00000   0.00000   0.01227   0.02294   0.07362   0.00888   0.00000   0.54244   1.22810   1.24803  
 19 516.6964   5513.081561  x:  0.08778   0.08760   0.37112   0.22093   0.09682   0.24685   0.11642   0.09767   0.12400   0.11211   0.18395   0.00000   0.01277   0.08399   0.18444   0.13759   0.09955   0.55369   0.03441   0.12611   0.39964   0.00000   0.06425   0.02528   0.00000   0.02122   0.09611   0.10611   0.07780   0.15283   0.09613   0.01360   0.09937   0.12490   0.11846   0.10664   0.10600   0.00000   0.08999   0.03357   0.01076   0.09492   0.09612   0.13402   0.00000   0.00565   0.03362   0.02824   0.01654   0.04536   0.02461   0.00958   0.00957   0.01838   0.00000   0.00000   0.00000   0.01236   0.02537   0.06702   0.00558   0.00000   0.52363   1.22213   1.26051  
 20 137.2964   5509.858818  x:  0.08663   0.08424   0.37077   0.21948   0.09433   0.24775   0.11564   0.09544   0.12342   0.11101   0.18505   0.00000   0.01267   0.07061   0.18804   0.13772   0.10643   0.56756   0.01280   0.13181   0.40445   0.00000   0.06526   0.02527   0.00000   0.02140   0.09266   0.10496   0.07413   0.14138   0.09826   0.01361   0.10647   0.13054   0.12164   0.10500   0.10489   0.00000   0.09036   0.02993   0.01947   0.09677   0.08265   0.12996   0.00000   0.00632   0.02105   0.02792   0.01631   0.04689   0.02609   0.00914   0.01743   0.01532   0.00000   0.00000   0.00000   0.01265   0.02654   0.05774   0.00269   0.00000   0.47430   1.19409   1.28167  
 21 201.8830   5508.850057  x:  0.08713   0.08337   0.37017   0.21808   0.09426   0.24810   0.11518   0.09377   0.12443   0.11043   0.18668   0.00000   0.01199   0.06439   0.18973   0.13802   0.10901   0.57269   0.00503   0.13313   0.40578   0.00000   0.06514   0.02380   0.00000   0.02175   0.09185   0.10546   0.07394   0.13770   0.09898   0.01367   0.11156   0.13328   0.12271   0.10503   0.10485   0.00000   0.09069   0.02947   0.02209   0.09729   0.07860   0.12844   0.00000   0.00656   0.01906   0.03185   0.01574   0.04695   0.02751   0.00904   0.01186   0.01719   0.00000   0.00000   0.00000   0.01270   0.02822   0.05657   0.00812   0.00000   0.45449   1.18068   1.28986  
 22 386.2246   5507.236051  x:  0.08432   0.08298   0.36724   0.21779   0.09458   0.24895   0.11425   0.09111   0.12314   0.10969   0.18670   0.00000   0.01044   0.05298   0.18921   0.13827   0.11555   0.57844   0.00465   0.13663   0.40810   0.00000   0.06261   0.02033   0.00000   0.02258   0.09101   0.10264   0.07167   0.13729   0.09950   0.01423   0.11749   0.13428   0.12266   0.10924   0.10576   0.00000   0.09052   0.03011   0.02286   0.10077   0.08091   0.13079   0.00000   0.00652   0.03200   0.03921   0.01483   0.04719   0.02816   0.00885   0.00670   0.01876   0.00000   0.00000   0.00000   0.01284   0.02412   0.05309   0.00553   0.00000   0.43057   1.15281   1.30006  
 23 176.2721   5505.557388  x:  0.08349   0.08565   0.36251   0.21610   0.09842   0.25109   0.11261   0.08322   0.12694   0.10813   0.19126   0.00000   0.00845   0.03467   0.18852   0.14008   0.11987   0.58368   0.01158   0.13566   0.41069   0.00000   0.05955   0.02060   0.00000   0.02318   0.09202   0.10182   0.07233   0.14338   0.09809   0.01457   0.12167   0.13376   0.12089   0.11979   0.11077   0.00000   0.09085   0.03249   0.01560   0.10704   0.08631   0.13123   0.00000   0.00601   0.02780   0.04733   0.01392   0.04742   0.02808   0.00871   0.01296   0.02086   0.00000   0.00000   0.00000   0.01306   0.02107   0.06058   0.00575   0.00000   0.41511   1.11374   1.31096  
 24 136.5179   5502.799242  x:  0.08408   0.09053   0.35439   0.21671   0.10323   0.25559   0.11230   0.07724   0.12805   0.10902   0.19964   0.00000   0.00788   0.02014   0.18906   0.14384   0.12409   0.58850   0.02221   0.13302   0.41642   0.00000   0.05552   0.01746   0.00000   0.02284   0.09488   0.10241   0.07366   0.15251   0.09594   0.01434   0.11309   0.13047   0.11794   0.13111   0.10951   0.00000   0.09083   0.03307   0.02088   0.11027   0.09589   0.13246   0.00000   0.00615   0.01992   0.03671   0.01389   0.04907   0.01832   0.00878   0.00697   0.01691   0.00000   0.00000   0.00000   0.01366   0.02708   0.07199   0.00556   0.00000   0.40775   1.03714   1.32603  
 25 175.7691   5498.784822  x:  0.08024   0.09444   0.35352   0.22049   0.10038   0.26722   0.11358   0.06383   0.13325   0.10854   0.21575   0.00000   0.00792   0.01427   0.19002   0.15210   0.10940   0.60784   0.01089   0.11851   0.43642   0.00000   0.06326   0.02056   0.00000   0.02207   0.09351   0.09857   0.07245   0.16010   0.08679   0.01410   0.10733   0.12685   0.11657   0.14125   0.11009   0.00000   0.08943   0.01684   0.02332   0.11621   0.09935   0.13420   0.00000   0.00744   0.02754   0.03355   0.01346   0.05120   0.03277   0.00838   0.00793   0.01372   0.00000   0.00000   0.00000   0.01471   0.03088   0.07817   0.00574   0.00000   0.42585   0.91530   1.34933  
 26 167.3693   5495.141496  x:  0.07199   0.09463   0.35196   0.22429   0.09391   0.27787   0.11379   0.06141   0.13216   0.10669   0.22491   0.00000   0.00732   0.01643   0.18936   0.15843   0.09336   0.62323   0.00000   0.10847   0.45810   0.00000   0.06831   0.01706   0.00000   0.02191   0.08885   0.09032   0.06697   0.15841   0.07855   0.01427   0.10855   0.12436   0.11723   0.14698   0.10746   0.00000   0.08773   0.03199   0.02085   0.12212   0.09980   0.13771   0.00000   0.00739   0.02298   0.04214   0.01243   0.05237   0.02982   0.00791   0.00640   0.01446   0.00000   0.00000   0.00000   0.01563   0.02921   0.07332   0.00448   0.00000   0.44830   0.81371   1.36934  
 27 352.5022   5493.107892  x:  0.06926   0.09224   0.34964   0.22233   0.09250   0.28297   0.11148   0.06607   0.12938   0.10265   0.22532   0.00000   0.00760   0.01726   0.18863   0.16016   0.08760   0.62888   0.00554   0.10869   0.47101   0.00000   0.06643   0.01588   0.00000   0.02147   0.08596   0.08758   0.06385   0.14845   0.07721   0.01389   0.11267   0.12522   0.11908   0.14554   0.10414   0.00000   0.08754   0.01952   0.01781   0.12286   0.09316   0.13565   0.00000   0.00692   0.02059   0.05288   0.01179   0.05282   0.01594   0.00766   0.00627   0.01600   0.00000   0.00000   0.00000   0.01624   0.02785   0.06960   0.00415   0.00000   0.46207   0.76212   1.38186  
 28 160.5553   5490.385045  x:  0.07015   0.08547   0.35696   0.21552   0.09510   0.28867   0.10677   0.05987   0.12299   0.09365   0.21371   0.00000   0.00607   0.01620   0.18470   0.15773   0.08988   0.64426   0.02533   0.11907   0.48927   0.00000   0.05448   0.01664   0.00000   0.02051   0.08703   0.08847   0.06239   0.13339   0.08476   0.01304   0.11578   0.12807   0.12225   0.13268   0.10325   0.00000   0.08790   0.02545   0.01875   0.11634   0.07989   0.13062   0.00000   0.00818   0.02323   0.05163   0.01024   0.05464   0.02210   0.00704   0.00729   0.01113   0.00000   0.00000   0.00000   0.01756   0.03303   0.06237   0.00502   0.00000   0.47669   0.69872   1.40249  
 29 106.9709   5486.328408  x:  0.07195   0.08786   0.35343   0.22087   0.09921   0.29597   0.10610   0.06923   0.09824   0.10430   0.19202   0.00000   0.00336   0.01679   0.19137   0.15012   0.09414   0.64177   0.01578   0.12622   0.52648   0.00000   0.06745   0.01730   0.00000   0.01874   0.09421   0.09028   0.07327   0.13870   0.10166   0.01180   0.09378   0.12699   0.12459   0.12499   0.09377   0.00000   0.08616   0.02474   0.01696   0.11400   0.10646   0.14349   0.00000   0.00915   0.02359   0.05518   0.00742   0.05668   0.02316   0.00617   0.00943   0.00826   0.00000   0.00000   0.00000   0.02019   0.03587   0.05175   0.00543   0.00000   0.46283   0.64279   1.43434  
 30 52.5239   5485.312473  x:  0.07028   0.09056   0.35227   0.22886   0.09726   0.29624   0.10814   0.06572   0.10486   0.11059   0.19202   0.00000   0.00469   0.03441   0.19430   0.14826   0.10183   0.63584   0.01366   0.13030   0.53417   0.00000   0.06237   0.02163   0.00000   0.01772   0.08951   0.08861   0.06966   0.14224   0.09985   0.01158   0.08842   0.12438   0.12187   0.12679   0.09899   0.00000   0.08587   0.02514   0.01747   0.11627   0.10813   0.14879   0.00000   0.00957   0.02568   0.05646   0.00731   0.05754   0.01903   0.00615   0.01046   0.00670   0.00000   0.00000   0.00000   0.02093   0.03850   0.05107   0.00576   0.00000   0.45304   0.63025   1.44115  
 31 63.0006   5484.958321  x:  0.06848   0.09117   0.35152   0.23442   0.09511   0.29566   0.10940   0.06727   0.10791   0.11296   0.19345   0.00000   0.00410   0.03623   0.19517   0.14779   0.10579   0.63119   0.01307   0.13175   0.53540   0.00000   0.05887   0.01550   0.00000   0.01782   0.08756   0.08681   0.06484   0.14248   0.09643   0.01169   0.08794   0.12255   0.12095   0.12693   0.09770   0.00000   0.08575   0.02361   0.01576   0.11563   0.10751   0.15251   0.00000   0.00962   0.02404   0.05525   0.00705   0.05777   0.02268   0.00609   0.01030   0.00605   0.00000   0.00000   0.00000   0.02119   0.03886   0.05183   0.00558   0.00000   0.45114   0.62746   1.44206  
 32 52.6566   5484.707522  x:  0.06796   0.09068   0.35405   0.24185   0.09251   0.29464   0.11125   0.06773   0.10976   0.11438   0.19655   0.00000   0.00314   0.03173   0.19584   0.14779   0.11023   0.62796   0.01106   0.13227   0.53425   0.00000   0.05764   0.01869   0.00000   0.01787   0.08790   0.08629   0.05967   0.14267   0.09141   0.01186   0.08803   0.12083   0.12070   0.12484   0.09337   0.00000   0.08565   0.02449   0.01637   0.11156   0.10549   0.15702   0.00000   0.00961   0.02527   0.05540   0.00681   0.05790   0.02118   0.00613   0.01071   0.00601   0.00000   0.00000   0.00000   0.02131   0.03850   0.05455   0.00576   0.00000   0.45106   0.62633   1.44036  
 33 33.2635   5484.418431  x:  0.07039   0.08749   0.35923   0.25302   0.08964   0.29160   0.11248   0.06638   0.10479   0.11363   0.20129   0.00000   0.00336   0.03031   0.19452   0.14840   0.11863   0.62182   0.01056   0.13468   0.52786   0.00000   0.06334   0.01766   0.00000   0.01784   0.09094   0.08872   0.06308   0.14336   0.08665   0.01198   0.08827   0.12055   0.11916   0.12643   0.09667   0.00000   0.08532   0.02444   0.01576   0.10971   0.10061   0.16035   0.00000   0.00972   0.02437   0.05733   0.00684   0.05792   0.02057   0.00603   0.01050   0.00604   0.00000   0.00000   0.00000   0.02133   0.03876   0.05009   0.00556   0.00000   0.45322   0.62435   1.43118  
 34 17.6904   5483.720609  x:  0.07261   0.07895   0.36580   0.26784   0.08991   0.29067   0.10958   0.06809   0.10238   0.10897   0.20664   0.00000   0.00378   0.02580   0.19487   0.15218   0.12283   0.61810   0.00267   0.13780   0.52095   0.00000   0.05333   0.01750   0.00000   0.01796   0.08306   0.09094   0.06898   0.14304   0.09266   0.01184   0.08632   0.12544   0.12338   0.13180   0.09236   0.00000   0.08447   0.02489   0.01518   0.12057   0.10282   0.15879   0.00000   0.00985   0.02640   0.05706   0.00730   0.05819   0.01917   0.00599   0.01142   0.00533   0.00000   0.00000   0.00000   0.02120   0.03992   0.04841   0.00571   0.00000   0.45804   0.62524   1.39404  
 35 15.3999   5481.013240  x:  0.06596   0.06607   0.37048   0.29649   0.09765   0.29759   0.10303   0.06613   0.11150   0.10312   0.21085   0.00000   0.00461   0.02896   0.20197   0.16163   0.12970   0.61662   0.00247   0.15676   0.51512   0.00000   0.07172   0.01698   0.00000   0.01953   0.08891   0.08429   0.04788   0.13168   0.11255   0.01232   0.08689   0.13193   0.13786   0.12963   0.08826   0.00000   0.08518   0.02482   0.01642   0.13619   0.12167   0.15537   0.00000   0.00967   0.02362   0.05659   0.00907   0.05874   0.02062   0.00646   0.01072   0.00832   0.00000   0.00000   0.00000   0.02074   0.03769   0.05420   0.00599   0.00000   0.46426   0.62883   1.23110  
 36 58.9749   5475.074926  x:  0.05938   0.07746   0.36032   0.30832   0.09885   0.31098   0.10763   0.06947   0.10679   0.11086   0.20850   0.00000   0.00608   0.02339   0.20925   0.16456   0.12448   0.61773   0.00000   0.16236   0.52653   0.00000   0.06345   0.01803   0.00000   0.02078   0.09596   0.07770   0.04583   0.12934   0.11037   0.01366   0.09071   0.12540   0.13927   0.13163   0.09430   0.00000   0.08589   0.02558   0.01668   0.12776   0.12177   0.15576   0.00000   0.00982   0.02501   0.05506   0.01172   0.05989   0.02091   0.00687   0.01161   0.00894   0.00000   0.00000   0.00000   0.02003   0.03743   0.04744   0.00645   0.00000   0.46686   0.63732   1.02164  
 37 175.0791   5470.589910  x:  0.05442   0.07206   0.35363   0.30172   0.09317   0.32116   0.10409   0.07569   0.11051   0.11331   0.20518   0.00000   0.00932   0.02336   0.20909   0.15400   0.12998   0.62378   0.01541   0.16513   0.56240   0.00000   0.08013   0.01862   0.00000   0.02261   0.07286   0.07275   0.05630   0.14863   0.09080   0.01573   0.09202   0.12571   0.13337   0.14027   0.06669   0.00000   0.08339   0.02853   0.01878   0.12406   0.10636   0.17002   0.00000   0.01029   0.02551   0.05341   0.01572   0.06126   0.02506   0.00742   0.01227   0.01061   0.00000   0.00000   0.00000   0.01932   0.03711   0.04391   0.00735   0.00000   0.46301   0.64921   0.75961  
 38 322.1999   5469.087189  x:  0.06012   0.05906   0.35667   0.28837   0.08616   0.31490   0.09718   0.08001   0.10361   0.11049   0.20794   0.00000   0.01000   0.02228   0.20648   0.14113   0.13700   0.61592   0.01394   0.15853   0.59529   0.00000   0.07731   0.01891   0.00000   0.02322   0.07533   0.07845   0.04747   0.14812   0.08190   0.01618   0.08677   0.13641   0.13531   0.14053   0.07698   0.00000   0.08137   0.02904   0.01977   0.13074   0.10361   0.19142   0.00000   0.01029   0.02656   0.05081   0.01721   0.06188   0.02562   0.00805   0.01260   0.01161   0.00000   0.00000   0.00000   0.01917   0.03706   0.05274   0.00768   0.00000   0.46371   0.65175   0.67033  
 39 109.0458   5468.562057  x:  0.06168   0.06647   0.36627   0.27979   0.08790   0.30211   0.09855   0.07925   0.11139   0.10781   0.20943   0.00000   0.01032   0.02123   0.20149   0.13639   0.14361   0.60599   0.01105   0.15352   0.61111   0.00000   0.07538   0.01883   0.00000   0.02320   0.08369   0.08000   0.04616   0.14739   0.08542   0.01614   0.08606   0.13624   0.13644   0.14104   0.07205   0.00000   0.08368   0.02890   0.01941   0.13647   0.10265   0.19661   0.00000   0.01026   0.02634   0.05090   0.01753   0.06193   0.02498   0.00798   0.01262   0.01194   0.00000   0.00000   0.00000   0.01902   0.03648   0.04550   0.00765   0.00000   0.46621   0.65120   0.64278  
 40 43.8158   5468.281551  x:  0.05922   0.07027   0.37468   0.27586   0.09035   0.29106   0.10382   0.07861   0.11002   0.10842   0.21001   0.00000   0.01018   0.01968   0.20043   0.13916   0.14844   0.59976   0.00971   0.15328   0.62185   0.00000   0.07707   0.01862   0.00000   0.02358   0.07589   0.07754   0.04757   0.14542   0.09025   0.01629   0.08733   0.13188   0.13768   0.13955   0.07521   0.00000   0.08403   0.02875   0.01957   0.13399   0.10410   0.19607   0.00000   0.01015   0.02586   0.05088   0.01773   0.06194   0.02481   0.00815   0.01237   0.01246   0.00000   0.00000   0.00000   0.01902   0.03587   0.04817   0.00761   0.00000   0.46809   0.65040   0.63292  
 41 23.5959   5467.924523  x:  0.05451   0.06221   0.37978   0.27348   0.08999   0.27936   0.10436   0.07896   0.10727   0.10933   0.21069   0.00000   0.01030   0.02195   0.20189   0.14810   0.14902   0.59724   0.00893   0.15433   0.63174   0.00000   0.07488   0.01870   0.00000   0.02356   0.08211   0.07283   0.04876   0.14890   0.08857   0.01650   0.09033   0.12789   0.13536   0.14320   0.07356   0.00000   0.08143   0.02850   0.01944   0.13161   0.10540   0.18642   0.00000   0.01017   0.02609   0.05063   0.01786   0.06202   0.02491   0.00829   0.01245   0.01219   0.00000   0.00000   0.00000   0.01901   0.03626   0.05084   0.00760   0.00000   0.46719   0.65132   0.63081  
 42 12.0899   5466.545722  x:  0.06518   0.06128   0.38204   0.28079   0.09390   0.26094   0.09461   0.08003   0.10939   0.11032   0.20756   0.00000   0.00998   0.02181   0.20409   0.15979   0.14402   0.59783   0.01194   0.15481   0.64723   0.00000   0.07409   0.01926   0.00000   0.02389   0.07535   0.08351   0.03898   0.15372   0.07459   0.01697   0.09278   0.13420   0.12840   0.14450   0.07722   0.00000   0.08240   0.02869   0.01985   0.12353   0.11897   0.16681   0.00000   0.01039   0.02572   0.05055   0.01825   0.06164   0.02564   0.00846   0.01255   0.01237   0.00000   0.00000   0.00000   0.01887   0.03656   0.03747   0.00782   0.00000   0.46742   0.65350   0.64060  
 43 12.6927   5455.723964  x:  0.06443   0.08735   0.36825   0.36613   0.07919   0.22488   0.09330   0.08997   0.12893   0.11163   0.17149   0.00000   0.00497   0.03870   0.17647   0.14819   0.12194   0.62764   0.02912   0.16635   0.72080   0.00000   0.07491   0.02049   0.00000   0.02647   0.08911   0.08276   0.09181   0.13672   0.05415   0.01855   0.10015   0.16711   0.12226   0.14864   0.09408   0.00000   0.09839   0.03031   0.02324   0.14448   0.11932   0.13623   0.00000   0.01168   0.02814   0.04916   0.02369   0.05876   0.02923   0.01310   0.01219   0.01556   0.00000   0.00000   0.00000   0.01814   0.04081   0.05598   0.00835   0.00000   0.47449   0.67137   0.75816  
 44 27.2729   5444.761077  x:  0.06583   0.08158   0.36052   0.38328   0.09450   0.23463   0.10527   0.09489   0.12711   0.11460   0.18783   0.00000   0.00043   0.04918   0.17999   0.14009   0.11331   0.63505   0.03922   0.15644   0.74612   0.00000   0.07418   0.02068   0.00000   0.02806   0.09121   0.08415   0.09156   0.16011   0.08157   0.01868   0.11050   0.16788   0.12189   0.15407   0.10603   0.00000   0.09315   0.03111   0.02451   0.15173   0.09804   0.13204   0.00000   0.01265   0.02895   0.04912   0.02687   0.05661   0.02981   0.01560   0.01220   0.01717   0.00000   0.00000   0.00000   0.01747   0.04284   0.04155   0.00876   0.00000   0.48164   0.68662   0.84022  
 45 119.4146   5440.851877  x:  0.07483   0.09274   0.38854   0.37273   0.09961   0.26720   0.12122   0.10309   0.10561   0.10951   0.19932   0.00000   0.00033   0.06083   0.17952   0.14068   0.11936   0.64147   0.04691   0.13856   0.74778   0.00000   0.07726   0.02060   0.00000   0.02885   0.09127   0.09315   0.08159   0.13559   0.07082   0.02005   0.11787   0.14700   0.09399   0.16803   0.10019   0.00000   0.08521   0.03298   0.02581   0.18177   0.10376   0.11770   0.00000   0.01344   0.03218   0.04582   0.02834   0.05550   0.03195   0.01688   0.01365   0.01718   0.00000   0.00000   0.00000   0.01725   0.04674   0.04569   0.00958   0.00000   0.47621   0.69759   0.89073  
 46 81.6397   5439.282467  x:  0.07856   0.09852   0.40303   0.36196   0.07900   0.28271   0.11805   0.10469   0.10423   0.11096   0.19751   0.00000   0.00013   0.06250   0.18735   0.15122   0.12039   0.63537   0.05261   0.13884   0.74744   0.00000   0.07756   0.02074   0.00000   0.02902   0.09140   0.09689   0.08189   0.13838   0.06633   0.01975   0.11906   0.13907   0.11643   0.17430   0.10107   0.00000   0.09370   0.03322   0.02641   0.18530   0.10523   0.11593   0.00000   0.01369   0.03233   0.04516   0.02852   0.05501   0.03262   0.01729   0.01374   0.01737   0.00000   0.00000   0.00000   0.01715   0.04751   0.04401   0.00981   0.00000   0.47434   0.69843   0.92600  
 47 29.6238   5438.303884  x:  0.08368   0.10254   0.41242   0.36044   0.06143   0.29439   0.11959   0.10631   0.10170   0.11416   0.19552   0.00346   0.00034   0.06332   0.18887   0.15746   0.11893   0.63028   0.05855   0.13623   0.75190   0.00000   0.07829   0.02069   0.00000   0.02921   0.09172   0.10201   0.07853   0.14395   0.07048   0.01952   0.12283   0.13517   0.12632   0.17775   0.10129   0.00000   0.09879   0.03361   0.02679   0.18912   0.10295   0.11132   0.00000   0.01394   0.03276   0.04486   0.02869   0.05463   0.03308   0.01773   0.01386   0.01744   0.00000   0.00000   0.00000   0.01710   0.04856   0.04432   0.00998   0.00000   0.47225   0.69852   0.96143  
 48 189.5007   5437.733179  x:  0.08401   0.10257   0.41289   0.36109   0.06106   0.29521   0.11993   0.10647   0.10166   0.11470   0.19533   0.00000   0.00040   0.06321   0.18847   0.15771   0.11844   0.62979   0.05883   0.13608   0.75286   0.00000   0.07834   0.02069   0.00000   0.02924   0.09180   0.10234   0.07810   0.14457   0.07161   0.01953   0.12324   0.13550   0.12531   0.17780   0.10135   0.00000   0.09860   0.03366   0.02680   0.18925   0.10226   0.11113   0.00000   0.01396   0.03281   0.04489   0.02872   0.05459   0.03310   0.01779   0.01387   0.01747   0.00000   0.00000   0.00000   0.01710   0.04864   0.04445   0.00999   0.00000   0.47221   0.69841   0.96648  
 49 143.2538   5423.348564  x:  0.09865   0.06914   0.45555   0.40004   0.13286   0.36994   0.15939   0.12432   0.11856   0.12326   0.16632   0.00000   0.00437   0.06623   0.19977   0.16894   0.09187   0.59878   0.07766   0.09779   0.82770   0.00000   0.07753   0.02227   0.00000   0.03144   0.10049   0.11698   0.07653   0.16955   0.07962   0.02018   0.14482   0.10730   0.13882   0.19138   0.11968   0.00000   0.07997   0.03772   0.02941   0.19986   0.05801   0.12377   0.00000   0.01642   0.03692   0.04248   0.03125   0.04864   0.03672   0.02401   0.01467   0.02078   0.00000   0.00000   0.00000   0.01645   0.05394   0.03013   0.01080   0.00000   0.47008   0.69069   1.55162  
 50 280.7162   5405.285389  x:  0.06525   0.08731   0.48519   0.34931   0.13052   0.41030   0.14823   0.13915   0.12226   0.10269   0.25519   0.00000   0.00578   0.06379   0.23245   0.15079   0.09906   0.60832   0.07111   0.14334   0.84926   0.00000   0.07068   0.02701   0.00000   0.03268   0.10424   0.08358   0.09329   0.17475   0.07568   0.02175   0.12920   0.13154   0.12239   0.20771   0.13557   0.00000   0.09611   0.03941   0.03135   0.17453   0.07256   0.12951   0.00000   0.01799   0.03692   0.04211   0.03345   0.04352   0.04095   0.02886   0.01525   0.02402   0.00000   0.00000   0.00000   0.01589   0.05325   0.00658   0.01160   0.00000   0.49034   0.69830   2.02591  
 51 275.3551   5402.686266  x:  0.05660   0.09712   0.49302   0.33492   0.13247   0.41966   0.14115   0.14319   0.11916   0.09567   0.27714   0.00000   0.00617   0.06486   0.24095   0.14491   0.10279   0.61266   0.06582   0.15870   0.85415   0.00000   0.06901   0.02789   0.00000   0.03309   0.10547   0.07492   0.09465   0.17950   0.07425   0.02217   0.12701   0.13751   0.11925   0.21517   0.13883   0.00000   0.10021   0.03970   0.03173   0.16802   0.07366   0.13118   0.02047   0.01843   0.03719   0.04200   0.03400   0.04210   0.04180   0.03025   0.01544   0.02482   0.00000   0.00000   0.00000   0.01574   0.05339   0.00336   0.01175   0.00000   0.49753   0.70039   2.15783  
 52 1853.8174   5396.615729  x:  0.04539   0.13875   0.50419   0.30774   0.14931   0.42565   0.10847   0.14984   0.09248   0.07768   0.30125   0.00000   0.00684   0.07579   0.25203   0.13034   0.11824   0.62996   0.03813   0.20061   0.85666   0.00000   0.06746   0.02716   0.00000   0.03418   0.10854   0.06371   0.07954   0.20435   0.07028   0.02284   0.13435   0.14335   0.12151   0.24498   0.13829   0.00000   0.10527   0.03933   0.03152   0.15911   0.06022   0.13507   0.01831   0.01922   0.03906   0.04174   0.03468   0.03966   0.04160   0.03289   0.01593   0.02563   0.00000   0.00000   0.00000   0.01555   0.05540   0.01508   0.01160   0.00000   0.51854   0.70399   2.38946  
 53 635.0057   5392.757282  x:  0.05808   0.14696   0.48155   0.27508   0.13778   0.41090   0.10313   0.15381   0.10069   0.12191   0.30623   0.00000   0.00713   0.07048   0.25091   0.13097   0.15991   0.67005   0.01305   0.22921   0.84930   0.00000   0.07180   0.02674   0.00000   0.03493   0.10960   0.07641   0.07331   0.19268   0.07729   0.02282   0.13869   0.13308   0.12918   0.27879   0.13771   0.00000   0.06936   0.04084   0.03119   0.16074   0.05820   0.14017   0.01895   0.01985   0.04116   0.04344   0.03456   0.03809   0.04018   0.03391   0.01682   0.02626   0.00000   0.00000   0.00000   0.01538   0.05731   0.01506   0.01153   0.00000   0.55152   0.70812   2.50287  
 54 99.9152   5392.145885  x:  0.06155   0.14109   0.46972   0.27067   0.13708   0.40717   0.11111   0.15494   0.10093   0.12534   0.30391   0.00000   0.00728   0.07003   0.25340   0.13438   0.17518   0.68342   0.00569   0.22904   0.85028   0.00000   0.07263   0.02670   0.00000   0.03512   0.10969   0.07988   0.06975   0.19084   0.08153   0.02293   0.14029   0.13031   0.12332   0.28788   0.13706   0.00000   0.09118   0.04108   0.03104   0.16081   0.05763   0.14170   0.01915   0.02001   0.04179   0.04391   0.03449   0.03781   0.03987   0.03407   0.01710   0.02626   0.00000   0.00000   0.00000   0.01539   0.05787   0.01526   0.01149   0.00000   0.56004   0.71008   2.51976  
 55 38.2937   5391.616003  x:  0.06146   0.14389   0.45545   0.27533   0.12924   0.40683   0.12173   0.15661   0.10242   0.10412   0.30109   0.00000   0.00753   0.07105   0.26080   0.13424   0.19445   0.69329   0.00264   0.21585   0.85601   0.00000   0.07349   0.02699   0.00000   0.03519   0.11007   0.07979   0.06730   0.19225   0.08786   0.02282   0.14109   0.13473   0.12131   0.29143   0.13806   0.00000   0.08404   0.04133   0.03098   0.15409   0.06039   0.13459   0.01896   0.02017   0.04199   0.04444   0.03452   0.03755   0.04004   0.03423   0.01724   0.02602   0.00000   0.00000   0.00000   0.01548   0.05849   0.01515   0.01148   0.00000   0.56423   0.71357   2.52408  
 56 13.5597   5387.799936  x:  0.04365   0.15603   0.44983   0.29852   0.13437   0.40216   0.08063   0.16385   0.09312   0.12927   0.32778   0.00000   0.00798   0.07112   0.26470   0.15229   0.22029   0.73242   0.02269   0.15285   0.86606   0.00000   0.07475   0.02776   0.00000   0.03556   0.11190   0.06197   0.07571   0.18894   0.09727   0.02289   0.13974   0.13882   0.12572   0.24849   0.14261   0.00000   0.08883   0.04327   0.03037   0.16272   0.05918   0.12327   0.01809   0.02134   0.04271   0.04734   0.03556   0.03468   0.04114   0.03535   0.01764   0.02408   0.00000   0.00000   0.00000   0.01639   0.06214   0.01487   0.01164   0.00000   0.55756   0.74436   2.45533  
 57  6.3600   5365.052712  x:  0.04655   0.14248   0.46537   0.34816   0.14802   0.40323   0.17247   0.17439   0.10634   0.14696   0.41499   0.00000   0.00973   0.04210   0.27022   0.16713   0.12722   0.84956   0.07128   0.18880   0.92017   0.00000   0.07942   0.02382   0.00000   0.03957   0.12669   0.06487   0.09200   0.21237   0.07571   0.02529   0.12825   0.13383   0.14877   0.10561   0.15948   0.00000   0.08662   0.04921   0.02234   0.20501   0.09952   0.09674   0.01820   0.02775   0.04642   0.06694   0.04047   0.01607   0.03704   0.04173   0.02058   0.01459   0.00000   0.00000   0.00000   0.02206   0.08390   0.02384   0.01120   0.00000   0.52559   0.91376   1.97992  
 58 50.1599   5353.228343  x:  0.04633   0.12638   0.52386   0.37843   0.14359   0.42586   0.15386   0.18387   0.14941   0.13801   0.41859   0.00000   0.00948   0.03095   0.30263   0.19590   0.05597   0.89850   0.10036   0.18858   0.94470   0.00000   0.08584   0.02490   0.00000   0.04143   0.13229   0.06464   0.10601   0.16209   0.10908   0.02591   0.10406   0.12085   0.13900   0.15714   0.16829   0.00000   0.08875   0.05138   0.02018   0.13655   0.11878   0.14307   0.01945   0.03139   0.04688   0.07672   0.04307   0.00637   0.03782   0.04452   0.02131   0.00891   0.00000   0.00000   0.00000   0.02497   0.09469   0.02832   0.01042   0.00000   0.49915   1.00210   1.70930  
 59 160.8439   5351.418416  x:  0.03481   0.11544   0.54843   0.37333   0.14999   0.46231   0.14977   0.18004   0.16359   0.15938   0.39052   0.00000   0.00916   0.02466   0.31321   0.17923   0.07509   0.88328   0.08634   0.18922   0.94701   0.00000   0.08504   0.02413   0.00000   0.04191   0.13268   0.05312   0.10962   0.16427   0.10222   0.02607   0.10318   0.14423   0.13649   0.16480   0.17288   0.00000   0.09291   0.05017   0.01840   0.11810   0.12817   0.12355   0.01909   0.03167   0.04540   0.08122   0.04340   0.00495   0.03557   0.04492   0.02062   0.00809   0.00000   0.00000   0.00000   0.02534   0.09555   0.02970   0.00958   0.00000   0.51044   1.00829   1.66201  
 60 42.8570   5351.032836  x:  0.03626   0.11253   0.54950   0.37278   0.14654   0.47341   0.13659   0.17906   0.17154   0.15592   0.38185   0.00000   0.00898   0.02104   0.32560   0.17989   0.08268   0.87819   0.07848   0.19730   0.95203   0.00000   0.08446   0.02368   0.00000   0.04222   0.13290   0.05458   0.11637   0.16715   0.10229   0.02659   0.10593   0.13076   0.12663   0.15350   0.17604   0.00000   0.09268   0.04987   0.01798   0.12057   0.13008   0.12405   0.01881   0.03153   0.04509   0.08148   0.04348   0.00466   0.03428   0.04510   0.02042   0.00874   0.00000   0.00000   0.00000   0.02545   0.09473   0.02986   0.00939   0.00000   0.51556   1.00746   1.65086  
 61 16.6103   5349.285804  x:  0.03374   0.12613   0.55262   0.36201   0.15098   0.48099   0.14487   0.17942   0.17267   0.14944   0.36054   0.00000   0.00849   0.01889   0.33923   0.23379   0.09142   0.88886   0.07267   0.20466   0.95080   0.00000   0.08220   0.02292   0.00000   0.04199   0.13550   0.05205   0.11726   0.17489   0.09075   0.02638   0.09825   0.15636   0.12261   0.14442   0.17729   0.00000   0.08713   0.04967   0.01837   0.13384   0.11920   0.14688   0.01792   0.03153   0.04482   0.07953   0.04348   0.00276   0.03331   0.04534   0.02032   0.01019   0.00000   0.00000   0.00000   0.02598   0.09300   0.02938   0.00947   0.00000   0.51929   1.00285   1.61097  
 62  3.2591   5344.805262  x:  0.03540   0.12683   0.55442   0.37411   0.15686   0.48741   0.14425   0.18129   0.17025   0.14697   0.36112   0.00000   0.00855   0.01960   0.32880   0.23063   0.09437   0.91426   0.06451   0.21082   0.96676   0.00000   0.07830   0.02222   0.00000   0.04178   0.13661   0.05372   0.11357   0.18070   0.08959   0.02584   0.10065   0.15059   0.12947   0.15192   0.17859   0.00000   0.08783   0.04889   0.01923   0.12955   0.11863   0.14338   0.01708   0.03158   0.04460   0.07543   0.04302   0.00000   0.03261   0.04566   0.02030   0.01199   0.00000   0.00000   0.00000   0.02685   0.09120   0.02884   0.00960   0.00000   0.51981   0.99367   1.56197  
 63 19.0746   5332.258840  x:  0.03479   0.13975   0.60205   0.44274   0.15224   0.42345   0.16915   0.18058   0.14341   0.18399   0.30869   0.00000   0.00893   0.00843   0.50849   0.12839   0.06224   1.03094   0.07510   0.21162   1.00198   0.00000   0.06347   0.01762   0.00000   0.04075   0.13954   0.05311   0.08933   0.20415   0.09377   0.02345   0.12462   0.16230   0.11900   0.18628   0.17754   0.00000   0.08539   0.04633   0.02490   0.17035   0.09484   0.13761   0.01277   0.03183   0.04311   0.05797   0.03821   0.00083   0.02858   0.04487   0.01900   0.01834   0.00000   0.00000   0.00000   0.02666   0.08432   0.02616   0.01063   0.00000   0.53357   0.93244   1.23778  
 64 10.0243   5310.746114  x:  0.05107   0.14271   0.59039   0.51607   0.20258   0.52307   0.15284   0.19040   0.14349   0.15430   0.31577   0.00000   0.00869   0.01348   0.39529   0.18295   0.10470   1.16190   0.00000   0.26740   1.14419   0.00000   0.03567   0.01353   0.00000   0.03785   0.14888   0.06939   0.08072   0.23514   0.07663   0.01798   0.14279   0.14338   0.17073   0.22711   0.18773   0.00000   0.08935   0.04011   0.03150   0.12627   0.09634   0.12848   0.00745   0.03058   0.04052   0.02331   0.03178   0.00409   0.02332   0.04345   0.01835   0.03055   0.00000   0.00000   0.00000   0.02620   0.06586   0.02409   0.01129   0.00000   0.53487   0.86693   0.70844  
 65 67.3357   5296.836291  x:  0.04801   0.14051   0.61037   0.51733   0.20619   0.53388   0.14971   0.20590   0.14959   0.13991   0.34194   0.00000   0.00936   0.00000   0.35458   0.16937   0.13533   1.26081   0.00000   0.26381   1.23896   0.00000   0.05475   0.01621   0.00000   0.03847   0.14548   0.06631   0.06700   0.24397   0.07120   0.01855   0.14811   0.13501   0.18194   0.22761   0.19205   0.00000   0.08964   0.03752   0.03186   0.11699   0.09419   0.14630   0.00294   0.03203   0.03843   0.02628   0.03721   0.00451   0.02324   0.04239   0.01831   0.02862   0.00000   0.00000   0.00000   0.02644   0.06427   0.02459   0.01040   0.00000   0.51061   0.76419   1.27382  
 66  1.5685   5289.406839  x:  0.04845   0.13950   0.63436   0.52382   0.20234   0.54539   0.14798   0.21241   0.15282   0.13828   0.34735   0.00000   0.00987   0.00075   0.34612   0.16809   0.13559   1.32324   0.00000   0.25961   1.28189   0.00000   0.05868   0.01878   0.00000   0.03728   0.14442   0.06674   0.06358   0.24533   0.07518   0.01742   0.14992   0.13843   0.17762   0.22313   0.19469   0.00000   0.08943   0.03477   0.03106   0.11776   0.09270   0.14872   0.00000   0.03289   0.03499   0.03156   0.03700   0.00454   0.02401   0.04016   0.01720   0.02723   0.00000   0.00000   0.00000   0.02559   0.06369   0.02556   0.00961   0.00000   0.49591   0.74090   1.08387  
 67  1.3441   5279.995644  x:  0.04616   0.13159   0.67389   0.52394   0.19251   0.55201   0.14897   0.22423   0.16016   0.14002   0.36140   0.00000   0.01059   0.00000   0.34280   0.16110   0.13742   1.42214   0.00000   0.24559   1.34976   0.00000   0.05989   0.02002   0.00000   0.03478   0.14096   0.06444   0.06305   0.24451   0.07741   0.01542   0.14787   0.14165   0.16821   0.21180   0.19916   0.00000   0.08885   0.03245   0.03218   0.12302   0.09302   0.15443   0.00000   0.03321   0.03110   0.02583   0.03631   0.00460   0.02529   0.03464   0.01562   0.02655   0.00000   0.00000   0.00000   0.02271   0.05786   0.02805   0.00921   0.00000   0.47932   0.69113   1.02911  
 68  0.8101   5279.995644  x:  0.04616   0.13159   0.67389   0.52394   0.19251   0.55201   0.14897   0.22423   0.16016   0.14002   0.36140   0.00000   0.01059   0.00000   0.34280   0.16110   0.13742   1.42214   0.00000   0.24559   1.34976   0.00000   0.05989   0.02002   0.00000   0.03478   0.14096   0.06444   0.06305   0.24451   0.07741   0.01542   0.14787   0.14165   0.16821   0.21180   0.19916   0.00000   0.08885   0.03245   0.03218   0.12302   0.09302   0.15443   0.00000   0.03321   0.03110   0.02583   0.03631   0.00460   0.02529   0.03464   0.01562   0.02655   0.00000   0.00000   0.00000   0.02271   0.05786   0.02805   0.00921   0.00000   0.47932   0.69113   1.02911  
 69  1.2462   5273.825222  x:  0.04711   0.12872   0.68112   0.52118   0.19090   0.55115   0.14917   0.23439   0.16317   0.13956   0.36069   0.00000   0.00403   0.00627   0.34050   0.16089   0.13807   1.42943   0.00000   0.24447   1.34941   0.00000   0.06138   0.01939   0.00000   0.02872   0.13902   0.06539   0.06437   0.24749   0.07739   0.01277   0.14593   0.14202   0.16489   0.20921   0.19987   0.00000   0.08818   0.03097   0.02591   0.12372   0.09346   0.15517   0.00000   0.02613   0.02923   0.04005   0.02397   0.01452   0.02643   0.01786   0.01107   0.01164   0.00000   0.00000   0.00000   0.00557   0.05229   0.03607   0.00342   0.00000   0.47817   0.69107   1.02900  
 70 246.6357   5272.671370  x:  0.04752   0.12737   0.68457   0.51986   0.19017   0.55074   0.14922   0.23901   0.16450   0.13928   0.36029   0.00000   0.00764   0.00816   0.33939   0.16073   0.13838   1.43294   0.00000   0.24392   1.34925   0.00000   0.06193   0.01933   0.00000   0.02665   0.13816   0.06580   0.06493   0.24886   0.07741   0.01220   0.14507   0.14219   0.16339   0.20800   0.20020   0.00000   0.08790   0.03052   0.02380   0.12403   0.09366   0.15549   0.00000   0.02383   0.02869   0.04335   0.01983   0.01310   0.02659   0.01210   0.01117   0.00735   0.00000   0.00000   0.00000   0.00323   0.05014   0.03825   0.00873   0.00000   0.47769   0.69103   1.02895  
 71 334.3855   5271.833316  x:  0.04802   0.12557   0.68918   0.51810   0.18921   0.55018   0.14924   0.24500   0.16620   0.13886   0.35972   0.00000   0.00799   0.01013   0.33791   0.16049   0.13877   1.43765   0.00000   0.24319   1.34904   0.00000   0.06256   0.01938   0.00000   0.02452   0.13706   0.06630   0.06561   0.25066   0.07744   0.01183   0.14397   0.14242   0.16146   0.20641   0.20062   0.00000   0.08755   0.03007   0.02166   0.12444   0.09392   0.15588   0.00000   0.02175   0.02818   0.04628   0.01605   0.01010   0.02677   0.00768   0.01180   0.00548   0.00000   0.00000   0.00000   0.00829   0.04768   0.04038   0.00852   0.00000   0.47709   0.69098   1.02888  
 72 282.0470   5270.306338  x:  0.04904   0.12172   0.69917   0.51430   0.18719   0.54897   0.14924   0.25758   0.16968   0.13792   0.35844   0.00000   0.00810   0.01334   0.33469   0.15993   0.13963   1.44793   0.00000   0.24161   1.34857   0.00000   0.06367   0.01966   0.00000   0.02142   0.13482   0.06732   0.06695   0.25445   0.07750   0.01174   0.14170   0.14291   0.15743   0.20300   0.20152   0.00000   0.08685   0.02943   0.01869   0.12528   0.09446   0.15668   0.00000   0.01937   0.02753   0.04999   0.01262   0.00316   0.02701   0.00936   0.01328   0.00960   0.00000   0.00000   0.00000   0.00724   0.04331   0.04348   0.00725   0.00000   0.47589   0.69085   1.02873  
 73 267.2296   5267.451492  x:  0.05212   0.10909   0.73237   0.50170   0.18066   0.54491   0.14905   0.29783   0.18054   0.13462   0.35403   0.00000   0.01195   0.02070   0.32403   0.15793   0.14244   1.48235   0.00000   0.23635   1.34702   0.00000   0.06653   0.02090   0.00000   0.01658   0.12788   0.07040   0.07092   0.26667   0.07769   0.01310   0.13464   0.14446   0.14470   0.19191   0.20442   0.00000   0.08481   0.02838   0.01466   0.12792   0.09614   0.15915   0.00000   0.01582   0.02670   0.05556   0.01655   0.01176   0.02570   0.01667   0.01734   0.01730   0.00000   0.00000   0.00000   0.01133   0.03257   0.04920   0.01021   0.00000   0.47217   0.69035   1.02823  
 74 403.2142   5262.164136  x:  0.05676   0.08504   0.79880   0.47683   0.16846   0.53670   0.14801   0.37126   0.19878   0.12797   0.34481   0.00000   0.00876   0.02584   0.30320   0.15386   0.14805   1.55267   0.00000   0.22610   1.34388   0.00000   0.06877   0.02214   0.00000   0.03061   0.11690   0.07504   0.07654   0.28911   0.07761   0.01682   0.12314   0.14706   0.12303   0.17125   0.20971   0.00000   0.08209   0.02991   0.02968   0.13235   0.09885   0.16328   0.00000   0.02431   0.02901   0.05194   0.03260   0.00547   0.01873   0.01159   0.01238   0.01125   0.00000   0.00000   0.00000   0.00936   0.03333   0.04801   0.00953   0.00000   0.46591   0.68901   1.02722  
 75 422.4880   5259.175960  x:  0.05717   0.07345   0.84269   0.46181   0.16270   0.53115   0.14646   0.40751   0.20422   0.12462   0.33876   0.00000   0.00945   0.01813   0.29147   0.15199   0.15186   1.60238   0.00000   0.22034   1.34169   0.00000   0.06637   0.01656   0.00000   0.03048   0.11595   0.07545   0.07625   0.29954   0.07662   0.01464   0.12206   0.14757   0.11938   0.16231   0.21207   0.00000   0.08312   0.03177   0.02696   0.13287   0.09846   0.16455   0.00000   0.02516   0.03020   0.03633   0.01978   0.00871   0.03076   0.01387   0.01556   0.00685   0.00000   0.00000   0.00000   0.00769   0.05201   0.03476   0.00668   0.00000   0.46446   0.68729   1.02647  
 76 232.4543   5258.323650  x:  0.05623   0.07241   0.85847   0.45752   0.16207   0.52915   0.14567   0.41392   0.20270   0.12456   0.33707   0.00000   0.00520   0.01320   0.28885   0.15216   0.15332   1.62235   0.00000   0.21901   1.34082   0.00000   0.06476   0.01889   0.00000   0.02796   0.11858   0.07451   0.07448   0.30071   0.07612   0.01454   0.12491   0.14716   0.12381   0.16231   0.21222   0.00000   0.08444   0.03142   0.02347   0.13191   0.09745   0.16421   0.00000   0.02563   0.02938   0.03293   0.01896   0.00941   0.03013   0.01044   0.01069   0.01112   0.00000   0.00000   0.00000   0.00757   0.05398   0.03298   0.00995   0.00000   0.46555   0.68614   1.02617  
 77 144.7789   5256.617753  x:  0.05325   0.07318   0.89492   0.44880   0.16201   0.52452   0.14378   0.42204   0.19591   0.12580   0.33389   0.00000   0.01068   0.00244   0.28457   0.15349   0.15676   1.67082   0.00000   0.21673   1.33871   0.00000   0.06071   0.02432   0.00000   0.02293   0.12697   0.07154   0.06921   0.30082   0.07493   0.01476   0.13387   0.14567   0.13830   0.16548   0.21188   0.00000   0.08794   0.03016   0.01797   0.12881   0.09464   0.16272   0.00000   0.02603   0.02738   0.03193   0.02234   0.00832   0.02409   0.00978   0.00772   0.00893   0.00000   0.00000   0.00000   0.00671   0.05400   0.03344   0.00506   0.00000   0.46959   0.68290   1.02540  
 78 262.8000   5255.563531  x:  0.05186   0.07422   0.91185   0.44505   0.16225   0.52238   0.14302   0.42418   0.19212   0.12685   0.33277   0.00000   0.00836   0.00000   0.28311   0.15439   0.15835   1.69406   0.00000   0.21588   1.33770   0.00000   0.05908   0.02533   0.00000   0.02229   0.13099   0.07014   0.06681   0.30026   0.07443   0.01459   0.13809   0.14490   0.14519   0.16762   0.21156   0.00000   0.08939   0.02983   0.01833   0.12732   0.09343   0.16192   0.00000   0.02612   0.02706   0.03330   0.02305   0.00781   0.02245   0.01070   0.01184   0.00710   0.00000   0.00000   0.00000   0.00656   0.05348   0.03434   0.00612   0.00000   0.47174   0.68123   1.02503  
 79 484.0888   5253.031756  x:  0.04740   0.08101   0.97516   0.43252   0.16410   0.51447   0.14107   0.42462   0.17577   0.13329   0.33067   0.00000   0.01036   0.00986   0.28044   0.15909   0.16416   1.78501   0.00000   0.21370   1.33373   0.00000   0.05573   0.01925   0.00000   0.02815   0.14478   0.06568   0.05951   0.29549   0.07315   0.01250   0.15219   0.14192   0.16865   0.17817   0.20970   0.00000   0.09304   0.03060   0.03031   0.12220   0.09014   0.15864   0.00000   0.02514   0.02967   0.04177   0.01931   0.00886   0.02888   0.01445   0.00729   0.00946   0.00000   0.00000   0.00000   0.00900   0.05028   0.03802   0.00793   0.00000   0.48041   0.67412   1.02353  
 80 398.4543   5252.290018  x:  0.04739   0.08406   0.99319   0.42986   0.16529   0.51225   0.14091   0.42065   0.17084   0.13565   0.33087   0.00000   0.01223   0.01545   0.28116   0.16035   0.16541   1.81392   0.00000   0.21340   1.33251   0.00000   0.05788   0.01780   0.00000   0.02972   0.14619   0.06567   0.05992   0.29284   0.07348   0.01317   0.15364   0.14135   0.17169   0.18190   0.20888   0.00000   0.09235   0.03123   0.03004   0.12165   0.09045   0.15784   0.00000   0.02487   0.03036   0.03928   0.02111   0.00945   0.03004   0.00898   0.01152   0.01330   0.00000   0.00000   0.00000   0.00762   0.04883   0.03675   0.00576   0.00000   0.48254   0.67147   1.02302  
 81 228.6660   5250.410625  x:  0.05014   0.09335   1.03699   0.42542   0.16964   0.50691   0.14130   0.40205   0.15917   0.14186   0.33275   0.00000   0.00913   0.02963   0.28613   0.16263   0.16731   1.89163   0.00000   0.21319   1.32932   0.00000   0.06869   0.01779   0.00000   0.03033   0.14313   0.06842   0.06635   0.28376   0.07563   0.01509   0.15063   0.14078   0.16967   0.19182   0.20634   0.00000   0.08685   0.03247   0.02039   0.12269   0.09397   0.15646   0.00000   0.02241   0.03032   0.02922   0.02427   0.00741   0.02808   0.01190   0.00970   0.00665   0.00000   0.00000   0.00000   0.00716   0.04500   0.03166   0.00622   0.00000   0.48644   0.66351   1.02155  
 82 256.6930   5248.425836  x:  0.05408   0.10314   1.08387   0.42338   0.17582   0.50120   0.14221   0.36891   0.15055   0.14605   0.33504   0.00000   0.01101   0.02444   0.29508   0.16161   0.16656   1.98942   0.00000   0.21297   1.32564   0.00000   0.07542   0.02410   0.00000   0.02734   0.13056   0.07236   0.07497   0.27132   0.07788   0.01078   0.13811   0.14172   0.15302   0.20003   0.20331   0.00000   0.07939   0.03061   0.02242   0.12719   0.09954   0.15650   0.00000   0.03427   0.02716   0.03590   0.01750   0.00949   0.02396   0.01270   0.01025   0.00938   0.00000   0.00000   0.00000   0.00804   0.05132   0.03429   0.00651   0.00000   0.48742   0.65210   1.01953  
 83 196.5946   5247.214831  x:  0.05435   0.10673   1.10822   0.42387   0.17909   0.49837   0.14321   0.34470   0.15092   0.14639   0.33665   0.00000   0.01030   0.01285   0.30154   0.15920   0.16417   2.05188   0.00000   0.21278   1.32357   0.00000   0.07166   0.01749   0.00000   0.02352   0.12194   0.07263   0.07625   0.26434   0.07860   0.01630   0.12934   0.14317   0.13933   0.20136   0.20190   0.00000   0.07878   0.02976   0.02424   0.13007   0.10100   0.15758   0.00000   0.02747   0.02896   0.04058   0.02324   0.00796   0.03086   0.01135   0.00907   0.00976   0.00000   0.00000   0.00000   0.00808   0.05134   0.03738   0.00708   0.00000   0.48573   0.64398   1.01812  
 84 202.6789   5246.563593  x:  0.05239   0.10590   1.11693   0.42584   0.17981   0.49769   0.14457   0.32917   0.15725   0.14503   0.33851   0.00000   0.01061   0.00916   0.30585   0.15716   0.16114   2.08952   0.00000   0.21288   1.32263   0.00000   0.06498   0.01941   0.00000   0.03028   0.11887   0.07067   0.07288   0.26211   0.07795   0.01375   0.12582   0.14431   0.13144   0.19823   0.20176   0.00000   0.08231   0.03099   0.02478   0.13096   0.09955   0.15886   0.00000   0.01962   0.03016   0.03802   0.01984   0.00883   0.02805   0.01140   0.00934   0.01086   0.00000   0.00000   0.00000   0.00786   0.04610   0.03771   0.00661   0.00000   0.48262   0.63835   1.01717  
 85 118.3118   5245.957957  x:  0.04903   0.10101   1.11823   0.43034   0.17902   0.49850   0.14691   0.31261   0.17077   0.14178   0.34193   0.00000   0.01036   0.01438   0.31073   0.15495   0.15609   2.13169   0.00000   0.21342   1.32203   0.00000   0.05860   0.01595   0.00000   0.02782   0.11960   0.06731   0.06615   0.26283   0.07708   0.01451   0.12598   0.14565   0.12695   0.19039   0.20258   0.00000   0.08792   0.03150   0.02163   0.13056   0.09586   0.16067   0.00000   0.02703   0.02906   0.03714   0.01927   0.00874   0.02604   0.01155   0.00942   0.00988   0.00000   0.00000   0.00000   0.00778   0.04297   0.03631   0.00664   0.00000   0.47735   0.63126   1.01596  
 86 86.6887   5245.584538  x:  0.04834   0.09597   1.11405   0.43510   0.17827   0.50013   0.14841   0.30275   0.18127   0.13843   0.34458   0.00000   0.01038   0.01837   0.31373   0.15370   0.15207   2.16261   0.00000   0.21414   1.32193   0.00000   0.06101   0.02339   0.00000   0.02479   0.12200   0.06662   0.06385   0.26517   0.07713   0.01480   0.12819   0.14618   0.12779   0.18412   0.20362   0.00000   0.08924   0.03067   0.02326   0.12977   0.09410   0.16204   0.00000   0.02606   0.02864   0.03799   0.02134   0.00817   0.02988   0.01158   0.00971   0.00919   0.00000   0.00000   0.00000   0.00779   0.04538   0.03537   0.00658   0.00000   0.47361   0.62585   1.01498  
 87 91.0677   5245.043491  x:  0.05157   0.08719   1.09934   0.44487   0.17778   0.50432   0.14960   0.29326   0.19461   0.13204   0.34796   0.00000   0.01058   0.01690   0.31672   0.15263   0.14625   2.21083   0.00000   0.21586   1.32241   0.00000   0.07082   0.01826   0.00000   0.02530   0.12734   0.06985   0.06773   0.27094   0.07841   0.01399   0.13318   0.14593   0.13504   0.17637   0.20559   0.00000   0.08525   0.02954   0.02443   0.12833   0.09462   0.16355   0.00000   0.02217   0.02889   0.03845   0.02101   0.00848   0.02488   0.01171   0.00956   0.01067   0.00000   0.00000   0.00000   0.00807   0.04942   0.03841   0.00683   0.00000   0.46944   0.61751   1.01329  
 88 77.4546   5244.702894  x:  0.05468   0.08196   1.08223   0.45359   0.17824   0.50857   0.14952   0.29267   0.19797   0.12872   0.34965   0.00000   0.01063   0.01315   0.31714   0.15345   0.14346   2.24636   0.00000   0.21782   1.32331   0.00000   0.07057   0.01907   0.00000   0.03033   0.12844   0.07296   0.07270   0.27495   0.07877   0.01545   0.13483   0.14505   0.14030   0.17505   0.20665   0.00000   0.08166   0.03244   0.02120   0.12792   0.09699   0.16319   0.00000   0.02579   0.02978   0.04030   0.02025   0.00856   0.02953   0.01176   0.00961   0.01019   0.00000   0.00000   0.00000   0.00808   0.04464   0.03747   0.00688   0.00000   0.46929   0.61199   1.01184  
 89 62.9881   5244.198963  x:  0.05712   0.07630   1.04956   0.46807   0.17929   0.51605   0.14888   0.29842   0.19544   0.12700   0.35172   0.00000   0.01034   0.01290   0.31597   0.15656   0.14111   2.30185   0.00000   0.22148   1.32530   0.00000   0.06351   0.01877   0.00000   0.02496   0.12618   0.07540   0.07747   0.27949   0.07741   0.01096   0.13389   0.14349   0.14413   0.17760   0.20754   0.00000   0.07986   0.03122   0.02630   0.12838   0.10041   0.16144   0.00000   0.02592   0.02841   0.03716   0.02050   0.00832   0.03015   0.01136   0.00944   0.00930   0.00000   0.00000   0.00000   0.00763   0.03975   0.03418   0.00643   0.00000   0.47192   0.60446   1.00935  
 90 83.4668   5243.681343  x:  0.05654   0.07202   1.00958   0.48404   0.18011   0.52450   0.14804   0.30814   0.18869   0.12753   0.35341   0.00000   0.01054   0.01617   0.31353   0.16011   0.13955   2.36482   0.00000   0.22536   1.32794   0.00000   0.05720   0.02054   0.00000   0.02516   0.12289   0.07482   0.07767   0.28281   0.07549   0.01844   0.13152   0.14257   0.14441   0.18195   0.20797   0.00000   0.08220   0.02916   0.02600   0.12913   0.10153   0.15932   0.00000   0.02418   0.02899   0.03682   0.01877   0.00883   0.02680   0.01172   0.00969   0.00988   0.00000   0.00000   0.00000   0.00772   0.04522   0.03636   0.00643   0.00000   0.47564   0.59699   1.00638  
 91 144.2700   5243.328122  x:  0.05389   0.07111   0.98181   0.49349   0.18018   0.52959   0.14736   0.31587   0.18278   0.12909   0.35362   0.00000   0.01044   0.01678   0.31116   0.16137   0.13909   2.40634   0.00000   0.22714   1.32999   0.00000   0.05916   0.01966   0.00000   0.02732   0.12178   0.07217   0.07385   0.28349   0.07390   0.01313   0.12984   0.14265   0.14136   0.18466   0.20789   0.00000   0.08548   0.03055   0.02179   0.12945   0.09976   0.15812   0.00000   0.02357   0.02945   0.03913   0.02219   0.00819   0.02719   0.01167   0.00969   0.01024   0.00000   0.00000   0.00000   0.00807   0.04949   0.03797   0.00690   0.00000   0.47747   0.59311   1.00431  
 92 134.0777   5243.109035  x:  0.05093   0.07348   0.96210   0.49769   0.17960   0.53197   0.14682   0.32170   0.17852   0.13118   0.35241   0.00000   0.01045   0.01397   0.30887   0.16021   0.13936   2.43380   0.00000   0.22683   1.33180   0.00000   0.06722   0.01919   0.00000   0.02679   0.12307   0.06921   0.06852   0.28200   0.07441   0.01497   0.12989   0.14382   0.13699   0.18567   0.20740   0.00000   0.08699   0.03186   0.02393   0.12933   0.09644   0.15795   0.00000   0.02452   0.02885   0.03834   0.02037   0.00853   0.02755   0.01165   0.00955   0.01006   0.00000   0.00000   0.00000   0.00788   0.04608   0.03657   0.00669   0.00000   0.47724   0.59223   1.00276  
 93 66.6837   5243.019928  x:  0.05140   0.07863   0.95214   0.49530   0.17845   0.53109   0.14684   0.32400   0.17825   0.13327   0.35033   0.00000   0.01041   0.01400   0.30747   0.15737   0.14042   2.44574   0.00000   0.22422   1.33336   0.00000   0.06617   0.01928   0.00000   0.02748   0.12564   0.06968   0.06794   0.27900   0.07677   0.01450   0.13187   0.14500   0.13493   0.18468   0.20679   0.00000   0.08426   0.02771   0.02348   0.12868   0.09516   0.15937   0.00000   0.02503   0.03007   0.03781   0.02042   0.00851   0.02818   0.01165   0.00958   0.00990   0.00000   0.00000   0.00000   0.00785   0.04569   0.03684   0.00667   0.00000   0.47481   0.59477   1.00173  
 94 19.9467   5242.938061  x:  0.05241   0.08467   0.94174   0.49066   0.17708   0.52930   0.14689   0.32583   0.17879   0.13541   0.34775   0.00000   0.01041   0.01475   0.30617   0.15431   0.14198   2.45754   0.00000   0.22070   1.33528   0.00000   0.06393   0.01950   0.00000   0.02673   0.12773   0.07069   0.06852   0.27542   0.07873   0.01458   0.13373   0.14593   0.13391   0.18324   0.20608   0.00000   0.08213   0.03142   0.02372   0.12810   0.09492   0.16113   0.00000   0.02440   0.02889   0.03809   0.02068   0.00847   0.02762   0.01164   0.00958   0.01003   0.00000   0.00000   0.00000   0.00788   0.04665   0.03698   0.00671   0.00000   0.47205   0.59859   1.00050  
 95 37.1603   5242.860868  x:  0.05272   0.08967   0.93020   0.47995   0.17589   0.52536   0.14657   0.32578   0.18091   0.13591   0.34454   0.00000   0.01043   0.01493   0.30587   0.15352   0.14483   2.46933   0.00000   0.21597   1.33820   0.00000   0.06494   0.01939   0.00000   0.02672   0.12551   0.07100   0.07053   0.27238   0.07629   0.01466   0.13237   0.14496   0.13728   0.18140   0.20540   0.00000   0.08682   0.03089   0.02372   0.12860   0.09794   0.16232   0.00000   0.02447   0.02996   0.03888   0.02060   0.00847   0.02731   0.01166   0.00960   0.01010   0.00000   0.00000   0.00000   0.00790   0.04640   0.03569   0.00672   0.00000   0.47089   0.60516   0.99868  
 96 15.3494   5242.837352  x:  0.05227   0.09029   0.92646   0.47521   0.17587   0.52367   0.14639   0.32521   0.18151   0.13538   0.34382   0.00000   0.01040   0.01496   0.30617   0.15436   0.14601   2.47299   0.00000   0.21473   1.33940   0.00000   0.06514   0.01934   0.00000   0.02711   0.12464   0.07055   0.07046   0.27250   0.07582   0.01463   0.13163   0.14456   0.13812   0.18115   0.20540   0.00000   0.08644   0.03056   0.02378   0.12885   0.09785   0.16209   0.00000   0.02471   0.02818   0.03771   0.02062   0.00847   0.02809   0.01169   0.00962   0.00994   0.00000   0.00000   0.00000   0.00788   0.04627   0.03751   0.00670   0.00000   0.47156   0.60767   0.99789  
 97 15.1478   5242.807784  x:  0.05142   0.09003   0.92160   0.46772   0.17640   0.52102   0.14618   0.32396   0.18202   0.13399   0.34343   0.00000   0.01038   0.01505   0.30695   0.15648   0.14775   2.47770   0.00000   0.21364   1.34131   0.00000   0.06503   0.01948   0.00000   0.02666   0.12393   0.06970   0.06964   0.27415   0.07612   0.01454   0.13079   0.14422   0.13823   0.18143   0.20572   0.00000   0.08379   0.03105   0.02370   0.12912   0.09643   0.16103   0.00000   0.02468   0.02983   0.03782   0.02053   0.00847   0.02770   0.01167   0.00962   0.00995   0.00000   0.00000   0.00000   0.00786   0.04623   0.03741   0.00669   0.00000   0.47362   0.61130   0.99655  
 98 15.1196   5242.799783  x:  0.05154   0.08987   0.92040   0.46552   0.17679   0.52021   0.14624   0.32359   0.18197   0.13354   0.34366   0.00000   0.01040   0.01507   0.30720   0.15698   0.14812   2.47897   0.00000   0.21362   1.34199   0.00000   0.06495   0.01934   0.00000   0.02696   0.12426   0.06982   0.06957   0.27507   0.07645   0.01467   0.13097   0.14433   0.13765   0.18178   0.20593   0.00000   0.08369   0.03067   0.02360   0.12906   0.09615   0.16065   0.00000   0.02437   0.02887   0.03855   0.02062   0.00845   0.02751   0.01167   0.00962   0.01006   0.00000   0.00000   0.00000   0.00789   0.04629   0.03632   0.00672   0.00000   0.47430   0.61230   0.99602  
 99  9.1524   5242.790494  x:  0.05237   0.08978   0.91934   0.46293   0.17763   0.51913   0.14662   0.32321   0.18154   0.13305   0.34462   0.00000   0.01038   0.01495   0.30746   0.15703   0.14813   2.48042   0.00000   0.21416   1.34311   0.00000   0.06495   0.01943   0.00000   0.02678   0.12549   0.07065   0.06988   0.27686   0.07691   0.01461   0.13197   0.14483   0.13608   0.18264   0.20637   0.00000   0.08519   0.03079   0.02367   0.12871   0.09648   0.16026   0.00000   0.02451   0.02917   0.03828   0.02058   0.00845   0.02763   0.01167   0.00962   0.01002   0.00000   0.00000   0.00000   0.00788   0.04623   0.03685   0.00671   0.00000   0.47501   0.61336   0.99497  
100  5.2500   5242.773058  x:  0.05168   0.09091   0.91941   0.46019   0.17871   0.51717   0.14820   0.32372   0.18029   0.13343   0.34826   0.00000   0.01035   0.01478   0.30724   0.15451   0.14554   2.48286   0.00000   0.21649   1.34639   0.00000   0.06493   0.01941   0.00000   0.02680   0.12534   0.06996   0.06917   0.27955   0.07463   0.01472   0.13239   0.14496   0.13620   0.18341   0.20693   0.00000   0.08406   0.03076   0.02362   0.12843   0.09812   0.16082   0.00000   0.02446   0.02915   0.03832   0.02057   0.00844   0.02760   0.01168   0.00964   0.01003   0.00000   0.00000   0.00000   0.00787   0.04624   0.03680   0.00671   0.00000   0.47357   0.61401   0.99109  
101  2.0737   5242.741631  x:  0.05135   0.09311   0.92096   0.45793   0.17938   0.51462   0.14919   0.32531   0.17960   0.13408   0.35258   0.00000   0.01029   0.01438   0.30687   0.15374   0.14159   2.48706   0.00000   0.21980   1.35257   0.00000   0.06487   0.01936   0.00000   0.02685   0.12398   0.06963   0.07040   0.28089   0.07769   0.01454   0.13083   0.14430   0.13838   0.18333   0.20695   0.00000   0.08532   0.03081   0.02372   0.12912   0.09499   0.16117   0.00000   0.02450   0.02916   0.03834   0.02054   0.00842   0.02767   0.01170   0.00967   0.01001   0.00000   0.00000   0.00000   0.00785   0.04627   0.03681   0.00671   0.00000   0.47183   0.61383   0.98284  
102  4.6037   5242.587346  x:  0.05308   0.09710   0.93182   0.45459   0.17890   0.50832   0.14494   0.33173   0.18222   0.13429   0.35808   0.00000   0.00995   0.01301   0.30601   0.16436   0.13378   2.50707   0.00000   0.22821   1.38132   0.00000   0.06478   0.01933   0.00000   0.02681   0.12725   0.07136   0.06800   0.27193   0.07611   0.01459   0.13134   0.14404   0.13742   0.17766   0.20440   0.00000   0.08489   0.03084   0.02367   0.12992   0.09673   0.15936   0.00000   0.02431   0.02916   0.03857   0.02042   0.00828   0.02765   0.01178   0.00985   0.00998   0.00000   0.00000   0.00000   0.00773   0.04636   0.03693   0.00673   0.00000   0.47399   0.60871   0.93922  
103  7.3745   5242.285526  x:  0.04736   0.08857   0.95334   0.45159   0.17603   0.50633   0.14099   0.33464   0.18329   0.13419   0.34927   0.00000   0.00929   0.01380   0.30283   0.15748   0.13983   2.54486   0.00000   0.22766   1.42781   0.00000   0.06490   0.01933   0.00000   0.02661   0.12510   0.06564   0.07363   0.26636   0.07810   0.01424   0.13725   0.14682   0.13695   0.18194   0.20469   0.00000   0.08532   0.03068   0.02347   0.12428   0.09734   0.16357   0.00000   0.02405   0.02905   0.03918   0.02018   0.00796   0.02739   0.01200   0.01030   0.00986   0.00000   0.00000   0.00000   0.00753   0.04590   0.03727   0.00677   0.00000   0.48022   0.59607   0.85510  
104 19.0467   5242.046387  x:  0.05363   0.08605   0.97101   0.45169   0.17588   0.50840   0.14344   0.33491   0.18080   0.13559   0.33883   0.00000   0.00876   0.01471   0.30138   0.15107   0.14847   2.57514   0.00000   0.21843   1.45748   0.00000   0.06480   0.01938   0.00000   0.02642   0.12751   0.07191   0.06592   0.27184   0.07524   0.01430   0.13290   0.14392   0.14005   0.18455   0.20679   0.00000   0.08557   0.03071   0.02322   0.12839   0.09354   0.16156   0.00000   0.02375   0.02901   0.03955   0.02000   0.00769   0.02717   0.01217   0.01067   0.00975   0.00000   0.00000   0.00000   0.00736   0.04555   0.03754   0.00679   0.00000   0.47940   0.58689   0.78902  
105 38.0809   5241.932599  x:  0.05002   0.09021   0.97953   0.45329   0.17612   0.51103   0.14738   0.33573   0.17804   0.13578   0.33654   0.00000   0.00850   0.01415   0.30293   0.15724   0.15151   2.58999   0.00000   0.20764   1.46071   0.00000   0.06452   0.01939   0.00000   0.02632   0.12968   0.06829   0.06656   0.28037   0.07828   0.01417   0.13261   0.14384   0.13998   0.18291   0.20626   0.00000   0.08595   0.03071   0.02310   0.12924   0.09813   0.15912   0.00000   0.02356   0.02901   0.03980   0.01992   0.00757   0.02712   0.01225   0.01084   0.00974   0.00000   0.00000   0.00000   0.00729   0.04557   0.03772   0.00682   0.00000   0.47417   0.58488   0.76025  
106 15.5834   5241.853919  x:  0.04998   0.09381   0.98487   0.45383   0.17846   0.51314   0.14794   0.33772   0.17741   0.13409   0.33951   0.00000   0.00832   0.01367   0.30414   0.16050   0.15337   2.60070   0.00000   0.20153   1.45205   0.00000   0.06449   0.01934   0.00000   0.02630   0.12787   0.06826   0.06969   0.28275   0.07290   0.01433   0.13573   0.14514   0.13915   0.18198   0.20589   0.00000   0.08610   0.03072   0.02323   0.12673   0.09269   0.16009   0.00000   0.02355   0.02901   0.03992   0.01984   0.00750   0.02713   0.01231   0.01094   0.00972   0.00000   0.00000   0.00000   0.00723   0.04554   0.03773   0.00683   0.00000   0.47310   0.58639   0.74414  
107 10.2789   5241.615551  x:  0.05040   0.09548   0.99888   0.45062   0.18529   0.51735   0.14389   0.34511   0.17994   0.12896   0.35392   0.00000   0.00775   0.01287   0.30437   0.15679   0.15831   2.63448   0.00000   0.19613   1.40317   0.00000   0.06455   0.01920   0.00000   0.02632   0.12641   0.06867   0.06347   0.27839   0.07784   0.01388   0.13585   0.14522   0.14189   0.18147   0.20656   0.00000   0.08644   0.03074   0.02303   0.12553   0.09597   0.16434   0.00000   0.02334   0.02896   0.04023   0.01963   0.00725   0.02702   0.01246   0.01128   0.00961   0.00000   0.00000   0.00000   0.00704   0.04555   0.03789   0.00685   0.00000   0.47937   0.59630   0.70454  
108 13.4017   5241.449834  x:  0.04830   0.08913   1.00742   0.44476   0.18122   0.51626   0.14456   0.34734   0.18002   0.13417   0.35484   0.00000   0.00738   0.01192   0.30134   0.15546   0.15711   2.65846   0.00000   0.20155   1.36397   0.00000   0.06404   0.01936   0.00000   0.02599   0.13468   0.06658   0.06837   0.27427   0.07514   0.01407   0.13309   0.14286   0.14153   0.18324   0.20546   0.00000   0.08657   0.03066   0.02302   0.13018   0.09427   0.16020   0.00000   0.02311   0.02895   0.04064   0.01951   0.00705   0.02696   0.01258   0.01153   0.00959   0.00000   0.00000   0.00000   0.00693   0.04526   0.03818   0.00688   0.00000   0.47763   0.60285   0.68273  
109 20.0505   5241.350773  x:  0.05042   0.08736   1.01217   0.44136   0.17439   0.51200   0.14545   0.34700   0.17808   0.13826   0.34689   0.00000   0.00716   0.01153   0.29883   0.15799   0.15318   2.67287   0.00000   0.20995   1.34020   0.00000   0.06426   0.01923   0.00000   0.02600   0.12945   0.06870   0.06559   0.27603   0.07623   0.01393   0.13678   0.14439   0.14227   0.18320   0.20601   0.00000   0.08673   0.03065   0.02290   0.12632   0.09465   0.15786   0.00000   0.02295   0.02892   0.04087   0.01942   0.00694   0.02684   0.01266   0.01170   0.00958   0.00000   0.00000   0.00000   0.00687   0.04504   0.03835   0.00690   0.00000   0.47491   0.60538   0.67564  
110 14.3819   5241.308929  x:  0.04989   0.09172   1.01436   0.44165   0.17311   0.50764   0.14384   0.34740   0.17770   0.13540   0.33980   0.00000   0.00705   0.01213   0.29901   0.15808   0.15087   2.67925   0.00000   0.21452   1.33228   0.00000   0.06410   0.01927   0.00000   0.02592   0.13109   0.06816   0.06594   0.27990   0.07546   0.01395   0.13545   0.14439   0.14224   0.18273   0.20687   0.00000   0.08684   0.03067   0.02284   0.12742   0.09445   0.16287   0.00000   0.02297   0.02890   0.04089   0.01939   0.00689   0.02680   0.01269   0.01177   0.00954   0.00000   0.00000   0.00000   0.00683   0.04500   0.03830   0.00690   0.00000   0.47786   0.60430   0.68055  
111  5.7413   5241.228423  x:  0.04888   0.09443   1.01837   0.44110   0.18075   0.49850   0.14561   0.35153   0.18030   0.13413   0.33445   0.00000   0.00687   0.01264   0.30156   0.15398   0.14967   2.69213   0.00000   0.21306   1.32760   0.00000   0.06403   0.01923   0.00000   0.02588   0.13038   0.06715   0.06646   0.28026   0.07542   0.01392   0.13676   0.14248   0.14223   0.18199   0.20324   0.00000   0.08692   0.03062   0.02285   0.12639   0.09436   0.15531   0.00000   0.02285   0.02888   0.04093   0.01935   0.00679   0.02674   0.01275   0.01190   0.00951   0.00000   0.00000   0.00000   0.00677   0.04520   0.03840   0.00691   0.00000   0.48054   0.59600   0.71566  
112  4.1082   5241.077748  x:  0.04971   0.08803   1.02638   0.43623   0.18532   0.48819   0.14671   0.35539   0.17679   0.13768   0.33613   0.00000   0.00654   0.01200   0.30253   0.15826   0.15165   2.71747   0.00000   0.20463   1.32531   0.00000   0.06363   0.01918   0.00000   0.02573   0.13137   0.06798   0.06469   0.27715   0.07572   0.01376   0.13633   0.14713   0.14436   0.18388   0.20723   0.00000   0.08714   0.03065   0.02279   0.12766   0.09411   0.16240   0.00000   0.02281   0.02888   0.04113   0.01925   0.00661   0.02666   0.01288   0.01216   0.00949   0.00000   0.00000   0.00000   0.00668   0.04491   0.03845   0.00694   0.00000   0.47625   0.58235   0.79450  
113 14.8414   5240.962130  x:  0.04990   0.09018   1.03510   0.43470   0.17383   0.49347   0.14310   0.35403   0.17447   0.13628   0.34372   0.00000   0.00631   0.01122   0.29700   0.15806   0.15967   2.73789   0.00000   0.20408   1.32875   0.00000   0.06340   0.01917   0.00000   0.02548   0.13129   0.06817   0.06475   0.27964   0.07559   0.01389   0.13721   0.13913   0.14272   0.18204   0.20830   0.00000   0.08733   0.03061   0.02266   0.12528   0.09398   0.16164   0.00000   0.02263   0.02884   0.04144   0.01914   0.00647   0.02652   0.01296   0.01236   0.00951   0.00000   0.00000   0.00000   0.00661   0.04466   0.03865   0.00697   0.00000   0.47588   0.58259   0.85879  
114 15.1553   5240.916103  x:  0.04980   0.09230   1.03964   0.43485   0.16974   0.50042   0.14409   0.35380   0.17651   0.13696   0.34540   0.00000   0.00622   0.01073   0.29529   0.15764   0.16181   2.74671   0.00000   0.20563   1.33158   0.00000   0.06338   0.01911   0.00000   0.02547   0.13085   0.06807   0.06477   0.28128   0.07515   0.01374   0.13705   0.14558   0.14417   0.18251   0.20683   0.00000   0.08734   0.03061   0.02264   0.12799   0.09394   0.15959   0.00000   0.02256   0.02883   0.04151   0.01909   0.00641   0.02652   0.01299   0.01243   0.00951   0.00000   0.00000   0.00000   0.00658   0.04470   0.03870   0.00698   0.00000   0.47816   0.58751   0.88550  
115 14.4353   5240.890845  x:  0.04977   0.09119   1.04299   0.43506   0.17242   0.50862   0.14577   0.35464   0.17781   0.13767   0.34239   0.00000   0.00617   0.01062   0.29700   0.15846   0.15836   2.75224   0.00000   0.20687   1.33445   0.00000   0.06342   0.01910   0.00000   0.02545   0.13142   0.06804   0.06429   0.28085   0.07534   0.01374   0.13611   0.14411   0.14413   0.18434   0.20577   0.00000   0.08730   0.03061   0.02266   0.12572   0.09394   0.16118   0.00000   0.02259   0.02883   0.04151   0.01908   0.00639   0.02651   0.01301   0.01247   0.00951   0.00000   0.00000   0.00000   0.00657   0.04475   0.03868   0.00699   0.00000   0.47766   0.59584   0.90040  
116  5.7051   5240.885614  x:  0.04964   0.09038   1.04374   0.43531   0.17341   0.51021   0.14466   0.35458   0.17659   0.13672   0.34140   0.00000   0.00617   0.01093   0.29743   0.15808   0.15682   2.75355   0.00000   0.20676   1.33519   0.00000   0.06336   0.01911   0.00000   0.02545   0.13095   0.06791   0.06435   0.28047   0.07547   0.01373   0.13738   0.14385   0.14401   0.18371   0.20636   0.00000   0.08737   0.03061   0.02263   0.12738   0.09391   0.16083   0.00000   0.02257   0.02883   0.04152   0.01909   0.00638   0.02649   0.01302   0.01249   0.00952   0.00000   0.00000   0.00000   0.00657   0.04470   0.03870   0.00699   0.00000   0.47692   0.59829   0.90338  
117  3.2955   5240.884196  x:  0.04960   0.09010   1.04392   0.43587   0.17371   0.50995   0.14412   0.35438   0.17600   0.13660   0.34126   0.00000   0.00617   0.01105   0.29719   0.15782   0.15646   2.75414   0.00000   0.20653   1.33544   0.00000   0.06331   0.01913   0.00000   0.02542   0.13123   0.06787   0.06453   0.28041   0.07542   0.01373   0.13671   0.14439   0.14415   0.18301   0.20713   0.00000   0.08739   0.03061   0.02263   0.12664   0.09390   0.16028   0.00000   0.02256   0.02882   0.04152   0.01909   0.00637   0.02647   0.01302   0.01249   0.00952   0.00000   0.00000   0.00000   0.00657   0.04468   0.03870   0.00699   0.00000   0.47692   0.59919   0.90393  
118  0.8385   5240.878225  x:  0.04950   0.08924   1.04450   0.43955   0.17454   0.50664   0.14485   0.35386   0.17658   0.13824   0.34143   0.00000   0.00623   0.01089   0.29571   0.15813   0.15693   2.75754   0.00000   0.20596   1.33652   0.00000   0.06337   0.01913   0.00000   0.02544   0.13094   0.06777   0.06473   0.28072   0.07540   0.01374   0.13724   0.14376   0.14399   0.18254   0.20853   0.00000   0.08733   0.03060   0.02262   0.12712   0.09394   0.16044   0.00000   0.02259   0.02882   0.04148   0.01910   0.00637   0.02646   0.01303   0.01251   0.00955   0.00000   0.00000   0.00000   0.00659   0.04469   0.03867   0.00699   0.00000   0.47797   0.60249   0.90514  
119  0.6600   5240.865916  x:  0.04979   0.08744   1.04524   0.44411   0.17386   0.50180   0.14434   0.35391   0.17657   0.13617   0.34189   0.00000   0.00635   0.01100   0.29601   0.15824   0.15811   2.76485   0.00000   0.20572   1.33826   0.00000   0.06337   0.01919   0.00000   0.02545   0.13110   0.06806   0.06436   0.28087   0.07535   0.01375   0.13687   0.14424   0.14415   0.18468   0.20530   0.00000   0.08728   0.03059   0.02264   0.12696   0.09403   0.16066   0.00000   0.02267   0.02882   0.04135   0.01915   0.00637   0.02642   0.01305   0.01257   0.00963   0.00000   0.00000   0.00000   0.00664   0.04476   0.03860   0.00700   0.00000   0.47595   0.60573   0.90698  
120  1.7439   5240.795011  x:  0.05056   0.08600   1.04695   0.44643   0.16944   0.50158   0.14927   0.35652   0.17288   0.13617   0.34225   0.00000   0.00714   0.01019   0.30812   0.15603   0.15829   2.80824   0.00000   0.20744   1.34473   0.00000   0.06328   0.01948   0.00000   0.02555   0.13087   0.06883   0.06560   0.27932   0.07555   0.01383   0.13699   0.14391   0.14429   0.18080   0.20597   0.00000   0.08700   0.03054   0.02273   0.12689   0.09432   0.16105   0.00000   0.02314   0.02878   0.04059   0.01939   0.00635   0.02619   0.01317   0.01285   0.01010   0.00000   0.00000   0.00000   0.00693   0.04500   0.03813   0.00705   0.00000   0.47901   0.59760   0.91536  
121  1.8415   5240.697660  x:  0.05055   0.08933   1.04876   0.44420   0.17496   0.50780   0.14248   0.35532   0.17742   0.13765   0.34057   0.00000   0.00821   0.01019   0.30164   0.15719   0.15491   2.86672   0.00000   0.20915   1.35236   0.00000   0.06355   0.01986   0.00000   0.02566   0.12983   0.06882   0.06688   0.28072   0.07551   0.01398   0.13644   0.14391   0.14388   0.18521   0.20903   0.00000   0.08629   0.03045   0.02283   0.12717   0.09525   0.15929   0.00000   0.02378   0.02874   0.03958   0.01972   0.00633   0.02587   0.01333   0.01322   0.01077   0.00000   0.00000   0.00000   0.00734   0.04554   0.03754   0.00714   0.00000   0.47660   0.57985   0.92631  
122  9.7454   5240.689319  x:  0.05081   0.08865   1.04877   0.44349   0.17586   0.50864   0.14404   0.35421   0.17602   0.13686   0.34039   0.00000   0.00830   0.01041   0.29803   0.15724   0.15348   2.87168   0.00000   0.20848   1.35294   0.00000   0.06352   0.01991   0.00000   0.02564   0.12975   0.06907   0.06700   0.28068   0.07566   0.01399   0.13632   0.14394   0.14380   0.18352   0.20619   0.00000   0.08625   0.03044   0.02279   0.12714   0.09527   0.16023   0.00000   0.02381   0.02872   0.03953   0.01974   0.00632   0.02581   0.01335   0.01326   0.01083   0.00000   0.00000   0.00000   0.00737   0.04545   0.03751   0.00714   0.00000   0.47788   0.57805   0.92722  
123  3.3740   5240.689082  x:  0.05079   0.08874   1.04877   0.44351   0.17578   0.50864   0.14460   0.35423   0.17603   0.13628   0.34035   0.00000   0.00830   0.01044   0.29775   0.15731   0.15341   2.87192   0.00000   0.20848   1.35296   0.00000   0.06353   0.01991   0.00000   0.02564   0.12975   0.06906   0.06700   0.28036   0.07567   0.01399   0.13632   0.14393   0.14379   0.18374   0.20657   0.00000   0.08625   0.03044   0.02279   0.12714   0.09527   0.16011   0.00000   0.02381   0.02872   0.03953   0.01974   0.00632   0.02581   0.01335   0.01326   0.01083   0.00000   0.00000   0.00000   0.00737   0.04545   0.03752   0.00714   0.00000   0.47783   0.57799   0.92724  
124  0.3242   5240.677566  x:  0.05066   0.08841   1.04683   0.44478   0.17809   0.50797   0.14540   0.35373   0.17598   0.13581   0.34043   0.00000   0.00796   0.01076   0.29818   0.15762   0.15593   2.89424   0.00000   0.21093   1.35505   0.00000   0.06359   0.01994   0.00000   0.02557   0.12954   0.06892   0.06728   0.28009   0.07571   0.01406   0.13613   0.14410   0.14372   0.18205   0.20650   0.00000   0.08616   0.03043   0.02270   0.12727   0.09532   0.16046   0.00000   0.02369   0.02872   0.03965   0.01970   0.00627   0.02583   0.01323   0.01323   0.01051   0.00000   0.00000   0.00000   0.00721   0.04524   0.03765   0.00710   0.00000   0.47625   0.57589   0.92717  
125  0.0688   5240.664367  x:  0.05088   0.08793   1.04456   0.44631   0.17658   0.50661   0.14478   0.35321   0.17692   0.13605   0.34120   0.00000   0.00756   0.01108   0.29922   0.15718   0.15265   2.91970   0.00000   0.20860   1.35737   0.00000   0.06373   0.01997   0.00000   0.02548   0.12931   0.06915   0.06719   0.28032   0.07565   0.01412   0.13594   0.14389   0.14332   0.18329   0.20628   0.00000   0.08599   0.03040   0.02259   0.12731   0.09537   0.16028   0.00000   0.02355   0.02869   0.03978   0.01965   0.00620   0.02585   0.01310   0.01319   0.01015   0.00000   0.00000   0.00000   0.00701   0.04503   0.03780   0.00705   0.00000   0.47758   0.57344   0.92709  
126  6.3722   5240.662299  x:  0.05069   0.08824   1.04351   0.44486   0.17635   0.50696   0.14473   0.35245   0.17708   0.13603   0.34135   0.00000   0.00761   0.01095   0.29884   0.15732   0.15296   2.92775   0.00000   0.20817   1.35401   0.00000   0.06366   0.01983   0.00000   0.02558   0.12949   0.06894   0.06677   0.28039   0.07559   0.01406   0.13598   0.14392   0.14332   0.18325   0.20642   0.00000   0.08615   0.03047   0.02271   0.12728   0.09516   0.16030   0.00000   0.02352   0.02874   0.03978   0.01962   0.00636   0.02607   0.01307   0.01312   0.01015   0.00000   0.00000   0.00000   0.00707   0.04509   0.03777   0.00709   0.00000   0.47748   0.57481   0.92612  
127  0.0085   5240.662192  x:  0.05072   0.08832   1.04376   0.44471   0.17628   0.50712   0.14472   0.35249   0.17700   0.13608   0.34128   0.00000   0.00760   0.01100   0.29885   0.15732   0.15302   2.92850   0.00000   0.20821   1.35447   0.00000   0.06366   0.01982   0.00000   0.02559   0.12950   0.06898   0.06683   0.28039   0.07561   0.01407   0.13601   0.14393   0.14333   0.18330   0.20642   0.00000   0.08616   0.03047   0.02273   0.12726   0.09520   0.16031   0.00000   0.02355   0.02874   0.03981   0.01968   0.00638   0.02602   0.01305   0.01306   0.01012   0.00000   0.00000   0.00000   0.00709   0.04512   0.03777   0.00709   0.00000   0.47749   0.57460   0.92422  
128  0.0016   5240.662184  x:  0.05072   0.08827   1.04389   0.44482   0.17629   0.50711   0.14472   0.35255   0.17701   0.13607   0.34130   0.00000   0.00760   0.01098   0.29885   0.15731   0.15300   2.92846   0.00000   0.20822   1.35450   0.00000   0.06366   0.01982   0.00000   0.02558   0.12950   0.06898   0.06683   0.28039   0.07561   0.01407   0.13601   0.14393   0.14333   0.18328   0.20642   0.00000   0.08615   0.03047   0.02273   0.12727   0.09520   0.16031   0.00000   0.02355   0.02874   0.03980   0.01967   0.00638   0.02604   0.01305   0.01304   0.01012   0.00000   0.00000   0.00000   0.00709   0.04511   0.03776   0.00708   0.00000   0.47749   0.57459   0.92365  
129  0.0005   5240.662183  x:  0.05072   0.08828   1.04390   0.44481   0.17629   0.50711   0.14472   0.35254   0.17701   0.13607   0.34130   0.00000   0.00760   0.01099   0.29885   0.15731   0.15300   2.92847   0.00000   0.20822   1.35446   0.00000   0.06366   0.01982   0.00000   0.02558   0.12949   0.06898   0.06683   0.28039   0.07561   0.01407   0.13600   0.14393   0.14333   0.18328   0.20642   0.00000   0.08615   0.03047   0.02273   0.12727   0.09520   0.16031   0.00000   0.02354   0.02874   0.03980   0.01967   0.00638   0.02604   0.01305   0.01304   0.01013   0.00000   0.00000   0.00000   0.00709   0.04511   0.03776   0.00708   0.00000   0.47749   0.57461   0.92362  
130  0.0000   5240.662183  x:  0.05072   0.08828   1.04389   0.44481   0.17629   0.50711   0.14472   0.35254   0.17701   0.13607   0.34130   0.00000   0.00760   0.01099   0.29885   0.15731   0.15300   2.92848   0.00000   0.20822   1.35447   0.00000   0.06366   0.01982   0.00000   0.02558   0.12949   0.06898   0.06683   0.28039   0.07561   0.01407   0.13600   0.14393   0.14333   0.18328   0.20642   0.00000   0.08615   0.03047   0.02273   0.12727   0.09520   0.16031   0.00000   0.02354   0.02874   0.03980   0.01967   0.00638   0.02604   0.01305   0.01304   0.01013   0.00000   0.00000   0.00000   0.00709   0.04511   0.03776   0.00708   0.00000   0.47749   0.57460   0.92364  
131  0.0000   5240.662183  x:  0.05072   0.08828   1.04389   0.44481   0.17629   0.50711   0.14472   0.35254   0.17701   0.13607   0.34130   0.00000   0.00760   0.01099   0.29885   0.15731   0.15300   2.92848   0.00000   0.20822   1.35447   0.00000   0.06366   0.01982   0.00000   0.02558   0.12949   0.06898   0.06683   0.28039   0.07561   0.01407   0.13600   0.14393   0.14333   0.18328   0.20642   0.00000   0.08615   0.03047   0.02273   0.12727   0.09520   0.16031   0.00000   0.02354   0.02874   0.03980   0.01967   0.00638   0.02604   0.01305   0.01303   0.01013   0.00000   0.00000   0.00000   0.00709   0.04511   0.03776   0.00708   0.00000   0.47749   0.57460   0.92366  