

TREE # 1

  0  0.0000   1993.533325  x:  0.09166   0.08171   0.03529   0.10619   0.01113   0.57385   0.40783  
  1 99.0000   1379.793559  x:  0.06670   0.05490   0.66751   0.23710   2.30889   0.56635   0.41555  
  2 8725.7744   1367.077547  x:  0.00762   0.00000   0.68183   0.24062   2.30522   0.55097   0.41230  
  3 180.1057   1366.197726  x:  0.00000   0.00249   0.68468   0.24134   2.30444   0.54784   0.41163  
  4 135.7795   1365.108886  x:  0.00000   0.01700   0.70109   0.24498   2.29997   0.52964   0.40785  
  5 327192.6624   1353.563351  x:  0.00000   0.01604   0.92367   0.12067   2.24687   0.21197   0.37813  
  6 47.8995   1351.387337  x:  0.00000   0.01465   1.16552   0.05511   2.18468   0.26020   0.42308  
  7 21.9640   1350.974878  x:  0.00000   0.01432   1.20738   0.07003   2.17185   0.23567   0.56773  
  8  7.0067   1350.203009  x:  0.00000   0.01223   1.32455   0.01907   2.14149   0.18314   0.55450  
  9  0.2407   1350.042461  x:  0.00000   0.00992   1.35749   0.00000   2.13153   0.19155   0.52179  
 10  0.0521   1350.042461  x:  0.00000   0.00992   1.35749   0.00000   2.13153   0.19155   0.52179  
 11  0.1312   1349.992842  x:  0.00000   0.00736   1.35756   0.00037   2.13096   0.19140   0.52164  
 12 33.2888   1349.761431  x:  0.00000   0.00422   1.36020   0.02688   2.10827   0.18565   0.51570  
 13 12.7024   1349.182815  x:  0.00000   0.00443   1.36757   0.02638   1.96899   0.16026   0.48213  
 14 13.4586   1348.791775  x:  0.00000   0.00425   1.37728   0.02826   1.86007   0.18069   0.46171  
 15 55.7850   1348.535316  x:  0.00000   0.00400   1.37382   0.03192   1.76690   0.18036   0.54777  
 16  6.1406   1348.307430  x:  0.00000   0.00368   1.23704   0.06172   1.73607   0.19325   0.54899  
 17  0.3751   1347.320899  x:  0.00000   0.00758   1.19259   0.19042   1.63942   0.18729   0.58327  
 18  0.7331   1347.308353  x:  0.00000   0.00753   1.22203   0.18669   1.65030   0.18255   0.58377  
 19  0.0354   1347.307700  x:  0.00000   0.00752   1.22168   0.18871   1.64480   0.18150   0.58612  
 20  0.0060   1347.307634  x:  0.00000   0.00753   1.22107   0.18907   1.64553   0.18147   0.58746  
 21  0.0013   1347.307631  x:  0.00000   0.00752   1.22122   0.18900   1.64530   0.18151   0.58777  
 22  0.0003   1347.307631  x:  0.00000   0.00752   1.22124   0.18898   1.64532   0.18151   0.58777  
 23  0.0000   1347.307631  x:  0.00000   0.00752   1.22123   0.18898   1.64531   0.18151   0.58777  
 24  0.0000   1347.307631  x:  0.00000   0.00752   1.22123   0.18898   1.64532   0.18151   0.58777  
 25  0.0000   1347.307631  x:  0.00000   0.00752   1.22123   0.18898   1.64532   0.18151   0.58777  