

TREE # 1

  0  0.0000   6919.845868  x:  0.04748   0.10031   0.09663   0.05760   0.10269   0.01272   0.01829   0.10344   0.08423   0.10651   0.06958   0.03889   0.04604   0.07694   0.05614   0.01236   0.04843   0.02164   0.05930   0.04140   0.03937   0.06153   0.02119   0.06196   0.02274   0.07416   0.04737   0.03611   0.09332   0.07541   0.09408   0.09164   0.09318   0.06043   0.08238   0.04211   0.01908   0.08980   0.05634   0.01065   0.08571   0.08193   0.07741   0.05606   0.02430   0.04739   0.02226   0.07451   0.07145   0.07642   0.02620   0.02545   0.07771   0.06528   0.08941   0.10505   0.04073   0.04264   0.03814   0.06560   0.04257   0.03165   0.10805   0.05436   0.04589   0.05894   0.09197   0.02036   0.07877   0.09620   0.06915   0.01234   0.01274   0.09555   0.59651   0.51329   0.40751  
  1 99.0000   5746.514443  x:  0.07378   0.12360   0.28438   0.18664   0.14802   0.48722   0.18441   0.16539   0.11254   0.12791   0.14549   0.01209   0.02364   0.07442   0.16986   0.25481   0.21763   1.11593   0.12715   0.28495   0.42964   0.04374   0.06828   0.04828   0.01332   0.05773   0.09749   0.06240   0.10092   0.13474   0.09652   0.07344   0.10639   0.09761   0.09725   0.09877   0.20280   0.07042   0.07079   0.05773   0.06699   0.09369   0.08523   0.09225   0.06831   0.02101   0.01256   0.05676   0.05894   0.05241   0.00157   0.01975   0.05102   0.03959   0.06451   0.07553   0.01090   0.01281   0.01376   0.05819   0.02940   0.01467   0.07859   0.02840   0.01608   0.03651   0.06490   0.00017   0.04922   0.09475   0.06600   0.00000   0.03210   0.07177   0.59108   0.52336   0.41023  
  2 6562.2704   5724.777435  x:  0.07549   0.12620   0.30984   0.20197   0.15087   0.51475   0.19291   0.17673   0.11849   0.12940   0.15782   0.00217   0.01662   0.07138   0.18104   0.26608   0.22631   1.18249   0.12840   0.29901   0.46095   0.03504   0.07087   0.04271   0.00504   0.05229   0.10347   0.06411   0.10133   0.14550   0.09601   0.06725   0.10947   0.10357   0.10076   0.10608   0.21301   0.06221   0.07320   0.05651   0.05993   0.09696   0.08656   0.09597   0.07099   0.01284   0.01455   0.05139   0.05596   0.04508   0.02083   0.02006   0.04212   0.03147   0.05603   0.06475   0.00000   0.00192   0.00774   0.05612   0.02595   0.01294   0.06783   0.02000   0.00519   0.02971   0.05605   0.07367   0.03940   0.09385   0.06607   0.16912   0.03212   0.06370   0.58790   0.52661   0.41113  
  3 3352.4129   5719.220859  x:  0.07545   0.12639   0.31240   0.20328   0.15082   0.51425   0.19247   0.17812   0.11925   0.12939   0.15921   0.00043   0.01566   0.07076   0.18176   0.26522   0.22586   1.18205   0.12774   0.29869   0.46224   0.03343   0.07075   0.04179   0.00340   0.05143   0.10394   0.06408   0.10128   0.14679   0.09585   0.06621   0.10989   0.10420   0.10125   0.10674   0.21267   0.06074   0.07346   0.05565   0.05874   0.09743   0.08671   0.09620   0.07092   0.01166   0.01491   0.05058   0.05551   0.04391   0.01973   0.02020   0.04069   0.03026   0.05462   0.06286   0.00000   0.00000   0.00748   0.05582   0.02557   0.01304   0.06594   0.01875   0.00328   0.02872   0.05441   0.07296   0.03752   0.09370   0.06596   0.16951   0.03143   0.06236   0.58731   0.52714   0.41129  
  4 682.5447   5718.394593  x:  0.07543   0.12640   0.31277   0.20344   0.15081   0.51416   0.19238   0.17827   0.11932   0.12939   0.15936   0.00000   0.01584   0.07061   0.18187   0.26505   0.22576   1.18202   0.12759   0.29862   0.46253   0.03303   0.07075   0.04170   0.00298   0.05134   0.10398   0.06406   0.10125   0.14691   0.09581   0.06600   0.10992   0.10424   0.10131   0.10682   0.21262   0.06039   0.07347   0.05556   0.05853   0.09746   0.08673   0.09623   0.07093   0.01172   0.01471   0.05051   0.05549   0.04382   0.01975   0.02018   0.04052   0.03024   0.05435   0.06239   0.00000   0.00000   0.00791   0.05579   0.02572   0.01298   0.06548   0.01882   0.00281   0.02873   0.05406   0.07279   0.03705   0.09371   0.06598   0.16959   0.03147   0.06210   0.58721   0.52726   0.41133  
  5 1379.8339   5714.595049  x:  0.07532   0.12641   0.31435   0.20404   0.15076   0.51369   0.19192   0.17876   0.11944   0.12936   0.15987   0.00000   0.01716   0.06980   0.18238   0.26411   0.22523   1.18193   0.12675   0.29822   0.46414   0.03068   0.07081   0.04147   0.00048   0.05106   0.10403   0.06395   0.10104   0.14725   0.09556   0.06488   0.10994   0.10422   0.10157   0.10708   0.21233   0.05841   0.07344   0.05528   0.05752   0.09746   0.08674   0.09634   0.07094   0.01245   0.01417   0.05038   0.05556   0.04370   0.02028   0.02003   0.03994   0.03061   0.05300   0.05959   0.00000   0.00000   0.00714   0.05581   0.02675   0.01291   0.06267   0.01972   0.00000   0.02918   0.05216   0.07179   0.03427   0.09382   0.06615   0.16996   0.03197   0.06081   0.58671   0.52787   0.41161  
  6 2604.4115   5714.072901  x:  0.07530   0.12640   0.31448   0.20406   0.15076   0.51363   0.19185   0.17876   0.11941   0.12936   0.15987   0.00000   0.01718   0.06967   0.18243   0.26397   0.22514   1.18196   0.12660   0.29815   0.46440   0.03023   0.07083   0.04148   0.00000   0.05107   0.10401   0.06393   0.10100   0.14724   0.09553   0.06473   0.10992   0.10418   0.10159   0.10709   0.21229   0.05807   0.07343   0.05529   0.05740   0.09744   0.08673   0.09635   0.07092   0.01247   0.01442   0.05041   0.05559   0.04374   0.02037   0.02006   0.03993   0.03070   0.05283   0.05907   0.00000   0.00000   0.00719   0.05586   0.02676   0.01298   0.06214   0.01983   0.00000   0.02926   0.05187   0.07162   0.03375   0.09384   0.06618   0.17003   0.03203   0.06064   0.58666   0.52797   0.41167  
  7 2143.2708   5688.219393  x:  0.07457   0.12550   0.31654   0.20271   0.15076   0.51008   0.18835   0.17615   0.11686   0.12938   0.15795   0.00000   0.01060   0.06290   0.18411   0.25581   0.21994   1.18448   0.11798   0.29364   0.47907   0.00136   0.07194   0.04331   0.00000   0.05377   0.10200   0.06320   0.09867   0.14423   0.09416   0.05780   0.10844   0.10192   0.10181   0.10684   0.21102   0.03725   0.07263   0.05722   0.05301   0.09599   0.08601   0.09674   0.06921   0.00826   0.01138   0.05297   0.05697   0.04780   0.02363   0.02192   0.04241   0.03512   0.04492   0.02499   0.00000   0.00000   0.00719   0.05815   0.02010   0.01095   0.02796   0.02176   0.00000   0.03179   0.03594   0.06147   0.00000   0.09525   0.06733   0.17447   0.03313   0.05245   0.58435   0.53327   0.41566  
  8 3007.4501   5687.344206  x:  0.07457   0.12547   0.31640   0.20258   0.15078   0.50995   0.18824   0.17602   0.11680   0.12940   0.15786   0.00000   0.01066   0.06272   0.18412   0.25551   0.21973   1.18464   0.11763   0.29343   0.47958   0.00000   0.07195   0.04336   0.00000   0.05393   0.10193   0.06320   0.09861   0.14414   0.09417   0.05766   0.10842   0.10191   0.10182   0.10684   0.21100   0.03641   0.07264   0.05731   0.05301   0.09598   0.08599   0.09675   0.06914   0.00819   0.01132   0.05302   0.05693   0.04789   0.02352   0.02173   0.04256   0.03507   0.04478   0.02340   0.00000   0.00000   0.00720   0.05813   0.02024   0.01117   0.02637   0.02152   0.00000   0.03166   0.03547   0.06108   0.00000   0.09530   0.06733   0.17469   0.03299   0.05227   0.58434   0.53345   0.41586  
  9 2267.8691   5677.703890  x:  0.07463   0.12527   0.31422   0.20084   0.15117   0.50813   0.18697   0.17457   0.11633   0.12972   0.15701   0.00000   0.01220   0.06082   0.18410   0.25160   0.21679   1.18683   0.11280   0.29038   0.48611   0.00000   0.07196   0.04383   0.00000   0.05599   0.10117   0.06326   0.09807   0.14347   0.09452   0.05630   0.10829   0.10210   0.10204   0.10707   0.21096   0.02501   0.07287   0.05819   0.05384   0.09617   0.08576   0.09683   0.06829   0.00806   0.01277   0.05338   0.05640   0.04858   0.02156   0.02084   0.04435   0.03379   0.04368   0.00000   0.00000   0.00000   0.00726   0.05762   0.02278   0.00738   0.00298   0.01858   0.00000   0.02960   0.03029   0.05573   0.00000   0.09601   0.06725   0.17764   0.03137   0.05054   0.58458   0.53579   0.41875  
 10 5677.8379   5676.990911  x:  0.07466   0.12530   0.31401   0.20073   0.15124   0.50791   0.18687   0.17455   0.11641   0.12977   0.15705   0.00000   0.01229   0.06076   0.18409   0.25121   0.21647   1.18709   0.11227   0.29000   0.48669   0.00000   0.07193   0.04378   0.00000   0.05612   0.10116   0.06328   0.09808   0.14357   0.09460   0.05625   0.10832   0.10219   0.10211   0.10718   0.21098   0.02383   0.07291   0.05818   0.05413   0.09625   0.08575   0.09680   0.06822   0.00818   0.01273   0.05332   0.05638   0.04850   0.02143   0.02137   0.04440   0.03362   0.04373   0.00000   0.00000   0.00000   0.00727   0.05754   0.02284   0.00745   0.00000   0.01864   0.00000   0.02947   0.03013   0.05516   0.00000   0.09611   0.06725   0.17794   0.03144   0.05053   0.58471   0.53601   0.41911  
 11 1480.5910   5671.910935  x:  0.07505   0.12671   0.31170   0.20026   0.15307   0.50278   0.18517   0.17617   0.11890   0.13080   0.15946   0.00000   0.01088   0.06120   0.18405   0.24344   0.20928   1.19241   0.10084   0.28109   0.49717   0.00000   0.07126   0.04172   0.00000   0.05696   0.10172   0.06368   0.09860   0.14678   0.09594   0.05629   0.10931   0.10376   0.10356   0.11034   0.21171   0.00000   0.07325   0.05661   0.06275   0.09802   0.08547   0.09537   0.06672   0.00832   0.01324   0.05109   0.05575   0.04562   0.02194   0.01590   0.04331   0.03204   0.04572   0.00000   0.00000   0.00000   0.00756   0.05695   0.02045   0.00780   0.00000   0.02467   0.00000   0.02960   0.03203   0.04321   0.00000   0.09809   0.06759   0.18358   0.03519   0.05194   0.58859   0.54004   0.42769  
 12 507.0514   5668.586684  x:  0.07437   0.12871   0.31548   0.20296   0.15568   0.49606   0.18346   0.17812   0.11884   0.13117   0.16056   0.00000   0.01209   0.06154   0.18513   0.23563   0.20118   1.19870   0.08796   0.27054   0.50669   0.00000   0.07194   0.04073   0.00000   0.05430   0.10210   0.06299   0.09779   0.14657   0.09421   0.05522   0.10855   0.10174   0.10294   0.11449   0.21311   0.00000   0.07239   0.05500   0.07495   0.09761   0.08426   0.09149   0.06403   0.00000   0.01273   0.05142   0.05694   0.04537   0.02628   0.01612   0.04021   0.03668   0.04525   0.00000   0.00000   0.00000   0.00784   0.05891   0.02496   0.00800   0.00000   0.02278   0.00000   0.03331   0.03533   0.03191   0.00000   0.09920   0.06724   0.18841   0.03212   0.05218   0.59280   0.54393   0.43865  
 13 171.4084   5664.927502  x:  0.07056   0.12907   0.32305   0.20341   0.15859   0.48731   0.18220   0.17764   0.11548   0.13063   0.15814   0.00000   0.00201   0.06054   0.18690   0.22942   0.19345   1.20641   0.07537   0.25885   0.51450   0.00000   0.07209   0.04294   0.00000   0.05164   0.10114   0.05918   0.09654   0.14698   0.09107   0.04581   0.10784   0.10086   0.10612   0.11347   0.21180   0.00000   0.07266   0.05611   0.07959   0.09566   0.08489   0.08951   0.06552   0.00000   0.01199   0.05368   0.05621   0.04846   0.02456   0.01630   0.03980   0.03689   0.04122   0.00000   0.00000   0.00000   0.00819   0.05988   0.03372   0.00830   0.00000   0.02029   0.00000   0.03055   0.03452   0.03008   0.00000   0.10719   0.06799   0.18976   0.03437   0.04973   0.59504   0.54735   0.45287  
 14 122.4936   5653.912460  x:  0.05517   0.12932   0.35204   0.20322   0.16972   0.45341   0.17775   0.17441   0.10174   0.12823   0.14747   0.00000   0.00697   0.05580   0.19374   0.20701   0.16494   1.23612   0.02875   0.21479   0.54315   0.00000   0.07227   0.05246   0.00000   0.04256   0.09708   0.04379   0.09159   0.14890   0.07919   0.00665   0.10546   0.09870   0.11969   0.10666   0.20528   0.00000   0.07425   0.06187   0.09075   0.08813   0.08817   0.08410   0.07087   0.00000   0.01256   0.06278   0.05237   0.06132   0.01271   0.01689   0.04065   0.03346   0.02416   0.00000   0.00000   0.00000   0.00926   0.06576   0.02830   0.00998   0.00000   0.00844   0.00000   0.01543   0.02859   0.02898   0.00000   0.13932   0.07103   0.19294   0.04391   0.03885   0.60184   0.55997   0.50810  
 15 647.8789   5646.740216  x:  0.05022   0.12774   0.37198   0.20183   0.17790   0.42907   0.17390   0.17182   0.09571   0.12658   0.14254   0.00000   0.00797   0.04734   0.19952   0.19254   0.15022   1.25391   0.00386   0.19008   0.56524   0.00000   0.07163   0.05829   0.00000   0.04133   0.09523   0.03885   0.08703   0.14841   0.07560   0.03334   0.10547   0.10056   0.12793   0.10335   0.19850   0.00000   0.07540   0.06645   0.07902   0.08687   0.08984   0.08688   0.06985   0.00000   0.01317   0.06713   0.04959   0.06932   0.00551   0.01801   0.04385   0.02594   0.01127   0.00000   0.00000   0.00000   0.00998   0.06508   0.02194   0.01119   0.00000   0.00765   0.00000   0.01816   0.00496   0.03601   0.00000   0.15498   0.07042   0.19161   0.03495   0.02370   0.59933   0.56930   0.54725  
 16 237.8621   5643.959278  x:  0.05168   0.12658   0.37570   0.20027   0.18020   0.42213   0.17193   0.17071   0.09601   0.12644   0.14260   0.00000   0.00798   0.04258   0.20130   0.18757   0.14813   1.25734   0.00000   0.18607   0.57479   0.00000   0.07123   0.05933   0.00000   0.04379   0.09489   0.04031   0.08557   0.14774   0.07584   0.03402   0.10576   0.10184   0.12837   0.10328   0.19578   0.00000   0.07582   0.06792   0.06801   0.08810   0.08992   0.08992   0.06797   0.00000   0.01310   0.06737   0.04866   0.07106   0.01149   0.01863   0.04610   0.02255   0.01368   0.00000   0.00000   0.00000   0.01013   0.06321   0.02136   0.01147   0.00000   0.00737   0.00000   0.01756   0.00670   0.03695   0.00000   0.15651   0.06993   0.19045   0.02841   0.01838   0.59548   0.57304   0.55814  
 17 223.7601   5643.959278  x:  0.05168   0.12658   0.37570   0.20027   0.18020   0.42213   0.17193   0.17071   0.09601   0.12644   0.14260   0.00000   0.00798   0.04258   0.20130   0.18757   0.14813   1.25734   0.00000   0.18607   0.57479   0.00000   0.07123   0.05933   0.00000   0.04379   0.09489   0.04031   0.08557   0.14774   0.07584   0.03402   0.10576   0.10184   0.12837   0.10328   0.19578   0.00000   0.07582   0.06792   0.06801   0.08810   0.08992   0.08992   0.06797   0.00000   0.01310   0.06737   0.04866   0.07106   0.01149   0.01863   0.04610   0.02255   0.01368   0.00000   0.00000   0.00000   0.01013   0.06321   0.02136   0.01147   0.00000   0.00737   0.00000   0.01756   0.00670   0.03695   0.00000   0.15651   0.06993   0.19045   0.02841   0.01838   0.59548   0.57304   0.55814  
 18 313.1082   5613.226893  x:  0.05679   0.12986   0.40021   0.21680   0.18095   0.42517   0.17070   0.18952   0.11086   0.12766   0.16390   0.00000   0.00699   0.03978   0.20921   0.18477   0.15065   1.26592   0.00191   0.19138   0.59012   0.00000   0.06973   0.04572   0.00000   0.03525   0.10300   0.04541   0.08708   0.16421   0.07750   0.02519   0.11160   0.11030   0.13007   0.11539   0.19602   0.00000   0.07823   0.05644   0.05453   0.09655   0.09069   0.09353   0.06555   0.00000   0.02253   0.05455   0.04549   0.05318   0.00000   0.02397   0.02834   0.01201   0.01108   0.00000   0.00000   0.00000   0.00311   0.05752   0.02609   0.01667   0.00000   0.00627   0.00000   0.01301   0.00776   0.01847   0.00000   0.14863   0.06831   0.16923   0.02191   0.01371   0.58899   0.57734   0.55898  
 19 483.8492   5600.697221  x:  0.05943   0.13156   0.41305   0.22545   0.18134   0.42676   0.17005   0.19933   0.11858   0.12829   0.17501   0.00000   0.00653   0.03830   0.21335   0.18330   0.15196   1.27043   0.00290   0.19416   0.59817   0.00000   0.06895   0.03861   0.00000   0.03081   0.10722   0.04806   0.08786   0.17280   0.07836   0.02061   0.11464   0.11471   0.13096   0.12170   0.19614   0.00000   0.07948   0.05043   0.04747   0.10094   0.09109   0.09541   0.06429   0.00000   0.02724   0.04786   0.04391   0.04389   0.00229   0.02668   0.01909   0.00675   0.00973   0.00000   0.00000   0.00000   0.00023   0.05456   0.02846   0.01921   0.00000   0.00578   0.00000   0.01076   0.00823   0.00884   0.00000   0.14450   0.06748   0.15806   0.01859   0.01137   0.58558   0.57959   0.55943  
 20 11294.8852   5592.160380  x:  0.06158   0.13295   0.42351   0.23248   0.18165   0.42806   0.16952   0.20731   0.12484   0.12881   0.18403   0.00000   0.00618   0.03709   0.21672   0.18210   0.15302   1.27410   0.00370   0.19642   0.60473   0.00000   0.06832   0.03282   0.00000   0.02722   0.11064   0.05021   0.08849   0.17978   0.07906   0.01689   0.11710   0.11829   0.13169   0.12682   0.19624   0.00000   0.08050   0.04556   0.04173   0.10450   0.09141   0.09694   0.06327   0.00000   0.03102   0.04241   0.04262   0.03633   0.00377   0.02887   0.01160   0.00262   0.00864   0.00000   0.00000   0.00000   0.00160   0.05215   0.03035   0.02123   0.00000   0.00540   0.00000   0.00898   0.00861   0.00106   0.00000   0.14113   0.06681   0.14895   0.01592   0.00950   0.58280   0.58143   0.55979  
 21 36032.2674   5579.939744  x:  0.06479   0.13506   0.44036   0.24367   0.18209   0.43017   0.16863   0.21983   0.13448   0.12959   0.19814   0.00000   0.00622   0.03504   0.22212   0.18016   0.15470   1.28017   0.00489   0.20004   0.61545   0.00000   0.06735   0.02387   0.00000   0.02206   0.11591   0.05341   0.08935   0.19069   0.08010   0.01158   0.12092   0.12380   0.13288   0.13476   0.19638   0.00000   0.08205   0.03796   0.03266   0.10995   0.09192   0.09935   0.06172   0.00000   0.03571   0.03398   0.04055   0.02448   0.00538   0.03176   0.00156   0.00818   0.00721   0.00000   0.00000   0.00000   0.00269   0.04851   0.03260   0.02327   0.00000   0.00563   0.00000   0.00793   0.00866   0.00598   0.00000   0.13570   0.06587   0.13388   0.01276   0.00787   0.57827   0.58443   0.56039  
 22 2479.0332   5565.667131  x:  0.06987   0.13847   0.46883   0.26238   0.18272   0.43378   0.16707   0.24056   0.15016   0.13086   0.22143   0.00000   0.00682   0.03144   0.23119   0.17688   0.15746   1.29062   0.00675   0.20612   0.63375   0.00000   0.06578   0.00969   0.00000   0.01457   0.12445   0.05850   0.09058   0.20869   0.08176   0.00400   0.12716   0.13277   0.13491   0.14777   0.19659   0.00000   0.08453   0.02571   0.01786   0.11876   0.09275   0.10334   0.05926   0.00000   0.04208   0.02050   0.03712   0.00559   0.00761   0.03588   0.01300   0.01600   0.00550   0.00000   0.00000   0.00000   0.00405   0.04273   0.03544   0.02538   0.00000   0.00660   0.00000   0.00854   0.00822   0.01016   0.00000   0.12655   0.06449   0.10787   0.00943   0.00722   0.57057   0.58955   0.56144  
 23 3209.9597   5546.642065  x:  0.07628   0.14318   0.51929   0.29398   0.18302   0.44043   0.16388   0.27405   0.17349   0.13264   0.25866   0.00000   0.00937   0.02417   0.24682   0.17103   0.16181   1.31075   0.00884   0.21651   0.66775   0.00000   0.06391   0.00904   0.00000   0.01861   0.13672   0.06490   0.09118   0.23715   0.08412   0.01394   0.13663   0.14614   0.13895   0.16769   0.19677   0.00000   0.08788   0.01299   0.00258   0.13137   0.09409   0.10960   0.05632   0.00000   0.04308   0.01005   0.03250   0.03170   0.00900   0.03737   0.01777   0.02227   0.01088   0.00000   0.00000   0.00000   0.00493   0.03651   0.03378   0.02036   0.00000   0.00879   0.00000   0.02069   0.00490   0.01119   0.00000   0.11077   0.06362   0.05740   0.02383   0.02014   0.55644   0.59898   0.56354  
 24 936.2440   5531.329061  x:  0.08182   0.14735   0.57025   0.32527   0.18299   0.44724   0.16051   0.30672   0.19556   0.13427   0.29493   0.00000   0.01017   0.01673   0.26237   0.16517   0.16597   1.33178   0.01043   0.22682   0.70270   0.00000   0.06242   0.01393   0.00000   0.02349   0.14804   0.07045   0.09112   0.26469   0.08581   0.02044   0.14537   0.15852   0.14274   0.18664   0.19684   0.01049   0.09084   0.01057   0.02573   0.14330   0.09582   0.11550   0.05430   0.00000   0.04154   0.01338   0.02937   0.04456   0.01034   0.03731   0.02188   0.02716   0.01291   0.00000   0.00000   0.00000   0.00575   0.03234   0.03070   0.01423   0.00000   0.00921   0.00000   0.02804   0.00542   0.01273   0.00000   0.09523   0.06273   0.00468   0.03356   0.02820   0.54198   0.60863   0.56574  
 25 2112.0037   5528.739074  x:  0.08193   0.14751   0.57778   0.32941   0.18272   0.44831   0.15991   0.31069   0.19771   0.13440   0.29931   0.00000   0.00952   0.01569   0.26447   0.16437   0.16639   1.33543   0.01026   0.22818   0.70831   0.00000   0.06247   0.01579   0.00000   0.02455   0.14890   0.07056   0.09063   0.26785   0.08558   0.02075   0.14604   0.15951   0.14310   0.18854   0.19676   0.00789   0.09095   0.01678   0.02459   0.14414   0.09591   0.11608   0.05482   0.00000   0.03953   0.01743   0.03012   0.04445   0.01045   0.03622   0.02230   0.02710   0.01202   0.00000   0.00000   0.00000   0.00584   0.03347   0.02937   0.01337   0.00000   0.00855   0.00000   0.02749   0.00628   0.01327   0.00000   0.09343   0.06276   0.00075   0.03375   0.02785   0.53967   0.61014   0.56613  
 26 572.7683   5521.629315  x:  0.08260   0.14823   0.60394   0.34399   0.18189   0.45200   0.15785   0.32482   0.20559   0.13491   0.31492   0.00000   0.00780   0.01206   0.27186   0.16157   0.16792   1.34791   0.00984   0.23295   0.72764   0.00000   0.06250   0.02157   0.00000   0.02810   0.15223   0.07123   0.08912   0.27916   0.08500   0.02227   0.14862   0.16327   0.14444   0.19548   0.19650   0.00000   0.09145   0.03162   0.02460   0.14743   0.09632   0.11820   0.05625   0.00000   0.03330   0.02842   0.03206   0.04520   0.01089   0.03291   0.02383   0.02725   0.00970   0.00000   0.00000   0.00000   0.00617   0.03645   0.02521   0.01045   0.00000   0.00681   0.00000   0.02642   0.00828   0.01497   0.00000   0.08701   0.06291   0.00553   0.03533   0.02742   0.53171   0.61535   0.56747  
 27 1860.1758   5517.584493  x:  0.07900   0.14591   0.62382   0.35205   0.17963   0.45521   0.15570   0.33026   0.20475   0.13473   0.32080   0.00000   0.00918   0.01055   0.27619   0.16005   0.16790   1.36097   0.00701   0.23548   0.74515   0.00000   0.06372   0.02570   0.00000   0.03129   0.14991   0.06762   0.08528   0.28213   0.08187   0.02342   0.14683   0.16107   0.14436   0.19560   0.19574   0.00000   0.08979   0.02843   0.02560   0.14465   0.09594   0.11754   0.06061   0.00000   0.02074   0.02931   0.03678   0.04447   0.01080   0.02617   0.02429   0.02432   0.00993   0.00000   0.00000   0.00000   0.00624   0.04373   0.02103   0.01589   0.00000   0.00998   0.00000   0.02077   0.00145   0.01712   0.00000   0.08622   0.06395   0.00522   0.03322   0.02265   0.52487   0.61979   0.56890  
 28 289.9347   5514.839463  x:  0.07501   0.14329   0.64353   0.35970   0.17723   0.45844   0.15352   0.33504   0.20313   0.13450   0.32595   0.00000   0.01052   0.00926   0.28032   0.15862   0.16776   1.37438   0.00392   0.23785   0.76286   0.00000   0.06501   0.02937   0.00000   0.03435   0.14708   0.06364   0.08125   0.28444   0.07852   0.02476   0.14466   0.15834   0.14415   0.19516   0.19493   0.00000   0.08796   0.02345   0.02642   0.14132   0.09549   0.11664   0.06507   0.00000   0.00839   0.02897   0.04146   0.04429   0.01075   0.01950   0.02488   0.02148   0.01088   0.00000   0.00000   0.00000   0.00634   0.05090   0.01749   0.02071   0.00000   0.01270   0.00000   0.01530   0.00586   0.01939   0.00000   0.08589   0.06506   0.00481   0.03113   0.01797   0.51803   0.62425   0.57037  
 29 1803.3545   5511.369409  x:  0.07000   0.13959   0.66183   0.36537   0.17443   0.46167   0.15136   0.33701   0.19862   0.13413   0.32797   0.00000   0.00933   0.00900   0.28349   0.15766   0.16720   1.38878   0.00000   0.23950   0.78071   0.00000   0.06632   0.03123   0.00000   0.03616   0.14255   0.05863   0.07697   0.28406   0.07473   0.02591   0.14124   0.15382   0.14349   0.19262   0.19398   0.00000   0.08576   0.02126   0.02758   0.13620   0.09486   0.11492   0.06882   0.00000   0.01320   0.02838   0.04542   0.04417   0.01090   0.01621   0.02544   0.01968   0.01513   0.00000   0.00000   0.00000   0.00650   0.05634   0.02054   0.01876   0.00000   0.01023   0.00000   0.01337   0.00627   0.02125   0.00000   0.08719   0.06625   0.00461   0.02911   0.01521   0.51164   0.62860   0.57197  
 30 365.2372   5506.024127  x:  0.05800   0.12869   0.70674   0.37676   0.16731   0.47008   0.14632   0.33772   0.18319   0.13334   0.32837   0.00000   0.00777   0.01058   0.28983   0.15622   0.16556   1.42847   0.00000   0.24250   0.82724   0.00000   0.06845   0.02688   0.00000   0.03453   0.12955   0.04663   0.06828   0.27930   0.06630   0.02615   0.13169   0.14073   0.14119   0.18392   0.19164   0.00000   0.08099   0.02141   0.03167   0.12197   0.09335   0.10967   0.07442   0.00000   0.00620   0.02292   0.04857   0.04098   0.01036   0.02949   0.02369   0.01903   0.01352   0.00000   0.00000   0.00000   0.00617   0.05934   0.02506   0.00728   0.00000   0.00357   0.00000   0.02308   0.00523   0.01969   0.00000   0.09246   0.06841   0.00431   0.02582   0.01951   0.49704   0.63953   0.57641  
 31 492.5731   5502.444804  x:  0.04790   0.11718   0.75146   0.38679   0.16052   0.47874   0.14170   0.33630   0.16607   0.13272   0.32628   0.00000   0.00946   0.01265   0.29528   0.15525   0.16380   1.47076   0.00000   0.24479   0.87518   0.00000   0.06975   0.02129   0.00000   0.03173   0.11663   0.03652   0.06217   0.27277   0.05974   0.02652   0.12250   0.12774   0.13881   0.17457   0.18954   0.00000   0.07734   0.02676   0.03592   0.10819   0.09208   0.10433   0.07706   0.00000   0.01152   0.02160   0.04723   0.03946   0.01007   0.04190   0.02201   0.02104   0.00729   0.00000   0.00000   0.00000   0.00585   0.05764   0.02489   0.01229   0.00000   0.01898   0.00000   0.03291   0.00659   0.01646   0.00000   0.09780   0.06971   0.00482   0.02597   0.02681   0.48373   0.65051   0.58120  
 32 767.6259   5498.527092  x:  0.05107   0.10532   0.79212   0.39106   0.15644   0.48766   0.13966   0.32739   0.14631   0.13307   0.31529   0.00000   0.01073   0.01522   0.29674   0.15614   0.16161   1.52030   0.00000   0.24385   0.92492   0.00000   0.06807   0.01640   0.00000   0.02690   0.10828   0.03970   0.06949   0.26101   0.06351   0.02493   0.11786   0.11942   0.13676   0.16519   0.18900   0.00000   0.07932   0.02502   0.03628   0.10131   0.09208   0.09996   0.07002   0.00000   0.01232   0.03114   0.03033   0.03722   0.01001   0.04040   0.02113   0.02669   0.01496   0.00000   0.00000   0.00000   0.00559   0.04205   0.01500   0.02330   0.00000   0.00899   0.00000   0.03025   0.00640   0.01211   0.00000   0.10205   0.06701   0.00492   0.03297   0.02983   0.47778   0.66064   0.58712  
 33 240.8102   5495.740261  x:  0.05831   0.09759   0.81747   0.39103   0.15542   0.49378   0.14005   0.31793   0.13414   0.13395   0.30354   0.00000   0.00939   0.01659   0.29554   0.15754   0.15982   1.55863   0.00000   0.24143   0.95986   0.00000   0.06608   0.02093   0.00000   0.02725   0.10707   0.04694   0.07874   0.25103   0.07022   0.02407   0.11830   0.11829   0.13595   0.15967   0.18969   0.00000   0.08281   0.02327   0.03562   0.10225   0.09279   0.09850   0.06287   0.00000   0.01181   0.03000   0.02656   0.03705   0.00992   0.03405   0.02128   0.02715   0.00410   0.00000   0.00000   0.00000   0.00553   0.03195   0.02141   0.01940   0.00000   0.00962   0.00000   0.02406   0.00603   0.01179   0.00000   0.10404   0.06420   0.00466   0.03607   0.02916   0.47852   0.66681   0.59193  
 34 282.5983   5493.661558  x:  0.06760   0.09025   0.84145   0.38874   0.15585   0.50004   0.14205   0.30612   0.12464   0.13542   0.28869   0.00000   0.00985   0.01791   0.29253   0.15953   0.15780   1.60220   0.00000   0.23754   0.99659   0.00000   0.06351   0.02319   0.00000   0.02766   0.10997   0.05623   0.08956   0.23987   0.07890   0.02193   0.12167   0.12116   0.13567   0.15516   0.19126   0.00000   0.08734   0.02714   0.03548   0.10765   0.09397   0.09881   0.05457   0.00000   0.00897   0.02394   0.03069   0.03453   0.00959   0.03414   0.02062   0.02547   0.01331   0.00000   0.00000   0.00000   0.00537   0.02983   0.02320   0.01125   0.00000   0.01846   0.00000   0.02039   0.00575   0.01191   0.00000   0.10512   0.06140   0.00483   0.03604   0.02881   0.48336   0.67233   0.59757  
 35 365.3754   5491.405727  x:  0.07603   0.08397   0.86293   0.38347   0.15794   0.50620   0.14602   0.29202   0.12112   0.13741   0.27057   0.00000   0.01079   0.01909   0.28724   0.16196   0.15531   1.65291   0.00000   0.23174   1.03529   0.00000   0.06150   0.02031   0.00000   0.02843   0.11724   0.06465   0.09887   0.22802   0.08747   0.02156   0.12774   0.12824   0.13630   0.15191   0.19376   0.00000   0.09124   0.02718   0.03553   0.11674   0.09530   0.10166   0.04896   0.00000   0.01299   0.02013   0.04051   0.03571   0.00954   0.03851   0.02059   0.02263   0.00905   0.00000   0.00000   0.00000   0.00545   0.04418   0.01530   0.01385   0.00000   0.01425   0.00000   0.02503   0.00638   0.01373   0.00000   0.10529   0.06056   0.00472   0.03352   0.02939   0.49300   0.67661   0.60439  
 36 285.4351   5490.210054  x:  0.07679   0.08248   0.87144   0.37773   0.16061   0.50916   0.14978   0.28337   0.12734   0.13865   0.25911   0.00000   0.00970   0.01977   0.28225   0.16335   0.15343   1.68880   0.00000   0.22673   1.05825   0.00000   0.06232   0.01678   0.00000   0.02806   0.12358   0.06541   0.09937   0.22237   0.08949   0.02206   0.13211   0.13453   0.13746   0.15161   0.19572   0.00000   0.09106   0.02496   0.03392   0.12276   0.09562   0.10550   0.05309   0.00000   0.01039   0.02766   0.03955   0.03750   0.00967   0.04156   0.02080   0.02260   0.01081   0.00000   0.00000   0.00000   0.00552   0.04897   0.02611   0.01952   0.00000   0.01414   0.00000   0.02969   0.00649   0.01403   0.00000   0.10461   0.06287   0.00485   0.02987   0.02910   0.50206   0.67719   0.60950  
 37 172.6978   5488.226928  x:  0.06956   0.08503   0.87598   0.36438   0.16680   0.51210   0.15670   0.27080   0.14829   0.13971   0.24248   0.00000   0.01111   0.02101   0.27183   0.16505   0.14986   1.75482   0.00000   0.21649   1.09294   0.00000   0.06670   0.02193   0.00000   0.02713   0.13249   0.05819   0.09036   0.21749   0.08585   0.02160   0.13724   0.14375   0.13986   0.15369   0.19854   0.00000   0.08609   0.02350   0.03011   0.12902   0.09491   0.11256   0.06500   0.00000   0.01259   0.02677   0.02721   0.03701   0.00953   0.04064   0.02040   0.02485   0.00976   0.00000   0.00000   0.00000   0.00532   0.04510   0.01904   0.01349   0.00000   0.01643   0.00000   0.03050   0.00638   0.01188   0.00000   0.10172   0.06845   0.00466   0.02521   0.02549   0.51912   0.67408   0.61939  
 38 155.4435   5487.120008  x:  0.06418   0.09060   0.87240   0.35459   0.17171   0.51249   0.15984   0.26561   0.16135   0.13890   0.23682   0.00000   0.00811   0.02183   0.26525   0.16553   0.14788   1.80051   0.00000   0.20962   1.11195   0.00000   0.06686   0.01869   0.00000   0.02685   0.13452   0.05281   0.08301   0.21880   0.08198   0.02163   0.13775   0.14600   0.14090   0.15716   0.19920   0.00000   0.08340   0.02794   0.02965   0.12913   0.09419   0.11439   0.06640   0.00000   0.01222   0.02110   0.03502   0.03747   0.00954   0.03902   0.02059   0.02439   0.01003   0.00000   0.00000   0.00000   0.00539   0.03502   0.01835   0.01774   0.00000   0.01325   0.00000   0.02640   0.00627   0.01252   0.00000   0.09861   0.06809   0.00478   0.03252   0.02614   0.52853   0.66937   0.62653  
 39 144.4156   5486.191750  x:  0.06164   0.10039   0.86143   0.34389   0.17755   0.51117   0.16077   0.26427   0.16996   0.13616   0.23820   0.00000   0.01858   0.02261   0.25970   0.16543   0.14664   1.85216   0.00000   0.20285   1.12787   0.00000   0.06373   0.01574   0.00000   0.02681   0.13168   0.05026   0.07807   0.22509   0.07883   0.02062   0.13511   0.14342   0.14090   0.16282   0.19833   0.00000   0.08359   0.02537   0.02676   0.12512   0.09358   0.11223   0.05944   0.00000   0.01261   0.02676   0.03941   0.03568   0.00938   0.03822   0.02003   0.02297   0.00918   0.00000   0.00000   0.00000   0.00531   0.03538   0.01911   0.01391   0.00000   0.01339   0.00000   0.02257   0.00622   0.01282   0.00000   0.09550   0.06317   0.00470   0.03761   0.02976   0.53469   0.66142   0.63497  
 40 123.2734   5484.537155  x:  0.06167   0.11879   0.83687   0.32667   0.18726   0.50739   0.15998   0.26627   0.17773   0.13025   0.24719   0.00000   0.00959   0.02316   0.25285   0.16482   0.14569   1.94219   0.00000   0.19279   1.15064   0.00000   0.05893   0.02330   0.00000   0.02747   0.12396   0.05030   0.07511   0.23870   0.07621   0.02000   0.12946   0.13623   0.14006   0.17295   0.19584   0.00000   0.08655   0.02391   0.02307   0.11705   0.09319   0.10629   0.04671   0.00000   0.01145   0.02557   0.03399   0.03271   0.00949   0.03859   0.01978   0.02309   0.01023   0.00000   0.00000   0.00000   0.00532   0.04433   0.02126   0.01598   0.00000   0.01415   0.00000   0.02408   0.00627   0.01267   0.00000   0.09268   0.05584   0.00461   0.03752   0.03429   0.54056   0.64547   0.65009  
 41 200.9907   5483.077561  x:  0.06624   0.13412   0.80863   0.31432   0.19412   0.50223   0.15668   0.27323   0.17403   0.12475   0.26125   0.00000   0.01018   0.02129   0.25180   0.16409   0.14658   2.02861   0.00000   0.18696   1.16642   0.00000   0.06065   0.01340   0.00000   0.02691   0.11901   0.05486   0.08052   0.25070   0.07873   0.02435   0.12685   0.13089   0.13892   0.17947   0.19358   0.00000   0.08985   0.02885   0.02454   0.11404   0.09398   0.10244   0.05275   0.00000   0.01107   0.02174   0.03112   0.03935   0.00955   0.03437   0.02058   0.02322   0.00963   0.00000   0.00000   0.00000   0.00540   0.04442   0.02101   0.01480   0.00000   0.01449   0.00000   0.02562   0.00610   0.01318   0.00000   0.09642   0.06128   0.00496   0.02803   0.02863   0.53881   0.62834   0.66522  
 42 149.4095   5482.150229  x:  0.06858   0.14237   0.78598   0.30836   0.19699   0.49774   0.15381   0.28044   0.16680   0.12219   0.27253   0.00000   0.01208   0.02003   0.25429   0.16383   0.14822   2.09313   0.00000   0.18533   1.17456   0.00000   0.06466   0.02108   0.00000   0.02663   0.11869   0.05721   0.08556   0.25696   0.08090   0.02287   0.12771   0.13025   0.13791   0.18109   0.19237   0.00000   0.09060   0.02597   0.02357   0.11602   0.09473   0.10217   0.06105   0.00000   0.01258   0.02455   0.03803   0.03927   0.00962   0.04022   0.02096   0.02458   0.01021   0.00000   0.00000   0.00000   0.00545   0.03833   0.01948   0.01656   0.00000   0.01367   0.00000   0.02862   0.00637   0.01274   0.00000   0.10009   0.06693   0.00484   0.02567   0.02519   0.53376   0.61492   0.67695  
 43 189.5259   5481.327088  x:  0.06635   0.14411   0.76443   0.30847   0.19568   0.49296   0.15182   0.28850   0.15720   0.12330   0.28110   0.00000   0.00694   0.01953   0.26061   0.16396   0.15062   2.15140   0.00000   0.18775   1.17633   0.00000   0.06661   0.01809   0.00000   0.02831   0.12403   0.05497   0.08715   0.25715   0.08091   0.01996   0.13207   0.13515   0.13752   0.17719   0.19223   0.00000   0.08782   0.02342   0.02464   0.12252   0.09507   0.10556   0.06590   0.00000   0.01282   0.02729   0.03653   0.03649   0.00956   0.04103   0.02040   0.02319   0.00966   0.00000   0.00000   0.00000   0.00541   0.04119   0.01805   0.01354   0.00000   0.01582   0.00000   0.02654   0.00628   0.01317   0.00000   0.10094   0.06782   0.00452   0.03594   0.02646   0.52488   0.60243   0.68821  
 44 115.2631   5480.799110  x:  0.06375   0.14328   0.74937   0.31112   0.19336   0.48938   0.15099   0.29470   0.15121   0.12553   0.28620   0.00000   0.01200   0.01925   0.26623   0.16405   0.15255   2.19303   0.00000   0.19079   1.17528   0.00000   0.06662   0.02007   0.00000   0.02903   0.12867   0.05238   0.08678   0.25554   0.08021   0.01985   0.13566   0.13987   0.13776   0.17322   0.19251   0.00000   0.08546   0.02644   0.02649   0.12749   0.09511   0.10854   0.06576   0.00000   0.01263   0.02314   0.03264   0.03452   0.00964   0.04047   0.02020   0.02293   0.00997   0.00000   0.00000   0.00000   0.00542   0.04352   0.02105   0.01590   0.00000   0.01368   0.00000   0.02583   0.00637   0.01325   0.00000   0.09983   0.06626   0.00466   0.03933   0.02844   0.51770   0.59367   0.69655  
 45 190.8685   5480.192688  x:  0.06058   0.13812   0.73400   0.31997   0.18811   0.48515   0.15168   0.30173   0.14915   0.13088   0.28860   0.00000   0.01038   0.01856   0.27378   0.16387   0.15485   2.24032   0.00000   0.19645   1.16849   0.00000   0.06318   0.01957   0.00000   0.02557   0.13307   0.04920   0.08334   0.25052   0.07830   0.02470   0.13855   0.14520   0.13922   0.16772   0.19366   0.00000   0.08401   0.02553   0.02791   0.13080   0.09466   0.11150   0.05769   0.00000   0.01240   0.02502   0.03494   0.03621   0.00958   0.03791   0.02046   0.02466   0.01000   0.00000   0.00000   0.00000   0.00539   0.03999   0.01980   0.01568   0.00000   0.01373   0.00000   0.02610   0.00626   0.01229   0.00000   0.09527   0.06173   0.00475   0.02976   0.02982   0.50958   0.58469   0.70673  
 46 93.2994   5479.721700  x:  0.06437   0.12869   0.72627   0.33666   0.18120   0.48169   0.15416   0.30634   0.15773   0.13749   0.28504   0.00000   0.01054   0.01664   0.27953   0.16268   0.15630   2.28130   0.00000   0.20320   1.15228   0.00000   0.06128   0.01862   0.00000   0.03119   0.13096   0.05299   0.08081   0.24501   0.07726   0.01682   0.13553   0.14416   0.14068   0.16663   0.19579   0.00000   0.08783   0.02557   0.02851   0.12617   0.09423   0.11128   0.05500   0.00000   0.01261   0.02506   0.03429   0.03900   0.00967   0.03918   0.02088   0.02244   0.01003   0.00000   0.00000   0.00000   0.00551   0.03868   0.01966   0.01597   0.00000   0.01376   0.00000   0.02789   0.00630   0.01409   0.00000   0.09346   0.06429   0.00475   0.02898   0.02642   0.50693   0.58005   0.71698  
 47 44.7715   5479.318849  x:  0.06895   0.11912   0.72254   0.35404   0.17463   0.47887   0.15586   0.30904   0.16640   0.14223   0.28080   0.00000   0.01072   0.01574   0.28336   0.16131   0.15694   2.31857   0.00000   0.20901   1.13285   0.00000   0.06302   0.01961   0.00000   0.02604   0.12735   0.05757   0.08042   0.24163   0.07892   0.02218   0.13233   0.14167   0.14228   0.16832   0.19754   0.00000   0.09037   0.02582   0.02841   0.12145   0.09425   0.11059   0.05703   0.00000   0.01256   0.02459   0.03517   0.03683   0.00962   0.03986   0.02060   0.02500   0.00992   0.00000   0.00000   0.00000   0.00541   0.04165   0.02040   0.01529   0.00000   0.01405   0.00000   0.02637   0.00630   0.01223   0.00000   0.09477   0.06621   0.00470   0.03364   0.02573   0.50738   0.57770   0.72704  
 48 81.1914   5479.021716  x:  0.06891   0.11242   0.72696   0.36729   0.17079   0.47777   0.15386   0.30738   0.16715   0.14037   0.27889   0.00000   0.01037   0.01770   0.28251   0.16028   0.15565   2.34745   0.00000   0.21124   1.10985   0.00000   0.06533   0.01946   0.00000   0.02866   0.12593   0.05753   0.08296   0.24485   0.08140   0.02351   0.13235   0.13925   0.14134   0.17311   0.19687   0.00000   0.08620   0.02563   0.02698   0.12272   0.09501   0.10980   0.06071   0.00000   0.01293   0.02470   0.03506   0.03485   0.00968   0.03838   0.02038   0.02119   0.01017   0.00000   0.00000   0.00000   0.00549   0.04033   0.01976   0.01558   0.00000   0.01366   0.00000   0.02570   0.00634   0.01455   0.00000   0.09862   0.06206   0.00474   0.03080   0.03356   0.51165   0.57989   0.73642  
 49 35.6118   5478.731005  x:  0.06644   0.10778   0.73583   0.37768   0.16899   0.47770   0.15047   0.30391   0.16339   0.13580   0.27845   0.00000   0.01042   0.01768   0.27954   0.15965   0.15358   2.37510   0.00000   0.21165   1.08359   0.00000   0.06461   0.01920   0.00000   0.02766   0.12634   0.05507   0.08426   0.25003   0.08113   0.01869   0.13398   0.13823   0.13934   0.17700   0.19514   0.00000   0.08294   0.02612   0.02597   0.12588   0.09532   0.10826   0.06046   0.00000   0.01262   0.02441   0.03616   0.03751   0.00953   0.03656   0.02033   0.02656   0.01010   0.00000   0.00000   0.00000   0.00533   0.04150   0.02021   0.01532   0.00000   0.01354   0.00000   0.02625   0.00630   0.01092   0.00000   0.09949   0.06057   0.00479   0.03069   0.03166   0.51617   0.58449   0.74651  
 50 52.4687   5478.488686  x:  0.06429   0.10596   0.74625   0.38345   0.16939   0.47857   0.14800   0.30068   0.15867   0.13183   0.27953   0.00000   0.01055   0.01690   0.27627   0.15979   0.15184   2.39799   0.00000   0.21096   1.05955   0.00000   0.06277   0.01949   0.00000   0.02562   0.12775   0.05291   0.08360   0.25421   0.07911   0.02123   0.13573   0.13899   0.13835   0.17835   0.19369   0.00000   0.08394   0.02618   0.02503   0.12785   0.09497   0.10715   0.05748   0.00000   0.01276   0.02474   0.03442   0.03794   0.00968   0.03929   0.02077   0.02287   0.00995   0.00000   0.00000   0.00000   0.00549   0.04061   0.02020   0.01540   0.00000   0.01370   0.00000   0.02702   0.00628   0.01374   0.00000   0.09772   0.06354   0.00477   0.03234   0.02572   0.51879   0.58989   0.75576  
 51 60.0265   5478.319320  x:  0.06507   0.10784   0.75696   0.38226   0.17253   0.48059   0.14860   0.29931   0.15626   0.13138   0.28225   0.00000   0.01041   0.01716   0.27418   0.16105   0.15138   2.41354   0.00000   0.20962   1.04124   0.00000   0.06303   0.01890   0.00000   0.03043   0.12925   0.05370   0.08160   0.25515   0.07644   0.02399   0.13593   0.14101   0.13914   0.17592   0.19370   0.00000   0.08845   0.02586   0.02509   0.12651   0.09428   0.10824   0.05752   0.00000   0.01297   0.02467   0.03458   0.03577   0.00962   0.03977   0.02042   0.02510   0.00996   0.00000   0.00000   0.00000   0.00539   0.04037   0.02021   0.01552   0.00000   0.01343   0.00000   0.02573   0.00631   0.01202   0.00000   0.09527   0.06680   0.00472   0.03170   0.02765   0.51755   0.59537   0.76349  
 52 31.5870   5478.126021  x:  0.06707   0.11154   0.77067   0.37683   0.17735   0.48370   0.15112   0.29952   0.15622   0.13310   0.28631   0.00000   0.01031   0.01731   0.27298   0.16278   0.15175   2.42961   0.00000   0.20808   1.02141   0.00000   0.06478   0.01962   0.00000   0.02574   0.13004   0.05570   0.07995   0.25453   0.07481   0.02087   0.13512   0.14317   0.14048   0.17185   0.19446   0.00000   0.09109   0.02606   0.02638   0.12407   0.09393   0.11057   0.05981   0.00000   0.01300   0.02458   0.03489   0.03689   0.00962   0.03786   0.02046   0.02358   0.01006   0.00000   0.00000   0.00000   0.00543   0.04064   0.02022   0.01541   0.00000   0.01335   0.00000   0.02607   0.00631   0.01300   0.00000   0.09363   0.06554   0.00475   0.03122   0.03092   0.51367   0.60215   0.77284  
 53 41.8400   5477.977220  x:  0.06733   0.11423   0.78167   0.36894   0.18040   0.48648   0.15379   0.30194   0.15978   0.13581   0.28902   0.00000   0.01044   0.01573   0.27408   0.16342   0.15287   2.44000   0.00000   0.20761   1.00814   0.00000   0.06364   0.01927   0.00000   0.02763   0.12912   0.05595   0.08120   0.25243   0.07843   0.02223   0.13407   0.14308   0.14148   0.16988   0.19516   0.00000   0.08638   0.02601   0.02718   0.12368   0.09472   0.11166   0.06033   0.00000   0.01321   0.02467   0.03482   0.03646   0.00964   0.03900   0.02049   0.02399   0.01002   0.00000   0.00000   0.00000   0.00543   0.04028   0.02018   0.01530   0.00000   0.01352   0.00000   0.02766   0.00634   0.01278   0.00000   0.09538   0.06054   0.00477   0.03202   0.02713   0.50923   0.60718   0.78096  
 54 26.0057   5477.871185  x:  0.06570   0.11493   0.78854   0.36168   0.18025   0.48825   0.15445   0.30528   0.16344   0.13732   0.28980   0.00000   0.01029   0.01524   0.27707   0.16263   0.15409   2.44470   0.00000   0.20866   1.00212   0.00000   0.06277   0.01945   0.00000   0.02704   0.12794   0.05432   0.08351   0.25021   0.08155   0.02159   0.13429   0.14145   0.14087   0.17113   0.19532   0.00000   0.08342   0.02611   0.02738   0.12608   0.09536   0.11058   0.05724   0.00000   0.01322   0.02472   0.03474   0.03696   0.00967   0.03959   0.02064   0.02407   0.00997   0.00000   0.00000   0.00000   0.00546   0.04079   0.02044   0.01535   0.00000   0.01333   0.00000   0.02534   0.00633   0.01290   0.00000   0.09710   0.06592   0.00475   0.03149   0.02900   0.50673   0.60966   0.78773  
 55 15.7240   5477.674559  x:  0.06359   0.11443   0.79719   0.35064   0.17514   0.49028   0.15136   0.31158   0.16625   0.13734   0.28845   0.00000   0.01050   0.01671   0.28473   0.15946   0.15600   2.44706   0.00000   0.21294   0.99985   0.00000   0.06513   0.01922   0.00000   0.02722   0.12792   0.05222   0.08502   0.24696   0.08022   0.02195   0.13678   0.13909   0.13849   0.17669   0.19570   0.00000   0.09070   0.02617   0.02632   0.13036   0.09472   0.10738   0.05700   0.00000   0.01315   0.02474   0.03527   0.03513   0.00957   0.03603   0.02006   0.02365   0.01018   0.00000   0.00000   0.00000   0.00537   0.04005   0.02041   0.01509   0.00000   0.01332   0.00000   0.02977   0.00633   0.01255   0.00000   0.09741   0.06481   0.00475   0.03246   0.02853   0.50648   0.61078   0.80204  
 56 11.0393   5477.369259  x:  0.06562   0.11516   0.80708   0.34179   0.16773   0.49222   0.14604   0.31828   0.16577   0.13646   0.28622   0.00000   0.01001   0.01483   0.29321   0.15591   0.15762   2.44652   0.00000   0.21871   1.00293   0.00000   0.06325   0.01904   0.00000   0.02672   0.12950   0.05424   0.08355   0.24662   0.07634   0.02188   0.13865   0.13983   0.13758   0.18242   0.19659   0.00000   0.09320   0.02652   0.02503   0.13048   0.09402   0.10621   0.06096   0.00000   0.01405   0.02436   0.03388   0.03822   0.00971   0.04232   0.02090   0.02441   0.00975   0.00000   0.00000   0.00000   0.00548   0.04040   0.02053   0.01536   0.00000   0.01278   0.00000   0.02267   0.00636   0.01290   0.00000   0.09474   0.05988   0.00482   0.03078   0.02869   0.50904   0.60992   0.82440  
 57 20.9870   5476.546215  x:  0.07455   0.12045   0.82864   0.33646   0.15360   0.49549   0.13777   0.32864   0.16065   0.13708   0.28485   0.00000   0.01004   0.01406   0.30537   0.15297   0.15872   2.43945   0.00000   0.22947   1.02123   0.00000   0.05774   0.01898   0.00000   0.02584   0.13354   0.06318   0.07692   0.25539   0.07498   0.02203   0.13762   0.14766   0.14152   0.18815   0.19747   0.00000   0.07945   0.02662   0.02176   0.12232   0.09488   0.11064   0.06157   0.00000   0.01472   0.02415   0.03443   0.03443   0.00948   0.03768   0.01961   0.02350   0.01005   0.00000   0.00000   0.00000   0.00529   0.03905   0.02079   0.01485   0.00000   0.01252   0.00000   0.02931   0.00642   0.01212   0.00000   0.08651   0.06527   0.00475   0.03180   0.02971   0.51756   0.60369   0.88619  
 58 33.3895   5474.871092  x:  0.07278   0.12884   0.86833   0.35690   0.14433   0.49930   0.14165   0.33937   0.16456   0.14588   0.29846   0.00000   0.00944   0.02156   0.30775   0.15815   0.15577   2.41953   0.00000   0.23824   1.07214   0.00000   0.07818   0.01706   0.00000   0.02633   0.13622   0.06141   0.07318   0.28039   0.08732   0.01978   0.13390   0.15687   0.14862   0.18612   0.19201   0.00000   0.08494   0.02782   0.02131   0.12418   0.09686   0.12274   0.04842   0.00000   0.01645   0.02436   0.03258   0.03703   0.00958   0.04262   0.02010   0.02464   0.00956   0.00000   0.00000   0.00000   0.00534   0.03828   0.02216   0.01453   0.00000   0.01122   0.00000   0.02607   0.00648   0.01180   0.00000   0.09304   0.06377   0.00488   0.03114   0.02442   0.52549   0.58753   1.01645  
 59 53.8739   5473.064760  x:  0.06870   0.12889   0.90370   0.38802   0.15215   0.50108   0.15033   0.34553   0.17653   0.14972   0.31620   0.00000   0.00882   0.00400   0.29833   0.16153   0.15173   2.39820   0.00000   0.23718   1.12720   0.00000   0.05704   0.01809   0.00000   0.02366   0.13462   0.05732   0.08117   0.29558   0.08845   0.01972   0.13744   0.15628   0.14767   0.18285   0.18722   0.00000   0.09792   0.02813   0.02222   0.13767   0.09570   0.12473   0.05555   0.00000   0.01874   0.02399   0.03213   0.03304   0.00946   0.04045   0.01904   0.02411   0.00970   0.00000   0.00000   0.00000   0.00521   0.03619   0.02246   0.01373   0.00000   0.00973   0.00000   0.02820   0.00663   0.01109   0.00000   0.09830   0.06298   0.00486   0.03180   0.02981   0.52113   0.57271   1.14587  
 60 108.4024   5472.217400  x:  0.07294   0.11955   0.91781   0.40623   0.16698   0.50031   0.15391   0.34713   0.18669   0.14598   0.33127   0.00000   0.00853   0.01884   0.28985   0.16131   0.15102   2.38728   0.00000   0.22975   1.15636   0.00000   0.05518   0.01789   0.00000   0.02328   0.13615   0.06157   0.08915   0.29211   0.07806   0.02129   0.14520   0.15173   0.14119   0.18669   0.18979   0.00000   0.09142   0.02870   0.02227   0.14432   0.09486   0.11484   0.05854   0.00000   0.01990   0.02387   0.03184   0.03290   0.00951   0.04228   0.01910   0.02442   0.00954   0.00000   0.00000   0.00000   0.00523   0.03600   0.02289   0.01339   0.00000   0.00926   0.00000   0.02789   0.00671   0.01097   0.00000   0.08703   0.06275   0.00489   0.03218   0.02821   0.50818   0.56960   1.20957  
 61 69.3003   5471.934163  x:  0.07446   0.11261   0.92030   0.41166   0.17500   0.49909   0.15230   0.34768   0.18923   0.14033   0.33599   0.00000   0.00848   0.01048   0.28703   0.15919   0.15151   2.38405   0.00000   0.22421   1.16575   0.00000   0.06339   0.01723   0.00000   0.02364   0.13846   0.06308   0.08919   0.28766   0.07614   0.02147   0.14735   0.15197   0.13978   0.19044   0.19295   0.00000   0.08826   0.02874   0.02150   0.14371   0.09547   0.11147   0.05592   0.00000   0.02019   0.02384   0.03169   0.03222   0.00948   0.04231   0.01887   0.02426   0.00954   0.00000   0.00000   0.00000   0.00520   0.03573   0.02320   0.01336   0.00000   0.00906   0.00000   0.02829   0.00673   0.01084   0.00000   0.08371   0.06230   0.00489   0.03207   0.02900   0.50181   0.57175   1.22819  
 62 42.2525   5471.758615  x:  0.07387   0.10347   0.91916   0.41461   0.18229   0.49695   0.14856   0.34911   0.18985   0.13369   0.34188   0.00000   0.00844   0.01284   0.28791   0.15773   0.15362   2.38284   0.00000   0.21683   1.17206   0.00000   0.06053   0.01739   0.00000   0.02324   0.14159   0.06249   0.08398   0.28263   0.08140   0.02065   0.14653   0.15656   0.14217   0.19673   0.19774   0.00000   0.09059   0.02896   0.02015   0.13947   0.09669   0.11375   0.05535   0.00000   0.02030   0.02383   0.03164   0.03258   0.00948   0.04198   0.01889   0.02431   0.00954   0.00000   0.00000   0.00000   0.00520   0.03555   0.02322   0.01330   0.00000   0.00886   0.00000   0.02806   0.00672   0.01081   0.00000   0.08891   0.06250   0.00491   0.03209   0.02882   0.49751   0.57949   1.23710  
 63 17.5578   5471.655670  x:  0.07315   0.10055   0.91491   0.41704   0.18410   0.49426   0.14862   0.35153   0.18805   0.13520   0.34467   0.00000   0.00839   0.01232   0.29376   0.15988   0.15765   2.38533   0.00000   0.20956   1.17682   0.00000   0.06077   0.01734   0.00000   0.02340   0.13737   0.06178   0.08425   0.28178   0.08194   0.02055   0.14313   0.15638   0.14368   0.19998   0.19670   0.00000   0.09050   0.02886   0.02101   0.14229   0.09382   0.11737   0.05608   0.00000   0.02039   0.02381   0.03158   0.03236   0.00947   0.04204   0.01886   0.02426   0.00951   0.00000   0.00000   0.00000   0.00520   0.03559   0.02328   0.01325   0.00000   0.00876   0.00000   0.02800   0.00672   0.01080   0.00000   0.08422   0.06245   0.00489   0.03201   0.02859   0.50253   0.59636   1.23481  
 64  6.1199   5471.544550  x:  0.07421   0.10316   0.91008   0.42014   0.18256   0.49129   0.15055   0.35369   0.18816   0.13868   0.34512   0.00000   0.00838   0.01173   0.29763   0.15970   0.16194   2.38981   0.00000   0.20524   1.18170   0.00000   0.06073   0.01743   0.00000   0.02338   0.13979   0.06283   0.08302   0.28324   0.07713   0.02091   0.14579   0.15614   0.14207   0.19846   0.19349   0.00000   0.08966   0.02897   0.02089   0.14221   0.09853   0.11425   0.05509   0.00000   0.02039   0.02394   0.03159   0.03221   0.00947   0.04162   0.01884   0.02425   0.00951   0.00000   0.00000   0.00000   0.00520   0.03549   0.02325   0.01325   0.00000   0.00866   0.00000   0.02788   0.00671   0.01078   0.00000   0.08932   0.06252   0.00491   0.03200   0.02836   0.50490   0.61638   1.22695  
 65  9.4243   5471.387093  x:  0.07253   0.10817   0.90522   0.42200   0.17660   0.48828   0.15115   0.35337   0.19017   0.13857   0.34191   0.00000   0.00831   0.01206   0.29483   0.15565   0.16446   2.39793   0.00000   0.20753   1.18695   0.00000   0.06070   0.01751   0.00000   0.02331   0.14393   0.06115   0.08487   0.28801   0.08314   0.02054   0.14921   0.15491   0.14056   0.19348   0.19348   0.00000   0.09062   0.02894   0.01961   0.13835   0.09355   0.11127   0.05685   0.00000   0.02045   0.02371   0.03182   0.03204   0.00942   0.04142   0.01873   0.02397   0.00951   0.00000   0.00000   0.00000   0.00517   0.03588   0.02335   0.01320   0.00000   0.00852   0.00000   0.02746   0.00670   0.01080   0.00000   0.08584   0.06250   0.00490   0.03174   0.02834   0.49877   0.63654   1.20920  
 66  9.4857   5471.016816  x:  0.07305   0.11095   0.90457   0.42108   0.16866   0.48778   0.14646   0.35087   0.19453   0.13136   0.33822   0.00000   0.00825   0.01286   0.28377   0.15410   0.16127   2.42041   0.00000   0.22315   1.19672   0.00000   0.06077   0.01758   0.00000   0.02368   0.13815   0.06167   0.08893   0.29405   0.07621   0.02089   0.14435   0.15638   0.14369   0.19457   0.20161   0.00000   0.09122   0.02888   0.02044   0.14360   0.10041   0.12218   0.05552   0.00000   0.02037   0.02375   0.03225   0.03136   0.00936   0.04053   0.01860   0.02361   0.00947   0.00000   0.00000   0.00000   0.00515   0.03650   0.02356   0.01310   0.00000   0.00829   0.00000   0.02682   0.00666   0.01083   0.00000   0.08618   0.06293   0.00489   0.03139   0.02690   0.48606   0.65620   1.15710  
 67 11.9762   5469.698647  x:  0.07710   0.10080   0.92411   0.41800   0.17133   0.50076   0.14431   0.35065   0.19327   0.13506   0.35107   0.00000   0.00793   0.00945   0.27702   0.17193   0.13913   2.50006   0.00000   0.25882   1.22232   0.00000   0.06200   0.01855   0.00000   0.02486   0.13672   0.06573   0.07208   0.29619   0.07551   0.02067   0.14168   0.16221   0.14424   0.20341   0.20394   0.00000   0.08694   0.02908   0.02401   0.15040   0.08164   0.10584   0.05627   0.00000   0.02015   0.02466   0.03308   0.02931   0.00923   0.03639   0.01828   0.02250   0.00938   0.00000   0.00000   0.00000   0.00509   0.03776   0.02349   0.01300   0.00000   0.00718   0.00000   0.02430   0.00651   0.01103   0.00000   0.09578   0.06353   0.00498   0.02995   0.02392   0.48556   0.66474   0.96413  
 68 27.5219   5468.102625  x:  0.06907   0.08959   0.95429   0.41888   0.17861   0.51742   0.14670   0.35308   0.18781   0.14366   0.36694   0.00000   0.00751   0.00655   0.28472   0.17559   0.11708   2.59594   0.00000   0.27637   1.24830   0.00000   0.06254   0.01957   0.00000   0.02609   0.14150   0.05769   0.07349   0.29039   0.08331   0.01974   0.14379   0.15582   0.14129   0.20525   0.19680   0.00000   0.08942   0.02874   0.02285   0.13584   0.10590   0.10489   0.06322   0.00000   0.01992   0.02448   0.03453   0.02701   0.00896   0.03207   0.01766   0.02054   0.00917   0.00000   0.00000   0.00000   0.00496   0.04020   0.02387   0.01255   0.00000   0.00573   0.00000   0.02016   0.00630   0.01131   0.00000   0.08142   0.06404   0.00495   0.02785   0.01996   0.49454   0.65399   0.72678  
 69 110.8905   5467.165373  x:  0.06782   0.09364   0.97801   0.42591   0.18069   0.52390   0.14598   0.35707   0.18757   0.14201   0.36855   0.00000   0.00739   0.00728   0.29676   0.15975   0.11910   2.65030   0.00000   0.26331   1.26037   0.00000   0.06361   0.01987   0.00000   0.02690   0.14327   0.05644   0.08240   0.28424   0.07303   0.02000   0.14435   0.15116   0.14155   0.19883   0.19177   0.00000   0.08656   0.02896   0.01993   0.13034   0.09189   0.12047   0.06036   0.00000   0.01947   0.02445   0.03576   0.02615   0.00879   0.02916   0.01735   0.01943   0.00907   0.00000   0.00000   0.00000   0.00488   0.04191   0.02427   0.01230   0.00000   0.00508   0.00000   0.01811   0.00615   0.01149   0.00000   0.08968   0.06509   0.00498   0.02668   0.01637   0.49662   0.63526   0.59200  
 70 80.2360   5466.729503  x:  0.06971   0.09932   0.99393   0.43120   0.17475   0.52149   0.14220   0.35996   0.18833   0.13524   0.35999   0.00000   0.00726   0.00938   0.30209   0.15286   0.13352   2.67573   0.00000   0.24258   1.26559   0.00000   0.06397   0.02010   0.00000   0.02729   0.13817   0.05833   0.07260   0.28676   0.07733   0.01966   0.13970   0.15324   0.14369   0.19274   0.19334   0.00000   0.08677   0.02883   0.02145   0.14017   0.09566   0.11283   0.06233   0.00000   0.01947   0.02468   0.03595   0.02517   0.00871   0.02802   0.01714   0.01896   0.00905   0.00000   0.00000   0.00000   0.00485   0.04245   0.02425   0.01233   0.00000   0.00473   0.00000   0.01723   0.00612   0.01150   0.00000   0.08789   0.06507   0.00498   0.02615   0.01578   0.49189   0.62008   0.53556  
 71 35.4032   5466.560267  x:  0.06789   0.09660   1.00220   0.43052   0.16846   0.51424   0.14268   0.36296   0.18780   0.13644   0.35377   0.00000   0.00721   0.00889   0.30021   0.16452   0.14564   2.68490   0.00000   0.23166   1.26810   0.00000   0.06389   0.02040   0.00000   0.02749   0.14050   0.05651   0.07702   0.29260   0.07506   0.01970   0.14081   0.15576   0.14236   0.19831   0.19671   0.00000   0.08701   0.02878   0.02315   0.13454   0.09515   0.11134   0.06252   0.00000   0.01939   0.02485   0.03626   0.02482   0.00870   0.02738   0.01714   0.01876   0.00905   0.00000   0.00000   0.00000   0.00485   0.04282   0.02430   0.01223   0.00000   0.00463   0.00000   0.01678   0.00609   0.01159   0.00000   0.08823   0.06524   0.00499   0.02589   0.01524   0.48724   0.61252   0.52638  
 72 11.3563   5466.337381  x:  0.06920   0.09010   1.01140   0.42651   0.16844   0.49510   0.14760   0.36660   0.18135   0.14452   0.35337   0.00000   0.00719   0.00837   0.29094   0.16283   0.15653   2.69333   0.00000   0.22969   1.27217   0.00000   0.06400   0.02036   0.00000   0.02760   0.13998   0.05783   0.06987   0.29429   0.07515   0.01977   0.14270   0.14640   0.14220   0.19898   0.19717   0.00000   0.08656   0.02880   0.02110   0.13740   0.09529   0.11639   0.06295   0.00000   0.01918   0.02484   0.03649   0.02471   0.00863   0.02650   0.01702   0.01839   0.00904   0.00000   0.00000   0.00000   0.00482   0.04336   0.02435   0.01226   0.00000   0.00451   0.00000   0.01612   0.00604   0.01163   0.00000   0.08829   0.06572   0.00500   0.02546   0.01422   0.48651   0.60625   0.55034  
 73  5.6327   5465.864362  x:  0.06599   0.09023   1.02885   0.42535   0.17032   0.46091   0.14553   0.36946   0.18082   0.14359   0.35558   0.00000   0.00715   0.00960   0.28717   0.15176   0.15763   2.71085   0.00000   0.22909   1.28301   0.00000   0.06441   0.02061   0.00000   0.02814   0.13540   0.05461   0.07670   0.28624   0.07316   0.01943   0.13578   0.15844   0.14433   0.19326   0.19072   0.00000   0.08596   0.02863   0.02279   0.13293   0.09503   0.10937   0.06430   0.00000   0.01879   0.02513   0.03733   0.02364   0.00854   0.02479   0.01680   0.01762   0.00902   0.00000   0.00000   0.00000   0.00477   0.04444   0.02435   0.01213   0.00000   0.00442   0.00000   0.01473   0.00597   0.01178   0.00000   0.08889   0.06574   0.00501   0.02470   0.01303   0.49302   0.59818   0.62594  
 74 16.1495   5465.442379  x:  0.06635   0.10057   1.03739   0.43134   0.17142   0.45717   0.13964   0.36405   0.18500   0.13183   0.35172   0.00000   0.00713   0.00986   0.30350   0.16205   0.14671   2.72569   0.00000   0.22273   1.29232   0.00000   0.06428   0.02085   0.00000   0.02830   0.13616   0.05498   0.07289   0.28109   0.07569   0.01937   0.14087   0.14762   0.14001   0.18803   0.19440   0.00000   0.08549   0.02843   0.02443   0.13194   0.09477   0.11423   0.06400   0.00000   0.01839   0.02534   0.03800   0.02257   0.00842   0.02347   0.01654   0.01692   0.00900   0.00000   0.00000   0.00000   0.00472   0.04544   0.02442   0.01208   0.00000   0.00444   0.00000   0.01360   0.00590   0.01183   0.00000   0.08956   0.06601   0.00501   0.02396   0.01181   0.49077   0.59329   0.70454  
 75 21.9500   5465.105823  x:  0.06431   0.09834   1.03448   0.43493   0.17301   0.49174   0.14602   0.35586   0.18111   0.13512   0.34553   0.00000   0.00708   0.00982   0.31345   0.15894   0.14840   2.73651   0.00000   0.21473   1.29863   0.00000   0.06463   0.02079   0.00000   0.02845   0.13426   0.05293   0.07437   0.28812   0.07240   0.01915   0.13514   0.14971   0.14554   0.19061   0.19580   0.00000   0.08527   0.02843   0.02184   0.13344   0.09507   0.11008   0.06558   0.00000   0.01806   0.02532   0.03853   0.02210   0.00829   0.02224   0.01628   0.01627   0.00900   0.00000   0.00000   0.00000   0.00466   0.04633   0.02448   0.01208   0.00000   0.00437   0.00000   0.01250   0.00584   0.01185   0.00000   0.08987   0.06633   0.00502   0.02329   0.01072   0.48072   0.58995   0.77320  
 76 17.9563   5465.028935  x:  0.06459   0.09560   1.03352   0.43571   0.17164   0.50572   0.14375   0.35785   0.18189   0.13420   0.34621   0.00000   0.00708   0.01007   0.30946   0.15483   0.15369   2.73970   0.00000   0.21344   1.30086   0.00000   0.06460   0.02092   0.00000   0.02861   0.13258   0.05321   0.07298   0.28891   0.07349   0.01924   0.13846   0.15027   0.14030   0.18994   0.19453   0.00000   0.08525   0.02829   0.02409   0.13094   0.09474   0.11230   0.06522   0.00000   0.01800   0.02550   0.03867   0.02173   0.00829   0.02197   0.01627   0.01618   0.00901   0.00000   0.00000   0.00000   0.00466   0.04646   0.02448   0.01204   0.00000   0.00441   0.00000   0.01234   0.00583   0.01189   0.00000   0.09006   0.06643   0.00502   0.02317   0.01049   0.48315   0.58958   0.78909  
 77 10.8944   5465.008298  x:  0.06456   0.09551   1.03310   0.43619   0.16910   0.51023   0.14130   0.36103   0.18246   0.13323   0.34778   0.00000   0.00709   0.01004   0.30561   0.15648   0.15521   2.74060   0.00000   0.21233   1.30133   0.00000   0.06455   0.02097   0.00000   0.02857   0.13469   0.05318   0.07360   0.28626   0.07335   0.01913   0.13696   0.14841   0.14267   0.18812   0.19348   0.00000   0.08514   0.02830   0.02394   0.13132   0.09476   0.11186   0.06529   0.00000   0.01798   0.02551   0.03874   0.02171   0.00829   0.02187   0.01626   0.01614   0.00901   0.00000   0.00000   0.00000   0.00466   0.04655   0.02449   0.01202   0.00000   0.00444   0.00000   0.01228   0.00583   0.01190   0.00000   0.09000   0.06637   0.00502   0.02315   0.01055   0.48486   0.58956   0.79287  
 78  4.2185   5464.995146  x:  0.06443   0.09687   1.03301   0.43688   0.16725   0.51157   0.14133   0.36296   0.18187   0.13369   0.34843   0.00000   0.00709   0.00989   0.30360   0.15805   0.15454   2.74127   0.00000   0.21108   1.30142   0.00000   0.06469   0.02086   0.00000   0.02862   0.13203   0.05306   0.07339   0.28375   0.07358   0.01906   0.13789   0.14998   0.14152   0.18793   0.19383   0.00000   0.08510   0.02835   0.02298   0.13142   0.09487   0.11196   0.06546   0.00000   0.01796   0.02548   0.03877   0.02175   0.00828   0.02186   0.01622   0.01608   0.00902   0.00000   0.00000   0.00000   0.00465   0.04662   0.02450   0.01203   0.00000   0.00447   0.00000   0.01227   0.00583   0.01189   0.00000   0.09001   0.06637   0.00503   0.02310   0.01062   0.48490   0.58941   0.79420  
 79  1.5682   5464.857574  x:  0.06356   0.10292   1.03719   0.44056   0.16579   0.51242   0.14749   0.36748   0.17651   0.13542   0.34521   0.00000   0.00709   0.01027   0.30026   0.15359   0.14991   2.75257   0.00000   0.20805   1.30562   0.00000   0.06454   0.02101   0.00000   0.02831   0.13621   0.05218   0.07212   0.27886   0.07432   0.01871   0.13341   0.14805   0.13860   0.19654   0.19675   0.00000   0.08499   0.02832   0.02442   0.13094   0.09456   0.11235   0.06586   0.00000   0.01800   0.02596   0.03883   0.02071   0.00819   0.02230   0.01586   0.01579   0.00915   0.00000   0.00000   0.00000   0.00459   0.04669   0.02460   0.01203   0.00000   0.00520   0.00000   0.01276   0.00588   0.01161   0.00000   0.09023   0.06641   0.00508   0.02261   0.01189   0.48448   0.58720   0.80222  
 80  0.9488   5464.523536  x:  0.06267   0.09786   1.04623   0.44091   0.17400   0.51137   0.14720   0.36796   0.17575   0.13234   0.33912   0.00000   0.00716   0.01116   0.30408   0.15431   0.15398   2.78046   0.00000   0.20959   1.31580   0.00000   0.06527   0.02072   0.00000   0.02802   0.12901   0.05130   0.07331   0.28287   0.07326   0.01704   0.14282   0.14547   0.14963   0.19211   0.19290   0.00000   0.08497   0.02837   0.02409   0.12757   0.09463   0.11134   0.06655   0.00000   0.01803   0.02672   0.03950   0.01839   0.00793   0.02332   0.01488   0.01478   0.00950   0.00000   0.00000   0.00000   0.00443   0.04751   0.02502   0.01198   0.00000   0.00704   0.00000   0.01366   0.00602   0.01100   0.00000   0.09096   0.06612   0.00519   0.02146   0.01527   0.48512   0.58033   0.82065  
 81  7.2182   5464.408640  x:  0.06330   0.09266   1.04882   0.43899   0.17514   0.51039   0.14336   0.36363   0.17858   0.13324   0.34085   0.00000   0.00721   0.01082   0.30714   0.15675   0.15675   2.78948   0.00000   0.20966   1.31895   0.00000   0.06529   0.02060   0.00000   0.02780   0.13025   0.05193   0.07400   0.28624   0.07278   0.01741   0.13584   0.14635   0.14094   0.18551   0.19176   0.00000   0.08504   0.02850   0.02243   0.12870   0.09480   0.11228   0.06684   0.00000   0.01802   0.02686   0.03981   0.01774   0.00785   0.02356   0.01456   0.01444   0.00962   0.00000   0.00000   0.00000   0.00437   0.04782   0.02516   0.01198   0.00000   0.00766   0.00000   0.01393   0.00606   0.01081   0.00000   0.09106   0.06600   0.00523   0.02108   0.01644   0.48501   0.57771   0.82665  
 82 11.1601   5464.393386  x:  0.06346   0.09221   1.04938   0.43825   0.17128   0.50996   0.14166   0.35814   0.17956   0.13569   0.34537   0.00000   0.00723   0.01017   0.30763   0.15564   0.15697   2.79091   0.00000   0.20819   1.31953   0.00000   0.06526   0.02061   0.00000   0.02777   0.13015   0.05208   0.07408   0.28590   0.07265   0.01729   0.13669   0.14594   0.14173   0.18578   0.19339   0.00000   0.08502   0.02851   0.02263   0.12862   0.09473   0.11202   0.06682   0.00000   0.01803   0.02692   0.03985   0.01764   0.00784   0.02363   0.01453   0.01442   0.00964   0.00000   0.00000   0.00000   0.00437   0.04782   0.02517   0.01198   0.00000   0.00773   0.00000   0.01398   0.00607   0.01078   0.00000   0.09115   0.06599   0.00524   0.02108   0.01660   0.48509   0.57718   0.82755  
 83  3.0767   5464.388628  x:  0.06338   0.09331   1.04960   0.43864   0.17073   0.50999   0.14274   0.35586   0.17957   0.13462   0.34658   0.00000   0.00723   0.00997   0.30794   0.15615   0.15946   2.79161   0.00000   0.20953   1.31980   0.00000   0.06525   0.02060   0.00000   0.02774   0.13016   0.05200   0.07388   0.28439   0.07283   0.01724   0.13649   0.14598   0.14164   0.18678   0.19230   0.00000   0.08498   0.02852   0.02252   0.12852   0.09480   0.11216   0.06691   0.00000   0.01805   0.02692   0.03984   0.01763   0.00784   0.02366   0.01451   0.01442   0.00964   0.00000   0.00000   0.00000   0.00437   0.04782   0.02517   0.01200   0.00000   0.00773   0.00000   0.01399   0.00607   0.01076   0.00000   0.09104   0.06597   0.00525   0.02107   0.01658   0.48510   0.57691   0.82799  
 84  0.9487   5464.281257  x:  0.06460   0.08735   1.05261   0.43569   0.16439   0.50955   0.15396   0.35642   0.17904   0.12647   0.34909   0.00000   0.00740   0.00986   0.30680   0.15593   0.15404   2.81185   0.00000   0.20829   1.32629   0.00000   0.06504   0.02026   0.00000   0.02695   0.12964   0.05323   0.07391   0.28505   0.07249   0.01634   0.13603   0.14509   0.14133   0.18476   0.19032   0.00000   0.08496   0.02892   0.02263   0.12771   0.09454   0.11232   0.06675   0.00000   0.01847   0.02752   0.03991   0.01778   0.00772   0.02527   0.01420   0.01476   0.00981   0.00000   0.00000   0.00000   0.00430   0.04777   0.02533   0.01284   0.00000   0.00756   0.00000   0.01457   0.00622   0.01002   0.00000   0.09127   0.06567   0.00538   0.02111   0.01589   0.48697   0.57517   0.84157  
 85  0.3292   5464.069901  x:  0.06309   0.09096   1.05878   0.43869   0.17218   0.50983   0.14487   0.35575   0.17595   0.13538   0.34405   0.00000   0.00766   0.01059   0.30192   0.15631   0.15258   2.85178   0.00000   0.21210   1.33886   0.00000   0.06496   0.01958   0.00000   0.02535   0.12849   0.05172   0.07563   0.28155   0.07329   0.01446   0.13476   0.14247   0.14056   0.18636   0.19462   0.00000   0.08539   0.02967   0.02230   0.12617   0.09476   0.11084   0.06670   0.00000   0.01934   0.02863   0.03993   0.01812   0.00747   0.02844   0.01356   0.01541   0.01014   0.00000   0.00000   0.00000   0.00414   0.04774   0.02568   0.01451   0.00000   0.00716   0.00000   0.01558   0.00650   0.00851   0.00000   0.09217   0.06522   0.00564   0.02097   0.01411   0.49004   0.57155   0.86841  
 86  8.3701   5464.065939  x:  0.06340   0.09080   1.05884   0.43853   0.17197   0.50971   0.14384   0.35545   0.17622   0.13608   0.34347   0.00000   0.00766   0.01064   0.30154   0.15640   0.15172   2.85257   0.00000   0.21158   1.33909   0.00000   0.06495   0.01957   0.00000   0.02531   0.12853   0.05203   0.07522   0.28134   0.07346   0.01442   0.13478   0.14260   0.14064   0.18727   0.19173   0.00000   0.08544   0.02969   0.02237   0.12621   0.09474   0.11141   0.06676   0.00000   0.01936   0.02865   0.03993   0.01812   0.00747   0.02852   0.01355   0.01542   0.01014   0.00000   0.00000   0.00000   0.00414   0.04773   0.02569   0.01455   0.00000   0.00716   0.00000   0.01561   0.00651   0.00848   0.00000   0.09204   0.06521   0.00565   0.02097   0.01409   0.48877   0.57149   0.86894  
 87  1.9611   5463.963062  x:  0.06383   0.08977   1.05940   0.43691   0.17283   0.50631   0.14476   0.35211   0.17577   0.13665   0.34196   0.00000   0.00776   0.01101   0.29771   0.15684   0.14751   2.89480   0.00000   0.21507   1.35037   0.00000   0.06439   0.01902   0.00000   0.02442   0.12876   0.05246   0.07489   0.28119   0.07360   0.01531   0.13478   0.14245   0.14012   0.18851   0.19197   0.00000   0.08556   0.03097   0.02240   0.12590   0.09451   0.11124   0.06574   0.00000   0.02042   0.02907   0.03961   0.01882   0.00731   0.02719   0.01328   0.01422   0.01004   0.00000   0.00000   0.00000   0.00412   0.04721   0.02573   0.01465   0.00000   0.00673   0.00000   0.01295   0.00674   0.00849   0.00000   0.09253   0.06473   0.00597   0.02110   0.01537   0.49092   0.57075   0.89223  
 88  0.0610   5463.916919  x:  0.06406   0.09000   1.05817   0.43582   0.17296   0.50459   0.14479   0.35100   0.17645   0.13628   0.34104   0.00000   0.00757   0.01106   0.29657   0.15715   0.14732   2.91951   0.00000   0.21512   1.35500   0.00000   0.06404   0.01904   0.00000   0.02472   0.12916   0.05270   0.07466   0.28128   0.07357   0.01622   0.13502   0.14336   0.14046   0.18871   0.19216   0.00000   0.08568   0.03173   0.02231   0.12658   0.09453   0.11100   0.06507   0.00000   0.02113   0.02898   0.03936   0.01906   0.00721   0.02556   0.01302   0.01353   0.00990   0.00000   0.00000   0.00000   0.00411   0.04688   0.02574   0.01425   0.00000   0.00712   0.00000   0.01457   0.00692   0.00830   0.00000   0.09243   0.06460   0.00619   0.02133   0.01421   0.49162   0.56901   0.90889  
 89  0.0514   5463.891736  x:  0.06396   0.09143   1.05547   0.43517   0.17291   0.50485   0.14407   0.35161   0.17756   0.13571   0.34028   0.00000   0.00756   0.01103   0.29825   0.15682   0.15033   2.93314   0.00000   0.21235   1.35516   0.00000   0.06423   0.01951   0.00000   0.02585   0.12957   0.05260   0.07459   0.28182   0.07349   0.01633   0.13548   0.14434   0.14072   0.18813   0.19237   0.00000   0.08562   0.03182   0.02236   0.12730   0.09450   0.11138   0.06515   0.00000   0.02184   0.02875   0.03918   0.01977   0.00717   0.02629   0.01299   0.01414   0.00969   0.00000   0.00000   0.00000   0.00416   0.04674   0.02554   0.01401   0.00000   0.00717   0.00000   0.01413   0.00707   0.00758   0.00000   0.09201   0.06498   0.00637   0.02176   0.01439   0.49093   0.56569   0.92726  
 90  0.0235   5463.879208  x:  0.06370   0.09221   1.05331   0.43453   0.17283   0.50565   0.14390   0.35273   0.17743   0.13589   0.34051   0.00000   0.00766   0.01094   0.29915   0.15672   0.15074   2.93797   0.00000   0.21196   1.35500   0.00000   0.06449   0.01994   0.00000   0.02616   0.12949   0.05234   0.07472   0.28148   0.07356   0.01611   0.13554   0.14420   0.14077   0.18782   0.19237   0.00000   0.08546   0.03141   0.02254   0.12721   0.09456   0.11162   0.06557   0.00000   0.02217   0.02871   0.03926   0.01990   0.00716   0.02667   0.01294   0.01312   0.00965   0.00000   0.00000   0.00000   0.00426   0.04675   0.02531   0.01421   0.00000   0.00691   0.00000   0.01424   0.00715   0.00797   0.00000   0.09178   0.06517   0.00650   0.02175   0.01458   0.49029   0.56529   0.93616  
 91  0.0110   5463.858042  x:  0.06344   0.09200   1.04976   0.43279   0.17265   0.50526   0.14454   0.35413   0.17658   0.13664   0.34267   0.00000   0.00766   0.01066   0.29963   0.15710   0.14864   2.93940   0.00000   0.21451   1.35399   0.00000   0.06473   0.02051   0.00000   0.02573   0.12894   0.05208   0.07473   0.28091   0.07352   0.01622   0.13524   0.14331   0.14074   0.18746   0.19215   0.00000   0.08521   0.03026   0.02274   0.12653   0.09476   0.11159   0.06635   0.00000   0.02231   0.02878   0.03973   0.01976   0.00707   0.02599   0.01269   0.01312   0.00979   0.00000   0.00000   0.00000   0.00444   0.04701   0.02489   0.01426   0.00000   0.00715   0.00000   0.01396   0.00718   0.00723   0.00000   0.09164   0.06528   0.00679   0.02124   0.01432   0.48975   0.56759   0.93732  
 92  0.0040   5463.825580  x:  0.06431   0.09203   1.04902   0.43457   0.17273   0.50472   0.14399   0.35380   0.17695   0.13622   0.34310   0.00000   0.00739   0.01077   0.29915   0.15675   0.14992   2.91226   0.00000   0.21350   1.34526   0.00000   0.06415   0.01995   0.00000   0.02495   0.12917   0.05294   0.07473   0.28235   0.07313   0.01647   0.13521   0.14383   0.14034   0.18900   0.19231   0.00000   0.08572   0.02935   0.02239   0.12719   0.09433   0.11108   0.06603   0.00000   0.02234   0.02874   0.03964   0.01991   0.00716   0.02614   0.01280   0.01294   0.00994   0.00000   0.00000   0.00000   0.00501   0.04728   0.02498   0.01453   0.00000   0.00706   0.00000   0.01435   0.00713   0.00705   0.00000   0.09235   0.06483   0.00729   0.02248   0.01468   0.49052   0.56703   0.92925  
 93  0.0106   5463.804301  x:  0.06405   0.09148   1.05217   0.43568   0.17291   0.50406   0.14401   0.35243   0.17737   0.13585   0.34219   0.00000   0.00762   0.01089   0.29803   0.15668   0.14992   2.90305   0.00000   0.21318   1.34573   0.00000   0.06400   0.01951   0.00000   0.02562   0.12958   0.05268   0.07462   0.28240   0.07347   0.01632   0.13536   0.14408   0.14056   0.18881   0.19221   0.00000   0.08577   0.02975   0.02238   0.12718   0.09441   0.11105   0.06541   0.00000   0.02220   0.02852   0.03945   0.02036   0.00721   0.02660   0.01302   0.01270   0.00984   0.00000   0.00000   0.00000   0.00543   0.04725   0.02528   0.01419   0.00000   0.00738   0.00000   0.01404   0.00706   0.00717   0.00000   0.09231   0.06480   0.00765   0.02106   0.01415   0.49090   0.56831   0.91877  
 94  0.0111   5463.789334  x:  0.06358   0.09134   1.05504   0.43615   0.17290   0.50521   0.14440   0.35189   0.17725   0.13577   0.34077   0.00000   0.00776   0.01103   0.29771   0.15676   0.14953   2.90456   0.00000   0.21295   1.34929   0.00000   0.06425   0.01946   0.00000   0.02616   0.12954   0.05221   0.07466   0.28163   0.07375   0.01614   0.13542   0.14393   0.14074   0.18815   0.19224   0.00000   0.08554   0.03039   0.02249   0.12680   0.09456   0.11144   0.06519   0.00000   0.02215   0.02835   0.03926   0.01945   0.00719   0.02608   0.01294   0.01286   0.00978   0.00000   0.00000   0.00000   0.00574   0.04709   0.02547   0.01426   0.00000   0.00690   0.00000   0.01421   0.00701   0.00684   0.00000   0.09211   0.06500   0.00789   0.02119   0.01456   0.49074   0.56926   0.91848  
 95  0.0066   5463.779895  x:  0.06361   0.09093   1.05585   0.43529   0.17277   0.50566   0.14438   0.35213   0.17710   0.13612   0.34069   0.00000   0.00756   0.01097   0.29861   0.15700   0.14947   2.91165   0.00000   0.21338   1.35203   0.00000   0.06463   0.01971   0.00000   0.02577   0.12924   0.05225   0.07469   0.28110   0.07357   0.01594   0.13528   0.14369   0.14076   0.18749   0.19222   0.00000   0.08529   0.03084   0.02255   0.12680   0.09474   0.11160   0.06555   0.00000   0.02196   0.02843   0.03924   0.01936   0.00718   0.02633   0.01310   0.01276   0.00971   0.00000   0.00000   0.00000   0.00607   0.04693   0.02551   0.01411   0.00000   0.00717   0.00000   0.01391   0.00697   0.00699   0.00000   0.09185   0.06522   0.00800   0.02201   0.01420   0.49040   0.56918   0.91651  
 96  0.0067   5463.772364  x:  0.06392   0.09105   1.05517   0.43466   0.17255   0.50644   0.14409   0.35263   0.17690   0.13630   0.34091   0.00000   0.00742   0.01087   0.29969   0.15693   0.14995   2.91952   0.00000   0.21314   1.35310   0.00000   0.06467   0.01989   0.00000   0.02522   0.12907   0.05255   0.07478   0.28107   0.07332   0.01609   0.13528   0.14366   0.14062   0.18754   0.19231   0.00000   0.08534   0.03100   0.02254   0.12697   0.09465   0.11156   0.06583   0.00000   0.02178   0.02865   0.03943   0.01978   0.00715   0.02623   0.01332   0.01301   0.00968   0.00000   0.00000   0.00000   0.00637   0.04676   0.02539   0.01422   0.00000   0.00701   0.00000   0.01423   0.00695   0.00705   0.00000   0.09179   0.06514   0.00801   0.02139   0.01456   0.49017   0.56766   0.91976  
 97  0.0081   5463.764241  x:  0.06400   0.09172   1.05389   0.43449   0.17265   0.50556   0.14404   0.35328   0.17671   0.13618   0.34167   0.00000   0.00794   0.01077   0.29920   0.15680   0.14976   2.93035   0.00000   0.21327   1.35404   0.00000   0.06427   0.01976   0.00000   0.02546   0.12931   0.05263   0.07470   0.28158   0.07344   0.01646   0.13534   0.14392   0.14059   0.18846   0.19235   0.00000   0.08571   0.03070   0.02236   0.12710   0.09444   0.11122   0.06597   0.00000   0.02155   0.02897   0.03963   0.01937   0.00700   0.02648   0.01333   0.01305   0.00970   0.00000   0.00000   0.00000   0.00667   0.04669   0.02514   0.01410   0.00000   0.00702   0.00000   0.01425   0.00695   0.00707   0.00000   0.09193   0.06504   0.00780   0.02154   0.01443   0.49035   0.56617   0.92098  
 98  0.0066   5463.755493  x:  0.06368   0.09218   1.05213   0.43446   0.17295   0.50436   0.14428   0.35283   0.17698   0.13587   0.34195   0.00000   0.00747   0.01089   0.29807   0.15673   0.14936   2.93870   0.00000   0.21333   1.35432   0.00000   0.06402   0.01966   0.00000   0.02590   0.12953   0.05231   0.07460   0.28207   0.07372   0.01588   0.13537   0.14395   0.14066   0.18850   0.19221   0.00000   0.08573   0.03053   0.02235   0.12683   0.09442   0.11126   0.06557   0.00000   0.02131   0.02877   0.03942   0.01940   0.00675   0.02621   0.01329   0.01305   0.00985   0.00000   0.00000   0.00000   0.00689   0.04694   0.02520   0.01417   0.00000   0.00707   0.00000   0.01418   0.00698   0.00711   0.00000   0.09212   0.06495   0.00738   0.02151   0.01447   0.49063   0.56570   0.92323  
 99  0.0055   5463.749577  x:  0.06385   0.09180   1.05192   0.43466   0.17298   0.50514   0.14435   0.35229   0.17730   0.13603   0.34105   0.00000   0.00764   0.01100   0.29845   0.15693   0.14975   2.93303   0.00000   0.21299   1.35296   0.00000   0.06452   0.01960   0.00000   0.02549   0.12921   0.05247   0.07479   0.28156   0.07349   0.01608   0.13537   0.14371   0.14073   0.18776   0.19223   0.00000   0.08527   0.03055   0.02252   0.12703   0.09470   0.11159   0.06529   0.00000   0.02142   0.02843   0.03930   0.01959   0.00648   0.02627   0.01317   0.01303   0.00985   0.00000   0.00000   0.00000   0.00700   0.04710   0.02538   0.01410   0.00000   0.00706   0.00000   0.01417   0.00705   0.00707   0.00000   0.09196   0.06502   0.00695   0.02157   0.01445   0.49054   0.56672   0.92646  
100  0.0035   5463.747886  x:  0.06384   0.09130   1.05382   0.43491   0.17279   0.50546   0.14416   0.35267   0.17702   0.13617   0.34120   0.00000   0.00756   0.01085   0.29885   0.15689   0.14963   2.92362   0.00000   0.21318   1.35237   0.00000   0.06444   0.01970   0.00000   0.02560   0.12932   0.05247   0.07467   0.28133   0.07346   0.01627   0.13532   0.14389   0.14064   0.18812   0.19232   0.00000   0.08558   0.03071   0.02246   0.12692   0.09457   0.11136   0.06558   0.00000   0.02166   0.02852   0.03935   0.01954   0.00642   0.02636   0.01309   0.01294   0.00980   0.00000   0.00000   0.00000   0.00704   0.04694   0.02542   0.01419   0.00000   0.00702   0.00000   0.01414   0.00707   0.00703   0.00000   0.09193   0.06506   0.00692   0.02152   0.01442   0.49052   0.56734   0.92466  
101  0.0059   5463.747601  x:  0.06383   0.09136   1.05406   0.43489   0.17275   0.50537   0.14419   0.35265   0.17701   0.13612   0.34133   0.00000   0.00763   0.01088   0.29881   0.15686   0.14964   2.92180   0.00000   0.21325   1.35221   0.00000   0.06439   0.01972   0.00000   0.02562   0.12932   0.05245   0.07468   0.28147   0.07351   0.01611   0.13532   0.14386   0.14063   0.18811   0.19229   0.00000   0.08557   0.03076   0.02246   0.12694   0.09455   0.11137   0.06565   0.00000   0.02172   0.02863   0.03939   0.01963   0.00640   0.02625   0.01309   0.01295   0.00978   0.00000   0.00000   0.00000   0.00706   0.04690   0.02538   0.01417   0.00000   0.00705   0.00000   0.01416   0.00707   0.00703   0.00000   0.09197   0.06504   0.00692   0.02157   0.01444   0.49050   0.56746   0.92378  
102  0.0025   5463.747510  x:  0.06381   0.09155   1.05386   0.43487   0.17277   0.50528   0.14423   0.35262   0.17705   0.13607   0.34136   0.00000   0.00760   0.01092   0.29866   0.15685   0.14965   2.92194   0.00000   0.21325   1.35215   0.00000   0.06436   0.01974   0.00000   0.02563   0.12929   0.05243   0.07472   0.28157   0.07352   0.01616   0.13534   0.14379   0.14066   0.18803   0.19225   0.00000   0.08548   0.03081   0.02248   0.12696   0.09456   0.11142   0.06563   0.00000   0.02176   0.02870   0.03938   0.01961   0.00639   0.02628   0.01308   0.01297   0.00978   0.00000   0.00000   0.00000   0.00707   0.04691   0.02534   0.01419   0.00000   0.00706   0.00000   0.01416   0.00706   0.00704   0.00000   0.09199   0.06502   0.00691   0.02156   0.01444   0.49048   0.56747   0.92320  
103  0.0006   5463.747468  x:  0.06381   0.09149   1.05353   0.43487   0.17282   0.50533   0.14422   0.35263   0.17704   0.13606   0.34134   0.00000   0.00760   0.01088   0.29870   0.15687   0.14965   2.92236   0.00000   0.21319   1.35205   0.00000   0.06439   0.01974   0.00000   0.02561   0.12931   0.05244   0.07468   0.28152   0.07348   0.01614   0.13532   0.14384   0.14066   0.18805   0.19227   0.00000   0.08550   0.03083   0.02247   0.12691   0.09458   0.11140   0.06559   0.00000   0.02180   0.02870   0.03937   0.01960   0.00638   0.02628   0.01306   0.01298   0.00977   0.00000   0.00000   0.00000   0.00707   0.04695   0.02532   0.01420   0.00000   0.00706   0.00000   0.01416   0.00705   0.00705   0.00000   0.09198   0.06503   0.00692   0.02155   0.01444   0.49049   0.56739   0.92267  
104  0.0003   5463.747448  x:  0.06382   0.09151   1.05350   0.43485   0.17276   0.50534   0.14422   0.35263   0.17704   0.13610   0.34133   0.00000   0.00761   0.01092   0.29873   0.15686   0.14966   2.92231   0.00000   0.21322   1.35202   0.00000   0.06440   0.01973   0.00000   0.02562   0.12931   0.05244   0.07471   0.28152   0.07352   0.01614   0.13533   0.14381   0.14065   0.18806   0.19227   0.00000   0.08552   0.03081   0.02247   0.12696   0.09456   0.11141   0.06562   0.00000   0.02182   0.02867   0.03938   0.01960   0.00638   0.02628   0.01304   0.01299   0.00977   0.00000   0.00000   0.00000   0.00707   0.04694   0.02533   0.01420   0.00000   0.00706   0.00000   0.01416   0.00703   0.00706   0.00000   0.09198   0.06503   0.00693   0.02155   0.01443   0.49049   0.56745   0.92238  
105  0.0002   5463.747439  x:  0.06381   0.09151   1.05367   0.43485   0.17278   0.50532   0.14421   0.35262   0.17705   0.13608   0.34133   0.00000   0.00761   0.01089   0.29870   0.15685   0.14966   2.92254   0.00000   0.21322   1.35215   0.00000   0.06438   0.01973   0.00000   0.02562   0.12931   0.05244   0.07470   0.28153   0.07350   0.01614   0.13533   0.14382   0.14066   0.18805   0.19227   0.00000   0.08550   0.03079   0.02248   0.12694   0.09457   0.11140   0.06563   0.00000   0.02182   0.02867   0.03938   0.01961   0.00637   0.02628   0.01303   0.01300   0.00977   0.00000   0.00000   0.00000   0.00708   0.04693   0.02534   0.01420   0.00000   0.00706   0.00000   0.01415   0.00703   0.00706   0.00000   0.09198   0.06503   0.00693   0.02155   0.01443   0.49048   0.56740   0.92258  
106  0.0002   5463.747436  x:  0.06381   0.09150   1.05371   0.43486   0.17278   0.50534   0.14422   0.35262   0.17704   0.13608   0.34133   0.00000   0.00761   0.01091   0.29871   0.15687   0.14965   2.92246   0.00000   0.21322   1.35217   0.00000   0.06439   0.01974   0.00000   0.02562   0.12930   0.05244   0.07469   0.28153   0.07351   0.01615   0.13533   0.14382   0.14066   0.18805   0.19227   0.00000   0.08551   0.03079   0.02247   0.12694   0.09457   0.11141   0.06561   0.00000   0.02181   0.02868   0.03937   0.01961   0.00637   0.02628   0.01302   0.01300   0.00977   0.00000   0.00000   0.00000   0.00708   0.04693   0.02533   0.01420   0.00000   0.00706   0.00000   0.01416   0.00703   0.00707   0.00000   0.09198   0.06503   0.00694   0.02155   0.01444   0.49049   0.56740   0.92282  
107  0.0001   5463.747434  x:  0.06382   0.09150   1.05368   0.43487   0.17278   0.50532   0.14422   0.35263   0.17704   0.13608   0.34134   0.00000   0.00761   0.01090   0.29871   0.15686   0.14965   2.92236   0.00000   0.21322   1.35212   0.00000   0.06439   0.01974   0.00000   0.02562   0.12930   0.05244   0.07470   0.28152   0.07351   0.01615   0.13533   0.14382   0.14065   0.18805   0.19227   0.00000   0.08550   0.03080   0.02247   0.12695   0.09457   0.11140   0.06561   0.00000   0.02180   0.02868   0.03937   0.01961   0.00637   0.02628   0.01302   0.01300   0.00977   0.00000   0.00000   0.00000   0.00707   0.04693   0.02533   0.01420   0.00000   0.00706   0.00000   0.01416   0.00703   0.00707   0.00000   0.09198   0.06503   0.00694   0.02155   0.01444   0.49049   0.56743   0.92287  
108  0.0001   5463.747434  x:  0.06381   0.09150   1.05366   0.43486   0.17278   0.50532   0.14422   0.35262   0.17704   0.13608   0.34134   0.00000   0.00761   0.01090   0.29871   0.15686   0.14965   2.92237   0.00000   0.21322   1.35211   0.00000   0.06438   0.01974   0.00000   0.02562   0.12931   0.05244   0.07470   0.28153   0.07351   0.01615   0.13533   0.14382   0.14066   0.18805   0.19227   0.00000   0.08550   0.03080   0.02248   0.12694   0.09457   0.11141   0.06562   0.00000   0.02180   0.02867   0.03938   0.01961   0.00637   0.02628   0.01302   0.01300   0.00977   0.00000   0.00000   0.00000   0.00707   0.04693   0.02533   0.01420   0.00000   0.00706   0.00000   0.01416   0.00703   0.00707   0.00000   0.09198   0.06503   0.00694   0.02155   0.01444   0.49049   0.56742   0.92283  
109  0.0000   5463.747434  x:  0.06382   0.09150   1.05366   0.43486   0.17278   0.50532   0.14422   0.35262   0.17704   0.13608   0.34134   0.00000   0.00760   0.01090   0.29871   0.15686   0.14965   2.92238   0.00000   0.21322   1.35212   0.00000   0.06438   0.01974   0.00000   0.02562   0.12930   0.05244   0.07470   0.28153   0.07351   0.01615   0.13533   0.14382   0.14065   0.18805   0.19227   0.00000   0.08551   0.03080   0.02247   0.12694   0.09457   0.11141   0.06562   0.00000   0.02180   0.02867   0.03938   0.01961   0.00637   0.02628   0.01302   0.01300   0.00977   0.00000   0.00000   0.00000   0.00707   0.04693   0.02533   0.01420   0.00000   0.00706   0.00000   0.01416   0.00703   0.00707   0.00000   0.09198   0.06503   0.00694   0.02155   0.01444   0.49049   0.56742   0.92280  
110  0.0000   5463.747434  x:  0.06382   0.09150   1.05366   0.43486   0.17278   0.50533   0.14422   0.35262   0.17704   0.13608   0.34134   0.00000   0.00760   0.01090   0.29871   0.15686   0.14965   2.92239   0.00000   0.21322   1.35212   0.00000   0.06439   0.01974   0.00000   0.02562   0.12930   0.05244   0.07470   0.28153   0.07351   0.01615   0.13533   0.14382   0.14065   0.18805   0.19227   0.00000   0.08551   0.03080   0.02247   0.12694   0.09457   0.11141   0.06562   0.00000   0.02180   0.02867   0.03938   0.01961   0.00637   0.02628   0.01302   0.01300   0.00977   0.00000   0.00000   0.00000   0.00707   0.04693   0.02533   0.01420   0.00000   0.00706   0.00000   0.01416   0.00703   0.00707   0.00000   0.09198   0.06503   0.00694   0.02155   0.01444   0.49049   0.56742   0.92277  
111  0.0000   5463.747434  x:  0.06382   0.09150   1.05366   0.43486   0.17278   0.50532   0.14422   0.35262   0.17704   0.13608   0.34134   0.00000   0.00761   0.01090   0.29871   0.15686   0.14965   2.92239   0.00000   0.21322   1.35212   0.00000   0.06439   0.01974   0.00000   0.02562   0.12930   0.05244   0.07470   0.28153   0.07351   0.01615   0.13533   0.14382   0.14066   0.18805   0.19227   0.00000   0.08550   0.03080   0.02247   0.12694   0.09457   0.11141   0.06561   0.00000   0.02180   0.02867   0.03938   0.01961   0.00637   0.02628   0.01302   0.01300   0.00977   0.00000   0.00000   0.00000   0.00707   0.04693   0.02533   0.01420   0.00000   0.00706   0.00000   0.01416   0.00704   0.00707   0.00000   0.09198   0.06503   0.00694   0.02155   0.01444   0.49049   0.56742   0.92276  
112  0.0000   5463.747434  x:  0.06382   0.09150   1.05366   0.43486   0.17278   0.50532   0.14422   0.35262   0.17704   0.13608   0.34134   0.00000   0.00761   0.01090   0.29871   0.15686   0.14965   2.92239   0.00000   0.21322   1.35212   0.00000   0.06439   0.01974   0.00000   0.02562   0.12930   0.05244   0.07470   0.28153   0.07351   0.01615   0.13533   0.14382   0.14066   0.18805   0.19227   0.00000   0.08550   0.03080   0.02247   0.12694   0.09457   0.11141   0.06561   0.00000   0.02180   0.02867   0.03938   0.01961   0.00637   0.02628   0.01302   0.01300   0.00977   0.00000   0.00000   0.00000   0.00707   0.04693   0.02533   0.01420   0.00000   0.00706   0.00000   0.01416   0.00704   0.00707   0.00000   0.09198   0.06503   0.00694   0.02155   0.01444   0.49049   0.56742   0.92277  