

TREE # 1

  0  0.0000   6622.613699  x:  0.08051   0.06498   0.04319   0.06617   0.02967   0.01604   0.04666   0.03851   0.04810   0.01473   0.10958   0.10115   0.01216   0.08384   0.06420   0.10653   0.02323   0.07176   0.08700   0.09074   0.07335   0.04280   0.02023   0.04254   0.08005   0.09636   0.07411   0.10348   0.08222   0.01326   0.08961   0.03516   0.06454   0.10286   0.01629   0.06446   0.05247   0.09921   0.03492   0.09276   0.09503   0.02978   0.02972   0.03010   0.02754   0.05525   0.08973   0.09010   0.08158   0.05364   0.09410   0.05674   0.08426   0.09738   0.01089   0.10877   0.06405   0.04663   0.01422   0.06289   0.05535   0.05743   0.57863   0.52273   0.51790  
  1 99.0000   5922.481240  x:  0.08281   0.08014   0.19441   0.11368   0.07385   0.20458   0.07302   0.10779   0.07413   0.07739   0.12728   0.09129   0.00823   0.08249   0.09318   0.11234   0.09740   0.20813   0.09845   0.11680   0.15713   0.03609   0.03834   0.03957   0.07259   0.08946   0.08191   0.10578   0.08826   0.15803   0.09531   0.03542   0.07579   0.10689   0.08020   0.07653   0.07464   0.09128   0.04825   0.08644   0.08791   0.05805   0.05386   0.07459   0.02025   0.04883   0.08249   0.08365   0.07264   0.04327   0.08557   0.04763   0.07433   0.08799   0.00000   0.09799   0.05321   0.03742   0.03655   0.05798   0.04591   0.04662   0.57690   0.52655   0.51832  
  2 4838.3059   5769.066261  x:  0.08141   0.09168   0.20995   0.15276   0.08051   0.15272   0.08711   0.13241   0.09921   0.06888   0.15571   0.06711   0.00511   0.07343   0.13159   0.12233   0.09733   0.27438   0.10280   0.15059   0.22785   0.01568   0.04926   0.02919   0.05122   0.07309   0.09586   0.10438   0.08820   0.10924   0.09130   0.02326   0.09326   0.11550   0.07165   0.09493   0.10406   0.07126   0.06293   0.07126   0.07012   0.07400   0.06778   0.08987   0.00000   0.03400   0.06558   0.06901   0.05169   0.01876   0.06549   0.02674   0.05065   0.06534   0.00000   0.07151   0.02658   0.01597   0.03329   0.04748   0.02354   0.02004   0.57132   0.53498   0.51939  
  3 1031.9849   5742.791202  x:  0.07992   0.09236   0.21404   0.15332   0.08347   0.14686   0.08931   0.13084   0.09593   0.07068   0.16158   0.05106   0.01894   0.06785   0.12877   0.12348   0.09272   0.28028   0.10038   0.14705   0.22930   0.00000   0.04543   0.02612   0.03472   0.06433   0.09662   0.10289   0.08766   0.11028   0.09206   0.02526   0.09232   0.11707   0.07712   0.09515   0.10126   0.05721   0.05838   0.06343   0.05970   0.07013   0.06202   0.08735   0.00000   0.03172   0.05789   0.06405   0.04256   0.01081   0.05580   0.02224   0.03840   0.05213   0.00000   0.05359   0.00856   0.01218   0.03717   0.04884   0.01451   0.00203   0.56854   0.53997   0.52025  
  4 615.2575   5740.525251  x:  0.07977   0.09238   0.21428   0.15325   0.08373   0.14656   0.08944   0.13069   0.09564   0.07080   0.16199   0.04922   0.01792   0.06731   0.12847   0.12357   0.09228   0.28062   0.10014   0.14659   0.22934   0.00000   0.04532   0.02601   0.03284   0.06351   0.09665   0.10274   0.08761   0.11047   0.09211   0.02532   0.09220   0.11718   0.07736   0.09513   0.10104   0.05567   0.05815   0.06272   0.05869   0.06995   0.06170   0.08716   0.00000   0.03162   0.05723   0.06368   0.04186   0.01083   0.05496   0.02213   0.03734   0.05080   0.00000   0.05158   0.00654   0.01226   0.03720   0.04897   0.01414   0.00000   0.56829   0.54049   0.52036  
  5 1701.5525   5735.892752  x:  0.07948   0.09239   0.21416   0.15299   0.08401   0.14689   0.08942   0.13077   0.09570   0.07065   0.16235   0.04332   0.01857   0.06625   0.12838   0.12371   0.09158   0.28078   0.09973   0.14550   0.22962   0.00000   0.04594   0.02628   0.02680   0.06204   0.09673   0.10245   0.08753   0.11046   0.09206   0.02502   0.09213   0.11726   0.07683   0.09518   0.10143   0.05112   0.05884   0.06169   0.05678   0.07070   0.06226   0.08736   0.00000   0.03202   0.05657   0.06356   0.04180   0.01120   0.05418   0.02283   0.03663   0.04795   0.00000   0.04508   0.00000   0.01185   0.03705   0.04899   0.01641   0.00000   0.56795   0.54190   0.52076  
  6 1207.6686   5721.712417  x:  0.07871   0.09244   0.21274   0.15256   0.08379   0.14927   0.08865   0.13134   0.09714   0.06962   0.16194   0.01692   0.01961   0.06375   0.12935   0.12393   0.09025   0.28034   0.09911   0.14266   0.23130   0.00000   0.04614   0.02562   0.00000   0.05924   0.09706   0.10168   0.08748   0.10992   0.09172   0.02483   0.09253   0.11700   0.07548   0.09560   0.10392   0.03252   0.06017   0.06050   0.05285   0.07257   0.06261   0.08805   0.00000   0.03380   0.05700   0.06449   0.04462   0.00917   0.05534   0.02274   0.03884   0.04013   0.00000   0.01606   0.00000   0.01507   0.03668   0.04835   0.01330   0.00000   0.56766   0.54705   0.52273  
  7 2068.3880   5716.002491  x:  0.07846   0.09258   0.21248   0.15278   0.08348   0.14960   0.08844   0.13137   0.09760   0.06942   0.16175   0.00231   0.01989   0.06304   0.12980   0.12397   0.08983   0.28053   0.09909   0.14199   0.23231   0.00000   0.04600   0.02472   0.00000   0.05866   0.09730   0.10143   0.08753   0.10972   0.09163   0.02513   0.09275   0.11686   0.07582   0.09594   0.10476   0.02308   0.05980   0.06045   0.05222   0.07267   0.06158   0.08778   0.00000   0.03416   0.05750   0.06468   0.04557   0.01096   0.05645   0.02210   0.04005   0.03758   0.00000   0.00000   0.00000   0.01362   0.03687   0.04811   0.01235   0.00000   0.56777   0.54940   0.52389  
  8 3886.9501   5715.496788  x:  0.07844   0.09261   0.21251   0.15284   0.08344   0.14956   0.08844   0.13134   0.09760   0.06944   0.16174   0.00000   0.01982   0.06300   0.12982   0.12397   0.08980   0.28060   0.09911   0.14197   0.23242   0.00000   0.04599   0.02469   0.00000   0.05867   0.09732   0.10141   0.08754   0.10973   0.09163   0.02516   0.09276   0.11685   0.07591   0.09600   0.10482   0.02173   0.05971   0.06048   0.05231   0.07267   0.06139   0.08768   0.00000   0.03416   0.05757   0.06465   0.04559   0.01074   0.05661   0.02206   0.04016   0.03740   0.00000   0.00000   0.00000   0.01348   0.03689   0.04811   0.01249   0.00000   0.56781   0.54971   0.52408  
  9 2676.6489   5712.527303  x:  0.07835   0.09316   0.21372   0.15374   0.08348   0.14757   0.08913   0.13102   0.09688   0.07024   0.16248   0.00000   0.02140   0.06315   0.12951   0.12393   0.08935   0.28252   0.09965   0.14241   0.23313   0.00000   0.04634   0.02634   0.00000   0.05954   0.09727   0.10132   0.08772   0.11003   0.09148   0.02455   0.09254   0.11706   0.07607   0.09752   0.10557   0.00000   0.05999   0.06066   0.05682   0.07411   0.06037   0.08607   0.00000   0.03352   0.05746   0.06296   0.04371   0.01207   0.05777   0.02312   0.03940   0.03744   0.00000   0.00000   0.00000   0.01676   0.03687   0.04860   0.01272   0.00000   0.56868   0.55389   0.52748  
 10 561.1765   5709.458328  x:  0.07781   0.09394   0.21454   0.15102   0.08826   0.14698   0.09145   0.13355   0.09425   0.07017   0.16663   0.00000   0.02509   0.06377   0.12661   0.12416   0.08695   0.28560   0.10069   0.14004   0.22911   0.00000   0.04698   0.02541   0.00000   0.05970   0.09590   0.10078   0.08693   0.11257   0.08944   0.02105   0.09047   0.11923   0.06824   0.10790   0.11656   0.00000   0.07065   0.05572   0.09121   0.09111   0.06139   0.08212   0.00000   0.03487   0.05123   0.05632   0.03432   0.01042   0.05314   0.02496   0.02681   0.04030   0.00000   0.00000   0.00000   0.01095   0.03583   0.05067   0.00351   0.00000   0.57277   0.57620   0.55035  
 11 114.6721   5707.166588  x:  0.07676   0.09347   0.21269   0.14849   0.09327   0.14917   0.09218   0.13826   0.09626   0.06664   0.17035   0.00000   0.02823   0.06332   0.12825   0.12537   0.08596   0.28703   0.10044   0.13848   0.22856   0.00000   0.03962   0.01440   0.00000   0.05559   0.09595   0.09973   0.08489   0.11034   0.08768   0.02452   0.09145   0.12113   0.06771   0.11365   0.12472   0.00000   0.07342   0.04879   0.11550   0.09490   0.06209   0.08529   0.00000   0.03616   0.04446   0.05547   0.03211   0.01253   0.04321   0.01299   0.01808   0.04140   0.00000   0.00000   0.00000   0.01912   0.03815   0.04945   0.00893   0.00000   0.57411   0.59097   0.56976  
 12 147.6232   5702.288476  x:  0.07303   0.09078   0.20925   0.14645   0.10238   0.15255   0.09198   0.14535   0.10354   0.05899   0.17845   0.00000   0.03251   0.05879   0.13547   0.12929   0.08413   0.28963   0.09693   0.13634   0.23456   0.00000   0.04156   0.02435   0.00000   0.04001   0.09759   0.09600   0.07944   0.10180   0.08558   0.03299   0.09624   0.12415   0.07743   0.11426   0.12794   0.00000   0.06671   0.03273   0.14611   0.08021   0.06736   0.09762   0.00000   0.03552   0.03166   0.06222   0.03743   0.01297   0.01620   0.02021   0.02036   0.03774   0.00000   0.00000   0.00000   0.02175   0.04021   0.04418   0.00679   0.00000   0.57106   0.61087   0.60793  
 13 123.1797   5695.980572  x:  0.06741   0.08750   0.21072   0.14776   0.11294   0.15243   0.09241   0.14677   0.10806   0.05865   0.19168   0.00000   0.03753   0.04525   0.13972   0.13502   0.07827   0.29565   0.08688   0.13075   0.24422   0.00000   0.04699   0.02114   0.00000   0.01286   0.10092   0.09038   0.07451   0.10018   0.08599   0.02752   0.09800   0.12759   0.07163   0.10507   0.11780   0.00000   0.06462   0.02335   0.15291   0.06480   0.07887   0.10682   0.00000   0.03053   0.02848   0.07389   0.03725   0.01144   0.03506   0.01628   0.01447   0.02228   0.00000   0.00000   0.00000   0.02166   0.03434   0.04253   0.00409   0.00000   0.55708   0.62246   0.65424  
 14 110.8575   5690.022456  x:  0.06309   0.08605   0.21179   0.14983   0.11987   0.15138   0.09255   0.14646   0.11081   0.05875   0.20228   0.00000   0.04043   0.03144   0.14199   0.13955   0.07196   0.30167   0.07757   0.12404   0.25326   0.00000   0.04386   0.01822   0.00000   0.02481   0.10393   0.08606   0.07259   0.09996   0.08735   0.02268   0.09858   0.12978   0.06709   0.09819   0.11116   0.00000   0.06604   0.02610   0.14027   0.06348   0.08382   0.11087   0.00000   0.03117   0.02975   0.07966   0.03604   0.01019   0.03346   0.01311   0.01582   0.00330   0.00000   0.00000   0.00000   0.02058   0.03445   0.04245   0.00250   0.00000   0.54207   0.62908   0.69085  
 15 220.0905   5683.107947  x:  0.05686   0.08557   0.21223   0.15329   0.12738   0.15036   0.09222   0.14513   0.11477   0.05837   0.21638   0.00000   0.04419   0.00996   0.14492   0.14574   0.06095   0.31122   0.06429   0.11078   0.26852   0.00000   0.03821   0.01347   0.00000   0.02861   0.10802   0.07984   0.07174   0.09953   0.08966   0.01805   0.09921   0.13203   0.06304   0.09106   0.10665   0.00000   0.06875   0.02897   0.10161   0.06864   0.08480   0.11338   0.00000   0.03764   0.03215   0.08412   0.03552   0.00876   0.02908   0.01178   0.01858   0.01349   0.00000   0.00000   0.00000   0.01983   0.03650   0.04251   0.00042   0.00000   0.51891   0.64194   0.74054  
 16 446.6321   5674.506164  x:  0.05292   0.08791   0.20858   0.15678   0.13442   0.15305   0.09171   0.14629   0.12034   0.05623   0.23233   0.00000   0.04872   0.01396   0.14954   0.15298   0.05292   0.32234   0.05277   0.09774   0.28496   0.00000   0.01987   0.01966   0.00000   0.01359   0.11100   0.07589   0.07395   0.10022   0.09249   0.01643   0.09924   0.13439   0.05518   0.09731   0.12296   0.00000   0.07152   0.02916   0.04326   0.08806   0.05632   0.10294   0.00000   0.04389   0.03540   0.08716   0.03316   0.00858   0.02523   0.01474   0.02876   0.00993   0.00000   0.00000   0.00000   0.02017   0.03801   0.04172   0.00112   0.00000   0.48766   0.65197   0.80146  
 17 354.8248   5671.553735  x:  0.05255   0.08930   0.20591   0.15692   0.13503   0.15427   0.09140   0.14645   0.12157   0.05479   0.23580   0.00000   0.05089   0.02057   0.15024   0.15466   0.05243   0.32417   0.05230   0.09474   0.28839   0.00000   0.03033   0.01849   0.00000   0.01239   0.11115   0.07552   0.07549   0.09964   0.09311   0.02044   0.09921   0.13451   0.05754   0.10189   0.13109   0.00000   0.07205   0.02804   0.01814   0.09352   0.04803   0.09846   0.00000   0.04573   0.03510   0.08649   0.03347   0.00801   0.02482   0.01225   0.02755   0.00827   0.00000   0.00000   0.00000   0.02160   0.03830   0.04153   0.00060   0.00000   0.47795   0.65575   0.82235  
 18 415.5652   5671.030005  x:  0.05299   0.09051   0.20505   0.15665   0.13323   0.15513   0.09133   0.14657   0.12162   0.05388   0.23467   0.00000   0.05120   0.01823   0.14985   0.15434   0.05395   0.32400   0.05565   0.09504   0.28918   0.00000   0.02728   0.01802   0.00000   0.01451   0.11070   0.07597   0.07664   0.09902   0.09285   0.02124   0.09932   0.13379   0.06003   0.10504   0.13634   0.00000   0.07071   0.02484   0.01277   0.09195   0.05063   0.09604   0.00000   0.04572   0.03305   0.08456   0.03478   0.00793   0.02798   0.01540   0.02457   0.00791   0.00000   0.00000   0.00000   0.02133   0.03700   0.04131   0.00052   0.00000   0.47548   0.65675   0.82519  
 19 72.2530   5670.576930  x:  0.05307   0.09261   0.20471   0.15678   0.12912   0.15611   0.09104   0.14545   0.12124   0.05399   0.23244   0.00000   0.05137   0.01068   0.14865   0.15375   0.05365   0.32402   0.05927   0.09318   0.29156   0.00000   0.02895   0.01929   0.00000   0.01304   0.11038   0.07604   0.07885   0.09946   0.09287   0.01986   0.09910   0.13224   0.06091   0.10780   0.14279   0.00000   0.06859   0.02601   0.01282   0.09033   0.05169   0.09175   0.00000   0.04745   0.03227   0.08037   0.03658   0.00790   0.02740   0.01367   0.02422   0.00713   0.00000   0.00000   0.00000   0.02137   0.03696   0.04149   0.00072   0.00000   0.46980   0.65697   0.82538  
 20 51.2176   5669.884839  x:  0.05133   0.09623   0.20576   0.15780   0.11964   0.15691   0.09067   0.14184   0.12088   0.05721   0.22900   0.00000   0.05139   0.01607   0.14722   0.15345   0.04889   0.32520   0.06369   0.08681   0.29875   0.00000   0.02825   0.01793   0.00000   0.01165   0.11050   0.07431   0.08243   0.09995   0.09309   0.01817   0.09905   0.12900   0.06026   0.10713   0.14847   0.00000   0.06659   0.02798   0.01414   0.08532   0.05859   0.08991   0.00000   0.05188   0.03264   0.07138   0.03953   0.00752   0.02543   0.01385   0.02198   0.00643   0.00000   0.00000   0.00000   0.02073   0.03789   0.04210   0.00055   0.00000   0.45657   0.65914   0.82313  
 21 51.5930   5669.234429  x:  0.04906   0.09816   0.20642   0.15738   0.11427   0.15842   0.09067   0.14149   0.12136   0.05667   0.22717   0.00000   0.05170   0.01683   0.14691   0.15380   0.04560   0.32664   0.06617   0.08227   0.30435   0.00000   0.02984   0.01874   0.00000   0.01573   0.11103   0.07204   0.08327   0.10007   0.09295   0.02029   0.09949   0.12761   0.05689   0.10424   0.15041   0.00000   0.06784   0.02141   0.01622   0.08233   0.05468   0.09350   0.00000   0.05437   0.03129   0.06580   0.03857   0.00742   0.02800   0.01362   0.02140   0.00753   0.00000   0.00000   0.00000   0.02052   0.03689   0.04168   0.00075   0.00000   0.44516   0.66249   0.81858  
 22 50.3662   5667.108827  x:  0.04597   0.10187   0.20682   0.15455   0.10443   0.15764   0.09254   0.14439   0.12095   0.04962   0.22017   0.00000   0.05167   0.01465   0.14570   0.15350   0.04903   0.32858   0.07874   0.08512   0.31115   0.00000   0.02875   0.01669   0.00000   0.01321   0.11046   0.06895   0.08319   0.09723   0.09172   0.03149   0.10100   0.12621   0.06166   0.09487   0.14396   0.00000   0.07884   0.03214   0.01697   0.08416   0.04960   0.11032   0.00000   0.05719   0.03039   0.05290   0.02940   0.00664   0.03103   0.01856   0.01883   0.00602   0.00000   0.00000   0.00000   0.01896   0.03479   0.04102   0.00075   0.00000   0.42438   0.67651   0.79924  
 23 54.7943   5662.819881  x:  0.04893   0.10604   0.20810   0.15438   0.10113   0.15259   0.09662   0.14839   0.12029   0.05365   0.21392   0.00000   0.05044   0.01817   0.14671   0.15309   0.05371   0.33093   0.09164   0.09369   0.31323   0.00000   0.02606   0.02574   0.00000   0.01270   0.10936   0.07191   0.08331   0.09526   0.09084   0.02717   0.10186   0.12770   0.06294   0.09051   0.12993   0.00000   0.08264   0.02844   0.01038   0.08855   0.05794   0.12021   0.00000   0.05564   0.03272   0.04769   0.02549   0.00532   0.02921   0.00523   0.02290   0.00754   0.00000   0.00000   0.00000   0.01394   0.03782   0.04073   0.00082   0.00000   0.41274   0.70109   0.76528  
 24 84.6515   5655.626098  x:  0.05694   0.11274   0.21098   0.15999   0.10203   0.14183   0.10253   0.15484   0.12210   0.06501   0.20895   0.00000   0.04891   0.01969   0.15325   0.15368   0.05565   0.33892   0.10402   0.10418   0.31927   0.00000   0.03144   0.00805   0.00000   0.01203   0.11041   0.07992   0.08434   0.09281   0.09165   0.01431   0.10370   0.13218   0.06224   0.08883   0.10826   0.00000   0.07948   0.02225   0.00552   0.09746   0.06199   0.12698   0.00000   0.05268   0.03963   0.04911   0.02769   0.00229   0.02181   0.01306   0.02678   0.00897   0.00000   0.00000   0.00000   0.01096   0.04915   0.04003   0.00160   0.00000   0.39995   0.74070   0.70010  
 25 319.7116   5650.551047  x:  0.06305   0.11671   0.21168   0.16946   0.10797   0.13397   0.10388   0.15713   0.12685   0.07003   0.21315   0.00000   0.04778   0.02205   0.16269   0.15638   0.05003   0.34943   0.10130   0.10206   0.32966   0.00000   0.03378   0.00740   0.00000   0.01525   0.11395   0.08603   0.08573   0.08993   0.09582   0.01719   0.10580   0.13671   0.06870   0.08921   0.09544   0.02843   0.07562   0.02908   0.00446   0.10828   0.06754   0.12807   0.00000   0.05334   0.04246   0.06001   0.03731   0.00000   0.02222   0.01510   0.01252   0.01118   0.00000   0.00000   0.00000   0.00723   0.05367   0.04011   0.00215   0.00000   0.39440   0.77096   0.63710  
 26 351.4916   5650.551047  x:  0.06305   0.11671   0.21168   0.16946   0.10797   0.13397   0.10388   0.15713   0.12685   0.07003   0.21315   0.00000   0.04778   0.02205   0.16269   0.15638   0.05003   0.34943   0.10130   0.10206   0.32966   0.00000   0.03378   0.00740   0.00000   0.01525   0.11395   0.08603   0.08573   0.08993   0.09582   0.01719   0.10580   0.13671   0.06870   0.08921   0.09544   0.02843   0.07562   0.02908   0.00446   0.10828   0.06754   0.12807   0.00000   0.05334   0.04246   0.06001   0.03731   0.00000   0.02222   0.01510   0.01252   0.01118   0.00000   0.00000   0.00000   0.00723   0.05367   0.04011   0.00215   0.00000   0.39440   0.77096   0.63710  
 27 174.9897   5598.205919  x:  0.06632   0.13027   0.32989   0.22717   0.13554   0.22986   0.12737   0.20441   0.14689   0.10526   0.23678   0.00000   0.00834   0.03168   0.19454   0.15933   0.11152   0.47422   0.11539   0.14981   0.41098   0.00000   0.07771   0.08809   0.00000   0.04778   0.12196   0.08931   0.09113   0.17294   0.09850   0.02116   0.11880   0.14030   0.11748   0.11649   0.13959   0.00000   0.08239   0.03178   0.10022   0.11605   0.08847   0.14693   0.00000   0.02660   0.02712   0.04875   0.02115   0.66350   0.02988   0.00818   0.01521   0.00543   0.00000   0.00000   0.00000   0.00662   0.04587   0.03689   0.11872   0.00000   0.42673   0.77153   0.63852  
 28 2068.9666   5528.816815  x:  0.06456   0.13629   0.41706   0.27075   0.15144   0.28883   0.14100   0.24146   0.16134   0.12262   0.25822   0.00000   0.00000   0.02695   0.22181   0.16057   0.13940   0.58639   0.11636   0.18319   0.48655   0.00000   0.07260   0.05186   0.00000   0.02327   0.12836   0.08755   0.09008   0.20966   0.09278   0.00908   0.12741   0.14296   0.13377   0.13697   0.16606   0.00000   0.08588   0.02967   0.06690   0.12203   0.09405   0.15621   0.00000   0.02014   0.02975   0.03642   0.01108   0.65889   0.02419   0.04729   0.00644   0.04596   0.00000   0.00000   0.00000   0.01122   0.04456   0.03828   0.07143   0.00000   0.44346   0.77163   0.63981  
 29 500.6989   5500.556981  x:  0.06327   0.14071   0.48116   0.30280   0.16313   0.33219   0.15102   0.26871   0.17197   0.13539   0.27398   0.00011   0.00017   0.02349   0.24186   0.16147   0.15991   0.66886   0.11709   0.20773   0.54210   0.00000   0.06887   0.02527   0.00000   0.00527   0.13306   0.08626   0.08930   0.23668   0.08859   0.00021   0.13374   0.14492   0.14577   0.15202   0.18554   0.00000   0.08845   0.02812   0.04247   0.12643   0.09815   0.16304   0.00000   0.01538   0.03168   0.02736   0.00367   0.65576   0.02001   0.07602   0.00000   0.07574   0.00000   0.00000   0.00000   0.01459   0.04359   0.03930   0.03672   0.00000   0.45576   0.77170   0.64076  
 30 317730.5848   5499.111862  x:  0.06324   0.14082   0.48273   0.30358   0.16342   0.33325   0.15127   0.26938   0.17223   0.13570   0.27437   0.00011   0.00017   0.02340   0.24235   0.16150   0.16041   0.67088   0.11710   0.20833   0.54346   0.00000   0.06878   0.02462   0.00000   0.00485   0.13318   0.08622   0.08928   0.23734   0.08848   0.00000   0.13389   0.14497   0.14606   0.15239   0.18601   0.00000   0.08851   0.02809   0.04187   0.12653   0.09825   0.16321   0.00000   0.01527   0.03173   0.02715   0.00350   0.65568   0.01991   0.07672   0.00016   0.07646   0.00000   0.00000   0.00000   0.01467   0.04357   0.03932   0.03587   0.00000   0.45606   0.77170   0.64078  
 31 75033.2731   5498.276448  x:  0.06322   0.14086   0.48349   0.30396   0.16355   0.33376   0.15138   0.26969   0.17235   0.13584   0.27456   0.00000   0.00018   0.02335   0.24259   0.16150   0.16064   0.67188   0.11709   0.20861   0.54414   0.00000   0.06873   0.02434   0.00000   0.00516   0.13323   0.08620   0.08927   0.23765   0.08844   0.00028   0.13397   0.14499   0.14619   0.15256   0.18623   0.00000   0.08854   0.02808   0.04157   0.12658   0.09829   0.16328   0.00000   0.01525   0.03174   0.02716   0.00383   0.65559   0.01990   0.07691   0.00017   0.07667   0.00000   0.00000   0.00000   0.01464   0.04356   0.03933   0.03542   0.00000   0.45620   0.77170   0.64079  
 32 2599.5015   5498.276448  x:  0.06322   0.14086   0.48349   0.30396   0.16355   0.33376   0.15138   0.26969   0.17235   0.13584   0.27456   0.00000   0.00018   0.02335   0.24259   0.16150   0.16064   0.67188   0.11709   0.20861   0.54414   0.00000   0.06873   0.02434   0.00000   0.00516   0.13323   0.08620   0.08927   0.23765   0.08844   0.00028   0.13397   0.14499   0.14619   0.15256   0.18623   0.00000   0.08854   0.02808   0.04157   0.12658   0.09829   0.16328   0.00000   0.01525   0.03174   0.02716   0.00383   0.65559   0.01990   0.07691   0.00017   0.07667   0.00000   0.00000   0.00000   0.01464   0.04356   0.03933   0.03542   0.00000   0.45620   0.77170   0.64079  
 33 745.8418   5489.164625  x:  0.06319   0.14084   0.48376   0.30407   0.16355   0.33392   0.15138   0.26978   0.17237   0.13585   0.27463   0.00006   0.01658   0.02332   0.24266   0.16150   0.16066   0.67231   0.11703   0.20867   0.54442   0.00000   0.06871   0.02431   0.00000   0.00655   0.13324   0.08617   0.08924   0.23771   0.08842   0.00131   0.13398   0.14501   0.14621   0.15259   0.18627   0.00000   0.08853   0.02811   0.04141   0.12658   0.09828   0.16328   0.00000   0.01535   0.03170   0.02751   0.00503   0.65519   0.02014   0.07658   0.01515   0.07634   0.00000   0.00000   0.00000   0.01443   0.04359   0.03932   0.03509   0.00000   0.45621   0.77170   0.64080  
 34 7524.7007   5488.988547  x:  0.06318   0.14084   0.48380   0.30409   0.16355   0.33394   0.15138   0.26980   0.17237   0.13585   0.27464   0.00000   0.01657   0.02331   0.24267   0.16150   0.16066   0.67237   0.11702   0.20867   0.54446   0.00000   0.06870   0.02430   0.00000   0.00669   0.13324   0.08617   0.08923   0.23772   0.08842   0.00141   0.13399   0.14501   0.14621   0.15259   0.18627   0.00000   0.08853   0.02812   0.04139   0.12658   0.09828   0.16328   0.00000   0.01537   0.03170   0.02756   0.00516   0.65513   0.02015   0.07653   0.01516   0.07629   0.00000   0.00000   0.00000   0.01440   0.04359   0.03932   0.03504   0.00000   0.45621   0.77169   0.64080  
 35 656.6542   5469.719735  x:  0.06125   0.13952   0.50030   0.31109   0.16402   0.34346   0.15160   0.27541   0.17340   0.13637   0.27893   0.00000   0.01308   0.02121   0.24714   0.16110   0.16198   0.69882   0.11287   0.21216   0.56205   0.00000   0.06732   0.02166   0.00000   0.00510   0.13343   0.08423   0.08724   0.24126   0.08645   0.00000   0.13417   0.14499   0.14609   0.15438   0.18837   0.00000   0.08799   0.02990   0.03156   0.12669   0.09752   0.16314   0.00000   0.02080   0.02984   0.04102   0.00606   0.62980   0.02375   0.05361   0.01925   0.05549   0.00000   0.00000   0.00000   0.00220   0.04481   0.03874   0.01464   0.00000   0.45656   0.77127   0.64143  
 36 493.2579   5458.570220  x:  0.05990   0.13856   0.51208   0.31607   0.16433   0.35026   0.15174   0.27939   0.17412   0.13673   0.28199   0.00000   0.01123   0.01977   0.25030   0.16082   0.16288   0.71777   0.10985   0.21459   0.57464   0.00000   0.06639   0.02023   0.00000   0.00637   0.13357   0.08288   0.08585   0.24377   0.08512   0.00179   0.13434   0.14502   0.14604   0.15566   0.18986   0.00000   0.08762   0.03094   0.02512   0.12676   0.09700   0.16305   0.00000   0.02347   0.02871   0.04795   0.00199   0.61142   0.02547   0.03733   0.02145   0.04065   0.00000   0.00000   0.00000   0.00579   0.04552   0.03834   0.00113   0.00000   0.45686   0.77095   0.64189  
 37 3478.0493   5440.559690  x:  0.05711   0.13652   0.53673   0.32646   0.16494   0.36446   0.15201   0.28766   0.17559   0.13748   0.28838   0.00000   0.00832   0.01690   0.25689   0.16024   0.16468   0.75753   0.10342   0.21961   0.60102   0.00000   0.06457   0.01791   0.00000   0.00653   0.13383   0.08009   0.08297   0.24899   0.08234   0.00176   0.13465   0.14501   0.14588   0.15834   0.19294   0.00000   0.08687   0.03275   0.01295   0.12693   0.09597   0.16287   0.00000   0.02759   0.02669   0.05999   0.00019   0.57248   0.02801   0.00375   0.02497   0.00984   0.00000   0.00000   0.00000   0.01270   0.04676   0.03752   0.00648   0.00000   0.45757   0.77026   0.64285  
 38 2163.1222   5436.800471  x:  0.05640   0.13593   0.54340   0.32925   0.16507   0.36829   0.15206   0.28985   0.17597   0.13766   0.29010   0.00000   0.00844   0.01626   0.25863   0.16009   0.16509   0.76841   0.10156   0.22088   0.60821   0.00000   0.06420   0.01798   0.00000   0.00446   0.13388   0.07939   0.08223   0.25038   0.08163   0.00000   0.13470   0.14499   0.14580   0.15906   0.19374   0.00000   0.08670   0.03292   0.01220   0.12699   0.09577   0.16283   0.00000   0.02773   0.02651   0.06108   0.00406   0.56144   0.02806   0.00398   0.02488   0.00345   0.00000   0.00000   0.00000   0.01598   0.04688   0.03736   0.00601   0.00000   0.45784   0.77004   0.64312  
 39 1067.9327   5436.800471  x:  0.05640   0.13593   0.54340   0.32925   0.16507   0.36829   0.15206   0.28985   0.17597   0.13766   0.29010   0.00000   0.00844   0.01626   0.25863   0.16009   0.16509   0.76841   0.10156   0.22088   0.60821   0.00000   0.06420   0.01798   0.00000   0.00446   0.13388   0.07939   0.08223   0.25038   0.08163   0.00000   0.13470   0.14499   0.14580   0.15906   0.19374   0.00000   0.08670   0.03292   0.01220   0.12699   0.09577   0.16283   0.00000   0.02773   0.02651   0.06108   0.00406   0.56144   0.02806   0.00398   0.02488   0.00345   0.00000   0.00000   0.00000   0.01598   0.04688   0.03736   0.00601   0.00000   0.45784   0.77004   0.64312  
 40 1618.6368   5426.962288  x:  0.05612   0.13551   0.54721   0.33075   0.16509   0.37047   0.15204   0.29100   0.17612   0.13774   0.29106   0.00000   0.00773   0.01620   0.25954   0.16001   0.16517   0.77490   0.10029   0.22141   0.61245   0.00000   0.06414   0.01967   0.00000   0.03503   0.13394   0.07911   0.08203   0.25108   0.08180   0.02164   0.13504   0.14526   0.14610   0.15952   0.19413   0.00000   0.08667   0.03244   0.01760   0.12706   0.09580   0.16281   0.00000   0.02705   0.02717   0.05931   0.01813   0.55397   0.02775   0.02236   0.02104   0.01494   0.00000   0.00000   0.00000   0.01175   0.04659   0.03741   0.00739   0.00000   0.45820   0.76988   0.64331  
 41 880.4224   5418.103153  x:  0.05518   0.13411   0.56012   0.33586   0.16507   0.37778   0.15195   0.29484   0.17662   0.13798   0.29428   0.00000   0.00716   0.01598   0.26259   0.15976   0.16538   0.79690   0.09586   0.22320   0.62677   0.00000   0.06487   0.01997   0.00000   0.03782   0.13366   0.07816   0.08107   0.25348   0.08067   0.02144   0.13514   0.14519   0.14574   0.16087   0.19547   0.00000   0.08656   0.03108   0.02499   0.12721   0.09578   0.16271   0.00000   0.02300   0.02875   0.05195   0.02089   0.52808   0.02464   0.01647   0.01008   0.01211   0.00000   0.00000   0.00000   0.00107   0.04571   0.03756   0.00679   0.00000   0.45881   0.76926   0.64392  
 42 267.7961   5411.982371  x:  0.05436   0.13288   0.57135   0.34030   0.16505   0.38414   0.15187   0.29818   0.17706   0.13818   0.29708   0.00000   0.00680   0.01578   0.26523   0.15954   0.16556   0.81608   0.09200   0.22474   0.63925   0.00000   0.06549   0.02020   0.00000   0.04028   0.13341   0.07734   0.08023   0.25557   0.07969   0.02135   0.13522   0.14513   0.14542   0.16205   0.19662   0.00000   0.08648   0.02995   0.03086   0.12733   0.09575   0.16261   0.00000   0.01973   0.03002   0.04569   0.02319   0.50545   0.02216   0.01183   0.00187   0.01000   0.00000   0.00000   0.00000   0.00315   0.04498   0.03770   0.00643   0.00000   0.45935   0.76872   0.64445  
 43 2865.4708   5396.216330  x:  0.05222   0.12963   0.60104   0.35201   0.16499   0.40093   0.15165   0.30698   0.17819   0.13871   0.30446   0.00000   0.00623   0.01523   0.27219   0.15895   0.16600   0.86681   0.08175   0.22879   0.67225   0.00000   0.06709   0.02068   0.00000   0.04620   0.13276   0.07521   0.07803   0.26106   0.07715   0.02090   0.13544   0.14496   0.14460   0.16516   0.19965   0.00000   0.08625   0.02717   0.04505   0.12764   0.09566   0.16234   0.00000   0.01199   0.03310   0.02966   0.02867   0.44530   0.01639   0.00125   0.00585   0.00537   0.00000   0.00000   0.00000   0.00533   0.04319   0.03807   0.00590   0.00000   0.46079   0.76727   0.64585  
 44 3488.1257   5382.924256  x:  0.05016   0.12645   0.62999   0.36341   0.16491   0.41729   0.15143   0.31553   0.17928   0.13921   0.31164   0.00000   0.00606   0.01467   0.27895   0.15839   0.16640   0.91636   0.07170   0.23270   0.70445   0.00000   0.06866   0.02077   0.00000   0.04643   0.13209   0.07315   0.07589   0.26639   0.07462   0.01658   0.13560   0.14475   0.14374   0.16818   0.20260   0.00000   0.08604   0.02468   0.05757   0.12792   0.09557   0.16206   0.00000   0.00583   0.03584   0.01487   0.03130   0.38630   0.01168   0.00545   0.00829   0.00046   0.00000   0.00000   0.00000   0.00687   0.04158   0.03845   0.00541   0.00000   0.46218   0.76585   0.64722  
 45 7683.3358   5375.525562  x:  0.04864   0.12409   0.65149   0.37188   0.16485   0.42944   0.15126   0.32188   0.18008   0.13958   0.31697   0.00000   0.00604   0.01426   0.28396   0.15796   0.16668   0.95317   0.06423   0.23559   0.72838   0.00000   0.06982   0.02074   0.00000   0.04530   0.13160   0.07163   0.07431   0.27034   0.07274   0.01251   0.13570   0.14458   0.14308   0.17041   0.20477   0.00000   0.08588   0.02293   0.06650   0.12813   0.09549   0.16184   0.00000   0.00266   0.03778   0.00459   0.03262   0.34236   0.00886   0.00757   0.00970   0.00379   0.00000   0.00000   0.00000   0.00780   0.04046   0.03875   0.00511   0.00000   0.46320   0.76478   0.64824  
 46 20202.8445   5339.208391  x:  0.04251   0.11420   0.74075   0.40691   0.16457   0.47979   0.15050   0.34805   0.18335   0.14105   0.33895   0.00000   0.00685   0.01242   0.30461   0.15621   0.16775   1.10636   0.03301   0.24739   0.82781   0.00000   0.07432   0.02055   0.00000   0.04367   0.12958   0.06549   0.06789   0.28663   0.06533   0.00000   0.13619   0.14394   0.14053   0.17967   0.21371   0.00000   0.08529   0.01716   0.10124   0.12893   0.09515   0.16081   0.00000   0.02461   0.04473   0.00005   0.03972   0.15837   0.00890   0.01161   0.01362   0.00542   0.00000   0.00000   0.00000   0.01065   0.03689   0.04035   0.00592   0.00000   0.46755   0.76026   0.65250  
 47 6224.0301   5339.208391  x:  0.04251   0.11420   0.74075   0.40691   0.16457   0.47979   0.15050   0.34805   0.18335   0.14105   0.33895   0.00000   0.00685   0.01242   0.30461   0.15621   0.16775   1.10636   0.03301   0.24739   0.82781   0.00000   0.07432   0.02055   0.00000   0.04367   0.12958   0.06549   0.06789   0.28663   0.06533   0.00000   0.13619   0.14394   0.14053   0.17967   0.21371   0.00000   0.08529   0.01716   0.10124   0.12893   0.09515   0.16081   0.00000   0.02461   0.04473   0.00005   0.03972   0.15837   0.00890   0.01161   0.01362   0.00542   0.00000   0.00000   0.00000   0.01065   0.03689   0.04035   0.00592   0.00000   0.46755   0.76026   0.65250  
 48 102271.5322   5320.969954  x:  0.04258   0.11415   0.74096   0.40696   0.16456   0.47988   0.15048   0.34805   0.18333   0.14103   0.33896   0.00000   0.00695   0.01238   0.30459   0.15621   0.16771   1.10685   0.03288   0.24735   0.82809   0.00000   0.07422   0.02047   0.00000   0.04331   0.12959   0.06556   0.06796   0.28662   0.06551   0.00332   0.13624   0.14398   0.14060   0.17968   0.21369   0.00000   0.08532   0.01784   0.10055   0.12892   0.09515   0.16080   0.00000   0.02470   0.04441   0.05155   0.03997   0.15752   0.01204   0.01175   0.01358   0.00575   0.00000   0.00000   0.00000   0.01031   0.03711   0.04028   0.00612   0.00000   0.46759   0.76022   0.65252  
 49 7086.9321   5313.076897  x:  0.04420   0.11299   0.74606   0.40803   0.16437   0.48204   0.14996   0.34805   0.18276   0.14054   0.33904   0.00000   0.00915   0.01148   0.30429   0.15617   0.16693   1.11882   0.02981   0.24644   0.83482   0.00000   0.07191   0.01862   0.00000   0.03462   0.12976   0.06719   0.06957   0.28630   0.06902   0.03559   0.13670   0.14438   0.14169   0.17990   0.21319   0.00000   0.08580   0.03298   0.08364   0.12856   0.09499   0.16048   0.00000   0.02316   0.03600   0.04979   0.02618   0.13183   0.03792   0.01484   0.01257   0.02775   0.00000   0.00000   0.00000   0.00246   0.04229   0.03860   0.01009   0.00000   0.46795   0.75913   0.65305  
 50 358.5248   5307.832609  x:  0.04642   0.11115   0.75413   0.40971   0.16405   0.48543   0.14918   0.34805   0.18192   0.13982   0.33920   0.00000   0.00767   0.01036   0.30382   0.15612   0.16574   1.13780   0.02503   0.24505   0.84547   0.00000   0.06866   0.01770   0.00000   0.02350   0.13007   0.06941   0.07156   0.28580   0.07263   0.05211   0.13689   0.14450   0.14251   0.18004   0.21244   0.00000   0.08632   0.04339   0.05733   0.12805   0.09474   0.16000   0.00000   0.02092   0.02534   0.04912   0.00961   0.09084   0.05104   0.01465   0.01256   0.03346   0.00000   0.00000   0.00000   0.03471   0.04770   0.03682   0.00714   0.00000   0.46829   0.75737   0.65391  
 51 496.9948   5293.980790  x:  0.04974   0.10764   0.76943   0.41287   0.16350   0.49181   0.14782   0.34804   0.18044   0.13860   0.33955   0.00000   0.00666   0.00913   0.30298   0.15611   0.16361   1.17405   0.01619   0.24254   0.86572   0.00000   0.06362   0.02012   0.00000   0.01399   0.13076   0.07273   0.07428   0.28479   0.07685   0.05810   0.13683   0.14436   0.14308   0.18005   0.21111   0.00000   0.08690   0.04843   0.01040   0.12721   0.09437   0.15916   0.00000   0.01976   0.01722   0.04875   0.02499   0.01216   0.05325   0.01150   0.01353   0.02366   0.00000   0.00000   0.00000   0.03608   0.05262   0.03569   0.00528   0.00000   0.46887   0.75392   0.65560  
 52 447.3122   5292.879892  x:  0.05004   0.10720   0.77139   0.41327   0.16345   0.49262   0.14767   0.34804   0.18028   0.13846   0.33960   0.00000   0.00708   0.00909   0.30287   0.15612   0.16338   1.17874   0.01512   0.24225   0.86833   0.00000   0.06318   0.02026   0.00000   0.01544   0.13087   0.07302   0.07449   0.28466   0.07719   0.05805   0.13681   0.14433   0.14310   0.18003   0.21095   0.00000   0.08694   0.04847   0.01017   0.12716   0.09441   0.15907   0.00000   0.02000   0.01845   0.04882   0.02285   0.00366   0.05288   0.01203   0.01339   0.02222   0.00000   0.00000   0.00000   0.03541   0.05282   0.03574   0.00644   0.00000   0.46899   0.75346   0.65582  
 53 387.0626   5290.440248  x:  0.05214   0.10407   0.78524   0.41611   0.16308   0.49835   0.14661   0.34803   0.17912   0.13753   0.33997   0.00000   0.00659   0.00877   0.30216   0.15617   0.16173   1.21194   0.00758   0.24017   0.88676   0.00000   0.06027   0.02071   0.00000   0.01626   0.13155   0.07512   0.07595   0.28372   0.07963   0.05910   0.13669   0.14415   0.14329   0.17989   0.20985   0.00000   0.08726   0.04957   0.00577   0.12684   0.09461   0.15848   0.00000   0.02102   0.02001   0.04885   0.01519   0.00406   0.05168   0.01254   0.01305   0.01404   0.00000   0.00000   0.00000   0.03088   0.05447   0.03584   0.00173   0.00000   0.46977   0.75019   0.65742  
 54 127.3691   5288.635130  x:  0.05426   0.10092   0.79920   0.41898   0.16272   0.50412   0.14555   0.34802   0.17795   0.13658   0.34033   0.00000   0.00589   0.00843   0.30144   0.15622   0.16009   1.24542   0.00000   0.23809   0.90535   0.00000   0.05740   0.02114   0.00000   0.01550   0.13221   0.07725   0.07742   0.28277   0.08211   0.06015   0.13658   0.14398   0.14350   0.17976   0.20873   0.00000   0.08759   0.05082   0.00276   0.12652   0.09482   0.15788   0.00000   0.02182   0.02011   0.04883   0.01016   0.00541   0.05059   0.01241   0.01292   0.00629   0.00000   0.00000   0.00000   0.02815   0.05624   0.03583   0.00498   0.00000   0.47056   0.74689   0.65902  
 55 2044.3502   5286.722742  x:  0.05610   0.09821   0.81129   0.42146   0.16241   0.50912   0.14463   0.34802   0.17695   0.13576   0.34064   0.00000   0.00541   0.00811   0.30082   0.15626   0.15868   1.27442   0.00000   0.23630   0.92144   0.00000   0.05497   0.02149   0.00000   0.01366   0.13275   0.07909   0.07871   0.28196   0.08430   0.06151   0.13649   0.14383   0.14369   0.17965   0.20778   0.00000   0.08788   0.05221   0.00504   0.12628   0.09503   0.15737   0.00000   0.02236   0.01897   0.04875   0.00922   0.00534   0.05015   0.01188   0.01298   0.00161   0.00000   0.00000   0.00000   0.02694   0.05789   0.03573   0.00500   0.00000   0.47123   0.74403   0.66041  
 56 2154.4183   5271.273638  x:  0.07579   0.06753   0.94824   0.44956   0.15908   0.56561   0.13445   0.34798   0.16581   0.12674   0.34420   0.00000   0.00329   0.00548   0.29383   0.15680   0.14296   1.60350   0.00000   0.21618   1.10392   0.00000   0.02981   0.02628   0.00000   0.01006   0.13899   0.09878   0.09194   0.27269   0.10653   0.05391   0.13514   0.14191   0.14506   0.17814   0.19706   0.00000   0.09081   0.05665   0.01406   0.12361   0.09732   0.15180   0.00000   0.03126   0.01940   0.05011   0.00293   0.00735   0.02730   0.00764   0.01356   0.01213   0.00000   0.00000   0.00000   0.02050   0.07225   0.03612   0.00760   0.00000   0.47878   0.71141   0.67627  
 57 2395.7822   5265.360152  x:  0.08461   0.05213   1.01902   0.46407   0.15753   0.59455   0.12968   0.34799   0.16057   0.12253   0.34605   0.00000   0.01358   0.00537   0.29036   0.15718   0.13504   1.77456   0.00000   0.20600   1.19844   0.00000   0.02542   0.02532   0.00000   0.02405   0.14198   0.10759   0.09740   0.26795   0.11680   0.05672   0.13463   0.14114   0.14575   0.17724   0.19184   0.00000   0.09201   0.06098   0.01562   0.12242   0.09836   0.14933   0.00000   0.03345   0.02772   0.04991   0.01192   0.01120   0.02502   0.01785   0.01163   0.01288   0.00000   0.00000   0.00000   0.02576   0.07783   0.03644   0.00904   0.00000   0.48263   0.69425   0.68459  
 58 3306.8254   5258.172971  x:  0.08528   0.04016   1.09070   0.47880   0.15740   0.62203   0.12818   0.34816   0.15888   0.12129   0.34788   0.00000   0.00344   0.01208   0.28781   0.15809   0.12893   1.95406   0.00000   0.19763   1.29538   0.00000   0.07670   0.01682   0.00000   0.03051   0.14261   0.10826   0.09446   0.26368   0.11720   0.05010   0.13447   0.14098   0.14484   0.17541   0.18888   0.00000   0.09100   0.05480   0.01738   0.12257   0.09815   0.14951   0.00000   0.02135   0.03131   0.04972   0.01374   0.01189   0.03686   0.01676   0.01439   0.01466   0.00000   0.00000   0.00000   0.02593   0.06941   0.03737   0.00984   0.00000   0.48476   0.67488   0.69375  
 59 753.7812   5257.000700  x:  0.08241   0.03929   1.10618   0.48201   0.15813   0.62711   0.12904   0.34828   0.15992   0.12202   0.34808   0.00000   0.01677   0.01383   0.28763   0.15834   0.12849   1.99560   0.00000   0.19670   1.31684   0.00000   0.08686   0.01583   0.00000   0.02725   0.14154   0.10540   0.09088   0.26312   0.11371   0.04608   0.13459   0.14120   0.14420   0.17483   0.18924   0.00000   0.09010   0.05058   0.01743   0.12308   0.09767   0.15050   0.00000   0.01820   0.02807   0.04979   0.01157   0.01195   0.04020   0.01338   0.01333   0.01482   0.00000   0.00000   0.00000   0.02509   0.06361   0.03762   0.00975   0.00000   0.48446   0.66984   0.69601  
 60 528.3899   5254.390363  x:  0.06657   0.04583   1.12331   0.48559   0.16242   0.62881   0.13478   0.34874   0.16691   0.12673   0.34724   0.00000   0.01509   0.01464   0.28902   0.15867   0.13191   2.05452   0.00000   0.19948   1.34309   0.00000   0.08282   0.02072   0.00000   0.02457   0.13539   0.08955   0.07499   0.26434   0.09549   0.04237   0.13554   0.14266   0.14226   0.17381   0.19393   0.00000   0.08671   0.04046   0.01734   0.12552   0.09555   0.15541   0.00000   0.02390   0.02184   0.04950   0.01126   0.01154   0.05155   0.02178   0.00599   0.01484   0.00000   0.00000   0.00000   0.02542   0.04404   0.03795   0.00974   0.00000   0.48124   0.66033   0.69979  
 61 185.6661   5253.462281  x:  0.05808   0.04975   1.13065   0.48706   0.16484   0.62879   0.13785   0.34898   0.17068   0.12923   0.34669   0.00000   0.01479   0.01463   0.28988   0.15879   0.13397   2.08233   0.00000   0.20121   1.35484   0.00000   0.07900   0.02145   0.00000   0.02421   0.13220   0.08106   0.06696   0.26527   0.08586   0.04144   0.13606   0.14343   0.14137   0.17354   0.19659   0.00000   0.08510   0.03645   0.01720   0.12676   0.09452   0.15803   0.00000   0.02574   0.02126   0.04932   0.01128   0.01145   0.05722   0.02351   0.01381   0.01471   0.00000   0.00000   0.00000   0.02584   0.03586   0.03775   0.00971   0.00000   0.47944   0.65552   0.70166  
 62 569.2396   5252.408449  x:  0.04732   0.05639   1.13519   0.48758   0.16860   0.62570   0.14187   0.34929   0.17577   0.13243   0.34561   0.00000   0.01328   0.01354   0.29148   0.15881   0.13747   2.11029   0.00000   0.20426   1.36426   0.00000   0.07324   0.01600   0.00000   0.02518   0.12852   0.07030   0.05918   0.26760   0.07417   0.04159   0.13671   0.14436   0.14069   0.17430   0.20066   0.00000   0.08390   0.03633   0.01705   0.12815   0.09361   0.16146   0.00000   0.02258   0.02836   0.04912   0.01256   0.01155   0.06205   0.01402   0.01201   0.01451   0.00000   0.00000   0.00000   0.02682   0.03787   0.03622   0.00977   0.00000   0.47675   0.64949   0.70390  
 63 163.1560   5251.892087  x:  0.04090   0.06435   1.13339   0.48604   0.17299   0.61846   0.14531   0.34953   0.18031   0.13508   0.34420   0.00000   0.01345   0.01236   0.29363   0.15867   0.14165   2.12964   0.00000   0.20775   1.36668   0.00000   0.07472   0.01962   0.00000   0.02780   0.12627   0.06388   0.05964   0.27155   0.06798   0.03969   0.13713   0.14488   0.14081   0.17695   0.20504   0.00000   0.08427   0.03996   0.01721   0.12889   0.09361   0.16402   0.00000   0.01963   0.02429   0.04929   0.01199   0.01168   0.06015   0.01627   0.01273   0.01467   0.00000   0.00000   0.00000   0.02600   0.04893   0.03631   0.00979   0.00000   0.47387   0.64344   0.70612  
 64 67.3076   5251.391203  x:  0.03891   0.07572   1.12588   0.48180   0.17919   0.60448   0.14902   0.34976   0.18539   0.13781   0.34206   0.00000   0.01421   0.01144   0.29702   0.15838   0.14740   2.15335   0.00000   0.21223   1.36529   0.00000   0.07796   0.01403   0.00000   0.02543   0.12514   0.06189   0.06663   0.27814   0.06767   0.04054   0.13751   0.14521   0.14181   0.18159   0.21085   0.00000   0.08561   0.04356   0.01716   0.12921   0.09423   0.16570   0.00000   0.02647   0.02482   0.04940   0.01203   0.01158   0.05582   0.01839   0.01292   0.01468   0.00000   0.00000   0.00000   0.02582   0.04989   0.03863   0.00981   0.00000   0.47004   0.63430   0.70953  
 65 61.6179   5250.779548  x:  0.03996   0.09054   1.11226   0.47408   0.18704   0.58232   0.15298   0.34999   0.19099   0.14060   0.33911   0.00000   0.01418   0.01088   0.30177   0.15789   0.15455   2.18690   0.00000   0.21747   1.36091   0.00000   0.07970   0.02088   0.00000   0.02601   0.12475   0.06294   0.07572   0.28728   0.07118   0.04513   0.13785   0.14538   0.14335   0.18744   0.21806   0.00000   0.08720   0.04560   0.01723   0.12917   0.09516   0.16648   0.00000   0.02487   0.02810   0.04937   0.01253   0.01182   0.05201   0.01484   0.01263   0.01471   0.00000   0.00000   0.00000   0.02661   0.04320   0.03849   0.00989   0.00000   0.46515   0.62067   0.71476  
 66 120.5654   5250.403227  x:  0.04205   0.09699   1.10122   0.46753   0.19000   0.56697   0.15372   0.35001   0.19222   0.14096   0.33759   0.00000   0.01355   0.01141   0.30427   0.15755   0.15713   2.20832   0.00000   0.21887   1.35624   0.00000   0.07739   0.01667   0.00000   0.02732   0.12592   0.06503   0.07680   0.29163   0.07367   0.04621   0.13773   0.14516   0.14367   0.18906   0.22070   0.00000   0.08721   0.04218   0.01734   0.12879   0.09540   0.16533   0.00000   0.01798   0.02541   0.04943   0.01224   0.01175   0.05036   0.01670   0.01241   0.01490   0.00000   0.00000   0.00000   0.02608   0.04065   0.03592   0.00987   0.00000   0.46327   0.61176   0.71843  
 67 90.9780   5249.672669  x:  0.04685   0.10363   1.07125   0.44922   0.19121   0.53066   0.15145   0.34986   0.18949   0.13871   0.33527   0.00000   0.01363   0.01450   0.30822   0.15678   0.15793   2.25719   0.00000   0.21705   1.34164   0.00000   0.07761   0.01700   0.00000   0.03006   0.13012   0.06983   0.06758   0.29687   0.07681   0.04734   0.13686   0.14423   0.14272   0.18732   0.22147   0.00000   0.08510   0.03180   0.01730   0.12750   0.09497   0.15960   0.00000   0.02330   0.02312   0.04921   0.01236   0.01181   0.05440   0.01405   0.01267   0.01474   0.00000   0.00000   0.00000   0.02638   0.04669   0.03374   0.00989   0.00000   0.46276   0.59161   0.72759  
 68 86.8509   5249.158498  x:  0.04827   0.10485   1.04644   0.43447   0.18960   0.50406   0.14857   0.34986   0.18534   0.13623   0.33406   0.00000   0.01402   0.01461   0.30984   0.15614   0.15647   2.29467   0.00000   0.21341   1.32870   0.00000   0.07778   0.01861   0.00000   0.02397   0.13211   0.07125   0.05990   0.29787   0.07626   0.04375   0.13621   0.14367   0.14148   0.18437   0.21941   0.00000   0.08405   0.03583   0.01744   0.12687   0.09451   0.15588   0.00000   0.02114   0.02848   0.04930   0.01246   0.01174   0.05566   0.01811   0.01279   0.01497   0.00000   0.00000   0.00000   0.02616   0.04784   0.03797   0.00994   0.00000   0.46472   0.57716   0.73499  
 69 126.5375   5248.850463  x:  0.04693   0.10297   1.02901   0.42531   0.18685   0.48955   0.14676   0.35015   0.18178   0.13500   0.33397   0.00000   0.01378   0.01299   0.30940   0.15584   0.15450   2.31900   0.00000   0.20962   1.31869   0.00000   0.07767   0.01751   0.00000   0.02800   0.13158   0.06991   0.05971   0.29568   0.07393   0.04098   0.13613   0.14377   0.14094   0.18227   0.21603   0.00000   0.08466   0.04403   0.01737   0.12708   0.09435   0.15556   0.00000   0.02207   0.02457   0.04940   0.01238   0.01175   0.05556   0.01541   0.01258   0.01487   0.00000   0.00000   0.00000   0.02578   0.04396   0.03925   0.00991   0.00000   0.46808   0.56952   0.74023  
 70 81.7856   5248.608146  x:  0.04358   0.09972   1.01205   0.41956   0.18329   0.48286   0.14688   0.35103   0.17924   0.13604   0.33517   0.00000   0.01393   0.01257   0.30694   0.15612   0.15291   2.34050   0.00000   0.20573   1.30728   0.00000   0.07804   0.01790   0.00000   0.02652   0.12796   0.06656   0.06783   0.29015   0.07089   0.04139   0.13675   0.14461   0.14155   0.18140   0.21150   0.00000   0.08631   0.04230   0.01737   0.12816   0.09447   0.15936   0.00000   0.02267   0.02581   0.04939   0.01241   0.01172   0.05542   0.01630   0.01257   0.01490   0.00000   0.00000   0.00000   0.02576   0.04373   0.03278   0.00991   0.00000   0.47320   0.56642   0.74559  
 71 41.5918   5248.470981  x:  0.04235   0.09860   1.00031   0.41802   0.18149   0.48247   0.14809   0.35193   0.17873   0.13785   0.33650   0.00000   0.01372   0.01312   0.30457   0.15651   0.15290   2.35479   0.00000   0.20397   1.29827   0.00000   0.07733   0.01778   0.00000   0.02672   0.12563   0.06533   0.07209   0.28566   0.07014   0.04333   0.13720   0.14517   0.14229   0.18133   0.20907   0.00000   0.08664   0.03839   0.01735   0.12879   0.09459   0.16271   0.00000   0.02145   0.02553   0.04932   0.01251   0.01168   0.05533   0.01582   0.01257   0.01490   0.00000   0.00000   0.00000   0.02596   0.04439   0.03877   0.00990   0.00000   0.47636   0.56679   0.74964  
 72 41.6911   5248.080996  x:  0.04661   0.10337   0.96123   0.42472   0.18065   0.49948   0.15476   0.35573   0.18284   0.14548   0.34164   0.00000   0.01379   0.01277   0.29553   0.15775   0.15856   2.40141   0.00000   0.20428   1.26253   0.00000   0.07843   0.01767   0.00000   0.02660   0.12492   0.06959   0.06408   0.27208   0.07398   0.04453   0.13729   0.14527   0.14359   0.18175   0.20735   0.00000   0.08245   0.04118   0.01732   0.12872   0.09456   0.16932   0.00000   0.02189   0.02526   0.04942   0.01260   0.01161   0.05134   0.01587   0.01262   0.01495   0.00000   0.00000   0.00000   0.02567   0.04473   0.03680   0.00988   0.00000   0.48021   0.57929   0.76533  
 73 26.2787   5247.875411  x:  0.04536   0.10452   0.94173   0.43075   0.18001   0.51291   0.15142   0.35596   0.18267   0.14154   0.34240   0.00000   0.01375   0.00693   0.29459   0.15716   0.15970   2.42743   0.00000   0.20555   1.23990   0.00000   0.07790   0.01778   0.00000   0.02637   0.12946   0.06835   0.06585   0.27376   0.07420   0.04088   0.13615   0.14428   0.14211   0.18250   0.20872   0.00000   0.08906   0.03992   0.01732   0.12746   0.09441   0.16466   0.00000   0.02184   0.02539   0.04939   0.01264   0.01157   0.05585   0.01583   0.01263   0.01495   0.00000   0.00000   0.00000   0.02543   0.04480   0.03715   0.00987   0.00000   0.47478   0.59004   0.77579  
 74 26.2867   5247.771841  x:  0.04384   0.10371   0.93278   0.43409   0.17913   0.52046   0.14848   0.35506   0.18196   0.13850   0.34280   0.00000   0.01364   0.01405   0.29629   0.15744   0.15886   2.44145   0.00000   0.20648   1.22671   0.00000   0.07697   0.01785   0.00000   0.02621   0.13034   0.06682   0.06790   0.27792   0.07315   0.03999   0.13602   0.14409   0.14152   0.18279   0.21003   0.00000   0.08872   0.04097   0.01730   0.12729   0.09451   0.16091   0.00000   0.02183   0.02535   0.04940   0.01270   0.01152   0.05639   0.01571   0.01263   0.01494   0.00000   0.00000   0.00000   0.02533   0.04460   0.03712   0.00986   0.00000   0.47107   0.59668   0.78227  
 75 33.7781   5247.697548  x:  0.04333   0.10125   0.92979   0.43599   0.17896   0.52474   0.14603   0.35320   0.18104   0.13568   0.34139   0.00000   0.01369   0.01174   0.29961   0.15726   0.15593   2.45068   0.00000   0.20687   1.21667   0.00000   0.07791   0.01782   0.00000   0.02606   0.12733   0.06631   0.06802   0.28385   0.07152   0.04247   0.13702   0.14477   0.14208   0.18258   0.21149   0.00000   0.08296   0.04039   0.01730   0.12830   0.09469   0.15935   0.00000   0.02172   0.02519   0.04942   0.01275   0.01147   0.05356   0.01570   0.01258   0.01496   0.00000   0.00000   0.00000   0.02535   0.04434   0.03716   0.00984   0.00000   0.46991   0.60175   0.78804  
 76 15.9651   5247.619855  x:  0.04491   0.09729   0.93383   0.43701   0.18003   0.52591   0.14765   0.34980   0.18164   0.13732   0.33877   0.00000   0.01367   0.01208   0.30499   0.15751   0.15049   2.45902   0.00000   0.20791   1.20491   0.00000   0.07810   0.01776   0.00000   0.02584   0.12399   0.06790   0.06535   0.29035   0.07096   0.04288   0.13781   0.14542   0.14282   0.18202   0.21287   0.00000   0.08840   0.04041   0.01727   0.12929   0.09433   0.16237   0.00000   0.02177   0.02499   0.04944   0.01282   0.01139   0.05248   0.01566   0.01258   0.01498   0.00000   0.00000   0.00000   0.02519   0.04440   0.03706   0.00981   0.00000   0.47354   0.60668   0.79697  
 77  8.4119   5247.498985  x:  0.04469   0.09380   0.94721   0.43791   0.18205   0.52339   0.15169   0.34591   0.18316   0.14147   0.33550   0.00000   0.01348   0.01141   0.30917   0.15683   0.14478   2.46957   0.00000   0.21079   1.18751   0.00000   0.07678   0.01787   0.00000   0.02540   0.12931   0.06767   0.06783   0.29186   0.07328   0.03844   0.13626   0.14424   0.14210   0.18212   0.21165   0.00000   0.08371   0.04094   0.01724   0.12758   0.09455   0.16590   0.00000   0.02176   0.02495   0.04944   0.01298   0.01126   0.05647   0.01540   0.01265   0.01499   0.00000   0.00000   0.00000   0.02473   0.04481   0.03708   0.00977   0.00000   0.47707   0.61184   0.81368  
 78 10.6729   5247.216759  x:  0.04304   0.09416   0.98357   0.43964   0.18392   0.51380   0.15114   0.34379   0.18208   0.14104   0.33385   0.00000   0.01336   0.01178   0.30628   0.15455   0.14309   2.48969   0.00000   0.21733   1.15329   0.00000   0.07811   0.01805   0.00000   0.02404   0.13253   0.06602   0.06687   0.27854   0.07085   0.04341   0.13584   0.14300   0.14139   0.18136   0.20546   0.00000   0.08651   0.04015   0.01712   0.12600   0.09465   0.16008   0.00000   0.02138   0.02421   0.04955   0.01342   0.01084   0.04903   0.01504   0.01257   0.01505   0.00000   0.00000   0.00000   0.02420   0.04435   0.03708   0.00961   0.00000   0.47258   0.61744   0.85585  
 79 15.2800   5247.024377  x:  0.04578   0.09584   1.00374   0.44006   0.18260   0.50992   0.14711   0.34725   0.18087   0.13739   0.33695   0.00000   0.01308   0.01179   0.30065   0.15635   0.14834   2.50050   0.00000   0.21752   1.13776   0.00000   0.07664   0.01785   0.00000   0.02352   0.12204   0.06876   0.06799   0.27425   0.07326   0.03716   0.13814   0.14563   0.14262   0.18207   0.20790   0.00000   0.08554   0.04080   0.01700   0.13009   0.09411   0.15939   0.00000   0.02130   0.02397   0.04958   0.01367   0.01059   0.05385   0.01461   0.01269   0.01506   0.00000   0.00000   0.00000   0.02332   0.04535   0.03709   0.00952   0.00000   0.47032   0.61667   0.88534  
 80 19.5510   5246.664732  x:  0.04238   0.09221   1.02352   0.43736   0.17270   0.51299   0.14194   0.35968   0.18022   0.13395   0.34827   0.00000   0.01278   0.01106   0.29061   0.16265   0.16242   2.51424   0.00000   0.20526   1.13120   0.00000   0.07678   0.01812   0.00000   0.02153   0.12883   0.06536   0.06519   0.28481   0.07708   0.03759   0.13670   0.14649   0.14525   0.18267   0.21863   0.00000   0.08628   0.04045   0.01673   0.12872   0.09595   0.16720   0.00000   0.02111   0.02295   0.04970   0.01427   0.00996   0.04976   0.01402   0.01266   0.01510   0.00000   0.00000   0.00000   0.02218   0.04510   0.03685   0.00928   0.00000   0.47463   0.60522   0.94197  
 81 14.4664   5246.311134  x:  0.04927   0.09131   1.02950   0.43593   0.16914   0.52088   0.14583   0.36557   0.18126   0.13852   0.35368   0.00000   0.01237   0.01015   0.29001   0.16071   0.17014   2.52432   0.00000   0.19545   1.13969   0.00000   0.07606   0.01831   0.00000   0.01975   0.13025   0.07225   0.06876   0.29225   0.06345   0.03632   0.13581   0.14263   0.14057   0.18234   0.21679   0.00000   0.08520   0.04047   0.01657   0.12585   0.09214   0.16355   0.00000   0.02073   0.02225   0.04978   0.01488   0.00936   0.04873   0.01326   0.01270   0.01514   0.00000   0.00000   0.00000   0.02102   0.04545   0.03704   0.00905   0.00000   0.47578   0.59247   0.99589  
 82 23.1638   5245.586294  x:  0.04402   0.09088   1.02591   0.43540   0.16868   0.53824   0.15537   0.36514   0.18134   0.14710   0.35316   0.00000   0.01157   0.00908   0.30078   0.15062   0.17305   2.54222   0.00000   0.18703   1.17512   0.00000   0.07512   0.01835   0.00000   0.01639   0.12156   0.06700   0.06729   0.29687   0.07663   0.03197   0.13737   0.14073   0.13772   0.18039   0.20061   0.00000   0.08609   0.04052   0.01612   0.12712   0.09390   0.15062   0.00000   0.02000   0.02046   0.05004   0.01607   0.00813   0.04534   0.01187   0.01279   0.01524   0.00000   0.00000   0.00000   0.01828   0.04651   0.03687   0.00859   0.00000   0.47319   0.56853   1.10571  
 83 37.8555   5244.831695  x:  0.04666   0.09455   1.01153   0.43792   0.17715   0.54877   0.14682   0.35358   0.17482   0.13653   0.34165   0.00000   0.01077   0.01098   0.31189   0.15436   0.16158   2.56002   0.00000   0.19725   1.22574   0.00000   0.07381   0.01875   0.00000   0.01263   0.12902   0.06964   0.06692   0.28221   0.07296   0.02699   0.13843   0.14967   0.14813   0.18274   0.20090   0.00000   0.08630   0.04056   0.01558   0.13144   0.09682   0.16398   0.00000   0.01960   0.01878   0.05028   0.01731   0.00685   0.04285   0.01050   0.01285   0.01534   0.00000   0.00000   0.00000   0.01548   0.04702   0.03673   0.00812   0.00000   0.47057   0.55646   1.21604  
 84 39.8809   5244.626395  x:  0.04568   0.09361   1.00589   0.43847   0.17768   0.54483   0.14427   0.35142   0.17851   0.13420   0.33880   0.00000   0.01054   0.01126   0.30579   0.15872   0.15277   2.56546   0.00000   0.20269   1.24330   0.00000   0.07378   0.01872   0.00000   0.01188   0.12457   0.06866   0.06788   0.27875   0.07558   0.02699   0.13468   0.14280   0.14116   0.18169   0.20953   0.00000   0.08612   0.04046   0.01563   0.12559   0.08952   0.16435   0.00000   0.01939   0.01835   0.05036   0.01762   0.00653   0.04081   0.01012   0.01287   0.01537   0.00000   0.00000   0.00000   0.01472   0.04720   0.03668   0.00801   0.00000   0.47214   0.56357   1.24349  
 85 19.1700   5244.513006  x:  0.04603   0.09215   1.00253   0.43890   0.17734   0.53822   0.14530   0.35218   0.18224   0.13601   0.33951   0.00000   0.01041   0.01113   0.29718   0.15911   0.14739   2.56913   0.00000   0.20564   1.25458   0.00000   0.07356   0.01876   0.00000   0.01149   0.12463   0.06901   0.06852   0.28042   0.07425   0.02623   0.13692   0.14223   0.14003   0.18035   0.21334   0.00000   0.08627   0.04028   0.01548   0.12702   0.09825   0.15984   0.00000   0.01927   0.01817   0.05039   0.01778   0.00636   0.04051   0.00994   0.01288   0.01539   0.00000   0.00000   0.00000   0.01427   0.04729   0.03672   0.00796   0.00000   0.47384   0.57483   1.25643  
 86 13.0514   5244.422378  x:  0.04576   0.09103   1.00049   0.43985   0.17740   0.53097   0.14684   0.35392   0.18220   0.13816   0.34224   0.00000   0.01033   0.01099   0.29156   0.15707   0.14672   2.57252   0.00000   0.20662   1.26309   0.00000   0.07350   0.01881   0.00000   0.01139   0.12711   0.06873   0.06862   0.28442   0.07427   0.02543   0.13876   0.14632   0.14459   0.18036   0.21115   0.00000   0.08621   0.04026   0.01553   0.13033   0.09199   0.15759   0.00000   0.01921   0.01815   0.05043   0.01784   0.00628   0.04001   0.00989   0.01288   0.01541   0.00000   0.00000   0.00000   0.01386   0.04735   0.03675   0.00794   0.00000   0.47365   0.58739   1.26376  
 87  9.8970   5244.273197  x:  0.04615   0.09127   0.99911   0.44300   0.17857   0.52015   0.14667   0.35639   0.17518   0.13766   0.34752   0.00000   0.01020   0.01089   0.29474   0.15559   0.15443   2.57862   0.00000   0.20376   1.27333   0.00000   0.07344   0.01876   0.00000   0.01161   0.12416   0.06913   0.06698   0.28852   0.07400   0.02427   0.13328   0.14526   0.14437   0.18277   0.20218   0.00000   0.08617   0.04004   0.01555   0.12521   0.09463   0.16405   0.00000   0.01932   0.01820   0.05049   0.01788   0.00618   0.03951   0.00991   0.01287   0.01542   0.00000   0.00000   0.00000   0.01314   0.04727   0.03668   0.00793   0.00000   0.47050   0.60670   1.26997  
 88  6.8710   5244.009626  x:  0.04576   0.09128   0.99934   0.44760   0.17650   0.51137   0.14746   0.35650   0.17506   0.13555   0.34850   0.00000   0.00994   0.01035   0.31081   0.16035   0.16570   2.58917   0.00000   0.19142   1.28250   0.00000   0.07344   0.01880   0.00000   0.01230   0.12787   0.06873   0.06723   0.28183   0.07545   0.02315   0.14313   0.14081   0.13570   0.18254   0.20425   0.00000   0.08621   0.03959   0.01557   0.13297   0.09354   0.16453   0.00000   0.01929   0.01857   0.05061   0.01787   0.00608   0.03719   0.01000   0.01288   0.01544   0.00000   0.00000   0.00000   0.01189   0.04733   0.03674   0.00796   0.00000   0.47230   0.62256   1.27359  
 89  6.3127   5243.475990  x:  0.04564   0.08700   1.00167   0.45133   0.17270   0.50884   0.14907   0.35194   0.18433   0.13520   0.34145   0.00000   0.00947   0.01054   0.32347   0.15817   0.17434   2.60950   0.00000   0.17570   1.29129   0.00000   0.07324   0.01870   0.00000   0.01415   0.12570   0.06861   0.06861   0.26989   0.07422   0.01863   0.13392   0.14697   0.15026   0.17945   0.21753   0.00000   0.08621   0.03860   0.01587   0.12432   0.09452   0.15356   0.00000   0.01927   0.01940   0.05085   0.01773   0.00594   0.03453   0.01031   0.01286   0.01550   0.00000   0.00000   0.00000   0.00920   0.04726   0.03693   0.00805   0.00000   0.47676   0.62775   1.27443  
 90  9.0101   5242.365888  x:  0.04669   0.08050   1.00774   0.45102   0.17768   0.52278   0.14318   0.34314   0.18212   0.13535   0.32907   0.00000   0.00857   0.01307   0.30129   0.14689   0.16985   2.64753   0.00000   0.18644   1.29820   0.00000   0.07326   0.01857   0.00000   0.01782   0.12677   0.06966   0.06760   0.27599   0.07512   0.01276   0.13159   0.14778   0.13972   0.18040   0.21537   0.00000   0.08622   0.03663   0.01624   0.13182   0.09489   0.16129   0.00000   0.01957   0.02113   0.05131   0.01744   0.00571   0.02736   0.01103   0.01281   0.01557   0.00000   0.00000   0.00000   0.00421   0.04702   0.03711   0.00825   0.00000   0.47515   0.60449   1.26910  
 91 10.5596   5242.223378  x:  0.04636   0.08489   1.00904   0.45114   0.17795   0.52574   0.14451   0.34605   0.17963   0.13550   0.33322   0.00000   0.00845   0.01194   0.30034   0.15793   0.16264   2.65300   0.00000   0.19079   1.29864   0.00000   0.07319   0.01855   0.00000   0.01837   0.12640   0.06933   0.06747   0.27829   0.07489   0.01118   0.13766   0.14467   0.14418   0.18110   0.21071   0.00000   0.08619   0.03634   0.01636   0.12666   0.09468   0.15926   0.00000   0.01960   0.02138   0.05137   0.01738   0.00569   0.02699   0.01114   0.01280   0.01559   0.00000   0.00000   0.00000   0.00348   0.04692   0.03715   0.00828   0.00000   0.47589   0.59960   1.26714  
 92 12.5082   5242.188522  x:  0.04637   0.08758   1.00956   0.45034   0.17768   0.52679   0.14577   0.35030   0.17935   0.13470   0.33932   0.00000   0.00841   0.01128   0.30323   0.15964   0.15721   2.65461   0.00000   0.19313   1.29867   0.00000   0.07324   0.01856   0.00000   0.01851   0.12659   0.06935   0.06773   0.27784   0.07493   0.01134   0.13322   0.14652   0.14277   0.18111   0.21071   0.00000   0.08618   0.03621   0.01637   0.12954   0.09482   0.15824   0.00000   0.01957   0.02146   0.05138   0.01738   0.00568   0.02650   0.01115   0.01280   0.01560   0.00000   0.00000   0.00000   0.00337   0.04693   0.03717   0.00828   0.00000   0.47662   0.59834   1.26534  
 93  5.2900   5242.165520  x:  0.04644   0.08728   1.00987   0.44814   0.17813   0.52774   0.14575   0.35398   0.17962   0.13377   0.34456   0.00000   0.00839   0.01119   0.30586   0.15505   0.15426   2.65614   0.00000   0.19580   1.29875   0.00000   0.07320   0.01856   0.00000   0.01860   0.12660   0.06941   0.06779   0.27664   0.07510   0.01123   0.13572   0.14632   0.14291   0.18089   0.21259   0.00000   0.08619   0.03616   0.01639   0.12762   0.09476   0.15925   0.00000   0.01960   0.02153   0.05139   0.01738   0.00567   0.02644   0.01117   0.01280   0.01559   0.00000   0.00000   0.00000   0.00336   0.04692   0.03717   0.00828   0.00000   0.47625   0.59783   1.26228  
 94  3.1281   5242.055944  x:  0.04657   0.08156   1.01118   0.43733   0.18148   0.53221   0.14257   0.35680   0.17864   0.13905   0.34719   0.00000   0.00824   0.01035   0.30806   0.15787   0.15624   2.66563   0.00000   0.20341   1.29944   0.00000   0.07299   0.01862   0.00000   0.01904   0.12666   0.06954   0.06783   0.27546   0.07482   0.01171   0.13399   0.13935   0.14735   0.17995   0.21366   0.00000   0.08618   0.03574   0.01629   0.13137   0.09493   0.15805   0.00000   0.01973   0.02193   0.05137   0.01739   0.00559   0.02608   0.01124   0.01280   0.01553   0.00000   0.00000   0.00000   0.00370   0.04684   0.03724   0.00819   0.00000   0.47385   0.59737   1.23802  
 95  1.7855   5241.659339  x:  0.04690   0.08815   1.01720   0.41672   0.18055   0.54423   0.13686   0.35676   0.17722   0.14538   0.34401   0.00000   0.00768   0.00967   0.30550   0.16544   0.15299   2.70115   0.00000   0.21011   1.30079   0.00000   0.07231   0.01888   0.00000   0.02068   0.12753   0.06987   0.06815   0.27720   0.07559   0.01425   0.13822   0.15360   0.13888   0.18014   0.21000   0.00000   0.08611   0.03400   0.01622   0.12280   0.09510   0.15655   0.00000   0.02006   0.02345   0.05131   0.01749   0.00531   0.02370   0.01144   0.01282   0.01534   0.00000   0.00000   0.00000   0.00513   0.04665   0.03744   0.00786   0.00000   0.47501   0.59467   1.14413  
 96 14.8159   5241.263241  x:  0.04709   0.10560   1.02263   0.41673   0.17352   0.55009   0.14038   0.35355   0.17754   0.13515   0.34006   0.00000   0.00713   0.01130   0.29703   0.15976   0.13973   2.73564   0.00000   0.20454   1.30081   0.00000   0.07144   0.01913   0.00000   0.02227   0.12835   0.07005   0.06760   0.28130   0.07526   0.01607   0.13854   0.14125   0.14568   0.18306   0.20482   0.00000   0.08609   0.03230   0.01610   0.12621   0.09531   0.16036   0.00000   0.02046   0.02493   0.05125   0.01757   0.00503   0.02220   0.01164   0.01283   0.01518   0.00000   0.00000   0.00000   0.00648   0.04634   0.03756   0.00754   0.00000   0.47870   0.58752   1.05040  
 97 32.4010   5241.108433  x:  0.04717   0.09193   1.02129   0.44007   0.18156   0.54396   0.15107   0.35303   0.17610   0.12695   0.34561   0.00000   0.00691   0.01118   0.29312   0.16325   0.13828   2.74901   0.00000   0.20667   1.29970   0.00000   0.07108   0.01923   0.00000   0.02286   0.12849   0.07013   0.06778   0.28193   0.07498   0.01699   0.13919   0.14246   0.14489   0.18280   0.20536   0.00000   0.08611   0.03165   0.01604   0.12511   0.09545   0.15956   0.00000   0.02065   0.02551   0.05123   0.01761   0.00492   0.02148   0.01173   0.01283   0.01509   0.00000   0.00000   0.00000   0.00704   0.04625   0.03765   0.00741   0.00000   0.47687   0.57527   1.01129  
 98 10.6166   5241.078977  x:  0.04722   0.09045   1.02072   0.45013   0.18021   0.54102   0.14465   0.35424   0.17635   0.13312   0.34684   0.00000   0.00687   0.01085   0.29397   0.16268   0.13654   2.75180   0.00000   0.20738   1.29934   0.00000   0.07100   0.01926   0.00000   0.02296   0.12854   0.07018   0.06774   0.28200   0.07487   0.01709   0.13935   0.14226   0.14498   0.18343   0.20540   0.00000   0.08610   0.03151   0.01604   0.12505   0.09544   0.15962   0.00000   0.02069   0.02562   0.05122   0.01762   0.00491   0.02142   0.01175   0.01283   0.01508   0.00000   0.00000   0.00000   0.00714   0.04622   0.03766   0.00739   0.00000   0.47680   0.57158   1.00252  
 99  5.0367   5241.068531  x:  0.04749   0.08991   1.02073   0.45177   0.17660   0.54053   0.14456   0.35687   0.17772   0.13201   0.34453   0.00000   0.00686   0.01088   0.29510   0.16243   0.13830   2.75393   0.00000   0.21114   1.29925   0.00000   0.07094   0.01928   0.00000   0.02297   0.12861   0.07045   0.06793   0.28246   0.07476   0.01697   0.13917   0.14231   0.14499   0.18205   0.20400   0.00000   0.08608   0.03146   0.01603   0.12501   0.09540   0.15966   0.00000   0.02070   0.02567   0.05122   0.01764   0.00492   0.02156   0.01176   0.01284   0.01507   0.00000   0.00000   0.00000   0.00716   0.04623   0.03767   0.00738   0.00000   0.47846   0.57101   0.99592  
100  1.0611   5241.015105  x:  0.04790   0.08827   1.02170   0.45136   0.17009   0.54034   0.14921   0.36033   0.17267   0.13458   0.33995   0.00000   0.00680   0.01069   0.29581   0.16217   0.13757   2.76630   0.00000   0.21163   1.29774   0.00000   0.07048   0.01939   0.00000   0.02299   0.12880   0.07086   0.06739   0.28160   0.07486   0.01619   0.13895   0.14293   0.14439   0.18554   0.20720   0.00000   0.08614   0.03113   0.01611   0.12541   0.09544   0.16023   0.00000   0.02090   0.02599   0.05119   0.01771   0.00504   0.02243   0.01188   0.01285   0.01506   0.00000   0.00000   0.00000   0.00724   0.04614   0.03769   0.00736   0.00000   0.47336   0.57000   0.95624  
101  2.3993   5240.852634  x:  0.04719   0.09005   1.02514   0.44792   0.18053   0.54192   0.14574   0.35893   0.17290   0.13424   0.34167   0.00000   0.00660   0.01129   0.29512   0.16030   0.14040   2.80361   0.00000   0.20664   1.29253   0.00000   0.06902   0.01979   0.00000   0.02293   0.12984   0.07015   0.06764   0.28202   0.07513   0.01375   0.13741   0.14322   0.14287   0.18349   0.20681   0.00000   0.08604   0.02987   0.01625   0.12616   0.09516   0.15880   0.00000   0.02128   0.02685   0.05108   0.01798   0.00538   0.02534   0.01214   0.01287   0.01498   0.00000   0.00000   0.00000   0.00751   0.04570   0.03776   0.00728   0.00000   0.47892   0.56791   0.83641  
102 14.4420   5240.840563  x:  0.04759   0.08942   1.02534   0.44713   0.17928   0.54173   0.14537   0.35666   0.17684   0.13397   0.34353   0.00000   0.00658   0.01102   0.29518   0.16114   0.14003   2.80641   0.00000   0.20583   1.29231   0.00000   0.06891   0.01981   0.00000   0.02296   0.12993   0.07055   0.06773   0.28217   0.07535   0.01358   0.13734   0.14356   0.14288   0.18181   0.20542   0.00000   0.08611   0.02987   0.01628   0.12632   0.09520   0.16044   0.00000   0.02134   0.02696   0.05108   0.01799   0.00542   0.02548   0.01217   0.01289   0.01498   0.00000   0.00000   0.00000   0.00752   0.04575   0.03777   0.00728   0.00000   0.47561   0.56755   0.82874  
103  4.6118   5240.834822  x:  0.04764   0.08950   1.02528   0.44698   0.17700   0.54163   0.14564   0.35246   0.17664   0.13400   0.34624   0.00000   0.00658   0.01066   0.29530   0.16093   0.14119   2.80763   0.00000   0.20740   1.29279   0.00000   0.06887   0.01981   0.00000   0.02300   0.12992   0.07060   0.06762   0.28220   0.07525   0.01352   0.13728   0.14353   0.14281   0.18288   0.20575   0.00000   0.08609   0.02980   0.01629   0.12634   0.09518   0.15999   0.00000   0.02136   0.02701   0.05107   0.01799   0.00545   0.02557   0.01220   0.01289   0.01498   0.00000   0.00000   0.00000   0.00753   0.04571   0.03777   0.00728   0.00000   0.47643   0.56721   0.82971  
104  0.8986   5240.760309  x:  0.04765   0.09184   1.02299   0.44802   0.17823   0.54094   0.14658   0.35025   0.17260   0.13580   0.34542   0.00000   0.00665   0.01084   0.29515   0.15970   0.14258   2.82173   0.00000   0.20694   1.30217   0.00000   0.06791   0.01982   0.00000   0.02383   0.12983   0.07061   0.06907   0.28240   0.07562   0.01324   0.13676   0.14369   0.14278   0.17282   0.20832   0.00000   0.08608   0.02926   0.01660   0.12687   0.09522   0.16130   0.00000   0.02170   0.02814   0.05098   0.01794   0.00602   0.02619   0.01273   0.01294   0.01490   0.00000   0.00000   0.00000   0.00772   0.04539   0.03787   0.00736   0.00000   0.47533   0.56502   0.89021  
105  0.8727   5240.679378  x:  0.04759   0.08878   1.02018   0.44714   0.18129   0.54000   0.14470   0.35239   0.17810   0.13403   0.34247   0.00000   0.00673   0.01154   0.29540   0.15918   0.14250   2.83724   0.00000   0.20471   1.31246   0.00000   0.06679   0.01984   0.00000   0.02466   0.12958   0.07055   0.06750   0.28157   0.07537   0.01272   0.13624   0.14403   0.14214   0.18223   0.20601   0.00000   0.08603   0.02848   0.01693   0.12759   0.09517   0.16094   0.00000   0.02218   0.02930   0.05088   0.01786   0.00664   0.02718   0.01335   0.01295   0.01481   0.00000   0.00000   0.00000   0.00791   0.04481   0.03794   0.00743   0.00000   0.47589   0.56267   0.95725  
106 17.6740   5240.541668  x:  0.04795   0.08622   1.02144   0.44403   0.18138   0.53650   0.14380   0.35058   0.17833   0.13651   0.33796   0.00000   0.00709   0.01187   0.29924   0.15516   0.15290   2.90395   0.00000   0.19831   1.31810   0.00000   0.06538   0.02004   0.00000   0.02510   0.12989   0.07091   0.06761   0.28023   0.07547   0.01457   0.13548   0.14384   0.14304   0.18241   0.20772   0.00000   0.08599   0.02896   0.01753   0.12800   0.09530   0.16061   0.00000   0.02260   0.03043   0.05070   0.01833   0.00722   0.02323   0.01354   0.01313   0.01458   0.00000   0.00000   0.00000   0.00713   0.04446   0.03803   0.00732   0.00000   0.47568   0.56186   0.91257  
107  0.1725   5240.450284  x:  0.04812   0.08674   1.02573   0.44437   0.18094   0.53622   0.14397   0.35167   0.17710   0.13575   0.34004   0.00000   0.00763   0.01130   0.30012   0.15618   0.15135   2.97243   0.00000   0.19699   1.32641   0.00000   0.06322   0.01988   0.00000   0.02688   0.12963   0.07107   0.06802   0.28008   0.07582   0.01370   0.13552   0.14404   0.14313   0.18198   0.20700   0.00000   0.08614   0.03243   0.01812   0.12769   0.09520   0.15990   0.00000   0.02273   0.02995   0.05024   0.01886   0.00648   0.02486   0.01261   0.01327   0.01396   0.00000   0.00000   0.00000   0.00737   0.04503   0.03790   0.00695   0.00000   0.47661   0.55551   0.92845  
108  0.0612   5240.383440  x:  0.04770   0.08855   1.03080   0.44428   0.17979   0.53651   0.14471   0.35405   0.17676   0.13508   0.34280   0.00000   0.00803   0.01058   0.29957   0.15854   0.14863   3.01681   0.00000   0.19809   1.32373   0.00000   0.06316   0.01967   0.00000   0.02696   0.12909   0.07065   0.06799   0.28054   0.07551   0.01479   0.13663   0.14369   0.14343   0.18188   0.20615   0.00000   0.08621   0.02953   0.01976   0.12667   0.09516   0.15951   0.00000   0.02234   0.02847   0.04957   0.01951   0.00625   0.02506   0.01332   0.01316   0.01356   0.00000   0.00000   0.00000   0.00705   0.04554   0.03776   0.00744   0.00000   0.47695   0.55130   0.92626  
109  0.0285   5240.326509  x:  0.04772   0.08821   1.03186   0.44635   0.18070   0.53850   0.14460   0.35382   0.17731   0.13495   0.34151   0.00000   0.00786   0.01131   0.29724   0.15807   0.14757   3.01637   0.00000   0.20031   1.32012   0.00000   0.06502   0.01976   0.00000   0.02561   0.12948   0.07067   0.06736   0.28111   0.07554   0.01373   0.13625   0.14385   0.14281   0.18306   0.20648   0.00000   0.08615   0.03155   0.02197   0.12730   0.09523   0.16030   0.00000   0.02232   0.02819   0.04863   0.02033   0.00669   0.02411   0.01319   0.01278   0.01281   0.00000   0.00000   0.00000   0.00688   0.04513   0.03778   0.00816   0.00000   0.47634   0.55055   0.93097  
110  0.0038   5240.272107  x:  0.04817   0.08600   1.03039   0.44723   0.18178   0.53908   0.14378   0.35126   0.17779   0.13518   0.33972   0.00000   0.00721   0.01182   0.29752   0.15657   0.14881   3.00383   0.00000   0.19913   1.32760   0.00000   0.06470   0.01988   0.00000   0.02470   0.12986   0.07111   0.06779   0.28041   0.07584   0.01473   0.13577   0.14397   0.14309   0.18260   0.20710   0.00000   0.08616   0.03064   0.02304   0.12771   0.09531   0.16070   0.00000   0.02276   0.02878   0.04727   0.02076   0.00600   0.02603   0.01279   0.01267   0.01108   0.00000   0.00000   0.00000   0.00656   0.04505   0.03787   0.00761   0.00000   0.47579   0.55361   0.94576  
111  0.0132   5240.234194  x:  0.04814   0.08748   1.02641   0.44564   0.18061   0.53710   0.14456   0.35265   0.17665   0.13502   0.34132   0.00000   0.00778   0.01111   0.29924   0.15757   0.14797   2.97435   0.00000   0.19891   1.32905   0.00000   0.06512   0.01978   0.00000   0.02486   0.12950   0.07109   0.06825   0.28044   0.07589   0.01430   0.13616   0.14365   0.14351   0.18186   0.20657   0.00000   0.08618   0.03055   0.02365   0.12719   0.09521   0.15978   0.00000   0.02351   0.02909   0.04619   0.02033   0.00636   0.02622   0.01338   0.01298   0.00975   0.00000   0.00000   0.00000   0.00713   0.04530   0.03785   0.00704   0.00000   0.47691   0.55440   0.92624  
112  0.0208   5240.222260  x:  0.04769   0.08823   1.02724   0.44405   0.18038   0.53706   0.14445   0.35313   0.17732   0.13554   0.34129   0.00000   0.00757   0.01109   0.29862   0.15762   0.14925   2.96527   0.00000   0.19920   1.32228   0.00000   0.06427   0.01971   0.00000   0.02569   0.12934   0.07064   0.06769   0.28064   0.07547   0.01404   0.13623   0.14389   0.14303   0.18220   0.20662   0.00000   0.08616   0.03024   0.02364   0.12731   0.09519   0.16016   0.00000   0.02332   0.02868   0.04579   0.02011   0.00645   0.02551   0.01278   0.01308   0.00962   0.00000   0.00000   0.00000   0.00723   0.04507   0.03775   0.00691   0.00000   0.47648   0.55461   0.92406  
113  0.0075   5240.210303  x:  0.04779   0.08696   1.02913   0.44573   0.18068   0.53772   0.14391   0.35230   0.17780   0.13521   0.34083   0.00000   0.00760   0.01139   0.29863   0.15719   0.14999   2.96039   0.00000   0.19868   1.31416   0.00000   0.06410   0.01988   0.00000   0.02609   0.12961   0.07075   0.06759   0.28053   0.07547   0.01399   0.13600   0.14394   0.14296   0.18265   0.20686   0.00000   0.08617   0.03073   0.02368   0.12728   0.09520   0.16023   0.00000   0.02318   0.02831   0.04487   0.01965   0.00616   0.02525   0.01357   0.01317   0.00977   0.00000   0.00000   0.00000   0.00715   0.04499   0.03777   0.00688   0.00000   0.47616   0.55794   0.93199  
114  0.0043   5240.185124  x:  0.04808   0.08612   1.02677   0.44776   0.18095   0.53720   0.14431   0.35168   0.17721   0.13469   0.34069   0.00000   0.00781   0.01134   0.29911   0.15710   0.14865   2.95519   0.00000   0.19906   1.31299   0.00000   0.06475   0.02008   0.00000   0.02656   0.12970   0.07104   0.06802   0.28043   0.07570   0.01456   0.13600   0.14360   0.14366   0.18257   0.20684   0.00000   0.08617   0.03042   0.02431   0.12710   0.09524   0.15993   0.00000   0.02319   0.02892   0.04230   0.01915   0.00645   0.02603   0.01286   0.01306   0.01013   0.00000   0.00000   0.00000   0.00696   0.04529   0.03782   0.00718   0.00000   0.47668   0.55987   0.93298  
115  0.0026   5240.167938  x:  0.04792   0.08800   1.02717   0.44482   0.18020   0.53717   0.14486   0.35312   0.17683   0.13557   0.34129   0.00000   0.00743   0.01104   0.29911   0.15746   0.14911   2.96820   0.00000   0.19887   1.32335   0.00000   0.06433   0.01980   0.00000   0.02602   0.12935   0.07089   0.06797   0.28049   0.07579   0.01392   0.13610   0.14382   0.14318   0.18185   0.20667   0.00000   0.08614   0.03039   0.02419   0.12742   0.09517   0.15990   0.00000   0.02356   0.02908   0.04052   0.01914   0.00622   0.02612   0.01310   0.01296   0.01030   0.00000   0.00000   0.00000   0.00692   0.04513   0.03777   0.00700   0.00000   0.47692   0.55492   0.92455  
116  0.0114   5240.162290  x:  0.04779   0.08780   1.02804   0.44498   0.18070   0.53728   0.14404   0.35278   0.17751   0.13507   0.34141   0.00000   0.00758   0.01120   0.29846   0.15770   0.14905   2.97150   0.00000   0.19888   1.32433   0.00000   0.06447   0.01971   0.00000   0.02544   0.12950   0.07076   0.06773   0.28062   0.07553   0.01411   0.13627   0.14386   0.14311   0.18243   0.20648   0.00000   0.08622   0.03059   0.02340   0.12718   0.09522   0.16024   0.00000   0.02354   0.02865   0.04034   0.01924   0.00642   0.02588   0.01301   0.01304   0.01052   0.00000   0.00000   0.00000   0.00705   0.04514   0.03775   0.00686   0.00000   0.47647   0.55432   0.92442  
117  0.0021   5240.159944  x:  0.04791   0.08729   1.02772   0.44560   0.18070   0.53741   0.14457   0.35255   0.17714   0.13531   0.34080   0.00000   0.00761   0.01124   0.29889   0.15724   0.14884   2.97395   0.00000   0.19915   1.32164   0.00000   0.06434   0.01986   0.00000   0.02528   0.12954   0.07087   0.06786   0.28053   0.07567   0.01405   0.13600   0.14380   0.14323   0.18228   0.20683   0.00000   0.08613   0.03037   0.02314   0.12733   0.09520   0.16007   0.00000   0.02346   0.02862   0.03987   0.01941   0.00638   0.02599   0.01298   0.01308   0.01028   0.00000   0.00000   0.00000   0.00715   0.04511   0.03779   0.00689   0.00000   0.47675   0.55556   0.93142  
118  0.0034   5240.158442  x:  0.04788   0.08769   1.02752   0.44492   0.18048   0.53737   0.14427   0.35274   0.17714   0.13537   0.34112   0.00000   0.00758   0.01116   0.29851   0.15749   0.14885   2.97306   0.00000   0.19918   1.32206   0.00000   0.06430   0.01985   0.00000   0.02553   0.12943   0.07085   0.06786   0.28052   0.07564   0.01414   0.13619   0.14378   0.14318   0.18208   0.20669   0.00000   0.08616   0.03050   0.02281   0.12732   0.09522   0.16009   0.00000   0.02351   0.02876   0.03989   0.01959   0.00640   0.02605   0.01307   0.01305   0.01013   0.00000   0.00000   0.00000   0.00719   0.04507   0.03777   0.00709   0.00000   0.47664   0.55496   0.92905  
119  0.0012   5240.158197  x:  0.04787   0.08759   1.02782   0.44507   0.18058   0.53733   0.14431   0.35273   0.17726   0.13528   0.34114   0.00000   0.00761   0.01118   0.29877   0.15747   0.14905   2.97145   0.00000   0.19893   1.32239   0.00000   0.06444   0.01980   0.00000   0.02557   0.12949   0.07083   0.06783   0.28055   0.07564   0.01407   0.13613   0.14385   0.14317   0.18225   0.20666   0.00000   0.08617   0.03046   0.02274   0.12726   0.09521   0.16011   0.00000   0.02356   0.02875   0.03980   0.01960   0.00637   0.02603   0.01304   0.01303   0.01012   0.00000   0.00000   0.00000   0.00713   0.04514   0.03776   0.00711   0.00000   0.47664   0.55516   0.92736  
120  0.0017   5240.158163  x:  0.04786   0.08757   1.02773   0.44523   0.18060   0.53731   0.14438   0.35270   0.17724   0.13526   0.34109   0.00000   0.00760   0.01120   0.29873   0.15744   0.14895   2.97118   0.00000   0.19901   1.32243   0.00000   0.06444   0.01979   0.00000   0.02560   0.12948   0.07083   0.06783   0.28054   0.07563   0.01408   0.13613   0.14381   0.14318   0.18227   0.20667   0.00000   0.08616   0.03047   0.02272   0.12728   0.09520   0.16011   0.00000   0.02355   0.02873   0.03981   0.01962   0.00638   0.02605   0.01305   0.01303   0.01011   0.00000   0.00000   0.00000   0.00709   0.04511   0.03777   0.00709   0.00000   0.47668   0.55514   0.92760  
121  0.0003   5240.158154  x:  0.04787   0.08761   1.02770   0.44519   0.18057   0.53731   0.14436   0.35273   0.17723   0.13527   0.34114   0.00000   0.00760   0.01119   0.29872   0.15747   0.14895   2.97128   0.00000   0.19900   1.32228   0.00000   0.06445   0.01980   0.00000   0.02560   0.12947   0.07084   0.06783   0.28056   0.07563   0.01406   0.13614   0.14382   0.14318   0.18223   0.20667   0.00000   0.08616   0.03047   0.02272   0.12728   0.09521   0.16011   0.00000   0.02354   0.02874   0.03981   0.01964   0.00638   0.02604   0.01305   0.01304   0.01012   0.00000   0.00000   0.00000   0.00709   0.04512   0.03777   0.00709   0.00000   0.47666   0.55513   0.92790  
122  0.0002   5240.158146  x:  0.04786   0.08760   1.02768   0.44518   0.18059   0.53731   0.14436   0.35272   0.17725   0.13526   0.34113   0.00000   0.00760   0.01119   0.29873   0.15747   0.14896   2.97096   0.00000   0.19902   1.32225   0.00000   0.06444   0.01980   0.00000   0.02561   0.12948   0.07083   0.06783   0.28055   0.07563   0.01407   0.13614   0.14383   0.14318   0.18225   0.20667   0.00000   0.08616   0.03047   0.02273   0.12727   0.09521   0.16012   0.00000   0.02355   0.02875   0.03979   0.01966   0.00638   0.02604   0.01305   0.01304   0.01012   0.00000   0.00000   0.00000   0.00709   0.04512   0.03777   0.00708   0.00000   0.47666   0.55518   0.92774  
123  0.0001   5240.158145  x:  0.04786   0.08759   1.02769   0.44519   0.18058   0.53731   0.14436   0.35272   0.17724   0.13527   0.34112   0.00000   0.00760   0.01119   0.29873   0.15746   0.14896   2.97087   0.00000   0.19901   1.32227   0.00000   0.06445   0.01979   0.00000   0.02561   0.12948   0.07083   0.06783   0.28055   0.07563   0.01407   0.13613   0.14382   0.14318   0.18225   0.20667   0.00000   0.08616   0.03047   0.02273   0.12728   0.09521   0.16011   0.00000   0.02355   0.02875   0.03980   0.01967   0.00638   0.02604   0.01305   0.01304   0.01013   0.00000   0.00000   0.00000   0.00709   0.04512   0.03777   0.00708   0.00000   0.47667   0.55517   0.92772  
124  0.0001   5240.158145  x:  0.04786   0.08759   1.02769   0.44519   0.18058   0.53731   0.14436   0.35272   0.17724   0.13527   0.34112   0.00000   0.00760   0.01119   0.29873   0.15746   0.14896   2.97086   0.00000   0.19900   1.32227   0.00000   0.06444   0.01979   0.00000   0.02561   0.12948   0.07083   0.06783   0.28055   0.07563   0.01407   0.13613   0.14382   0.14318   0.18225   0.20667   0.00000   0.08616   0.03047   0.02273   0.12728   0.09521   0.16011   0.00000   0.02355   0.02875   0.03980   0.01967   0.00638   0.02604   0.01305   0.01304   0.01013   0.00000   0.00000   0.00000   0.00709   0.04512   0.03777   0.00708   0.00000   0.47666   0.55518   0.92773  
125  0.0000   5240.158145  x:  0.04786   0.08759   1.02769   0.44519   0.18058   0.53731   0.14436   0.35272   0.17724   0.13527   0.34112   0.00000   0.00760   0.01119   0.29873   0.15746   0.14896   2.97086   0.00000   0.19900   1.32227   0.00000   0.06444   0.01979   0.00000   0.02561   0.12948   0.07083   0.06783   0.28055   0.07563   0.01407   0.13613   0.14382   0.14318   0.18224   0.20667   0.00000   0.08616   0.03047   0.02273   0.12728   0.09521   0.16011   0.00000   0.02355   0.02875   0.03980   0.01967   0.00638   0.02604   0.01305   0.01304   0.01013   0.00000   0.00000   0.00000   0.00709   0.04512   0.03777   0.00708   0.00000   0.47666   0.55517   0.92773  