

TREE # 1

  0  0.0000   2584.720243  x:  0.09016   0.08861   0.03294   0.08591   0.05538   0.10926   0.05412   0.09825   0.08025   0.07276   0.08747   0.01143   0.08110   0.04964   0.10674   0.01656   0.05711   0.07388   0.03874   0.02645   0.09704   0.04139   0.06647   0.08089   0.06115   0.01864   0.06930   0.01442   0.03079   0.05970   0.07979   0.02233   0.09244   0.10532   0.01196   0.03604   0.09881   0.40447   0.56119   0.56726  
  1 99.0000   2492.328042  x:  0.10022   0.07411   0.06911   0.06756   0.05467   0.09079   0.04244   0.07980   0.08318   0.07984   0.13270   0.03917   0.07639   0.13256   0.10362   0.00000   0.06440   0.05724   0.03994   0.04324   0.07669   0.02183   0.05350   0.09126   0.07016   0.10703   0.04880   0.09938   0.08656   0.06720   0.11827   0.09452   0.09557   0.10200   0.13868   0.04131   0.09075   0.39492   0.56848   0.56632  
  2 1209.6625   2470.872125  x:  0.10477   0.05937   0.07155   0.05020   0.05623   0.07341   0.03466   0.06277   0.08516   0.08224   0.15359   0.03044   0.07028   0.15119   0.09987   0.00000   0.06945   0.04203   0.03892   0.04490   0.05798   0.00000   0.03968   0.09759   0.07480   0.10502   0.02634   0.08953   0.08858   0.06803   0.13542   0.09578   0.09525   0.09471   0.13038   0.04039   0.08377   0.38520   0.57543   0.56538  
  3 372.6851   2463.696472  x:  0.10529   0.04943   0.07059   0.03430   0.05800   0.06027   0.04743   0.05346   0.08427   0.08083   0.15020   0.04335   0.07243   0.15064   0.09919   0.00000   0.06704   0.03701   0.04106   0.04205   0.04260   0.00000   0.03751   0.09496   0.07126   0.10924   0.00000   0.08664   0.09049   0.07041   0.13192   0.09705   0.09582   0.09207   0.12683   0.04301   0.08250   0.37383   0.58358   0.56418  
  4 239.2127   2461.277800  x:  0.10349   0.04089   0.07555   0.01767   0.06555   0.04477   0.03201   0.04693   0.08094   0.07652   0.13472   0.03310   0.07775   0.14100   0.10254   0.00000   0.06857   0.04542   0.03456   0.05147   0.02509   0.00000   0.04520   0.09168   0.07199   0.11944   0.00000   0.08910   0.09248   0.07809   0.12190   0.10062   0.09866   0.09236   0.12438   0.03710   0.08398   0.33855   0.60910   0.56050  
  5 83.9958   2458.258575  x:  0.10217   0.03566   0.08187   0.02889   0.07530   0.03881   0.03717   0.04766   0.08231   0.07493   0.13456   0.02089   0.08508   0.13684   0.10986   0.00000   0.06980   0.05172   0.04780   0.04189   0.03138   0.00000   0.03891   0.09432   0.07598   0.12988   0.00000   0.08994   0.09075   0.07933   0.12371   0.10511   0.10444   0.09192   0.11876   0.04428   0.08627   0.24936   0.67436   0.55056  
  6 74.0368   2457.110481  x:  0.10283   0.03704   0.08040   0.03064   0.07372   0.04695   0.03268   0.05067   0.08299   0.07632   0.13873   0.03418   0.08587   0.13847   0.11062   0.00000   0.06971   0.05100   0.03831   0.04657   0.03379   0.00000   0.03457   0.09522   0.07560   0.12920   0.00000   0.08800   0.08878   0.07725   0.12468   0.10486   0.10549   0.09263   0.11601   0.03974   0.08610   0.21279   0.70834   0.54478  
  7 109.5055   2455.814427  x:  0.10672   0.04368   0.07384   0.02384   0.05768   0.05590   0.04045   0.05586   0.08294   0.07972   0.13907   0.02272   0.07901   0.14651   0.10485   0.00000   0.06749   0.04204   0.03380   0.04880   0.02856   0.00000   0.03880   0.09249   0.06961   0.12113   0.00000   0.08707   0.09078   0.07423   0.12183   0.10383   0.10353   0.09572   0.12209   0.03863   0.08548   0.20515   0.76829   0.53263  
  8 40.4423   2453.017174  x:  0.11149   0.05178   0.06909   0.02280   0.05446   0.05290   0.02234   0.05597   0.08270   0.08593   0.13884   0.03387   0.06344   0.15356   0.09501   0.00000   0.07180   0.03111   0.05370   0.04510   0.02633   0.00000   0.04521   0.09154   0.07250   0.10406   0.00000   0.08249   0.09276   0.07563   0.12405   0.09782   0.09817   0.09980   0.12963   0.04237   0.08421   0.22545   0.91738   0.50027  
  9 99.8305   2449.928492  x:  0.11128   0.04975   0.07857   0.03044   0.07049   0.04044   0.03781   0.04752   0.08392   0.08619   0.14714   0.03705   0.05328   0.15646   0.09333   0.00000   0.07926   0.03667   0.03507   0.05262   0.03603   0.00000   0.04476   0.09780   0.08193   0.09519   0.00000   0.07822   0.09192   0.07979   0.13633   0.09368   0.09339   0.09837   0.12970   0.03464   0.08048   0.26448   1.08684   0.46041  
 10 192.7294   2448.449874  x:  0.10637   0.03724   0.08133   0.02919   0.06669   0.04985   0.03129   0.04284   0.08416   0.07742   0.15739   0.03415   0.06754   0.15511   0.10245   0.00000   0.07247   0.03866   0.02627   0.04837   0.03773   0.00000   0.03291   0.10006   0.07478   0.10693   0.00000   0.07863   0.08825   0.07465   0.13921   0.09783   0.09604   0.08995   0.11867   0.04379   0.07943   0.28756   1.15295   0.43999  
 11 86.4293   2447.952583  x:  0.10486   0.03321   0.08106   0.02789   0.06534   0.05422   0.03250   0.04459   0.08432   0.07598   0.16174   0.03283   0.07321   0.15533   0.10533   0.00000   0.07189   0.03919   0.03373   0.05398   0.03667   0.00000   0.02702   0.10078   0.07399   0.11312   0.00000   0.07905   0.08723   0.07234   0.13970   0.10044   0.09825   0.08646   0.11205   0.03428   0.07822   0.29417   1.16827   0.43217  
 12 58.2305   2446.769081  x:  0.10846   0.03753   0.07166   0.02865   0.07073   0.05142   0.03288   0.05548   0.08560   0.08775   0.16765   0.03066   0.07897   0.16148   0.10208   0.00000   0.08188   0.02889   0.03038   0.05455   0.02831   0.00000   0.02627   0.10046   0.08576   0.12669   0.00000   0.07802   0.09046   0.07119   0.13998   0.10804   0.10854   0.07989   0.09404   0.03679   0.07923   0.29649   1.16216   0.40922  
 13 17.7506   2441.916884  x:  0.11671   0.03284   0.06756   0.00786   0.06449   0.03009   0.02505   0.03562   0.08767   0.09344   0.18523   0.02361   0.06587   0.18550   0.08202   0.00000   0.08330   0.03236   0.02940   0.04813   0.04470   0.00000   0.01855   0.10456   0.08062   0.13013   0.00000   0.06221   0.09310   0.07434   0.15565   0.10799   0.11845   0.07827   0.07968   0.03154   0.07591   0.27838   1.08898   0.32127  
 14 39.1548   2439.266033  x:  0.11861   0.02046   0.07632   0.02143   0.06578   0.02914   0.02352   0.02100   0.08695   0.08832   0.19562   0.02020   0.05916   0.19690   0.07939   0.00000   0.08176   0.02435   0.03127   0.05670   0.02477   0.00000   0.02173   0.10793   0.07663   0.12058   0.00000   0.05421   0.09197   0.07696   0.16771   0.10119   0.11518   0.07696   0.07925   0.03536   0.07088   0.26539   1.04149   0.27019  
 15 147.8478   2438.335225  x:  0.11826   0.01480   0.08359   0.01483   0.07003   0.02927   0.02380   0.03120   0.08631   0.08296   0.20180   0.01944   0.05710   0.19978   0.08516   0.00000   0.08233   0.02341   0.03235   0.05696   0.01650   0.00000   0.02099   0.11094   0.07872   0.11037   0.00000   0.05445   0.09035   0.07829   0.17553   0.09704   0.10924   0.07603   0.08168   0.03911   0.06826   0.26030   1.02359   0.25377  
 16 108.7102   2438.103050  x:  0.11813   0.01976   0.08549   0.01081   0.07143   0.03037   0.02436   0.02750   0.08586   0.08134   0.20390   0.01907   0.05975   0.19974   0.09146   0.00000   0.08342   0.02045   0.03318   0.05727   0.01593   0.00000   0.02185   0.11091   0.08148   0.10547   0.00000   0.05726   0.09046   0.07820   0.17722   0.09726   0.10513   0.07417   0.08133   0.03975   0.06728   0.25864   1.01908   0.25274  
 17 38.7265   2438.020527  x:  0.11858   0.01813   0.08339   0.01214   0.06927   0.02759   0.02395   0.02737   0.08515   0.08260   0.20469   0.01908   0.06144   0.20062   0.09514   0.00000   0.08439   0.02114   0.03277   0.05709   0.01624   0.00000   0.02125   0.10875   0.08236   0.10242   0.00000   0.05843   0.09231   0.07789   0.17668   0.09830   0.10056   0.07237   0.08127   0.03922   0.06689   0.25804   1.01770   0.25814  
 18 15.3050   2437.946292  x:  0.11932   0.01688   0.08253   0.01141   0.07064   0.03040   0.02414   0.02624   0.08531   0.08396   0.20572   0.01877   0.06028   0.20142   0.09601   0.00000   0.08516   0.02328   0.03308   0.05614   0.01533   0.00000   0.02164   0.10766   0.08295   0.10267   0.00000   0.05604   0.09336   0.07914   0.17673   0.10003   0.09725   0.07201   0.08114   0.03941   0.06718   0.25770   1.01690   0.27180  
 19 13.0413   2437.832710  x:  0.11976   0.01776   0.08358   0.01166   0.07210   0.02946   0.02374   0.02709   0.08546   0.08293   0.20701   0.01833   0.05862   0.20175   0.09632   0.00323   0.08350   0.02077   0.03286   0.05626   0.01520   0.00000   0.02102   0.10745   0.08117   0.10424   0.00000   0.05359   0.09299   0.08045   0.17688   0.10128   0.09502   0.07251   0.08063   0.03906   0.06716   0.25727   1.01584   0.29798  
 20 35.1773   2437.754120  x:  0.11981   0.01936   0.08438   0.01209   0.07199   0.02794   0.02353   0.02749   0.08573   0.08218   0.20811   0.01829   0.05818   0.20178   0.09565   0.00099   0.08216   0.02046   0.03265   0.05590   0.01379   0.00000   0.02032   0.10811   0.08035   0.10473   0.00000   0.05378   0.09203   0.08027   0.17760   0.10091   0.09544   0.07319   0.08016   0.03868   0.06706   0.25704   1.01529   0.31505  
 21 71.6583   2437.657901  x:  0.11974   0.01749   0.08487   0.01126   0.07064   0.02738   0.02389   0.02670   0.08591   0.08213   0.20933   0.01862   0.05899   0.20246   0.09333   0.00180   0.08179   0.02085   0.03311   0.05721   0.01364   0.00000   0.02261   0.11008   0.08177   0.10366   0.00000   0.05735   0.09061   0.07854   0.17918   0.09772   0.09955   0.07361   0.07906   0.03991   0.06634   0.25655   1.01469   0.33876  
 22 43.5687   2437.641518  x:  0.11956   0.01772   0.08521   0.01128   0.07032   0.02776   0.02394   0.02633   0.08548   0.08235   0.20825   0.01853   0.05979   0.20246   0.09298   0.00274   0.08242   0.02119   0.03294   0.05680   0.01299   0.00000   0.02067   0.11014   0.08247   0.10275   0.00000   0.05713   0.09127   0.07849   0.17953   0.09673   0.10158   0.07316   0.08013   0.03980   0.06619   0.25655   1.01459   0.34271  
 23 10.1292   2437.636648  x:  0.11933   0.01770   0.08545   0.01131   0.07013   0.02775   0.02390   0.02646   0.08543   0.08249   0.20791   0.01862   0.06065   0.20267   0.09316   0.00276   0.08233   0.02105   0.03285   0.05616   0.01296   0.00000   0.02138   0.11017   0.08245   0.10254   0.00000   0.05629   0.09163   0.07847   0.18036   0.09659   0.10236   0.07266   0.08063   0.03919   0.06617   0.25652   1.01463   0.34352  
 24  3.6296   2437.619363  x:  0.11856   0.01842   0.08486   0.01123   0.06995   0.02764   0.02408   0.02669   0.08594   0.08326   0.20614   0.01887   0.06043   0.20317   0.09357   0.00309   0.08136   0.02182   0.03316   0.05718   0.01275   0.00000   0.02143   0.10946   0.08136   0.10203   0.00000   0.05635   0.09206   0.07870   0.18422   0.09737   0.10289   0.07180   0.07996   0.03992   0.06722   0.25630   1.01504   0.34418  
 25  1.3278   2437.580833  x:  0.11774   0.01707   0.08331   0.01116   0.07016   0.02846   0.02421   0.02650   0.08622   0.08374   0.20330   0.01883   0.05934   0.20266   0.09385   0.00218   0.08090   0.01974   0.03285   0.05596   0.01342   0.00000   0.02080   0.10863   0.08168   0.10221   0.00000   0.05780   0.09162   0.07864   0.18828   0.09785   0.10255   0.07277   0.07978   0.03900   0.06742   0.25579   1.01591   0.34456  
 26  4.2995   2437.333689  x:  0.11915   0.01943   0.07894   0.01190   0.06634   0.02813   0.02620   0.02668   0.08445   0.08012   0.20194   0.02077   0.05765   0.20435   0.09351   0.00363   0.08398   0.02173   0.03368   0.05171   0.01284   0.00000   0.02118   0.10930   0.08452   0.10564   0.00000   0.05657   0.08782   0.07467   0.19607   0.09911   0.09857   0.07660   0.08054   0.03954   0.06042   0.25235   1.02192   0.34603  
 27  5.2929   2436.769543  x:  0.12189   0.01949   0.07953   0.01150   0.06617   0.02797   0.02854   0.02747   0.08490   0.08223   0.20700   0.02226   0.05815   0.20661   0.09171   0.00000   0.08418   0.01979   0.03554   0.05047   0.01629   0.00000   0.02024   0.11087   0.08443   0.10496   0.00000   0.05535   0.08912   0.07371   0.19580   0.09689   0.09608   0.07714   0.08288   0.04158   0.06393   0.24769   1.03028   0.34673  
 28 13.1493   2436.479795  x:  0.12218   0.01985   0.08024   0.01280   0.06969   0.02940   0.02977   0.02856   0.08698   0.08289   0.21288   0.02366   0.05304   0.21201   0.09154   0.00000   0.08238   0.01974   0.03642   0.04420   0.01814   0.00000   0.02093   0.10976   0.08004   0.09969   0.00000   0.06000   0.09225   0.07737   0.19135   0.09839   0.09974   0.07298   0.08101   0.04036   0.05869   0.24354   1.03756   0.34746  
 29 29.5651   2436.444089  x:  0.11951   0.01937   0.07877   0.01288   0.07012   0.02890   0.03005   0.02832   0.08770   0.08192   0.21447   0.02388   0.05145   0.21395   0.09359   0.00000   0.08169   0.01976   0.03661   0.04409   0.01832   0.00000   0.02108   0.10874   0.08136   0.09772   0.00000   0.05908   0.09012   0.07716   0.18946   0.10118   0.10271   0.07418   0.08215   0.04048   0.06009   0.24316   1.03845   0.34757  
 30  9.4078   2436.441048  x:  0.11767   0.01947   0.07855   0.01283   0.07040   0.02891   0.03009   0.02837   0.08704   0.08198   0.21444   0.02384   0.05171   0.21458   0.09306   0.00000   0.08199   0.01964   0.03665   0.04421   0.01849   0.00000   0.02104   0.10920   0.08114   0.09764   0.00000   0.05902   0.09036   0.07712   0.18924   0.10119   0.10229   0.07431   0.08207   0.04064   0.05993   0.24304   1.03860   0.34759  
 31  1.1712   2436.429211  x:  0.11642   0.01985   0.07890   0.01299   0.07011   0.02897   0.03000   0.02828   0.08838   0.08203   0.21454   0.02385   0.05178   0.21572   0.09239   0.00000   0.08170   0.02009   0.03651   0.04315   0.01786   0.00000   0.02100   0.10955   0.08178   0.09795   0.00000   0.05959   0.09006   0.07681   0.18909   0.10052   0.10114   0.07405   0.08180   0.03987   0.06128   0.24283   1.03921   0.34784  
 32  0.6237   2436.308778  x:  0.11641   0.02025   0.08075   0.01278   0.06870   0.02942   0.02988   0.02919   0.09461   0.08279   0.21415   0.02345   0.05238   0.22193   0.09186   0.00000   0.08041   0.01936   0.03707   0.04539   0.02103   0.00000   0.01994   0.10919   0.08536   0.10000   0.00000   0.05828   0.08878   0.07647   0.18921   0.09734   0.09865   0.07212   0.08310   0.04122   0.05982   0.24040   1.04661   0.34907  
 33  2.6230   2435.906851  x:  0.12581   0.02143   0.08147   0.01332   0.06838   0.03081   0.02970   0.03016   0.08895   0.08808   0.22636   0.02209   0.05346   0.23026   0.09348   0.00000   0.08361   0.02012   0.03821   0.04493   0.02490   0.00000   0.01939   0.11449   0.08194   0.10000   0.00000   0.06033   0.08957   0.07228   0.19697   0.09637   0.09763   0.07968   0.08479   0.03970   0.06830   0.23303   1.07113   0.35421  
 34 12.1172   2435.817066  x:  0.12402   0.02199   0.07996   0.01335   0.06492   0.03089   0.02978   0.03035   0.08876   0.08920   0.23393   0.02169   0.05214   0.22236   0.08986   0.00000   0.08220   0.01996   0.03844   0.04528   0.02518   0.00000   0.01966   0.11548   0.08469   0.09962   0.00000   0.06041   0.09144   0.07433   0.20018   0.09889   0.09733   0.07750   0.08742   0.03964   0.06876   0.23099   1.07634   0.35536  
 35 11.9132   2435.811833  x:  0.12357   0.02207   0.07958   0.01321   0.06554   0.03074   0.02969   0.03030   0.08992   0.08972   0.23480   0.02151   0.05237   0.22138   0.08955   0.00000   0.08291   0.01998   0.03844   0.04535   0.02506   0.00000   0.01967   0.11467   0.08383   0.09957   0.00000   0.06041   0.09140   0.07327   0.20045   0.09879   0.09733   0.07760   0.08814   0.03964   0.06837   0.23086   1.07665   0.35547  
 36  3.6851   2435.809473  x:  0.12321   0.02215   0.07994   0.01319   0.06517   0.03074   0.02976   0.03031   0.08978   0.08979   0.23538   0.02156   0.05242   0.22148   0.08968   0.00000   0.08341   0.01997   0.03847   0.04533   0.02505   0.00000   0.01972   0.11344   0.08374   0.09995   0.00000   0.06046   0.09132   0.07399   0.20069   0.09818   0.09749   0.07803   0.08801   0.03969   0.06841   0.23085   1.07698   0.35554  
 37  0.5130   2435.760798  x:  0.12308   0.02233   0.08046   0.01298   0.06673   0.03053   0.03003   0.02999   0.08711   0.09043   0.23735   0.02172   0.05181   0.22368   0.08950   0.00000   0.07961   0.02031   0.03867   0.04552   0.02434   0.00000   0.01938   0.10995   0.08541   0.10162   0.00000   0.05985   0.09367   0.07094   0.20068   0.09710   0.09807   0.07751   0.08816   0.03979   0.06779   0.23045   1.08432   0.35723  
 38  0.5540   2435.468567  x:  0.12525   0.02041   0.07907   0.01291   0.06630   0.02924   0.03292   0.02807   0.08955   0.09065   0.24242   0.02477   0.05546   0.23537   0.08894   0.00000   0.08195   0.01911   0.04018   0.04706   0.02098   0.00000   0.01672   0.11346   0.08196   0.10574   0.00000   0.05780   0.09635   0.07392   0.19932   0.10253   0.10142   0.07253   0.09107   0.04121   0.06724   0.22843   1.12911   0.36797  
 39 10.1649   2435.466480  x:  0.12518   0.02026   0.08008   0.01290   0.06590   0.02926   0.03295   0.02808   0.08944   0.09066   0.24220   0.02490   0.05512   0.23533   0.08871   0.00000   0.08251   0.01897   0.04019   0.04702   0.02107   0.00000   0.01675   0.11323   0.08194   0.10562   0.00000   0.05773   0.09634   0.07331   0.19924   0.10319   0.10143   0.07222   0.09081   0.04125   0.06738   0.22841   1.12943   0.36805  
 40  2.4156   2435.466134  x:  0.12526   0.02024   0.08023   0.01290   0.06595   0.02928   0.03294   0.02810   0.08951   0.09066   0.24219   0.02489   0.05545   0.23539   0.08842   0.00000   0.08237   0.01899   0.04019   0.04702   0.02106   0.00000   0.01671   0.11309   0.08203   0.10542   0.00000   0.05775   0.09633   0.07339   0.19927   0.10347   0.10137   0.07251   0.09074   0.04126   0.06728   0.22842   1.12950   0.36805  
 41  0.1860   2435.430763  x:  0.12607   0.02006   0.07982   0.01281   0.06786   0.02949   0.03235   0.02859   0.08822   0.08705   0.24220   0.02447   0.05544   0.23786   0.08671   0.00000   0.08353   0.01882   0.04004   0.04701   0.02105   0.00000   0.01768   0.11149   0.08245   0.10566   0.00000   0.05914   0.09537   0.07403   0.20031   0.10471   0.10067   0.07040   0.09328   0.04114   0.06811   0.22861   1.13710   0.36753  
 42  0.1130   2435.369126  x:  0.12469   0.01980   0.08267   0.01235   0.06772   0.02934   0.03122   0.02905   0.08900   0.08883   0.24191   0.02420   0.05325   0.24022   0.09002   0.00000   0.08340   0.01915   0.03981   0.04670   0.01996   0.00000   0.01918   0.11365   0.08349   0.10730   0.00000   0.06043   0.09724   0.07478   0.20124   0.10641   0.10020   0.07322   0.09608   0.04144   0.06606   0.22939   1.15028   0.36669  
 43  7.4556   2435.369094  x:  0.12469   0.01980   0.08270   0.01234   0.06772   0.02934   0.03121   0.02905   0.08894   0.08895   0.24191   0.02419   0.05327   0.24023   0.09001   0.00000   0.08337   0.01916   0.03981   0.04669   0.01995   0.00000   0.01917   0.11365   0.08348   0.10730   0.00000   0.06044   0.09709   0.07480   0.20123   0.10642   0.10019   0.07317   0.09612   0.04143   0.06603   0.22939   1.15028   0.36668  
 44  0.2106   2435.358662  x:  0.12429   0.01949   0.08253   0.01244   0.06719   0.02944   0.03075   0.02898   0.08900   0.08839   0.24185   0.02390   0.05356   0.24036   0.09008   0.00000   0.08308   0.01891   0.03918   0.04690   0.02031   0.00000   0.01804   0.11360   0.08320   0.10865   0.00000   0.06143   0.09714   0.07440   0.20141   0.10725   0.10019   0.07316   0.09712   0.04090   0.06633   0.23051   1.14885   0.36152  
 45  0.0076   2435.357389  x:  0.12430   0.01950   0.08239   0.01264   0.06707   0.02946   0.03075   0.02879   0.08908   0.08870   0.24183   0.02389   0.05359   0.24085   0.08984   0.00000   0.08318   0.01894   0.03898   0.04718   0.02024   0.00000   0.01821   0.11356   0.08324   0.10880   0.00000   0.06144   0.09730   0.07434   0.20139   0.10740   0.10059   0.07308   0.09725   0.04090   0.06621   0.22997   1.14304   0.35977  
 46  0.0054   2435.357147  x:  0.12428   0.01948   0.08249   0.01251   0.06717   0.02936   0.03076   0.02874   0.08906   0.08863   0.24190   0.02391   0.05364   0.24088   0.08983   0.00000   0.08317   0.01901   0.03897   0.04703   0.02032   0.00000   0.01821   0.11361   0.08321   0.10888   0.00000   0.06136   0.09736   0.07440   0.20158   0.10741   0.10065   0.07304   0.09729   0.04096   0.06618   0.23009   1.14066   0.35928  
 47  0.0027   2435.357074  x:  0.12426   0.01952   0.08250   0.01254   0.06715   0.02942   0.03078   0.02879   0.08904   0.08861   0.24205   0.02394   0.05364   0.24095   0.08990   0.00000   0.08318   0.01900   0.03899   0.04704   0.02029   0.00000   0.01822   0.11362   0.08322   0.10882   0.00000   0.06138   0.09734   0.07438   0.20163   0.10739   0.10064   0.07301   0.09729   0.04099   0.06616   0.23035   1.13934   0.35950  
 48  0.0013   2435.357066  x:  0.12427   0.01952   0.08251   0.01253   0.06717   0.02941   0.03079   0.02879   0.08905   0.08861   0.24206   0.02393   0.05361   0.24097   0.08989   0.00000   0.08318   0.01899   0.03900   0.04705   0.02029   0.00000   0.01821   0.11362   0.08323   0.10882   0.00000   0.06139   0.09734   0.07439   0.20166   0.10739   0.10060   0.07303   0.09730   0.04097   0.06618   0.23030   1.13899   0.35968  
 49  0.0004   2435.357066  x:  0.12427   0.01951   0.08250   0.01253   0.06717   0.02941   0.03078   0.02879   0.08905   0.08861   0.24206   0.02393   0.05362   0.24096   0.08989   0.00000   0.08317   0.01899   0.03901   0.04704   0.02029   0.00000   0.01821   0.11362   0.08323   0.10883   0.00000   0.06139   0.09734   0.07438   0.20165   0.10740   0.10060   0.07303   0.09730   0.04097   0.06618   0.23030   1.13896   0.35974  
 50  0.0001   2435.357066  x:  0.12427   0.01951   0.08250   0.01253   0.06716   0.02941   0.03078   0.02879   0.08905   0.08861   0.24206   0.02393   0.05362   0.24096   0.08989   0.00000   0.08317   0.01900   0.03901   0.04705   0.02029   0.00000   0.01821   0.11362   0.08323   0.10883   0.00000   0.06139   0.09734   0.07439   0.20165   0.10740   0.10060   0.07303   0.09730   0.04097   0.06618   0.23031   1.13895   0.35976  
 51  0.0000   2435.357066  x:  0.12427   0.01951   0.08250   0.01253   0.06716   0.02941   0.03078   0.02879   0.08905   0.08861   0.24206   0.02393   0.05362   0.24096   0.08989   0.00000   0.08317   0.01900   0.03901   0.04705   0.02029   0.00000   0.01821   0.11362   0.08323   0.10883   0.00000   0.06139   0.09734   0.07439   0.20165   0.10740   0.10060   0.07303   0.09730   0.04097   0.06618   0.23031   1.13895   0.35976  
 52  0.0000   2435.357066  x:  0.12427   0.01951   0.08250   0.01253   0.06716   0.02941   0.03078   0.02879   0.08905   0.08861   0.24206   0.02393   0.05362   0.24096   0.08989   0.00000   0.08317   0.01900   0.03901   0.04705   0.02029   0.00000   0.01821   0.11362   0.08323   0.10883   0.00000   0.06139   0.09734   0.07439   0.20165   0.10740   0.10060   0.07303   0.09730   0.04097   0.06618   0.23031   1.13895   0.35976  
 53  0.0000   2435.357066  x:  0.12427   0.01951   0.08250   0.01253   0.06716   0.02941   0.03078   0.02879   0.08905   0.08861   0.24206   0.02393   0.05362   0.24096   0.08989   0.00000   0.08317   0.01900   0.03901   0.04705   0.02029   0.00000   0.01821   0.11362   0.08323   0.10883   0.00000   0.06139   0.09734   0.07439   0.20165   0.10740   0.10060   0.07303   0.09730   0.04097   0.06618   0.23031   1.13895   0.35976  