

TREE # 1

  0  0.0000    702.087077  x:  0.07643   0.03479   0.03795   0.06581   0.08727   0.07409   0.05592   0.06134   0.07679   0.04057   0.01896   0.59340   0.45602  
  1 99.0000    671.485722  x:  0.04319   0.00693   0.01392   0.02516   0.05697   0.04623   0.01573   0.03136   0.04919   0.00000   0.01119   0.59276   0.45630  
  2 325.8414    664.398311  x:  0.03276   0.01050   0.01530   0.00926   0.04747   0.03820   0.00000   0.02324   0.04098   0.00000   0.01696   0.59252   0.45641  
  3 782.7722    662.648100  x:  0.02937   0.01185   0.01804   0.00000   0.04422   0.03687   0.00000   0.02344   0.03918   0.00000   0.01391   0.59238   0.45647  
  4 371.7926    662.279441  x:  0.02064   0.01108   0.01710   0.00000   0.03423   0.03927   0.00000   0.03424   0.03868   0.00000   0.01614   0.59161   0.45682  
  5 51.5515    662.264438  x:  0.02094   0.01230   0.01585   0.00000   0.03301   0.03963   0.00000   0.03433   0.03881   0.00000   0.01567   0.59125   0.45698  
  6 12.5924    662.246198  x:  0.02248   0.01182   0.01639   0.00000   0.03022   0.04072   0.00000   0.03334   0.03942   0.00000   0.01580   0.58963   0.45773  
  7  6.1403    661.962251  x:  0.01478   0.01170   0.01571   0.00000   0.02952   0.04780   0.00000   0.02533   0.04236   0.00000   0.01514   0.55039   0.47595  
  8  5.1955    660.392389  x:  0.01435   0.00895   0.01275   0.00000   0.02409   0.03608   0.00000   0.02057   0.02274   0.00000   0.01470   0.34798   0.57003  
  9 94.1706    660.229503  x:  0.01356   0.00871   0.01237   0.00000   0.02251   0.02882   0.00000   0.02018   0.02788   0.00000   0.01460   0.32421   0.58151  
 10 96.8111    659.957754  x:  0.01239   0.00823   0.01172   0.00000   0.02027   0.02317   0.00000   0.01793   0.02565   0.00000   0.01446   0.42510   0.61810  
 11  2.4754    659.735869  x:  0.01276   0.01165   0.01512   0.00000   0.02152   0.02237   0.00000   0.01421   0.02451   0.00000   0.01509   0.42492   0.77650  
 12  0.3347    659.721304  x:  0.01234   0.01221   0.01552   0.00000   0.02141   0.02261   0.00000   0.01578   0.02403   0.00000   0.01533   0.42875   0.79744  
 13  0.0676    659.718117  x:  0.01245   0.01236   0.01551   0.00000   0.02141   0.02353   0.00000   0.01558   0.02392   0.00000   0.01556   0.43356   0.79436  
 14  0.0109    659.717547  x:  0.01257   0.01243   0.01552   0.00000   0.02166   0.02338   0.00000   0.01555   0.02371   0.00000   0.01568   0.43457   0.78510  
 15  0.0153    659.717481  x:  0.01252   0.01249   0.01556   0.00000   0.02160   0.02334   0.00000   0.01551   0.02373   0.00000   0.01570   0.43507   0.78073  
 16  0.0059    659.717476  x:  0.01253   0.01250   0.01557   0.00000   0.02160   0.02334   0.00000   0.01552   0.02376   0.00000   0.01570   0.43534   0.78141  
 17  0.0012    659.717476  x:  0.01253   0.01250   0.01557   0.00000   0.02161   0.02334   0.00000   0.01551   0.02376   0.00000   0.01570   0.43542   0.78183  
 18  0.0005    659.717475  x:  0.01253   0.01250   0.01557   0.00000   0.02161   0.02334   0.00000   0.01551   0.02376   0.00000   0.01569   0.43543   0.78189  
 19  0.0001    659.717475  x:  0.01253   0.01250   0.01557   0.00000   0.02161   0.02334   0.00000   0.01551   0.02376   0.00000   0.01570   0.43544   0.78190  
 20  0.0000    659.717475  x:  0.01253   0.01250   0.01557   0.00000   0.02161   0.02334   0.00000   0.01551   0.02376   0.00000   0.01570   0.43544   0.78190  
 21  0.0000    659.717475  x:  0.01253   0.01250   0.01557   0.00000   0.02161   0.02334   0.00000   0.01551   0.02376   0.00000   0.01570   0.43544   0.78190  
 22  0.0000    659.717475  x:  0.01253   0.01250   0.01557   0.00000   0.02161   0.02334   0.00000   0.01551   0.02376   0.00000   0.01570   0.43544   0.78190  
 23  0.0000    659.717475  x:  0.01253   0.01250   0.01557   0.00000   0.02161   0.02334   0.00000   0.01551   0.02376   0.00000   0.01570   0.43544   0.78190  
 24  0.0000    659.717475  x:  0.01253   0.01250   0.01557   0.00000   0.02161   0.02334   0.00000   0.01551   0.02376   0.00000   0.01570   0.43544   0.78190  