

TREE # 1

  0  0.0000   1635.940308  x:  0.06864   0.10115   0.06077   0.07348   0.08783   0.09380   0.06920   0.10677   0.09457   0.02700   0.04352   0.01121   0.06502   0.07662   0.07721   0.10962   0.03026   0.02011   0.03320   0.42702   0.47012   0.51492  
  1 99.0000   1609.151185  x:  0.08875   0.08404   0.07045   0.07793   0.06749   0.07613   0.09171   0.10272   0.09020   0.05325   0.06477   0.15371   0.07740   0.08191   0.08410   0.10295   0.08082   0.05223   0.05863   0.41930   0.47025   0.51547  
  2 780.8150   1598.908794  x:  0.11617   0.04105   0.08379   0.08605   0.01602   0.03309   0.11349   0.09801   0.07991   0.05810   0.07889   0.13986   0.07939   0.09047   0.09119   0.08463   0.09770   0.04407   0.06646   0.39707   0.47024   0.51687  
  3 171.4669   1597.736497  x:  0.12450   0.02149   0.08661   0.08793   0.02998   0.03347   0.12121   0.09394   0.07685   0.05885   0.08171   0.13551   0.08128   0.09344   0.09359   0.07644   0.10327   0.04414   0.06886   0.37934   0.47034   0.51808  
  4 81.3586   1596.293899  x:  0.13636   0.03243   0.08434   0.08714   0.02828   0.04616   0.13561   0.08454   0.07646   0.05756   0.07689   0.13009   0.08787   0.10363   0.09915   0.06687   0.10967   0.04908   0.07049   0.30792   0.47140   0.52324  
  5 50.2501   1595.718813  x:  0.13007   0.02865   0.08061   0.08578   0.02923   0.03954   0.13504   0.08456   0.07979   0.05759   0.07479   0.13289   0.08911   0.09958   0.09708   0.07658   0.10711   0.04541   0.06824   0.26899   0.47252   0.52705  
  6 53.5793   1595.681792  x:  0.12787   0.02822   0.08310   0.08744   0.02873   0.03986   0.13286   0.08745   0.07808   0.05760   0.07654   0.13307   0.08779   0.09877   0.09632   0.07474   0.10498   0.04790   0.06895   0.26544   0.47339   0.52912  
  7 10.0713   1595.672784  x:  0.12810   0.02869   0.08419   0.08755   0.02895   0.03997   0.13129   0.08786   0.07775   0.05777   0.07728   0.13365   0.08693   0.09926   0.09677   0.07391   0.10495   0.04577   0.06879   0.26480   0.47471   0.53234  
  8  3.9535   1595.639233  x:  0.12996   0.02740   0.08334   0.08599   0.02832   0.04018   0.12551   0.08706   0.07888   0.05685   0.07746   0.13359   0.08508   0.10060   0.09886   0.07382   0.10578   0.04698   0.06912   0.26425   0.48319   0.55295  
  9  5.8777   1595.510000  x:  0.13286   0.03019   0.08147   0.08930   0.03072   0.03618   0.12525   0.08838   0.07636   0.05964   0.07871   0.13132   0.08887   0.10029   0.09807   0.07570   0.10695   0.04832   0.06932   0.26501   0.52061   0.64360  
 10 21.2766   1595.378012  x:  0.13065   0.02711   0.08123   0.09020   0.02761   0.04142   0.13095   0.08819   0.07606   0.05751   0.07837   0.13161   0.09068   0.09789   0.09485   0.07603   0.10624   0.04586   0.06852   0.26637   0.55920   0.73658  
 11 90.3868   1595.337791  x:  0.12793   0.02769   0.08373   0.08799   0.02826   0.03937   0.13487   0.08596   0.07750   0.05581   0.07731   0.13197   0.08840   0.09807   0.09493   0.07438   0.10488   0.04630   0.06870   0.26691   0.57075   0.76405  
 12 37.9169   1595.335130  x:  0.12731   0.02751   0.08378   0.08755   0.02814   0.03959   0.13533   0.08588   0.07730   0.05702   0.07720   0.13182   0.08795   0.09840   0.09568   0.07458   0.10464   0.04635   0.06875   0.26696   0.57156   0.76563  
 13  3.6509   1595.333191  x:  0.12676   0.02744   0.08347   0.08764   0.02818   0.03952   0.13566   0.08628   0.07679   0.05640   0.07739   0.13183   0.08802   0.09894   0.09680   0.07488   0.10465   0.04628   0.06883   0.26703   0.57226   0.76588  
 14  0.8047   1595.305111  x:  0.12463   0.02678   0.08138   0.08988   0.02785   0.03850   0.13534   0.08722   0.07984   0.05701   0.07711   0.13118   0.08941   0.10003   0.09833   0.07196   0.10475   0.04569   0.06853   0.26754   0.58305   0.76388  
 15  0.8597   1594.807418  x:  0.12386   0.02198   0.08450   0.09294   0.02287   0.03130   0.13006   0.08077   0.07367   0.05749   0.07827   0.11560   0.08786   0.09971   0.09480   0.07447   0.11029   0.04198   0.07456   0.27451   0.77117   0.72398  
 16 13.8271   1594.659271  x:  0.13047   0.02077   0.08695   0.08964   0.02185   0.02980   0.13208   0.08511   0.07727   0.05756   0.08510   0.11158   0.08685   0.09786   0.09657   0.07698   0.10742   0.04288   0.06832   0.27654   0.82794   0.71196  
 17 59.8328   1594.651972  x:  0.13209   0.02057   0.08618   0.08987   0.02181   0.02960   0.13234   0.08508   0.07714   0.05752   0.08462   0.11207   0.08666   0.09743   0.09710   0.07683   0.10459   0.04249   0.06952   0.27667   0.83021   0.71157  
 18  4.2013   1594.649523  x:  0.13232   0.02035   0.08650   0.09055   0.02175   0.02955   0.13221   0.08472   0.07679   0.05750   0.08385   0.11232   0.08667   0.09803   0.09710   0.07699   0.10398   0.04267   0.06843   0.27675   0.82937   0.71208  
 19  0.6406   1594.574376  x:  0.13293   0.01996   0.09109   0.09172   0.02168   0.03038   0.13183   0.08877   0.08016   0.05726   0.08019   0.10916   0.08768   0.10292   0.09578   0.08063   0.10288   0.04231   0.07145   0.27815   0.79003   0.73334  
 20  1.6398   1594.065541  x:  0.12961   0.02260   0.08721   0.08482   0.02046   0.03005   0.12751   0.09604   0.07351   0.05640   0.07420   0.09216   0.08728   0.10042   0.09305   0.07546   0.09903   0.04030   0.06772   0.28614   0.54069   0.86752  
 21 51.1706   1593.976388  x:  0.12842   0.02401   0.08759   0.09032   0.02003   0.03138   0.12709   0.09083   0.07538   0.05623   0.07903   0.08816   0.08507   0.09755   0.09532   0.07763   0.09785   0.04043   0.06791   0.28766   0.49446   0.89245  
 22 56.6741   1593.973593  x:  0.12804   0.02396   0.08776   0.08978   0.01996   0.03142   0.12677   0.09001   0.07535   0.05629   0.08003   0.08807   0.08631   0.09821   0.09506   0.07763   0.09712   0.04043   0.06797   0.28771   0.49406   0.89287  
 23  1.9338   1593.873763  x:  0.12812   0.02508   0.08253   0.09045   0.02124   0.03228   0.12801   0.08842   0.07528   0.05593   0.08367   0.08415   0.08241   0.10290   0.09067   0.07822   0.09508   0.04070   0.06715   0.28576   0.57881   0.87435  
 24  0.8044   1593.734716  x:  0.12823   0.02663   0.08590   0.08980   0.02236   0.03409   0.12657   0.08532   0.07557   0.05561   0.08105   0.07809   0.08809   0.09649   0.09626   0.07811   0.09351   0.04099   0.06600   0.28314   0.69779   0.84819  
 25 56.0946   1593.665053  x:  0.12709   0.02574   0.08318   0.08836   0.02503   0.03480   0.12968   0.08499   0.07661   0.05405   0.07786   0.07888   0.08861   0.09813   0.09551   0.07670   0.09328   0.04125   0.06537   0.27379   0.66076   0.81261  
 26  0.0572   1593.656436  x:  0.12591   0.02515   0.08366   0.08848   0.02478   0.03502   0.12949   0.08469   0.07702   0.05402   0.07813   0.07876   0.08794   0.09745   0.09531   0.07640   0.09338   0.04116   0.06568   0.27496   0.65124   0.76420  
 27  0.0308   1593.655741  x:  0.12640   0.02537   0.08379   0.08845   0.02467   0.03489   0.12988   0.08480   0.07689   0.05410   0.07809   0.07851   0.08806   0.09763   0.09543   0.07644   0.09322   0.04112   0.06554   0.27503   0.64362   0.75835  
 28  0.0094   1593.655704  x:  0.12636   0.02542   0.08378   0.08844   0.02466   0.03489   0.12981   0.08483   0.07689   0.05409   0.07809   0.07864   0.08808   0.09753   0.09546   0.07652   0.09317   0.04112   0.06550   0.27509   0.64184   0.75893  
 29  0.0022   1593.655700  x:  0.12635   0.02542   0.08378   0.08844   0.02464   0.03489   0.12980   0.08482   0.07689   0.05409   0.07810   0.07861   0.08810   0.09752   0.09547   0.07652   0.09321   0.04113   0.06552   0.27507   0.64114   0.75934  
 30  0.0009   1593.655700  x:  0.12635   0.02542   0.08379   0.08844   0.02464   0.03490   0.12979   0.08482   0.07689   0.05409   0.07809   0.07861   0.08810   0.09752   0.09547   0.07652   0.09321   0.04113   0.06552   0.27507   0.64105   0.75929  
 31  0.0001   1593.655700  x:  0.12635   0.02542   0.08379   0.08844   0.02464   0.03490   0.12979   0.08482   0.07689   0.05409   0.07810   0.07861   0.08810   0.09752   0.09547   0.07652   0.09321   0.04113   0.06552   0.27507   0.64105   0.75930  
 32  0.0000   1593.655700  x:  0.12635   0.02542   0.08379   0.08844   0.02464   0.03490   0.12979   0.08482   0.07689   0.05409   0.07810   0.07861   0.08810   0.09752   0.09547   0.07652   0.09321   0.04113   0.06552   0.27507   0.64105   0.75930  