

TREE # 1

  0  0.0000   2072.441932  x:  0.06597   0.06011   0.01344   0.01494   0.06081   0.02238   0.04267   0.04655   0.02141   0.07387   0.09588   0.01737   0.56872   0.55451   0.43293  
  1 99.0000   1640.403429  x:  0.17836   0.04740   0.00000   0.12733   0.14811   0.49662   0.03762   0.05221   0.02094   0.06566   0.08894   0.09379   0.56613   0.55609   0.43431  
  2 4537.4939   1614.219910  x:  0.21592   0.01497   0.00000   0.16488   0.17792   0.47722   0.00000   0.06295   0.01543   0.02866   0.06344   0.09827   0.55804   0.55900   0.43714  
  3 317.4221   1608.916035  x:  0.21942   0.01402   0.00000   0.16839   0.18346   0.47524   0.00000   0.05682   0.03029   0.00000   0.05206   0.09991   0.55182   0.56121   0.43972  
  4 242.3583   1607.532035  x:  0.21914   0.02230   0.00000   0.16810   0.19133   0.47433   0.00000   0.04319   0.02492   0.00000   0.02669   0.10437   0.53288   0.56784   0.44787  
  5 91.0586   1603.960911  x:  0.20256   0.01991   0.00000   0.15152   0.22476   0.47610   0.00000   0.06758   0.02671   0.00000   0.01248   0.12152   0.39301   0.61595   0.50897  
  6 56.9239   1601.093496  x:  0.19888   0.01977   0.00000   0.14785   0.25503   0.47376   0.00000   0.05913   0.02505   0.00000   0.02466   0.13141   0.27256   0.65768   0.56166  
  7 464.0057   1600.170754  x:  0.20458   0.01412   0.00000   0.15354   0.24084   0.47884   0.00000   0.05757   0.02427   0.00000   0.02043   0.10585   0.23797   0.67937   0.58872  
  8 50.3420   1599.469231  x:  0.22020   0.03312   0.00000   0.16916   0.22328   0.47682   0.00000   0.06589   0.02642   0.00000   0.02111   0.10630   0.22658   0.71346   0.63123  
  9 36.1543   1596.787831  x:  0.23612   0.01158   0.00000   0.18508   0.17787   0.47852   0.00000   0.05611   0.02458   0.00000   0.01944   0.13918   0.23283   0.83866   0.78858  
 10 70.9889   1589.540470  x:  0.24722   0.00907   0.00000   0.19618   0.25234   0.49131   0.00000   0.05138   0.01976   0.00000   0.02824   0.08402   0.33619   1.23653   1.30353  
 11 115.5273   1581.849527  x:  0.27361   0.00092   0.00000   0.22257   0.27663   0.50508   0.00000   0.05225   0.01622   0.00000   0.02633   0.09699   0.32612   0.99719   1.40813  
 12  4.3547   1580.759183  x:  0.27658   0.00000   0.00109   0.22554   0.27936   0.50663   0.00000   0.05235   0.01582   0.00000   0.02612   0.09845   0.32498   0.97025   1.41990  
 13 29426.0424   1580.759183  x:  0.27658   0.00000   0.00109   0.22554   0.27936   0.50663   0.00000   0.05235   0.01582   0.00000   0.02612   0.09845   0.32498   0.97025   1.41990  
 14  2.7750   1579.562886  x:  0.27695   0.00374   0.00525   0.22591   0.27957   0.50731   0.00000   0.05250   0.01595   0.00000   0.02611   0.09866   0.32491   0.97024   1.41990  
 15 1067.8550   1565.142427  x:  0.31813   0.00000   0.00853   0.26709   0.30376   0.58104   0.00000   0.06833   0.03025   0.00000   0.02516   0.12119   0.31651   0.96899   1.41909  
 16 179.0905   1560.273555  x:  0.33625   0.00000   0.00900   0.28521   0.31358   0.61874   0.00000   0.06052   0.00678   0.00000   0.02410   0.12239   0.31018   0.96814   1.41849  
 17 312.3604   1557.728675  x:  0.34640   0.00000   0.00705   0.29536   0.31725   0.65125   0.00000   0.03280   0.01047   0.00000   0.02781   0.10507   0.30067   0.96698   1.41763  
 18 166.7920   1556.559916  x:  0.34621   0.00000   0.00918   0.29517   0.31277   0.67630   0.00000   0.03950   0.01071   0.00000   0.02508   0.07666   0.28718   0.96529   1.41642  
 19 80.8670   1556.129610  x:  0.33945   0.00000   0.00464   0.28841   0.30364   0.69064   0.00000   0.04185   0.01013   0.00000   0.02968   0.07648   0.27456   0.96339   1.41514  
 20 41.6883   1555.462024  x:  0.32465   0.00000   0.00881   0.27361   0.28350   0.72102   0.00000   0.04187   0.00997   0.00000   0.03527   0.08206   0.24785   0.95905   1.41226  
 21 156.6852   1555.262889  x:  0.32018   0.00000   0.00788   0.26914   0.27647   0.72979   0.00000   0.04049   0.01074   0.00000   0.02642   0.08470   0.24194   0.95704   1.41098  
 22 49.4773   1554.922763  x:  0.31560   0.00000   0.00805   0.26456   0.24302   0.75545   0.00000   0.04091   0.01091   0.00000   0.02656   0.08571   0.27578   0.93528   1.39814  
 23  8.5355   1551.529278  x:  0.35004   0.00000   0.00800   0.29900   0.20236   0.78013   0.00000   0.04378   0.01205   0.00000   0.02648   0.09024   0.26670   0.57161   1.20505  
 24  6.7931   1550.446986  x:  0.32352   0.00000   0.00811   0.27248   0.25653   0.81558   0.00000   0.04514   0.01266   0.00000   0.02592   0.09339   0.28844   0.48339   1.12236  
 25 23.2270   1540.083338  x:  0.37795   0.00000   0.00812   0.32691   0.29389   0.92827   0.00000   0.05629   0.01711   0.00000   0.02496   0.11277   0.27993   0.62951   0.41659  
 26 10.8474   1529.847900  x:  0.48738   0.00000   0.00808   0.43634   0.36152   1.16639   0.00000   0.07603   0.02505   0.00000   0.02213   0.14737   0.26181   0.85232   1.48517  
 27  5.9588   1526.581652  x:  0.55342   0.00000   0.00752   0.50237   0.27572   1.32633   0.00000   0.06528   0.01893   0.00000   0.02935   0.13163   0.18120   0.68876   1.35121  
 28  0.2056   1525.539079  x:  0.58266   0.00000   0.00749   0.53162   0.22772   1.43639   0.00000   0.05878   0.01621   0.00000   0.02558   0.12350   0.22348   0.57451   1.19502  
 29  0.1915   1525.216778  x:  0.59255   0.00000   0.00750   0.54151   0.20393   1.52991   0.00000   0.06388   0.02042   0.00000   0.02463   0.12788   0.21375   0.54357   1.00590  
 30  0.0901   1525.182140  x:  0.58236   0.00000   0.00769   0.53132   0.21213   1.52837   0.00000   0.06394   0.02034   0.00000   0.02624   0.12858   0.21648   0.56909   0.96252  
 31  0.0364   1525.170279  x:  0.57733   0.00000   0.00762   0.52629   0.21292   1.52422   0.00000   0.06295   0.01969   0.00000   0.02542   0.12805   0.21740   0.56429   0.92483  
 32  0.0301   1525.169050  x:  0.57624   0.00000   0.00761   0.52520   0.21493   1.51764   0.00000   0.06310   0.01961   0.00000   0.02550   0.12840   0.21777   0.56284   0.93078  
 33  0.0073   1525.168921  x:  0.57612   0.00000   0.00761   0.52508   0.21543   1.51807   0.00000   0.06328   0.01967   0.00000   0.02551   0.12862   0.21764   0.56215   0.92723  
 34  0.0028   1525.168908  x:  0.57618   0.00000   0.00761   0.52514   0.21580   1.51814   0.00000   0.06328   0.01965   0.00000   0.02549   0.12859   0.21756   0.56220   0.92777  
 35  0.0004   1525.168907  x:  0.57619   0.00000   0.00761   0.52515   0.21581   1.51819   0.00000   0.06328   0.01965   0.00000   0.02551   0.12858   0.21756   0.56209   0.92764  
 36  0.0002   1525.168907  x:  0.57617   0.00000   0.00761   0.52513   0.21582   1.51819   0.00000   0.06328   0.01965   0.00000   0.02550   0.12857   0.21757   0.56209   0.92762  
 37  0.0000   1525.168907  x:  0.57617   0.00000   0.00761   0.52513   0.21582   1.51819   0.00000   0.06328   0.01965   0.00000   0.02551   0.12857   0.21757   0.56208   0.92764  
 38  0.0000   1525.168907  x:  0.57617   0.00000   0.00761   0.52513   0.21582   1.51820   0.00000   0.06328   0.01965   0.00000   0.02551   0.12857   0.21757   0.56208   0.92765  
 39  0.0000   1525.168907  x:  0.57617   0.00000   0.00761   0.52513   0.21582   1.51820   0.00000   0.06328   0.01965   0.00000   0.02551   0.12857   0.21757   0.56208   0.92765  
 40  0.0000   1525.168907  x:  0.57617   0.00000   0.00761   0.52513   0.21582   1.51820   0.00000   0.06328   0.01965   0.00000   0.02551   0.12857   0.21757   0.56208   0.92765  
 41  0.0000   1525.168907  x:  0.57617   0.00000   0.00761   0.52513   0.21582   1.51820   0.00000   0.06328   0.01965   0.00000   0.02551   0.12857   0.21757   0.56208   0.92765  
 42  0.0000   1525.168907  x:  0.57617   0.00000   0.00761   0.52513   0.21582   1.51820   0.00000   0.06328   0.01965   0.00000   0.02551   0.12857   0.21757   0.56208   0.92765  