

TREE # 1

  0  0.0000   3729.208293  x:  0.08902   0.03360   0.10442   0.01939   0.07685   0.01070   0.05827   0.05754   0.07373   0.08897   0.06565   0.09074   0.08263   0.07127   0.10177   0.08539   0.01278   0.02858   0.05583   0.02178   0.06143   0.07352   0.10919   0.07438   0.07078   0.04393   0.05047   0.05456   0.05254   0.09498   0.10747   0.05168   0.04701   0.07316   0.05035   0.08337   0.05914   0.02066   0.09599   0.04114   0.08854   0.03363   0.01804   0.09203   0.04578   0.07252   0.04245   0.07246   0.02205   0.09832   0.08316   0.08499   0.05453   0.08271   0.04754   0.08413   0.10440   0.01594   0.01642   0.01206   0.04000   0.01059   0.07830   0.42020   0.56398   0.52960  
  1 99.0000   3615.044347  x:  0.08372   0.02897   0.09642   0.03110   0.06612   0.00000   0.05867   0.05468   0.06387   0.09162   0.06748   0.11278   0.08847   0.06859   0.09883   0.09040   0.01640   0.04529   0.05072   0.03548   0.05606   0.06733   0.10115   0.07639   0.07530   0.08413   0.04671   0.05574   0.08437   0.09425   0.09901   0.05556   0.04188   0.06912   0.04836   0.07470   0.05086   0.02193   0.09759   0.05220   0.09057   0.02565   0.04111   0.09317   0.05102   0.09023   0.05687   0.06814   0.04157   0.09790   0.07372   0.08085   0.04644   0.07285   0.04000   0.07907   0.09514   0.01979   0.05836   0.07545   0.04459   0.11595   0.09184   0.41062   0.56700   0.52915  
  2 1943.3763   3530.273696  x:  0.06685   0.01585   0.07195   0.04106   0.03228   0.00000   0.05870   0.04708   0.03313   0.09865   0.07270   0.16103   0.09669   0.05754   0.08993   0.10278   0.01722   0.06621   0.03307   0.05079   0.04052   0.04915   0.07675   0.08136   0.08338   0.12955   0.03404   0.05700   0.13209   0.09188   0.07243   0.06510   0.02712   0.05755   0.04350   0.04812   0.02385   0.02347   0.10193   0.07109   0.09598   0.00000   0.05238   0.09480   0.06229   0.12655   0.07929   0.05642   0.06057   0.09493   0.04533   0.06960   0.02173   0.04224   0.01848   0.06301   0.06633   0.02301   0.06818   0.06487   0.04937   0.08417   0.11956   0.38065   0.57614   0.52777  
  3 725.3636   3501.080360  x:  0.05375   0.01565   0.05250   0.03181   0.00000   0.00000   0.05985   0.04744   0.00639   0.10240   0.07657   0.16648   0.09889   0.04946   0.08552   0.10613   0.01183   0.05846   0.01991   0.04500   0.03698   0.04161   0.05877   0.08197   0.08148   0.12552   0.02878   0.05675   0.12835   0.09125   0.04900   0.06643   0.02458   0.05273   0.04550   0.02661   0.00032   0.01789   0.10304   0.06514   0.09891   0.00000   0.04841   0.09497   0.06261   0.12767   0.07287   0.05084   0.05339   0.09212   0.02392   0.06693   0.01103   0.01728   0.02316   0.05425   0.04231   0.01843   0.06950   0.06933   0.04954   0.08610   0.12319   0.35656   0.58372   0.52672  
  4 554.1309   3500.776770  x:  0.05355   0.01563   0.05217   0.03197   0.00000   0.00000   0.05992   0.04751   0.00590   0.10244   0.07663   0.16644   0.09890   0.04942   0.08551   0.10618   0.01211   0.05847   0.01996   0.04507   0.03704   0.04163   0.05853   0.08196   0.08145   0.12542   0.02894   0.05686   0.12823   0.09128   0.04855   0.06643   0.02468   0.05270   0.04554   0.02626   0.00000   0.01804   0.10304   0.06513   0.09896   0.00000   0.04843   0.09498   0.06259   0.12762   0.07283   0.05085   0.05340   0.09209   0.02368   0.06697   0.01138   0.01709   0.02307   0.05426   0.04193   0.01869   0.06944   0.06932   0.04952   0.08614   0.12317   0.35612   0.58389   0.52670  
  5 415.8488   3498.559510  x:  0.05154   0.01551   0.04830   0.03394   0.00000   0.00000   0.06108   0.04903   0.00000   0.10290   0.07717   0.16508   0.09931   0.05055   0.08597   0.10606   0.01155   0.05995   0.02195   0.04671   0.03832   0.04334   0.05664   0.08174   0.08117   0.12488   0.03311   0.05898   0.12693   0.09238   0.04273   0.06618   0.02625   0.05281   0.04587   0.02247   0.00000   0.01840   0.10266   0.06636   0.09945   0.00000   0.04946   0.09513   0.06229   0.12671   0.07294   0.05182   0.05465   0.09233   0.02346   0.06750   0.00892   0.01963   0.02137   0.05572   0.03814   0.01557   0.06829   0.06850   0.04921   0.08673   0.12228   0.34987   0.58684   0.52647  
  6 253.3083   3495.811039  x:  0.04709   0.01563   0.03864   0.02777   0.00000   0.00000   0.06334   0.05273   0.00000   0.10460   0.07887   0.16318   0.10120   0.05507   0.08749   0.10535   0.00000   0.06319   0.02310   0.04636   0.03832   0.04646   0.05333   0.08101   0.08039   0.12656   0.03588   0.06199   0.12693   0.09627   0.02765   0.06566   0.02575   0.05240   0.04635   0.01391   0.00000   0.01237   0.10155   0.06923   0.10001   0.00000   0.05075   0.09544   0.06241   0.12567   0.07505   0.05357   0.05582   0.09330   0.02677   0.06847   0.00867   0.02657   0.02315   0.05961   0.03171   0.02616   0.06702   0.06759   0.04923   0.08708   0.12125   0.32996   0.59784   0.52577  
  7 146.1070   3493.735142  x:  0.04351   0.01583   0.03071   0.01911   0.00000   0.00000   0.06467   0.05517   0.00000   0.10636   0.08062   0.16226   0.10300   0.05910   0.08932   0.10523   0.00705   0.06490   0.02230   0.04372   0.03673   0.04788   0.05103   0.08038   0.07954   0.12835   0.03404   0.06314   0.12772   0.09987   0.01565   0.06537   0.02359   0.05150   0.04685   0.00790   0.00000   0.00707   0.10067   0.07054   0.10034   0.00000   0.05050   0.09563   0.06285   0.12491   0.07761   0.05449   0.05483   0.09411   0.03089   0.06868   0.00536   0.03160   0.02753   0.06201   0.02747   0.03067   0.06671   0.06772   0.04957   0.08693   0.12101   0.31069   0.60921   0.52512  
  8 301.2669   3490.211838  x:  0.03749   0.01515   0.01959   0.01865   0.00000   0.00000   0.06588   0.05661   0.00000   0.10973   0.08419   0.16316   0.10579   0.06383   0.09098   0.10535   0.00673   0.06318   0.01603   0.03834   0.03252   0.04659   0.04675   0.07975   0.07824   0.13012   0.02466   0.06300   0.12943   0.10502   0.00475   0.06574   0.02030   0.04857   0.04826   0.00510   0.00000   0.02009   0.10000   0.06965   0.10156   0.00000   0.04776   0.09585   0.06407   0.12447   0.07953   0.05366   0.04988   0.09462   0.03555   0.06814   0.00926   0.03299   0.03583   0.06252   0.02113   0.02655   0.06732   0.06985   0.05036   0.08614   0.12222   0.27738   0.63040   0.52397  
  9 236.5717   3486.839596  x:  0.02898   0.01388   0.00897   0.02544   0.00000   0.00000   0.06755   0.05779   0.00000   0.11372   0.08847   0.16491   0.10849   0.06631   0.09150   0.10649   0.00715   0.06041   0.01261   0.03722   0.03071   0.04411   0.03882   0.07957   0.07704   0.12992   0.02111   0.06266   0.12906   0.10948   0.01129   0.06671   0.02180   0.04503   0.05029   0.01361   0.00000   0.01686   0.09970   0.06736   0.10317   0.00000   0.04583   0.09627   0.06466   0.12429   0.07930   0.05209   0.04624   0.09445   0.03324   0.06760   0.01009   0.02711   0.04033   0.06112   0.01050   0.02644   0.06690   0.07159   0.05054   0.08568   0.12378   0.24132   0.65391   0.52253  
 10 324.2545   3483.736082  x:  0.02148   0.01259   0.02549   0.02992   0.00000   0.00000   0.06825   0.05680   0.00000   0.11809   0.09304   0.16901   0.11092   0.06542   0.09031   0.10887   0.00657   0.05584   0.01393   0.04192   0.03185   0.03927   0.03039   0.08019   0.07680   0.12740   0.02347   0.06117   0.12745   0.11139   0.00837   0.06845   0.02419   0.04203   0.05183   0.01227   0.00000   0.01184   0.10037   0.06328   0.10553   0.00000   0.04498   0.09693   0.06488   0.12520   0.07624   0.04903   0.04464   0.09327   0.02375   0.06658   0.01064   0.01081   0.04039   0.05625   0.00967   0.02559   0.06593   0.07335   0.05003   0.08558   0.12653   0.21158   0.68040   0.52070  
 11 230.4995   3482.213379  x:  0.02224   0.01201   0.01998   0.02698   0.00000   0.00000   0.06794   0.05545   0.00000   0.11965   0.09430   0.17220   0.11186   0.06177   0.08864   0.11080   0.00620   0.05440   0.01532   0.04443   0.03376   0.03714   0.02876   0.08083   0.07719   0.12440   0.02666   0.06059   0.12559   0.11005   0.00917   0.06927   0.02513   0.04181   0.05206   0.00941   0.00000   0.01243   0.10133   0.06168   0.10717   0.00000   0.04573   0.09744   0.06465   0.12577   0.07349   0.04732   0.04582   0.09238   0.01408   0.06598   0.00983   0.00339   0.03681   0.05240   0.01500   0.02585   0.06533   0.07367   0.04928   0.08621   0.12823   0.21071   0.69363   0.51956  
 12 124.6866   3481.364876  x:  0.02218   0.01159   0.01825   0.02569   0.00000   0.00000   0.06755   0.05402   0.00000   0.12087   0.09532   0.17535   0.11248   0.05779   0.08684   0.11264   0.00625   0.05267   0.01510   0.04571   0.03470   0.03476   0.02689   0.08145   0.07754   0.12190   0.02785   0.05975   0.12415   0.10842   0.01016   0.06999   0.02561   0.04138   0.05222   0.00669   0.00000   0.01204   0.10225   0.05997   0.10851   0.00000   0.04582   0.09779   0.06451   0.12654   0.07094   0.04549   0.04605   0.09143   0.00563   0.06529   0.01038   0.00630   0.03412   0.04860   0.01592   0.02607   0.06516   0.07424   0.04882   0.08663   0.12998   0.21126   0.70311   0.51867  
 13 275.0789   3480.394102  x:  0.02150   0.01135   0.01636   0.02599   0.00000   0.00000   0.06713   0.05195   0.00000   0.12255   0.09671   0.18092   0.11333   0.04899   0.08312   0.11629   0.00636   0.05116   0.01361   0.04610   0.03562   0.03206   0.02461   0.08247   0.07837   0.11736   0.02911   0.05917   0.12112   0.10444   0.01204   0.07075   0.02644   0.04111   0.05227   0.00000   0.00000   0.00964   0.10375   0.05839   0.11104   0.00000   0.04589   0.09831   0.06408   0.12786   0.06668   0.04279   0.04630   0.08985   0.00995   0.06413   0.01169   0.00638   0.02833   0.04296   0.01037   0.02625   0.06482   0.07484   0.04818   0.08762   0.13298   0.21770   0.71846   0.51697  
 14 122.2614   3480.394102  x:  0.02150   0.01135   0.01636   0.02599   0.00000   0.00000   0.06713   0.05195   0.00000   0.12255   0.09671   0.18092   0.11333   0.04899   0.08312   0.11629   0.00636   0.05116   0.01361   0.04610   0.03562   0.03206   0.02461   0.08247   0.07837   0.11736   0.02911   0.05917   0.12112   0.10444   0.01204   0.07075   0.02644   0.04111   0.05227   0.00000   0.00000   0.00964   0.10375   0.05839   0.11104   0.00000   0.04589   0.09831   0.06408   0.12786   0.06668   0.04279   0.04630   0.08985   0.00995   0.06413   0.01169   0.00638   0.02833   0.04296   0.01037   0.02625   0.06482   0.07484   0.04818   0.08762   0.13298   0.21770   0.71846   0.51697  
 15 63.7763   3463.691919  x:  0.02473   0.00349   0.01760   0.05117   0.00000   0.00000   0.06631   0.04649   0.00000   0.12324   0.09595   0.20982   0.11720   0.04561   0.08043   0.12359   0.03281   0.07854   0.01647   0.06273   0.02861   0.03094   0.03094   0.08527   0.08707   0.15662   0.02484   0.06328   0.15851   0.10094   0.02593   0.07458   0.02128   0.03937   0.04688   0.00635   0.00000   0.03796   0.10563   0.08077   0.11375   0.00000   0.06330   0.09944   0.07114   0.15135   0.08983   0.04159   0.07089   0.08967   0.00897   0.05921   0.00526   0.01279   0.00663   0.04227   0.02158   0.02224   0.08324   0.08600   0.05209   0.10599   0.14918   0.23092   0.72518   0.51587  
 16 329.0985   3458.663405  x:  0.02559   0.00982   0.01827   0.05562   0.00000   0.00000   0.06549   0.04405   0.00000   0.12387   0.09588   0.22993   0.12026   0.04258   0.07753   0.12754   0.03427   0.08972   0.01206   0.06871   0.02683   0.03081   0.03086   0.08689   0.09157   0.18071   0.02435   0.06332   0.18143   0.09818   0.02070   0.07682   0.01982   0.03930   0.04406   0.00000   0.00000   0.03804   0.10672   0.09009   0.11455   0.00000   0.07047   0.09965   0.07444   0.16693   0.09966   0.04014   0.08109   0.08885   0.00955   0.05713   0.01877   0.00461   0.02893   0.04210   0.01691   0.02150   0.09326   0.09233   0.05368   0.11642   0.15985   0.23733   0.73074   0.51486  
 17 339.9053   3455.613617  x:  0.02418   0.01257   0.01798   0.04969   0.00000   0.00000   0.06428   0.04388   0.00000   0.12411   0.09492   0.24941   0.12268   0.03902   0.07425   0.13027   0.02294   0.09323   0.00587   0.06924   0.02891   0.03135   0.02748   0.08788   0.09414   0.20003   0.02520   0.06105   0.19999   0.09598   0.01106   0.07773   0.02404   0.03995   0.04353   0.00000   0.00000   0.02374   0.10734   0.09296   0.11449   0.00000   0.07209   0.09921   0.07570   0.18071   0.10296   0.03882   0.08413   0.08786   0.01048   0.05542   0.01462   0.01712   0.02751   0.04085   0.00776   0.02354   0.09964   0.09617   0.05363   0.12350   0.16927   0.23962   0.73748   0.51361  
 18 217.8484   3453.484540  x:  0.02265   0.01332   0.01799   0.04232   0.00000   0.00000   0.06341   0.04445   0.00000   0.12407   0.09375   0.26575   0.12425   0.03622   0.07181   0.13231   0.01111   0.09384   0.00742   0.06816   0.03064   0.03182   0.02518   0.08837   0.09561   0.21435   0.02523   0.05891   0.21404   0.09435   0.01140   0.07817   0.02616   0.04024   0.04412   0.00768   0.00000   0.00982   0.10773   0.09313   0.11436   0.00000   0.07148   0.09867   0.07608   0.19158   0.10352   0.03830   0.08430   0.08668   0.01232   0.05473   0.00968   0.01190   0.02290   0.03999   0.01253   0.02550   0.10356   0.09823   0.05300   0.12803   0.17666   0.23995   0.74401   0.51237  
 19 280.4299   3452.721759  x:  0.02189   0.01216   0.01832   0.03779   0.00000   0.00000   0.06331   0.04522   0.00000   0.12379   0.09287   0.27439   0.12447   0.03525   0.07126   0.13335   0.00706   0.09207   0.00982   0.06641   0.03112   0.03197   0.02539   0.08827   0.09538   0.22004   0.02434   0.05803   0.22013   0.09337   0.00643   0.07831   0.02476   0.04023   0.04505   0.00736   0.00000   0.01212   0.10822   0.09109   0.11429   0.00000   0.06942   0.09830   0.07572   0.19627   0.10213   0.03890   0.08235   0.08584   0.01129   0.05536   0.00943   0.00595   0.01777   0.03983   0.01028   0.02531   0.10421   0.09803   0.05220   0.12896   0.18001   0.23859   0.74854   0.51144  
 20 133.0518   3452.050585  x:  0.02120   0.01064   0.01902   0.03227   0.00000   0.00000   0.06382   0.04648   0.00000   0.12312   0.09159   0.28792   0.12418   0.03458   0.07158   0.13506   0.00781   0.08721   0.01183   0.06243   0.03110   0.03193   0.02676   0.08776   0.09390   0.22683   0.02305   0.05643   0.22806   0.09199   0.00560   0.07859   0.02131   0.03980   0.04690   0.01419   0.00000   0.01744   0.10922   0.08554   0.11379   0.00000   0.06477   0.09774   0.07456   0.20217   0.09866   0.04068   0.07728   0.08436   0.01062   0.05719   0.01391   0.00916   0.01632   0.04035   0.01083   0.02440   0.10358   0.09633   0.05070   0.12876   0.18453   0.23522   0.75713   0.50959  
 21 109.8038   3451.564762  x:  0.02142   0.00956   0.01917   0.03513   0.00000   0.00000   0.06499   0.04680   0.00000   0.12234   0.09096   0.29970   0.12337   0.03524   0.07295   0.13652   0.01451   0.08253   0.00973   0.05914   0.03021   0.03146   0.02785   0.08721   0.09180   0.23107   0.02340   0.05449   0.23365   0.09084   0.00000   0.07930   0.01908   0.03920   0.04778   0.01696   0.00000   0.01740   0.11028   0.07993   0.11259   0.00000   0.06134   0.09759   0.07337   0.20584   0.09558   0.04214   0.07286   0.08375   0.01100   0.05807   0.01006   0.00872   0.01754   0.04090   0.01400   0.02369   0.10184   0.09392   0.04985   0.12735   0.18765   0.23257   0.76662   0.50740  
 22 92.3838   3451.564762  x:  0.02142   0.00956   0.01917   0.03513   0.00000   0.00000   0.06499   0.04680   0.00000   0.12234   0.09096   0.29970   0.12337   0.03524   0.07295   0.13652   0.01451   0.08253   0.00973   0.05914   0.03021   0.03146   0.02785   0.08721   0.09180   0.23107   0.02340   0.05449   0.23365   0.09084   0.00000   0.07930   0.01908   0.03920   0.04778   0.01696   0.00000   0.01740   0.11028   0.07993   0.11259   0.00000   0.06134   0.09759   0.07337   0.20584   0.09558   0.04214   0.07286   0.08375   0.01100   0.05807   0.01006   0.00872   0.01754   0.04090   0.01400   0.02369   0.10184   0.09392   0.04985   0.12735   0.18765   0.23257   0.76662   0.50740  
 23 58.9015   3451.381626  x:  0.02165   0.00947   0.01908   0.03776   0.00000   0.00000   0.06512   0.04633   0.00000   0.12228   0.09118   0.30052   0.12321   0.03571   0.07313   0.13650   0.01471   0.08331   0.01056   0.06015   0.02984   0.03135   0.02794   0.08725   0.09160   0.23120   0.02344   0.05449   0.23405   0.09087   0.00197   0.07967   0.01975   0.03901   0.04739   0.01885   0.00000   0.01853   0.11057   0.08047   0.11226   0.00000   0.06248   0.09783   0.07360   0.20575   0.09598   0.04177   0.07390   0.08408   0.01016   0.05783   0.00960   0.00609   0.01493   0.04101   0.01317   0.02358   0.10174   0.09387   0.05025   0.12723   0.18758   0.23336   0.76819   0.50697  
 24 54.2152   3451.267757  x:  0.02195   0.00948   0.01896   0.04128   0.00000   0.00000   0.06529   0.04561   0.00000   0.12218   0.09153   0.30204   0.12296   0.03644   0.07343   0.13645   0.01481   0.08459   0.01117   0.06174   0.02934   0.03123   0.02805   0.08733   0.09132   0.23139   0.02356   0.05452   0.23471   0.09088   0.00173   0.08027   0.02021   0.03879   0.04675   0.01889   0.00000   0.01977   0.11096   0.08147   0.11172   0.00000   0.06432   0.09823   0.07396   0.20555   0.09667   0.04118   0.07561   0.08463   0.00983   0.05747   0.00953   0.00843   0.01292   0.04126   0.01283   0.02344   0.10154   0.09378   0.05089   0.12700   0.18745   0.23460   0.77119   0.50612  
 25 49.5425   3451.152414  x:  0.02215   0.00972   0.01887   0.04439   0.00000   0.00000   0.06538   0.04487   0.00000   0.12205   0.09197   0.30431   0.12261   0.03722   0.07379   0.13635   0.01463   0.08623   0.01098   0.06359   0.02897   0.03117   0.02807   0.08743   0.09091   0.23169   0.02373   0.05447   0.23565   0.09088   0.00000   0.08103   0.02017   0.03861   0.04605   0.01771   0.00000   0.02032   0.11146   0.08274   0.11092   0.00000   0.06652   0.09870   0.07441   0.20522   0.09762   0.04052   0.07771   0.08533   0.01045   0.05708   0.00987   0.00733   0.01439   0.04154   0.01340   0.02337   0.10122   0.09365   0.05161   0.12666   0.18723   0.23611   0.77597   0.50478  
 26 51.1476   3451.054466  x:  0.02188   0.01022   0.01889   0.04432   0.00000   0.00000   0.06516   0.04471   0.00000   0.12191   0.09234   0.30796   0.12213   0.03757   0.07411   0.13614   0.01399   0.08806   0.00963   0.06512   0.02927   0.03135   0.02786   0.08750   0.09007   0.23221   0.02386   0.05403   0.23720   0.09095   0.00154   0.08182   0.01955   0.03856   0.04591   0.01970   0.00000   0.01880   0.11214   0.08374   0.10960   0.00000   0.06836   0.09911   0.07481   0.20466   0.09878   0.04009   0.07976   0.08603   0.01067   0.05680   0.00983   0.00813   0.01668   0.04142   0.01368   0.02353   0.10072   0.09347   0.05206   0.12613   0.18688   0.23745   0.78448   0.50234  
 27 37.8678   3450.843262  x:  0.02118   0.01047   0.01893   0.04079   0.00000   0.00000   0.06459   0.04523   0.00000   0.12166   0.09256   0.31468   0.12129   0.03734   0.07446   0.13571   0.01350   0.09047   0.00944   0.06655   0.02999   0.03169   0.02753   0.08752   0.08872   0.23305   0.02375   0.05352   0.23989   0.09095   0.00000   0.08277   0.01853   0.03880   0.04636   0.01982   0.00000   0.01637   0.11306   0.08471   0.10764   0.00000   0.06979   0.09941   0.07522   0.20362   0.10039   0.04001   0.08185   0.08679   0.00997   0.05670   0.00957   0.00768   0.01474   0.04079   0.01288   0.02371   0.09991   0.09319   0.05212   0.12528   0.18623   0.23850   0.80169   0.49736  
 28 63.4573   3450.591063  x:  0.02107   0.00934   0.01900   0.03652   0.00000   0.00000   0.06433   0.04615   0.00000   0.12124   0.09227   0.32600   0.12016   0.03630   0.07472   0.13507   0.01391   0.09233   0.01234   0.06683   0.02962   0.03163   0.02774   0.08734   0.08689   0.23425   0.02336   0.05353   0.24420   0.09074   0.00000   0.08346   0.02036   0.03894   0.04744   0.02222   0.00000   0.02024   0.11414   0.08445   0.10574   0.00000   0.06897   0.09919   0.07541   0.20182   0.10186   0.04079   0.08209   0.08697   0.01248   0.05710   0.01094   0.00776   0.01439   0.04050   0.01494   0.02332   0.09902   0.09291   0.05133   0.12428   0.18526   0.23792   0.83536   0.48740  
 29 91.5333   3450.247924  x:  0.02190   0.00921   0.01938   0.03813   0.00000   0.00000   0.06524   0.04636   0.00000   0.12087   0.09167   0.33850   0.11938   0.03533   0.07437   0.13445   0.01323   0.09124   0.01151   0.06446   0.02834   0.03106   0.02831   0.08698   0.08589   0.23526   0.02438   0.05346   0.24832   0.09034   0.00000   0.08304   0.02073   0.03874   0.04800   0.02160   0.00000   0.02394   0.11433   0.08213   0.10532   0.00000   0.06519   0.09827   0.07488   0.19974   0.10184   0.04180   0.07905   0.08605   0.00905   0.05752   0.00825   0.00802   0.01680   0.04032   0.01201   0.02319   0.09902   0.09293   0.05010   0.12395   0.18446   0.23496   0.88135   0.47344  
 30 118.8421   3449.944906  x:  0.02228   0.01089   0.01961   0.04320   0.00000   0.00000   0.06648   0.04567   0.00000   0.12071   0.09112   0.34712   0.11944   0.03540   0.07392   0.13431   0.01256   0.08806   0.00952   0.06130   0.02835   0.03073   0.02846   0.08675   0.08641   0.23560   0.02587   0.05271   0.25032   0.09012   0.00000   0.08190   0.01892   0.03848   0.04752   0.02016   0.00000   0.02196   0.11346   0.07941   0.10642   0.00000   0.06166   0.09741   0.07397   0.19840   0.10048   0.04227   0.07483   0.08465   0.01043   0.05794   0.01143   0.00778   0.01501   0.04145   0.01370   0.02352   0.09994   0.09328   0.04968   0.12452   0.18426   0.23190   0.92460   0.45996  
 31 161.1641   3449.787506  x:  0.02151   0.01112   0.01923   0.04505   0.00000   0.00000   0.06664   0.04497   0.00000   0.12079   0.09062   0.34822   0.12001   0.03631   0.07387   0.13476   0.01412   0.08560   0.01304   0.06061   0.02939   0.03095   0.02824   0.08687   0.08803   0.23498   0.02543   0.05225   0.24932   0.09020   0.00000   0.08121   0.01924   0.03860   0.04667   0.01995   0.00000   0.01866   0.11223   0.07882   0.10833   0.00000   0.06172   0.09739   0.07354   0.19852   0.09896   0.04184   0.07312   0.08419   0.01169   0.05757   0.00883   0.00795   0.01554   0.04201   0.01461   0.02351   0.10110   0.09364   0.05039   0.12557   0.18476   0.23128   0.94828   0.45219  
 32 88.7594   3449.574892  x:  0.02012   0.01018   0.01885   0.04421   0.00000   0.00000   0.06583   0.04443   0.00000   0.12115   0.08979   0.34417   0.12150   0.03809   0.07382   0.13600   0.01510   0.08172   0.01359   0.06136   0.03021   0.03145   0.02792   0.08724   0.09163   0.23286   0.02327   0.05257   0.24480   0.09053   0.00000   0.08058   0.02106   0.03903   0.04564   0.02108   0.00000   0.01782   0.10993   0.07982   0.11260   0.00000   0.06451   0.09807   0.07334   0.19960   0.09615   0.04054   0.07273   0.08402   0.00980   0.05718   0.01207   0.00803   0.01651   0.04235   0.01270   0.02330   0.10322   0.09429   0.05195   0.12781   0.18625   0.23212   0.98378   0.43993  
 33 81.6472   3449.370532  x:  0.02028   0.01012   0.01922   0.04236   0.00000   0.00000   0.06501   0.04461   0.00000   0.12165   0.08950   0.33685   0.12318   0.03895   0.07373   0.13724   0.01446   0.07909   0.01000   0.06255   0.02951   0.03143   0.02800   0.08750   0.09464   0.23036   0.02285   0.05354   0.23910   0.09083   0.00000   0.08048   0.02043   0.03914   0.04566   0.02176   0.00000   0.01983   0.10818   0.08128   0.11646   0.00000   0.06699   0.09878   0.07338   0.20095   0.09396   0.03988   0.07347   0.08445   0.01083   0.05669   0.00951   0.00785   0.01517   0.04204   0.01432   0.02336   0.10469   0.09473   0.05256   0.12979   0.18784   0.23340   1.01724   0.42793  
 34 125.0986   3449.194591  x:  0.02279   0.01098   0.01945   0.04214   0.00000   0.00000   0.06509   0.04562   0.00000   0.12215   0.09037   0.32450   0.12437   0.03711   0.07360   0.13811   0.01476   0.08094   0.01229   0.06347   0.02778   0.03053   0.02860   0.08736   0.09502   0.22783   0.02621   0.05465   0.23249   0.09072   0.00000   0.08154   0.01738   0.03858   0.04743   0.02137   0.00000   0.02014   0.10831   0.08198   0.11772   0.00000   0.06645   0.09891   0.07354   0.20265   0.09389   0.04106   0.07550   0.08517   0.01106   0.05727   0.01036   0.00795   0.01578   0.04131   0.01352   0.02350   0.10436   0.09453   0.05090   0.13039   0.18913   0.23425   1.04674   0.41646  
 35 65.1538   3449.081683  x:  0.02309   0.01024   0.01916   0.04285   0.00000   0.00000   0.06537   0.04581   0.00000   0.12229   0.09092   0.31639   0.12451   0.03571   0.07348   0.13832   0.01432   0.08311   0.01214   0.06332   0.02822   0.03054   0.02854   0.08719   0.09399   0.22658   0.02652   0.05488   0.22908   0.09038   0.00484   0.08241   0.01885   0.03851   0.04801   0.02103   0.00000   0.01940   0.10904   0.08186   0.11713   0.00000   0.06523   0.09873   0.07358   0.20337   0.09467   0.04164   0.07651   0.08536   0.01091   0.05760   0.01039   0.00796   0.01581   0.04113   0.01386   0.02353   0.10365   0.09419   0.05003   0.13007   0.18959   0.23422   1.06288   0.40986  
 36 87.3148   3448.987156  x:  0.02249   0.00895   0.01891   0.04346   0.00000   0.00000   0.06569   0.04563   0.00000   0.12235   0.09150   0.30651   0.12429   0.03467   0.07340   0.13832   0.01386   0.08579   0.01185   0.06283   0.02922   0.03096   0.02826   0.08700   0.09256   0.22524   0.02517   0.05531   0.22561   0.08991   0.00431   0.08307   0.02114   0.03894   0.04782   0.01778   0.00000   0.01958   0.10977   0.08197   0.11599   0.00000   0.06372   0.09844   0.07361   0.20393   0.09595   0.04192   0.07716   0.08525   0.01109   0.05782   0.01041   0.00802   0.01602   0.04128   0.01425   0.02330   0.10264   0.09373   0.04970   0.12921   0.18986   0.23364   1.07766   0.40330  
 37 71.6626   3448.961230  x:  0.02198   0.00980   0.01925   0.04292   0.00000   0.00000   0.06570   0.04513   0.00000   0.12229   0.09171   0.30343   0.12384   0.03590   0.07353   0.13794   0.01401   0.08622   0.01228   0.06257   0.02893   0.03111   0.02824   0.08696   0.09194   0.22520   0.02411   0.05556   0.22575   0.08996   0.00556   0.08251   0.02025   0.03928   0.04677   0.01660   0.00000   0.02062   0.10979   0.08216   0.11502   0.00000   0.06375   0.09829   0.07359   0.20350   0.09665   0.04136   0.07643   0.08474   0.01131   0.05756   0.01048   0.00806   0.01618   0.04171   0.01394   0.02324   0.10222   0.09358   0.05073   0.12832   0.18947   0.23298   1.08007   0.40160  
 38 15.7314   3448.951979  x:  0.02234   0.00912   0.01872   0.04256   0.00000   0.00000   0.06557   0.04513   0.00000   0.12221   0.09160   0.30195   0.12343   0.03668   0.07362   0.13756   0.01399   0.08594   0.01240   0.06265   0.02861   0.03091   0.02838   0.08697   0.09198   0.22537   0.02501   0.05575   0.22643   0.09016   0.00595   0.08192   0.02042   0.03931   0.04650   0.01597   0.00000   0.02069   0.10948   0.08251   0.11453   0.00000   0.06422   0.09825   0.07360   0.20294   0.09700   0.04110   0.07585   0.08446   0.01100   0.05743   0.01054   0.00807   0.01623   0.04173   0.01431   0.02343   0.10197   0.09357   0.05119   0.12767   0.18901   0.23273   1.08077   0.40059  
 39  8.9224   3448.948378  x:  0.02260   0.00930   0.01898   0.04256   0.00000   0.00000   0.06555   0.04531   0.00000   0.12222   0.09166   0.30120   0.12320   0.03677   0.07364   0.13726   0.01394   0.08557   0.01236   0.06279   0.02874   0.03086   0.02839   0.08700   0.09221   0.22553   0.02525   0.05581   0.22712   0.09035   0.00606   0.08158   0.02087   0.03924   0.04674   0.01576   0.00000   0.02062   0.10915   0.08278   0.11440   0.00000   0.06453   0.09825   0.07363   0.20243   0.09715   0.04122   0.07562   0.08449   0.01138   0.05744   0.01054   0.00807   0.01623   0.04165   0.01394   0.02319   0.10178   0.09362   0.05110   0.12729   0.18861   0.23276   1.08104   0.39978  
 40  5.8121   3448.945562  x:  0.02259   0.00945   0.01904   0.04273   0.00000   0.00000   0.06556   0.04545   0.00000   0.12226   0.09173   0.30053   0.12297   0.03647   0.07362   0.13694   0.01399   0.08518   0.01247   0.06294   0.02886   0.03093   0.02834   0.08704   0.09254   0.22571   0.02487   0.05579   0.22797   0.09057   0.00610   0.08138   0.02078   0.03918   0.04707   0.01570   0.00000   0.02066   0.10879   0.08301   0.11445   0.00000   0.06467   0.09825   0.07368   0.20182   0.09724   0.04145   0.07564   0.08463   0.01109   0.05753   0.01057   0.00807   0.01626   0.04152   0.01425   0.02335   0.10163   0.09372   0.05080   0.12700   0.18813   0.23290   1.08123   0.39869  
 41  5.1475   3448.944111  x:  0.02244   0.00917   0.01878   0.04279   0.00000   0.00000   0.06557   0.04537   0.00000   0.12228   0.09170   0.30021   0.12288   0.03626   0.07362   0.13680   0.01399   0.08506   0.01243   0.06296   0.02873   0.03096   0.02833   0.08704   0.09269   0.22582   0.02472   0.05572   0.22852   0.09064   0.00609   0.08145   0.02053   0.03923   0.04704   0.01578   0.00000   0.02063   0.10868   0.08301   0.11460   0.00000   0.06455   0.09825   0.07369   0.20143   0.09725   0.04149   0.07579   0.08476   0.01128   0.05756   0.01055   0.00807   0.01625   0.04159   0.01407   0.02328   0.10162   0.09379   0.05071   0.12697   0.18784   0.23302   1.08130   0.39771  
 42  3.7834   3448.941185  x:  0.02238   0.00935   0.01902   0.04262   0.00000   0.00000   0.06560   0.04507   0.00000   0.12235   0.09172   0.29965   0.12291   0.03625   0.07364   0.13665   0.01399   0.08516   0.01242   0.06289   0.02857   0.03090   0.02838   0.08700   0.09281   0.22601   0.02498   0.05551   0.22957   0.09054   0.00583   0.08198   0.02067   0.03939   0.04662   0.01610   0.00000   0.02049   0.10874   0.08274   0.11507   0.00000   0.06405   0.09824   0.07367   0.20072   0.09717   0.04133   0.07625   0.08495   0.01116   0.05753   0.01052   0.00806   0.01620   0.04175   0.01414   0.02330   0.10179   0.09392   0.05084   0.12718   0.18733   0.23321   1.08160   0.39476  
 43  4.1740   3448.937327  x:  0.02282   0.00934   0.01877   0.04268   0.00000   0.00000   0.06559   0.04537   0.00000   0.12236   0.09167   0.29935   0.12313   0.03668   0.07370   0.13677   0.01395   0.08552   0.01236   0.06277   0.02927   0.03093   0.02830   0.08698   0.09251   0.22617   0.02488   0.05538   0.23045   0.09024   0.00550   0.08240   0.02040   0.03914   0.04682   0.01653   0.00000   0.02051   0.10916   0.08241   0.11532   0.00000   0.06406   0.09832   0.07359   0.20027   0.09701   0.04118   0.07629   0.08477   0.01118   0.05744   0.01050   0.00804   0.01615   0.04153   0.01408   0.02331   0.10209   0.09393   0.05111   0.12758   0.18702   0.23317   1.08172   0.38999  
 44  5.1312   3448.931047  x:  0.02237   0.00915   0.01914   0.04290   0.00000   0.00000   0.06551   0.04565   0.00000   0.12233   0.09165   0.29938   0.12337   0.03684   0.07362   0.13715   0.01393   0.08588   0.01226   0.06274   0.02850   0.03102   0.02830   0.08699   0.09185   0.22633   0.02471   0.05533   0.23109   0.08985   0.00501   0.08249   0.02032   0.03908   0.04742   0.01712   0.00000   0.02008   0.10977   0.08224   0.11506   0.00000   0.06470   0.09845   0.07352   0.20022   0.09684   0.04124   0.07584   0.08434   0.01117   0.05741   0.01046   0.00802   0.01608   0.04132   0.01408   0.02335   0.10233   0.09381   0.05115   0.12795   0.18701   0.23293   1.08159   0.38166  
 45  9.4751   3448.924246  x:  0.02207   0.00972   0.01854   0.04284   0.00000   0.00000   0.06548   0.04516   0.00000   0.12229   0.09172   0.29996   0.12347   0.03633   0.07347   0.13748   0.01391   0.08571   0.01217   0.06301   0.02879   0.03092   0.02837   0.08705   0.09149   0.22645   0.02501   0.05545   0.23107   0.08980   0.00470   0.08223   0.02034   0.03946   0.04721   0.01754   0.00000   0.02012   0.10996   0.08240   0.11434   0.00000   0.06507   0.09844   0.07360   0.20071   0.09684   0.04141   0.07546   0.08427   0.01108   0.05748   0.01039   0.00800   0.01601   0.04171   0.01404   0.02332   0.10224   0.09366   0.05081   0.12790   0.18739   0.23291   1.08094   0.37244  
 46 12.7941   3448.919447  x:  0.02241   0.00919   0.01919   0.04280   0.00000   0.00000   0.06548   0.04497   0.00000   0.12226   0.09167   0.30072   0.12339   0.03622   0.07349   0.13753   0.01390   0.08535   0.01220   0.06313   0.02913   0.03094   0.02829   0.08708   0.09159   0.22651   0.02497   0.05543   0.23068   0.09000   0.00478   0.08213   0.02010   0.03948   0.04684   0.01752   0.00000   0.02017   0.10973   0.08251   0.11382   0.00000   0.06484   0.09833   0.07371   0.20125   0.09696   0.04139   0.07551   0.08451   0.01105   0.05753   0.01040   0.00800   0.01601   0.04189   0.01404   0.02335   0.10200   0.09361   0.05073   0.12763   0.18781   0.23312   1.07996   0.36603  
 47 14.0432   3448.915988  x:  0.02264   0.00942   0.01888   0.04273   0.00000   0.00000   0.06556   0.04532   0.00000   0.12224   0.09166   0.30149   0.12324   0.03649   0.07363   0.13732   0.01393   0.08507   0.01223   0.06300   0.02871   0.03104   0.02826   0.08705   0.09199   0.22652   0.02472   0.05528   0.23011   0.09023   0.00502   0.08233   0.02036   0.03925   0.04691   0.01712   0.00000   0.02017   0.10932   0.08251   0.11371   0.00000   0.06437   0.09822   0.07376   0.20167   0.09713   0.04126   0.07587   0.08482   0.01109   0.05750   0.01044   0.00800   0.01604   0.04162   0.01406   0.02332   0.10180   0.09367   0.05097   0.12730   0.18812   0.23332   1.07886   0.36165  
 48  8.9577   3448.914707  x:  0.02219   0.00939   0.01893   0.04276   0.00000   0.00000   0.06557   0.04539   0.00000   0.12223   0.09164   0.30188   0.12309   0.03660   0.07370   0.13707   0.01397   0.08516   0.01227   0.06288   0.02889   0.03092   0.02836   0.08701   0.09226   0.22648   0.02495   0.05531   0.22980   0.09028   0.00527   0.08252   0.02035   0.03939   0.04722   0.01681   0.00000   0.02037   0.10915   0.08252   0.11405   0.00000   0.06438   0.09824   0.07371   0.20170   0.09720   0.04123   0.07602   0.08484   0.01112   0.05745   0.01047   0.00801   0.01607   0.04150   0.01406   0.02332   0.10176   0.09374   0.05106   0.12719   0.18812   0.23323   1.07824   0.36031  
 49  3.3596   3448.913464  x:  0.02248   0.00937   0.01894   0.04266   0.00000   0.00000   0.06553   0.04518   0.00000   0.12225   0.09165   0.30234   0.12293   0.03653   0.07369   0.13671   0.01392   0.08555   0.01232   0.06277   0.02880   0.03096   0.02826   0.08700   0.09248   0.22633   0.02485   0.05549   0.22941   0.09022   0.00558   0.08262   0.02044   0.03955   0.04723   0.01642   0.00000   0.02038   0.10908   0.08267   0.11476   0.00000   0.06468   0.09836   0.07360   0.20150   0.09721   0.04133   0.07601   0.08469   0.01114   0.05744   0.01048   0.00802   0.01611   0.04164   0.01408   0.02332   0.10178   0.09384   0.05085   0.12722   0.18789   0.23294   1.07765   0.35948  
 50  1.7745   3448.912321  x:  0.02240   0.00937   0.01896   0.04263   0.00000   0.00000   0.06555   0.04543   0.00000   0.12225   0.09168   0.30264   0.12284   0.03633   0.07363   0.13665   0.01400   0.08576   0.01231   0.06302   0.02881   0.03096   0.02853   0.08702   0.09244   0.22607   0.02482   0.05576   0.22911   0.09017   0.00577   0.08238   0.02050   0.03921   0.04687   0.01621   0.00000   0.02034   0.10911   0.08293   0.11516   0.00000   0.06459   0.09839   0.07363   0.20115   0.09718   0.04136   0.07594   0.08459   0.01115   0.05755   0.01049   0.00802   0.01612   0.04159   0.01409   0.02329   0.10186   0.09384   0.05087   0.12735   0.18756   0.23290   1.07755   0.35918  
 51  1.0848   3448.909674  x:  0.02233   0.00938   0.01895   0.04265   0.00000   0.00000   0.06563   0.04552   0.00000   0.12221   0.09170   0.30307   0.12282   0.03635   0.07357   0.13688   0.01391   0.08579   0.01237   0.06346   0.02877   0.03083   0.02786   0.08709   0.09218   0.22548   0.02490   0.05615   0.22866   0.09015   0.00599   0.08188   0.02057   0.03948   0.04698   0.01595   0.00000   0.02034   0.10919   0.08322   0.11535   0.00000   0.06415   0.09831   0.07376   0.20041   0.09711   0.04132   0.07595   0.08460   0.01121   0.05760   0.01050   0.00802   0.01614   0.04147   0.01406   0.02342   0.10206   0.09373   0.05107   0.12758   0.18696   0.23313   1.07803   0.35904  
 52  1.3579   3448.903207  x:  0.02257   0.00934   0.01895   0.04259   0.00000   0.00000   0.06566   0.04505   0.00000   0.12211   0.09167   0.30374   0.12292   0.03669   0.07358   0.13751   0.01384   0.08556   0.01244   0.06368   0.02877   0.03127   0.02871   0.08708   0.09180   0.22436   0.02479   0.05634   0.22796   0.09020   0.00626   0.08153   0.02060   0.04004   0.04766   0.01557   0.00000   0.02022   0.10918   0.08328   0.11508   0.00000   0.06387   0.09816   0.07388   0.19910   0.09712   0.04131   0.07617   0.08485   0.01112   0.05743   0.01052   0.00801   0.01613   0.04153   0.01415   0.02307   0.10229   0.09348   0.05111   0.12778   0.18603   0.23348   1.07994   0.35914  
 53  2.9525   3448.877097  x:  0.02222   0.00941   0.01896   0.04229   0.00000   0.00000   0.06538   0.04472   0.00000   0.12186   0.09156   0.30546   0.12310   0.03678   0.07379   0.13900   0.01404   0.08505   0.01248   0.06268   0.02883   0.03037   0.02857   0.08680   0.09174   0.22156   0.02485   0.05573   0.22654   0.09051   0.00672   0.08251   0.02072   0.03873   0.04742   0.01474   0.00000   0.02024   0.10875   0.08266   0.11347   0.00000   0.06526   0.09805   0.07373   0.19609   0.09775   0.04141   0.07674   0.08569   0.01125   0.05694   0.01048   0.00792   0.01599   0.04196   0.01384   0.02411   0.10222   0.09309   0.05040   0.12746   0.18423   0.23330   1.08931   0.36014  
 54  5.8142   3448.838957  x:  0.02184   0.00954   0.01900   0.04237   0.00000   0.00000   0.06525   0.04583   0.00000   0.12174   0.09161   0.30745   0.12299   0.03627   0.07390   0.13946   0.01313   0.08546   0.01280   0.06220   0.02894   0.03128   0.02751   0.08676   0.09256   0.21973   0.02549   0.05518   0.22596   0.09087   0.00716   0.08362   0.02024   0.03914   0.04619   0.01430   0.00000   0.02009   0.10830   0.08276   0.11223   0.00000   0.06644   0.09816   0.07360   0.19432   0.09842   0.04118   0.07688   0.08577   0.01062   0.05727   0.01039   0.00780   0.01579   0.04135   0.01433   0.02186   0.10160   0.09327   0.05052   0.12668   0.18344   0.23262   1.10368   0.36183  
 55 17.2270   3448.742293  x:  0.02222   0.00973   0.01907   0.04254   0.00000   0.00000   0.06541   0.04712   0.00000   0.12181   0.09191   0.31202   0.12224   0.03568   0.07425   0.13829   0.01200   0.08813   0.01269   0.06350   0.02919   0.03268   0.02868   0.08703   0.09457   0.21874   0.02540   0.05491   0.22678   0.09132   0.00816   0.08443   0.02018   0.04189   0.04530   0.01325   0.00000   0.01894   0.10783   0.08468   0.11135   0.00000   0.06660   0.09859   0.07383   0.19372   0.09976   0.04081   0.07678   0.08495   0.01123   0.05845   0.01002   0.00747   0.01519   0.04030   0.01334   0.02495   0.09989   0.09440   0.05219   0.12482   0.18409   0.23167   1.14205   0.36660  
 56 36.0185   3448.620025  x:  0.02214   0.00977   0.01902   0.04160   0.00000   0.00000   0.06554   0.04511   0.00000   0.12195   0.09220   0.31724   0.12104   0.03666   0.07464   0.13592   0.01365   0.09104   0.01160   0.06586   0.02923   0.02979   0.02838   0.08731   0.09500   0.22041   0.02445   0.05565   0.22939   0.09130   0.00997   0.08317   0.02005   0.04042   0.04706   0.01051   0.00000   0.01711   0.10804   0.08697   0.11222   0.00000   0.06546   0.09902   0.07445   0.19543   0.10089   0.04100   0.07779   0.08402   0.01048   0.05808   0.00969   0.00707   0.01448   0.04133   0.01355   0.02322   0.09884   0.09516   0.05276   0.12344   0.18616   0.23217   1.18794   0.37305  
 57 64.9338   3448.583790  x:  0.02137   0.00987   0.01899   0.04121   0.00000   0.00000   0.06535   0.04482   0.00000   0.12187   0.09226   0.31868   0.12062   0.03721   0.07446   0.13506   0.01249   0.09080   0.01209   0.06585   0.02931   0.03189   0.02788   0.08721   0.09352   0.22227   0.02516   0.05636   0.23063   0.09117   0.01099   0.08205   0.02021   0.03918   0.04700   0.00877   0.00000   0.01723   0.10835   0.08696   0.11332   0.00000   0.06579   0.09902   0.07448   0.19679   0.10066   0.04095   0.07881   0.08482   0.01054   0.05704   0.00971   0.00697   0.01436   0.04162   0.01338   0.02365   0.09927   0.09450   0.05155   0.12384   0.18673   0.23313   1.20071   0.37532  
 58 29.1605   3448.574591  x:  0.02158   0.00989   0.01902   0.04126   0.00000   0.00000   0.06522   0.04551   0.00000   0.12172   0.09226   0.31902   0.12041   0.03708   0.07446   0.13495   0.01274   0.09033   0.01208   0.06541   0.02930   0.03118   0.02813   0.08696   0.09240   0.22346   0.02493   0.05658   0.23091   0.09132   0.01138   0.08166   0.02028   0.04018   0.04637   0.00813   0.00000   0.01718   0.10834   0.08670   0.11382   0.00000   0.06643   0.09890   0.07429   0.19737   0.10073   0.04093   0.07930   0.08568   0.01058   0.05691   0.00978   0.00696   0.01436   0.04103   0.01340   0.02357   0.09968   0.09375   0.05117   0.12440   0.18657   0.23337   1.20370   0.37599  
 59  9.0343   3448.573325  x:  0.02164   0.00991   0.01904   0.04125   0.00000   0.00000   0.06525   0.04534   0.00000   0.12159   0.09224   0.31904   0.12024   0.03685   0.07451   0.13501   0.01284   0.09030   0.01204   0.06535   0.02931   0.03132   0.02807   0.08691   0.09222   0.22414   0.02498   0.05660   0.23065   0.09162   0.01135   0.08171   0.02027   0.04005   0.04651   0.00817   0.00000   0.01717   0.10817   0.08679   0.11388   0.00000   0.06655   0.09878   0.07419   0.19751   0.10100   0.04092   0.07931   0.08599   0.01057   0.05722   0.00976   0.00695   0.01434   0.04104   0.01340   0.02357   0.09985   0.09339   0.05163   0.12467   0.18613   0.23309   1.20430   0.37602  
 60  2.1193   3448.573013  x:  0.02161   0.00992   0.01904   0.04125   0.00000   0.00000   0.06526   0.04537   0.00000   0.12153   0.09221   0.31904   0.12019   0.03692   0.07452   0.13504   0.01259   0.09032   0.01210   0.06544   0.02931   0.03121   0.02811   0.08692   0.09227   0.22453   0.02493   0.05653   0.23043   0.09169   0.01131   0.08177   0.02026   0.04003   0.04651   0.00823   0.00000   0.01715   0.10812   0.08683   0.11384   0.00000   0.06650   0.09875   0.07420   0.19755   0.10109   0.04093   0.07925   0.08596   0.01056   0.05715   0.00975   0.00695   0.01434   0.04111   0.01340   0.02356   0.09995   0.09332   0.05157   0.12472   0.18584   0.23305   1.20453   0.37601  
 61  1.1510   3448.572868  x:  0.02160   0.00992   0.01904   0.04126   0.00000   0.00000   0.06526   0.04539   0.00000   0.12151   0.09219   0.31904   0.12017   0.03698   0.07454   0.13507   0.01273   0.09034   0.01205   0.06548   0.02931   0.03129   0.02809   0.08695   0.09233   0.22479   0.02495   0.05649   0.23028   0.09167   0.01129   0.08181   0.02025   0.04007   0.04648   0.00825   0.00000   0.01716   0.10813   0.08682   0.11379   0.00000   0.06647   0.09875   0.07423   0.19754   0.10114   0.04096   0.07921   0.08588   0.01056   0.05707   0.00975   0.00695   0.01434   0.04109   0.01340   0.02357   0.09999   0.09335   0.05146   0.12471   0.18565   0.23310   1.20465   0.37600  
 62  0.8865   3448.572761  x:  0.02161   0.00992   0.01904   0.04125   0.00000   0.00000   0.06524   0.04534   0.00000   0.12155   0.09220   0.31905   0.12019   0.03692   0.07450   0.13508   0.01271   0.09029   0.01207   0.06543   0.02931   0.03126   0.02809   0.08695   0.09235   0.22500   0.02494   0.05651   0.23015   0.09155   0.01129   0.08179   0.02025   0.04005   0.04649   0.00824   0.00000   0.01717   0.10821   0.08675   0.11373   0.00000   0.06650   0.09881   0.07424   0.19751   0.10105   0.04091   0.07921   0.08583   0.01057   0.05714   0.00975   0.00695   0.01434   0.04103   0.01340   0.02357   0.09995   0.09351   0.05151   0.12466   0.18552   0.23322   1.20473   0.37600  
 63  0.3369   3448.572567  x:  0.02161   0.00991   0.01903   0.04127   0.00000   0.00000   0.06526   0.04547   0.00000   0.12161   0.09222   0.31905   0.12024   0.03696   0.07448   0.13507   0.01275   0.09025   0.01205   0.06536   0.02932   0.03128   0.02809   0.08692   0.09232   0.22515   0.02493   0.05663   0.23006   0.09150   0.01126   0.08175   0.02024   0.04007   0.04650   0.00829   0.00000   0.01714   0.10825   0.08676   0.11369   0.00000   0.06651   0.09882   0.07421   0.19745   0.10089   0.04100   0.07934   0.08587   0.01055   0.05712   0.00974   0.00695   0.01434   0.04123   0.01340   0.02357   0.09985   0.09361   0.05158   0.12457   0.18547   0.23316   1.20499   0.37596  
 64  0.2413   3448.571173  x:  0.02155   0.00989   0.01900   0.04128   0.00000   0.00000   0.06535   0.04521   0.00000   0.12179   0.09231   0.31904   0.12048   0.03715   0.07446   0.13507   0.01279   0.09017   0.01203   0.06543   0.02934   0.03127   0.02808   0.08686   0.09212   0.22546   0.02492   0.05678   0.22991   0.09158   0.01113   0.08173   0.02022   0.04001   0.04642   0.00853   0.00000   0.01705   0.10823   0.08690   0.11374   0.00000   0.06644   0.09871   0.07410   0.19718   0.10034   0.04092   0.07954   0.08600   0.01057   0.05700   0.00976   0.00696   0.01434   0.04076   0.01339   0.02357   0.09952   0.09359   0.05139   0.12433   0.18560   0.23267   1.20677   0.37569  
 65  0.5187   3448.559769  x:  0.02155   0.00983   0.01901   0.04116   0.00000   0.00000   0.06516   0.04562   0.00000   0.12234   0.09263   0.31883   0.12167   0.03675   0.07433   0.13569   0.01302   0.08963   0.01197   0.06616   0.02931   0.03129   0.02804   0.08703   0.09167   0.22646   0.02501   0.05562   0.23018   0.09171   0.01091   0.08233   0.02023   0.04003   0.04677   0.00881   0.00000   0.01714   0.10811   0.08643   0.11443   0.00000   0.06650   0.09833   0.07425   0.19620   0.09906   0.03994   0.07832   0.08616   0.01039   0.05718   0.00974   0.00710   0.01450   0.04148   0.01334   0.02353   0.09928   0.09288   0.05117   0.12476   0.18714   0.23285   1.21965   0.37408  
 66  2.6710   3448.545410  x:  0.02144   0.00985   0.01900   0.04108   0.00000   0.00000   0.06507   0.04527   0.00000   0.12220   0.09227   0.31853   0.12257   0.03687   0.07444   0.13642   0.01268   0.08900   0.01200   0.06544   0.02935   0.03123   0.02802   0.08708   0.09217   0.22669   0.02506   0.05584   0.23102   0.09149   0.01045   0.08220   0.02023   0.03995   0.04645   0.00960   0.00000   0.01703   0.10815   0.08589   0.11472   0.00000   0.06650   0.09853   0.07422   0.19621   0.09938   0.04194   0.07769   0.08588   0.01024   0.05730   0.00974   0.00726   0.01466   0.04106   0.01328   0.02348   0.10015   0.09278   0.05158   0.12603   0.18834   0.23371   1.23644   0.37189  
 67 13.5058   3448.538312  x:  0.02153   0.00999   0.01906   0.04110   0.00000   0.00000   0.06518   0.04542   0.00000   0.12174   0.09180   0.31834   0.12219   0.03653   0.07424   0.13669   0.01276   0.08841   0.01195   0.06491   0.02938   0.03122   0.02802   0.08699   0.09262   0.22609   0.02508   0.05651   0.23168   0.09100   0.01012   0.08176   0.02020   0.03991   0.04666   0.01023   0.00000   0.01684   0.10835   0.08586   0.11448   0.00000   0.06634   0.09888   0.07400   0.19722   0.09992   0.04082   0.07818   0.08563   0.01023   0.05708   0.00972   0.00734   0.01473   0.04116   0.01322   0.02349   0.10111   0.09327   0.05115   0.12667   0.18806   0.23330   1.24492   0.37074  
 68 10.5877   3448.536747  x:  0.02157   0.01002   0.01907   0.04108   0.00000   0.00000   0.06512   0.04541   0.00000   0.12162   0.09169   0.31828   0.12175   0.03658   0.07419   0.13673   0.01283   0.08805   0.01192   0.06527   0.02937   0.03123   0.02801   0.08702   0.09247   0.22558   0.02511   0.05605   0.23197   0.09072   0.01011   0.08195   0.02019   0.03991   0.04664   0.01022   0.00000   0.01689   0.10849   0.08580   0.11443   0.00000   0.06634   0.09888   0.07405   0.19813   0.09935   0.04108   0.07832   0.08559   0.01024   0.05726   0.00971   0.00736   0.01476   0.04114   0.01321   0.02348   0.10133   0.09349   0.05119   0.12664   0.18733   0.23300   1.24667   0.37054  
 69  2.5898   3448.536512  x:  0.02157   0.01002   0.01906   0.04108   0.00000   0.00000   0.06515   0.04541   0.00000   0.12169   0.09177   0.31829   0.12166   0.03657   0.07417   0.13673   0.01286   0.08817   0.01189   0.06512   0.02938   0.03123   0.02801   0.08701   0.09243   0.22540   0.02512   0.05611   0.23204   0.09088   0.01007   0.08200   0.02019   0.03990   0.04665   0.01028   0.00000   0.01687   0.10844   0.08580   0.11447   0.00000   0.06635   0.09881   0.07407   0.19843   0.09914   0.04105   0.07817   0.08560   0.01023   0.05716   0.00971   0.00736   0.01475   0.04114   0.01321   0.02348   0.10126   0.09343   0.05122   0.12654   0.18702   0.23320   1.24703   0.37048  
 70  0.8763   3448.536494  x:  0.02156   0.01001   0.01906   0.04108   0.00000   0.00000   0.06514   0.04541   0.00000   0.12173   0.09178   0.31829   0.12173   0.03662   0.07415   0.13674   0.01286   0.08820   0.01189   0.06512   0.02938   0.03123   0.02801   0.08702   0.09246   0.22538   0.02512   0.05610   0.23205   0.09088   0.01007   0.08196   0.02019   0.03990   0.04664   0.01028   0.00000   0.01687   0.10843   0.08578   0.11448   0.00000   0.06635   0.09880   0.07405   0.19847   0.09916   0.04104   0.07818   0.08561   0.01023   0.05723   0.00971   0.00736   0.01475   0.04115   0.01321   0.02348   0.10123   0.09341   0.05119   0.12654   0.18697   0.23321   1.24706   0.37048  
 71  0.1638   3448.536471  x:  0.02156   0.01000   0.01906   0.04108   0.00000   0.00000   0.06514   0.04541   0.00000   0.12177   0.09179   0.31830   0.12185   0.03658   0.07414   0.13677   0.01286   0.08820   0.01189   0.06514   0.02938   0.03123   0.02801   0.08702   0.09250   0.22538   0.02512   0.05609   0.23208   0.09087   0.01009   0.08194   0.02019   0.03991   0.04665   0.01025   0.00000   0.01688   0.10842   0.08578   0.11449   0.00000   0.06635   0.09881   0.07404   0.19852   0.09919   0.04104   0.07818   0.08562   0.01022   0.05716   0.00971   0.00736   0.01476   0.04114   0.01321   0.02348   0.10117   0.09340   0.05122   0.12655   0.18691   0.23317   1.24711   0.37049  
 72  0.1052   3448.536323  x:  0.02154   0.00998   0.01905   0.04108   0.00000   0.00000   0.06518   0.04541   0.00000   0.12175   0.09183   0.31829   0.12209   0.03660   0.07431   0.13679   0.01286   0.08809   0.01190   0.06508   0.02938   0.03122   0.02802   0.08700   0.09243   0.22534   0.02512   0.05618   0.23208   0.09093   0.01015   0.08208   0.02020   0.03991   0.04664   0.01018   0.00000   0.01688   0.10840   0.08596   0.11453   0.00000   0.06632   0.09885   0.07416   0.19857   0.09924   0.04102   0.07813   0.08558   0.01022   0.05723   0.00971   0.00737   0.01476   0.04116   0.01322   0.02348   0.10116   0.09351   0.05117   0.12657   0.18683   0.23313   1.24760   0.37051  
 73  0.0953   3448.533946  x:  0.02154   0.00998   0.01905   0.04122   0.00000   0.00000   0.06494   0.04539   0.00000   0.12120   0.09197   0.31799   0.12215   0.03662   0.07470   0.13610   0.01284   0.08802   0.01192   0.06515   0.02937   0.03122   0.02802   0.08699   0.09248   0.22465   0.02513   0.05612   0.23091   0.09126   0.01041   0.08172   0.02016   0.03993   0.04660   0.00977   0.00000   0.01694   0.10802   0.08583   0.11496   0.00000   0.06619   0.09876   0.07350   0.19828   0.09943   0.04099   0.07797   0.08551   0.01026   0.05716   0.00973   0.00737   0.01476   0.04120   0.01325   0.02349   0.10100   0.09388   0.05124   0.12633   0.18665   0.23302   1.25690   0.37047  
 74  0.6943   3448.532338  x:  0.02157   0.00999   0.01904   0.04124   0.00000   0.00000   0.06537   0.04539   0.00000   0.12152   0.09176   0.31778   0.12170   0.03677   0.07418   0.13605   0.01286   0.08803   0.01195   0.06494   0.02937   0.03120   0.02804   0.08699   0.09298   0.22432   0.02512   0.05624   0.23024   0.09116   0.01066   0.08167   0.02013   0.03996   0.04657   0.00941   0.00000   0.01696   0.10784   0.08592   0.11514   0.00000   0.06621   0.09874   0.07410   0.19801   0.09938   0.04103   0.07794   0.08556   0.01031   0.05719   0.00974   0.00737   0.01477   0.04119   0.01327   0.02349   0.10102   0.09354   0.05129   0.12625   0.18667   0.23276   1.26305   0.37049  
 75  4.9267   3448.532167  x:  0.02158   0.01000   0.01904   0.04127   0.00000   0.00000   0.06516   0.04539   0.00000   0.12173   0.09177   0.31777   0.12154   0.03676   0.07419   0.13630   0.01285   0.08805   0.01196   0.06490   0.02937   0.03120   0.02805   0.08698   0.09310   0.22434   0.02511   0.05632   0.23024   0.09116   0.01073   0.08174   0.02014   0.03996   0.04657   0.00932   0.00000   0.01698   0.10781   0.08606   0.11512   0.00000   0.06613   0.09875   0.07396   0.19799   0.09931   0.04104   0.07794   0.08554   0.01032   0.05719   0.00975   0.00737   0.01478   0.04119   0.01328   0.02349   0.10109   0.09350   0.05129   0.12625   0.18671   0.23272   1.26363   0.37052  
 76  0.9286   3448.532153  x:  0.02158   0.00999   0.01904   0.04126   0.00000   0.00000   0.06523   0.04539   0.00000   0.12175   0.09178   0.31777   0.12151   0.03675   0.07423   0.13640   0.01284   0.08807   0.01197   0.06490   0.02937   0.03120   0.02805   0.08698   0.09311   0.22435   0.02512   0.05630   0.23025   0.09119   0.01074   0.08170   0.02014   0.03996   0.04657   0.00930   0.00000   0.01698   0.10779   0.08605   0.11513   0.00000   0.06614   0.09876   0.07394   0.19798   0.09929   0.04104   0.07796   0.08551   0.01032   0.05719   0.00975   0.00737   0.01478   0.04119   0.01328   0.02349   0.10110   0.09354   0.05129   0.12624   0.18672   0.23272   1.26367   0.37053  
 77  0.1903   3448.532151  x:  0.02159   0.00999   0.01904   0.04126   0.00000   0.00000   0.06521   0.04539   0.00000   0.12173   0.09178   0.31777   0.12151   0.03675   0.07422   0.13642   0.01284   0.08808   0.01197   0.06489   0.02937   0.03120   0.02805   0.08698   0.09310   0.22435   0.02512   0.05630   0.23026   0.09120   0.01074   0.08170   0.02014   0.03996   0.04657   0.00930   0.00000   0.01698   0.10779   0.08604   0.11515   0.00000   0.06614   0.09876   0.07396   0.19798   0.09929   0.04104   0.07797   0.08551   0.01032   0.05719   0.00975   0.00737   0.01478   0.04119   0.01328   0.02349   0.10109   0.09355   0.05129   0.12623   0.18672   0.23271   1.26367   0.37053  
 78  0.0475   3448.532147  x:  0.02159   0.00999   0.01904   0.04126   0.00000   0.00000   0.06522   0.04539   0.00000   0.12168   0.09177   0.31777   0.12152   0.03676   0.07418   0.13645   0.01284   0.08808   0.01197   0.06489   0.02937   0.03120   0.02805   0.08698   0.09311   0.22436   0.02511   0.05631   0.23027   0.09119   0.01074   0.08172   0.02015   0.03996   0.04657   0.00930   0.00000   0.01698   0.10779   0.08606   0.11515   0.00000   0.06614   0.09875   0.07393   0.19798   0.09929   0.04104   0.07796   0.08551   0.01032   0.05719   0.00975   0.00737   0.01478   0.04119   0.01328   0.02349   0.10108   0.09354   0.05129   0.12622   0.18672   0.23272   1.26369   0.37053  
 79  0.0146   3448.532028  x:  0.02158   0.01000   0.01905   0.04129   0.00000   0.00000   0.06520   0.04539   0.00000   0.12156   0.09175   0.31782   0.12153   0.03673   0.07438   0.13650   0.01282   0.08816   0.01198   0.06487   0.02936   0.03120   0.02805   0.08695   0.09318   0.22439   0.02512   0.05628   0.23038   0.09104   0.01067   0.08168   0.02014   0.03996   0.04656   0.00934   0.00000   0.01700   0.10782   0.08607   0.11509   0.00000   0.06614   0.09877   0.07399   0.19796   0.09922   0.04102   0.07794   0.08561   0.01033   0.05719   0.00976   0.00735   0.01477   0.04119   0.01329   0.02349   0.10106   0.09341   0.05130   0.12614   0.18672   0.23273   1.26467   0.37066  
 80  0.0360   3448.531773  x:  0.02159   0.00999   0.01905   0.04135   0.00000   0.00000   0.06522   0.04538   0.00000   0.12171   0.09179   0.31795   0.12153   0.03674   0.07424   0.13648   0.01282   0.08815   0.01200   0.06495   0.02935   0.03121   0.02806   0.08700   0.09304   0.22443   0.02512   0.05627   0.23060   0.09117   0.01050   0.08181   0.02014   0.03997   0.04654   0.00941   0.00000   0.01704   0.10783   0.08599   0.11490   0.00000   0.06619   0.09877   0.07397   0.19789   0.09932   0.04101   0.07802   0.08552   0.01038   0.05719   0.00977   0.00731   0.01473   0.04120   0.01332   0.02349   0.10108   0.09347   0.05132   0.12616   0.18674   0.23275   1.26677   0.37094  
 81  0.8680   3448.531767  x:  0.02159   0.00998   0.01904   0.04135   0.00000   0.00000   0.06522   0.04538   0.00000   0.12173   0.09179   0.31795   0.12152   0.03676   0.07422   0.13649   0.01282   0.08815   0.01201   0.06492   0.02935   0.03121   0.02806   0.08698   0.09303   0.22443   0.02512   0.05623   0.23060   0.09116   0.01049   0.08179   0.02013   0.03997   0.04654   0.00942   0.00000   0.01705   0.10784   0.08603   0.11491   0.00000   0.06618   0.09875   0.07397   0.19789   0.09934   0.04101   0.07801   0.08554   0.01038   0.05719   0.00977   0.00731   0.01473   0.04120   0.01332   0.02349   0.10106   0.09350   0.05132   0.12618   0.18674   0.23275   1.26683   0.37095  
 82  0.1472   3448.531766  x:  0.02158   0.00998   0.01904   0.04135   0.00000   0.00000   0.06522   0.04538   0.00000   0.12173   0.09179   0.31795   0.12151   0.03676   0.07422   0.13649   0.01282   0.08815   0.01201   0.06493   0.02935   0.03121   0.02806   0.08698   0.09303   0.22443   0.02512   0.05624   0.23060   0.09116   0.01049   0.08180   0.02013   0.03997   0.04654   0.00942   0.00000   0.01704   0.10784   0.08603   0.11491   0.00000   0.06619   0.09874   0.07397   0.19789   0.09935   0.04101   0.07801   0.08555   0.01038   0.05719   0.00977   0.00731   0.01473   0.04120   0.01332   0.02349   0.10105   0.09351   0.05132   0.12618   0.18674   0.23275   1.26683   0.37095  
 83  0.0236   3448.531766  x:  0.02158   0.00998   0.01904   0.04135   0.00000   0.00000   0.06522   0.04538   0.00000   0.12173   0.09180   0.31795   0.12151   0.03676   0.07422   0.13649   0.01282   0.08815   0.01201   0.06493   0.02935   0.03121   0.02806   0.08698   0.09303   0.22443   0.02512   0.05624   0.23060   0.09116   0.01049   0.08180   0.02013   0.03997   0.04654   0.00942   0.00000   0.01704   0.10784   0.08603   0.11491   0.00000   0.06618   0.09875   0.07397   0.19789   0.09935   0.04101   0.07801   0.08554   0.01038   0.05719   0.00977   0.00731   0.01473   0.04120   0.01332   0.02349   0.10104   0.09351   0.05132   0.12619   0.18674   0.23275   1.26683   0.37095  
 84  0.0031   3448.531761  x:  0.02159   0.00998   0.01905   0.04134   0.00000   0.00000   0.06522   0.04539   0.00000   0.12172   0.09179   0.31797   0.12151   0.03675   0.07422   0.13648   0.01282   0.08817   0.01201   0.06495   0.02934   0.03121   0.02806   0.08694   0.09304   0.22443   0.02512   0.05624   0.23059   0.09118   0.01051   0.08179   0.02014   0.03997   0.04654   0.00941   0.00000   0.01705   0.10785   0.08603   0.11491   0.00000   0.06619   0.09876   0.07398   0.19788   0.09933   0.04102   0.07802   0.08555   0.01038   0.05719   0.00978   0.00731   0.01473   0.04119   0.01332   0.02349   0.10104   0.09352   0.05131   0.12621   0.18674   0.23276   1.26712   0.37098  
 85  0.0019   3448.531756  x:  0.02160   0.00998   0.01905   0.04133   0.00000   0.00000   0.06521   0.04539   0.00000   0.12172   0.09180   0.31799   0.12151   0.03674   0.07422   0.13647   0.01282   0.08818   0.01202   0.06495   0.02933   0.03121   0.02806   0.08699   0.09303   0.22442   0.02513   0.05624   0.23058   0.09116   0.01052   0.08180   0.02014   0.03997   0.04655   0.00941   0.00000   0.01705   0.10785   0.08605   0.11493   0.00000   0.06620   0.09876   0.07398   0.19788   0.09935   0.04102   0.07803   0.08555   0.01038   0.05719   0.00978   0.00732   0.01473   0.04119   0.01332   0.02350   0.10104   0.09352   0.05131   0.12620   0.18673   0.23277   1.26741   0.37100  
 86  0.2049   3448.531756  x:  0.02160   0.00998   0.01905   0.04133   0.00000   0.00000   0.06521   0.04539   0.00000   0.12173   0.09180   0.31799   0.12151   0.03674   0.07423   0.13648   0.01282   0.08818   0.01202   0.06495   0.02933   0.03121   0.02806   0.08698   0.09302   0.22442   0.02513   0.05625   0.23057   0.09116   0.01051   0.08180   0.02014   0.03997   0.04655   0.00942   0.00000   0.01704   0.10785   0.08605   0.11493   0.00000   0.06620   0.09875   0.07398   0.19788   0.09936   0.04102   0.07803   0.08555   0.01038   0.05720   0.00978   0.00732   0.01473   0.04119   0.01332   0.02350   0.10104   0.09352   0.05131   0.12619   0.18673   0.23277   1.26743   0.37100  
 87  0.0353   3448.531756  x:  0.02160   0.00998   0.01905   0.04133   0.00000   0.00000   0.06521   0.04539   0.00000   0.12173   0.09180   0.31799   0.12151   0.03674   0.07423   0.13648   0.01282   0.08818   0.01202   0.06495   0.02933   0.03121   0.02806   0.08698   0.09302   0.22442   0.02513   0.05625   0.23057   0.09116   0.01051   0.08180   0.02014   0.03997   0.04655   0.00942   0.00000   0.01704   0.10785   0.08605   0.11493   0.00000   0.06620   0.09876   0.07398   0.19788   0.09936   0.04102   0.07803   0.08555   0.01038   0.05720   0.00978   0.00732   0.01473   0.04119   0.01332   0.02350   0.10104   0.09352   0.05131   0.12619   0.18673   0.23277   1.26743   0.37100  
 88  0.0019   3448.531756  x:  0.02160   0.00998   0.01905   0.04133   0.00000   0.00000   0.06521   0.04539   0.00000   0.12173   0.09180   0.31799   0.12151   0.03674   0.07423   0.13648   0.01282   0.08818   0.01202   0.06495   0.02933   0.03121   0.02806   0.08698   0.09302   0.22442   0.02513   0.05625   0.23058   0.09115   0.01051   0.08180   0.02014   0.03997   0.04655   0.00942   0.00000   0.01705   0.10785   0.08605   0.11493   0.00000   0.06620   0.09875   0.07398   0.19788   0.09936   0.04102   0.07803   0.08555   0.01038   0.05720   0.00978   0.00732   0.01473   0.04119   0.01332   0.02349   0.10104   0.09352   0.05131   0.12618   0.18673   0.23277   1.26745   0.37098  
 89  0.0000   3448.531756  x:  0.02159   0.00998   0.01905   0.04133   0.00000   0.00000   0.06522   0.04539   0.00000   0.12173   0.09180   0.31799   0.12151   0.03674   0.07423   0.13648   0.01282   0.08818   0.01202   0.06495   0.02933   0.03121   0.02806   0.08698   0.09302   0.22442   0.02513   0.05625   0.23058   0.09116   0.01051   0.08180   0.02014   0.03997   0.04655   0.00942   0.00000   0.01705   0.10785   0.08604   0.11493   0.00000   0.06620   0.09875   0.07398   0.19788   0.09936   0.04102   0.07803   0.08555   0.01038   0.05720   0.00978   0.00732   0.01474   0.04119   0.01332   0.02349   0.10104   0.09351   0.05131   0.12618   0.18673   0.23277   1.26745   0.37097  
 90  0.0125   3448.531756  x:  0.02159   0.00998   0.01905   0.04133   0.00000   0.00000   0.06522   0.04539   0.00000   0.12173   0.09180   0.31799   0.12151   0.03674   0.07423   0.13648   0.01282   0.08818   0.01202   0.06495   0.02933   0.03121   0.02806   0.08698   0.09302   0.22442   0.02513   0.05625   0.23058   0.09116   0.01051   0.08180   0.02014   0.03997   0.04655   0.00942   0.00000   0.01705   0.10785   0.08604   0.11493   0.00000   0.06620   0.09875   0.07398   0.19788   0.09936   0.04102   0.07803   0.08555   0.01038   0.05720   0.00978   0.00732   0.01474   0.04119   0.01332   0.02349   0.10104   0.09351   0.05131   0.12618   0.18673   0.23277   1.26745   0.37097  
 91  0.0002   3448.531756  x:  0.02159   0.00998   0.01905   0.04133   0.00000   0.00000   0.06522   0.04539   0.00000   0.12173   0.09180   0.31799   0.12151   0.03674   0.07423   0.13648   0.01282   0.08818   0.01202   0.06495   0.02934   0.03121   0.02806   0.08698   0.09302   0.22442   0.02513   0.05625   0.23058   0.09116   0.01051   0.08180   0.02014   0.03997   0.04655   0.00942   0.00000   0.01705   0.10785   0.08604   0.11493   0.00000   0.06620   0.09875   0.07398   0.19788   0.09936   0.04102   0.07803   0.08555   0.01038   0.05720   0.00978   0.00732   0.01474   0.04119   0.01332   0.02349   0.10104   0.09351   0.05131   0.12618   0.18673   0.23277   1.26745   0.37097  
 92  0.0000   3448.531756  x:  0.02159   0.00998   0.01905   0.04133   0.00000   0.00000   0.06522   0.04539   0.00000   0.12173   0.09180   0.31799   0.12151   0.03674   0.07423   0.13648   0.01282   0.08818   0.01202   0.06495   0.02934   0.03121   0.02806   0.08698   0.09302   0.22442   0.02513   0.05625   0.23058   0.09116   0.01051   0.08180   0.02014   0.03997   0.04655   0.00942   0.00000   0.01705   0.10785   0.08604   0.11493   0.00000   0.06620   0.09875   0.07398   0.19788   0.09936   0.04102   0.07803   0.08555   0.01038   0.05720   0.00978   0.00732   0.01474   0.04119   0.01332   0.02349   0.10104   0.09351   0.05131   0.12618   0.18673   0.23277   1.26745   0.37097  
 93  0.0000   3448.531756  x:  0.02159   0.00998   0.01905   0.04133   0.00000   0.00000   0.06522   0.04539   0.00000   0.12173   0.09180   0.31799   0.12151   0.03674   0.07423   0.13648   0.01282   0.08818   0.01202   0.06495   0.02934   0.03121   0.02806   0.08698   0.09302   0.22442   0.02513   0.05625   0.23058   0.09116   0.01051   0.08180   0.02014   0.03997   0.04655   0.00942   0.00000   0.01705   0.10785   0.08604   0.11493   0.00000   0.06620   0.09875   0.07398   0.19788   0.09936   0.04102   0.07803   0.08555   0.01038   0.05720   0.00978   0.00732   0.01474   0.04119   0.01332   0.02349   0.10104   0.09351   0.05131   0.12618   0.18673   0.23277   1.26745   0.37097  
check convergence!
