

TREE # 1

  0  0.0000   2550.245652  x:  0.01787   0.06144   0.02279   0.07998   0.01360   0.03970   0.09472   0.09490   0.01158   0.03636   0.02122   0.08897   0.01606   0.08686   0.05647   0.08889   0.07922   0.07493   0.05907   0.08017   0.07962   0.07553   0.03405   0.03028   0.09773   0.09207   0.10874   0.03344   0.03083   0.03664   0.07227   0.06326   0.06449   0.07645   0.08330   0.09396   0.56548   0.47019   0.43135  
  1 99.0000   2443.699563  x:  0.02931   0.10870   0.02362   0.08498   0.02613   0.09463   0.05736   0.06021   0.05950   0.11005   0.15808   0.18534   0.03171   0.07921   0.20694   0.09116   0.03696   0.07199   0.06166   0.03582   0.02905   0.03924   0.16504   0.12963   0.10057   0.04431   0.08973   0.12246   0.08805   0.26712   0.09778   0.07470   0.07137   0.08996   0.05638   0.07595   0.54476   0.49149   0.43174  
  2 963.9231   2426.401763  x:  0.02750   0.11456   0.02292   0.08242   0.00984   0.08611   0.03958   0.04278   0.04390   0.10733   0.15209   0.20035   0.02083   0.07012   0.21923   0.08951   0.01581   0.07123   0.06218   0.01362   0.00000   0.02319   0.16200   0.12352   0.10098   0.01408   0.07869   0.12043   0.08502   0.27290   0.10002   0.07289   0.07215   0.09216   0.04636   0.07031   0.53170   0.50217   0.43221  
  3 300.5487   2423.674584  x:  0.02741   0.11588   0.02429   0.08233   0.01156   0.08370   0.03726   0.04025   0.04075   0.10629   0.14896   0.20554   0.02415   0.06922   0.22343   0.09010   0.01946   0.07123   0.06241   0.01505   0.00000   0.02397   0.16022   0.12100   0.10212   0.00000   0.07591   0.11954   0.08449   0.27460   0.10027   0.07280   0.07216   0.09257   0.04572   0.06967   0.52512   0.50721   0.43254  
  4 211.1119   2419.089631  x:  0.02866   0.12070   0.01498   0.08276   0.01699   0.06847   0.05681   0.05775   0.04727   0.09962   0.11552   0.24291   0.02722   0.06970   0.25830   0.09641   0.00876   0.07147   0.06163   0.00948   0.00000   0.04918   0.14157   0.09896   0.11714   0.00000   0.06985   0.11473   0.09294   0.28952   0.09846   0.07405   0.07110   0.09333   0.05746   0.07351   0.44256   0.56654   0.43685  
  5 133.4359   2417.195796  x:  0.02908   0.12006   0.01898   0.08308   0.00721   0.06899   0.06303   0.06404   0.05440   0.09936   0.10432   0.25074   0.01374   0.06791   0.26885   0.09674   0.01815   0.07163   0.06129   0.01735   0.00000   0.04422   0.13507   0.09435   0.11839   0.00000   0.07512   0.11501   0.09672   0.29478   0.09897   0.07446   0.07160   0.09266   0.05802   0.07470   0.39401   0.59829   0.43945  
  6 162.7574   2414.321802  x:  0.02930   0.11352   0.02811   0.08555   0.01314   0.08016   0.06665   0.06817   0.06349   0.10082   0.09566   0.24658   0.02575   0.06653   0.27148   0.09401   0.01420   0.07179   0.06062   0.01744   0.00000   0.02211   0.12628   0.09488   0.11365   0.00000   0.09016   0.11574   0.09816   0.29379   0.09981   0.07469   0.07278   0.09061   0.05405   0.07588   0.30573   0.65258   0.44444  
  7 174.6715   2412.964841  x:  0.02974   0.11117   0.01404   0.08622   0.01369   0.08597   0.05973   0.06126   0.05991   0.10264   0.10229   0.23605   0.02444   0.06909   0.26628   0.09311   0.01773   0.07188   0.06134   0.01483   0.00000   0.03158   0.12861   0.10137   0.11037   0.00000   0.09186   0.11670   0.09578   0.28978   0.10083   0.07513   0.07250   0.09177   0.05186   0.07488   0.25950   0.68509   0.44790  
  8 103.2122   2412.574415  x:  0.03157   0.11381   0.02315   0.08717   0.01545   0.08464   0.05808   0.05915   0.05770   0.10309   0.10724   0.23057   0.02053   0.07124   0.26224   0.09465   0.01685   0.07180   0.06132   0.01146   0.00000   0.03658   0.13202   0.10325   0.11196   0.00000   0.08827   0.11744   0.09556   0.28712   0.10351   0.07696   0.07210   0.09316   0.05521   0.07525   0.24962   0.70260   0.45004  
  9 48.3957   2411.692166  x:  0.03273   0.12210   0.02137   0.08661   0.00661   0.07567   0.05947   0.05958   0.05626   0.10345   0.11796   0.22095   0.02647   0.07394   0.25258   0.09986   0.01987   0.07141   0.06072   0.00823   0.00000   0.02789   0.14029   0.10362   0.11990   0.00000   0.07726   0.12038   0.09788   0.28206   0.10703   0.07812   0.07164   0.09567   0.06270   0.07676   0.24763   0.75495   0.45683  
 10 46.1444   2410.949003  x:  0.03120   0.12701   0.01582   0.08650   0.01667   0.07082   0.05920   0.05878   0.05562   0.10345   0.12386   0.21548   0.01957   0.07383   0.24540   0.10205   0.02258   0.07115   0.06072   0.00533   0.00000   0.01763   0.14477   0.10291   0.12508   0.00000   0.07140   0.12260   0.09925   0.27892   0.10703   0.07659   0.07223   0.09605   0.06214   0.07626   0.25300   0.80709   0.46381  
 11 111.8076   2409.237141  x:  0.02661   0.12740   0.01828   0.08518   0.01394   0.07631   0.05437   0.05446   0.05697   0.10399   0.12685   0.21346   0.01957   0.07094   0.23752   0.09869   0.02291   0.07101   0.06163   0.00000   0.00000   0.02182   0.14529   0.10421   0.12619   0.00000   0.07770   0.12514   0.09864   0.27632   0.10329   0.07200   0.07515   0.09207   0.04663   0.07214   0.27312   0.89914   0.47679  
 12 98.6423   2408.537637  x:  0.03412   0.11969   0.01646   0.08568   0.01235   0.08278   0.04707   0.04890   0.05202   0.10451   0.12581   0.21706   0.01757   0.07213   0.23866   0.09500   0.01708   0.07076   0.06126   0.00000   0.00000   0.01963   0.13984   0.10992   0.11609   0.00000   0.08144   0.12176   0.09352   0.27828   0.10172   0.07951   0.07206   0.09329   0.05819   0.07425   0.28488   0.94019   0.48398  
 13 55.9978   2408.448853  x:  0.03455   0.11753   0.01642   0.08580   0.01189   0.08396   0.04640   0.04861   0.05104   0.10461   0.12555   0.21761   0.01728   0.07252   0.23920   0.09421   0.01812   0.07075   0.06117   0.00415   0.00000   0.01911   0.13846   0.11141   0.11337   0.00000   0.08163   0.12053   0.09254   0.27888   0.10218   0.07994   0.07129   0.09393   0.05936   0.07447   0.28735   0.94925   0.48595  
 14 47.2722   2408.135907  x:  0.03039   0.11197   0.01721   0.08604   0.01071   0.08382   0.04823   0.05082   0.04821   0.10473   0.12449   0.21729   0.01671   0.07268   0.24297   0.09322   0.02084   0.07123   0.06061   0.00000   0.00000   0.01803   0.13664   0.11449   0.10523   0.00000   0.07711   0.11585   0.09108   0.28101   0.10753   0.07577   0.06942   0.09755   0.05702   0.07401   0.28899   0.95687   0.49060  
 15 18.0746   2407.221477  x:  0.03691   0.11092   0.01650   0.08257   0.00680   0.08143   0.03978   0.04359   0.04888   0.10144   0.11470   0.21532   0.01394   0.06953   0.25390   0.09667   0.02878   0.06815   0.06461   0.00000   0.00000   0.01280   0.12934   0.11369   0.10821   0.00000   0.07833   0.10931   0.09326   0.28713   0.11261   0.08230   0.07516   0.09871   0.04499   0.07097   0.28618   0.95580   0.51034  
 16  9.9653   2406.539391  x:  0.03094   0.11799   0.01655   0.08137   0.00417   0.08044   0.03449   0.03559   0.04385   0.10161   0.11063   0.21907   0.01118   0.06090   0.25889   0.09437   0.02290   0.07029   0.05991   0.00000   0.00000   0.01011   0.12904   0.10772   0.11218   0.00000   0.07977   0.11395   0.09189   0.28975   0.10905   0.07633   0.07178   0.09505   0.04818   0.07078   0.27744   0.93420   0.52161  
 17 31.4414   2406.450610  x:  0.03301   0.12015   0.01656   0.08213   0.00384   0.07901   0.03476   0.03894   0.04209   0.10199   0.11273   0.22335   0.01079   0.05907   0.25766   0.09189   0.02132   0.06926   0.06239   0.00000   0.00000   0.00974   0.12986   0.10605   0.10932   0.00000   0.07799   0.11624   0.08951   0.28827   0.10643   0.07839   0.07305   0.09559   0.04605   0.06945   0.27523   0.92959   0.52301  
 18 15.5051   2406.436421  x:  0.03319   0.12047   0.01660   0.08224   0.00377   0.07866   0.03499   0.03881   0.04244   0.10200   0.11334   0.22485   0.01073   0.05900   0.25707   0.09144   0.02134   0.06912   0.06245   0.00199   0.00000   0.00968   0.12999   0.10573   0.10843   0.00000   0.07771   0.11674   0.08919   0.28762   0.10587   0.07858   0.07336   0.09574   0.04579   0.06937   0.27489   0.92920   0.52339  
 19 12.6370   2406.414612  x:  0.03324   0.12037   0.01659   0.08215   0.00381   0.07765   0.03535   0.03679   0.04488   0.10174   0.11437   0.22821   0.01065   0.05954   0.25571   0.09148   0.02121   0.06902   0.06168   0.00136   0.00000   0.00971   0.13044   0.10535   0.10647   0.00000   0.07722   0.11704   0.08970   0.28572   0.10584   0.07863   0.07427   0.09634   0.04548   0.06974   0.27442   0.92865   0.52393  
 20  7.8343   2406.383821  x:  0.03245   0.11971   0.01663   0.08150   0.00391   0.07783   0.03289   0.03838   0.04453   0.10216   0.11552   0.23316   0.01053   0.05990   0.25390   0.09254   0.02188   0.06947   0.06158   0.00084   0.00000   0.00957   0.13132   0.10604   0.10650   0.00000   0.07855   0.11684   0.09180   0.28273   0.10709   0.07784   0.07405   0.09599   0.04593   0.06990   0.27422   0.92948   0.52518  
 21  3.9958   2406.334845  x:  0.03240   0.11933   0.01661   0.08113   0.00391   0.07938   0.03564   0.03712   0.04183   0.10285   0.11634   0.23735   0.01040   0.05947   0.25270   0.09302   0.02277   0.06948   0.06216   0.00000   0.00000   0.00925   0.13205   0.10744   0.10789   0.00000   0.07967   0.11648   0.09272   0.28005   0.10815   0.07779   0.07321   0.09535   0.04583   0.06939   0.27418   0.93089   0.52703  
 22  6.8395   2406.334845  x:  0.03240   0.11933   0.01661   0.08113   0.00391   0.07938   0.03564   0.03712   0.04183   0.10285   0.11634   0.23735   0.01040   0.05947   0.25270   0.09302   0.02277   0.06948   0.06216   0.00000   0.00000   0.00925   0.13205   0.10744   0.10789   0.00000   0.07967   0.11648   0.09272   0.28005   0.10815   0.07779   0.07321   0.09535   0.04583   0.06939   0.27418   0.93089   0.52703  
 23  4.4859   2404.366909  x:  0.03039   0.12015   0.02153   0.08171   0.01562   0.07574   0.03096   0.03229   0.03365   0.09939   0.11215   0.23786   0.02895   0.06013   0.25083   0.09322   0.02266   0.06977   0.06234   0.00009   0.00000   0.02381   0.12810   0.10286   0.10921   0.00000   0.07453   0.11277   0.08802   0.27385   0.10761   0.07578   0.07302   0.09561   0.04308   0.06810   0.27376   0.93173   0.52708  
 24 161.0106   2402.909260  x:  0.02625   0.12190   0.02236   0.08117   0.00913   0.06563   0.02537   0.02703   0.02101   0.09180   0.10089   0.23866   0.02884   0.05846   0.24618   0.09363   0.02245   0.07031   0.06265   0.00024   0.00000   0.02216   0.11834   0.09160   0.11047   0.00000   0.06359   0.10472   0.07755   0.25794   0.10633   0.07164   0.07265   0.09622   0.03880   0.06575   0.27301   0.93400   0.52721  
 25 88.7979   2402.247203  x:  0.02444   0.12341   0.02364   0.08142   0.01284   0.06003   0.02862   0.03031   0.02945   0.08629   0.09177   0.23943   0.02725   0.05763   0.24159   0.09402   0.02235   0.07059   0.06279   0.00141   0.00000   0.02145   0.11033   0.08313   0.11159   0.00000   0.05717   0.09866   0.07036   0.24178   0.10495   0.06983   0.07258   0.09671   0.03843   0.06469   0.27282   0.93658   0.52736  
 26 84.3875   2401.938352  x:  0.02698   0.12450   0.02105   0.08164   0.01329   0.06330   0.03090   0.03120   0.02731   0.08631   0.08787   0.24046   0.02624   0.05810   0.23651   0.09416   0.01893   0.07041   0.06250   0.00042   0.00000   0.02352   0.10672   0.08190   0.11227   0.00000   0.06231   0.09734   0.07175   0.22121   0.10391   0.07237   0.07310   0.09692   0.04318   0.06590   0.27350   0.94084   0.52759  
 27 33.6096   2401.840568  x:  0.02769   0.12477   0.02056   0.08176   0.01344   0.06485   0.03041   0.03100   0.02698   0.08673   0.08723   0.24086   0.02641   0.05845   0.23447   0.09422   0.02112   0.07036   0.06248   0.00335   0.00000   0.02321   0.10607   0.08226   0.11243   0.00000   0.06403   0.09732   0.07271   0.21275   0.10381   0.07308   0.07324   0.09694   0.04364   0.06620   0.27376   0.94294   0.52771  
 28 66.4205   2401.748727  x:  0.02740   0.12463   0.02151   0.08198   0.01380   0.06636   0.02773   0.03008   0.02848   0.08780   0.08823   0.24134   0.02755   0.05854   0.23255   0.09400   0.02082   0.07037   0.06245   0.00204   0.00000   0.02074   0.10735   0.08388   0.11215   0.00000   0.06420   0.09818   0.07405   0.20336   0.10448   0.07279   0.07315   0.09681   0.04078   0.06595   0.27408   0.94630   0.52788  
 29 32.0139   2401.717063  x:  0.02652   0.12417   0.02158   0.08201   0.01341   0.06615   0.02964   0.03056   0.02798   0.08841   0.08986   0.24138   0.02704   0.05903   0.23195   0.09385   0.02177   0.07041   0.06255   0.00112   0.00000   0.02179   0.10921   0.08509   0.11197   0.00000   0.06250   0.09903   0.07413   0.19952   0.10527   0.07191   0.07280   0.09672   0.03951   0.06569   0.27404   0.94952   0.52805  
 30 14.5105   2401.698686  x:  0.02641   0.12367   0.02109   0.08189   0.01441   0.06515   0.02877   0.03064   0.02776   0.08833   0.09131   0.24116   0.02648   0.05969   0.23170   0.09394   0.02268   0.07038   0.06267   0.00019   0.00000   0.02154   0.11047   0.08543   0.11202   0.00000   0.06127   0.09965   0.07347   0.19808   0.10584   0.07180   0.07254   0.09675   0.04162   0.06584   0.27374   0.95461   0.52833  
 31  8.6175   2401.688442  x:  0.02655   0.12360   0.02103   0.08182   0.01419   0.06497   0.02884   0.03052   0.02789   0.08822   0.09152   0.24103   0.02670   0.05989   0.23161   0.09402   0.02285   0.07035   0.06268   0.00000   0.00000   0.02150   0.11051   0.08537   0.11215   0.00000   0.06137   0.09972   0.07331   0.19800   0.10593   0.07193   0.07260   0.09676   0.04170   0.06583   0.27357   0.95700   0.52846  
 32 11.2714   2401.580212  x:  0.02763   0.12291   0.02222   0.08151   0.01653   0.06487   0.02897   0.03141   0.02645   0.08718   0.09296   0.23824   0.02491   0.06200   0.22961   0.09531   0.02514   0.06997   0.06274   0.00000   0.00000   0.02066   0.10894   0.08471   0.11462   0.00000   0.06378   0.09989   0.07266   0.19852   0.10644   0.07301   0.07353   0.09679   0.03918   0.06560   0.27007   1.00921   0.53132  
 33 55.7876   2401.436754  x:  0.02498   0.12312   0.02031   0.08167   0.01582   0.06752   0.02741   0.03181   0.02740   0.08836   0.09202   0.23560   0.02474   0.06054   0.22766   0.09501   0.02174   0.07025   0.06258   0.00000   0.00000   0.02201   0.10763   0.08617   0.11572   0.00000   0.06168   0.09914   0.07465   0.19982   0.10601   0.07037   0.07267   0.09657   0.03959   0.06596   0.26701   1.07891   0.53518  
 34 72.4115   2401.401258  x:  0.02503   0.12388   0.02136   0.08232   0.01622   0.06816   0.02907   0.03109   0.02677   0.08922   0.09054   0.23589   0.02586   0.05847   0.22795   0.09417   0.02185   0.07053   0.06253   0.00000   0.00000   0.02025   0.10794   0.08666   0.11450   0.00000   0.06062   0.09883   0.07529   0.20019   0.10570   0.07042   0.07221   0.09661   0.04074   0.06603   0.26770   1.09654   0.53619  
 35 42.5257   2401.383876  x:  0.02577   0.12473   0.02153   0.08295   0.01568   0.06788   0.02832   0.03140   0.02712   0.08967   0.08900   0.23715   0.02558   0.05721   0.22913   0.09347   0.02280   0.07067   0.06253   0.00000   0.00000   0.02131   0.10871   0.08676   0.11263   0.00000   0.06058   0.09873   0.07530   0.20027   0.10529   0.07116   0.07207   0.09673   0.04066   0.06585   0.26971   1.10555   0.53675  
 36 17.4510   2401.376221  x:  0.02572   0.12502   0.02073   0.08303   0.01619   0.06730   0.02848   0.03138   0.02693   0.08947   0.08886   0.23866   0.02557   0.05773   0.23047   0.09358   0.02221   0.07053   0.06256   0.00000   0.00000   0.02106   0.10919   0.08650   0.11141   0.00000   0.06109   0.09886   0.07491   0.20020   0.10506   0.07111   0.07213   0.09678   0.04012   0.06579   0.27186   1.10946   0.53705  
 37  7.6970   2401.374336  x:  0.02545   0.12499   0.02140   0.08284   0.01600   0.06751   0.02845   0.03136   0.02696   0.08928   0.08910   0.23946   0.02545   0.05809   0.23108   0.09379   0.02216   0.07050   0.06254   0.00000   0.00000   0.02114   0.10895   0.08630   0.11149   0.00000   0.06117   0.09880   0.07504   0.20015   0.10512   0.07083   0.07220   0.09671   0.04036   0.06591   0.27279   1.11046   0.53718  
 38  3.1206   2401.373815  x:  0.02542   0.12486   0.02117   0.08269   0.01601   0.06770   0.02845   0.03144   0.02695   0.08926   0.08922   0.23984   0.02554   0.05800   0.23129   0.09382   0.02233   0.07053   0.06253   0.00000   0.00000   0.02108   0.10870   0.08628   0.11182   0.00000   0.06103   0.09871   0.07514   0.20016   0.10508   0.07081   0.07222   0.09666   0.04035   0.06590   0.27313   1.11075   0.53727  
 39  1.4319   2401.373573  x:  0.02557   0.12473   0.02119   0.08267   0.01605   0.06766   0.02846   0.03129   0.02697   0.08929   0.08928   0.24006   0.02544   0.05789   0.23137   0.09378   0.02225   0.07054   0.06254   0.00000   0.00000   0.02113   0.10865   0.08638   0.11210   0.00000   0.06094   0.09871   0.07509   0.20015   0.10511   0.07095   0.07220   0.09665   0.04031   0.06584   0.27322   1.11084   0.53738  
 40  0.6690   2401.373202  x:  0.02560   0.12457   0.02128   0.08271   0.01598   0.06750   0.02843   0.03157   0.02691   0.08938   0.08924   0.24032   0.02552   0.05778   0.23139   0.09372   0.02217   0.07054   0.06255   0.00000   0.00000   0.02107   0.10867   0.08650   0.11235   0.00000   0.06103   0.09876   0.07497   0.20015   0.10517   0.07098   0.07214   0.09666   0.04032   0.06584   0.27318   1.11096   0.53765  
 41  0.5044   2401.371060  x:  0.02521   0.12413   0.02115   0.08292   0.01597   0.06731   0.02850   0.03120   0.02706   0.08955   0.08879   0.24123   0.02543   0.05775   0.23135   0.09360   0.02239   0.07048   0.06252   0.00000   0.00000   0.02106   0.10887   0.08669   0.11270   0.00000   0.06162   0.09894   0.07473   0.20026   0.10530   0.07059   0.07197   0.09678   0.04039   0.06604   0.27265   1.11167   0.53944  
 42  0.9528   2401.355469  x:  0.02605   0.12346   0.02097   0.08320   0.01535   0.06820   0.02856   0.03130   0.02725   0.08927   0.08858   0.24487   0.02537   0.05933   0.23084   0.09404   0.02234   0.07034   0.06240   0.00000   0.00000   0.02060   0.10985   0.08602   0.11187   0.00000   0.06075   0.09923   0.07518   0.20094   0.10575   0.07143   0.07247   0.09732   0.04042   0.06602   0.26960   1.11653   0.55269  
 43  3.3853   2401.320487  x:  0.02624   0.12513   0.02080   0.08113   0.01434   0.06689   0.02885   0.03108   0.02787   0.08836   0.09258   0.24413   0.02501   0.05737   0.23055   0.09384   0.02240   0.07050   0.06273   0.00000   0.00000   0.02009   0.10948   0.08591   0.11081   0.00000   0.06252   0.09935   0.07493   0.20145   0.10603   0.07162   0.07210   0.09623   0.04076   0.06515   0.26900   1.12743   0.58216  
 44  9.2115   2401.296402  x:  0.02668   0.12514   0.02062   0.08196   0.01338   0.06617   0.02901   0.03084   0.02830   0.08941   0.09229   0.23998   0.02502   0.05910   0.23142   0.09437   0.02262   0.06981   0.06188   0.00000   0.00000   0.01933   0.10957   0.08712   0.11242   0.00000   0.06211   0.09988   0.07453   0.20176   0.10566   0.07206   0.07298   0.09633   0.04077   0.06681   0.27152   1.13493   0.60160  
 45 14.6511   2401.292374  x:  0.02668   0.12418   0.02063   0.08225   0.01320   0.06680   0.02902   0.03085   0.02833   0.08905   0.09184   0.23876   0.02502   0.05936   0.23186   0.09420   0.02261   0.07007   0.06251   0.00000   0.00000   0.01918   0.11027   0.08657   0.11292   0.00000   0.06229   0.10018   0.07445   0.20175   0.10583   0.07206   0.07268   0.09664   0.04094   0.06572   0.27221   1.13620   0.60425  
 46  4.5428   2401.291480  x:  0.02675   0.12346   0.02063   0.08198   0.01320   0.06691   0.02902   0.03087   0.02832   0.08876   0.09179   0.23846   0.02501   0.05913   0.23211   0.09403   0.02258   0.07003   0.06206   0.00000   0.00000   0.01918   0.11044   0.08633   0.11274   0.00000   0.06235   0.10010   0.07452   0.20169   0.10612   0.07213   0.07258   0.09676   0.04086   0.06605   0.27225   1.13653   0.60384  
 47  0.9474   2401.288835  x:  0.02687   0.12257   0.02059   0.08147   0.01315   0.06673   0.02905   0.03083   0.02839   0.08908   0.09162   0.23818   0.02501   0.05923   0.23283   0.09422   0.02262   0.06993   0.06295   0.00000   0.00000   0.01913   0.10988   0.08675   0.11208   0.00000   0.06238   0.09974   0.07463   0.20160   0.10674   0.07226   0.07255   0.09680   0.04085   0.06625   0.27192   1.13770   0.59950  
 48  1.1056   2401.274302  x:  0.02702   0.12286   0.02035   0.08194   0.01262   0.06669   0.02916   0.03072   0.02865   0.08968   0.09213   0.23810   0.02488   0.05957   0.23480   0.09487   0.02274   0.07043   0.06136   0.00000   0.00000   0.01872   0.10928   0.08710   0.11199   0.00000   0.06274   0.10013   0.07418   0.20149   0.10734   0.07241   0.07263   0.09667   0.04119   0.06474   0.27055   1.14415   0.57266  
 49  5.5318   2401.261318  x:  0.02722   0.12384   0.02026   0.08224   0.01212   0.06673   0.02926   0.03068   0.02884   0.08876   0.09282   0.23842   0.02471   0.05930   0.23491   0.09445   0.02273   0.07016   0.06265   0.00000   0.00000   0.01836   0.11052   0.08632   0.11309   0.00000   0.06289   0.10081   0.07427   0.20172   0.10665   0.07260   0.07296   0.09669   0.04105   0.06618   0.27004   1.14998   0.54806  
 50 20.9056   2401.258764  x:  0.02727   0.12348   0.02037   0.08143   0.01202   0.06646   0.02929   0.03065   0.02889   0.08874   0.09269   0.23871   0.02468   0.05983   0.23312   0.09421   0.02278   0.07016   0.06250   0.00000   0.00000   0.01827   0.11089   0.08663   0.11305   0.00000   0.06296   0.10044   0.07447   0.20220   0.10624   0.07266   0.07274   0.09673   0.04110   0.06590   0.27083   1.15116   0.54312  
 51  3.9927   2401.258364  x:  0.02727   0.12327   0.02034   0.08169   0.01198   0.06659   0.02928   0.03065   0.02890   0.08886   0.09284   0.23879   0.02467   0.05973   0.23251   0.09432   0.02278   0.07023   0.06253   0.00000   0.00000   0.01829   0.11075   0.08654   0.11288   0.00000   0.06295   0.10054   0.07425   0.20236   0.10650   0.07266   0.07285   0.09672   0.04111   0.06596   0.27115   1.15134   0.54235  
 52  1.2506   2401.258345  x:  0.02727   0.12328   0.02033   0.08172   0.01198   0.06654   0.02929   0.03065   0.02890   0.08882   0.09282   0.23879   0.02467   0.05971   0.23247   0.09435   0.02278   0.07019   0.06252   0.00000   0.00000   0.01829   0.11072   0.08653   0.11289   0.00000   0.06294   0.10059   0.07433   0.20237   0.10657   0.07266   0.07282   0.09672   0.04111   0.06594   0.27118   1.15135   0.54233  
 53  0.1813   2401.258250  x:  0.02729   0.12342   0.02030   0.08157   0.01200   0.06661   0.02929   0.03065   0.02889   0.08875   0.09269   0.23879   0.02465   0.05973   0.23244   0.09440   0.02278   0.07031   0.06253   0.00000   0.00000   0.01828   0.11072   0.08660   0.11293   0.00000   0.06292   0.10071   0.07427   0.20238   0.10676   0.07267   0.07278   0.09673   0.04109   0.06599   0.27121   1.15143   0.54235  
 54  0.0353   2401.256597  x:  0.02725   0.12387   0.02020   0.08136   0.01207   0.06694   0.02929   0.03069   0.02881   0.08914   0.09244   0.23865   0.02430   0.05973   0.23223   0.09417   0.02275   0.06953   0.06251   0.00000   0.00000   0.01814   0.11068   0.08626   0.11318   0.00000   0.06296   0.10033   0.07413   0.20224   0.10719   0.07264   0.07280   0.09691   0.04102   0.06586   0.27133   1.15280   0.54295  
 55  0.1368   2401.253011  x:  0.02719   0.12378   0.02015   0.08191   0.01214   0.06689   0.02933   0.03079   0.02862   0.08895   0.09214   0.23835   0.02353   0.05978   0.23182   0.09413   0.02266   0.07042   0.06254   0.00000   0.00000   0.01786   0.11016   0.08619   0.11329   0.00000   0.06308   0.09984   0.07458   0.20185   0.10654   0.07258   0.07284   0.09686   0.04085   0.06604   0.27147   1.15578   0.54428  
 56  1.7782   2401.252612  x:  0.02719   0.12362   0.02019   0.08186   0.01213   0.06704   0.02934   0.03082   0.02859   0.08873   0.09203   0.23832   0.02346   0.05966   0.23178   0.09431   0.02266   0.07017   0.06254   0.00000   0.00000   0.01784   0.11001   0.08637   0.11319   0.00000   0.06303   0.10015   0.07442   0.20180   0.10614   0.07258   0.07283   0.09673   0.04085   0.06600   0.27146   1.15612   0.54443  
 57  1.0625   2401.252607  x:  0.02718   0.12362   0.02020   0.08183   0.01213   0.06703   0.02934   0.03081   0.02859   0.08878   0.09202   0.23832   0.02346   0.05965   0.23177   0.09432   0.02266   0.07018   0.06254   0.00000   0.00000   0.01785   0.11001   0.08633   0.11319   0.00000   0.06303   0.10019   0.07443   0.20180   0.10612   0.07257   0.07284   0.09673   0.04085   0.06600   0.27145   1.15612   0.54443  
 58  0.1161   2401.252605  x:  0.02718   0.12362   0.02020   0.08184   0.01213   0.06703   0.02934   0.03082   0.02859   0.08878   0.09203   0.23832   0.02345   0.05965   0.23178   0.09433   0.02266   0.07018   0.06254   0.00000   0.00000   0.01785   0.11000   0.08634   0.11318   0.00000   0.06303   0.10019   0.07443   0.20180   0.10612   0.07257   0.07281   0.09678   0.04084   0.06600   0.27146   1.15610   0.54442  
 59  0.0020   2401.252553  x:  0.02713   0.12361   0.02020   0.08185   0.01208   0.06705   0.02933   0.03085   0.02857   0.08881   0.09203   0.23834   0.02343   0.05958   0.23183   0.09430   0.02265   0.07020   0.06253   0.00000   0.00000   0.01789   0.11006   0.08643   0.11314   0.00000   0.06298   0.10022   0.07450   0.20185   0.10614   0.07252   0.07289   0.09680   0.04085   0.06598   0.27147   1.15577   0.54404  
 60  0.0287   2401.252541  x:  0.02713   0.12360   0.02020   0.08186   0.01207   0.06706   0.02933   0.03086   0.02857   0.08884   0.09203   0.23835   0.02342   0.05959   0.23185   0.09430   0.02265   0.07020   0.06253   0.00000   0.00000   0.01789   0.11007   0.08642   0.11313   0.00000   0.06297   0.10022   0.07451   0.20187   0.10614   0.07252   0.07281   0.09672   0.04084   0.06600   0.27147   1.15569   0.54396  
 61  0.1998   2401.252541  x:  0.02713   0.12360   0.02020   0.08186   0.01207   0.06706   0.02933   0.03086   0.02857   0.08884   0.09203   0.23835   0.02342   0.05959   0.23185   0.09430   0.02265   0.07020   0.06253   0.00000   0.00000   0.01789   0.11007   0.08642   0.11313   0.00000   0.06297   0.10022   0.07451   0.20187   0.10614   0.07252   0.07281   0.09672   0.04084   0.06600   0.27147   1.15569   0.54396  
 62  0.0004   2401.252539  x:  0.02712   0.12360   0.02020   0.08186   0.01207   0.06706   0.02933   0.03086   0.02857   0.08884   0.09204   0.23835   0.02343   0.05959   0.23185   0.09429   0.02265   0.07020   0.06253   0.00000   0.00000   0.01788   0.11008   0.08643   0.11313   0.00000   0.06297   0.10023   0.07451   0.20187   0.10614   0.07252   0.07280   0.09672   0.04084   0.06600   0.27148   1.15546   0.54393  
 63  0.0078   2401.252539  x:  0.02712   0.12360   0.02020   0.08186   0.01207   0.06706   0.02933   0.03086   0.02857   0.08884   0.09203   0.23835   0.02342   0.05959   0.23185   0.09429   0.02265   0.07020   0.06253   0.00000   0.00000   0.01788   0.11008   0.08643   0.11313   0.00000   0.06297   0.10022   0.07451   0.20186   0.10614   0.07252   0.07280   0.09672   0.04084   0.06600   0.27148   1.15536   0.54395  
 64  0.0001   2401.252539  x:  0.02712   0.12360   0.02020   0.08186   0.01207   0.06706   0.02933   0.03086   0.02857   0.08884   0.09203   0.23835   0.02342   0.05959   0.23185   0.09429   0.02265   0.07020   0.06253   0.00000   0.00000   0.01788   0.11008   0.08643   0.11313   0.00000   0.06297   0.10022   0.07451   0.20186   0.10614   0.07252   0.07280   0.09672   0.04084   0.06600   0.27148   1.15535   0.54394  
 65  0.0000   2401.252539  x:  0.02712   0.12360   0.02020   0.08186   0.01207   0.06706   0.02933   0.03086   0.02857   0.08884   0.09203   0.23835   0.02342   0.05959   0.23185   0.09429   0.02265   0.07020   0.06253   0.00000   0.00000   0.01788   0.11008   0.08643   0.11313   0.00000   0.06297   0.10022   0.07451   0.20186   0.10614   0.07252   0.07280   0.09672   0.04084   0.06600   0.27148   1.15535   0.54394  