

TREE # 1

  0  0.0000   1602.797810  x:  0.03399   0.01079   0.09729   0.04880   0.03472   0.07407   0.03779   0.08200   0.06543   0.03042   0.05202   0.02830   0.03009   0.03476   0.07647   0.06706   0.08118   0.06935   0.08364   0.41581   0.46169   0.53538  
  1 99.0000   1569.546941  x:  0.11912   0.06564   0.09586   0.07479   0.02233   0.05658   0.10504   0.09519   0.06263   0.01736   0.06676   0.09658   0.08537   0.09158   0.08471   0.07246   0.08585   0.05672   0.07502   0.40737   0.46220   0.53452  
  2 631.1868   1566.090192  x:  0.12602   0.03383   0.08821   0.08765   0.01614   0.02977   0.12582   0.10430   0.06032   0.01568   0.07006   0.08897   0.08633   0.09346   0.09122   0.07569   0.09275   0.03557   0.06338   0.38612   0.46321   0.53256  
  3 102.2950   1565.357502  x:  0.12981   0.02239   0.08484   0.09131   0.02991   0.02987   0.13467   0.10760   0.06007   0.01742   0.06992   0.08604   0.08738   0.09604   0.09393   0.07650   0.09465   0.03476   0.06138   0.37224   0.46396   0.53121  
  4 98.8864   1564.370250  x:  0.13261   0.01646   0.07796   0.09273   0.02388   0.03652   0.14848   0.11231   0.06066   0.01640   0.06379   0.07491   0.08605   0.10125   0.09898   0.07711   0.09537   0.04873   0.06492   0.32664   0.46678   0.52657  
  5 57.4298   1563.747621  x:  0.12933   0.02597   0.07833   0.09071   0.02637   0.03440   0.15252   0.11245   0.06124   0.01894   0.06008   0.06950   0.08407   0.10149   0.10036   0.07744   0.09430   0.04336   0.06547   0.28659   0.46970   0.52187  
  6 76.0370   1563.557966  x:  0.12757   0.02352   0.08104   0.08865   0.02638   0.03522   0.15030   0.10998   0.06095   0.01457   0.06135   0.07532   0.08596   0.10036   0.09863   0.07665   0.09345   0.04170   0.06613   0.27175   0.47153   0.51902  
  7 39.2302   1563.509070  x:  0.12747   0.02206   0.08217   0.08825   0.02560   0.03516   0.14889   0.10898   0.06108   0.01755   0.06237   0.07795   0.08700   0.10008   0.09786   0.07644   0.09333   0.04199   0.06619   0.26737   0.47252   0.51751  
  8 30.2673   1563.486629  x:  0.12904   0.02235   0.08272   0.09002   0.02608   0.03353   0.14560   0.10820   0.06076   0.01729   0.06414   0.07741   0.08709   0.10030   0.09770   0.07731   0.09433   0.04398   0.06485   0.26567   0.47543   0.51317  
  9  6.7063   1563.458647  x:  0.13165   0.02218   0.08202   0.09194   0.02541   0.03600   0.14211   0.10788   0.06084   0.01736   0.06543   0.07630   0.08698   0.10083   0.09777   0.07821   0.09520   0.04219   0.06418   0.26457   0.48173   0.50381  
 10 10.3554   1563.300818  x:  0.13783   0.02090   0.07713   0.09085   0.02622   0.03265   0.13567   0.10832   0.06264   0.01728   0.06390   0.07625   0.08578   0.10235   0.09875   0.07587   0.09333   0.04036   0.07217   0.26379   0.52634   0.43713  
 11 17.7452   1562.806774  x:  0.13665   0.02127   0.07865   0.08800   0.02608   0.03345   0.13733   0.11061   0.06069   0.01767   0.06374   0.07795   0.08430   0.10116   0.10138   0.07331   0.09163   0.04146   0.06561   0.26449   0.64682   0.25543  
 12 93.2528   1562.754074  x:  0.13412   0.02142   0.08001   0.09017   0.02611   0.03351   0.13950   0.10841   0.06378   0.01752   0.06472   0.07702   0.08619   0.10113   0.09952   0.07663   0.09348   0.04142   0.06821   0.26489   0.66257   0.23253  
 13 39.8492   1562.749180  x:  0.13371   0.02150   0.07902   0.09058   0.02611   0.03349   0.14003   0.10651   0.06275   0.01762   0.06478   0.07649   0.08683   0.10145   0.09834   0.07603   0.09352   0.04136   0.06820   0.26497   0.66489   0.23112  
 14  3.8874   1562.744945  x:  0.13383   0.02150   0.07861   0.09015   0.02609   0.03349   0.14052   0.10497   0.06411   0.01755   0.06543   0.07632   0.08653   0.10153   0.09862   0.07556   0.09320   0.04141   0.06752   0.26506   0.67003   0.23258  
 15  1.6464   1562.709111  x:  0.13320   0.02162   0.08052   0.08969   0.02602   0.03381   0.14272   0.10151   0.06171   0.01780   0.06749   0.07593   0.08627   0.10049   0.10104   0.07747   0.09318   0.04138   0.06886   0.26585   0.72038   0.25022  
 16  7.2725   1562.664576  x:  0.13035   0.02208   0.08063   0.09162   0.02609   0.03388   0.14300   0.10323   0.06297   0.01773   0.06547   0.07621   0.08922   0.10015   0.09747   0.07694   0.09416   0.04180   0.06732   0.26657   0.78383   0.27288  
 17 35.1406   1562.663065  x:  0.13010   0.02209   0.08040   0.09123   0.02610   0.03387   0.14308   0.10361   0.06289   0.01773   0.06603   0.07637   0.08853   0.10087   0.09667   0.07726   0.09433   0.04180   0.06730   0.26659   0.78585   0.27358  
 18  2.9563   1562.661957  x:  0.13002   0.02198   0.08092   0.09158   0.02608   0.03386   0.14296   0.10327   0.06289   0.01774   0.06543   0.07660   0.08800   0.10151   0.09668   0.07721   0.09425   0.04175   0.06722   0.26676   0.78608   0.27342  
 19  0.1308   1562.610658  x:  0.12633   0.02383   0.08214   0.09015   0.02580   0.03431   0.13881   0.10284   0.06242   0.01777   0.06788   0.07929   0.08976   0.10235   0.09813   0.07601   0.09302   0.04142   0.06612   0.27393   0.79207   0.26330  
 20  0.4153   1562.595498  x:  0.12830   0.02438   0.08312   0.08896   0.02573   0.03445   0.13873   0.10212   0.06230   0.01781   0.06711   0.08023   0.08858   0.09927   0.09575   0.07661   0.09347   0.04156   0.06551   0.27598   0.79380   0.26032  
 21  5.2007   1562.595352  x:  0.12839   0.02436   0.08335   0.08901   0.02572   0.03446   0.13877   0.10218   0.06231   0.01780   0.06725   0.08008   0.08859   0.09926   0.09559   0.07646   0.09324   0.04154   0.06557   0.27600   0.79381   0.26029  
 22  0.6193   1562.595341  x:  0.12840   0.02435   0.08335   0.08897   0.02572   0.03445   0.13876   0.10218   0.06231   0.01780   0.06722   0.08005   0.08863   0.09928   0.09558   0.07653   0.09317   0.04154   0.06554   0.27600   0.79382   0.26029  
 23  0.0515   1562.591910  x:  0.12700   0.02473   0.08365   0.08891   0.02533   0.03411   0.13904   0.10222   0.06228   0.01770   0.06717   0.07991   0.08808   0.09854   0.09575   0.07664   0.09300   0.04088   0.06540   0.27496   0.79547   0.25897  
 24  0.0089   1562.591827  x:  0.12702   0.02471   0.08379   0.08871   0.02531   0.03409   0.13902   0.10221   0.06229   0.01769   0.06714   0.07980   0.08816   0.09862   0.09575   0.07657   0.09320   0.04084   0.06539   0.27494   0.79551   0.25894  
 25  0.4407   1562.590921  x:  0.12663   0.02473   0.08374   0.08866   0.02520   0.03418   0.13809   0.10209   0.06238   0.01765   0.06709   0.07946   0.08794   0.09845   0.09563   0.07661   0.09318   0.04111   0.06574   0.27501   0.79102   0.26031  
 26  0.0029   1562.590717  x:  0.12644   0.02458   0.08369   0.08863   0.02532   0.03421   0.13802   0.10217   0.06232   0.01770   0.06710   0.07932   0.08781   0.09833   0.09570   0.07654   0.09318   0.04112   0.06555   0.27516   0.79217   0.25973  
 27  0.0011   1562.590713  x:  0.12642   0.02457   0.08370   0.08862   0.02534   0.03421   0.13803   0.10215   0.06233   0.01771   0.06710   0.07933   0.08781   0.09833   0.09568   0.07655   0.09318   0.04110   0.06558   0.27516   0.79222   0.25978  
 28  0.0001   1562.590712  x:  0.12642   0.02457   0.08370   0.08862   0.02534   0.03421   0.13803   0.10215   0.06234   0.01771   0.06709   0.07933   0.08781   0.09833   0.09569   0.07655   0.09318   0.04110   0.06558   0.27516   0.79229   0.25977  
 29  0.0001   1562.590712  x:  0.12642   0.02457   0.08370   0.08862   0.02534   0.03421   0.13803   0.10215   0.06234   0.01771   0.06709   0.07933   0.08781   0.09833   0.09569   0.07655   0.09318   0.04110   0.06558   0.27516   0.79232   0.25977  
 30  0.0000   1562.590712  x:  0.12642   0.02457   0.08370   0.08862   0.02534   0.03421   0.13803   0.10215   0.06234   0.01771   0.06710   0.07933   0.08781   0.09833   0.09569   0.07655   0.09318   0.04110   0.06558   0.27516   0.79232   0.25977  
 31  0.0000   1562.590712  x:  0.12642   0.02457   0.08370   0.08862   0.02534   0.03421   0.13803   0.10215   0.06234   0.01771   0.06710   0.07933   0.08781   0.09833   0.09569   0.07655   0.09318   0.04110   0.06558   0.27516   0.79232   0.25977  
 32  0.0000   1562.590712  x:  0.12642   0.02457   0.08370   0.08862   0.02534   0.03421   0.13803   0.10215   0.06234   0.01771   0.06710   0.07933   0.08781   0.09833   0.09569   0.07655   0.09318   0.04110   0.06558   0.27516   0.79232   0.25977  