

TREE # 1

  0  0.0000   1796.368421  x:  0.06928   0.06450   0.04207   0.09215   0.07664   0.43565   0.51643  
  1 99.0000   1373.042301  x:  0.00859   0.00000   1.03745   0.35675   0.93348   0.42249   0.52365  
  2 2261.0285   1372.398208  x:  0.00332   0.00000   1.03089   0.35348   0.94223   0.41043   0.52561  
  3 56.4045   1371.335373  x:  0.00000   0.00299   1.02355   0.34980   0.95218   0.39678   0.52782  
  4 1348.3600   1371.335373  x:  0.00000   0.00299   1.02355   0.34980   0.95218   0.39678   0.52782  
  5 1743951.4707   1371.015105  x:  0.00212   0.00568   1.02350   0.34970   0.95272   0.39627   0.52791  
  6 260.4861   1370.305913  x:  0.00000   0.00752   1.02260   0.34815   0.96134   0.38812   0.52932  
  7 60.3428   1367.287243  x:  0.00000   0.04549   1.05027   0.22936   1.01761   0.26760   0.56488  
  8 93.6080   1364.330235  x:  0.00000   0.02312   1.08177   0.14245   1.05034   0.18609   0.59272  
  9 129.3427   1361.811821  x:  0.00000   0.01397   1.25134   0.04246   1.20468   0.22542   0.67960  
 10 26.2165   1359.775960  x:  0.00000   0.02224   1.54612   0.08959   1.26667   0.14440   0.73524  
 11 22.2832   1358.795277  x:  0.00000   0.01759   1.60473   0.05814   1.33231   0.14618   0.53618  
 12  2.8694   1356.402028  x:  0.00000   0.00380   1.51376   0.08517   1.38884   0.15564   0.56952  
 13  0.9931   1353.587086  x:  0.00000   0.01260   1.24413   0.15853   1.56555   0.21070   0.64057  
 14  0.6896   1352.732166  x:  0.00000   0.00852   1.18523   0.15551   1.69704   0.18498   0.54292  
 15  0.1465   1352.670050  x:  0.00000   0.00772   1.24093   0.15154   1.71873   0.18037   0.52058  
 16  0.0842   1352.664602  x:  0.00000   0.00744   1.23625   0.15445   1.72260   0.18358   0.52523  
 17  0.0104   1352.664352  x:  0.00000   0.00749   1.23595   0.15556   1.72383   0.18304   0.52655  
 18  0.0019   1352.664324  x:  0.00000   0.00750   1.23550   0.15587   1.72430   0.18312   0.52564  
 19  0.0009   1352.664321  x:  0.00000   0.00750   1.23548   0.15609   1.72385   0.18310   0.52573  
 20  0.0003   1352.664320  x:  0.00000   0.00750   1.23544   0.15610   1.72383   0.18309   0.52572  
 21  0.0001   1352.664320  x:  0.00000   0.00750   1.23544   0.15610   1.72383   0.18309   0.52572  
 22  0.0000   1352.664320  x:  0.00000   0.00750   1.23544   0.15610   1.72383   0.18309   0.52572  
 23  0.0000   1352.664320  x:  0.00000   0.00750   1.23544   0.15610   1.72383   0.18309   0.52572  
 24  0.0054   1352.664320  x:  0.00000   0.00750   1.23544   0.15610   1.72383   0.18310   0.52572  
 25  0.0004   1352.664320  x:  0.00000   0.00750   1.23544   0.15610   1.72383   0.18310   0.52572  
 26  0.0003   1352.664320  x:  0.00000   0.00750   1.23544   0.15610   1.72383   0.18310   0.52572  
 27  0.0000   1352.664320  x:  0.00000   0.00750   1.23544   0.15610   1.72383   0.18310   0.52572  
 28  0.0000   1352.664320  x:  0.00000   0.00750   1.23544   0.15610   1.72383   0.18310   0.52572  
check convergence!
