

TREE # 1

  0  0.0000   2966.679382  x:  0.10240   0.04852   0.01887   0.09827   0.09870   0.10825   0.01245   0.05741   0.01187   0.05469   0.02914   0.05194   0.07760   0.10520   0.03166   0.02170   0.05799   0.08397   0.07537   0.09831   0.10718   0.06733   0.07583   0.07836   0.04186   0.02502   0.03046   0.08249   0.08408   0.03098   0.04914   0.01110   0.01829   0.09192   0.02336   0.08298   0.08004   0.01722   0.03865   0.01740   0.06829   0.02865   0.10993   0.09589   0.04876   0.08317   0.56911   0.40911   0.56056  
  1 99.0000   2877.224061  x:  0.10016   0.05325   0.02337   0.08970   0.09308   0.09588   0.00000   0.05579   0.03909   0.04389   0.05857   0.05667   0.10425   0.10296   0.05928   0.02364   0.06298   0.07603   0.07354   0.08986   0.09878   0.05927   0.07717   0.08055   0.09341   0.03452   0.03197   0.10229   0.08553   0.02357   0.05643   0.02029   0.03182   0.08603   0.01630   0.07360   0.07486   0.08149   0.05360   0.05272   0.05875   0.04167   0.10867   0.09405   0.08159   0.08632   0.56307   0.41583   0.56016  
  2 1330.3706   2825.309034  x:  0.09216   0.05980   0.01816   0.06164   0.07481   0.05446   0.00000   0.05202   0.01689   0.00699   0.07247   0.06669   0.15287   0.09496   0.07775   0.02122   0.07201   0.04846   0.06769   0.06305   0.07191   0.03526   0.08098   0.08395   0.12100   0.02806   0.04065   0.14525   0.08958   0.00227   0.06868   0.01441   0.03120   0.06794   0.00000   0.03993   0.05366   0.04163   0.06812   0.05071   0.02426   0.05314   0.10441   0.08475   0.11970   0.09201   0.54293   0.43654   0.55886  
  3 561.2596   2817.042042  x:  0.09063   0.06086   0.01709   0.05622   0.07131   0.04626   0.00000   0.05148   0.01406   0.00000   0.07472   0.06850   0.16155   0.09343   0.08078   0.02078   0.07360   0.04308   0.06663   0.05791   0.06675   0.03087   0.08168   0.08457   0.12556   0.02669   0.04227   0.15295   0.09034   0.00506   0.07080   0.01387   0.03100   0.06454   0.00437   0.03333   0.04957   0.03475   0.07059   0.05040   0.01751   0.05503   0.10360   0.08301   0.12629   0.09302   0.53897   0.44057   0.55861  
  4 3360.5668   2803.318548  x:  0.08710   0.06037   0.01309   0.04338   0.06324   0.02326   0.00000   0.05300   0.03366   0.00000   0.07161   0.07096   0.17178   0.08990   0.07856   0.01996   0.07505   0.02934   0.06523   0.04638   0.05490   0.02480   0.08275   0.08488   0.12208   0.02072   0.04516   0.16338   0.09144   0.00281   0.07217   0.01714   0.02823   0.05784   0.00738   0.01553   0.03993   0.02951   0.07051   0.04676   0.00000   0.05414   0.10180   0.07965   0.12970   0.09409   0.52825   0.45065   0.55795  
  5 735.7828   2794.158228  x:  0.08439   0.05883   0.01055   0.03353   0.05682   0.00088   0.00000   0.05546   0.03068   0.00000   0.06734   0.07249   0.17620   0.08719   0.07396   0.02018   0.07536   0.01793   0.06488   0.03802   0.04594   0.02404   0.08333   0.08441   0.11549   0.01725   0.04755   0.16895   0.09183   0.00053   0.07193   0.01717   0.02681   0.05347   0.00968   0.00000   0.03245   0.03862   0.06825   0.04642   0.00000   0.05205   0.10051   0.07777   0.12816   0.09445   0.51817   0.45968   0.55733  
  6 741.3242   2793.938091  x:  0.08433   0.05877   0.01060   0.03339   0.05668   0.00000   0.00000   0.05556   0.03066   0.00000   0.06734   0.07253   0.17621   0.08713   0.07387   0.02025   0.07535   0.01773   0.06492   0.03792   0.04579   0.02419   0.08334   0.08436   0.11543   0.01751   0.04766   0.16902   0.09181   0.00038   0.07189   0.01717   0.02691   0.05342   0.00982   0.00000   0.03231   0.03858   0.06816   0.04665   0.00000   0.05201   0.10049   0.07776   0.12805   0.09445   0.51780   0.45998   0.55731  
  7 477.6727   2793.754393  x:  0.08422   0.05858   0.01068   0.03344   0.05641   0.00000   0.00000   0.05579   0.03065   0.00000   0.06765   0.07262   0.17610   0.08702   0.07384   0.02045   0.07533   0.01780   0.06506   0.03804   0.04565   0.02439   0.08336   0.08407   0.11569   0.01703   0.04784   0.16911   0.09167   0.00000   0.07182   0.01702   0.02694   0.05352   0.01017   0.00000   0.03223   0.03853   0.06788   0.04676   0.00000   0.05203   0.10045   0.07783   0.12773   0.09441   0.51628   0.46117   0.55721  
  8 139.4995   2793.754393  x:  0.08422   0.05858   0.01068   0.03344   0.05641   0.00000   0.00000   0.05579   0.03065   0.00000   0.06765   0.07262   0.17610   0.08702   0.07384   0.02045   0.07533   0.01780   0.06506   0.03804   0.04565   0.02439   0.08336   0.08407   0.11569   0.01703   0.04784   0.16911   0.09167   0.00000   0.07182   0.01702   0.02694   0.05352   0.01017   0.00000   0.03223   0.03853   0.06788   0.04676   0.00000   0.05203   0.10045   0.07783   0.12773   0.09441   0.51628   0.46117   0.55721  
  9 288.3053   2772.791673  x:  0.07956   0.06003   0.01970   0.01818   0.04406   0.00000   0.00000   0.05981   0.05559   0.00000   0.10361   0.07920   0.20327   0.08237   0.10177   0.02709   0.07965   0.00000   0.06533   0.02519   0.03035   0.02559   0.08477   0.08387   0.17573   0.04367   0.05360   0.19097   0.09209   0.02214   0.07725   0.03070   0.04989   0.04632   0.04801   0.00000   0.02066   0.14340   0.08014   0.10783   0.00000   0.06485   0.09824   0.07675   0.15840   0.09739   0.49152   0.48324   0.55562  
 10 412.6978   2771.251769  x:  0.07876   0.06008   0.01984   0.01733   0.04249   0.00000   0.00000   0.06038   0.05766   0.00000   0.10837   0.08005   0.20793   0.08156   0.10561   0.02762   0.08065   0.01399   0.06556   0.02430   0.02879   0.02584   0.08504   0.08394   0.18459   0.04503   0.05448   0.19466   0.09194   0.02160   0.07794   0.03088   0.05178   0.04528   0.04969   0.00000   0.01941   0.15504   0.08179   0.11505   0.00000   0.06636   0.09785   0.07641   0.16348   0.09769   0.48656   0.48746   0.55527  
 11 638.6213   2763.583974  x:  0.07604   0.05918   0.01353   0.02402   0.04045   0.00000   0.00000   0.06165   0.05399   0.00000   0.11732   0.08157   0.22361   0.07885   0.11384   0.02499   0.08281   0.01286   0.06531   0.02846   0.03005   0.02662   0.08607   0.08389   0.20731   0.03475   0.05667   0.20675   0.09027   0.00000   0.07900   0.02153   0.04828   0.04319   0.03357   0.00000   0.01989   0.16561   0.08500   0.12404   0.00000   0.06781   0.09657   0.07452   0.17805   0.09787   0.46563   0.50409   0.55365  
 12 228.3748   2761.093246  x:  0.07552   0.05892   0.01358   0.00879   0.04134   0.00000   0.00000   0.06245   0.05043   0.00000   0.11921   0.08321   0.23505   0.07833   0.11647   0.02475   0.08359   0.01209   0.06515   0.02210   0.02945   0.02541   0.08626   0.08381   0.22048   0.02719   0.05576   0.21568   0.09010   0.00000   0.08119   0.02718   0.04261   0.04813   0.02686   0.00000   0.01737   0.16414   0.08429   0.12416   0.00000   0.06679   0.09616   0.07351   0.18661   0.09738   0.44161   0.52137   0.55186  
 13 177.1242   2758.433692  x:  0.07686   0.05874   0.02110   0.01835   0.04437   0.00000   0.00000   0.06346   0.04791   0.00000   0.11794   0.08669   0.25090   0.07967   0.11675   0.02699   0.08367   0.01165   0.06543   0.01208   0.02677   0.02368   0.08593   0.08405   0.23579   0.02324   0.05230   0.22818   0.09162   0.00000   0.08501   0.04539   0.03579   0.05872   0.03014   0.00000   0.01348   0.15605   0.08049   0.11967   0.00000   0.06397   0.09638   0.07305   0.19606   0.09622   0.39518   0.55311   0.54845  
 14 222.5494   2756.014256  x:  0.07891   0.05855   0.02848   0.01968   0.04696   0.00000   0.00000   0.06371   0.04817   0.00000   0.11436   0.08911   0.26671   0.08171   0.11517   0.02932   0.08310   0.01158   0.06641   0.03070   0.02598   0.02468   0.08567   0.08481   0.24898   0.02614   0.04886   0.24038   0.09407   0.00000   0.08797   0.06277   0.03392   0.06720   0.03879   0.00000   0.01628   0.14490   0.07621   0.11342   0.00000   0.06138   0.09720   0.07345   0.20359   0.09505   0.33840   0.59134   0.54413  
 15 371.2888   2753.849304  x:  0.08026   0.05757   0.02486   0.01786   0.04501   0.00000   0.00000   0.06119   0.05385   0.00000   0.10882   0.08517   0.27443   0.08306   0.11110   0.02650   0.08174   0.01179   0.06584   0.02341   0.03339   0.03044   0.08543   0.08622   0.24949   0.03837   0.04903   0.24463   0.09615   0.00000   0.08449   0.05732   0.04807   0.05862   0.04414   0.00000   0.02641   0.13181   0.07646   0.10767   0.00000   0.06343   0.09906   0.07557   0.20217   0.09547   0.28437   0.62996   0.53884  
 16 141.5442   2752.900774  x:  0.08126   0.05749   0.02247   0.01708   0.04431   0.00000   0.00000   0.06113   0.05524   0.00000   0.10730   0.08315   0.27388   0.08407   0.10947   0.02580   0.08179   0.01187   0.06465   0.02356   0.02498   0.02424   0.08555   0.08615   0.24273   0.04103   0.04678   0.24205   0.09671   0.00000   0.08186   0.04768   0.04633   0.05178   0.04606   0.00000   0.01616   0.12714   0.07750   0.10560   0.00000   0.06533   0.10005   0.07652   0.19671   0.09686   0.26392   0.65258   0.53507  
 17 86.3670   2751.725737  x:  0.08371   0.05854   0.02528   0.01643   0.04627   0.00000   0.00000   0.06415   0.05243   0.00000   0.10871   0.08477   0.26775   0.08652   0.10938   0.02801   0.08347   0.01263   0.06437   0.02267   0.02935   0.02889   0.08600   0.08531   0.22376   0.03346   0.04655   0.23296   0.09660   0.00000   0.08181   0.03562   0.03082   0.05290   0.04911   0.00000   0.01849   0.12577   0.07859   0.10689   0.00000   0.06582   0.10094   0.07749   0.18329   0.09967   0.25152   0.69607   0.52702  
 18 60.8810   2750.469640  x:  0.08482   0.05862   0.02520   0.01729   0.04830   0.00000   0.00000   0.06435   0.04557   0.00000   0.10986   0.08762   0.26051   0.08763   0.10992   0.02518   0.08438   0.01341   0.06594   0.02368   0.02867   0.02464   0.08634   0.08556   0.20208   0.02240   0.04941   0.22295   0.09497   0.00000   0.08635   0.03311   0.04430   0.06270   0.04054   0.00000   0.01887   0.11810   0.07671   0.10531   0.00000   0.06262   0.10066   0.07650   0.17090   0.10032   0.25477   0.75879   0.51474  
 19 84.0021   2749.588911  x:  0.08397   0.05783   0.02046   0.01813   0.04732   0.00000   0.00000   0.06182   0.04638   0.00000   0.10805   0.08774   0.25610   0.08677   0.10967   0.02224   0.08346   0.01379   0.06769   0.02426   0.02980   0.02961   0.08589   0.08699   0.19274   0.03353   0.05166   0.21830   0.09356   0.00000   0.08857   0.03739   0.04138   0.06434   0.02793   0.00000   0.01415   0.10676   0.07496   0.10102   0.00000   0.06094   0.09992   0.07530   0.16815   0.09879   0.26794   0.80932   0.50382  
 20 95.8502   2749.266884  x:  0.08321   0.05761   0.01811   0.01830   0.04608   0.00000   0.00000   0.06096   0.04871   0.00000   0.10556   0.08668   0.25412   0.08601   0.10858   0.02317   0.08288   0.01391   0.06731   0.02372   0.02693   0.02472   0.08556   0.08717   0.19250   0.03437   0.05130   0.21778   0.09367   0.00000   0.08718   0.03930   0.03811   0.06038   0.02738   0.00000   0.02067   0.10095   0.07512   0.09787   0.00000   0.06164   0.09971   0.07544   0.16993   0.09770   0.27640   0.83069   0.49840  
 21 71.2543   2749.050660  x:  0.08253   0.05781   0.01813   0.01817   0.04546   0.00000   0.00000   0.06146   0.04923   0.00000   0.10248   0.08547   0.25211   0.08533   0.10654   0.02512   0.08238   0.01394   0.06557   0.02404   0.03016   0.02551   0.08526   0.08662   0.19548   0.03043   0.04821   0.21848   0.09464   0.00000   0.08417   0.03898   0.03897   0.05504   0.03187   0.00000   0.01848   0.09664   0.07553   0.09367   0.00000   0.06285   0.09965   0.07599   0.17347   0.09671   0.28438   0.84709   0.49316  
 22 47.1250   2748.997496  x:  0.08245   0.05819   0.02041   0.01789   0.04643   0.00000   0.00000   0.06211   0.04766   0.00000   0.10135   0.08502   0.25039   0.08525   0.10480   0.02478   0.08195   0.01391   0.06534   0.02373   0.02760   0.02761   0.08513   0.08629   0.19728   0.03108   0.04793   0.21913   0.09529   0.00000   0.08305   0.03660   0.03953   0.05546   0.03271   0.00000   0.01913   0.09718   0.07550   0.09261   0.00000   0.06261   0.09975   0.07652   0.17466   0.09663   0.28644   0.85316   0.48981  
 23 15.8602   2748.941225  x:  0.08241   0.05857   0.02253   0.01772   0.04740   0.00000   0.00000   0.06194   0.04724   0.00000   0.10057   0.08391   0.24745   0.08522   0.10296   0.02455   0.08146   0.01391   0.06508   0.02364   0.02944   0.02510   0.08535   0.08592   0.19911   0.03313   0.04797   0.21980   0.09590   0.00000   0.08275   0.03419   0.03948   0.05720   0.03312   0.00000   0.01894   0.09961   0.07534   0.09254   0.00000   0.06220   0.09991   0.07697   0.17534   0.09707   0.28803   0.86154   0.48386  
 24 17.3665   2748.811906  x:  0.08218   0.05860   0.02140   0.01782   0.04649   0.00000   0.00000   0.05894   0.05173   0.00000   0.10142   0.08032   0.24008   0.08498   0.10265   0.02626   0.08133   0.01368   0.06552   0.02374   0.02841   0.02649   0.08548   0.08532   0.20041   0.03192   0.04766   0.22003   0.09567   0.00000   0.08506   0.03510   0.03998   0.05771   0.03408   0.00000   0.01846   0.10561   0.07567   0.09571   0.00000   0.06276   0.10016   0.07668   0.17426   0.09900   0.28991   0.88404   0.46471  
 25 19.3713   2748.713275  x:  0.08210   0.05880   0.02116   0.01764   0.04576   0.00000   0.00000   0.06195   0.04911   0.00000   0.10454   0.08291   0.23796   0.08490   0.10612   0.02446   0.08189   0.01348   0.06582   0.02375   0.02850   0.02613   0.08531   0.08599   0.19986   0.03342   0.04906   0.21898   0.09463   0.00000   0.08545   0.03760   0.04041   0.05358   0.03686   0.00000   0.01836   0.10791   0.07668   0.09934   0.00000   0.06382   0.09980   0.07591   0.17304   0.09843   0.29150   0.90075   0.44716  
 26 24.5630   2748.662790  x:  0.08237   0.05896   0.01939   0.01744   0.04572   0.00000   0.00000   0.06227   0.05110   0.00000   0.10531   0.08661   0.24247   0.08517   0.10841   0.02614   0.08286   0.01336   0.06548   0.02352   0.02816   0.02613   0.08516   0.08635   0.19885   0.03444   0.04894   0.21716   0.09406   0.00000   0.08336   0.03565   0.04092   0.05566   0.03892   0.00000   0.01821   0.10840   0.07637   0.09982   0.00000   0.06318   0.09933   0.07634   0.17307   0.09656   0.29298   0.90675   0.43467  
 27 11.6643   2748.595708  x:  0.08232   0.05799   0.01923   0.01754   0.04408   0.00000   0.00000   0.06034   0.05044   0.00000   0.10401   0.08583   0.25028   0.08512   0.10615   0.02281   0.08252   0.01341   0.06525   0.02357   0.02818   0.02625   0.08542   0.08574   0.19718   0.03397   0.04833   0.21431   0.09429   0.00000   0.08472   0.03545   0.04035   0.05560   0.04013   0.00000   0.01832   0.11120   0.07636   0.09895   0.00000   0.06391   0.09976   0.07689   0.17308   0.09560   0.29411   0.90882   0.41346  
 28 10.4330   2748.497233  x:  0.08219   0.05736   0.02124   0.01758   0.04626   0.00000   0.00000   0.06188   0.04951   0.00000   0.10318   0.08248   0.25764   0.08499   0.10449   0.02733   0.08207   0.01335   0.06561   0.02361   0.02831   0.02616   0.08557   0.08532   0.19621   0.03444   0.04930   0.21210   0.09455   0.00000   0.08705   0.03548   0.04109   0.05329   0.03819   0.00000   0.01834   0.11224   0.07697   0.09851   0.00000   0.06432   0.10013   0.07649   0.17292   0.09792   0.29474   0.90837   0.37972  
 29 26.5971   2748.334338  x:  0.08077   0.05853   0.02421   0.01759   0.04546   0.00000   0.00000   0.06303   0.05257   0.00000   0.10508   0.08045   0.25597   0.08357   0.10621   0.02398   0.08127   0.01336   0.06568   0.02376   0.02844   0.02616   0.08496   0.08628   0.19855   0.03303   0.04961   0.21412   0.09411   0.00000   0.08544   0.03431   0.04096   0.05478   0.03757   0.00000   0.01809   0.10737   0.07721   0.10076   0.00000   0.06304   0.09934   0.07546   0.17301   0.10024   0.29371   0.90289   0.32511  
 30 27.6174   2748.259290  x:  0.08098   0.05832   0.02021   0.01776   0.04577   0.00000   0.00000   0.06046   0.04874   0.00000   0.10452   0.08205   0.25169   0.08378   0.10706   0.02523   0.08214   0.01337   0.06559   0.02371   0.02846   0.02625   0.08531   0.08617   0.20005   0.03338   0.04916   0.21633   0.09377   0.00000   0.08574   0.03411   0.04074   0.05569   0.03814   0.00000   0.01827   0.10727   0.07668   0.10024   0.00000   0.06379   0.09943   0.07616   0.17351   0.09871   0.29241   0.89973   0.30114  
 31 28.1567   2748.231137  x:  0.08211   0.05800   0.01962   0.01777   0.04551   0.00000   0.00000   0.06227   0.05022   0.00000   0.10393   0.08493   0.24947   0.08492   0.10626   0.02506   0.08270   0.01336   0.06543   0.02372   0.02850   0.02630   0.08562   0.08570   0.20015   0.03299   0.04910   0.21723   0.09378   0.00000   0.08745   0.03405   0.04085   0.05489   0.03672   0.00000   0.01832   0.10870   0.07677   0.09811   0.00000   0.06388   0.09977   0.07648   0.17434   0.09663   0.29168   0.89891   0.29491  
 32  8.4569   2748.044252  x:  0.08510   0.05929   0.01488   0.01792   0.04029   0.00000   0.00000   0.06505   0.04832   0.00000   0.10938   0.08492   0.24884   0.08790   0.10414   0.02599   0.07940   0.01322   0.06523   0.02362   0.02851   0.02639   0.08323   0.08687   0.19833   0.03317   0.04831   0.21711   0.09649   0.00000   0.08814   0.03243   0.04077   0.05595   0.03656   0.00000   0.01856   0.10953   0.07969   0.09612   0.00000   0.05995   0.09953   0.07347   0.18298   0.10002   0.29098   0.90245   0.29642  
 33  1.2494   2747.175567  x:  0.08751   0.05701   0.00946   0.01841   0.05469   0.00000   0.00000   0.06069   0.05017   0.00000   0.11996   0.08969   0.25096   0.09031   0.10443   0.02002   0.07715   0.01264   0.06421   0.02388   0.02912   0.02697   0.08384   0.08782   0.19723   0.03011   0.04653   0.21709   0.09856   0.00000   0.08554   0.02696   0.04082   0.05174   0.02963   0.00000   0.01867   0.10935   0.07854   0.10071   0.00000   0.06835   0.09996   0.07378   0.20701   0.10668   0.28961   0.92193   0.31373  
 34 13.2876   2746.100716  x:  0.08472   0.05461   0.01605   0.01881   0.04293   0.00000   0.00000   0.05510   0.04725   0.00000   0.11916   0.09150   0.25511   0.08752   0.11137   0.02367   0.08411   0.01171   0.06413   0.02420   0.02978   0.02720   0.08795   0.08583   0.20407   0.02726   0.05076   0.21961   0.09413   0.00000   0.08253   0.01890   0.04118   0.04647   0.01868   0.00000   0.01780   0.10905   0.07769   0.10524   0.00000   0.07101   0.09905   0.07709   0.21667   0.10408   0.28826   0.94462   0.33575  
 35 40.8520   2745.515029  x:  0.07938   0.05451   0.00987   0.01963   0.04142   0.00000   0.00000   0.06162   0.04626   0.00000   0.11429   0.08642   0.25975   0.08218   0.11527   0.02223   0.08894   0.01132   0.06472   0.02439   0.03002   0.02772   0.09024   0.08398   0.21389   0.02472   0.05632   0.22339   0.08917   0.00796   0.08202   0.01379   0.04051   0.04610   0.01562   0.00000   0.01672   0.11066   0.08019   0.10673   0.00000   0.06808   0.09797   0.07751   0.21446   0.09963   0.28813   0.96093   0.35209  
 36 58.6102   2745.356806  x:  0.07841   0.05612   0.00681   0.01996   0.04320   0.00000   0.00000   0.06414   0.04621   0.00000   0.11283   0.08502   0.26072   0.08121   0.11467   0.02129   0.08870   0.01139   0.06401   0.02455   0.03012   0.02787   0.08942   0.08457   0.21681   0.02418   0.05609   0.22383   0.08896   0.00401   0.07968   0.01481   0.04036   0.04654   0.01469   0.00000   0.01672   0.11231   0.08289   0.10641   0.00000   0.06650   0.09789   0.07711   0.21020   0.09819   0.28812   0.96279   0.35403  
 37 43.5495   2745.267231  x:  0.07896   0.05799   0.00753   0.02008   0.04360   0.00000   0.00000   0.06121   0.04581   0.00000   0.11449   0.08706   0.26249   0.08176   0.11431   0.02172   0.08694   0.01141   0.06317   0.02471   0.03038   0.02786   0.08717   0.08684   0.22156   0.02363   0.05425   0.22512   0.08955   0.00721   0.07748   0.01473   0.04052   0.04499   0.01172   0.00000   0.01701   0.11354   0.08681   0.10499   0.00000   0.06624   0.09814   0.07503   0.20403   0.09695   0.28849   0.96627   0.35739  
 38 17.4469   2745.254329  x:  0.07966   0.05659   0.00696   0.02007   0.04293   0.00000   0.00000   0.06177   0.04582   0.00000   0.11553   0.08765   0.26293   0.08247   0.11348   0.02185   0.08624   0.01142   0.06335   0.02470   0.03035   0.02788   0.08753   0.08748   0.22342   0.02350   0.05452   0.22531   0.09132   0.00724   0.07744   0.01460   0.04053   0.04537   0.01158   0.00000   0.01694   0.11298   0.08621   0.10511   0.00000   0.06745   0.09844   0.07575   0.20180   0.09762   0.28890   0.96671   0.35772  
 39  5.7125   2745.250777  x:  0.08021   0.05665   0.00678   0.02005   0.04312   0.00000   0.00000   0.06148   0.04583   0.00000   0.11598   0.08788   0.26307   0.08301   0.11318   0.02166   0.08650   0.01142   0.06343   0.02468   0.03034   0.02789   0.08804   0.08671   0.22419   0.02353   0.05449   0.22501   0.09125   0.00712   0.07760   0.01463   0.04053   0.04488   0.01171   0.00000   0.01698   0.11277   0.08568   0.10524   0.00000   0.06637   0.09808   0.07596   0.20129   0.09810   0.28900   0.96690   0.35775  
 40  1.2987   2745.221465  x:  0.08115   0.05688   0.00672   0.02006   0.04294   0.00000   0.00000   0.06183   0.04581   0.00000   0.11685   0.08782   0.26344   0.08395   0.11332   0.02129   0.08716   0.01139   0.06329   0.02474   0.03034   0.02786   0.08754   0.08442   0.22733   0.02409   0.05433   0.22255   0.08821   0.00638   0.07901   0.01466   0.04067   0.04604   0.01247   0.00000   0.01721   0.11173   0.08630   0.10432   0.00000   0.06855   0.09779   0.07411   0.20073   0.09917   0.28890   0.96924   0.35802  
 41  0.8684   2744.991708  x:  0.07794   0.05444   0.00812   0.02029   0.04324   0.00000   0.00000   0.06100   0.04579   0.00000   0.11718   0.08782   0.26652   0.08075   0.11745   0.02092   0.08452   0.01105   0.06600   0.02554   0.03081   0.02779   0.08439   0.09039   0.23817   0.02252   0.05974   0.21510   0.08736   0.00623   0.08239   0.01759   0.04000   0.04537   0.01380   0.00000   0.01692   0.11207   0.08438   0.10272   0.00000   0.06580   0.09791   0.07499   0.20192   0.09781   0.28644   0.99085   0.36189  
 42  4.2155   2744.743961  x:  0.07702   0.05845   0.00909   0.02087   0.04072   0.00000   0.00000   0.06444   0.04466   0.00000   0.11544   0.08580   0.27361   0.07983   0.12014   0.02099   0.08571   0.01067   0.06478   0.02636   0.03118   0.02802   0.08872   0.09015   0.24195   0.02341   0.05252   0.22172   0.09180   0.00899   0.08448   0.02135   0.04064   0.04586   0.01120   0.00000   0.01812   0.11086   0.08273   0.11064   0.00000   0.06681   0.09831   0.07451   0.20184   0.09468   0.28584   1.01584   0.36714  
 43 18.0958   2744.649186  x:  0.07763   0.05543   0.00964   0.02086   0.04146   0.00000   0.00000   0.06337   0.04507   0.00000   0.11538   0.08610   0.27785   0.08043   0.11961   0.02038   0.08730   0.01055   0.06549   0.02668   0.03123   0.02797   0.08771   0.08773   0.23996   0.02348   0.05579   0.23312   0.09266   0.00732   0.08537   0.02204   0.04046   0.04596   0.01332   0.00000   0.01760   0.11005   0.08557   0.11202   0.00000   0.06646   0.09763   0.07144   0.20018   0.09522   0.28701   1.02461   0.36812  
 44 14.3440   2744.630908  x:  0.07752   0.05574   0.00956   0.02085   0.04129   0.00000   0.00000   0.06380   0.04507   0.00000   0.11644   0.08596   0.27909   0.08032   0.11961   0.02027   0.08632   0.01056   0.06626   0.02669   0.03130   0.02790   0.08654   0.08815   0.23897   0.02362   0.05516   0.23711   0.08990   0.00663   0.08575   0.02199   0.04046   0.04572   0.01386   0.00000   0.01771   0.11064   0.08389   0.11083   0.00000   0.06666   0.09757   0.07290   0.19917   0.09649   0.28749   1.02624   0.36818  
 45  6.9858   2744.629957  x:  0.07739   0.05592   0.00958   0.02083   0.04139   0.00000   0.00000   0.06374   0.04511   0.00000   0.11674   0.08588   0.27917   0.08020   0.11982   0.02025   0.08608   0.01057   0.06585   0.02667   0.03125   0.02793   0.08715   0.08839   0.23889   0.02368   0.05523   0.23737   0.08986   0.00639   0.08609   0.02189   0.04044   0.04572   0.01408   0.00000   0.01775   0.11066   0.08372   0.11041   0.00000   0.06665   0.09764   0.07262   0.19902   0.09650   0.28754   1.02629   0.36811  
 46  1.3627   2744.627963  x:  0.07718   0.05550   0.00973   0.02083   0.04156   0.00000   0.00000   0.06376   0.04512   0.00000   0.11737   0.08549   0.27920   0.07999   0.12049   0.02014   0.08636   0.01056   0.06630   0.02666   0.03127   0.02790   0.08720   0.08802   0.23885   0.02386   0.05460   0.23736   0.09032   0.00621   0.08622   0.02181   0.04047   0.04580   0.01416   0.00000   0.01786   0.11071   0.08403   0.10974   0.00000   0.06650   0.09778   0.07286   0.19890   0.09636   0.28751   1.02695   0.36802  
 47  0.2460   2744.596697  x:  0.07767   0.05772   0.01007   0.02109   0.04161   0.00000   0.00000   0.06377   0.04519   0.00000   0.11839   0.08409   0.28023   0.08048   0.12218   0.01965   0.08788   0.01049   0.06480   0.02707   0.03133   0.02786   0.08530   0.08656   0.23897   0.02403   0.05642   0.23687   0.09243   0.00608   0.08446   0.02190   0.04031   0.04599   0.01416   0.00000   0.01792   0.11147   0.08239   0.10835   0.00000   0.06715   0.09783   0.07367   0.19871   0.09663   0.28649   1.03908   0.36755  
 48  1.0566   2744.434884  x:  0.07740   0.05668   0.01161   0.02201   0.04223   0.00000   0.00000   0.06487   0.04520   0.00000   0.11698   0.08541   0.28479   0.08021   0.12109   0.01953   0.08617   0.01013   0.06588   0.02856   0.03151   0.02762   0.08651   0.08879   0.24054   0.02524   0.05467   0.23371   0.09045   0.00330   0.08018   0.01958   0.03977   0.04722   0.01662   0.00000   0.01861   0.11187   0.08233   0.11209   0.00000   0.06503   0.09618   0.07197   0.19832   0.09924   0.28126   1.10079   0.36444  
 49 14.7406   2744.428149  x:  0.07708   0.05723   0.01169   0.02206   0.04228   0.00000   0.00000   0.06471   0.04525   0.00000   0.11767   0.08564   0.28503   0.07989   0.12041   0.01973   0.08583   0.01012   0.06530   0.02866   0.03148   0.02763   0.08663   0.08847   0.24063   0.02530   0.05510   0.23358   0.09006   0.00324   0.08067   0.01950   0.03976   0.04744   0.01683   0.00000   0.01851   0.11123   0.08367   0.11271   0.00000   0.06485   0.09697   0.07361   0.19844   0.09895   0.28108   1.10342   0.36435  
 50  5.6935   2744.427858  x:  0.07695   0.05725   0.01168   0.02205   0.04228   0.00000   0.00000   0.06472   0.04525   0.00000   0.11797   0.08561   0.28502   0.07976   0.12010   0.01982   0.08588   0.01011   0.06541   0.02866   0.03148   0.02762   0.08660   0.08839   0.24061   0.02530   0.05514   0.23356   0.09000   0.00322   0.08058   0.01950   0.03975   0.04741   0.01684   0.00000   0.01850   0.11119   0.08349   0.11279   0.00000   0.06483   0.09724   0.07343   0.19844   0.09866   0.28105   1.10354   0.36434  
 51  0.6867   2744.425759  x:  0.07691   0.05684   0.01169   0.02208   0.04229   0.00000   0.00000   0.06471   0.04521   0.00000   0.11848   0.08534   0.28492   0.07972   0.11965   0.01994   0.08657   0.01010   0.06478   0.02871   0.03147   0.02763   0.08642   0.08888   0.24047   0.02532   0.05496   0.23353   0.08982   0.00338   0.08069   0.01953   0.03974   0.04742   0.01674   0.00000   0.01854   0.11115   0.08351   0.11278   0.00000   0.06487   0.09627   0.07358   0.19849   0.09823   0.28090   1.10514   0.36451  
 52  0.0864   2744.391154  x:  0.07744   0.05869   0.01043   0.02252   0.04186   0.00000   0.00000   0.06354   0.04511   0.00000   0.11847   0.08578   0.28408   0.08025   0.12005   0.02070   0.08734   0.00991   0.06769   0.02921   0.03146   0.02745   0.08752   0.08959   0.23889   0.02460   0.05553   0.23356   0.08997   0.00481   0.08177   0.01925   0.03937   0.04704   0.01599   0.00000   0.01820   0.11057   0.08453   0.11194   0.00000   0.06625   0.09476   0.07373   0.19905   0.09670   0.27918   1.13146   0.36683  
 53  2.0976   2744.364228  x:  0.07735   0.05679   0.00947   0.02289   0.04135   0.00000   0.00000   0.06305   0.04482   0.00000   0.11755   0.08680   0.28323   0.08016   0.12167   0.02121   0.08687   0.00988   0.06555   0.02968   0.03140   0.02743   0.08675   0.08848   0.23769   0.02438   0.05490   0.23348   0.08949   0.00629   0.08219   0.01929   0.03917   0.04664   0.01486   0.00000   0.01829   0.11050   0.08432   0.11185   0.00000   0.06565   0.09712   0.07329   0.19931   0.09684   0.27779   1.15196   0.36877  
 54 18.5137   2744.363965  x:  0.07751   0.05682   0.00946   0.02289   0.04140   0.00000   0.00000   0.06303   0.04483   0.00000   0.11748   0.08671   0.28325   0.08032   0.12173   0.02116   0.08710   0.00987   0.06557   0.02968   0.03140   0.02742   0.08660   0.08874   0.23773   0.02439   0.05483   0.23351   0.08948   0.00622   0.08240   0.01920   0.03917   0.04663   0.01492   0.00000   0.01829   0.11042   0.08429   0.11193   0.00000   0.06558   0.09740   0.07326   0.19931   0.09680   0.27783   1.15214   0.36876  
 55  0.8628   2744.363909  x:  0.07757   0.05679   0.00947   0.02289   0.04139   0.00000   0.00000   0.06303   0.04483   0.00000   0.11749   0.08667   0.28324   0.08037   0.12173   0.02115   0.08718   0.00987   0.06557   0.02968   0.03140   0.02743   0.08672   0.08881   0.23772   0.02438   0.05487   0.23351   0.08941   0.00627   0.08227   0.01925   0.03917   0.04664   0.01489   0.00000   0.01829   0.11045   0.08434   0.11189   0.00000   0.06557   0.09749   0.07329   0.19933   0.09683   0.27783   1.15223   0.36878  
 56  0.1040   2744.348701  x:  0.07817   0.05629   0.01038   0.02310   0.04195   0.00000   0.00000   0.06379   0.04506   0.00000   0.11691   0.08585   0.28199   0.08097   0.12028   0.02058   0.08632   0.00990   0.06561   0.02977   0.03135   0.02763   0.08702   0.08878   0.23629   0.02393   0.05558   0.23267   0.08987   0.00755   0.08253   0.01926   0.03932   0.04655   0.01278   0.00000   0.01792   0.10937   0.08433   0.11212   0.00000   0.06577   0.09746   0.07357   0.19828   0.09665   0.27842   1.17350   0.36832  
 57  0.0925   2744.347340  x:  0.07770   0.05649   0.01036   0.02312   0.04189   0.00000   0.00000   0.06386   0.04509   0.00000   0.11680   0.08632   0.28188   0.08051   0.11984   0.02049   0.08697   0.00989   0.06564   0.02978   0.03134   0.02765   0.08704   0.08892   0.23618   0.02395   0.05554   0.23257   0.09012   0.00769   0.08263   0.01930   0.03935   0.04654   0.01258   0.00000   0.01791   0.10933   0.08438   0.11194   0.00000   0.06581   0.09759   0.07353   0.19817   0.09742   0.27846   1.17544   0.36829  
 58  2.8503   2744.343324  x:  0.07773   0.05664   0.01008   0.02305   0.04193   0.00000   0.00000   0.06381   0.04506   0.00000   0.11692   0.08628   0.28152   0.08054   0.11992   0.02037   0.08661   0.00993   0.06565   0.02944   0.03135   0.02768   0.08678   0.08937   0.23497   0.02477   0.05559   0.23203   0.09031   0.00778   0.08205   0.01959   0.03977   0.04643   0.01248   0.00000   0.01793   0.10884   0.08464   0.11199   0.00000   0.06574   0.09759   0.07335   0.19759   0.09744   0.27861   1.18559   0.36805  
 59  0.0096   2744.342462  x:  0.07769   0.05670   0.01005   0.02294   0.04199   0.00000   0.00000   0.06373   0.04505   0.00000   0.11725   0.08629   0.28181   0.08049   0.12026   0.02040   0.08661   0.00994   0.06571   0.02924   0.03132   0.02764   0.08677   0.08952   0.23478   0.02449   0.05564   0.23175   0.09022   0.00785   0.08207   0.01973   0.03969   0.04668   0.01223   0.00000   0.01789   0.10868   0.08468   0.11226   0.00000   0.06553   0.09753   0.07324   0.19786   0.09760   0.27851   1.18841   0.36831  
 60  0.0025   2744.342347  x:  0.07769   0.05666   0.01007   0.02288   0.04198   0.00000   0.00000   0.06377   0.04506   0.00000   0.11723   0.08631   0.28194   0.08049   0.12027   0.02039   0.08664   0.00997   0.06571   0.02914   0.03131   0.02762   0.08678   0.08954   0.23486   0.02452   0.05570   0.23165   0.09022   0.00795   0.08210   0.01974   0.03964   0.04656   0.01214   0.00000   0.01789   0.10871   0.08471   0.11236   0.00000   0.06561   0.09755   0.07327   0.19785   0.09758   0.27832   1.18873   0.36868  
 61  0.0005   2744.342322  x:  0.07769   0.05665   0.01008   0.02285   0.04198   0.00000   0.00000   0.06377   0.04505   0.00000   0.11722   0.08633   0.28195   0.08050   0.12024   0.02038   0.08664   0.01001   0.06570   0.02911   0.03131   0.02762   0.08679   0.08949   0.23486   0.02452   0.05566   0.23175   0.09023   0.00789   0.08209   0.01972   0.03964   0.04660   0.01222   0.00000   0.01788   0.10875   0.08468   0.11231   0.00000   0.06561   0.09755   0.07328   0.19778   0.09759   0.27835   1.18868   0.36875  
 62  0.0001   2744.342312  x:  0.07769   0.05666   0.01007   0.02285   0.04197   0.00000   0.00000   0.06376   0.04505   0.00000   0.11720   0.08631   0.28192   0.08050   0.12024   0.02038   0.08664   0.01004   0.06570   0.02912   0.03131   0.02763   0.08679   0.08950   0.23489   0.02452   0.05567   0.23175   0.09023   0.00792   0.08209   0.01971   0.03965   0.04661   0.01219   0.00000   0.01788   0.10874   0.08470   0.11230   0.00000   0.06560   0.09755   0.07328   0.19782   0.09757   0.27836   1.18913   0.36866  
 63  0.0003   2744.342309  x:  0.07769   0.05666   0.01007   0.02285   0.04197   0.00000   0.00000   0.06377   0.04505   0.00000   0.11721   0.08631   0.28193   0.08050   0.12025   0.02038   0.08664   0.01006   0.06569   0.02913   0.03131   0.02763   0.08679   0.08950   0.23490   0.02452   0.05566   0.23174   0.09022   0.00791   0.08209   0.01971   0.03965   0.04659   0.01220   0.00000   0.01788   0.10874   0.08470   0.11231   0.00000   0.06561   0.09755   0.07327   0.19782   0.09758   0.27836   1.18915   0.36861  
 64  0.0001   2744.342309  x:  0.07769   0.05666   0.01007   0.02286   0.04198   0.00000   0.00000   0.06377   0.04505   0.00000   0.11722   0.08632   0.28193   0.08050   0.12025   0.02038   0.08664   0.01006   0.06570   0.02913   0.03131   0.02763   0.08679   0.08951   0.23489   0.02452   0.05567   0.23174   0.09023   0.00791   0.08209   0.01972   0.03964   0.04659   0.01220   0.00000   0.01789   0.10874   0.08469   0.11231   0.00000   0.06561   0.09755   0.07328   0.19782   0.09758   0.27835   1.18908   0.36864  
 65  0.0001   2744.342309  x:  0.07769   0.05666   0.01007   0.02286   0.04198   0.00000   0.00000   0.06377   0.04505   0.00000   0.11722   0.08632   0.28193   0.08050   0.12025   0.02038   0.08664   0.01006   0.06570   0.02913   0.03131   0.02763   0.08679   0.08951   0.23489   0.02452   0.05567   0.23173   0.09023   0.00791   0.08209   0.01972   0.03965   0.04659   0.01220   0.00000   0.01789   0.10874   0.08469   0.11231   0.00000   0.06561   0.09755   0.07328   0.19781   0.09758   0.27835   1.18906   0.36865  
 66  0.0000   2744.342309  x:  0.07769   0.05666   0.01007   0.02286   0.04198   0.00000   0.00000   0.06377   0.04505   0.00000   0.11722   0.08632   0.28193   0.08050   0.12025   0.02038   0.08664   0.01006   0.06569   0.02913   0.03131   0.02763   0.08679   0.08951   0.23489   0.02452   0.05567   0.23173   0.09023   0.00791   0.08209   0.01972   0.03965   0.04659   0.01220   0.00000   0.01789   0.10874   0.08469   0.11231   0.00000   0.06561   0.09755   0.07328   0.19781   0.09758   0.27835   1.18905   0.36865  
 67  0.0000   2744.342309  x:  0.07769   0.05666   0.01007   0.02286   0.04198   0.00000   0.00000   0.06377   0.04505   0.00000   0.11722   0.08632   0.28193   0.08050   0.12025   0.02038   0.08664   0.01006   0.06569   0.02913   0.03131   0.02763   0.08679   0.08951   0.23489   0.02452   0.05567   0.23173   0.09023   0.00791   0.08209   0.01972   0.03965   0.04659   0.01220   0.00000   0.01789   0.10874   0.08469   0.11231   0.00000   0.06561   0.09755   0.07328   0.19781   0.09758   0.27835   1.18905   0.36865  
 68  0.0000   2744.342309  x:  0.07769   0.05666   0.01007   0.02286   0.04198   0.00000   0.00000   0.06377   0.04505   0.00000   0.11722   0.08632   0.28193   0.08050   0.12025   0.02038   0.08664   0.01006   0.06569   0.02913   0.03131   0.02763   0.08679   0.08951   0.23489   0.02452   0.05567   0.23173   0.09023   0.00791   0.08209   0.01972   0.03965   0.04659   0.01220   0.00000   0.01789   0.10874   0.08469   0.11231   0.00000   0.06561   0.09755   0.07328   0.19781   0.09758   0.27835   1.18905   0.36865  
 69  0.0019   2744.342309  x:  0.07769   0.05666   0.01007   0.02286   0.04198   0.00000   0.00000   0.06377   0.04505   0.00000   0.11722   0.08632   0.28193   0.08050   0.12025   0.02038   0.08664   0.01006   0.06569   0.02913   0.03131   0.02763   0.08679   0.08951   0.23489   0.02452   0.05567   0.23173   0.09023   0.00791   0.08209   0.01972   0.03965   0.04659   0.01220   0.00000   0.01789   0.10874   0.08469   0.11231   0.00000   0.06561   0.09755   0.07328   0.19781   0.09758   0.27835   1.18905   0.36865  