Alligator_mississippiensis Alligator_sinensis Anolis_carolinensis Chelonia_mydas Chelonoidis_abingdonii Chrysemys_picta Crocodylus_porosus Gavialis_gangeticus Gopherus_agassizii Lacerta_agilis
0.00012317 0.00024576 1.5931e-05 0.0002631 0.0024034 0.0020506 2.6441e-05 0.0069851 0.82603 0.0010987
0.00011102 0.00024317 1.5366e-05 0.00025987 0.0023882 0.0020451 2.2399e-05 0.0069891 0.82572 0.0010961
9.9363e-05 0.00024063 1.4654e-05 0.00025657 0.0023727 0.0020395 1.8672e-05 0.0069936 0.82537 0.0010933
8.7484e-05 0.00023806 1.3609e-05 0.00025321 0.0023569 0.0020339 1.8207e-05 0.0069977 0.82498 0.0010908
8.5635e-05 0.00023534 1.2902e-05 0.00024997 0.0023417 0.0020284 1.7703e-05 0.0070015 0.82467 0.0010887
8.387e-05 0.00023267 1.206e-05 0.00024668 0.0023262 0.0020228 1.7252e-05 0.0070058 0.82432 0.0010865
8.2185e-05 0.00023005 1.1041e-05 0.00024351 0.0023113 0.0020174 1.6849e-05 0.0070106 0.82405 0.001084
8.0575e-05 0.00022748 1.0383e-05 0.00024046 0.002297 0.002012 1.6492e-05 0.0070158 0.82386 0.0010819
7.9036e-05 0.00022495 9.9262e-06 0.00023753 0.0022832 0.0020067 1.6174e-05 0.0070216 0.82376 0.0010802
7.7563e-05 0.00022247 9.1457e-06 0.0002347 0.0022701 0.0020016 1.5896e-05 0.0070278 0.82373 0.0010782
7.6145e-05 0.00022002 8.5648e-06 0.00023196 0.0022573 0.0019965 1.5648e-05 0.0070344 0.82377 0.0010765
7.4701e-05 0.00021756 7.9246e-06 0.00022919 0.0022444 0.0019913 1.5378e-05 0.0070409 0.82379 0.0010748
7.3305e-05 0.00021513 7.4385e-06 0.00022649 0.0022319 0.0019863 1.5135e-05 0.0070477 0.82386 0.0010732
7.1956e-05 0.00021273 7.0686e-06 0.00022387 0.0022198 0.0019813 1.4919e-05 0.0070382 0.824 0.0010719
7.0652e-05 0.00021037 6.7875e-06 0.00022133 0.002208 0.0019764 1.4659e-05 0.0070279 0.82419 0.0010708
6.9392e-05 0.00020804 6.5794e-06 0.00021885 0.0021967 0.0019715 1.4424e-05 0.007018 0.82445 0.0010699
6.8111e-05 0.00020569 6.352e-06 0.00021635 0.0021852 0.0019666 1.417e-05 0.007008 0.82468 0.0010689
6.6871e-05 0.00020337 6.1799e-06 0.00021392 0.0021741 0.0019618 1.3939e-05 0.0069984 0.82497 0.0010682
6.5609e-05 0.00020104 6.0525e-06 0.00021156 0.0021633 0.0019571 1.3688e-05 0.0069887 0.82532 0.0010676
6.4389e-05 0.00019874 5.9116e-06 0.00020917 0.0021524 0.0019523 1.3418e-05 0.0069789 0.82565 0.001067
6.3209e-05 0.00019647 5.2158e-06 0.00020685 0.0021418 0.0019476 1.3172e-05 0.0069694 0.82603 0.0010666
6.2008e-05 0.00019418 4.465e-06 0.0002045 0.0021311 0.0019429 1.2907e-05 0.0069599 0.8264 0.0010661
6.0789e-05 0.00019188 3.6619e-06 0.00020213 0.0021203 0.0019381 1.2665e-05 0.0069508 0.82674 0.0010655
5.9604e-05 0.00018961 3.0293e-06 0.00019981 0.0021098 0.0019334 1.2443e-05 0.0069421 0.82713 0.0010652
5.8455e-05 0.00018737 2.53e-06 0.00019755 0.0020996 0.0019288 1.224e-05 0.0069338 0.82758 0.001065
5.7281e-05 0.0001851 2.1357e-06 0.00019536 0.0020897 0.0019242 1.2054e-05 0.0069258 0.82808 0.001065
5.6141e-05 0.00018286 1.8223e-06 0.00019321 0.0020801 0.0019197 1.1885e-05 0.0069181 0.82864 0.0010651
5.5032e-05 0.00018064 1.4864e-06 0.00019104 0.0020704 0.0019151 1.1733e-05 0.0069109 0.82917 0.0010653
5.3907e-05 0.00017841 1.1263e-06 0.00018885 0.0020605 0.0019105 1.1565e-05 0.0069035 0.82968 0.0010653
5.2765e-05 0.00017617 7.4129e-07 0.00018664 0.0020506 0.0019059 1.1381e-05 0.006896 0.83018 0.0010653
5.1658e-05 0.00017395 4.4048e-07 0.00018449 0.0020409 0.0019014 1.1219e-05 0.0068889 0.83073 0.0010655
5.0529e-05 0.00017172 3.3832e-07 0.0001824 0.0020317 0.0018969 1.1075e-05 0.0068822 0.82755 0.0010656
4.9434e-05 0.00016952 2.5875e-07 0.00018037 0.0020227 0.0018925 1.0949e-05 0.0068758 0.82447 0.0010659
4.8372e-05 0.00016734 1.9641e-07 0.00017839 0.002014 0.0018881 1.0839e-05 0.0068698 0.82147 0.0010664
4.7341e-05 0.00016519 1.4742e-07 0.00017647 0.0020056 0.0018838 1.0745e-05 0.0068641 0.81857 0.0010671
4.6342e-05 0.00016306 1.0919e-07 0.0001746 0.0019975 0.0018796 1.0675e-05 0.0068254 0.81575 0.001068
4.5374e-05 0.00016096 7.8981e-08 0.00017278 0.0019898 0.0018754 1.062e-05 0.0067879 0.81302 0.0010691
4.4388e-05 0.00015885 4.5266e-08 0.00017094 0.0019819 0.0018712 1.055e-05 0.0067501 0.81025 0.0010702
4.3433e-05 0.00015676 1.8411e-08 0.00016915 0.0019742 0.0018671 1.0495e-05 0.0067134 0.80757 0.0010714
4.2458e-05 0.00015466 1.7624e-08 0.00016734 0.0019665 0.0018629 1.0422e-05 0.0066763 0.80483 0.0010726
4.1462e-05 0.00015254 1.524e-08 0.00016549 0.0019586 0.0018587 1.033e-05 0.0066388 0.80205 0.0010736
4.0439e-05 0.00015041 1.0953e-08 0.00016361 0.0019505 0.0018545 1.0217e-05 0.0066007 0.79919 0.0010746
3.9466e-05 0.00014831 1.0486e-08 0.00016167 0.0019421 0.0018502 1.0132e-05 0.0065644 0.79623 0.0010746
3.854e-05 0.00014625 8.1431e-09 0.00015968 0.0019335 0.0018458 1.0075e-05 0.0065298 0.79319 0.0010745
3.7658e-05 0.00014423 6.5641e-09 0.00015778 0.0019253 0.0018415 1.0046e-05 0.0064968 0.7903 0.0010747
3.6818e-05 0.00014225 5.5098e-09 0.00015582 0.0019168 0.0018372 1.0044e-05 0.0064654 0.7873 0.0010752
3.6019e-05 0.00014031 5.1999e-09 0.00015395 0.0019089 0.001833 1.0068e-05 0.0064354 0.78446 0.0010755
3.526e-05 0.0001384 5.1808e-09 0.00015216 0.0019013 0.0018288 1.0119e-05 0.0064069 0.78176 0.0010761
3.4538e-05 0.00013653 6.7573e-09 0.00015044 0.0018942 0.0018248 1.0198e-05 0.0063797 0.7792 0.0010766
3.3788e-05 0.00013464 8.977e-09 0.0001488 0.0018876 0.0018209 1.025e-05 0.0063518 0.77678 0.0010773
3.3076e-05 0.00013278 9.4556e-09 0.00014712 0.0018807 0.0018168 1.0275e-05 0.0063233 0.77428 0.0010779
3.24e-05 0.00013096 1.069e-08 0.00014551 0.0018742 0.0018129 1.0327e-05 0.006296 0.77191 0.0010789
3.1696e-05 0.00012911 1.7463e-08 0.00014386 0.0018674 0.001809 1.0353e-05 0.0062682 0.76945 0.0010796
3.0965e-05 0.00012724 2.0829e-08 0.00014216 0.0018605 0.0018049 1.0352e-05 0.0062397 0.76691 0.0010802
3.027e-05 0.0001254 2.6237e-08 0.00014053 0.0018539 0.001801 1.0378e-05 0.0062125 0.7645 0.0010812
2.961e-05 0.0001236 2.9137e-08 0.00013886 0.0018471 0.001797 1.0433e-05 0.0061867 0.762 0.001082
2.8924e-05 0.00012178 2.961e-08 0.00013715 0.00184 0.001793 1.0462e-05 0.0061602 0.75941 0.0010827
2.8271e-05 0.00011999 3.8653e-08 0.00013539 0.0018327 0.0017888 1.0518e-05 0.006135 0.75674 0.001083
2.765e-05 0.00011824 4.4606e-08 0.00013358 0.0018252 0.0017847 1.0602e-05 0.006111 0.75396 0.0010832
2.7006e-05 0.00011646 4.7674e-08 0.00013173 0.0018173 0.0017805 1.0661e-05 0.0060865 0.75109 0.0010832
2.6394e-05 0.00011472 5.4072e-08 0.00012995 0.00181 0.0017763 1.0767e-05 0.00601 0.74837 0.0010837
2.5812e-05 0.000113 6.5868e-08 0.00012825 0.001803 0.0017723 1.0902e-05 0.0059369 0.7458 0.0010844
2.5206e-05 0.00011127 7.4012e-08 0.00012651 0.0017958 0.0017682 1.101e-05 0.0058622 0.74313 0.001085
2.4629e-05 0.00010957 8.7179e-08 0.00012483 0.001789 0.0017642 1.1147e-05 0.0057908 0.74059 0.001086
2.4029e-05 0.00010785 9.6402e-08 0.00012311 0.001782 0.0017769 1.1257e-05 0.0057179 0.73797 0.0010868
2.3405e-05 0.0001061 1.0216e-07 0.00012136 0.0017747 0.0017895 1.1407e-05 0.00565 0.73527 0.0010874
2.2809e-05 0.00010438 9.0756e-08 0.00011967 0.0017679 0.0018023 1.1589e-05 0.0055851 0.7327 0.0010884
2.219e-05 0.00010265 7.247e-08 0.00011794 0.0017608 0.0018148 1.1742e-05 0.0055187 0.73004 0.0010892
2.1596e-05 0.00010094 5.9782e-08 0.00011627 0.0017541 0.0018274 1.1923e-05 0.0054551 0.7275 0.0010902
2.1025e-05 9.9256e-05 5.1012e-08 0.00011457 0.0017472 0.00184 1.213e-05 0.0053939 0.72489 0.0010916
2.0477e-05 9.7599e-05 4.5149e-08 0.00011292 0.0017406 0.0018527 1.2365e-05 0.0053351 0.72239 0.0010932
1.995e-05 9.5966e-05 4.1515e-08 0.00011133 0.0017344 0.0018656 1.2628e-05 0.0052786 0.72001 0.0010951
1.9404e-05 9.4316e-05 3.5587e-08 0.00010971 0.001728 0.0018783 1.2867e-05 0.0052211 0.71756 0.0010968
1.8879e-05 9.2691e-05 3.1512e-08 0.00010815 0.0017219 0.0018913 1.3133e-05 0.0051658 0.71521 0.0010988
1.8373e-05 9.1089e-05 2.8963e-08 0.00010663 0.0017162 0.0019043 1.343e-05 0.0051127 0.71298 0.0011011
1.7887e-05 8.951e-05 2.7668e-08 0.00010517 0.0017107 0.0019176 1.3759e-05 0.0050615 0.71085 0.0011037
1.7383e-05 8.7916e-05 2.7533e-08 0.00010377 0.0017056 0.0019309 1.4062e-05 0.0050096 0.70883 0.0011066
1.69e-05 8.6347e-05 2.866e-08 0.00010241 0.0017008 0.0019445 1.4401e-05 0.0049597 0.70692 0.0011098
1.6436e-05 8.4802e-05 3.6735e-08 0.00010111 0.0016964 0.0019582 1.4776e-05 0.0049119 0.70511 0.0011129
1.5954e-05 8.3241e-05 4.7998e-08 9.9773e-05 0.0016917 0.0019718 1.5123e-05 0.0048632 0.70324 0.0011163
1.5492e-05 8.1704e-05 6.4196e-08 9.8489e-05 0.0016874 0.0019856 1.5509e-05 0.0048166 0.70148 0.0011201
1.5048e-05 8.0191e-05 7.5555e-08 9.7254e-05 0.0016834 0.0019995 1.5934e-05 0.0047718 0.69982 0.0011237
1.4621e-05 7.8701e-05 9.2018e-08 9.6067e-05 0.0016798 0.0020137 1.6402e-05 0.0047288 0.69826 0.0011277
1.4209e-05 7.7232e-05 1.1413e-07 9.4921e-05 0.0016764 0.0020279 1.6911e-05 0.0046874 0.6968 0.001132
1.3782e-05 7.5748e-05 1.1801e-07 9.3751e-05 0.0016729 0.0020422 1.7391e-05 0.0046454 0.69528 0.0011366
1.3342e-05 7.4252e-05 1.1967e-07 9.2559e-05 0.0016692 0.0020563 1.7848e-05 0.0046029 0.69371 0.0011412
1.2915e-05 7.2774e-05 1.2438e-07 9.1405e-05 0.0016658 0.0020706 1.8341e-05 0.0045619 0.69223 0.001146
1.25e-05 7.1314e-05 1.3243e-07 9.0287e-05 0.0016626 0.0020851 1.8872e-05 0.0045223 0.69082 0.0011513
1.2097e-05 6.9872e-05 1.4436e-07 8.9206e-05 0.0016597 0.0020997 1.9442e-05 0.004484 0.6895 0.0011568
1.1706e-05 6.8448e-05 1.6108e-07 8.8159e-05 0.0016571 0.0021144 2.0056e-05 0.004447 0.68826 0.0011628
1.1326e-05 6.7041e-05 1.7456e-07 8.7148e-05 0.0016547 0.0021293 2.0715e-05 0.0044113 0.68709 0.0011686
1.0957e-05 6.5651e-05 1.9372e-07 8.617e-05 0.0016526 0.0021443 2.1422e-05 0.0043769 0.686 0.0011748
1.0575e-05 6.4249e-05 1.8754e-07 8.5227e-05 0.0016507 0.0021593 2.2099e-05 0.004342 0.68499 0.0011814
1.0202e-05 6.2862e-05 1.8515e-07 8.4313e-05 0.001649 0.0021743 2.282e-05 0.0043082 0.68406 0.0011884
9.8377e-06 6.1489e-05 1.8633e-07 8.3426e-05 0.0016476 0.0021895 2.3587e-05 0.0042754 0.68318 0.0011958
9.4815e-06 6.0131e-05 1.912e-07 8.2567e-05 0.0016463 0.0022048 2.4401e-05 0.0042437 0.68237 0.0012035
9.1332e-06 5.8786e-05 2.0016e-07 8.1734e-05 0.0016453 0.0022203 2.5266e-05 0.0042129 0.68163 0.0012118
8.7929e-06 5.7456e-05 2.0631e-07 8.0884e-05 0.0016442 0.0022357 2.6185e-05 0.0041831 0.68085 0.0012198
8.4415e-06 5.6116e-05 2.1002e-07 8.0018e-05 0.0016429 0.002251 2.7077e-05 0.0041531 0.68004 0.0012278
8.079e-06 5.4765e-05 2.1127e-07 7.9135e-05 0.0016416 0.0022664 2.7943e-05 0.0041227 0.67919 0.0012356
7.7243e-06 5.3429e-05 2.1671e-07 7.828e-05 0.0016405 0.0022818 2.8863e-05 0.0040934 0.67841 0.0012438
7.3582e-06 5.2082e-05 2.1955e-07 7.7407e-05 0.0016393 0.0022973 2.9755e-05 0.0040637 0.67759 0.001252
6.9805e-06 5.0724e-05 2.2693e-07 7.6517e-05 0.0016379 0.0023127 3.0618e-05 0.0040338 0.67673 0.0012605
6.6107e-06 4.9381e-05 2.3926e-07 7.5654e-05 0.0016368 0.0023282 3.1538e-05 0.0040048 0.67594 0.0012599
6.2297e-06 4.8027e-05 2.4879e-07 7.4775e-05 0.0016356 0.0023437 3.2429e-05 0.0039755 0.67512 0.0012592
5.8566e-06 4.6688e-05 2.2152e-07 7.3924e-05 0.0016346 0.0023593 3.3381e-05 0.0039472 0.67436 0.0012588
5.4723e-06 4.5338e-05 1.9051e-07 7.3055e-05 0.0016335 0.0023749 3.4304e-05 0.0039186 0.67357 0.0012583
5.0955e-06 4.4002e-05 1.6707e-07 7.2215e-05 0.0016327 0.0023906 3.5289e-05 0.003891 0.67285 0.001258
4.7072e-06 4.2656e-05 1.4013e-07 7.1356e-05 0.0016317 0.0024063 3.6242e-05 0.003863 0.67209 0.0012576
4.3257e-06 4.1323e-05 1.1938e-07 7.0523e-05 0.0016309 0.0024048 3.7256e-05 0.003836 0.6714 0.0012574
3.9508e-06 4.0003e-05 1.0362e-07 6.9716e-05 0.0016304 0.0024034 3.8336e-05 0.0038098 0.67077 0.0012574
3.5817e-06 3.8695e-05 7.8961e-08 6.8933e-05 0.00163 0.0024021 3.7955e-05 0.0037846 0.67021 0.0012578
3.2176e-06 3.74e-05 5.9294e-08 6.8172e-05 0.0016299 0.0024008 3.7611e-05 0.0037601 0.6697 0.0012583
2.8582e-06 3.6115e-05 4.3591e-08 6.7432e-05 0.00163 0.0023996 3.7306e-05 0.0037364 0.66926 0.001259
2.5029e-06 3.4841e-05 3.084e-08 6.6714e-05 0.0016302 0.0023984 3.7036e-05 0.0037134 0.66888 0.0012599
2.1379e-06 3.3559e-05 1.6165e-08 6.5982e-05 0.0016304 0.0023972 3.6746e-05 0.0036902 0.66847 0.0012608
1.7772e-06 3.2288e-05 3.9846e-09 6.5271e-05 0.0016308 0.0023961 3.6493e-05 0.0036677 0.66811 0.0012619
1.4064e-06 3.1007e-05 3.5599e-09 6.4546e-05 0.0016311 0.0023949 3.6218e-05 0.0036451 0.66773 0.0012629
1.04e-06 2.9738e-05 6.8838e-09 6.3806e-05 0.0016313 0.0023937 3.5921e-05 0.0036222 0.66731 0.0012638
6.7753e-07 2.848e-05 1.0503e-08 6.3087e-05 0.0016317 0.0023926 3.5662e-05 0.0036 0.66695 0.001265
6.868e-07 2.7188e-05 1.2751e-08 6.2354e-05 0.001632 0.0023914 3.5381e-05 0.0035777 0.66656 0.0012661
6.8833e-07 2.5886e-05 1.3685e-08 6.1607e-05 0.0016322 0.0023903 3.5079e-05 0.0035551 0.66614 0.0012671
6.8214e-07 2.4576e-05 1.3341e-08 6.0846e-05 0.0016323 0.0023891 3.4756e-05 0.0035324 0.66569 0.001268
6.7152e-07 2.3276e-05 1.3211e-08 6.0105e-05 0.0016326 0.0023879 3.4468e-05 0.0035104 0.6653 0.0012692
6.5326e-07 2.1967e-05 1.1811e-08 5.9384e-05 0.0016331 0.0023868 3.416e-05 0.0034881 0.66496 0.0012703
6.3056e-07 2.0668e-05 1.0595e-08 5.8681e-05 0.0016338 0.0023858 3.3885e-05 0.0034665 0.66468 0.0012716
6.0343e-07 1.9379e-05 9.4994e-09 5.7997e-05 0.0016346 0.0023848 3.3643e-05 0.0034456 0.66446 0.0012637
5.6858e-07 1.8081e-05 7.0863e-09 5.73e-05 0.0016354 0.0023838 3.338e-05 0.0034244 0.6642 0.0012557
5.2937e-07 1.6794e-05 4.7704e-09 5.6621e-05 0.0016364 0.0023828 3.3151e-05 0.0034039 0.66401 0.001248
4.8239e-07 1.5497e-05 1.0104e-08 5.5928e-05 0.0016373 0.0023818 3.2902e-05 0.0033833 0.66378 0.0012403
6.6902e-07 1.4167e-05 1.4031e-08 5.5222e-05 0.0016381 0.0023808 3.2631e-05 0.0033624 0.66352 0.0012324
7.6062e-07 1.3896e-05 1.8737e-08 5.4536e-05 0.0016391 0.0023799 3.2331e-05 0.0033412 0.66332 0.001225
8.44e-07 1.3617e-05 2.189e-08 5.3836e-05 0.00164 0.0023789 3.2007e-05 0.0033197 0.66309 0.0012174
9.1924e-07 1.3331e-05 2.3554e-08 5.312e-05 0.0016408 0.0023779 3.1661e-05 0.0032981 0.66283 0.0012097
9.9154e-07 1.3046e-05 2.6098e-08 5.2426e-05 0.0016418 0.0023769 3.1353e-05 0.0032771 0.66263 0.0012024
1.0614e-06 1.2761e-05 2.9925e-08 5.1756e-05 0.0016413 0.002376 3.1088e-05 0.0032569 0.66204 0.0011956
1.1296e-06 1.2478e-05 3.1773e-08 5.1112e-05 0.001641 0.0023753 3.0871e-05 0.0032375 0.66155 0.0011886
1.1962e-06 1.2198e-05 3.545e-08 5.0497e-05 0.001641 0.0023745 3.0701e-05 0.003219 0.66114 0.0011821
1.2534e-06 1.1908e-05 4.2088e-08 4.9857e-05 0.0016408 0.0023738 3.0497e-05 0.0032 0.66068 0.0011761
1.3096e-06 1.1621e-05 4.0267e-08 4.9248e-05 0.0016409 0.0023731 3.0346e-05 0.003182 0.66031 0.0011706
1.3561e-06 1.1324e-05 4.0871e-08 4.8668e-05 0.0016414 0.0023725 3.0158e-05 0.0031635 0.66003 0.0011655
1.4015e-06 1.103e-05 4.3943e-08 4.8116e-05 0.0016421 0.002372 3.0021e-05 0.0031459 0.65986 0.0011609
1.4372e-06 1.0727e-05 4.4504e-08 4.7541e-05 0.0016427 0.0023715 2.9847e-05 0.0031279 0.65962 0.0011562
1.472e-06 1.0426e-05 4.7672e-08 4.6994e-05 0.0016436 0.002371 2.9725e-05 0.0031107 0.65948 0.0011518
1.5062e-06 1.0128e-05 4.831e-08 4.6425e-05 0.0016444 0.0023705 2.9654e-05 0.0030944 0.65928 0.0011473
1.5307e-06 9.8202e-06 4.5983e-08 4.5834e-05 0.0016449 0.0023699 2.9549e-05 0.0030776 0.66678 0.0011431
1.5455e-06 9.5039e-06 4.1086e-08 4.5222e-05 0.0016452 0.0023693 2.941e-05 0.0030606 0.67409 0.0011388
1.5595e-06 9.1898e-06 3.9562e-08 4.4637e-05 0.0016458 0.0023688 2.932e-05 0.0030443 0.68169 0.0011349
1.5634e-06 8.8658e-06 3.5394e-08 4.403e-05 0.0016463 0.0023682 2.9302e-05 0.0030293 0.68908 0.0011308
1.5576e-06 8.533e-06 4.5842e-08 4.3312e-05 0.0016471 0.0023677 2.925e-05 0.0030139 0.69676 0.0011265
1.5506e-06 8.2018e-06 6.0975e-08 4.2621e-05 0.0016481 0.0023673 2.9244e-05 0.0029993 0.70472 0.0011226
1.5346e-06 7.8626e-06 7.2807e-08 4.1912e-05 0.001649 0.0023669 2.921e-05 0.0029843 0.71251 0.0011186
1.5097e-06 7.5155e-06 8.1814e-08 4.1185e-05 0.0016498 0.0023664 2.9148e-05 0.0029692 0.72017 0.0011144
1.471e-06 7.843e-06 8.8161e-08 4.044e-05 0.0016505 0.0023658 2.9061e-05 0.0029539 0.72768 0.0011101
1.4307e-06 8.1719e-06 9.1922e-08 3.9721e-05 0.0016514 0.0023654 2.8942e-05 0.0029382 0.73542 0.0011057
1.3884e-06 8.5013e-06 9.9029e-08 3.9024e-05 0.0016525 0.002365 2.886e-05 0.002923 0.74338 0.0011015
1.3372e-06 8.8228e-06 1.0318e-07 3.8309e-05 0.0016535 0.0023646 2.8752e-05 0.0029077 0.75119 0.0010973
1.2771e-06 9.1366e-06 1.0474e-07 3.7577e-05 0.0016544 0.0023641 2.8618e-05 0.0028921 0.75886 0.0010929
1.2151e-06 9.451e-06 1.0975e-07 3.6866e-05 0.0016556 0.0023637 2.8522e-05 0.0028772 0.75998 0.0010889
1.1509e-06 9.766e-06 1.0988e-07 3.6137e-05 0.0016566 0.0023633 2.8463e-05 0.0028628 0.76107 0.0010847
1.0781e-06 1.0073e-05 1.0753e-07 3.5391e-05 0.0016574 0.0023629 2.838e-05 0.0028482 0.76211 0.0010804
9.9678e-07 1.0373e-05 1.0278e-07 3.463e-05 0.0016582 0.0023624 2.8274e-05 0.0028334 0.76312 0.001076
1.1738e-06 1.0615e-05 1.0127e-07 3.3889e-05 0.0016592 0.0023619 2.8142e-05 0.0028184 0.7642 0.0010532
1.3417e-06 1.0848e-05 9.7519e-08 3.3134e-05 0.0016601 0.0023615 2.7987e-05 0.0028032 0.76525 0.0010302
1.5092e-06 1.1082e-05 9.6575e-08 3.2397e-05 0.0016612 0.0023611 2.7866e-05 0.0027886 0.76636 0.0010082
1.6768e-06 1.1315e-05 9.839e-08 3.1645e-05 0.0017105 0.0023607 2.7779e-05 0.0027745 0.76743 0.00098733
1.8352e-06 1.1542e-05 9.797e-08 3.0877e-05 0.0017594 0.0023602 2.7669e-05 0.0027602 0.76847 0.0009661
1.9843e-06 1.1761e-05 9.5318e-08 3.0093e-05 0.0018078 0.0023597 2.7537e-05 0.0027457 0.76947 0.00094453
2.1333e-06 1.1979e-05 9.5375e-08 3.0881e-05 0.0018559 0.0023592 2.5698e-05 0.0027318 0.77044 0.000924
2.2733e-06 1.2191e-05 9.3354e-08 3.1654e-05 0.0019037 0.0023587 2.3819e-05 0.0027178 0.77137 0.00090316
2.4045e-06 1.2395e-05 8.9358e-08 3.2414e-05 0.0019511 0.0023581 2.4076e-05 0.0027035 0.77228 0.00088205
2.527e-06 1.2593e-05 8.7701e-08 3.3191e-05 0.0019996 0.0023575 2.4312e-05 0.002689 0.77325 0.00086189
2.641e-06 1.2784e-05 8.4239e-08 3.3955e-05 0.0020478 0.0023568 2.4531e-05 0.0026744 0.7742 0.0008415
2.7465e-06 1.2968e-05 7.8983e-08 3.4707e-05 0.0020958 0.0023561 2.4731e-05 0.0026597 0.77512 0.00082087
2.8437e-06 1.3145e-05 7.6233e-08 3.5447e-05 0.0021435 0.0023554 2.4914e-05 0.0026449 0.77601 0.00080113
2.9325e-06 1.3316e-05 7.1771e-08 3.6174e-05 0.0021909 0.0023547 2.5079e-05 0.00263 0.77689 0.00078118
3.013e-06 1.3481e-05 6.5585e-08 3.6889e-05 0.0022382 0.0023539 2.5227e-05 0.002615 0.77774 0.00076101
3.0924e-06 1.3644e-05 6.1271e-08 3.762e-05 0.0022863 0.0023533 2.5402e-05 0.0026004 0.77864 0.00074169
3.1635e-06 1.3801e-05 5.5285e-08 3.8339e-05 0.0023343 0.0023525 2.5559e-05 0.0025857 0.77952 0.00072217
3.2334e-06 1.3956e-05 5.0983e-08 3.9073e-05 0.0023832 0.0023519 2.5743e-05 0.0025715 0.78046 0.00070348
3.2947e-06 1.4105e-05 4.3322e-08 3.9824e-05 0.0024331 0.0023513 2.5907e-05 0.0025571 0.78146 0.00068561
3.3552e-06 1.4253e-05 3.7447e-08 4.0592e-05 0.0024842 0.0023507 2.61e-05 0.0025432 0.78251 0.00066856
3.4071e-06 1.4395e-05 3.3004e-08 4.1379e-05 0.0025363 0.0023502 2.6274e-05 0.0025291 0.78363 0.00065228
3.4582e-06 1.4535e-05 2.9735e-08 4.2184e-05 0.0025897 0.0023498 2.6477e-05 0.0025155 0.78481 0.00063674
3.5005e-06 1.4669e-05 2.4897e-08 4.2975e-05 0.0026426 0.0023493 2.666e-05 0.0025017 0.78596 0.00062098
3.5425e-06 1.4802e-05 2.1139e-08 4.3786e-05 0.0026968 0.0023489 2.6873e-05 0.0024884 0.78717 0.00060597
3.5743e-06 1.4928e-05 1.8775e-08 4.4623e-05 0.0027524 0.0023485 2.706e-05 0.0024749 0.78846 0.00059182
3.5964e-06 1.5045e-05 1.4729e-08 4.5442e-05 0.0028075 0.0023482 2.7221e-05 0.0024612 0.78972 0.00057736
3.6196e-06 1.5163e-05 1.1684e-08 4.6288e-05 0.0028642 0.0023478 2.7422e-05 0.0024481 0.79106 0.00056375
3.6326e-06 1.5274e-05 1.124e-08 4.7114e-05 0.0029202 0.0023475 2.7595e-05 0.0024347 0.79235 0.00055095
3.6473e-06 1.5385e-05 1.1304e-08 4.797e-05 0.002978 0.0023472 2.6673e-05 0.0024221 0.79373 0.00053892
3.6515e-06 1.5488e-05 1.2095e-08 4.8857e-05 0.0030374 0.002347 2.5709e-05 0.0024092 0.7952 0.00052763
3.6455e-06 1.5583e-05 1.137e-08 4.9723e-05 0.0030962 0.0023468 2.4708e-05 0.0023961 0.79663 0.00051608
3.6408e-06 1.5679e-05 1.1116e-08 5.0619e-05 0.0031567 0.0023467 2.3775e-05 0.0023836 0.79815 0.0005052
3.637e-06 1.5775e-05 1.1262e-08 5.1543e-05 0.0032189 0.0023466 2.2903e-05 0.0023715 0.79975 0.00049493
4.4183e-06 1.5854e-05 9.9491e-09 5.2448e-05 0.0032804 0.0023465 2.1999e-05 0.0023593 0.8013 0.00048443
5.1778e-06 1.5923e-05 9.0576e-09 5.3383e-05 0.0033437 0.0023464 2.1157e-05 0.0023475 0.80294 0.00047454
5.9197e-06 1.5984e-05 6.6811e-09 5.4297e-05 0.0034062 0.0023463 2.0281e-05 0.0023356 0.80454 0.00046441
6.684e-06 1.6045e-05 5.1474e-09 5.5242e-05 0.0034706 0.0023463 1.9466e-05 0.0023242 0.80622 0.00045401
7.4711e-06 1.6108e-05 7.3575e-09 5.6167e-05 0.0035343 0.0023463 1.8708e-05 0.0023132 0.80786 0.00044337
8.2812e-06 1.617e-05 9.961e-09 5.7123e-05 0.0035998 0.0023463 1.8001e-05 0.0023027 0.80959 0.00043334
9.0726e-06 1.6225e-05 1.1036e-08 5.8056e-05 0.0036646 0.0023463 1.7263e-05 0.002292 0.81127 0.00042306
9.8887e-06 1.6281e-05 1.2658e-08 5.9023e-05 0.0037312 0.0023463 1.6576e-05 0.0022817 0.81304 0.00041338
1.0731e-05 1.6338e-05 1.2695e-08 5.9967e-05 0.0037971 0.0023463 1.6191e-05 0.0022491 0.81476 0.00040347
1.1553e-05 1.6386e-05 1.3426e-08 6.0946e-05 0.003865 0.0023464 1.5778e-05 0.0022161 0.81658 0.00039414
1.2356e-05 1.6427e-05 1.2568e-08 6.1902e-05 0.003932 0.0023465 1.5339e-05 0.0021826 0.81834 0.00038458
1.3185e-05 1.6468e-05 1.2316e-08 6.2891e-05 0.0040011 0.0023466 1.4937e-05 0.0021504 0.8202 0.00037558
1.3995e-05 1.6502e-05 1.0527e-08 6.386e-05 0.0040693 0.0023467 1.4509e-05 0.0021177 0.82201 0.00036636
1.4833e-05 1.6536e-05 9.3548e-09 6.4864e-05 0.0041397 0.0023469 1.412e-05 0.0020862 0.82392 0.00035772
1.5707e-05 1.6573e-05 8.8929e-09 6.5912e-05 0.0042125 0.0023471 1.3665e-05 0.0020525 0.82595 0.00034969
1.6555e-05 1.6601e-05 1.5342e-08 6.6929e-05 0.0042841 0.0023473 1.3174e-05 0.002018 0.8279 0.00034136
1.7439e-05 1.6632e-05 2.4535e-08 6.7991e-05 0.0043582 0.0023476 1.2731e-05 0.001985 0.82998 0.00033364
1.8296e-05 1.6652e-05 3.0817e-08 6.9022e-05 0.0044311 0.0023478 1.3282e-05 0.0019506 0.83198 0.00032565
1.9189e-05 1.6675e-05 3.4392e-08 7.0098e-05 0.0045066 0.0023482 1.3887e-05 0.0019177 0.8341 0.00031738
2.0122e-05 1.6701e-05 4.0759e-08 7.1221e-05 0.0045847 0.0023486 1.4552e-05 0.0018864 0.83634 0.00030972
2.1096e-05 1.6728e-05 5.0939e-08 7.2394e-05 0.0046656 0.0023491 1.5283e-05 0.0018564 0.83871 0.00030262
2.2043e-05 1.6747e-05 6.7397e-08 7.3618e-05 0.0047493 0.0023497 1.597e-05 0.0018259 0.84121 0.00029607
2.2961e-05 1.6757e-05 1.0462e-07 7.4809e-05 0.0048317 0.0023503 1.6617e-05 0.0017946 0.84364 0.0002759
2.385e-05 1.6757e-05 1.3416e-07 7.5966e-05 0.0049128 0.0023508 1.7221e-05 0.0017627 0.84599 0.000255
2.478e-05 1.6759e-05 1.4077e-07 7.708e-05 0.0049926 0.0023512 1.7887e-05 0.0017323 0.84826 0.0002319
2.568e-05 1.6753e-05 1.4331e-07 7.8162e-05 0.0050712 0.0023516 1.8509e-05 0.0017011 0.85047 0.00020797
2.6621e-05 1.6748e-05 1.5159e-07 7.9292e-05 0.0051525 0.0023521 1.9195e-05 0.0016714 0.85279 0.0001857
2.7605e-05 1.6745e-05 1.3972e-07 8.0472e-05 0.0052365 0.0023526 1.9949e-05 0.001643 0.85524 0.00016498
2.8557e-05 1.6734e-05 1.2296e-07 8.1618e-05 0.0053193 0.0023532 2.0657e-05 0.0016139 0.85762 0.00014353
2.9555e-05 1.6724e-05 1.1324e-07 8.2816e-05 0.0054049 0.0023538 2.1438e-05 0.0015862 0.86012 0.0001236
3.0523e-05 1.6706e-05 1.1856e-07 8.3982e-05 0.0054893 0.0023543 2.2174e-05 0.0015579 0.86255 0.00012031
3.1538e-05 1.669e-05 1.0914e-07 8.5201e-05 0.0055767 0.002355 2.2987e-05 0.001531 0.86512 0.00011665
3.26e-05 1.6676e-05 7.3692e-08 8.6474e-05 0.0056672 0.0023557 2.3881e-05 0.0015052 0.86782 0.00010505
3.3629e-05 1.6653e-05 7.3418e-08 8.7711e-05 0.0057562 0.0023564 2.4721e-05 0.0014789 0.87043 0.00010342
3.4626e-05 1.6621e-05 7.6916e-08 8.8912e-05 0.0058437 0.002357 2.551e-05 0.001452 0.87297 0.00010193
3.5592e-05 1.6579e-05 7.7333e-08 9.008e-05 0.0059299 0.0023576 2.6236e-05 0.0014488 0.87544 0.00010037
3.6606e-05 1.654e-05 8.1783e-08 9.1212e-05 0.0060148 0.0023581 2.7042e-05 0.0014458 0.87783 9.8953e-05
3.767e-05 1.6503e-05 7.1246e-08 9.2397e-05 0.0061027 0.0023587 2.7934e-05 0.0014431 0.88036 9.7663e-05
3.8701e-05 1.6458e-05 7.4904e-08 9.3547e-05 0.0061892 0.0023593 2.8771e-05 0.0014402 0.88281 9.63e-05
3.978e-05 1.6414e-05 8.2618e-08 9.4749e-05 0.0062787 0.0023599 2.9694e-05 0.0014376 0.88538 9.5059e-05
4.0829e-05 1.6361e-05 8.7184e-08 9.592e-05 0.0063669 0.0023605 3.0567e-05 0.0014349 0.88789 9.3756e-05
4.185e-05 1.63e-05 8.8903e-08 9.7062e-05 0.006454 0.0023611 3.1395e-05 0.0014321 0.89034 9.2394e-05
4.2917e-05 1.6241e-05 9.5102e-08 9.8253e-05 0.0065439 0.0023617 3.235e-05 0.0014186 0.89291 9.1142e-05
4.3958e-05 1.6173e-05 9.8446e-08 9.9416e-05 0.0066328 0.0023623 3.326e-05 0.0014048 0.89541 8.9837e-05
4.5044e-05 1.6107e-05 1.0583e-07 0.00010063 0.0067244 0.002363 3.4254e-05 0.0013916 0.89804 8.8637e-05
4.61e-05 1.6032e-05 1.101e-07 0.00010181 0.0068149 0.0023636 3.5198e-05 0.0013781 0.9006 8.7381e-05
4.7207e-05 1.5959e-05 9.5769e-08 0.00010305 0.0069082 0.0023643 3.6068e-05 0.0013641 0.90327 8.6228e-05
4.8349e-05 1.5887e-05 8.5268e-08 0.00010433 0.0070037 0.0023651 3.7e-05 0.0013506 0.90603 8.515e-05
4.9526e-05 1.5814e-05 7.7676e-08 0.00010564 0.0071015 0.0023659 3.7992e-05 0.0013374 0.90888 8.4139e-05
5.0736e-05 1.574e-05 7.2451e-08 0.00010699 0.0072014 0.0023668 3.9046e-05 0.0013247 0.91181 8.3191e-05
5.1981e-05 1.5665e-05 6.9365e-08 0.00010838 0.0073036 0.0023678 4.0165e-05 0.0013123 0.91483 8.2216e-05
5.3209e-05 1.5584e-05 6.4363e-08 0.00010974 0.0074052 0.0023687 4.1254e-05 0.0012999 0.91781 8.1214e-05
5.4471e-05 1.5502e-05 6.1181e-08 0.00011115 0.0075089 0.0023697 4.2408e-05 0.0012878 0.92087 8.0271e-05
5.5766e-05 1.5419e-05 5.9559e-08 0.00011258 0.0076148 0.0023707 4.3626e-05 0.001276 0.92401 7.9384e-05
5.7096e-05 1.5335e-05 5.9631e-08 0.00011406 0.007723 0.0023718 4.4913e-05 0.0012646 0.92723 7.8552e-05
5.8411e-05 1.5244e-05 5.8126e-08 0.00011552 0.0078307 0.0023728 4.6174e-05 0.0012531 0.93043 7.7697e-05
5.971e-05 1.5147e-05 5.504e-08 0.00011696 0.0079379 0.0023739 4.7407e-05 0.0012415 0.93359 7.6819e-05
6.1044e-05 1.5049e-05 5.3447e-08 0.00011843 0.0080473 0.0023749 4.8711e-05 0.0012303 0.93683 7.5996e-05
6.221e-05 1.6281e-05 5.0247e-08 0.0001199 0.0081562 0.002376 4.9986e-05 0.001219 0.94004 7.5149e-05
6.3408e-05 1.7522e-05 4.8381e-08 0.00012139 0.0082674 0.0023771 5.1332e-05 0.001208 0.94333 7.4354e-05
6.464e-05 1.8772e-05 4.7816e-08 0.00012293 0.0083809 0.0023783 5.2755e-05 0.0011973 0.94671 7.361e-05
6.5906e-05 2.0031e-05 4.8459e-08 0.0001245 0.0084967 0.0023795 5.4256e-05 0.0011869 0.95017 7.2914e-05
6.7156e-05 2.1283e-05 4.7588e-08 0.00012605 0.0086121 0.0023807 5.5727e-05 0.0011764 0.9536 7.2197e-05
6.844e-05 2.2543e-05 4.7923e-08 0.00012765 0.0087298 0.002382 5.7279e-05 0.0011662 0.95385 7.1527e-05
6.9708e-05 2.3794e-05 4.6698e-08 0.00012922 0.008847 0.0023832 5.8799e-05 0.001156 0.9541 7.0835e-05
7.0958e-05 2.5038e-05 4.3908e-08 0.00013078 0.0089636 0.0023844 6.0286e-05 0.0011457 0.95435 7.012e-05
7.2245e-05 2.6291e-05 4.2373e-08 0.00013238 0.0090827 0.0023857 6.1859e-05 0.0011356 0.95464 6.9454e-05
7.357e-05 2.7554e-05 4.202e-08 0.00013401 0.0092043 0.002387 6.3524e-05 0.0011259 0.95496 6.8836e-05
7.4877e-05 2.8808e-05 4.0117e-08 0.00013563 0.0093254 0.0023883 6.5153e-05 0.0011161 0.95528 6.8196e-05
7.6167e-05 3.0054e-05 3.9409e-08 0.0001373 0.0094491 0.0023896 6.6748e-05 0.0011062 0.95564 6.7604e-05
7.7496e-05 3.131e-05 3.9857e-08 0.00013901 0.0095755 0.002391 6.8439e-05 0.0010966 0.95604 6.706e-05
7.8867e-05 3.2578e-05 4.1533e-08 0.00014076 0.0097047 0.0023925 7.0235e-05 0.0010874 0.95648 6.6564e-05
8.0286e-05 3.3858e-05 4.139e-08 0.00014257 0.009837 0.002394 7.215e-05 0.0010784 0.95695 6.604e-05
8.1752e-05 3.5151e-05 4.2609e-08 0.00014443 0.0099723 0.0023956 7.4188e-05 0.0010697 0.95747 6.5566e-05
8.3194e-05 3.6433e-05 4.2127e-08 0.00014626 0.010107 0.0023972 7.6174e-05 0.0010609 0.95799 6.5066e-05
8.4688e-05 3.773e-05 4.3155e-08 0.00014815 0.010131 0.0023988 7.8298e-05 0.0010525 0.95855 6.4618e-05
8.6241e-05 3.9043e-05 8.575e-08 0.00015001 0.010155 0.0024004 8.0353e-05 0.0010439 0.9591 6.414e-05
8.7767e-05 4.0345e-05 3.5422e-07 0.00015185 0.010179 0.002402 8.2349e-05 0.0010352 0.95964 6.3633e-05
8.9262e-05 4.1634e-05 6.9875e-07 0.00015374 0.010204 0.0024036 8.4485e-05 0.0010268 0.96023 6.3178e-05
9.0729e-05 4.2911e-05 1.0153e-06 0.0001556 0.010228 0.0024052 8.6557e-05 0.0010183 0.96081 6.2694e-05
9.2168e-05 4.4176e-05 1.3064e-06 0.00015743 0.010252 0.0024068 8.8565e-05 0.0010097 0.96138 6.2178e-05
9.3577e-05 4.5429e-05 1.4022e-06 0.00015933 0.010277 0.0024084 9.0505e-05 0.0010009 0.96199 6.1718e-05
9.5041e-05 4.6697e-05 1.5287e-06 0.0001613 0.010302 0.0024101 9.2591e-05 0.00099245 0.96265 6.1311e-05
9.6565e-05 4.798e-05 1.54e-06 0.00016333 0.010329 0.0024119 9.4836e-05 0.00098434 0.96336 6.0959e-05
9.8148e-05 4.928e-05 1.4612e-06 0.00016542 0.010357 0.0024138 9.7248e-05 0.00097654 0.96412 6.0659e-05
9.97e-05 5.0566e-05 1.3727e-06 0.00016748 0.010384 0.0024156 9.9584e-05 0.00096862 0.96487 6.0328e-05
0.00010132 5.187e-05 1.3091e-06 0.00016962 0.010413 0.0024175 0.0001021 0.00096102 0.96567 6.0051e-05
0.00010289 5.3159e-05 1.146e-06 0.00017171 0.010441 0.0024193 0.00010452 0.00095326 0.96645 5.9833e-05
0.00010455 5.4468e-05 9.5572e-07 0.00017376 0.010468 0.0024211 0.00010716 0.00094587 0.96722 5.9578e-05
0.00010628 5.5799e-05 8.2687e-07 0.00017359 0.010497 0.002423 0.00011004 0.00093882 0.96805 5.9388e-05
0.00010797 5.7113e-05 7.4546e-07 0.00017348 0.010527 0.002425 0.0001128 0.00093161 0.96893 5.9262e-05
0.00010975 5.845e-05 6.4304e-07 0.00017341 0.010558 0.0024271 0.00011582 0.00092477 0.96988 5.9093e-05
0.00011161 5.981e-05 5.747e-07 0.00017332 0.010589 0.0024291 0.00011912 0.00091826 0.97081 5.8988e-05
0.00011343 6.1153e-05 4.9136e-07 0.00017319 0.010619 0.0024311 0.00012228 0.00091159 0.97172 5.8842e-05
0.00011534 6.2519e-05 4.3693e-07 0.00017312 0.010651 0.0024332 0.00012574 0.00090527 0.97269 5.8761e-05
0.00011735 6.391e-05 3.4907e-07 0.0001731 0.010684 0.0024353 0.00012647 0.00089954 0.97254 5.8636e-05
0.00011945 6.5325e-05 2.889e-07 0.00017313 0.010718 0.0024376 0.00012733 0.0008941 0.97244 5.8572e-05
0.00012165 6.6762e-05 2.478e-07 0.0001732 0.010754 0.00244 0.00012832 0.00088893 0.97238 5.8567e-05
0.0001238 6.8182e-05 1.9807e-07 0.00017325 0.01079 0.0024423 0.00012923 0.00088364 0.97232 5.8526e-05
0.00012588 6.9575e-05 1.6442e-07 0.00017335 0.010826 0.0024447 0.0001303 0.00087863 0.97229 5.8546e-05
0.0001279 7.095e-05 1.2287e-07 0.00017341 0.010863 0.002447 0.00013128 0.0008735 0.97226 5.8525e-05
0.00013003 7.235e-05 9.4934e-08 0.00017353 0.0109 0.0024495 0.00013242 0.00086864 0.97228 5.8568e-05
0.0001321 7.3731e-05 5.4437e-08 0.00017369 0.010939 0.002452 0.0001335 0.00086362 0.97234 5.8569e-05
0.00013428 7.5137e-05 2.6954e-08 0.00017391 0.01098 0.0024547 0.00013474 0.00085888 0.97245 5.8635e-05
0.00013639 7.6525e-05 1.0034e-08 0.00017409 0.01102 0.0024571 0.00013589 0.000854 0.97255 5.7389e-05
0.00013862 7.7938e-05 3.8259e-09 0.00017433 0.011062 0.0024597 0.0001372 0.00084939 0.97269 5.6078e-05
0.00014078 7.9332e-05 3.9309e-09 0.00017453 0.011103 0.0024621 0.00013842 0.00084465 0.97283 5.4701e-05
0.00014305 8.0752e-05 4.1873e-09 0.00017479 0.011145 0.0024647 0.00013981 0.00084017 0.97301 5.3437e-05
0.00014544 8.2198e-05 5.9824e-09 0.00017501 0.011187 0.0024672 0.00014108 0.00083548 0.97318 5.2113e-05
0.00014783 8.3641e-05 8.4186e-09 0.0001752 0.011228 0.0024697 0.00014234 0.00083079 0.97335 5.0895e-05
0.00015021 8.5079e-05 1.1818e-08 0.00017544 0.011271 0.0024723 0.00014359 0.0008261 0.97355 4.9776e-05
0.00015258 8.6513e-05 1.3215e-08 0.00017565 0.011313 0.0024748 0.00014484 0.0008214 0.97375 4.8602e-05
0.00015495 8.7943e-05 1.5781e-08 0.00017591 0.011357 0.0024774 0.00014608 0.00081671 0.974 4.7526e-05
0.00015732 8.9369e-05 1.6413e-08 0.00017614 0.0114 0.00248 0.00014732 0.00081201 0.97424 4.6397e-05
0.00015968 9.0791e-05 1.5126e-08 0.00017633 0.011442 0.0024825 0.00014854 0.00080731 0.97446 4.5213e-05
0.00016217 9.2241e-05 1.1882e-08 0.0001765 0.011483 0.0024849 0.00015076 0.00079484 0.97468 4.3973e-05
0.00016459 9.3672e-05 9.8005e-09 0.00017671 0.011527 0.0024874 0.00015286 0.0007821 0.97494 4.283e-05
0.00016713 9.5129e-05 8.6086e-09 0.00017698 0.011528 0.0024901 0.00015518 0.00076993 0.97525 4.1779e-05
0.0001698 9.6613e-05 8.0835e-09 0.0001773 0.01153 0.0024928 0.00015774 0.00075833 0.97561 4.0815e-05
0.0001726 9.8126e-05 8.1402e-09 0.00017767 0.011533 0.0024957 0.00016056 0.00074725 0.97602 3.9932e-05
0.00017533 9.9619e-05 6.5784e-09 0.000178 0.011535 0.0024985 0.00016326 0.00073595 0.97642 3.9004e-05
0.0001782 0.00010114 5.5352e-09 0.0001784 0.011539 0.0025013 0.00016622 0.00072516 0.97686 3.8154e-05
0.00018099 0.00010264 2.8749e-09 0.00017875 0.011542 0.0025042 0.00016905 0.00071414 0.9773 3.7257e-05
0.00018373 0.00010413 4.4227e-09 0.00018502 0.011544 0.002507 0.00017175 0.00070289 0.97772 3.6313e-05
0.00018659 0.00010564 6.2837e-09 0.0001915 0.011548 0.0025098 0.00017471 0.00069214 0.97819 3.5445e-05
0.00018938 0.00010713 6.5464e-09 0.00019788 0.011551 0.0025126 0.00017753 0.00068115 0.97865 3.4529e-05
0.0001921 0.0001086 5.2126e-09 0.00020414 0.011553 0.0025154 0.00018021 0.00066991 0.9791 3.3565e-05
0.00019496 0.00011011 8.202e-09 0.00020988 0.011576 0.0025183 0.00018275 0.00065836 0.97901 3.2539e-05
0.00019775 0.00011159 8.8605e-09 0.00021551 0.011598 0.0025211 0.0002001 0.00064626 0.97891 3.1649e-05
0.00020067 0.0001131 1.0125e-08 0.00022134 0.011622 0.002524 0.00021888 0.00063468 0.97886 3.0828e-05
0.00020353 0.0001146 9.7508e-09 0.00022708 0.011645 0.0025268 0.00023704 0.00062288 0.97879 2.9967e-05
0.00020651 0.00011612 9.9874e-09 0.00023302 0.011669 0.0025298 0.00025666 0.00061159 0.97877 2.9171e-05
0.00020943 0.00011762 8.0999e-09 0.00023886 0.011692 0.0025327 0.00027564 0.00060007 0.97875 2.8334e-05
0.00021229 0.0001191 1.5511e-08 0.00024462 0.011715 0.0025355 0.000294 0.00058834 0.97871 2.7456e-05
0.00021529 0.00012062 2.5626e-08 0.00025084 0.011738 0.0025383 0.00031387 0.00057712 0.97868 2.6645e-05
0.00021821 0.00012211 4.0635e-08 0.00025227 0.011761 0.0025412 0.00033304 0.00056566 0.97868 2.5899e-05
0.00022107 0.00012359 5.2394e-08 0.00025366 0.011785 0.002544 0.00035159 0.00055398 0.97868 2.5113e-05
0.00022406 0.00012509 6.9045e-08 0.00025513 0.011809 0.002547 0.00037158 0.00054279 0.97871 2.4387e-05
0.00022718 0.00012661 6.8599e-08 0.00025666 0.011834 0.00255 0.00037699 0.00053217 0.97879 2.3716e-05
0.00023024 0.00012813 6.5581e-08 0.00025816 0.011859 0.002553 0.0003822 0.00052135 0.97886 2.3011e-05
0.00023342 0.00012966 6.5293e-08 0.00025973 0.011885 0.002556 0.00038783 0.00051097 0.97897 2.2355e-05
0.00023655 0.00013118 6.2588e-08 0.00026126 0.011911 0.002559 0.00039296 0.00051032 0.97908 2.1669e-05
0.00023981 0.00013273 6.2672e-08 0.00026286 0.011937 0.0025621 0.00039853 0.00050977 0.97923 2.1032e-05
0.00024301 0.00013425 6.0293e-08 0.00026443 0.011963 0.0025652 0.0004039 0.00050918 0.97937 2.0364e-05
0.00024637 0.00013581 4.1342e-08 0.00026595 0.011989 0.0025682 0.00040978 0.0005087 0.97951 1.975e-05
0.00024988 0.0001374 3.5614e-08 0.00026755 0.012016 0.0025713 0.0004162 0.00050834 0.97968 1.9101e-05
0.00025356 0.00013902 3.2391e-08 0.00026924 0.012044 0.0025745 0.0004232 0.00050809 0.9799 1.8504e-05
0.00025715 0.00014062 2.6608e-08 0.00027088 0.012072 0.0025777 0.0004299 0.00050777 0.98012 1.9083e-05
0.00026092 0.00014225 1.824e-08 0.00027247 0.012099 0.0025807 0.00043723 0.00050757 0.98032 1.9629e-05
0.00026487 0.00014391 1.2456e-08 0.00027415 0.012127 0.0025839 0.00044524 0.00050749 0.98057 2.0226e-05
0.00026901 0.00014561 1.164e-08 0.00027592 0.012156 0.0025872 0.00045399 0.00050753 0.97989 2.0787e-05
0.00027306 0.00014728 9.0525e-09 0.00027764 0.012186 0.0025905 0.00046241 0.00050751 0.9792 2.1315e-05
0.00027729 0.00014899 7.2696e-09 0.00027945 0.012216 0.0025938 0.00047158 0.00050759 0.97856 2.1892e-05
0.00028144 0.00015067 3.7821e-09 0.00028121 0.012246 0.0025971 0.00048039 0.00050762 0.9779 2.2434e-05
0.00028579 0.00015239 1.5806e-09 0.00028306 0.012277 0.0026005 0.00049003 0.00050777 0.9773 2.5796e-05
0.00029036 0.00015416 2.2763e-09 0.00028487 0.012308 0.0026038 0.00049921 0.00050784 0.97668 2.9033e-05
0.00029516 0.00015595 3.016e-09 0.00028661 0.012338 0.0026071 0.00050925 0.00050803 0.97605 3.2508e-05
0.00029985 0.00015773 3.8467e-09 0.00028831 0.012367 0.0026103 0.00051887 0.00050816 0.97541 3.6246e-05
0.00030475 0.00015954 4.8327e-09 0.0002901 0.012397 0.0026136 0.00052937 0.0005084 0.97481 4.0263e-05
0.00030988 0.00016139 6.0935e-09 0.00029198 0.012429 0.0026171 0.00054078 0.00050875 0.97427 4.457e-05
0.0003149 0.00016321 5.7904e-09 0.00029381 0.012461 0.0026204 0.00055173 0.00050904 0.97371 4.8726e-05
0.00031981 0.00016501 3.9118e-09 0.00029558 0.012491 0.0026237 0.00056225 0.00050927 0.97314 5.2735e-05
0.00032461 0.00016679 6.9516e-09 0.00029745 0.012523 0.0026271 0.00057236 0.00050944 0.97262 5.6607e-05
0.0003293 0.00016855 8.3168e-09 0.00029927 0.012555 0.0026305 0.00058209 0.00050956 0.97209 6.0348e-05
0.00033024 0.00017047 1.0483e-08 0.00030118 0.012588 0.0026339 0.00058466 0.00050993 0.97161 6.438e-05
0.00033128 0.00017244 9.4344e-09 0.00030304 0.01262 0.0026373 0.00058759 0.00051042 0.97111 6.8728e-05
0.00033241 0.00017444 9.1638e-09 0.000305 0.012653 0.0026408 0.00059089 0.00051103 0.97067 7.3415e-05
0.00033365 0.00017649 7.0073e-09 0.00030706 0.012689 0.0026444 0.00059017 0.00051183 0.97028 7.7928e-05
0.00033484 0.00017851 5.5207e-09 0.00030922 0.012725 0.0026482 0.00058931 0.00051257 0.96994 8.2782e-05
0.00033613 0.00018057 4.6298e-09 0.00031149 0.012764 0.002652 0.00058873 0.00051343 0.96965 8.7456e-05
0.00033753 0.00018268 3.9766e-09 0.00031387 0.012804 0.0026559 0.00058842 0.00051441 0.96941 9.2483e-05
0.00033903 0.00018482 3.4628e-09 0.00031635 0.012846 0.00266 0.00058837 0.00051552 0.96922 9.789e-05
0.00034048 0.00018694 8.3681e-09 0.00031878 0.012886 0.002664 0.00058819 0.00051656 0.96902 0.00010307
0.00034187 0.00018903 3.3214e-08 0.00032115 0.012927 0.0026679 0.00058787 0.00051754 0.9688 0.00010807
0.00034337 0.00019117 3.9791e-08 0.00032365 0.012969 0.002672 0.00058783 0.00051865 0.96864 0.0001136
0.00034481 0.00019328 4.3544e-08 0.0003261 0.01301 0.0026759 0.00058765 0.00051968 0.96846 0.00011893
0.00034636 0.00019544 5.0425e-08 0.00032865 0.013053 0.00268 0.00058773 0.00052085 0.96833 0.00012466
0.00034802 0.00019764 5.4026e-08 0.00033114 0.013095 0.0026841 0.00058808 0.00052214 0.96819 0.0001302
0.0003498 0.00019988 6.1126e-08 0.00033375 0.013138 0.0026882 0.00058869 0.00052357 0.9681 0.00013616
0.0003517 0.00020216 7.3022e-08 0.00033648 0.013184 0.0026924 0.00058959 0.00052513 0.96806 0.00013782
0.00035354 0.00020442 8.1028e-08 0.00033914 0.013228 0.0026968 0.00059035 0.00052663 0.968 0.00013939
0.00035531 0.00020665 8.5603e-08 0.00034174 0.013272 0.0027012 0.00059097 0.00052806 0.96794 0.00014089
0.00035703 0.00020886 7.9223e-08 0.00034447 0.013318 0.0027056 0.00059145 0.00052941 0.96792 0.00014254
0.00035885 0.00021111 7.7048e-08 0.00034732 0.013319 0.0027102 0.0005922 0.0005309 0.96796 0.00014436
0.0003608 0.00021341 7.8674e-08 0.0003503 0.013322 0.0027148 0.00059323 0.00053252 0.96804 0.00014635
0.00036269 0.00021568 7.7221e-08 0.00035321 0.013323 0.0027194 0.00059411 0.00053407 0.96811 0.00014825
0.00036471 0.00021799 8.4103e-08 0.00035604 0.013325 0.002724 0.00059529 0.00053577 0.96817 0.00015005
0.00036666 0.00022028 9.7397e-08 0.000359 0.013327 0.0027286 0.00059632 0.0005374 0.96828 0.00015203
0.00036854 0.00022255 1.0666e-07 0.00036189 0.013329 0.0027332 0.00059722 0.00053895 0.96838 0.00015391
0.00037055 0.00022486 1.2242e-07 0.0003649 0.013332 0.0027379 0.0005984 0.00054065 0.96852 0.00015598
0.0003727 0.00022722 1.2822e-07 0.00036785 0.013334 0.0027426 0.00059987 0.00054249 0.96865 0.00015796
0.00037497 0.00022962 1.1713e-07 0.00037092 0.013337 0.0027473 0.00060165 0.00054448 0.96883 0.00016012
0.00037739 0.00023207 1.0129e-07 0.00037393 0.01334 0.002752 0.00060374 0.00054662 0.969 0.00016218
0.00037973 0.0002345 9.2363e-08 0.00037686 0.013342 0.0027567 0.00060567 0.00054868 0.96915 0.00016444
0.00038221 0.00023697 8.8423e-08 0.00037993 0.013345 0.0027614 0.00060793 0.00055091 0.96936 0.0001669
0.00038462 0.00023942 1.1585e-07 0.00038292 0.013348 0.0027661 0.00061002 0.00055304 0.96955 0.00016925
0.00038717 0.00024191 1.5938e-07 0.00038605 0.013352 0.0027709 0.00061244 0.00055534 0.96979 0.0001715
0.00038988 0.00024446 2.2672e-07 0.00038911 0.013355 0.0027756 0.00061522 0.0005578 0.97001 0.00017395
0.00039274 0.00024705 3.281e-07 0.0003921 0.013358 0.0027803 0.00061838 0.00056044 0.97023 0.00017662
0.00039552 0.00024962 4.0832e-07 0.00039523 0.013362 0.0027851 0.00062135 0.00056299 0.97049 0.00017917
0.00039822 0.00025216 4.7264e-07 0.00039828 0.013365 0.0027898 0.00062414 0.00056545 0.97075 0.00018161
0.00040084 0.00025467 5.7099e-07 0.00040128 0.013368 0.0027944 0.00062675 0.00056783 0.97099 0.00018427
0.00040339 0.00025716 7.2899e-07 0.00040441 0.013372 0.0027992 0.00062919 0.00057013 0.97128 0.00018716
0.00040609 0.00025969 8.5948e-07 0.00040768 0.013377 0.0028041 0.00063198 0.00057259 0.97162 0.00018993
0.00040894 0.00026228 1.0543e-06 0.00041088 0.013381 0.002809 0.00063515 0.00057522 0.97195 0.00019294
0.00041171 0.00026483 1.2028e-06 0.00041423 0.013387 0.0028139 0.00063812 0.00057776 0.97122 0.00019583
0.0004144 0.00026735 1.4721e-06 0.00041751 0.013392 0.0028188 0.00064089 0.0005802 0.97046 0.00019898
