Lagenorhynchus_obliquidens Lipotes_vexillifer Monodon_monoceros Odocoileus_virginianus Orcinus_orca Ovis_aries Phocoena_sinus Physeter_catodon Sus_scrofa Tursiops_truncatus Vicugna_pacos
0.00050308 0.0001191 0.01 8.3603e-05 0.0079203 0.0062057 9.5866e-05 2.856e-05 0.01839 0.021981 0.00078454
0.00049659 0.00011565 0.01 8.207e-05 0.007919 0.0062053 9.4456e-05 2.4637e-05 0.01515 0.021992 0.00077882
0.00049033 0.00011227 0.01 8.0642e-05 0.0079177 0.006205 9.3088e-05 2.0961e-05 0.013025 0.022004 0.00077335
0.00048399 0.00010886 0.01 7.9182e-05 0.0079165 0.0062047 9.1706e-05 1.7207e-05 0.010614 0.022016 0.0007678
0.00047788 0.00010552 0.01 7.765e-05 0.0079152 0.0062044 9.0368e-05 1.3696e-05 0.0097978 0.022029 0.00076214
0.0004717 0.00010216 0.01 7.6083e-05 0.007914 0.006204 8.9015e-05 1.0109e-05 0.0088516 0.022041 0.0007564
0.00046574 9.8873e-05 0.01 7.4622e-05 0.0079127 0.0062037 8.7703e-05 6.7437e-06 0.0082534 0.022054 0.0007509
0.00046854 9.5557e-05 0.01 7.3262e-05 0.0079115 0.0062037 8.6376e-05 6.3214e-06 0.0075458 0.022067 0.00074531
0.00047147 9.2307e-05 0.01 7.1992e-05 0.0079103 0.0062038 8.5088e-05 5.9247e-06 0.0071004 0.022081 0.00073996
0.00047436 8.9035e-05 0.01 7.0697e-05 0.0079091 0.0062039 8.3788e-05 5.5113e-06 0.0065837 0.022095 0.00073453
0.0004772 8.5741e-05 0.01 6.9376e-05 0.0079078 0.006204 8.2477e-05 5.0815e-06 0.0059916 0.022108 0.00072904
0.00047999 8.2426e-05 0.01 6.8031e-05 0.0079066 0.006204 8.1153e-05 4.6349e-06 0.0053181 0.022121 0.00072349
0.00048291 7.9171e-05 0.01 6.6767e-05 0.0079054 0.0062041 7.9865e-05 4.2105e-06 0.0048712 0.022135 0.00071814
0.00048578 7.5896e-05 0.01 6.548e-05 0.0079042 0.0062042 7.8566e-05 3.7707e-06 0.0043623 0.022149 0.00071274
0.00048878 7.2679e-05 0.01 6.427e-05 0.007903 0.0062045 7.7301e-05 3.3514e-06 0.0040271 0.022164 0.00070753
0.00049173 6.9443e-05 0.01 6.3038e-05 0.0079018 0.0062048 7.6025e-05 2.9169e-06 0.0036408 0.022178 0.00070226
0.00049464 6.6187e-05 0.01 6.1784e-05 0.0079005 0.006205 7.4738e-05 2.4672e-06 0.003199 0.022192 0.00069694
0.0004975 6.291e-05 0.01 6.0508e-05 0.0078993 0.0062051 7.3441e-05 2.0018e-06 0.0026956 0.022206 0.00069155
0.00050032 5.9613e-05 0.01 5.9207e-05 0.0078981 0.0062052 7.2132e-05 2.0719e-06 0.0021218 0.02222 0.0006861
0.00050326 5.6375e-05 0.01 5.7985e-05 0.0078969 0.0062055 7.0857e-05 2.1454e-06 0.0017331 0.022235 0.00068085
0.00050634 5.3196e-05 0.01 5.6838e-05 0.0078957 0.0062059 6.9617e-05 2.2229e-06 0.0014731 0.02225 0.00067581
0.00050955 5.0077e-05 0.01 5.5764e-05 0.0078945 0.0062065 6.8412e-05 2.3051e-06 0.0013074 0.022266 0.00067113
0.00051271 4.6935e-05 0.01 5.4667e-05 0.0078934 0.0062071 6.7194e-05 2.3751e-06 0.0011045 0.022282 0.00066639
0.00051602 4.3856e-05 0.01 5.3644e-05 0.0078922 0.0062078 6.6012e-05 2.4507e-06 0.00098526 0.022299 0.00066186
0.00051928 4.0752e-05 0.01 5.2596e-05 0.0078911 0.0062085 6.4817e-05 2.5137e-06 0.00083199 0.022315 0.00065726
0.00052246 3.7622e-05 0.01 5.1519e-05 0.0078899 0.0062094 6.3607e-05 2.5641e-06 0.00064032 0.022332 0.00065258
0.00052582 3.4559e-05 0.01 5.0522e-05 0.0078888 0.0062105 6.2436e-05 2.6211e-06 0.00052331 0.022349 0.00063429
0.00052911 3.1471e-05 0.01 4.9498e-05 0.0078876 0.0062115 6.1252e-05 2.6654e-06 0.00037444 0.022366 0.0006158
0.00053257 2.8448e-05 0.01 4.855e-05 0.0078865 0.0062127 6.0105e-05 2.7165e-06 0.00028373 0.022384 0.00059696
0.0005362 2.549e-05 0.01 4.7673e-05 0.0078854 0.0062141 5.8994e-05 2.7748e-06 0.00022798 0.022403 0.0005788
0.00054001 2.2595e-05 0.01 4.6863e-05 0.0078844 0.0062157 5.792e-05 2.8406e-06 0.00019644 0.022423 0.0005613
0.00054401 1.9762e-05 0.01 4.6117e-05 0.0078833 0.0062176 5.688e-05 2.9144e-06 0.00018374 0.022443 0.00054444
0.00054819 1.6991e-05 0.01 4.5433e-05 0.0078823 0.0062196 5.5875e-05 2.9967e-06 0.00018878 0.022465 0.0005282
0.00055259 1.4281e-05 0.01 4.4725e-05 0.0078813 0.0062215 5.4905e-05 3.0889e-06 0.00017275 0.022488 0.00051177
0.00055719 1.1632e-05 0.01 4.3986e-05 0.0078804 0.0062234 5.3969e-05 3.191e-06 0.00017578 0.022513 0.00049597
0.00056171 8.9564e-06 0.01 4.3222e-05 0.0078794 0.0062252 5.3018e-05 3.2789e-06 0.00016407 0.022536 0.00047997
0.00056615 8.6125e-06 0.01 4.2432e-05 0.0078785 0.0062273 5.2054e-05 3.3523e-06 0.0001324 0.02256 0.00046375
0.00057051 8.2578e-06 0.01 4.1615e-05 0.0078775 0.0062293 5.1075e-05 3.4114e-06 0.00021581 0.022583 0.0004473
0.00057478 7.8922e-06 0.01 4.0771e-05 0.0078765 0.0062312 5.0082e-05 3.4561e-06 0.00027356 0.022606 0.00043063
0.00057897 7.5157e-06 0.01 3.9997e-05 0.0078755 0.0062333 5.0384e-05 3.4866e-06 0.00029499 0.022628 0.00041469
0.00058308 7.1282e-06 0.01 3.9197e-05 0.0078745 0.0062353 5.0676e-05 3.5028e-06 0.00029376 0.02265 0.00039854
0.00058741 6.7464e-06 0.01 3.8464e-05 0.0078735 0.0062376 5.0987e-05 3.5294e-06 0.00032241 0.022673 0.00038305
0.00059165 6.3538e-06 0.01 3.7706e-05 0.0078725 0.0062398 5.1289e-05 3.5419e-06 0.00032769 0.022696 0.00036734
0.00059581 5.9503e-06 0.01 3.6923e-05 0.0078715 0.0062419 5.1581e-05 3.54e-06 0.00030971 0.022719 0.00035142
0.00059989 6.1826e-06 0.01 3.6115e-05 0.0078704 0.0062439 5.1863e-05 4.2888e-06 0.00026804 0.022741 0.00033529
0.00060389 6.4049e-06 0.01 3.5374e-05 0.0078694 0.0062462 5.2137e-05 5.0103e-06 0.00020339 0.022762 0.00031893
0.00060781 6.6172e-06 0.01 3.4608e-05 0.0078684 0.0062484 5.2401e-05 5.705e-06 0.00027605 0.022784 0.00030235
0.00061165 6.8196e-06 0.01 3.3817e-05 0.0078673 0.0062505 5.2656e-05 6.3733e-06 0.00032287 0.022805 0.00028553
0.00061569 7.0243e-06 0.01 3.3091e-05 0.0078663 0.0062528 5.2929e-05 7.0928e-06 0.00041308 0.022827 0.00026939
0.00061995 7.2313e-06 0.01 3.2424e-05 0.0078653 0.0062554 5.322e-05 7.8661e-06 0.00056786 0.02285 0.0002539
0.00062413 7.4282e-06 0.01 3.1735e-05 0.0078643 0.0062579 5.3502e-05 8.6107e-06 0.00068405 0.022873 0.00023819
0.00062822 7.6151e-06 0.01 3.1105e-05 0.0078632 0.0062606 5.3774e-05 9.3269e-06 0.0006888 0.022896 0.00022336
0.00063223 7.7921e-06 0.01 3.0453e-05 0.0078622 0.0062632 5.4037e-05 1.0015e-05 0.00066438 0.022918 0.00020833
0.00063616 7.959e-06 0.01 2.9778e-05 0.0078611 0.0062658 5.4291e-05 1.0676e-05 0.00061017 0.02294 0.0001931
0.00064001 8.1159e-06 0.01 2.908e-05 0.0078601 0.0062682 5.4535e-05 1.131e-05 0.00052474 0.022962 0.00017767
0.00064378 8.2628e-06 0.01 2.8443e-05 0.007859 0.0062706 5.4771e-05 1.1917e-05 0.00049005 0.022983 0.00016284
0.00064747 8.3997e-06 0.01 2.7783e-05 0.0078579 0.0062729 5.4996e-05 1.2498e-05 0.00042704 0.023004 0.00014781
0.00065108 8.5266e-06 0.01 2.71e-05 0.0078568 0.0062751 5.5213e-05 1.3053e-05 0.00034469 0.023024 0.00013258
0.0006549 8.656e-06 0.01 2.6475e-05 0.0078558 0.0062603 5.5448e-05 1.3657e-05 0.00030467 0.023046 0.00011796
0.00065864 8.7753e-06 0.01 2.5827e-05 0.0078547 0.0062453 5.5673e-05 1.4235e-05 0.00023932 0.023067 0.00010315
0.00066229 8.8847e-06 0.01 2.5158e-05 0.0078536 0.0062303 5.5889e-05 1.4786e-05 0.00014625 0.023088 9.9725e-05
0.00066587 8.984e-06 0.01 2.4466e-05 0.0078525 0.0062152 5.6096e-05 1.5311e-05 0.00017663 0.023109 9.6244e-05
0.00066937 9.0734e-06 0.01 2.3752e-05 0.0078514 0.0061999 5.6294e-05 1.581e-05 0.00018634 0.023129 9.6079e-05
0.00067279 9.1528e-06 0.01 2.3014e-05 0.0078503 0.0061846 5.6482e-05 1.6284e-05 0.0001761 0.023149 9.5881e-05
0.00067613 9.2223e-06 0.01 2.2335e-05 0.0078491 0.0061696 5.6661e-05 1.6733e-05 0.00014554 0.023168 9.5649e-05
0.00067968 9.2941e-06 0.01 2.171e-05 0.007848 0.0061549 5.6859e-05 1.7228e-05 0.00013451 0.023189 9.5471e-05
0.00068343 9.3682e-06 0.01 2.1183e-05 0.007847 0.0061406 5.7074e-05 1.7774e-05 7.745e-05 0.023211 9.5254e-05
0.00068741 9.4449e-06 0.01 2.0577e-05 0.0078459 0.0061261 5.7309e-05 1.8373e-05 6.381e-05 0.023234 9.4995e-05
0.0006916 9.5239e-06 0.01 2.002e-05 0.0078449 0.0061121 5.7562e-05 1.9028e-05 5.8951e-05 0.023258 9.4791e-05
0.00069571 9.593e-06 0.01 1.9444e-05 0.0078439 0.0060979 5.7806e-05 1.9654e-05 3.809e-05 0.023282 9.4554e-05
0.00070004 9.6645e-06 0.01 1.8914e-05 0.0078429 0.006084 5.8069e-05 2.0339e-05 2.3701e-05 0.023307 9.437e-05
0.00070459 9.7383e-06 0.01 1.8428e-05 0.0078419 0.0060705 5.835e-05 2.1086e-05 1.1733e-05 0.023333 9.4237e-05
0.00070906 9.8021e-06 0.01 1.7923e-05 0.0078409 0.0060568 5.8622e-05 2.1801e-05 2.5286e-05 0.023358 9.4068e-05
0.00071377 9.8684e-06 0.01 1.7461e-05 0.00784 0.0060435 5.8913e-05 2.2582e-05 4.2372e-05 0.023385 9.3952e-05
0.0007187 9.9369e-06 0.01 1.7036e-05 0.0078391 0.0060305 5.9223e-05 2.3431e-05 6.9632e-05 0.023414 9.3887e-05
0.00072355 9.9955e-06 0.01 1.6596e-05 0.0078381 0.0060173 5.9524e-05 2.4247e-05 8.0229e-05 0.023441 9.3789e-05
0.00072831 1.0044e-05 0.01 1.6139e-05 0.0078372 0.0060041 5.9815e-05 2.5031e-05 7.4442e-05 0.023469 9.3658e-05
0.00073331 1.0095e-05 0.01 1.572e-05 0.0078363 0.0059912 6.0126e-05 2.5885e-05 7.7966e-05 0.023497 9.3579e-05
0.00073822 1.0136e-05 0.01 1.5285e-05 0.0078354 0.0059782 6.0427e-05 2.6707e-05 6.5135e-05 0.023526 9.3468e-05
0.00073713 1.018e-05 0.01 1.483e-05 0.0078345 0.0059651 6.0748e-05 2.7601e-05 6.0615e-05 0.023555 9.3407e-05
0.0007362 1.0226e-05 0.01 1.4413e-05 0.0078336 0.0059523 6.1089e-05 2.8575e-05 6.3531e-05 0.023586 9.3398e-05
0.00073543 1.0274e-05 0.01 1.3979e-05 0.0078328 0.0059394 6.0672e-05 2.8565e-05 7.4161e-05 0.023618 9.344e-05
0.0007346 1.0313e-05 0.01 1.3529e-05 0.0078319 0.0059265 6.0246e-05 2.8532e-05 6.8757e-05 0.023649 9.3449e-05
0.00073393 1.0353e-05 0.01 1.3114e-05 0.0078311 0.0059138 5.9839e-05 2.854e-05 7.1013e-05 0.023682 9.3508e-05
0.00073319 1.0384e-05 0.01 1.2684e-05 0.0078303 0.005901 5.9424e-05 2.8524e-05 5.7418e-05 0.023715 9.3535e-05
0.0007326 1.0417e-05 0.01 1.2287e-05 0.0078295 0.0058885 5.9028e-05 2.855e-05 5.0473e-05 0.023749 9.361e-05
0.00073217 1.0452e-05 0.01 1.1921e-05 0.0078287 0.0058763 5.8652e-05 2.8618e-05 4.8554e-05 0.023784 9.3735e-05
0.0007319 1.0489e-05 0.01 1.1585e-05 0.007828 0.0058644 5.8296e-05 2.8729e-05 5.1296e-05 0.02382 9.391e-05
0.00073178 1.0529e-05 0.01 1.1276e-05 0.0078272 0.0058528 5.7959e-05 2.8885e-05 5.9535e-05 0.023858 9.4135e-05
0.0007316 1.0559e-05 0.01 1.0954e-05 0.0078265 0.0058414 5.7613e-05 2.9015e-05 0.00019148 0.023895 9.4327e-05
0.00073158 1.0591e-05 0.01 1.0676e-05 0.0078258 0.00583 5.7286e-05 2.9191e-05 0.0002136 0.023934 9.4571e-05
0.0007317 1.0625e-05 0.01 1.042e-05 0.0078252 0.0058188 5.6976e-05 2.9408e-05 0.00025617 0.023974 9.4862e-05
0.00073195 1.066e-05 0.01 1.0183e-05 0.0078245 0.0058079 5.6682e-05 2.9663e-05 0.00032335 0.024016 9.5195e-05
0.00073233 1.0696e-05 0.01 9.9644e-06 0.0078239 0.0057971 5.6403e-05 2.9957e-05 0.00026802 0.024058 9.5569e-05
0.00073283 1.0732e-05 0.01 9.7609e-06 0.0078233 0.0057866 5.6137e-05 3.0287e-05 0.00023293 0.024102 9.5981e-05
0.00073329 1.076e-05 0.01 9.5501e-06 0.0078227 0.0057761 5.5865e-05 3.0599e-05 0.00018106 0.024146 9.6369e-05
0.00073371 1.0779e-05 0.01 9.3319e-06 0.0078221 0.0057655 5.5587e-05 3.0893e-05 0.00029115 0.024189 9.6735e-05
0.00073424 1.0797e-05 0.01 9.1268e-06 0.0078215 0.0057551 5.5321e-05 3.1219e-05 0.00043975 0.024233 9.7132e-05
0.00073473 1.0808e-05 0.01 8.915e-06 0.0078209 0.0057446 5.5049e-05 3.1528e-05 0.00056571 0.024278 9.7508e-05
0.00073519 1.081e-05 0.01 8.7157e-06 0.0078203 0.0057343 5.4771e-05 3.1821e-05 0.00066966 0.024322 9.7862e-05
0.00073561 1.0803e-05 0.01 8.5102e-06 0.0078197 0.005724 5.4489e-05 3.2099e-05 0.00075344 0.024365 9.8196e-05
0.000736 1.0789e-05 0.01 8.2984e-06 0.007819 0.0057137 5.4201e-05 3.2362e-05 0.00081783 0.024409 9.8509e-05
0.00073649 1.0774e-05 0.01 8.0982e-06 0.0078184 0.0057035 5.3924e-05 3.2654e-05 0.00091844 0.024454 9.8852e-05
0.00073708 1.0758e-05 0.01 7.909e-06 0.0078179 0.0056935 5.3657e-05 3.2976e-05 0.0010642 0.0245 9.9225e-05
0.00073763 1.0734e-05 0.01 7.7139e-06 0.0078173 0.0056834 5.3385e-05 3.3283e-05 0.0011875 0.024545 9.9578e-05
0.00073816 1.0701e-05 0.01 7.4311e-06 0.0078167 0.0056736 5.3108e-05 3.3575e-05 0.0012888 0.02459 9.991e-05
0.00073878 1.0668e-05 0.01 7.1618e-06 0.0078161 0.0056638 5.2842e-05 3.3897e-05 0.0014415 0.024637 0.00010027
0.0007395 1.0634e-05 0.01 6.905e-06 0.0078156 0.0056543 5.2586e-05 3.425e-05 0.0016574 0.024684 0.00010067
0.00074032 1.0599e-05 0.01 6.6606e-06 0.007815 0.0056449 5.234e-05 3.4634e-05 0.0019584 0.024669 0.00010109
0.00074125 1.0563e-05 0.01 6.428e-06 0.0078145 0.0056357 5.2104e-05 3.5053e-05 0.0023731 0.024654 0.00010154
0.00074227 1.0526e-05 0.01 6.2063e-06 0.007814 0.0056266 5.1878e-05 3.5504e-05 0.0029376 0.024639 0.00010203
0.00074326 1.0481e-05 0.01 5.9786e-06 0.0078135 0.0056175 5.1647e-05 3.594e-05 0.0034522 0.024625 0.00010249
0.00074421 1.0427e-05 0.01 5.7445e-06 0.007813 0.0056084 5.141e-05 3.6358e-05 0.0039185 0.024611 0.00010294
0.00074527 1.0374e-05 0.01 5.5219e-06 0.0078125 0.0055995 5.1184e-05 3.6813e-05 0.0045718 0.024597 0.00010341
0.00074629 1.0311e-05 0.01 5.2925e-06 0.007812 0.0055904 5.0953e-05 3.7249e-05 0.0051578 0.024583 0.00010387
0.00074744 1.0249e-05 0.01 5.0551e-06 0.0078115 0.0055814 5.0734e-05 3.7731e-05 0.0056635 0.02457 0.00010429
0.00074873 1.0188e-05 0.01 4.8326e-06 0.0078111 0.0055726 5.0529e-05 3.8265e-05 0.0064356 0.024557 0.00010477
0.00074996 1.0118e-05 0.01 4.6018e-06 0.0078106 0.0055636 5.0316e-05 3.8773e-05 0.0071102 0.024545 0.00010521
0.00075115 1.0038e-05 0.01 4.3624e-06 0.0078101 0.0055547 5.0096e-05 3.9257e-05 0.0076953 0.024532 0.00010562
0.00075227 9.9495e-06 0.01 4.1142e-06 0.0078096 0.0055457 4.9869e-05 3.9715e-05 0.0081966 0.024519 0.000106
0.00075334 9.8511e-06 0.01 4.1125e-06 0.0078091 0.0055366 4.9634e-05 4.0134e-05 0.009103 0.024506 0.00010643
0.00075455 9.7543e-06 0.01 4.1033e-06 0.0078087 0.0055274 4.9414e-05 4.0609e-05 0.0092805 0.024493 0.00010692
0.00075591 9.6582e-06 0.01 4.1009e-06 0.0078082 0.0055184 4.9206e-05 4.1134e-05 0.0096417 0.024482 0.00010744
0.00075721 9.5533e-06 0.01 4.0927e-06 0.0078078 0.0055094 4.8993e-05 4.1637e-05 0.0099428 0.02447 0.00010795
0.00075848 9.4398e-06 0.01 4.079e-06 0.0078073 0.0055004 4.8773e-05 4.212e-05 0.010191 0.024458 0.00010843
0.00075986 9.326e-06 0.01 4.0707e-06 0.0078069 0.0054915 4.8564e-05 4.2647e-05 0.010613 0.024447 0.00010894
0.0007612 9.2036e-06 0.01 4.057e-06 0.0078065 0.0054826 4.835e-05 4.3153e-05 0.010977 0.024435 0.00010944
0.0007625 9.0728e-06 0.01 4.038e-06 0.007806 0.0054736 4.813e-05 4.3641e-05 0.011288 0.024424 0.00010991
0.00076391 8.9415e-06 0.01 4.0242e-06 0.0078056 0.0054649 4.792e-05 4.4171e-05 0.01179 0.024413 0.00011041
0.00076545 8.8098e-06 0.01 4.0049e-06 0.0078052 0.005456 4.7721e-05 4.4748e-05 0.013377 0.024403 0.0001109
0.00076694 8.6697e-06 0.01 3.9804e-06 0.0078048 0.0054472 4.7517e-05 4.5305e-05 0.014831 0.024393 0.00011136
0.00076855 8.5291e-06 0.01 3.9611e-06 0.0078044 0.0054385 4.7323e-05 4.5908e-05 0.016877 0.024383 0.00011185
0.00077013 9.5089e-06 0.01 3.9365e-06 0.007804 0.0054298 4.7123e-05 4.6491e-05 0.018756 0.024373 0.00011233
0.00077166 1.0478e-05 0.01 3.9068e-06 0.0078036 0.005421 4.6918e-05 4.7056e-05 0.020483 0.024363 0.00011278
0.00077331 1.1459e-05 0.01 3.8819e-06 0.0078032 0.0054124 4.6723e-05 4.7666e-05 0.022933 0.024354 0.00011319
0.00077492 1.2429e-05 0.01 3.852e-06 0.0078028 0.0054038 4.6522e-05 4.8257e-05 0.0252 0.024345 0.00011359
0.00077664 1.3409e-05 0.01 3.8265e-06 0.0078024 0.0053953 4.6331e-05 4.8892e-05 0.0283 0.024336 0.00011402
0.00077833 1.438e-05 0.01 3.7961e-06 0.007802 0.0053868 4.6135e-05 4.9509e-05 0.031182 0.024327 0.00011443
0.00077998 1.5341e-05 0.01 3.7608e-06 0.0078016 0.0053782 4.5933e-05 5.0107e-05 0.033864 0.024318 0.00011481
0.0007816 1.6292e-05 0.01 3.7207e-06 0.0078012 0.0053697 4.5727e-05 5.0689e-05 0.036365 0.024309 0.00011518
0.00078332 1.7253e-05 0.01 3.6847e-06 0.0078008 0.0053613 4.553e-05 5.1313e-05 0.039751 0.024301 0.00011558
0.00078501 1.8205e-05 0.01 3.644e-06 0.0078005 0.0053528 4.5328e-05 5.1919e-05 0.042916 0.024292 0.00011595
0.00078667 1.9147e-05 0.01 3.5984e-06 0.0078001 0.0053443 4.5121e-05 5.2509e-05 0.045957 0.024284 0.00011631
0.0007883 2.008e-05 0.01 3.5481e-06 0.0077997 0.0053358 4.4909e-05 5.3081e-05 0.048799 0.024275 0.00011665
0.00079003 2.1023e-05 0.01 3.502e-06 0.0077993 0.0053275 4.4706e-05 5.1939e-05 0.052671 0.024267 0.00011702
0.00079173 2.1956e-05 0.01 3.4511e-06 0.0077989 0.0053191 4.4499e-05 5.0778e-05 0.056297 0.024258 0.00011737
0.00079354 2.2899e-05 0.01 3.4041e-06 0.0077986 0.0053108 4.4299e-05 4.9675e-05 0.061174 0.024251 0.00011775
0.00079531 2.3833e-05 0.01 3.3524e-06 0.0077982 0.0053026 4.4096e-05 4.8553e-05 0.065748 0.024243 0.00011811
0.00079705 2.4757e-05 0.01 3.296e-06 0.0077978 0.0052943 4.3887e-05 4.741e-05 0.070037 0.024235 0.00011845
0.00079876 2.5672e-05 0.01 3.2349e-06 0.0077975 0.005286 4.3673e-05 4.6248e-05 0.074055 0.024227 0.00011877
0.00080058 2.6597e-05 0.01 3.1777e-06 0.0077971 0.0052778 4.3469e-05 4.5144e-05 0.074596 0.024125 0.00011912
0.00080236 2.7513e-05 0.01 3.1157e-06 0.0077967 0.0052696 4.3259e-05 4.402e-05 0.07505 0.024023 0.00011945
0.00080425 2.8439e-05 0.01 3.0577e-06 0.0077964 0.0052615 4.3058e-05 4.2953e-05 0.075898 0.023923 0.00011981
0.00080611 2.9356e-05 0.01 2.9949e-06 0.007796 0.0052534 4.2852e-05 4.1867e-05 0.076651 0.023823 0.00012016
0.00080794 3.0263e-05 0.01 2.9276e-06 0.0077957 0.0052449 4.2642e-05 4.0762e-05 0.077312 0.023722 0.00012048
0.00080987 3.118e-05 0.01 2.8637e-06 0.0077953 0.0052364 4.244e-05 3.971e-05 0.07839 0.023624 0.00012084
0.00081191 3.2107e-05 0.01 2.8033e-06 0.007795 0.0052281 4.2245e-05 3.8709e-05 0.079974 0.023527 0.00012123
0.00081391 3.3026e-05 0.01 2.7383e-06 0.0077947 0.0052198 4.2046e-05 3.769e-05 0.081434 0.023429 0.00012159
0.00081589 3.3934e-05 0.01 2.6687e-06 0.0077943 0.0052115 4.1843e-05 3.6652e-05 0.082776 0.023332 0.00012194
0.00081797 3.4854e-05 0.01 2.6025e-06 0.007794 0.0052033 4.1648e-05 3.5666e-05 0.082034 0.023236 0.00012233
0.00082003 3.5764e-05 0.01 2.5319e-06 0.0077937 0.0051951 4.1448e-05 3.4662e-05 0.081197 0.02314 0.0001227
0.00082219 3.6685e-05 0.01 2.4645e-06 0.0077934 0.005187 4.1256e-05 3.3707e-05 0.080759 0.023046 0.0001231
0.00082432 3.7597e-05 0.01 2.3926e-06 0.0077931 0.0051789 4.106e-05 3.2734e-05 0.080236 0.022952 0.00012348
0.00082642 3.85e-05 0.01 2.3162e-06 0.0077928 0.0051707 4.0859e-05 3.1743e-05 0.079624 0.022857 0.00012384
0.00082849 3.9393e-05 0.01 2.2352e-06 0.0077924 0.0051626 4.0653e-05 3.0735e-05 0.078922 0.022762 0.00012418
0.00083052 4.0276e-05 0.01 2.1497e-06 0.0077921 0.0051544 4.0443e-05 2.9709e-05 0.078127 0.022667 0.0001245
0.00083267 4.1171e-05 0.01 2.0673e-06 0.0077918 0.0051463 4.0241e-05 2.8731e-05 0.077713 0.022574 0.00012485
0.00083478 4.2056e-05 0.01 1.9803e-06 0.0077915 0.0051383 4.0034e-05 2.7734e-05 0.077212 0.02248 0.00012518
0.000837 4.2953e-05 0.01 1.8968e-06 0.0077912 0.0051301 3.9836e-05 2.6786e-05 0.073329 0.022389 0.00012555
0.0008392 4.384e-05 0.01 1.8086e-06 0.0077909 0.005122 3.9633e-05 2.582e-05 0.069172 0.022296 0.0001259
0.00084136 4.4717e-05 0.01 1.7157e-06 0.0077906 0.0051138 3.9425e-05 2.4835e-05 0.064719 0.022204 0.00012622
0.00084363 4.5607e-05 0.01 1.6262e-06 0.0077903 0.0051057 3.9225e-05 2.3899e-05 0.061482 0.022113 0.00012658
0.00084587 4.6487e-05 0.01 1.532e-06 0.00779 0.0050977 3.9021e-05 2.2943e-05 0.057996 0.022023 0.00012692
0.00084824 4.738e-05 0.01 1.4413e-06 0.0077897 0.0050898 3.8826e-05 2.2037e-05 0.055513 0.021934 0.0001273
0.00085057 4.8262e-05 0.01 1.3456e-06 0.0077895 0.0050818 3.8625e-05 2.1109e-05 0.052792 0.021844 0.00012765
0.00085304 4.916e-05 0.01 1.2541e-06 0.0077892 0.005074 3.8434e-05 2.0235e-05 0.050972 0.021757 0.00012798
0.00085566 5.0077e-05 0.01 1.1668e-06 0.007789 0.0050664 3.8255e-05 1.9415e-05 0.043775 0.021672 0.00012835
0.00085823 5.098e-05 0.01 1.0739e-06 0.0077887 0.0050591 3.8068e-05 1.857e-05 0.03578 0.021586 0.00012869
0.00086074 5.187e-05 0.01 9.7546e-07 0.0077885 0.0050516 3.7876e-05 1.7699e-05 0.026893 0.0215 0.000129
0.00086342 5.2779e-05 0.01 8.8153e-07 0.0077882 0.0050444 3.7694e-05 1.6884e-05 0.02087 0.021415 0.00012937
0.00086627 5.3709e-05 0.01 7.9181e-07 0.007788 0.0050373 3.7525e-05 1.6123e-05 0.016798 0.021334 0.0001297
0.00086905 5.4625e-05 0.01 6.9662e-07 0.0077878 0.0050302 3.7349e-05 1.5336e-05 0.012272 0.021251 0.00013
0.00087201 5.5561e-05 0.01 6.053e-07 0.0077876 0.0050233 3.7184e-05 1.46e-05 0.0091785 0.021171 0.00013035
0.00087491 5.6483e-05 0.01 5.0846e-07 0.0077874 0.0050163 3.7012e-05 1.3839e-05 0.0057086 0.02109 0.00013067
0.00087799 5.7428e-05 0.01 4.1584e-07 0.0077872 0.0050095 3.6853e-05 1.313e-05 0.0034942 0.021011 0.00013094
0.00088127 5.8397e-05 0.01 3.2696e-07 0.0077871 0.0050029 3.6706e-05 1.2471e-05 0.0020375 0.020935 0.00013127
0.00088476 5.9391e-05 0.01 2.3229e-07 0.007787 0.0049963 3.6572e-05 1.1904e-05 0.0017974 0.020861 0.00013156
0.00088817 6.0369e-05 0.01 1.3185e-07 0.0077869 0.0049896 3.643e-05 1.1313e-05 0.0014988 0.020786 0.00013182
0.0008918 6.1374e-05 0.01 3.5564e-08 0.0077868 0.0049831 3.6302e-05 1.0767e-05 0.0013296 0.020713 0.00013214
0.00089535 6.2362e-05 0.01 2.273e-08 0.0077867 0.0049765 3.6166e-05 1.0196e-05 0.0011113 0.02064 0.00013242
0.00089881 6.3334e-05 0.01 3.3372e-08 0.0077865 0.0049699 3.6022e-05 9.6001e-06 0.0008377 0.020566 0.00013267
0.00090219 6.4288e-05 0.01 1.1081e-07 0.0077864 0.0049631 3.587e-05 8.9782e-06 0.00089369 0.020491 0.00013288
0.00090579 6.5269e-05 0.01 1.2852e-07 0.0077863 0.0049566 3.5731e-05 8.4017e-06 0.00079755 0.020419 0.00013315
0.0009093 6.6234e-05 0.01 1.4201e-07 0.0077862 0.0049501 3.5585e-05 7.8005e-06 0.00066479 0.020346 0.00013339
0.00091304 6.7226e-05 0.01 1.5457e-07 0.0077861 0.0049437 3.5452e-05 7.2426e-06 0.00059703 0.020275 0.00013369
0.0009167 6.8201e-05 0.01 1.6291e-07 0.007786 0.0049373 3.5311e-05 6.6611e-06 0.00079543 0.020204 0.00013396
0.00092057 6.9203e-05 0.01 1.7029e-07 0.0077859 0.0049311 3.5182e-05 6.1188e-06 0.0011197 0.020134 0.00013429
0.00092436 7.0189e-05 0.01 1.7344e-07 0.0077858 0.0049248 3.5046e-05 5.5538e-06 0.0013841 0.020065 0.00013458
0.00092807 7.1158e-05 0.01 2.7937e-07 0.0077858 0.0049185 3.4903e-05 5.6707e-06 0.0015938 0.019994 0.00013484
0.00093172 7.2113e-05 0.01 3.8003e-07 0.0077857 0.0049121 3.4753e-05 5.7737e-06 0.0017645 0.019923 0.00013506
0.00093553 7.3087e-05 0.01 4.8345e-07 0.0077856 0.0049058 3.4612e-05 5.8867e-06 0.0020233 0.019854 0.00013534
0.00093929 7.4049e-05 0.01 5.8214e-07 0.0077855 0.0048995 3.4466e-05 5.9874e-06 0.0022479 0.019784 0.00013558
0.00094321 7.5028e-05 0.01 6.8321e-07 0.0077854 0.0048934 3.4328e-05 6.0966e-06 0.0025691 0.019716 0.00013587
0.00094727 7.6024e-05 0.01 7.8677e-07 0.0077854 0.0048874 3.4197e-05 6.214e-06 0.0030154 0.019649 0.00013619
0.00095129 7.7009e-05 0.01 8.8573e-07 0.0077853 0.0048814 3.4061e-05 6.3197e-06 0.003419 0.019582 0.0001365
0.00095546 7.8011e-05 0.01 9.8745e-07 0.0077853 0.0048755 3.3933e-05 6.4342e-06 0.0039833 0.019516 0.00013677
0.00095978 7.903e-05 0.01 1.0919e-06 0.0077853 0.0048697 3.3811e-05 6.557e-06 0.0047537 0.019452 0.00013709
0.00096406 8.0038e-05 0.01 1.1918e-06 0.0077852 0.0048639 3.3685e-05 6.6682e-06 0.005462 0.019387 0.00013738
0.00096849 8.1063e-05 0.01 1.2946e-06 0.0077852 0.0048583 3.3566e-05 6.7878e-06 0.0064273 0.019324 0.00013771
0.00097308 8.2104e-05 0.01 1.4005e-06 0.0077853 0.0048527 3.3454e-05 6.9162e-06 0.0077407 0.019261 0.00013808
0.00097762 8.3135e-05 0.01 1.5018e-06 0.0077853 0.0048472 3.3337e-05 7.0329e-06 0.0089535 0.019199 0.00013829
0.00098232 8.4183e-05 0.01 1.6065e-06 0.0077853 0.0048417 3.3227e-05 7.1592e-06 0.010624 0.019138 0.00013854
0.00098719 8.525e-05 0.01 1.7152e-06 0.0077853 0.0048364 3.3125e-05 7.2953e-06 0.012931 0.019078 0.00013882
0.00099223 8.6306e-05 0.01 1.8189e-06 0.0077854 0.0048313 3.3018e-05 7.4195e-06 0.035494 0.01902 0.00013909
0.00099722 8.7351e-05 0.01 1.9178e-06 0.0077855 0.0048261 3.2906e-05 7.532e-06 0.056583 0.018961 0.00013933
0.0010024 8.8414e-05 0.01 2.0207e-06 0.0077855 0.0048211 3.2801e-05 7.6542e-06 0.085904 0.018903 0.00013962
0.0010075 8.9467e-05 0.01 2.1188e-06 0.0077856 0.004816 3.2691e-05 7.7649e-06 0.11341 0.018846 0.00013988
0.0010126 9.051e-05 0.01 2.2122e-06 0.0077857 0.0048109 3.2577e-05 7.8642e-06 0.13927 0.018788 0.00014012
0.0010178 9.1569e-05 0.01 2.3092e-06 0.0077857 0.0048059 3.2469e-05 7.9724e-06 0.17381 0.018731 0.00014039
0.001023 9.2618e-05 0.01 2.4016e-06 0.0077858 0.0048009 3.2357e-05 8.0691e-06 0.20633 0.018674 0.00014065
0.0010284 9.3684e-05 0.01 2.4976e-06 0.0077859 0.004796 3.2252e-05 8.1749e-06 0.24974 0.018618 0.00014094
0.0010339 9.4768e-05 0.01 2.5978e-06 0.007786 0.0047913 3.2152e-05 8.2904e-06 0.30818 0.018564 0.00014126
0.0010396 9.587e-05 0.01 2.6933e-06 0.0077862 0.0047865 3.2059e-05 8.416e-06 0.3627 0.01851 0.00014157
0.0010453 9.6962e-05 0.01 2.784e-06 0.0077863 0.0047817 3.1962e-05 8.5299e-06 0.414 0.018456 0.00014185
0.0010509 9.8043e-05 0.01 2.8699e-06 0.0077864 0.0047768 3.186e-05 8.6324e-06 0.46229 0.018402 0.00014212
0.0010567 9.9143e-05 0.01 2.9506e-06 0.0077865 0.004772 3.1765e-05 8.7198e-06 0.50774 0.018349 0.00014236
0.0010624 0.00010023 0.01 3.0265e-06 0.0077867 0.0047671 3.1665e-05 8.7957e-06 0.55055 0.018296 0.00014258
0.0010683 0.00010134 0.01 3.1065e-06 0.0077868 0.0047623 3.1572e-05 8.8812e-06 0.60763 0.018244 0.00014284
0.0010744 0.00010247 0.01 3.1907e-06 0.007787 0.0047577 3.1485e-05 8.977e-06 0.68436 0.018193 0.00014313
0.0010805 0.00010358 0.01 3.2702e-06 0.0077872 0.004753 3.1393e-05 9.0611e-06 0.75662 0.018142 0.00014341
0.0010865 0.00010469 0.01 3.3448e-06 0.0077873 0.0047483 3.1297e-05 9.1336e-06 0.8247 0.018091 0.00014366
0.0010927 0.00010581 0.01 3.4239e-06 0.0077875 0.0047437 3.1208e-05 9.2164e-06 0.87891 0.01804 0.00014389
0.0010991 0.00010696 0.01 3.5076e-06 0.0077877 0.0047393 3.1124e-05 9.3098e-06 0.89096 0.017991 0.00014416
0.0011057 0.00010812 0.01 3.5961e-06 0.0077879 0.0047349 3.1047e-05 9.4139e-06 0.90713 0.017943 0.00014446
0.0011122 0.00010927 0.01 3.6796e-06 0.0077881 0.0047306 3.0966e-05 9.5061e-06 0.92232 0.017894 0.00014474
0.0011189 0.00011045 0.01 3.7574e-06 0.0077883 0.0047262 3.0891e-05 9.6101e-06 0.92623 0.017847 0.00014507
0.0011259 0.00011164 0.01 3.8403e-06 0.0077885 0.0047219 3.0822e-05 9.7256e-06 0.93157 0.017801 0.00014543
0.0011327 0.00011283 0.01 3.9182e-06 0.0077888 0.0047176 3.0749e-05 9.8294e-06 0.93659 0.017754 0.00014577
0.0011398 0.00011403 0.01 4.001e-06 0.007789 0.0047135 3.0682e-05 9.9441e-06 0.94335 0.017709 0.00014615
0.0011471 0.00011526 0.01 4.0889e-06 0.0077893 0.0047094 3.062e-05 1.007e-05 0.94469 0.017664 0.00014656
0.0011543 0.00011647 0.01 4.1718e-06 0.0077896 0.0047053 3.0555e-05 1.0184e-05 0.94594 0.017619 0.00014696
0.0011618 0.0001177 0.01 4.2599e-06 0.0077898 0.0047014 3.0495e-05 1.031e-05 0.94773 0.017575 0.00014739
0.0011694 0.00011896 0.01 4.3534e-06 0.0077901 0.0046975 3.0441e-05 1.0447e-05 0.95022 0.017532 0.00014786
0.0011773 0.00012024 0.01 4.4412e-06 0.0077905 0.0046937 3.0394e-05 1.0597e-05 0.95364 0.01749 0.00014836
0.0011851 0.0001215 0.01 4.524e-06 0.0077908 0.0046898 3.0342e-05 1.0735e-05 0.95687 0.017448 0.00014885
0.0011929 0.00012276 0.01 4.6018e-06 0.0077911 0.0046859 3.0285e-05 1.0861e-05 0.95991 0.017406 0.00014932
0.0012008 0.00012404 0.01 4.6852e-06 0.0077914 0.0046821 3.0235e-05 1.1e-05 0.96032 0.017364 0.00014982
0.0012088 0.0001253 0.01 4.7637e-06 0.0077917 0.0046782 3.0181e-05 1.1127e-05 0.96069 0.017322 0.00015031
0.0012169 0.00012659 0.01 4.8478e-06 0.0077921 0.0046745 3.0132e-05 1.1266e-05 0.96136 0.017282 0.00015083
0.0012251 0.00012787 0.01 4.9269e-06 0.0077924 0.0046708 3.0079e-05 1.1393e-05 0.96198 0.017241 0.00015133
0.0012334 0.00012917 0.01 5.0118e-06 0.0077927 0.0046672 3.0032e-05 1.1533e-05 0.96295 0.017201 0.00015187
0.0012417 0.00013046 0.01 5.0917e-06 0.0077931 0.0046636 2.998e-05 1.1662e-05 0.96386 0.017161 0.00015239
0.0012502 0.00013177 0.01 5.1775e-06 0.0077934 0.00466 2.9935e-05 1.1803e-05 0.96521 0.017121 0.00015288
0.0012587 0.00013307 0.01 5.2583e-06 0.0077938 0.0046565 2.9885e-05 1.1932e-05 0.96647 0.017082 0.00015335
0.0012671 0.00013436 0.01 5.3342e-06 0.0077941 0.0046529 2.9831e-05 1.205e-05 0.96765 0.017042 0.00015379
0.0012757 0.00013568 0.01 5.4158e-06 0.0077945 0.0046495 2.9782e-05 1.218e-05 0.96931 0.017004 0.00015427
0.0012843 0.00013698 0.01 5.4924e-06 0.0077949 0.004646 2.9729e-05 1.2298e-05 0.97087 0.016965 0.00015474
0.0012929 0.00013827 0.01 5.564e-06 0.0077952 0.0046425 2.9672e-05 1.2404e-05 0.97235 0.016926 0.00015518
0.0013014 0.00013955 0.01 5.6417e-06 0.0077956 0.0046391 2.9611e-05 1.2498e-05 0.97373 0.016887 0.0001556
0.0013101 0.00014085 0.01 5.7255e-06 0.0077959 0.0046358 2.9555e-05 1.2606e-05 0.97565 0.016848 0.00015606
0.001319 0.00014218 0.01 5.8157e-06 0.0077963 0.0046326 2.9505e-05 1.2726e-05 0.97828 0.016811 0.00015648
0.001328 0.00014349 0.01 5.9007e-06 0.0077967 0.0046294 2.9451e-05 1.2835e-05 0.98076 0.016773 0.00015688
0.0013371 0.00014483 0.01 5.9926e-06 0.0077971 0.0046264 2.9402e-05 1.2958e-05 0.98415 0.016736 0.00015726
0.0013462 0.00014616 0.01 6.0792e-06 0.0077975 0.0046233 2.935e-05 1.3068e-05 0.98735 0.0167 0.00015762
0.0013556 0.00014751 0.01 6.1725e-06 0.0077979 0.0046203 2.9303e-05 1.3192e-05 0.98798 0.016663 0.00015802
0.0013649 0.00014885 0.01 6.2606e-06 0.0077983 0.0046173 2.9251e-05 1.3304e-05 0.98858 0.016627 0.00015839
0.0013744 0.00015022 0.01 6.3555e-06 0.0077987 0.0046144 2.9206e-05 1.343e-05 0.98943 0.016592 0.00015881
0.0013839 0.00015157 0.01 6.4452e-06 0.0077992 0.0046115 2.9156e-05 1.3544e-05 0.99024 0.016556 0.0001592
0.0013934 0.00015291 0.01 6.5296e-06 0.0077996 0.0046085 2.9101e-05 1.3645e-05 0.99101 0.01652 0.00015957
0.0014027 0.00015424 0.01 6.6088e-06 0.0078 0.0046055 2.9042e-05 1.3734e-05 0.99173 0.016484 0.00015992
0.0014121 0.00015556 0.01 6.6828e-06 0.0078004 0.0046025 2.8979e-05 1.3811e-05 0.99242 0.016448 0.00016025
0.0014217 0.00015691 0.01 6.7514e-06 0.0078008 0.0045995 2.8922e-05 1.3798e-05 0.99306 0.016413 0.00016056
0.0014315 0.00015828 0.01 6.8271e-06 0.0078012 0.0045966 2.8871e-05 1.3801e-05 0.99397 0.016379 0.0001609
0.0014417 0.00015967 0.01 6.9103e-06 0.0078017 0.0045938 2.8826e-05 1.3818e-05 0.99405 0.016345 0.00016129
0.0014518 0.00016106 0.01 6.9881e-06 0.0078021 0.004591 2.8777e-05 1.3822e-05 0.99411 0.016311 0.00016166
0.0014621 0.00016247 0.01 7.0735e-06 0.0078026 0.0045883 2.8733e-05 1.3841e-05 0.9943 0.016278 0.00016207
0.0014724 0.00016387 0.01 7.1535e-06 0.0078031 0.0045856 2.8685e-05 1.3848e-05 0.99447 0.016245 0.00016245
0.001483 0.00016529 0.01 7.2411e-06 0.0078035 0.0045829 2.8643e-05 1.3869e-05 0.99477 0.016213 0.00016288
0.0014939 0.00016674 0.01 7.336e-06 0.007804 0.0045804 2.8606e-05 1.3904e-05 0.99523 0.016181 0.00016334
0.001505 0.00016822 0.01 7.4387e-06 0.0078046 0.004578 2.8575e-05 1.3952e-05 0.99513 0.016151 0.00016385
0.0015161 0.00016968 0.01 7.5361e-06 0.0078051 0.0045756 2.854e-05 1.3989e-05 0.99503 0.01612 0.00016434
0.0015275 0.00017118 0.01 7.6415e-06 0.0078056 0.0045733 2.851e-05 1.404e-05 0.99503 0.016089 0.00016486
0.0015388 0.00017266 0.01 7.7416e-06 0.0078061 0.004571 2.8476e-05 1.4079e-05 0.99502 0.016059 0.00016537
0.0015505 0.00017416 0.01 7.8496e-06 0.0078066 0.0045688 2.8447e-05 1.4132e-05 0.99512 0.016029 0.00016592
0.001562 0.00017566 0.01 7.9521e-06 0.0078072 0.0045665 2.8415e-05 1.4172e-05 0.99519 0.015999 0.00016651
0.0015735 0.00017715 0.01 8.0493e-06 0.0078077 0.0045643 2.8377e-05 1.42e-05 0.99525 0.015969 0.00016707
0.0015853 0.00017866 0.01 8.1548e-06 0.0078083 0.0045621 2.8346e-05 1.4243e-05 0.99541 0.01594 0.00016768
0.0015971 0.00018016 0.01 8.2549e-06 0.0078088 0.0045599 2.831e-05 1.4273e-05 0.99557 0.015911 0.00016827
0.0016091 0.00018169 0.01 8.3632e-06 0.0078094 0.0045579 2.828e-05 1.4317e-05 0.99523 0.015882 0.0001689
0.0016215 0.00018324 0.01 8.4802e-06 0.0078099 0.0045559 2.8255e-05 1.4376e-05 0.99503 0.015854 0.00016957
0.0016338 0.00018479 0.01 8.5918e-06 0.0078105 0.0045539 2.8226e-05 1.4423e-05 0.99481 0.015826 0.00017022
0.001646 0.00018632 0.01 8.6978e-06 0.0078111 0.0045521 2.8193e-05 1.4457e-05 0.99458 0.015798 0.00017085
0.0016585 0.00018788 0.01 8.8125e-06 0.0078116 0.0045503 2.8165e-05 1.4506e-05 0.99446 0.01577 0.00017153
0.001671 0.00018943 0.01 8.9216e-06 0.0078122 0.0045485 2.8133e-05 1.4542e-05 0.99433 0.015743 0.00017217
0.0016838 0.000191 0.01 9.0397e-06 0.0078128 0.0045468 2.8106e-05 1.4593e-05 0.99432 0.015716 0.0001729
0.0016966 0.00019257 0.01 9.1522e-06 0.0078134 0.0045451 2.8075e-05 1.4632e-05 0.99429 0.015689 0.0001736
0.0017096 0.00019416 0.01 9.2739e-06 0.007814 0.0045435 2.805e-05 1.4685e-05 0.99437 0.015662 0.00017435
0.0017082 0.00019579 0.01 9.4056e-06 0.0078146 0.0045421 2.803e-05 1.4754e-05 0.99386 0.015636 0.00017514
0.0017067 0.0001974 0.01 9.5316e-06 0.0078153 0.0045406 2.8006e-05 1.481e-05 0.99331 0.01561 0.00017591
0.0017052 0.000199 0.01 9.6518e-06 0.0078159 0.004539 2.7978e-05 1.4854e-05 0.99275 0.015584 0.00017666
0.0017036 0.00020059 0.01 9.7664e-06 0.0078165 0.0045375 2.7946e-05 1.4886e-05 0.99215 0.015558 0.00017738
0.001702 0.00020217 0.01 9.8754e-06 0.0078171 0.0045359 2.7909e-05 1.4905e-05 0.99153 0.015532 0.00017809
0.0017003 0.00020374 0.01 9.979e-06 0.0078177 0.0045343 2.7868e-05 1.4912e-05 0.99087 0.015506 0.00017877
0.0016987 0.00020529 0.01 1.0077e-05 0.0078183 0.0045327 2.7823e-05 1.4907e-05 0.99017 0.015479 0.00017943
0.0016971 0.00020688 0.01 1.0184e-05 0.0078189 0.0045312 2.7783e-05 1.4917e-05 0.9897 0.015454 0.00018013
0.0016957 0.00020849 0.01 1.0301e-05 0.0078195 0.0045298 2.7749e-05 1.4941e-05 0.98941 0.015428 0.00018088
0.0016945 0.00021014 0.01 1.0428e-05 0.0078202 0.0045285 2.772e-05 1.498e-05 0.98928 0.015404 0.00018168
0.0016934 0.00021181 0.01 1.0565e-05 0.0078208 0.0045273 2.7696e-05 1.5033e-05 0.98929 0.01538 0.00018251
0.0016925 0.00021351 0.01 1.0711e-05 0.0078215 0.0045262 2.7678e-05 1.5101e-05 0.98833 0.015357 0.0001834
0.0016915 0.0002152 0.01 1.0852e-05 0.0078222 0.0045251 2.7655e-05 1.5156e-05 0.98732 0.015333 0.00018426
0.0016907 0.00021692 0.01 1.1003e-05 0.0078229 0.0045241 2.7637e-05 1.5226e-05 0.98661 0.01531 0.00018516
0.0016898 0.00021863 0.01 1.1149e-05 0.0078236 0.0045231 2.7616e-05 1.5283e-05 0.98585 0.015287 0.00018605
0.0016889 0.00022033 0.01 1.1288e-05 0.0078242 0.004522 2.759e-05 1.7906e-05 0.98504 0.015264 0.00018691
0.0016882 0.00022206 0.01 1.1439e-05 0.0078249 0.0045211 2.7569e-05 2.0647e-05 0.9845 0.015242 0.00018782
0.0016874 0.00022378 0.01 1.1583e-05 0.0078256 0.0045201 2.7544e-05 2.3359e-05 0.98392 0.015219 0.0001887
0.0016866 0.00022548 0.01 1.1722e-05 0.0078263 0.0045191 2.7516e-05 2.6042e-05 0.9833 0.015197 0.00018957
0.0016859 0.00022722 0.01 1.1872e-05 0.007827 0.0045182 2.7492e-05 2.8842e-05 0.98292 0.015175 0.00019048
0.0016854 0.00022899 0.01 1.2032e-05 0.0078277 0.0045175 2.7473e-05 3.1767e-05 0.98272 0.015153 0.00019143
0.0016848 0.00023074 0.01 1.2187e-05 0.0078285 0.0045167 2.745e-05 3.466e-05 0.9825 0.015132 0.00020367
0.0016842 0.00023249 0.01 1.2336e-05 0.0078292 0.0045158 2.7423e-05 3.7524e-05 0.98225 0.01511 0.00021585
0.0016837 0.00023427 0.01 1.2496e-05 0.0078299 0.0045151 2.7402e-05 4.0519e-05 0.98219 0.015089 0.00022832
0.0016834 0.00023608 0.01 1.2669e-05 0.0078306 0.0045145 2.7385e-05 4.3651e-05 0.98233 0.015068 0.00024067
0.0016831 0.00023787 0.01 1.2835e-05 0.0078314 0.0045139 2.7365e-05 4.6751e-05 0.98243 0.015048 0.00025296
0.0016829 0.0002397 0.01 1.3013e-05 0.0078321 0.0045134 2.735e-05 4.999e-05 0.98273 0.015028 0.00026555
0.0016826 0.00024152 0.01 1.3185e-05 0.0078329 0.0045128 2.733e-05 5.3196e-05 0.98297 0.015008 0.00027846
0.0016824 0.00024333 0.01 1.3351e-05 0.0078336 0.0045122 2.7306e-05 5.6369e-05 0.98318 0.014987 0.0002913
0.0016822 0.00024517 0.01 1.3529e-05 0.0078344 0.0045118 2.7288e-05 5.9685e-05 0.98359 0.014968 0.00030446
0.0016821 0.00024699 0.01 1.3701e-05 0.0078352 0.0045113 2.7265e-05 6.2968e-05 0.98397 0.014948 0.00031756
0.0016819 0.00024881 0.01 1.3867e-05 0.0078359 0.0045107 2.7238e-05 6.6218e-05 0.98432 0.014928 0.00033059
0.0016818 0.00025066 0.01 1.4046e-05 0.0078367 0.0045103 2.7216e-05 6.9619e-05 0.98489 0.014909 0.00034395
0.0016817 0.0002525 0.01 1.4219e-05 0.0078375 0.0045099 2.7191e-05 7.2985e-05 0.98542 0.014889 0.00035725
0.0016818 0.00025437 0.01 1.4404e-05 0.0078383 0.0045096 2.717e-05 7.651e-05 0.98622 0.014871 0.00037088
0.001682 0.00025627 0.01 1.4603e-05 0.0078391 0.0045094 2.7155e-05 8.0199e-05 0.98734 0.014852 0.00038485
0.0016821 0.00025817 0.01 1.4795e-05 0.0078399 0.0045091 2.7136e-05 8.3852e-05 0.9884 0.014834 0.00039876
0.0016824 0.0002601 0.01 1.5002e-05 0.0078407 0.004509 2.7121e-05 8.7676e-05 0.98986 0.014816 0.00041301
0.0016829 0.00026206 0.01 1.5222e-05 0.0078415 0.0045089 2.7113e-05 9.1681e-05 0.99186 0.014799 0.00042762
0.0016835 0.00026406 0.01 1.5456e-05 0.0078424 0.004509 2.7109e-05 9.5868e-05 0.99221 0.014782 0.00044259
0.0016841 0.00026605 0.01 1.5684e-05 0.0078432 0.0045091 2.7101e-05 0.00010002 0.99255 0.014765 0.00045749
0.0016848 0.00026807 0.01 1.5926e-05 0.0078441 0.0045092 2.7098e-05 0.00010435 0.99306 0.014749 0.00047275
0.0016855 0.00027008 0.01 1.6162e-05 0.0078449 0.0045094 2.7091e-05 0.00010865 0.99354 0.014732 0.00048795
0.0016861 0.00027208 0.01 1.6391e-05 0.0078458 0.0045095 2.708e-05 0.0001129 0.994 0.014716 0.00050307
0.0016869 0.00027412 0.01 1.6636e-05 0.0078466 0.0045097 2.7074e-05 0.00011736 0.99466 0.0147 0.00051858
0.0016877 0.00027614 0.01 1.9609e-05 0.0078475 0.0045099 2.7064e-05 0.00012177 0.99529 0.014683 0.00053402
0.0016886 0.0002782 0.01 2.2714e-05 0.0078484 0.0045102 2.7059e-05 0.00012639 0.99616 0.014668 0.00054984
0.0016896 0.0002803 0.01 2.5959e-05 0.0078493 0.0045106 2.7059e-05 0.00013123 0.99626 0.014653 0.00056605
0.0016906 0.00028238 0.01 2.9175e-05 0.0078502 0.004511 2.7056e-05 0.00013602 0.99636 0.014638 0.00058219
0.0016916 0.00028446 0.01 3.2364e-05 0.0078511 0.0045113 2.7047e-05 0.00014076 0.99645 0.014622 0.00059826
0.0016927 0.00028657 0.01 3.5697e-05 0.007852 0.0045118 2.7044e-05 0.00014573 0.99664 0.014608 0.00061473
0.001694 0.00028872 0.01 3.63e-05 0.0078529 0.0045124 2.7047e-05 0.00015094 0.99694 0.014593 0.00063163
0.0016953 0.00029085 0.01 3.6892e-05 0.0078538 0.0045129 2.7045e-05 0.0001561 0.99724 0.014579 0.00064845
0.0016964 0.00029298 0.01 3.7474e-05 0.0078547 0.0045134 2.7039e-05 0.00016121 0.99751 0.014565 0.00066518
0.0016976 0.00029508 0.01 3.8091e-05 0.0078556 0.0045141 2.7029e-05 0.00016625 0.99743 0.01455 0.00068237
0.0016987 0.00029718 0.01 3.8697e-05 0.0078565 0.0045147 2.7013e-05 0.00017123 0.99734 0.014535 0.00069947
0.0017 0.00029931 0.01 3.9339e-05 0.0078574 0.0045154 2.7004e-05 0.00017647 0.99734 0.014521 0.00071702
0.0017013 0.00030144 0.01 3.997e-05 0.0078584 0.0045161 2.699e-05 0.00018165 0.99733 0.014507 0.00073448
0.0017025 0.00030354 0.01 4.059e-05 0.0078593 0.0045168 2.6971e-05 0.00018677 0.99732 0.014493 0.00075185
0.0017038 0.00030569 0.01 4.1245e-05 0.0078602 0.0045176 2.6958e-05 0.00019215 0.99683 0.014479 0.00076967
0.0017051 0.00030783 0.01 4.189e-05 0.0078611 0.0045183 2.6941e-05 0.00019747 0.99631 0.014465 0.00078741
0.0017066 0.00031 0.01 4.2571e-05 0.007862 0.0045192 2.6929e-05 0.00020306 0.99595 0.014452 0.00080561
0.0017082 0.00031222 0.01 4.3292e-05 0.007863 0.0045202 2.6923e-05 0.00020893 0.99573 0.014439 0.00082431
0.00171 0.00031448 0.01 4.4055e-05 0.007864 0.0045213 2.6923e-05 0.00021511 0.99562 0.014426 0.00084351
0.0017118 0.00031673 0.01 4.4805e-05 0.0078649 0.0045224 2.6919e-05 0.00022121 0.99549 0.014414 0.00086262
0.0017135 0.00031897 0.01 4.5543e-05 0.0078659 0.0045234 2.691e-05 0.00022725 0.99536 0.014401 0.00088161
0.0017152 0.00032119 0.01 4.6268e-05 0.0078669 0.0045244 2.6897e-05 0.00023322 0.99521 0.014389 0.0009005
0.0017168 0.00032339 0.01 4.6981e-05 0.0078678 0.0045254 2.6879e-05 0.00023911 0.99505 0.014376 0.00091928
0.0017186 0.00032564 0.01 4.7737e-05 0.0078688 0.0045265 2.6867e-05 0.00024531 0.995 0.014364 0.00093858
0.0017203 0.00032787 0.01 4.8481e-05 0.0078698 0.0045276 2.6851e-05 0.00025144 0.99494 0.014352 0.00095778
0.0017223 0.00033015 0.01 4.9268e-05 0.0078707 0.0045288 2.6841e-05 0.00025789 0.99499 0.01434 0.00097751
0.0017243 0.00033248 0.01 5.01e-05 0.0078717 0.0045301 2.6837e-05 0.00026468 0.99515 0.014329 0.00099778
0.0017264 0.00033479 0.01 5.092e-05 0.0078727 0.0045314 2.6828e-05 0.00027139 0.9953 0.014317 0.0010179
0.0017286 0.00033715 0.01 5.1786e-05 0.0078738 0.0045328 2.6825e-05 0.00027845 0.99557 0.014306 0.0010387
0.001731 0.00033955 0.01 5.2702e-05 0.0078748 0.0045343 2.6828e-05 0.00028589 0.996 0.014296 0.00106
0.0017333 0.00034194 0.01 5.3603e-05 0.0078758 0.0045358 2.6827e-05 0.00029323 0.9964 0.014285 0.0010811
0.0017356 0.00034431 0.01 5.4485e-05 0.0078768 0.0045372 2.682e-05 0.00030046 0.99676 0.014275 0.0011021
0.0017378 0.00034666 0.01 5.5347e-05 0.0078779 0.0045386 2.6807e-05 0.00030755 0.99708 0.014264 0.0011229
0.0017399 0.00034898 0.01 5.6185e-05 0.0078789 0.00454 2.6788e-05 0.00031449 0.99737 0.014253 0.0011416
0.0017423 0.00035136 0.01 5.7092e-05 0.0078799 0.0045415 2.6777e-05 0.00032194 0.99787 0.014243 0.0011599
0.0017445 0.00035372 0.01 5.7973e-05 0.0078809 0.0045429 2.6761e-05 0.00032922 0.99831 0.014232 0.0011781
0.0017471 0.00035616 0.01 5.8823e-05 0.007882 0.0045443 2.6754e-05 0.00033707 0.99844 0.014223 0.001197
0.0017495 0.00035856 0.01 5.9747e-05 0.007883 0.0045459 2.6741e-05 0.00034473 0.99855 0.014213 0.0012156
0.0017519 0.00036094 0.01 6.0645e-05 0.007884 0.0045474 2.6721e-05 0.00035222 0.99864 0.014202 0.001234
0.0017541 0.00036328 0.01 6.1516e-05 0.007885 0.0045488 2.6695e-05 0.00035953 0.99871 0.014192 0.0012522
0.0017563 0.0003656 0.01 6.2361e-05 0.007886 0.0045502 2.6661e-05 0.00036667 0.99877 0.014181 0.0012702
0.0017587 0.000368 0.01 6.328e-05 0.0078871 0.0045518 2.6638e-05 0.00037437 0.99893 0.014171 0.0012889
0.001761 0.00037036 0.01 6.4171e-05 0.0078881 0.0045533 2.6607e-05 0.00038187 0.99906 0.014161 0.0013074
0.0017636 0.0003728 0.01 6.5142e-05 0.0078892 0.004555 2.6587e-05 0.00038998 0.99905 0.014152 0.0013266
0.0017665 0.00037531 0.01 6.62e-05 0.0078902 0.0045568 2.6578e-05 0.00039874 0.99888 0.014143 0.0013467
0.0017693 0.0003778 0.01 6.7225e-05 0.0078913 0.004558 2.6561e-05 0.00040739 0.9987 0.014134 0.0013665
0.0017723 0.00038036 0.01 6.8248e-05 0.0078924 0.0045592 2.6554e-05 0.00041675 0.99829 0.014126 0.0013859
0.0017753 0.00038289 0.01 6.9269e-05 0.0078935 0.0045604 2.6541e-05 0.00042586 0.99786 0.014117 0.0014051
0.0017866 0.00039287 0.01 7.333e-05 0.0078978 0.0045651 2.6442e-05 0.00046139 0.99588 0.014083 0.0014723
0.0017897 0.00039543 0.01 7.4309e-05 0.0078989 0.0045663 2.6424e-05 0.00047099 0.9953 0.014075 0.0014889
0.0017931 0.00039808 0.01 7.5378e-05 0.0079 0.0045676 2.6416e-05 0.00048138 0.99362 0.014068 0.0015062
0.0017968 0.00040082 0.01 7.6413e-05 0.0079012 0.0045688 2.6419e-05 0.00049075 0.99118 0.014061 0.0015243
0.0018003 0.00040352 0.01 7.7414e-05 0.0079023 0.00457 2.6415e-05 0.00049988 0.99097 0.014055 0.0015422
0.0018042 0.00040631 0.01 7.8508e-05 0.0079035 0.0045713 2.6421e-05 0.00050976 0.99017 0.014049 0.0015597
