Balaenoptera_acutorostrata Balaenoptera_musculus Bison_bison Bos_mutus Bos_taurus Bubalus_bubalis Camelus_bactrianus Camelus_dromedarius Camelus_ferus Capra_hircus Delphinapterus_leucas Globicephala_melas
0.89808 0.00024272 0.00076077 0.00034414 0.01 0.00033238 0.0094 0.0014443 0.00078453 0.00021297 0.01 0.0053724
0.89797 0.00024033 0.00075889 0.00034041 0.01 0.00032895 0.0093996 0.0014401 0.00078272 0.00021134 0.01 0.0053697
0.89793 0.00023802 0.00075703 0.00033675 0.01 0.0003256 0.0093993 0.0014361 0.00078092 0.00020974 0.01 0.0053671
0.89787 0.00023568 0.00075516 0.00033306 0.01 0.00032222 0.0093989 0.001432 0.00077912 0.00020813 0.01 0.0053645
0.89788 0.00023342 0.00075331 0.00032943 0.01 0.00031866 0.0093985 0.0014279 0.00077731 0.0002065 0.01 0.0053619
0.89787 0.00023113 0.00075146 0.00032578 0.01 0.00031507 0.0093981 0.0014237 0.00077549 0.00020487 0.01 0.0053593
0.89793 0.00022892 0.00074962 0.00032218 0.01 0.00031156 0.0093978 0.0014197 0.00077369 0.00020326 0.01 0.0053568
0.89796 0.00022668 0.00074781 0.00031865 0.01 0.00030814 0.0093974 0.0014156 0.00077188 0.00020168 0.01 0.0053542
0.89806 0.0002245 0.00074602 0.00031516 0.01 0.0003048 0.009397 0.0014116 0.00077009 0.00020013 0.01 0.0053517
0.89814 0.00022231 0.00074422 0.00031165 0.01 0.00030143 0.0093967 0.0014076 0.00076829 0.00019856 0.01 0.0053492
0.8982 0.00022009 0.00074241 0.00030813 0.01 0.00029804 0.0093963 0.0014035 0.00076649 0.00019699 0.01 0.0053467
0.89833 0.00021795 0.0007406 0.00030459 0.01 0.00029462 0.0093959 0.0013994 0.00076468 0.00019541 0.01 0.0053441
0.89853 0.00021587 0.0007388 0.0003011 0.01 0.00029128 0.0093956 0.0013954 0.00076289 0.00019385 0.01 0.0053416
0.8987 0.00021377 0.000737 0.00029758 0.01 0.00028791 0.0093952 0.0013914 0.00076109 0.00019228 0.01 0.0053391
0.89894 0.00021173 0.00073521 0.00029412 0.01 0.00028461 0.0093948 0.0013874 0.0007593 0.00019074 0.01 0.0053366
0.89916 0.00020966 0.00073342 0.00029064 0.01 0.00028129 0.0093945 0.0013834 0.00075752 0.00018919 0.01 0.0053341
0.89936 0.00020759 0.00073162 0.00028714 0.01 0.00027795 0.0093941 0.0013794 0.00075572 0.00018763 0.01 0.0053316
0.89954 0.00020549 0.00072981 0.00028362 0.01 0.00027459 0.0093937 0.0013754 0.00075392 0.00018606 0.01 0.0053291
0.8997 0.00020337 0.000728 0.00028009 0.01 0.0002712 0.0093934 0.0013713 0.00075211 0.00018448 0.01 0.0053265
0.89993 0.00020131 0.0007262 0.0002766 0.01 0.00026788 0.009393 0.0013673 0.00075032 0.00018293 0.01 0.005324
0.90021 0.00019931 0.00072442 0.00027316 0.01 0.00026463 0.0093927 0.0013634 0.00074854 0.0001814 0.01 0.0053216
0.90057 0.00019737 0.00072267 0.00026977 0.01 0.00026146 0.0093923 0.0013595 0.00074676 0.00017989 0.01 0.0053192
0.9009 0.00019541 0.0007209 0.00026636 0.01 0.00025826 0.0093919 0.0013555 0.00074497 0.00017837 0.01 0.0053168
0.9013 0.00019351 0.00071915 0.000263 0.01 0.00025513 0.0093916 0.0013516 0.00074321 0.00017688 0.01 0.0053144
0.90168 0.00019158 0.0007174 0.00025962 0.01 0.00025198 0.0093912 0.0013477 0.00074143 0.00017538 0.01 0.0053121
0.90203 0.00018963 0.00071564 0.00025622 0.01 0.0002488 0.0093909 0.0013438 0.00073964 0.0001739 0.01 0.0053097
0.90245 0.00018775 0.00071389 0.00025287 0.01 0.00024569 0.0093905 0.0013399 0.00073788 0.00017245 0.01 0.0053073
0.90286 0.00018584 0.00071214 0.0002495 0.01 0.00024256 0.0093902 0.001336 0.00073611 0.00017099 0.01 0.0053049
0.90333 0.000184 0.00071042 0.00024618 0.01 0.00023951 0.0093898 0.0013321 0.00073432 0.00016956 0.01 0.0053026
0.90389 0.00018223 0.00070871 0.00024292 0.01 0.00023654 0.0093895 0.0013283 0.00073256 0.00016815 0.01 0.0053004
0.90452 0.00018051 0.00070703 0.00023971 0.01 0.00023364 0.0093891 0.0013246 0.00073083 0.00016677 0.01 0.0052982
0.90522 0.00017885 0.00070536 0.00023656 0.01 0.00023082 0.0093888 0.0013209 0.00072911 0.00016541 0.01 0.0052961
0.90601 0.00017726 0.00070373 0.00023345 0.01 0.00022808 0.0093885 0.0013174 0.00072742 0.00016408 0.01 0.005294
0.90689 0.00017573 0.00070208 0.00023033 0.01 0.0002253 0.0093882 0.0013138 0.00072572 0.00016274 0.01 0.005292
0.90784 0.00017425 0.00070042 0.00022718 0.01 0.00022249 0.0093879 0.0013103 0.00072404 0.00016138 0.01 0.0052901
0.90877 0.00017275 0.00069875 0.000224 0.01 0.00021965 0.0093876 0.0013068 0.00072235 0.00016002 0.01 0.0052881
0.90966 0.00017123 0.00069707 0.0002208 0.01 0.00021678 0.0093872 0.0013032 0.00072065 0.00015868 0.01 0.0052861
0.91052 0.00016968 0.00069537 0.00021758 0.01 0.00021388 0.0093869 0.0012996 0.00071894 0.00015733 0.01 0.0052841
0.91135 0.00016811 0.00069367 0.00021433 0.01 0.00021094 0.0093866 0.001296 0.00071722 0.00015597 0.01 0.0052821
0.91215 0.00016651 0.00069199 0.00021113 0.01 0.00020808 0.0093863 0.0012924 0.00071552 0.00015463 0.01 0.00528
0.91292 0.00016489 0.0006903 0.00020791 0.01 0.00020519 0.009386 0.0012889 0.00071381 0.00015329 0.01 0.0052779
0.91377 0.00016333 0.00068864 0.00020475 0.01 0.00020238 0.0093857 0.0012854 0.00071213 0.00015197 0.01 0.0052759
0.9146 0.00016174 0.00068696 0.00020156 0.01 0.00019954 0.0093854 0.0012818 0.00071044 0.00015064 0.01 0.0052738
0.91539 0.00016013 0.00068527 0.00019835 0.01 0.00019667 0.009385 0.0012783 0.00070873 0.0001493 0.01 0.0052717
0.91616 0.00015849 0.00068357 0.00019512 0.01 0.00019376 0.0093847 0.0012747 0.00070702 0.00014794 0.01 0.0052696
0.91689 0.00015683 0.0006819 0.00019193 0.01 0.00019093 0.0093844 0.001271 0.00070529 0.00014661 0.01 0.0052675
0.9176 0.00015515 0.00068021 0.00018873 0.01 0.00018807 0.0093841 0.0012674 0.00070355 0.00014527 0.01 0.0052654
0.91828 0.00015343 0.00067852 0.0001855 0.01 0.00018518 0.0093837 0.0012636 0.0007018 0.00014392 0.01 0.0052632
0.91904 0.00015179 0.00067684 0.00018232 0.01 0.00018237 0.0093834 0.00126 0.00070008 0.0001426 0.01 0.0052611
0.91989 0.0001502 0.0006752 0.0001792 0.01 0.00017964 0.0093831 0.0012565 0.00069838 0.0001413 0.01 0.005259
0.9207 0.00014859 0.00067354 0.00017606 0.01 0.00017687 0.0093828 0.0012529 0.00069667 0.00013999 0.01 0.0052569
0.92149 0.00014695 0.0006719 0.00017297 0.01 0.00017418 0.0093825 0.001238 0.00069499 0.0001387 0.01 0.0052548
0.92225 0.00014529 0.00067025 0.00016985 0.01 0.00017146 0.0093822 0.0012229 0.00069329 0.00013741 0.01 0.0052527
0.92298 0.0001436 0.0006686 0.00016671 0.01 0.0001687 0.0093819 0.0012078 0.00069158 0.0001361 0.01 0.0052505
0.92369 0.00014188 0.00066693 0.00016355 0.01 0.00016592 0.0093816 0.0011926 0.00068986 0.00013478 0.01 0.0052484
0.92436 0.00014015 0.00066528 0.00016044 0.01 0.00016321 0.0093813 0.0011777 0.00068817 0.00013345 0.01 0.0052462
0.92502 0.00013838 0.00066363 0.0001573 0.01 0.00016047 0.0093809 0.0011626 0.00068646 0.0001321 0.01 0.0052439
0.92565 0.00013659 0.00066196 0.00015414 0.01 0.0001577 0.0093806 0.0011475 0.00068475 0.00013074 0.01 0.0052417
0.92635 0.00013486 0.00066032 0.00015104 0.01 0.000155 0.0093803 0.0011327 0.00068305 0.00012942 0.01 0.0052395
0.92704 0.00013311 0.00065867 0.00014791 0.01 0.00015228 0.00938 0.0011177 0.00068135 0.00012808 0.01 0.0052373
0.92769 0.00013134 0.000657 0.00014476 0.01 0.00014952 0.0093797 0.0011027 0.00067964 0.00012673 0.01 0.005235
0.92832 0.00012953 0.00065533 0.00014158 0.01 0.00014673 0.0093794 0.0010876 0.00067791 0.00012538 0.01 0.0052328
0.92893 0.00012771 0.00065364 0.00013838 0.01 0.00014391 0.0093791 0.0010725 0.00067618 0.00012401 0.01 0.0052305
0.92952 0.00012585 0.00065194 0.00013516 0.01 0.00014106 0.0093788 0.0010572 0.00067443 0.00012263 0.01 0.0052282
0.93008 0.00012397 0.00065027 0.00013198 0.01 0.00013829 0.0093784 0.0010419 0.00067268 0.00012127 0.01 0.0052258
0.93071 0.00012216 0.00064862 0.00012886 0.01 0.00013559 0.0093781 0.0010268 0.00067095 0.00011994 0.01 0.0052236
0.93143 0.00012041 0.00064696 0.00012572 0.01 0.0001328 0.0093778 0.0010117 0.0006692 0.00011863 0.01 0.0052213
0.93223 0.00011872 0.00064529 0.00012256 0.01 0.00012998 0.0093775 0.00099644 0.00066745 0.00011732 0.01 0.0052192
0.9331 0.00011709 0.00064364 0.00011944 0.01 0.00012723 0.0093772 0.00098147 0.00066572 0.00011602 0.01 0.0052171
0.93395 0.00011544 0.00064199 0.0001163 0.01 0.00012446 0.0093768 0.00096642 0.00066398 0.00011472 0.01 0.005215
0.93286 0.00011387 0.00064035 0.00011322 0.01 0.00012175 0.0093765 0.00095163 0.00066226 0.00011344 0.01 0.005213
0.93184 0.00011235 0.00063874 0.00011018 0.01 0.00011912 0.0093762 0.00093709 0.00066057 0.00011218 0.01 0.005211
0.9308 0.00011082 0.00063712 0.00010712 0.01 0.00011646 0.0093759 0.00093688 0.00065887 0.00011091 0.01 0.005209
0.92984 0.00010933 0.00063552 0.00010411 0.01 0.00011387 0.0093757 0.00093674 0.00065719 0.00010967 0.01 0.005207
0.92895 0.0001079 0.00063394 0.00010115 0.01 0.00011134 0.0093754 0.00093667 0.00065553 0.00010845 0.01 0.0052051
0.92805 0.00010645 0.00063235 9.8161e-05 0.01 0.00010879 0.0093751 0.00093657 0.00065386 0.00010722 0.01 0.0052032
0.92711 0.00010497 0.00063075 9.5154e-05 0.01 0.00010621 0.0093748 0.00093643 0.00065218 0.00010597 0.01 0.0052013
0.92626 0.00010355 0.00062917 9.2194e-05 0.01 0.00010369 0.0093745 0.00093636 0.00065052 0.00010475 0.01 0.0051994
0.92538 0.00010211 0.00062759 8.9212e-05 0.01 0.00010115 0.0093742 0.00093627 0.00064886 0.00010352 0.01 0.0051975
0.92458 0.00010071 0.00062599 8.6208e-05 0.01 9.8573e-05 0.009374 0.00093623 0.00064721 0.00010228 0.01 0.0051957
0.92385 9.9369e-05 0.00062442 8.3251e-05 0.01 9.6067e-05 0.0093737 0.00093627 0.00064559 0.00010107 0.01 0.0051939
0.92321 9.8074e-05 0.00062283 8.0272e-05 0.01 9.3533e-05 0.0093735 0.00093637 0.00064399 9.9837e-05 0.01 0.0051922
0.92254 9.6758e-05 0.00062124 7.7272e-05 0.01 9.0972e-05 0.0093732 0.00093644 0.00064238 9.8599e-05 0.01 0.0051905
0.92195 9.5489e-05 0.00061966 7.4316e-05 0.01 8.8473e-05 0.009373 0.00093657 0.0006408 9.7382e-05 0.01 0.0051888
0.92133 9.4199e-05 0.00061808 7.1339e-05 0.01 8.5947e-05 0.0093727 0.00093668 0.0006392 9.6155e-05 0.01 0.0051871
0.92079 9.2954e-05 0.00061652 6.8406e-05 0.01 8.3482e-05 0.0093725 0.00093684 0.00063762 9.4949e-05 0.01 0.0051855
0.92032 9.1753e-05 0.00061498 6.5516e-05 0.01 8.1077e-05 0.0093723 0.00093707 0.00063607 9.3764e-05 0.01 0.0051839
0.91993 9.0595e-05 0.00061346 6.2669e-05 0.01 7.8729e-05 0.0093721 0.00093737 0.00063453 9.2599e-05 0.01 0.0051824
0.91948 8.9387e-05 0.00061196 5.9865e-05 0.01 7.6439e-05 0.0093719 0.00093773 0.00063302 9.1454e-05 0.01 0.0051809
0.919 8.8159e-05 0.00061045 5.9969e-05 0.01 7.4123e-05 0.0093716 0.00093806 0.0006315 9.0332e-05 0.01 0.0051795
0.9186 8.6976e-05 0.00060893 6.006e-05 0.01 7.4384e-05 0.0093714 0.00093846 0.00062999 8.9199e-05 0.01 0.005178
0.91827 8.5832e-05 0.00060743 6.0159e-05 0.01 7.4662e-05 0.0093713 0.00093891 0.00062851 8.8085e-05 0.01 0.0051767
0.91801 8.4722e-05 0.00060594 6.0264e-05 0.01 7.4957e-05 0.0093711 0.00093942 0.00062705 8.6987e-05 0.01 0.0051754
0.9178 8.3645e-05 0.00060448 6.0375e-05 0.01 7.5268e-05 0.0093709 0.00093999 0.0006256 8.5905e-05 0.01 0.0051741
0.91766 8.2598e-05 0.00060303 6.0492e-05 0.01 7.5594e-05 0.0093707 0.0009406 0.00062417 8.4836e-05 0.01 0.0051729
0.9175 8.1538e-05 0.00060157 6.0598e-05 0.01 7.5907e-05 0.0093706 0.0009412 0.00062273 8.3761e-05 0.01 0.0051717
0.91732 8.0468e-05 0.00060011 6.0694e-05 0.01 7.621e-05 0.0093704 0.00094177 0.00062128 8.2681e-05 0.01 0.0051704
0.9172 7.9422e-05 0.00059866 6.0794e-05 0.01 7.6525e-05 0.0093703 0.00094239 0.00061985 8.1612e-05 0.01 0.0051692
0.91707 7.8366e-05 0.0005972 6.0884e-05 0.01 7.6829e-05 0.0093701 0.00094299 0.00061841 8.0537e-05 0.01 0.005168
0.91693 7.73e-05 0.00059576 6.0977e-05 0.01 7.7144e-05 0.0093699 0.00094357 0.00061697 7.9474e-05 0.01 0.0051667
0.91678 7.6224e-05 0.00059431 6.1061e-05 0.01 7.745e-05 0.0093698 0.00094413 0.00061552 7.8406e-05 0.01 0.0051655
0.91662 7.5138e-05 0.00059285 6.1135e-05 0.01 7.7744e-05 0.0093696 0.00094468 0.00061407 7.7332e-05 0.01 0.0051642
0.91651 7.4076e-05 0.00059141 6.1213e-05 0.01 7.8051e-05 0.0093694 0.00094527 0.00061262 7.627e-05 0.01 0.005163
0.91644 7.3036e-05 0.00058998 6.1294e-05 0.01 7.8368e-05 0.0093693 0.0009459 0.00061119 7.5218e-05 0.01 0.0051618
0.91637 7.1988e-05 0.00058855 6.1365e-05 0.01 7.8676e-05 0.0093691 0.00094651 0.00060976 7.4162e-05 0.01 0.0051607
0.91629 7.0929e-05 0.00058713 6.144e-05 0.01 7.8995e-05 0.009369 0.00094711 0.00060832 7.3116e-05 0.01 0.0051595
0.91625 6.9894e-05 0.00058572 6.1517e-05 0.01 7.9325e-05 0.0093688 0.00094775 0.00060689 7.208e-05 0.01 0.0051583
0.91627 6.888e-05 0.00058432 6.1597e-05 0.01 7.9666e-05 0.0093687 0.00094842 0.00060548 7.1055e-05 0.01 0.0051572
0.91633 6.7889e-05 0.00058293 6.1681e-05 0.01 8.002e-05 0.0093685 0.00094914 0.00060407 7.004e-05 0.01 0.0051561
0.91644 6.6919e-05 0.00058156 6.1768e-05 0.01 8.0385e-05 0.0093684 0.0009499 0.00060268 6.9036e-05 0.01 0.005155
0.9166 6.597e-05 0.00058019 6.1858e-05 0.01 8.0762e-05 0.0093683 0.00095069 0.0006013 6.8041e-05 0.01 0.005154
0.91674 6.5011e-05 0.00057883 6.1938e-05 0.01 8.1128e-05 0.0093681 0.00095147 0.00059992 6.7042e-05 0.01 0.005153
0.91688 6.4043e-05 0.00057745 6.2009e-05 0.01 8.1484e-05 0.009368 0.00095224 0.00059853 6.6037e-05 0.01 0.0051519
0.91707 6.3096e-05 0.00057609 6.2083e-05 0.01 8.1852e-05 0.0093679 0.00095304 0.00059715 6.5042e-05 0.01 0.0051509
0.91725 6.2139e-05 0.00057472 6.2147e-05 0.01 8.2209e-05 0.0093678 0.00095383 0.00059577 6.4042e-05 0.01 0.0051499
0.91748 6.1208e-05 0.00057335 6.2201e-05 0.01 8.2553e-05 0.0093676 0.00095459 0.00059438 6.3035e-05 0.01 0.0051489
0.9177 6.026e-05 0.00057199 6.2261e-05 0.01 8.2915e-05 0.0093675 0.00095541 0.000593 6.2041e-05 0.01 0.005148
0.91789 5.9297e-05 0.00057063 6.231e-05 0.01 8.3264e-05 0.0093674 0.0009562 0.00059162 6.1041e-05 0.01 0.0051471
0.91807 5.8321e-05 0.00056925 6.2347e-05 0.01 8.3598e-05 0.0093673 0.00095697 0.00059023 6.0033e-05 0.01 0.0051461
0.91823 5.7331e-05 0.00056787 6.2373e-05 0.01 8.3919e-05 0.0093671 0.00095772 0.00058883 5.9017e-05 0.01 0.0051451
0.91802 5.7742e-05 0.00056648 6.2387e-05 0.01 8.4224e-05 0.009367 0.00095852 0.00058745 5.7993e-05 0.01 0.0051442
0.91789 5.8173e-05 0.00056508 6.2389e-05 0.01 8.4515e-05 0.0093669 0.00095938 0.00058608 5.6962e-05 0.01 0.0051432
0.91781 5.8623e-05 0.00056369 6.2397e-05 0.01 8.4824e-05 0.0093668 0.0009603 0.00058474 5.5944e-05 0.01 0.0051423
0.91773 5.9063e-05 0.0005623 6.2395e-05 0.01 8.512e-05 0.0093667 0.0009612 0.00058338 5.4919e-05 0.01 0.0051414
0.91763 5.9494e-05 0.0005609 6.2383e-05 0.01 8.5404e-05 0.0093666 0.00096207 0.00058202 5.3889e-05 0.01 0.0051405
0.91758 5.9939e-05 0.00055952 6.2375e-05 0.01 8.5702e-05 0.0093665 0.000963 0.00058068 5.2869e-05 0.01 0.0051396
0.91752 6.0376e-05 0.00055812 6.2357e-05 0.01 8.5989e-05 0.0093664 0.0009639 0.00057932 5.1844e-05 0.01 0.0051387
0.91745 6.0803e-05 0.00055673 6.2329e-05 0.01 8.6264e-05 0.0093663 0.00096478 0.00057796 5.0813e-05 0.01 0.0051378
0.91743 6.1245e-05 0.00055534 6.2305e-05 0.01 8.6554e-05 0.0093662 0.00096571 0.00057662 4.9792e-05 0.01 0.0051369
0.91746 6.1703e-05 0.00055395 6.2271e-05 0.01 8.6831e-05 0.0093661 0.00096662 0.00057526 4.8766e-05 0.01 0.0051361
0.91749 6.2152e-05 0.00055255 6.2227e-05 0.01 8.7098e-05 0.009366 0.00096751 0.0005739 4.7734e-05 0.01 0.0051352
0.91756 6.2617e-05 0.00055117 6.2187e-05 0.01 8.7378e-05 0.0093659 0.00096845 0.00057256 4.6713e-05 0.01 0.0051344
0.91763 6.3072e-05 0.00054978 6.2137e-05 0.01 8.7647e-05 0.0093658 0.00096937 0.00057121 4.5687e-05 0.01 0.0051336
0.91768 6.3519e-05 0.00054838 6.2078e-05 0.01 8.7905e-05 0.0093657 0.00097027 0.00056985 4.4655e-05 0.01 0.0051328
0.9177 6.3944e-05 0.000547 6.2022e-05 0.01 8.8176e-05 0.0093656 0.00097115 0.00056848 4.3633e-05 0.01 0.005132
0.91771 6.4361e-05 0.00054561 6.1957e-05 0.01 8.8437e-05 0.0093655 0.00097201 0.00056711 4.2605e-05 0.01 0.0051312
0.91776 6.4791e-05 0.00054423 6.1894e-05 0.01 8.8709e-05 0.0093654 0.00097292 0.00056576 4.1587e-05 0.01 0.0051304
0.91781 6.5213e-05 0.00054285 6.1823e-05 0.01 8.8972e-05 0.0093653 0.00097381 0.00056439 4.0564e-05 0.01 0.0051297
0.91791 6.5652e-05 0.00054146 6.1742e-05 0.01 8.9223e-05 0.0093652 0.00097468 0.00056303 3.9536e-05 0.01 0.0051289
0.918 6.6083e-05 0.00054007 6.1651e-05 0.01 8.9465e-05 0.0093651 0.00097553 0.00056165 3.8503e-05 0.01 0.0051281
0.91814 6.6527e-05 0.00053868 6.1564e-05 0.01 8.9718e-05 0.009365 0.00097643 0.00056029 3.7479e-05 0.01 0.0051273
0.91827 6.6963e-05 0.0005373 6.1467e-05 0.01 8.9961e-05 0.0093649 0.00097731 0.00055892 3.645e-05 0.01 0.0051265
0.91839 6.7392e-05 0.0005359 6.1361e-05 0.01 9.0194e-05 0.0093648 0.00097817 0.00055755 3.5416e-05 0.01 0.0051258
0.91851 6.7812e-05 0.0005345 6.1245e-05 0.01 9.0417e-05 0.0093647 0.00097902 0.00055617 3.4378e-05 0.01 0.005125
0.91867 6.8246e-05 0.00053312 6.1133e-05 0.01 9.0652e-05 0.0093647 0.00097991 0.0005548 3.3348e-05 0.01 0.0051242
0.91882 6.8672e-05 0.00053172 6.1011e-05 0.01 9.0877e-05 0.0093646 0.00098078 0.00055343 3.2313e-05 0.01 0.0051234
0.91902 6.9111e-05 0.00053034 6.0892e-05 0.01 9.1113e-05 0.0093645 0.0009817 0.00055207 3.1287e-05 0.01 0.0051227
0.91921 6.9543e-05 0.00052895 6.0763e-05 0.01 9.1339e-05 0.0093644 0.00098259 0.0005507 3.0256e-05 0.01 0.0051219
0.91939 6.9966e-05 0.00052756 6.0626e-05 0.01 9.1555e-05 0.0093643 0.00098347 0.00054933 2.922e-05 0.01 0.0051212
0.91956 7.0382e-05 0.00052616 6.0479e-05 0.01 9.1761e-05 0.0093642 0.00098434 0.00054796 2.818e-05 0.01 0.0051204
0.91979 6.917e-05 0.00052478 6.0335e-05 0.01 9.1979e-05 0.0093641 0.00098524 0.00054659 2.7148e-05 0.01 0.0051197
0.92001 6.7949e-05 0.00052338 6.0182e-05 0.01 9.2186e-05 0.009364 0.00098613 0.00054522 2.6111e-05 0.01 0.0051189
0.92028 6.6752e-05 0.000522 6.0031e-05 0.01 9.2406e-05 0.0093639 0.00098706 0.00054386 2.5083e-05 0.01 0.0051182
0.92055 6.5546e-05 0.00052062 5.9872e-05 0.01 9.2616e-05 0.0093639 0.00098798 0.00054249 2.405e-05 0.01 0.0051175
0.9208 6.433e-05 0.00051922 5.9703e-05 0.01 9.2815e-05 0.0093638 0.00098888 0.00054112 2.4283e-05 0.01 0.0051168
0.9211 6.3138e-05 0.00051784 5.9536e-05 0.01 9.3026e-05 0.0093637 0.00098981 0.00053977 2.4517e-05 0.01 0.0051161
0.92145 6.1968e-05 0.00051647 5.9373e-05 0.01 9.3249e-05 0.0093636 0.00099079 0.00053842 2.4753e-05 0.01 0.0051154
0.92178 6.079e-05 0.0005151 5.9199e-05 0.01 9.3461e-05 0.0093635 0.00099175 0.00053706 2.4985e-05 0.01 0.0051148
0.92211 5.9602e-05 0.00051372 5.9017e-05 0.01 9.3664e-05 0.0093635 0.0009927 0.0005357 2.5212e-05 0.01 0.0051141
0.92249 5.8437e-05 0.00051235 5.8838e-05 0.01 9.3878e-05 0.0093634 0.00099363 0.00053434 2.5441e-05 0.01 0.0051134
0.92286 5.7263e-05 0.00051097 5.8649e-05 0.01 9.4083e-05 0.0093633 0.00099454 0.00053297 2.5666e-05 0.01 0.0051128
0.92327 5.6111e-05 0.00050961 5.8463e-05 0.01 9.4299e-05 0.0093632 0.00099549 0.00053161 2.5892e-05 0.01 0.0051122
0.92368 5.4951e-05 0.00050824 5.8268e-05 0.01 9.4506e-05 0.0093631 0.00099643 0.00053025 2.6115e-05 0.01 0.0051115
0.92408 5.3782e-05 0.00050686 5.8064e-05 0.01 9.4703e-05 0.0093631 0.00099736 0.00052888 2.6333e-05 0.01 0.0051109
0.92447 5.2603e-05 0.00050548 5.785e-05 0.01 9.4889e-05 0.009363 0.00099826 0.00052751 2.6547e-05 0.01 0.0051102
0.92486 5.1416e-05 0.0005041 5.7628e-05 0.01 9.5066e-05 0.0093629 0.00099916 0.00052613 2.6756e-05 0.01 0.0051096
0.92529 5.025e-05 0.00050272 5.7407e-05 0.01 9.5254e-05 0.0093628 0.0010001 0.00052476 2.6968e-05 0.01 0.0051089
0.92571 4.9075e-05 0.00050134 5.7178e-05 0.01 9.5432e-05 0.0093628 0.001001 0.00052339 2.7175e-05 0.01 0.0051083
0.92618 4.7924e-05 0.00049997 5.6952e-05 0.01 9.5623e-05 0.0093627 0.001002 0.00052203 2.7377e-05 0.01 0.0051077
0.92665 4.6762e-05 0.0004986 5.6716e-05 0.01 9.5804e-05 0.0093626 0.0010029 0.00052066 2.7574e-05 0.01 0.0051071
0.9271 4.5591e-05 0.00049722 5.6471e-05 0.01 9.5974e-05 0.0093625 0.0010038 0.00051929 2.7767e-05 0.01 0.0051065
0.9276 4.4444e-05 0.00049585 5.6229e-05 0.01 9.6157e-05 0.0093625 0.0010048 0.00051793 2.7963e-05 0.01 0.0051059
0.9281 4.3286e-05 0.00049448 5.5978e-05 0.01 9.633e-05 0.0093624 0.0010058 0.00051656 2.8153e-05 0.01 0.0051053
0.92864 4.2152e-05 0.00049311 5.573e-05 0.01 9.6517e-05 0.0093623 0.0010068 0.0005152 2.8346e-05 0.01 0.0051047
0.92918 4.1008e-05 0.00049175 5.5472e-05 0.01 9.6692e-05 0.0093623 0.0010077 0.00051384 2.8535e-05 0.01 0.0051041
0.92977 3.989e-05 0.00049039 5.5219e-05 0.01 9.6884e-05 0.0093622 0.0010087 0.00051248 2.8726e-05 0.01 0.0051036
0.93042 3.88e-05 0.00048905 5.4972e-05 0.01 9.7094e-05 0.0093621 0.0010097 0.00051112 2.8921e-05 0.01 0.0051031
0.93106 3.7696e-05 0.0004877 5.4713e-05 0.01 9.729e-05 0.0093621 0.0010107 0.00050976 2.9119e-05 0.01 0.0051026
0.93168 3.6579e-05 0.00048635 5.4444e-05 0.01 9.7473e-05 0.009362 0.0010116 0.00050839 2.9313e-05 0.01 0.0051021
0.93236 3.5491e-05 0.00048501 5.418e-05 0.01 9.7675e-05 0.009362 0.0010127 0.00050704 2.951e-05 0.01 0.0051016
0.93311 3.4432e-05 0.00048368 5.3923e-05 0.01 9.7897e-05 0.0093619 0.0010137 0.00050568 2.9711e-05 0.01 0.0051012
0.93385 3.3359e-05 0.00048235 5.3655e-05 0.01 9.8105e-05 0.0093618 0.0010146 0.00050431 2.9906e-05 0.01 0.0051008
0.93465 3.2315e-05 0.00048103 5.3393e-05 0.01 9.8333e-05 0.0093618 0.0010156 0.00050296 3.0106e-05 0.01 0.0051004
0.93543 3.1256e-05 0.00047971 5.312e-05 0.01 9.8546e-05 0.0093617 0.0010166 0.00050159 3.03e-05 0.01 0.0051
0.93628 3.0227e-05 0.0004784 5.2853e-05 0.01 9.8781e-05 0.0093617 0.0010176 0.00050022 3.0499e-05 0.01 0.0050997
0.9372 2.9227e-05 0.0004771 5.2594e-05 0.01 9.9039e-05 0.0093616 0.0010187 0.00049887 3.0702e-05 0.01 0.0050994
0.93809 2.8205e-05 0.0004758 5.2323e-05 0.01 9.9281e-05 0.0093616 0.0010197 0.00049751 3.0899e-05 0.01 0.0050991
0.93896 2.7168e-05 0.00047449 5.204e-05 0.01 9.9506e-05 0.0093615 0.0010206 0.00049614 3.109e-05 0.01 0.0050989
0.9399 2.6162e-05 0.0004732 5.1765e-05 0.01 9.9756e-05 0.0093615 0.0010217 0.00049478 3.1287e-05 0.01 0.0050987
0.94082 2.514e-05 0.0004719 5.1477e-05 0.01 9.9989e-05 0.0093614 0.0010227 0.00049342 3.1477e-05 0.01 0.0050984
0.94172 2.4102e-05 0.00047058 5.1177e-05 0.01 0.00010021 0.0093613 0.0010237 0.00049205 3.1662e-05 0.01 0.0050982
0.94259 2.3047e-05 0.00046926 5.0865e-05 0.01 0.00010041 0.0093613 0.0010246 0.00049067 3.184e-05 0.01 0.0050979
0.94354 2.2024e-05 0.00046793 5.0539e-05 0.01 0.00010071 0.0093612 0.0010257 0.0004893 3.2024e-05 0.01 0.0050977
0.94447 2.0985e-05 0.00046659 5.0202e-05 0.01 0.00010101 0.0093612 0.0010266 0.00048793 3.2202e-05 0.01 0.0050975
0.94547 1.9977e-05 0.00046526 4.9873e-05 0.01 0.00010132 0.0093611 0.0010277 0.00048657 3.2385e-05 0.01 0.0050973
0.94646 1.8953e-05 0.00046393 4.9531e-05 0.01 0.00010162 0.0093611 0.0010287 0.00048521 3.2562e-05 0.01 0.0050971
0.94751 1.7959e-05 0.00046261 4.9197e-05 0.01 0.00010195 0.0093611 0.0010298 0.00048386 3.2744e-05 0.01 0.005097
0.94855 1.6949e-05 0.00046128 4.8851e-05 0.01 0.00010226 0.009361 0.0010309 0.00048251 3.292e-05 0.01 0.0050968
0.94938 1.6968e-05 0.00045995 5.078e-05 0.01 0.00010255 0.009361 0.0010319 0.00048114 3.309e-05 0.01 0.0050966
0.9502 1.6979e-05 0.00045861 5.2695e-05 0.01 0.00010283 0.0093609 0.0010329 0.00047977 3.3255e-05 0.01 0.0050964
0.95107 1.6995e-05 0.00045728 5.4629e-05 0.01 0.00010312 0.0093609 0.001034 0.00047841 3.3423e-05 0.01 0.0050963
0.95194 1.7003e-05 0.00045594 5.6552e-05 0.01 0.0001034 0.0093608 0.001035 0.00047704 3.3586e-05 0.01 0.0050961
0.95286 1.7016e-05 0.00045461 5.8491e-05 0.01 0.0001037 0.0093608 0.0010361 0.00047569 3.3752e-05 0.01 0.0050959
0.95382 1.7032e-05 0.0004533 6.0447e-05 0.01 0.00010401 0.0093608 0.0010373 0.00047435 3.392e-05 0.01 0.0050958
0.95478 1.7041e-05 0.00045198 6.2392e-05 0.01 0.00010432 0.0093607 0.0010384 0.000473 3.4084e-05 0.01 0.0050957
0.95578 1.7054e-05 0.00045067 6.4354e-05 0.01 0.00010463 0.0093607 0.0010395 0.00047164 3.425e-05 0.01 0.0050957
0.95684 1.707e-05 0.00044937 6.6333e-05 0.01 0.00010496 0.0093607 0.0010406 0.0004703 3.4418e-05 0.01 0.0050956
0.95789 1.708e-05 0.00044806 6.8301e-05 0.01 0.00010528 0.0093607 0.0010417 0.00046895 3.4582e-05 0.01 0.0050956
0.95898 1.7093e-05 0.00044677 7.0286e-05 0.01 0.00010562 0.0093606 0.0010429 0.00046761 3.4749e-05 0.01 0.0050956
0.96013 1.7109e-05 0.00044548 7.2288e-05 0.01 0.00010596 0.0093606 0.0010441 0.00046628 3.4917e-05 0.01 0.0050956
0.96126 1.7119e-05 0.00044419 7.4278e-05 0.01 0.0001063 0.0093606 0.0010454 0.00046496 3.5081e-05 0.01 0.0050956
0.96245 1.7132e-05 0.00044291 7.6287e-05 0.01 0.00010665 0.0093606 0.0010467 0.00046365 3.5248e-05 0.01 0.0050957
0.96369 1.7149e-05 0.00044164 7.8315e-05 0.01 0.00010702 0.0093606 0.001048 0.00046235 3.5417e-05 0.01 0.0050957
0.96492 1.7159e-05 0.00044036 8.0331e-05 0.01 0.00010738 0.0093606 0.0010494 0.00046105 3.5589e-05 0.01 0.0050959
0.96614 1.7163e-05 0.00043908 8.2336e-05 0.01 0.00010772 0.0093606 0.0010507 0.00045974 3.5756e-05 0.01 0.005096
0.96742 1.717e-05 0.00043781 8.4359e-05 0.01 0.00010808 0.0093606 0.001052 0.00045845 3.5926e-05 0.01 0.0050961
0.96869 1.717e-05 0.00043654 8.6372e-05 0.01 0.00010843 0.0093606 0.0010534 0.00045714 3.6092e-05 0.01 0.0050963
0.96995 1.7164e-05 0.00043525 8.8374e-05 0.01 0.00010877 0.0093606 0.0010547 0.00045583 3.6253e-05 0.01 0.0050964
0.97126 1.7161e-05 0.00043398 9.0393e-05 0.01 0.00010913 0.0093607 0.0010561 0.00045454 3.6417e-05 0.01 0.0050966
0.97256 1.7151e-05 0.0004327 9.2401e-05 0.01 0.00010947 0.0093607 0.0010574 0.00045323 3.6576e-05 0.01 0.0050967
0.97392 1.7144e-05 0.00043144 9.4427e-05 0.01 0.00010982 0.0093607 0.0010588 0.00045194 3.6737e-05 0.01 0.0050969
0.97532 1.7141e-05 0.00043018 9.647e-05 0.01 0.00011019 0.0093607 0.0010602 0.00045065 3.6901e-05 0.01 0.0050972
0.97676 1.7141e-05 0.00042891 9.8503e-05 0.01 0.00011055 0.0093607 0.0010617 0.00044936 3.706e-05 0.01 0.0050974
0.97821 1.7134e-05 0.00042764 0.00010053 0.01 0.0001109 0.0093607 0.0010631 0.00044807 3.7216e-05 0.01 0.0050977
0.97965 1.7121e-05 0.00042637 0.00010254 0.01 0.00011124 0.0093608 0.0010645 0.00044677 3.7366e-05 0.01 0.0050979
0.98108 1.7101e-05 0.00042511 0.00010457 0.01 0.0001116 0.0093608 0.0010658 0.00044546 3.7513e-05 0.01 0.0050982
0.98251 1.7074e-05 0.00042384 0.00010659 0.01 0.00011195 0.0093608 0.0010672 0.00044415 3.7655e-05 0.01 0.0050985
0.98399 1.705e-05 0.00042257 0.00010863 0.01 0.00011231 0.0093608 0.0010686 0.00044285 3.78e-05 0.01 0.0050988
0.98551 1.703e-05 0.00042132 0.00011068 0.01 0.00011269 0.0093608 0.00107 0.00044156 3.7947e-05 0.01 0.0050991
0.98703 1.7003e-05 0.00042007 0.00011273 0.01 0.00011305 0.0093608 0.0010714 0.00044026 3.8089e-05 0.01 0.0050994
0.98855 1.697e-05 0.0004188 0.00011476 0.01 0.0001134 0.0093609 0.0010729 0.00043896 3.8227e-05 0.01 0.0050997
0.99011 1.694e-05 0.00041755 0.00011682 0.01 0.00011377 0.0093609 0.0010743 0.00043765 3.8368e-05 0.01 0.0051001
0.99173 1.6913e-05 0.00041631 0.00011889 0.01 0.00011416 0.0093609 0.0010757 0.00043636 3.8511e-05 0.01 0.0051005
0.99339 1.6889e-05 0.00041507 0.00012098 0.01 0.00011456 0.009361 0.0010772 0.00043507 3.8656e-05 0.01 0.0051009
0.99505 1.6859e-05 0.00041384 0.00012306 0.01 0.00011495 0.009361 0.0010786 0.00043378 3.8797e-05 0.01 0.0051013
0.99526 1.6837e-05 0.00041259 0.00012513 0.01 0.00011532 0.009361 0.0010802 0.00043249 3.8934e-05 0.01 0.0051018
0.9955 1.6819e-05 0.00041136 0.00012722 0.01 0.00011572 0.0093611 0.0010817 0.00043122 3.9073e-05 0.01 0.0051022
0.99575 1.6794e-05 0.00041011 0.0001293 0.01 0.0001161 0.0093611 0.0010833 0.00042994 3.9208e-05 0.01 0.0051027
0.99603 1.6772e-05 0.00040888 0.0001314 0.01 0.00011649 0.0093612 0.0010848 0.00042867 3.9345e-05 0.01 0.0051032
0.99634 1.6753e-05 0.00040766 0.00013352 0.01 0.00011691 0.0093612 0.0010865 0.00042741 3.9484e-05 0.01 0.0051038
0.99667 1.6727e-05 0.00040643 0.00013563 0.01 0.00011731 0.0093613 0.0010881 0.00042615 3.9619e-05 0.01 0.0051043
0.99703 1.6705e-05 0.00040521 0.00013776 0.01 0.00011772 0.0093613 0.0010897 0.00042489 3.9757e-05 0.01 0.0051049
0.99741 1.6686e-05 0.000404 0.0001399 0.01 0.00011815 0.0093614 0.0010914 0.00042364 3.9897e-05 0.01 0.0051055
0.99721 1.6671e-05 0.00040279 0.00014204 0.01 0.00011858 0.0093615 0.0010932 0.0004224 4.0032e-05 0.01 0.0051061
0.99702 1.665e-05 0.00040157 0.00014417 0.01 0.00011899 0.0093615 0.0010949 0.00042116 4.0164e-05 0.01 0.0051068
0.99686 1.6622e-05 0.00040034 0.00014628 0.01 0.00011939 0.0093616 0.0010966 0.00041991 4.0291e-05 0.01 0.0051074
0.99671 1.6598e-05 0.00039912 0.00014842 0.01 0.0001198 0.0093617 0.0010984 0.00041868 4.042e-05 0.01 0.005108
0.99659 1.6567e-05 0.0003979 0.00015054 0.01 0.0001202 0.0093618 0.0011001 0.00041743 4.0546e-05 0.01 0.0051087
0.99649 1.6539e-05 0.00039669 0.00015269 0.01 0.00012062 0.0093618 0.0011019 0.0004162 4.0673e-05 0.01 0.0051094
0.99641 1.6504e-05 0.00039547 0.00015483 0.01 0.00012103 0.0093619 0.0011037 0.00041496 4.0797e-05 0.01 0.00511
0.99635 1.6473e-05 0.00039426 0.00015698 0.01 0.00012146 0.009362 0.0011055 0.00041373 4.0923e-05 0.01 0.0051107
0.99631 1.6435e-05 0.00039305 0.00015913 0.01 0.00012187 0.0093621 0.0011073 0.00041249 4.1044e-05 0.01 0.0051114
0.9963 1.64e-05 0.00039184 0.0001613 0.01 0.0001223 0.0093622 0.0011091 0.00041125 4.1168e-05 0.01 0.0051122
0.9963 1.6358e-05 0.00039063 0.00016345 0.01 0.00012272 0.0093622 0.0011109 0.00041 4.1288e-05 0.01 0.0051129
0.99632 1.6311e-05 0.00038941 0.0001656 0.01 0.00012313 0.0093623 0.0011126 0.00040875 4.1404e-05 0.01 0.0051136
0.99637 1.6265e-05 0.0003882 0.00016776 0.01 0.00012356 0.0093624 0.0011144 0.00040751 4.1522e-05 0.01 0.0051143
0.99643 1.6214e-05 0.00038699 0.00016992 0.01 0.00012397 0.0093625 0.0011162 0.00040626 4.1635e-05 0.01 0.0051151
0.9965 1.6155e-05 0.00038577 0.00017206 0.01 0.00012437 0.0093626 0.001118 0.00040501 4.1745e-05 0.01 0.0051158
0.9966 1.6091e-05 0.00038456 0.00017423 0.01 0.00012479 0.0093626 0.0011197 0.00040375 4.1856e-05 0.01 0.0051165
0.99672 1.6029e-05 0.00038336 0.00017642 0.01 0.00012522 0.0093627 0.0011215 0.0004025 4.197e-05 0.01 0.0051173
0.99612 1.5972e-05 0.00038217 0.00017863 0.01 0.00012567 0.0093628 0.0011233 0.00040125 4.2087e-05 0.01 0.005118
0.99553 1.5908e-05 0.00038097 0.00018083 0.01 0.00012611 0.0093629 0.0011251 0.00039999 4.2199e-05 0.01 0.0051188
0.99498 1.5847e-05 0.00037978 0.00018305 0.01 0.00012657 0.009363 0.0011268 0.00039873 4.2314e-05 0.01 0.0051196
0.99444 1.578e-05 0.00037859 0.00018526 0.01 0.00012701 0.009363 0.0011286 0.00039746 4.2425e-05 0.01 0.0051204
0.99393 1.5715e-05 0.0003774 0.00018749 0.01 0.00012747 0.0093631 0.0011303 0.0003962 4.2538e-05 0.01 0.0051213
0.99343 1.5644e-05 0.00037621 0.00018971 0.01 0.00012792 0.0093632 0.0011321 0.00039493 4.2647e-05 0.01 0.0051221
0.99297 1.5576e-05 0.00037503 0.00019195 0.01 0.00012839 0.0093633 0.0011339 0.00039367 4.2758e-05 0.01 0.0051229
0.99251 1.5502e-05 0.00037384 0.00019419 0.01 0.00012884 0.0093634 0.0011357 0.00039241 4.2865e-05 0.01 0.0051238
0.99206 1.542e-05 0.00037264 0.00019641 0.01 0.00012929 0.0093635 0.0011375 0.00039114 4.2967e-05 0.01 0.0051246
0.99163 1.5332e-05 0.00037145 0.00019862 0.01 0.00012972 0.0093636 0.0011392 0.00038987 4.3066e-05 0.01 0.0051254
0.9912 1.5238e-05 0.00037024 0.00020082 0.01 0.00013014 0.0093636 0.001141 0.00038859 4.316e-05 0.01 0.0051263
0.99065 1.6208e-05 0.00036903 0.00020301 0.01 0.00013056 0.0093637 0.0011427 0.00038731 4.3249e-05 0.01 0.0051271
0.99013 1.7195e-05 0.00036783 0.00020522 0.01 0.00013098 0.0093638 0.0011445 0.00038603 4.3342e-05 0.01 0.005128
0.98964 1.8199e-05 0.00036664 0.00020745 0.01 0.00013143 0.0093639 0.0011463 0.00038477 4.3437e-05 0.01 0.0051289
0.98916 1.9193e-05 0.00036544 0.00020968 0.01 0.00013186 0.009364 0.0011481 0.0003835 4.3527e-05 0.01 0.0051298
0.98872 2.0206e-05 0.00036425 0.00021193 0.01 0.00013232 0.0093641 0.0011499 0.00038224 4.3621e-05 0.01 0.0051308
0.98828 2.1209e-05 0.00036306 0.00021417 0.01 0.00013276 0.0093642 0.0011518 0.00038097 4.371e-05 0.01 0.0051317
0.98788 2.223e-05 0.00036187 0.00021643 0.01 0.00013321 0.0093643 0.0011537 0.00037971 4.3802e-05 0.01 0.0051327
0.98751 2.3268e-05 0.00036069 0.00021871 0.01 0.00013369 0.0093644 0.0011556 0.00037846 4.3896e-05 0.01 0.0051337
0.98718 2.4323e-05 0.00035952 0.00022102 0.01 0.00013418 0.0093645 0.0011576 0.00037722 4.3993e-05 0.01 0.0051348
0.98686 2.537e-05 0.00035835 0.00022332 0.01 0.00013466 0.0093646 0.0011595 0.00037597 4.4085e-05 0.01 0.0051358
0.98656 2.6435e-05 0.00035718 0.00022564 0.01 0.00013516 0.0093647 0.0011615 0.00037474 4.418e-05 0.01 0.0051369
0.98628 2.7492e-05 0.00035601 0.00022795 0.01 0.00013564 0.0093649 0.0011635 0.00037349 4.4271e-05 0.01 0.0051379
0.98603 2.8567e-05 0.00035485 0.00023029 0.01 0.00013614 0.009365 0.0011655 0.00037226 4.4364e-05 0.01 0.005139
0.98579 2.9633e-05 0.00035368 0.00023261 0.01 0.00013664 0.0093651 0.0011676 0.00037103 4.4453e-05 0.01 0.0051401
0.98556 3.069e-05 0.0003525 0.00023493 0.01 0.00013712 0.0093652 0.0011697 0.0003698 4.4538e-05 0.01 0.0051412
0.98537 3.1766e-05 0.00035134 0.00023727 0.01 0.00013762 0.0093654 0.0011718 0.00036858 4.4625e-05 0.01 0.0051423
0.98518 3.2834e-05 0.00035016 0.00023959 0.01 0.0001381 0.0093655 0.0011739 0.00036735 4.4709e-05 0.01 0.0051434
0.98502 3.392e-05 0.000349 0.00024195 0.01 0.00013861 0.0093656 0.0011761 0.00036613 4.4794e-05 0.01 0.0051445
0.9849 3.5027e-05 0.00034785 0.00024432 0.01 0.00013913 0.0093658 0.0011782 0.00036492 4.4883e-05 0.01 0.0051457
0.98479 3.6124e-05 0.00034668 0.00024669 0.01 0.00013964 0.0093659 0.0011804 0.0003637 4.4967e-05 0.01 0.0051469
0.98469 3.7212e-05 0.00034552 0.00024905 0.01 0.00014014 0.0093661 0.0011826 0.00036248 4.5054e-05 0.01 0.005148
0.98462 3.8321e-05 0.00034436 0.00025143 0.01 0.00014066 0.0093662 0.0011848 0.00036127 4.5143e-05 0.01 0.0051492
0.98456 3.942e-05 0.0003432 0.0002538 0.01 0.00014117 0.0093664 0.001187 0.00036005 4.5228e-05 0.01 0.0051504
0.98453 4.0539e-05 0.00034204 0.00025619 0.01 0.00014169 0.0093665 0.0011892 0.00035882 4.5316e-05 0.01 0.0051516
0.98451 4.1649e-05 0.00034088 0.00025858 0.01 0.00014221 0.0093667 0.0011913 0.0003576 4.54e-05 0.01 0.0051528
0.98453 4.278e-05 0.00033973 0.00026099 0.01 0.00014274 0.0093668 0.0011935 0.00035637 4.5486e-05 0.01 0.005154
0.98271 4.3939e-05 0.00033858 0.00026343 0.01 0.00014329 0.009367 0.0011958 0.00035516 4.5575e-05 0.01 0.0051553
0.98088 4.5088e-05 0.00033743 0.00026585 0.01 0.00014383 0.0093671 0.001198 0.00035394 4.566e-05 0.01 0.0051566
0.97904 4.6228e-05 0.00033628 0.00026827 0.01 0.00014435 0.0093673 0.0012002 0.00035272 4.574e-05 0.01 0.0051578
0.97719 4.7359e-05 0.00033512 0.00027067 0.01 0.00014487 0.0093674 0.0012024 0.00035149 4.5817e-05 0.01 0.0051591
0.97533 4.8482e-05 0.00033395 0.00027306 0.01 0.00014538 0.0093676 0.0012046 0.00035026 4.5888e-05 0.01 0.0051603
0.97347 4.9595e-05 0.00033278 0.00027545 0.01 0.00014587 0.0093677 0.0012068 0.00034902 4.5956e-05 0.01 0.0051615
0.97159 5.07e-05 0.0003316 0.00027782 0.01 0.00014636 0.0093679 0.001209 0.00034778 4.602e-05 0.01 0.0051627
0.96976 5.1825e-05 0.00033044 0.00028022 0.01 0.00014686 0.009368 0.0012112 0.00034654 4.6086e-05 0.01 0.005164
0.96799 5.2973e-05 0.00032927 0.00028264 0.01 0.00014738 0.0093682 0.0012134 0.00034532 4.6154e-05 0.01 0.0051652
0.96628 5.4142e-05 0.00032812 0.00028509 0.01 0.00014792 0.0093683 0.0012157 0.0003441 4.6226e-05 0.01 0.0051666
0.96461 5.5333e-05 0.00032698 0.00028757 0.01 0.00014848 0.0093685 0.0012181 0.00034289 4.63e-05 0.01 0.0051679
0.96299 5.6546e-05 0.00032584 0.00029007 0.01 0.00014905 0.0093687 0.0012205 0.00034168 4.6376e-05 0.01 0.0051693
0.96137 5.775e-05 0.00032469 0.00029256 0.01 0.00014961 0.0093689 0.0012229 0.00034047 4.6448e-05 0.01 0.0051707
0.95979 5.8976e-05 0.00032356 0.00029508 0.01 0.00015019 0.009369 0.0012253 0.00033927 4.6523e-05 0.01 0.0051721
0.95821 6.0194e-05 0.00032242 0.00029759 0.01 0.00015076 0.0093692 0.0012277 0.00033806 4.6593e-05 0.01 0.0051735
0.95661 6.1402e-05 0.00032127 0.00030009 0.01 0.00015132 0.0093694 0.0012301 0.00033685 4.6659e-05 0.01 0.0051749
0.95507 6.2634e-05 0.00032013 0.00030261 0.01 0.0001519 0.0093696 0.0012326 0.00033565 4.6728e-05 0.01 0.0051763
0.95351 6.3857e-05 0.00031898 0.00030513 0.01 0.00015247 0.0093698 0.001235 0.00033444 4.6793e-05 0.01 0.0051777
0.95195 6.5071e-05 0.00031784 0.00030763 0.01 0.00015302 0.0093699 0.0012374 0.00033323 4.6853e-05 0.01 0.0051791
0.95044 6.6308e-05 0.00031669 0.00031016 0.01 0.0001536 0.0093701 0.0012399 0.00033202 4.6916e-05 0.01 0.0051806
0.94898 6.7569e-05 0.00031556 0.00031272 0.01 0.00015419 0.0093703 0.0012424 0.00033082 4.6981e-05 0.01 0.005182
0.9475 6.882e-05 0.00031442 0.00031527 0.01 0.00015477 0.0093705 0.0012449 0.00032962 4.7043e-05 0.01 0.0051835
0.94602 7.0063e-05 0.00031327 0.0003178 0.01 0.00015534 0.0093707 0.0012474 0.00032841 4.71e-05 0.01 0.0051849
0.94459 7.133e-05 0.00031213 0.00032037 0.01 0.00015593 0.0093709 0.0012499 0.00032721 4.7159e-05 0.01 0.0051864
0.94321 7.2622e-05 0.000311 0.00032296 0.01 0.00015654 0.0093711 0.0012524 0.000326 4.7222e-05 0.01 0.005188
0.94182 7.3905e-05 0.00030987 0.00032554 0.01 0.00015714 0.0093713 0.0012549 0.00032479 4.728e-05 0.01 0.0051895
0.94048 7.5213e-05 0.00030874 0.00032816 0.01 0.00015775 0.0093715 0.0012575 0.00032358 4.734e-05 0.01 0.005191
0.93912 7.6512e-05 0.0003076 0.00033076 0.01 0.00015836 0.0093717 0.0012601 0.00032239 4.7397e-05 0.01 0.0051926
0.93776 7.7801e-05 0.00030646 0.00033334 0.01 0.00015895 0.0093719 0.0012627 0.00032119 4.7449e-05 0.01 0.0051941
0.93645 7.9116e-05 0.00030533 0.00033596 0.01 0.00015956 0.0093721 0.0012653 0.00031999 4.7504e-05 0.01 0.0051957
0.93512 8.0421e-05 0.00030419 0.00033857 0.01 0.00016017 0.0093723 0.0012679 0.00031879 4.7554e-05 0.01 0.0051972
0.93379 8.1717e-05 0.00030305 0.00034116 0.01 0.00016076 0.0093725 0.0012705 0.00031759 4.7601e-05 0.01 0.0051988
0.93251 8.3039e-05 0.00030191 0.00034379 0.01 0.00016137 0.0093727 0.0012732 0.00031639 4.765e-05 0.01 0.0052003
0.93121 8.4352e-05 0.00030077 0.0003464 0.01 0.00016197 0.0093729 0.0012758 0.00031519 4.7695e-05 0.01 0.0052019
0.92997 8.5692e-05 0.00029964 0.00034904 0.01 0.00016259 0.0093732 0.0012785 0.00031399 4.7742e-05 0.01 0.0052035
0.92877 8.7059e-05 0.00029851 0.00035172 0.01 0.00016323 0.0093734 0.0012813 0.00031281 4.7792e-05 0.01 0.0052051
0.92757 8.8417e-05 0.00029738 0.00035438 0.01 0.00016386 0.0093736 0.001284 0.00031161 4.7838e-05 0.01 0.0052068
0.92642 8.9802e-05 0.00029626 0.00035708 0.01 0.0001645 0.0093738 0.0012868 0.00031043 4.7887e-05 0.01 0.0052084
0.92531 9.1216e-05 0.00029514 0.0003598 0.01 0.00016517 0.0093741 0.0012896 0.00030925 4.7938e-05 0.01 0.0052101
0.92426 9.2658e-05 0.00029403 0.00036255 0.01 0.00016586 0.0093743 0.0012925 0.00030808 4.7992e-05 0.01 0.0052119
0.92319 9.409e-05 0.00029291 0.0003653 0.01 0.00016653 0.0093745 0.0012954 0.0003069 4.8042e-05 0.01 0.0052136
0.92218 9.555e-05 0.0002918 0.00036807 0.01 0.00016723 0.0093748 0.0012983 0.00030573 4.8095e-05 0.01 0.0052154
0.92115 9.7001e-05 0.00029069 0.00037083 0.01 0.00016791 0.009375 0.0013012 0.00030456 4.8143e-05 0.01 0.0052171
0.92011 9.8442e-05 0.00028957 0.00037359 0.01 0.00016859 0.0093753 0.0013041 0.00030338 4.8187e-05 0.01 0.0052189
0.91912 9.9913e-05 0.00028846 0.00037637 0.01 0.00016928 0.0093755 0.001307 0.00030221 4.8233e-05 0.01 0.0052206
0.91812 0.00010137 0.00028734 0.00037914 0.01 0.00016997 0.0093758 0.00131 0.00030103 4.8276e-05 0.01 0.0052224
0.91717 0.00010286 0.00028623 0.00038194 0.01 0.00017067 0.009376 0.0013129 0.00029986 4.8321e-05 0.01 0.0052242
0.91627 0.00010439 0.00028512 0.00038478 0.01 0.00017139 0.0093763 0.001316 0.0002987 4.8369e-05 0.01 0.0052261
0.91535 0.0001059 0.00028401 0.0003876 0.01 0.00017211 0.0093765 0.001319 0.00029753 4.8412e-05 0.01 0.0052279
0.91443 0.0001074 0.0002829 0.00039042 0.01 0.00017281 0.0093768 0.001322 0.00029636 4.8451e-05 0.01 0.0052297
0.91355 0.00010893 0.00028179 0.00039326 0.01 0.00017353 0.0093771 0.0013251 0.00029519 4.8493e-05 0.01 0.0052316
0.91273 0.0001105 0.00028069 0.00039614 0.01 0.00017427 0.0093773 0.0013282 0.00029403 4.8538e-05 0.01 0.0052334
0.91189 0.00011205 0.00027958 0.00039901 0.01 0.00017501 0.0093776 0.0013313 0.00029287 4.8579e-05 0.01 0.0052353
0.91104 0.00011359 0.00027847 0.00040186 0.01 0.00017573 0.0093778 0.0013343 0.0002917 4.8615e-05 0.01 0.0052372
0.91018 0.00011513 0.00027737 0.00040475 0.01 0.00017647 0.0093781 0.0013375 0.00029054 4.8654e-05 0.01 0.0052391
0.9093 0.00011664 0.00027626 0.00040763 0.01 0.0001772 0.0093784 0.0013406 0.00028937 4.8689e-05 0.01 0.0052409
0.90847 0.0001182 0.00027516 0.00041054 0.01 0.00017796 0.0093787 0.0013438 0.00028821 4.8727e-05 0.01 0.0052428
0.90763 0.00011974 0.00027405 0.00041345 0.01 0.0001787 0.0093789 0.0013469 0.00028705 4.8761e-05 0.01 0.0052446
0.90678 0.00012127 0.00027293 0.00041633 0.01 0.00017943 0.0093792 0.0013501 0.00028588 4.879e-05 0.01 0.0052465
0.90597 0.00012284 0.00027183 0.00041926 0.01 0.00018019 0.0093795 0.0013533 0.00028472 4.8822e-05 0.01 0.0052484
0.90516 0.00012439 0.00027071 0.00042217 0.01 0.00018093 0.0093798 0.0013564 0.00028355 4.885e-05 0.01 0.0052503
0.90439 0.00012598 0.00026961 0.00042511 0.01 0.00018169 0.00938 0.0013597 0.00028239 4.8881e-05 0.01 0.0052522
0.90368 0.0001276 0.00026851 0.0004281 0.01 0.00018248 0.0093803 0.001363 0.00028123 4.8915e-05 0.01 0.0052542
0.90302 0.00012926 0.00026742 0.00043112 0.01 0.00018329 0.0093806 0.0013663 0.00028009 4.8952e-05 0.01 0.0052562
0.90235 0.00013091 0.00026632 0.00043413 0.01 0.00018409 0.0093809 0.0013697 0.00027894 4.8984e-05 0.01 0.0052582
0.90166 0.00013255 0.00026522 0.00043712 0.01 0.00018488 0.0093812 0.001373 0.00027778 4.9013e-05 0.01 0.0052601
0.90096 0.00013417 0.00026412 0.0004401 0.01 0.00018566 0.0093815 0.0013763 0.00027662 4.9036e-05 0.01 0.0052621
0.90032 0.00013584 0.000263 0.00044307 0.01 0.00018642 0.0093818 0.0013796 0.00027545 4.9055e-05 0.01 0.0052641
0.89974 0.00013755 0.0002619 0.00044608 0.01 0.0001872 0.0093821 0.0013829 0.00027429 4.9077e-05 0.01 0.0052661
0.89913 0.00013925 0.00026078 0.00044907 0.01 0.00018798 0.0093824 0.0013863 0.00027312 4.9095e-05 0.01 0.005268
0.89859 0.00014099 0.00025968 0.0004521 0.01 0.00018878 0.0093827 0.0013896 0.00027197 4.9116e-05 0.01 0.0052701
0.89809 0.00014276 0.00025858 0.00045517 0.01 0.0001896 0.009383 0.0013931 0.00027081 4.9141e-05 0.01 0.0052721
0.89758 0.00014453 0.00025748 0.00045823 0.01 0.00019042 0.0093833 0.0013965 0.00026966 4.9161e-05 0.01 0.0052742
0.89713 0.00014633 0.00025639 0.00046132 0.01 0.00019125 0.0093836 0.0014 0.00026851 4.9184e-05 0.01 0.0052763
0.89673 0.00014818 0.0002553 0.00046446 0.01 0.00019212 0.0093839 0.0014036 0.00026737 4.9211e-05 0.01 0.0052784
0.89631 0.00015001 0.0002542 0.00046758 0.01 0.00019297 0.0093843 0.0014071 0.00026622 4.9232e-05 0.01 0.0052805
0.89587 0.00015183 0.0002531 0.00047069 0.01 0.0001938 0.0093846 0.0014106 0.00026507 4.9249e-05 0.01 0.0052826
0.89541 0.00015363 0.00025199 0.00047377 0.01 0.0002037 0.0093849 0.0014141 0.00026391 4.926e-05 0.01 0.0052847
0.89492 0.0001554 0.00025088 0.00047684 0.01 0.00021353 0.0093852 0.0014177 0.00026276 4.9266e-05 0.01 0.0052867
0.89451 0.00015723 0.00024977 0.00047995 0.01 0.00022359 0.0093855 0.0014212 0.0002616 4.9277e-05 0.01 0.0052889
0.89407 0.00015904 0.00024866 0.00048305 0.01 0.00023358 0.0093858 0.0014248 0.00026043 4.9282e-05 0.01 0.005291
0.89371 0.00016092 0.00024754 0.00048612 0.01 0.0002435 0.0093862 0.0014284 0.00025928 4.9281e-05 0.01 0.0052931
0.89332 0.00016277 0.00024643 0.00048925 0.01 0.00025365 0.0093865 0.0014319 0.00025812 4.9286e-05 0.01 0.0052952
0.8929 0.00016459 0.00024531 0.00049235 0.01 0.00026373 0.0093868 0.0014354 0.00025695 4.9285e-05 0.01 0.0052973
0.89245 0.0001664 0.00024419 0.00049544 0.01 0.00027374 0.0093871 0.0014389 0.00025577 4.9278e-05 0.01 0.0052994
0.89197 0.00016817 0.00024305 0.00049849 0.01 0.00028367 0.0093874 0.0014424 0.00025459 4.9265e-05 0.01 0.0053015
0.89158 0.00017001 0.00024193 0.00050161 0.01 0.00029385 0.0093877 0.0014459 0.00025341 4.9258e-05 0.01 0.0053036
0.89115 0.00017183 0.0002408 0.0005047 0.01 0.00030395 0.009388 0.0014495 0.00025223 4.9244e-05 0.01 0.0053057
0.8908 0.00017371 0.00023968 0.00050785 0.01 0.00031431 0.0093884 0.0014531 0.00025106 4.9238e-05 0.01 0.0053079
0.89054 0.00017566 0.00023858 0.00051107 0.01 0.00032494 0.0093887 0.0014568 0.00024991 4.9238e-05 0.01 0.0053101
0.89024 0.00017759 0.00023746 0.00051427 0.01 0.00033548 0.009389 0.0014605 0.00024874 5.0886e-05 0.01 0.0053123
0.89003 0.00017958 0.00023634 0.00051746 0.01 0.00034602 0.0093894 0.0014641 0.00024757 5.2532e-05 0.01 0.0053146
0.88979 0.00018155 0.00023522 0.00052064 0.01 0.00035656 0.0093897 0.0014677 0.00024639 5.4176e-05 0.01 0.0053168
0.88866 0.00018929 0.0002307 0.00053334 0.01 0.00039877 0.009391 0.0014825 0.00024172 6.0733e-05 0.01 0.0053256
0.88846 0.00019129 0.000233 0.00053649 0.01 0.00040924 0.0093914 0.0014861 0.00024056 6.2358e-05 0.01 0.0053279
0.88834 0.00019337 0.00023531 0.00053969 0.01 0.00041999 0.0093918 0.0014899 0.00023941 6.4009e-05 0.01 0.0053302
0.88819 0.00019542 0.00023762 0.00054287 0.01 0.00043064 0.0093921 0.0014937 0.00023827 6.5649e-05 0.01 0.0053326
0.88801 0.00019744 0.00023991 0.00054603 0.01 0.00044121 0.0093925 0.0014976 0.00023713 6.7277e-05 0.01 0.005335
0.88791 0.00019953 0.00024222 0.00054925 0.01 0.00045205 0.0093929 0.0015013 0.00023598 6.8932e-05 0.01 0.0053374
