Antrostomus_carolinensis Apaloderma_vittatum Athene_cunicularia Buceros_rhinoceros Calypte_anna Chaetura_pelagica Colius_striatus Corythaeola_cristata Cuculus_canorus
1.7338e-05 5.8454e-05 5.6106e-05 0.00033024 4.544e-05 6.0983e-05 1.0194e-05 0.00015242 4.0553e-06
1.6606e-05 5.7704e-05 5.4431e-05 0.00032005 4.4175e-05 5.7874e-05 9.4345e-06 0.00014892 3.7369e-06
1.594e-05 5.7038e-05 5.2879e-05 0.00031121 4.3007e-05 5.518e-05 8.8422e-06 0.00014557 3.4722e-06
1.5258e-05 5.6352e-05 5.1297e-05 0.00030206 4.1816e-05 5.239e-05 8.2133e-06 0.00014218 3.1954e-06
1.4562e-05 5.5648e-05 4.9688e-05 0.00029263 4.0603e-05 4.9513e-05 7.5509e-06 0.00013875 2.912e-06
1.3852e-05 5.4926e-05 4.8051e-05 0.00028291 3.9368e-05 4.6548e-05 6.8535e-06 0.00013529 2.6175e-06
1.3206e-05 5.4287e-05 4.6537e-05 0.00027449 3.8231e-05 4.3983e-05 6.3116e-06 0.00013198 2.3732e-06
1.2545e-05 5.3628e-05 4.4993e-05 0.00026592 3.707e-05 4.1326e-05 5.7363e-06 0.00012863 2.1177e-06
1.187e-05 5.2952e-05 4.3423e-05 0.00025709 3.5888e-05 3.8588e-05 5.1303e-06 0.00012524 1.8521e-06
1.1255e-05 4.9356e-05 4.1967e-05 0.00024943 3.4797e-05 3.6211e-05 4.6566e-06 0.00012199 1.6307e-06
1.0693e-05 4.6107e-05 4.0618e-05 0.0002428 3.379e-05 3.415e-05 4.296e-06 0.00011888 1.4462e-06
1.012e-05 4.2794e-05 3.9245e-05 0.00023595 3.2764e-05 3.2022e-05 3.915e-06 0.00011573 1.2541e-06
9.5979e-06 3.98e-05 3.7973e-05 0.00023005 3.1818e-05 3.0178e-05 3.6187e-06 0.00011271 1.0939e-06
9.0643e-06 3.6747e-05 3.6678e-05 0.00022394 3.0854e-05 2.8273e-05 3.305e-06 0.00010966 9.2712e-07
8.5777e-06 3.3988e-05 3.5478e-05 0.00021869 2.9965e-05 2.6623e-05 3.0618e-06 0.00010674 7.8792e-07
8.135e-06 3.1502e-05 3.4369e-05 0.00021421 2.9146e-05 2.5199e-05 2.8758e-06 0.00010374 6.7232e-07
7.7325e-06 2.9262e-05 3.3344e-05 0.00021042 2.8395e-05 2.3975e-05 2.7358e-06 0.00010087 5.7631e-07
7.3197e-06 2.6968e-05 3.2298e-05 0.00020645 2.7625e-05 2.27e-05 2.5841e-06 9.7964e-05 4.7535e-07
6.9445e-06 2.4908e-05 3.1331e-05 0.00020312 2.6919e-05 2.1604e-05 2.4715e-06 9.5189e-05 3.9139e-07
6.6034e-06 2.3052e-05 3.0439e-05 0.00020037 2.6271e-05 2.0666e-05 2.3909e-06 9.2529e-05 3.2152e-07
6.2937e-06 2.1379e-05 2.9617e-05 0.00019813 2.5677e-05 1.9865e-05 2.3375e-06 8.998e-05 2.6336e-07
6.0126e-06 1.9871e-05 2.8859e-05 0.00019637 2.5133e-05 1.9187e-05 2.308e-06 8.7537e-05 2.1493e-07
5.7246e-06 1.8332e-05 2.8085e-05 0.0001945 2.4577e-05 1.8478e-05 2.2718e-06 8.5067e-05 1.6386e-07
5.4626e-06 1.6942e-05 2.7372e-05 0.00019307 2.4068e-05 1.7877e-05 2.2573e-06 8.2698e-05 1.2096e-07
5.1931e-06 1.5519e-05 2.6641e-05 0.00019151 2.3546e-05 1.7244e-05 2.2356e-06 8.0299e-05 7.5409e-08
4.9168e-06 1.4065e-05 2.5895e-05 0.00018984 2.3012e-05 1.6583e-05 2.2074e-06 7.7875e-05 7.6596e-08
4.6659e-06 1.2755e-05 2.5208e-05 0.00018861 2.2523e-05 1.6025e-05 2.2007e-06 7.5551e-05 7.9051e-08
4.4078e-06 1.1413e-05 2.4504e-05 0.00018725 2.2022e-05 1.5436e-05 2.1869e-06 7.3198e-05 8.0273e-08
4.1431e-06 1.0043e-05 2.3785e-05 0.00018578 2.1509e-05 1.482e-05 2.1667e-06 7.0819e-05 8.0327e-08
3.9025e-06 8.8071e-06 2.3123e-05 0.00018474 2.1041e-05 1.43e-05 2.1676e-06 6.8538e-05 8.1673e-08
3.6838e-06 7.6928e-06 2.2514e-05 0.00018409 2.0613e-05 1.3866e-05 2.1896e-06 6.6351e-05 8.4357e-08
3.4853e-06 6.6879e-06 2.1954e-05 0.00018383 2.0225e-05 1.351e-05 2.234e-06 6.4254e-05 8.8471e-08
3.3048e-06 5.7795e-06 2.144e-05 0.00018395 1.9871e-05 1.3222e-05 2.3029e-06 6.2241e-05 9.4103e-08
3.1185e-06 4.8485e-06 2.0912e-05 0.00018395 1.9507e-05 1.2911e-05 2.3636e-06 6.0203e-05 9.8428e-08
2.9263e-06 3.8944e-06 2.0369e-05 0.00018384 1.9132e-05 1.2576e-05 2.4162e-06 5.8138e-05 1.0145e-07
2.7287e-06 2.9198e-06 1.9814e-05 0.00018363 1.8747e-05 1.2218e-05 2.4617e-06 5.605e-05 1.0325e-07
2.5486e-06 2.0382e-06 1.9303e-05 0.0001838 1.8396e-05 1.1927e-05 2.5329e-06 5.4045e-05 1.0662e-07
2.3628e-06 1.9549e-06 1.8778e-05 0.00018385 1.8035e-05 1.1613e-05 2.5957e-06 5.2014e-05 1.0867e-07
2.1932e-06 1.8814e-06 1.8295e-05 0.00018427 1.7707e-05 1.1361e-05 2.6871e-06 5.0064e-05 1.1235e-07
2.0386e-06 1.8171e-06 1.7852e-05 0.00018508 1.741e-05 1.1166e-05 2.8127e-06 4.8191e-05 1.1778e-07
1.8976e-06 1.7612e-06 1.7446e-05 0.00018629 1.7142e-05 1.1025e-05 2.7533e-06 4.6393e-05 1.2515e-07
1.7691e-06 1.7132e-06 1.7075e-05 0.00018792 1.6903e-05 1.0934e-05 2.7195e-06 4.4666e-05 1.3468e-07
1.6364e-06 1.6616e-06 1.6693e-05 0.00018944 1.6655e-05 1.0825e-05 2.6785e-06 4.2917e-05 1.4285e-07
1.5155e-06 1.6177e-06 1.6346e-05 0.00019141 1.6434e-05 1.0766e-05 2.662e-06 4.124e-05 1.5348e-07
1.4052e-06 1.5807e-06 1.6029e-05 0.00019386 1.6239e-05 1.0755e-05 2.6684e-06 3.9628e-05 1.6688e-07
1.2907e-06 1.54e-06 1.5702e-05 0.00019617 1.6034e-05 1.0724e-05 2.6672e-06 3.7995e-05 1.7867e-07
1.1718e-06 1.4955e-06 1.5363e-05 0.00019834 1.5821e-05 1.0673e-05 2.6583e-06 3.6338e-05 1.8886e-07
1.0484e-06 1.4471e-06 1.5013e-05 0.00020036 1.5598e-05 1.0602e-05 2.6414e-06 3.4657e-05 1.9743e-07
9.366e-07 1.3545e-06 1.4697e-05 0.00019713 1.5406e-05 9.557e-06 2.6504e-06 3.305e-05 1.7512e-07
8.206e-07 1.2574e-06 1.4369e-05 0.00019374 1.5204e-05 8.4703e-06 2.6517e-06 3.142e-05 1.5091e-07
7.1463e-07 1.1707e-06 1.4073e-05 0.00019093 1.5028e-05 7.5304e-06 2.6773e-06 2.9857e-05 1.3096e-07
6.0569e-07 1.0793e-06 1.3765e-05 0.00018796 1.4842e-05 6.5483e-06 2.6945e-06 2.827e-05 1.0909e-07
5.0589e-07 9.9759e-07 1.3487e-05 0.00018553 1.4681e-05 5.6977e-06 2.737e-06 2.6747e-05 9.0917e-08
4.1436e-07 9.2461e-07 1.3237e-05 0.00018359 1.4543e-05 4.9613e-06 2.808e-06 2.5285e-05 7.581e-08
4.3442e-07 8.4756e-07 1.2976e-05 0.00018152 1.4397e-05 4.1918e-06 2.8697e-06 2.3802e-05 5.9133e-08
4.5728e-07 7.7913e-07 1.2745e-05 0.00017994 1.4275e-05 3.5304e-06 2.9659e-06 2.2383e-05 4.5269e-08
4.7718e-07 7.0598e-07 1.25e-05 0.00017819 1.4142e-05 2.8308e-06 3.0487e-06 2.0937e-05 2.9671e-08
4.9377e-07 7.4712e-07 1.2241e-05 0.00017624 1.4704e-05 2.031e-06 3.1164e-06 1.946e-05 1.2058e-08
5.0647e-07 7.8321e-07 1.1963e-05 0.00017403 1.5222e-05 1.9838e-06 3.1673e-06 1.9427e-05 1.0841e-08
5.1568e-07 8.1436e-07 1.1668e-05 0.00017156 1.5716e-05 1.9168e-06 3.2021e-06 1.9376e-05 8.6755e-09
5.1876e-07 8.4107e-07 1.1354e-05 0.00016885 1.6325e-05 1.8917e-06 3.2232e-06 1.9307e-05 1.5295e-08
5.1907e-07 8.641e-07 1.1026e-05 0.00016595 1.6916e-05 1.8522e-06 3.2338e-06 1.9225e-05 2.0711e-08
5.1682e-07 8.8384e-07 1.0688e-05 0.00016289 1.7492e-05 1.7994e-06 3.2356e-06 1.913e-05 2.5013e-08
5.1208e-07 9.0038e-07 1.0338e-05 0.00015967 1.8054e-05 1.7337e-06 3.229e-06 1.9023e-05 2.8233e-08
5.0486e-07 9.1379e-07 9.9768e-06 0.0001563 1.8602e-05 1.6553e-06 3.2142e-06 1.8904e-05 3.0381e-08
4.9517e-07 9.2407e-07 9.605e-06 0.00015278 1.9137e-05 1.564e-06 3.1912e-06 1.8772e-05 3.1465e-08
4.8766e-07 9.3868e-07 9.2628e-06 0.00014981 1.972e-05 1.4899e-06 2.8792e-06 1.8656e-05 3.309e-08
4.8216e-07 9.5765e-07 8.9476e-06 0.00014732 2.0353e-05 1.4308e-06 2.6366e-06 1.8554e-05 3.528e-08
4.7423e-07 9.7344e-07 8.6222e-06 0.00014471 2.0972e-05 1.3596e-06 2.3773e-06 1.844e-05 3.6386e-08
4.6396e-07 9.8624e-07 8.2875e-06 0.00014197 2.1577e-05 1.2768e-06 2.1028e-06 1.8314e-05 3.6449e-08
4.5576e-07 1.0036e-06 7.9794e-06 0.00013974 2.2237e-05 1.2087e-06 1.8902e-06 1.8203e-05 3.7131e-08
4.4949e-07 1.0257e-06 7.6956e-06 0.00013792 2.2952e-05 1.1537e-06 1.7257e-06 1.8107e-05 3.8424e-08
4.4118e-07 1.0447e-06 7.403e-06 0.000136 2.3654e-05 1.0875e-06 1.5502e-06 1.7999e-05 3.8664e-08
4.3029e-07 1.0604e-06 7.1005e-06 0.00013396 2.3899e-05 1.1614e-06 1.3618e-06 1.7879e-05 3.7971e-08
4.2129e-07 1.0809e-06 6.8214e-06 0.00013231 2.4177e-05 1.2492e-06 1.2154e-06 1.7773e-05 3.7894e-08
4.0987e-07 1.0981e-06 6.5328e-06 0.00013055 2.4444e-05 1.3248e-06 1.0579e-06 1.7654e-05 3.6728e-08
4.0034e-07 1.1203e-06 6.267e-06 0.00012917 2.4744e-05 1.416e-06 9.3634e-07 1.7551e-05 3.619e-08
3.9254e-07 1.1477e-06 6.0219e-06 0.00012813 2.508e-05 1.5242e-06 8.4252e-07 1.746e-05 3.6232e-08
3.8236e-07 1.1717e-06 5.7679e-06 0.00012699 2.5404e-05 1.6195e-06 7.4057e-07 1.7358e-05 3.5192e-08
3.7385e-07 1.2011e-06 5.5336e-06 0.00012618 2.5764e-05 1.7332e-06 6.6196e-07 1.727e-05 3.472e-08
3.6701e-07 1.2362e-06 5.3182e-06 0.0001257 2.6164e-05 1.8682e-06 6.0253e-07 1.7195e-05 3.4828e-08
3.6172e-07 1.2776e-06 5.12e-06 0.00012552 2.6604e-05 2.0265e-06 5.5829e-07 1.7134e-05 3.5493e-08
3.58e-07 1.3256e-06 4.9385e-06 0.00012566 2.709e-05 1.8792e-06 5.2696e-07 1.7086e-05 3.6766e-08
3.5583e-07 1.3808e-06 4.7726e-06 0.00012611 2.7622e-05 1.7549e-06 5.0662e-07 1.7051e-05 3.8692e-08
3.551e-07 1.3107e-06 4.6209e-06 0.00012688 2.8204e-05 1.6506e-06 4.9577e-07 1.703e-05 4.1302e-08
3.5215e-07 1.2369e-06 4.4623e-06 0.00012756 2.8773e-05 1.5338e-06 4.8077e-07 1.6998e-05 4.2845e-08
3.5064e-07 1.1712e-06 4.3173e-06 0.00012857 2.9395e-05 1.4353e-06 4.7464e-07 1.6978e-05 4.5127e-08
3.5055e-07 1.1127e-06 4.1851e-06 0.00012992 3.0072e-05 1.3531e-06 4.7703e-07 1.6972e-05 4.8221e-08
3.5196e-07 1.0611e-06 4.0654e-06 0.00013165 3.081e-05 1.2861e-06 4.8832e-07 1.6979e-05 5.2267e-08
3.548e-07 1.0157e-06 3.9572e-06 0.00013377 3.1612e-05 1.2326e-06 5.0893e-07 1.6998e-05 5.7362e-08
3.5532e-07 9.6684e-07 3.842e-06 0.00013578 3.2396e-05 1.1672e-06 5.2493e-07 1.7006e-05 6.1257e-08
3.5361e-07 9.1462e-07 3.7202e-06 0.00013768 3.3165e-05 1.0905e-06 5.3671e-07 1.7003e-05 6.4012e-08
3.5343e-07 8.6848e-07 3.6099e-06 0.00014001 3.4003e-05 1.0271e-06 5.5868e-07 1.7014e-05 6.7941e-08
3.548e-07 8.28e-07 3.5107e-06 0.00014282 3.4915e-05 9.7576e-07 5.923e-07 1.7038e-05 7.3199e-08
3.5785e-07 7.9296e-07 3.4225e-06 0.00014619 3.591e-05 9.3615e-07 6.4012e-07 1.7076e-05 8.004e-08
3.6298e-07 7.6364e-07 3.3461e-06 0.00015023 3.7006e-05 9.0926e-07 7.0726e-07 1.7132e-05 8.8982e-08
3.6055e-07 7.4174e-07 3.2856e-06 0.0001553 3.8031e-05 8.637e-07 8.0774e-07 1.7214e-05 8.2672e-08
3.6174e-07 7.2737e-07 3.2733e-06 0.00015587 3.8212e-05 8.4281e-07 8.1902e-07 1.7323e-05 7.9249e-08
3.5935e-07 7.078e-07 3.2502e-06 0.00015619 3.8367e-05 8.0478e-07 8.2047e-07 1.7412e-05 7.3763e-08
3.6035e-07 6.9548e-07 3.2418e-06 0.00015269 3.8581e-05 7.8462e-07 7.4177e-07 1.7532e-05 7.0817e-08
3.634e-07 6.8753e-07 3.2432e-06 0.00014981 3.884e-05 7.7495e-07 6.8522e-07 1.7669e-05 6.9379e-08
3.6815e-07 6.8316e-07 3.2529e-06 0.00014744 3.9139e-05 7.7358e-07 6.4464e-07 1.7822e-05 6.915e-08
3.745e-07 6.8214e-07 3.2705e-06 0.00014551 3.9481e-05 7.7993e-07 6.1699e-07 1.799e-05 7.0054e-08
3.7849e-07 6.7819e-07 3.2819e-06 0.00014345 3.9809e-05 7.7559e-07 5.8418e-07 1.8146e-05 6.975e-08
3.8022e-07 6.7145e-07 3.2874e-06 0.00014128 4.0127e-05 7.6105e-07 5.4657e-07 1.829e-05 6.83e-08
3.7971e-07 6.6194e-07 3.287e-06 0.000139 4.0434e-05 7.3632e-07 5.0409e-07 1.8422e-05 6.5703e-08
3.8082e-07 6.5581e-07 3.2946e-06 0.00013715 4.0783e-05 7.1929e-07 4.7386e-07 1.857e-05 6.4237e-08
3.7959e-07 6.4677e-07 3.296e-06 0.00014329 4.1119e-05 6.9169e-07 4.387e-07 1.8706e-05 6.158e-08
3.7601e-07 6.3481e-07 3.2912e-06 0.00014921 4.1443e-05 6.535e-07 3.9851e-07 1.8829e-05 5.7727e-08
3.7404e-07 6.2613e-07 3.2943e-06 0.00015605 4.1811e-05 6.2267e-07 3.6934e-07 1.8968e-05 5.4952e-08
3.6984e-07 6.147e-07 3.2916e-06 0.00016268 4.2167e-05 5.818e-07 3.3587e-07 1.9095e-05 5.1055e-08
3.6338e-07 6.0053e-07 3.2831e-06 0.0001691 4.2512e-05 5.3087e-07 2.9803e-07 1.921e-05 4.6033e-08
3.5468e-07 5.8361e-07 3.2686e-06 0.00017532 4.2845e-05 4.6984e-07 2.5574e-07 1.9315e-05 3.9879e-08
3.4758e-07 5.6991e-07 3.2622e-06 0.00018252 4.3223e-05 4.1577e-07 2.2353e-07 1.9434e-05 3.4736e-08
3.3814e-07 5.5332e-07 3.2495e-06 0.00018946 4.3588e-05 3.5136e-07 1.8688e-07 1.9541e-05 2.8438e-08
3.3017e-07 5.3973e-07 3.2445e-06 0.00019745 4.3999e-05 2.9271e-07 1.5846e-07 1.9664e-05 2.2967e-08
3.2368e-07 5.2909e-07 3.2474e-06 0.00020667 4.4458e-05 2.3896e-07 1.368e-07 1.9801e-05 1.8173e-08
3.1856e-07 5.212e-07 3.258e-06 0.00021725 4.4968e-05 1.8883e-07 1.2045e-07 1.9956e-05 1.3872e-08
3.1476e-07 5.1598e-07 3.2764e-06 0.00022939 4.5532e-05 1.4137e-07 1.0843e-07 2.0127e-05 9.9192e-09
3.1233e-07 5.135e-07 3.303e-06 0.00024336 4.6154e-05 9.5847e-08 1.0016e-07 2.0315e-05 6.2088e-09
3.0766e-07 5.0779e-07 3.3236e-06 0.00025693 4.6748e-05 1.4529e-07 8.883e-08 2.049e-05 1.0482e-08
3.0079e-07 4.9943e-07 3.3382e-06 0.00027011 4.7327e-05 1.8567e-07 7.4433e-08 2.0654e-05 1.378e-08
2.9525e-07 4.9374e-07 3.361e-06 0.00028526 4.7966e-05 2.2817e-07 6.3344e-08 2.0834e-05 1.7368e-08
2.8742e-07 4.8528e-07 3.3775e-06 0.00029993 4.8588e-05 2.6121e-07 4.9174e-08 2.1002e-05 1.9933e-08
2.7741e-07 4.7419e-07 3.3882e-06 0.00031419 4.9197e-05 2.851e-07 3.2036e-08 2.1158e-05 2.1512e-08
2.6868e-07 4.6571e-07 3.407e-06 0.00033059 4.9867e-05 3.1152e-07 1.7695e-08 2.1331e-05 2.3433e-08
2.5767e-07 4.5446e-07 3.4196e-06 0.00034646 5.052e-05 3.2838e-07 2.5872e-08 2.1491e-05 2.4321e-08
2.4438e-07 4.4043e-07 3.4258e-06 0.00036182 5.1156e-05 3.3569e-07 3.1391e-08 2.1639e-05 2.4175e-08
2.2886e-07 4.2372e-07 3.4259e-06 0.00037673 5.1777e-05 3.3369e-07 3.434e-08 2.1775e-05 2.3023e-08
2.1469e-07 4.0971e-07 3.4347e-06 0.00039393 5.2465e-05 3.3488e-07 3.8396e-08 2.1928e-05 2.2248e-08
2.0181e-07 3.9848e-07 3.4527e-06 0.00041382 5.2192e-05 3.4033e-07 4.3917e-08 2.21e-05 2.1853e-08
1.901e-07 3.8979e-07 3.4801e-06 0.00043687 5.1965e-05 3.4922e-07 5.1331e-08 2.2292e-05 2.1833e-08
1.7599e-07 3.7812e-07 4.2963e-06 0.00045898 5.1722e-05 3.4779e-07 5.5649e-08 2.2459e-05 2.0716e-08
1.5946e-07 3.6345e-07 5.0912e-06 0.00048022 5.1464e-05 3.3604e-07 5.6907e-08 2.2611e-05 1.8501e-08
1.442e-07 3.5149e-07 5.9537e-06 0.00050499 5.1254e-05 3.2831e-07 6.0413e-08 2.2785e-05 1.6702e-08
1.265e-07 3.3648e-07 6.7925e-06 0.00052872 5.1027e-05 3.1009e-07 6.0748e-08 2.2943e-05 1.38e-08
1.0634e-07 3.1838e-07 7.6078e-06 0.00055146 5.0783e-05 2.8128e-07 5.8497e-08 2.3086e-05 9.7734e-09
8.7798e-08 3.0362e-07 8.5053e-06 0.00057855 5.0596e-05 2.581e-07 5.9178e-08 2.3254e-05 6.288e-09
7.1818e-08 2.9279e-07 9.5104e-06 0.00058569 5.024e-05 2.0655e-07 6.3821e-08 2.3455e-05 3.3062e-09
7.5968e-08 2.7838e-07 1.0476e-05 0.00059225 4.9576e-05 2.2711e-07 6.4628e-08 2.3634e-05 4.7923e-09
8.0742e-08 2.6747e-07 1.1554e-05 0.00060063 4.9002e-05 2.5359e-07 6.9382e-08 2.3844e-05 6.3672e-09
8.3027e-08 2.5283e-07 1.2584e-05 0.00060828 4.8393e-05 2.6776e-07 7.1251e-08 2.4033e-05 6.8326e-09
8.6022e-08 2.4164e-07 1.3738e-05 0.00061801 4.7872e-05 2.8867e-07 7.7578e-08 2.4254e-05 7.454e-09
8.9783e-08 2.3353e-07 1.5029e-05 0.00063027 4.743e-05 3.1731e-07 8.9304e-08 2.4508e-05 8.2796e-09
9.1136e-08 2.2211e-07 1.6272e-05 0.00064165 4.6961e-05 3.3378e-07 9.6637e-08 2.4742e-05 8.0132e-09
9.3311e-08 2.1364e-07 1.7664e-05 0.00065595 4.6568e-05 3.5884e-07 1.1045e-07 2.5011e-05 7.9765e-09
9.2921e-08 2.0163e-07 1.8994e-05 0.00066907 4.6143e-05 3.7054e-07 1.1902e-07 2.5256e-05 6.7898e-09
9.0067e-08 1.8623e-07 2.0271e-05 0.00068121 4.569e-05 3.6963e-07 1.2286e-07 2.548e-05 4.483e-09
8.8213e-08 1.7404e-07 2.0585e-05 0.00069668 4.5318e-05 3.7868e-07 1.343e-07 2.5742e-05 2.443e-09
1.005e-07 1.881e-07 2.176e-05 0.00070601 4.4487e-05 4.6547e-07 1.9697e-07 2.5957e-05 2.3758e-09
1.1461e-07 2.059e-07 2.3095e-05 0.00071809 4.3772e-05 5.7538e-07 2.1067e-07 2.6216e-05 2.1319e-09
1.2585e-07 2.2e-07 2.4368e-05 0.00072913 4.3015e-05 6.6686e-07 2.1809e-07 2.6451e-05 6.0722e-09
1.3424e-07 2.3045e-07 2.5581e-05 0.00073919 4.2214e-05 7.4053e-07 2.1939e-07 2.6649e-05 8.7579e-09
1.4455e-07 2.4453e-07 2.5874e-05 0.00075219 4.1535e-05 6.8949e-07 1.8286e-07 2.6884e-05 1.2146e-08
1.5174e-07 2.5461e-07 2.6139e-05 0.00076394 4.0784e-05 8.6433e-07 2.0707e-07 2.7095e-05 1.4142e-08
1.6098e-07 2.6855e-07 2.6466e-05 0.00077902 4.0143e-05 8.7204e-07 1.9688e-07 2.7344e-05 1.7e-08
1.7213e-07 2.8624e-07 2.6854e-05 0.00079783 3.9591e-05 9.0142e-07 1.955e-07 2.7629e-05 2.0818e-08
1.8084e-07 3.0087e-07 2.7225e-05 0.00081573 3.9018e-05 9.1793e-07 1.8985e-07 2.7898e-05 2.3452e-08
1.8738e-07 3.1288e-07 2.7582e-05 0.00083304 3.8428e-05 9.2341e-07 1.8062e-07 2.8153e-05 2.5042e-08
1.9182e-07 3.2235e-07 2.7927e-05 0.00084982 3.7825e-05 9.1825e-07 1.6796e-07 2.8396e-05 2.5615e-08
1.9417e-07 3.2931e-07 2.826e-05 0.00086611 3.7207e-05 9.0258e-07 1.519e-07 2.8625e-05 2.5184e-08
1.9718e-07 3.3808e-07 2.8633e-05 0.00088488 3.6644e-05 8.9567e-07 1.4067e-07 2.8876e-05 2.5114e-08
1.9804e-07 3.4378e-07 2.8992e-05 0.00090304 3.6065e-05 8.7785e-07 1.2598e-07 2.9113e-05 2.4009e-08
1.9674e-07 3.4688e-07 2.9338e-05 0.0009206 3.5472e-05 8.4911e-07 1.078e-07 2.9337e-05 2.187e-08
1.9616e-07 3.5187e-07 2.9725e-05 0.00094088 3.4932e-05 8.2925e-07 9.4095e-08 2.9582e-05 2.0092e-08
1.9628e-07 3.5882e-07 3.0155e-05 0.00096426 3.4443e-05 8.1903e-07 8.4014e-08 2.985e-05 1.8614e-08
1.9426e-07 3.6315e-07 3.0571e-05 0.00098689 3.3939e-05 7.9808e-07 7.0778e-08 3.0104e-05 1.6126e-08
1.9015e-07 3.6496e-07 3.0975e-05 0.0010089 3.3424e-05 7.6684e-07 5.4514e-08 3.0345e-05 1.2657e-08
1.8397e-07 3.6427e-07 3.1366e-05 0.0010303 3.2896e-05 7.2528e-07 3.5186e-08 3.0574e-05 2.1794e-08
1.757e-07 3.6107e-07 3.1746e-05 0.0010511 3.2355e-05 6.7338e-07 4.8157e-08 3.079e-05 2.979e-08
1.6808e-07 3.5974e-07 3.2168e-05 0.001075 3.1863e-05 6.2944e-07 6.396e-08 3.1027e-05 3.8989e-08
1.5831e-07 3.5579e-07 3.2576e-05 0.0010982 3.1354e-05 9.0601e-07 7.6623e-08 3.1251e-05 4.694e-08
1.464e-07 3.4923e-07 3.297e-05 0.0011206 3.0832e-05 1.1662e-06 8.6184e-08 3.1462e-05 5.3657e-08
1.3234e-07 3.4004e-07 3.335e-05 0.0011423 3.0296e-05 1.4104e-06 9.267e-08 3.1659e-05 5.915e-08
1.1891e-07 3.3271e-07 3.3774e-05 0.001144 2.9808e-05 1.6885e-06 1.0222e-07 3.1877e-05 6.5931e-08
1.0333e-07 3.2277e-07 3.4184e-05 0.0011454 2.9305e-05 1.9496e-06 1.0859e-07 3.2082e-05 7.1446e-08
8.567e-08 3.103e-07 3.4581e-05 0.0011466 2.8791e-05 2.1949e-06 1.1194e-07 3.2275e-05 7.576e-08
1.1213e-07 2.9524e-07 3.5142e-05 0.0011476 2.8262e-05 2.424e-06 1.1222e-07 3.2454e-05 7.9052e-08
1.3636e-07 2.7764e-07 3.5689e-05 0.0011484 2.7721e-05 2.6375e-06 1.0946e-07 3.2619e-05 8.1143e-08
1.5839e-07 2.5748e-07 3.6222e-05 0.001149 2.7167e-05 2.8358e-06 1.0369e-07 3.2773e-05 8.2042e-08
1.7823e-07 3.2309e-07 3.6741e-05 0.0011494 2.66e-05 3.0191e-06 9.4868e-08 3.2913e-05 8.1751e-08
1.9589e-07 3.8546e-07 3.7246e-05 0.0011495 2.6019e-05 3.1875e-06 8.2993e-08 3.304e-05 8.0272e-08
2.1136e-07 4.4459e-07 3.7737e-05 0.0011495 2.5426e-05 3.3412e-06 6.8027e-08 3.3155e-05 7.76e-08
2.2804e-07 5.0959e-07 3.8279e-05 0.0011504 2.4884e-05 3.5279e-06 5.6305e-08 3.3291e-05 7.6213e-08
2.4251e-07 5.7123e-07 3.8807e-05 0.0011511 2.433e-05 3.6992e-06 4.1612e-08 3.3415e-05 7.364e-08
2.5829e-07 6.3926e-07 3.9388e-05 0.0011528 2.3823e-05 3.9055e-06 2.9519e-08 3.3561e-05 7.2299e-08
2.7555e-07 7.1479e-07 3.9101e-05 0.0011555 2.3362e-05 4.1515e-06 1.9312e-08 3.2233e-05 7.2166e-08
2.9448e-07 7.9849e-07 3.8855e-05 0.0011594 2.2943e-05 4.4427e-06 1.0372e-08 3.0959e-05 7.325e-08
3.1522e-07 8.9126e-07 3.865e-05 0.0011644 2.2564e-05 4.7849e-06 2.1233e-09 2.9737e-05 7.5585e-08
3.3354e-07 9.7973e-07 3.8432e-05 0.0011691 2.2173e-05 5.1062e-06 2.4319e-09 2.8495e-05 7.6679e-08
3.4946e-07 1.064e-06 3.8201e-05 0.0011736 2.177e-05 5.407e-06 1.3833e-08 2.7234e-05 7.6541e-08
3.6717e-07 1.1575e-06 3.8008e-05 0.0011792 2.1404e-05 5.7604e-06 2.6689e-08 2.6022e-05 7.761e-08
3.8681e-07 1.2611e-06 3.7853e-05 0.0011862 2.1075e-05 5.5904e-06 4.1752e-08 2.4856e-05 7.9916e-08
4.0412e-07 1.3607e-06 3.7686e-05 0.0011928 2.0736e-05 5.4041e-06 5.3954e-08 2.3674e-05 8.1048e-08
4.2356e-07 1.4715e-06 3.7556e-05 0.0012009 2.0431e-05 5.2567e-06 6.9113e-08 2.2538e-05 8.3506e-08
4.4064e-07 1.578e-06 3.7416e-05 0.0012086 2.0109e-05 6.0065e-06 8.1285e-08 2.1386e-05 8.4782e-08
4.5997e-07 1.6967e-06 3.7312e-05 0.0012179 1.9819e-05 6.8703e-06 9.7088e-08 2.0278e-05 8.7433e-08
4.8171e-07 1.829e-06 3.7245e-05 0.0012289 1.956e-05 7.8656e-06 1.1749e-07 1.9213e-05 9.155e-08
5.0105e-07 1.9565e-06 3.7166e-05 0.0012396 1.9293e-05 8.8261e-06 1.3457e-07 1.8131e-05 9.4455e-08
5.2296e-07 2.0987e-06 3.7124e-05 0.0012521 1.9055e-05 9.9339e-06 1.5717e-07 1.7092e-05 9.8924e-08
5.4751e-07 2.2567e-06 3.7116e-05 0.0012667 1.8844e-05 1.1207e-05 1.8648e-07 1.609e-05 1.0505e-07
5.6959e-07 2.4094e-06 3.7097e-05 0.0012808 1.8625e-05 1.2438e-05 2.1199e-07 1.5073e-05 1.0992e-07
5.892e-07 2.5569e-06 3.7068e-05 0.0012945 1.8398e-05 1.3627e-05 2.3373e-07 1.4041e-05 1.1351e-07
6.0617e-07 2.6984e-06 3.7025e-05 0.0013077 1.8161e-05 1.4769e-05 5.2157e-07 1.2991e-05 1.1576e-07
6.2609e-07 2.858e-06 3.702e-05 0.0013055 1.7952e-05 1.6094e-05 8.976e-07 1.1909e-05 1.1984e-07
6.4349e-07 3.012e-06 3.7003e-05 0.001303 1.7735e-05 1.7373e-05 1.2537e-06 1.0811e-05 1.2265e-07
6.6379e-07 3.184e-06 3.7022e-05 0.0013015 1.7544e-05 1.885e-05 1.7072e-06 9.753e-06 1.2728e-07
6.8141e-07 3.3497e-06 3.7028e-05 0.0012999 1.7344e-05 2.0271e-05 2.134e-06 8.6774e-06 1.3053e-07
7.0217e-07 3.5352e-06 3.707e-05 0.0012993 1.717e-05 2.1917e-05 2.6814e-06 7.6406e-06 1.3577e-07
7.2035e-07 3.7145e-06 3.7101e-05 0.0012984 1.6987e-05 2.3508e-05 3.2005e-06 6.5883e-06 1.3968e-07
8.893e-07 3.9159e-06 3.717e-05 0.0012987 1.6786e-05 2.4998e-05 3.87e-06 5.5131e-06 1.3967e-07
1.0529e-06 4.1099e-06 3.7226e-05 0.0012986 1.6576e-05 2.6428e-05 4.4992e-06 4.4201e-06 1.3823e-07
1.232e-06 4.3277e-06 3.732e-05 0.0012997 1.6392e-05 2.8094e-05 5.3114e-06 3.3667e-06 1.3881e-07
1.4282e-06 4.5714e-06 3.745e-05 0.0013019 1.6234e-05 3.0027e-05 6.3573e-06 2.3503e-06 1.4142e-07
1.6178e-06 4.8058e-06 3.7567e-05 0.0013037 1.6065e-05 3.1878e-05 7.3331e-06 2.3028e-06 1.4249e-07
1.8003e-06 5.0304e-06 3.7668e-05 0.0013052 1.5885e-05 3.3642e-05 8.2393e-06 2.2465e-06 1.4198e-07
1.9758e-06 5.2449e-06 3.7753e-05 0.0013063 1.5694e-05 3.5359e-05 9.0776e-06 2.18e-06 1.3982e-07
2.1716e-06 5.4905e-06 3.7882e-05 0.0013088 1.5532e-05 3.7404e-05 1.02e-05 2.1155e-06 1.4014e-07
2.3581e-06 5.7228e-06 3.7991e-05 0.0013107 1.5357e-05 3.9323e-05 1.1218e-05 2.0403e-06 1.3858e-07
2.3979e-06 6.0041e-06 3.8164e-05 0.0013145 1.5266e-05 3.9831e-05 1.1524e-05 1.9701e-06 1.4062e-07
2.4513e-06 6.3417e-06 3.8404e-05 0.0013203 1.5211e-05 4.0561e-05 1.2007e-05 1.9048e-06 1.4653e-07
2.5195e-06 6.746e-06 3.8714e-05 0.0013285 1.5192e-05 4.1554e-05 1.2751e-05 1.8443e-06 1.5692e-07
2.5669e-06 7.231e-06 3.9104e-05 0.0013269 1.5151e-05 4.2421e-05 1.2973e-05 1.7889e-06 1.4983e-07
2.6074e-06 7.6855e-06 3.9462e-05 0.0013247 1.5094e-05 4.3191e-05 1.3153e-05 2.0579e-06 1.402e-07
2.6404e-06 8.1078e-06 3.9787e-05 0.0013218 1.5019e-05 4.3856e-05 1.3288e-05 2.3111e-06 1.2766e-07
2.6868e-06 8.1985e-06 4.0188e-05 0.0013048 1.4979e-05 4.4773e-05 1.3542e-05 2.5779e-06 1.1955e-07
2.7283e-06 8.2806e-06 4.0569e-05 0.001287 1.4928e-05 4.5624e-05 1.3766e-05 2.8326e-06 1.0961e-07
2.7783e-06 8.382e-06 4.0999e-05 0.0012717 1.4898e-05 4.6651e-05 1.4079e-05 3.0941e-06 1.0194e-07
2.8244e-06 8.4769e-06 4.1414e-05 0.0012559 1.4861e-05 4.7627e-05 1.4368e-05 3.3449e-06 9.2833e-08
2.8667e-06 8.5653e-06 4.1814e-05 0.0012394 1.4815e-05 4.8556e-05 1.4635e-05 3.5853e-06 8.2294e-08
2.9174e-06 8.6731e-06 4.2263e-05 0.0012254 1.479e-05 4.9666e-05 1.4997e-05 3.8321e-06 7.3738e-08
2.9645e-06 8.7749e-06 4.2698e-05 0.0012108 1.4757e-05 5.0732e-05 1.5338e-05 4.0688e-06 6.3897e-08
3.0203e-06 8.8971e-06 4.3184e-05 0.0011984 1.4745e-05 5.1997e-05 1.5792e-05 4.3124e-06 5.5783e-08
3.0725e-06 9.013e-06 4.3657e-05 0.0011855 1.4725e-05 5.3212e-05 1.622e-05 4.5458e-06 4.6419e-08
2.9426e-06 9.151e-06 4.4185e-05 0.0011747 1.4726e-05 5.4655e-05 1.6165e-05 4.7868e-06 3.8605e-08
2.8076e-06 9.2817e-06 4.4696e-05 0.0011633 1.4719e-05 5.6035e-05 1.6093e-05 5.0169e-06 2.9505e-08
2.6861e-06 9.4353e-06 4.5265e-05 0.0011538 1.4732e-05 5.7662e-05 1.6084e-05 5.2549e-06 2.169e-08
2.5771e-06 9.6148e-06 4.5894e-05 0.0011458 1.4103e-05 5.9609e-05 1.6138e-05 5.5012e-06 1.4876e-08
2.4795e-06 9.8209e-06 4.6587e-05 0.0011393 1.3524e-05 6.1883e-05 1.6256e-05 5.7561e-06 8.7973e-09
2.3774e-06 1.0019e-05 4.7261e-05 0.0011325 1.2931e-05 6.4071e-05 1.6357e-05 5.9999e-06 1.2524e-08
2.2858e-06 1.0244e-05 4.8001e-05 0.0011269 1.2384e-05 6.6614e-05 1.6528e-05 6.2524e-06 1.6565e-08
2.1901e-06 1.0462e-05 4.8722e-05 0.001121 1.1825e-05 6.9067e-05 1.668e-05 6.4941e-06 1.9577e-08
2.0905e-06 1.0672e-05 4.9427e-05 0.0011149 1.1253e-05 7.1443e-05 1.6816e-05 6.7253e-06 2.1598e-08
2.0009e-06 1.0911e-05 5.0199e-05 0.00111 1.0726e-05 7.4203e-05 1.6501e-05 6.9654e-06 2.3988e-08
1.9076e-06 1.1142e-05 5.0955e-05 0.0011048 1.0188e-05 7.6877e-05 1.6164e-05 7.1951e-06 2.5377e-08
1.8236e-06 1.1404e-05 5.1781e-05 0.0011008 9.6915e-06 7.9979e-05 1.592e-05 7.4339e-06 2.7187e-08
1.7357e-06 1.1658e-05 5.2588e-05 0.0010966 9.1829e-06 8.2974e-05 1.5655e-05 7.6617e-06 2.795e-08
1.6565e-06 1.1945e-05 5.347e-05 0.0010934 8.7137e-06 8.6445e-05 1.547e-05 7.8989e-06 2.9169e-08
1.5852e-06 1.2267e-05 5.4429e-05 0.0010912 8.2799e-06 9.0447e-05 1.5354e-05 8.1457e-06 3.0855e-08
1.5214e-06 1.2629e-05 5.5473e-05 0.00109 7.88e-06 9.5073e-05 1.447e-05 8.4027e-06 3.3095e-08
1.4646e-06 1.3035e-05 5.6608e-05 0.0010898 7.5115e-06 0.00010042 1.3785e-05 8.6704e-06 3.5965e-08
1.4142e-06 1.3489e-05 5.784e-05 0.0010906 7.1722e-06 0.00010658 1.3258e-05 8.9493e-06 3.9563e-08
1.3604e-06 1.3924e-05 5.9046e-05 0.0010911 6.8233e-06 0.00011255 1.2697e-05 9.2167e-06 4.2041e-08
1.3126e-06 1.4409e-05 6.0353e-05 0.0010926 6.5028e-06 0.00011348 1.2265e-05 9.4954e-06 4.5298e-08
1.2705e-06 1.495e-05 6.1767e-05 0.0010951 6.2074e-06 0.00011464 1.1938e-05 9.7858e-06 4.9444e-08
1.2337e-06 1.5555e-05 6.3299e-05 0.0010986 5.9359e-06 0.00011605 1.1697e-05 1.0091e-05 5.4666e-08
1.194e-06 1.6146e-05 6.4805e-05 0.0011019 5.6567e-06 0.0001174 1.1439e-05 1.0384e-05 5.8739e-08
1.1513e-06 1.6722e-05 6.6284e-05 0.001105 5.3697e-06 0.00011869 1.1162e-05 1.0667e-05 6.1665e-08
1.1139e-06 1.6728e-05 6.6216e-05 0.0011091 5.1059e-06 0.00012026 9.7385e-06 1.0931e-05 6.5784e-08
1.0734e-06 1.6726e-05 6.6133e-05 0.001113 4.8339e-06 0.00012175 8.2317e-06 1.1184e-05 6.868e-08
1.0377e-06 1.6748e-05 6.6098e-05 0.0011181 4.5828e-06 0.00012353 7.0504e-06 1.145e-05 7.2784e-08
1.0066e-06 1.6795e-05 6.6112e-05 0.0011243 4.3529e-06 0.00012287 6.1295e-06 1.1728e-05 7.8282e-08
9.7974e-07 1.6865e-05 6.6174e-05 0.0011319 4.141e-06 0.00012241 5.4077e-06 1.2019e-05 8.5299e-08
9.5011e-07 1.6929e-05 6.6222e-05 0.0011392 3.9225e-06 0.00012189 4.6485e-06 1.23e-05 9.1076e-08
9.2448e-07 1.7017e-05 6.4678e-05 0.001148 3.7208e-06 0.00012157 4.0533e-06 1.2593e-05 9.8539e-08
8.9599e-07 1.7098e-05 6.3103e-05 0.0011564 3.5121e-06 0.0001212 3.4222e-06 1.2875e-05 1.0465e-07
8.6464e-07 1.7171e-05 6.1496e-05 0.0011644 3.2964e-06 0.00012077 2.7533e-06 1.3145e-05 1.0943e-07
8.3726e-07 1.7269e-05 6.0012e-05 0.001174 3.0972e-06 0.00012054 2.2309e-06 1.3429e-05 1.1606e-07
8.1364e-07 1.7396e-05 5.8642e-05 0.00117 2.9134e-06 0.00012048 1.8234e-06 1.3727e-05 1.2477e-07
7.874e-07 1.7514e-05 5.7248e-05 0.0011657 2.7235e-06 0.00012038 1.3937e-06 1.4014e-05 1.3214e-07
7.6474e-07 1.7661e-05 5.5961e-05 0.0011626 2.5481e-06 0.00012047 1.058e-06 1.4316e-05 1.1302e-07
7.4547e-07 1.7837e-05 5.4776e-05 0.0011605 2.386e-06 0.00012074 7.9563e-07 1.4634e-05 9.7184e-08
7.2944e-07 1.8045e-05 5.3684e-05 0.0011594 2.2363e-06 0.00012119 5.9059e-07 1.4968e-05 8.4082e-08
7.1654e-07 1.8286e-05 5.2681e-05 0.0011594 2.0983e-06 0.00012185 4.3047e-07 1.5319e-05 7.3287e-08
7.0667e-07 1.8564e-05 5.1762e-05 0.0011604 1.971e-06 0.00012271 3.0523e-07 1.5688e-05 6.4425e-08
6.9403e-07 1.8831e-05 5.0818e-05 0.0011611 1.8376e-06 0.00012352 1.6968e-07 1.6043e-05 5.4143e-08
6.8579e-07 1.8947e-05 4.9978e-05 0.0011631 1.7184e-06 0.00012463 7.126e-08 1.6425e-05 4.6267e-08
6.7347e-07 1.9044e-05 4.9091e-05 0.0011646 1.5896e-06 0.0001256 6.2989e-08 1.6785e-05 3.6403e-08
6.5728e-07 1.9126e-05 4.8161e-05 0.0011655 1.4517e-06 0.00012645 5.0416e-08 1.7125e-05 2.456e-08
6.2948e-07 1.918e-05 4.717e-05 0.0011657 1.3502e-06 0.00012796 6.8158e-08 1.916e-05 2.6453e-08
5.9682e-07 1.9214e-05 4.6119e-05 0.0011652 1.239e-06 0.00012928 8.0521e-08 2.1133e-05 2.6806e-08
5.592e-07 1.9229e-05 4.5007e-05 0.001164 1.1178e-06 0.00013043 8.7825e-08 2.3047e-05 2.5629e-08
5.1646e-07 1.9225e-05 4.383e-05 0.0011621 9.8974e-07 0.00013142 9.0235e-08 2.4903e-05 2.2904e-08
4.8049e-07 1.9262e-05 4.2797e-05 0.0011619 8.765e-07 0.00013279 9.8353e-08 2.6883e-05 2.1289e-08
4.5061e-07 1.9341e-05 4.1897e-05 0.0011632 7.7659e-07 0.00013464 1.1355e-07 2.8997e-05 2.0667e-08
4.1645e-07 1.9535e-05 4.095e-05 0.001164 8.1157e-07 0.00013616 1.2371e-07 3.1058e-05 1.8703e-08
3.7814e-07 1.9711e-05 3.9955e-05 0.0011643 8.4065e-07 0.00013753 1.2904e-07 3.3066e-05 1.5385e-08
3.4547e-07 1.9936e-05 3.9084e-05 0.0011662 8.7626e-07 0.00013935 1.4165e-07 3.5208e-05 1.2948e-08
3.0994e-07 2.0143e-05 3.8169e-05 0.0011674 9.0583e-07 0.00014101 1.4917e-07 3.7295e-05 9.209e-09
2.7949e-07 2.0403e-05 3.7369e-05 0.0011588 9.4235e-07 0.00014318 1.6502e-07 3.9522e-05 6.1836e-09
2.5361e-07 2.0322e-05 3.6677e-05 0.0011524 9.8664e-07 0.00014597 1.4924e-07 4.1905e-05 3.6357e-09
2.5152e-07 2.0225e-05 3.5946e-05 0.0011453 1.1096e-06 0.00014705 1.2776e-07 4.4217e-05 5.3261e-09
2.5161e-07 2.0166e-05 3.5305e-05 0.0011401 1.2466e-06 0.00014849 1.1416e-07 4.6671e-05 7.1194e-09
2.5365e-07 2.0141e-05 3.474e-05 0.0011363 1.3984e-06 0.00015032 1.0618e-07 4.9266e-05 9.0733e-09
2.5763e-07 1.9603e-05 3.4246e-05 0.0011339 1.5665e-06 0.0001526 1.0283e-07 5.2027e-05 1.1298e-08
2.6354e-07 1.9135e-05 3.3814e-05 0.0011328 1.7524e-06 0.00015539 1.0366e-07 5.4943e-05 1.391e-08
2.7145e-07 1.8728e-05 3.3442e-05 0.0011329 1.958e-06 0.00015877 1.0873e-07 5.8021e-05 1.7057e-08
2.7674e-07 1.8305e-05 3.3049e-05 0.0011327 2.1545e-06 0.00016199 1.1021e-07 6.1048e-05 1.9062e-08
2.8396e-07 1.7937e-05 3.2711e-05 0.0011179 2.3714e-06 0.00016586 1.1599e-07 6.4237e-05 2.1665e-08
2.8857e-07 1.7554e-05 3.2354e-05 0.0011023 2.5789e-06 0.00016954 1.181e-07 6.7373e-05 2.3101e-08
2.9528e-07 1.7223e-05 3.2049e-05 0.0010894 2.8113e-06 0.00016986 8.0098e-08 7.0684e-05 2.5264e-08
2.9936e-07 1.6878e-05 3.1727e-05 0.0010758 3.0339e-06 0.0001701 9.2969e-08 7.3939e-05 2.6241e-08
3.0501e-07 1.6575e-05 3.1447e-05 0.0010643 3.2765e-06 0.00017058 1.1042e-07 7.7346e-05 2.776e-08
3.0826e-07 1.6261e-05 3.1154e-05 0.0010523 3.5109e-06 0.00017099 1.2425e-07 8.071e-05 2.8183e-08
3.1299e-07 1.5986e-05 3.09e-05 0.0010421 3.7656e-06 0.00017165 1.4326e-07 8.4224e-05 2.9129e-08
3.1919e-07 1.5747e-05 3.0683e-05 0.0010335 4.0421e-06 0.00017255 1.6858e-07 8.7891e-05 3.0607e-08
3.2298e-07 1.5497e-05 3.0453e-05 0.0010246 4.3095e-06 0.00017338 1.897e-07 9.1513e-05 3.0974e-08
3.243e-07 1.5236e-05 3.0209e-05 0.0010152 4.5677e-06 0.00017414 2.0661e-07 9.5087e-05 3.0209e-08
3.2752e-07 1.5013e-05 3.0007e-05 0.0010075 4.8518e-06 0.00017519 2.3176e-07 9.884e-05 3.0161e-08
3.2781e-07 1.4769e-05 2.9785e-05 0.00099914 5.1226e-06 0.00017613 2.5107e-07 0.00010252 5.4836e-08
3.2516e-07 1.4508e-05 2.9542e-05 0.00099014 5.3799e-06 0.00017694 2.647e-07 0.00010612 7.6769e-08
3.2542e-07 1.4296e-05 2.9354e-05 0.00098329 5.6727e-06 0.00017815 2.905e-07 0.00010997 1.0558e-07
3.1991e-07 1.4058e-05 2.9785e-05 0.00097562 6.0564e-06 0.00018016 3.087e-07 0.00011371 1.3047e-07
3.178e-07 1.3223e-05 2.964e-05 0.00097011 6.124e-06 0.00018285 3.4309e-07 0.00011772 1.3365e-07
3.1232e-07 1.2333e-05 2.9471e-05 0.00096387 6.1799e-06 0.00018529 3.6888e-07 0.00012163 1.3451e-07
3.0346e-07 1.1385e-05 2.9276e-05 0.00095686 6.2243e-06 0.00018749 3.8657e-07 0.00012544 1.3307e-07
2.9117e-07 1.0375e-05 2.9056e-05 0.00096502 6.2573e-06 0.00018947 5.9637e-07 0.00012915 1.2931e-07
3.4623e-07 9.7608e-06 2.8806e-05 0.00097215 6.2758e-06 0.00019118 7.7117e-07 0.0001325 1.6111e-07
4.1026e-07 9.2483e-06 2.8521e-05 0.00098173 6.3187e-06 0.00019089 8.2189e-07 0.00013613 2.0477e-07
4.6884e-07 8.7004e-06 2.8208e-05 0.0009904 6.3501e-06 0.00019045 8.6052e-07 0.00013967 2.4296e-07
4.7577e-07 8.245e-06 2.7959e-05 0.0010019 6.4378e-06 0.00018786 9.3109e-07 0.00014348 2.9602e-07
4.8747e-07 7.8677e-06 2.683e-05 0.0010169 6.5515e-06 0.00018594 9.2673e-07 0.00014757 3.6933e-07
5.0408e-07 7.5584e-06 2.5845e-05 0.0010199 6.6924e-06 0.00018457 9.46e-07 0.00015203 3.8949e-07
5.1761e-07 7.2339e-06 2.4826e-05 0.0010225 6.8238e-06 0.00018307 9.5766e-07 0.00015642 4.068e-07
5.2859e-07 6.8989e-06 2.3785e-05 0.0010249 6.9483e-06 0.0001815 9.6377e-07 0.00016075 4.2205e-07
5.4196e-07 6.599e-06 2.2822e-05 0.0010283 7.0887e-06 0.00018022 9.8356e-07 0.00016528 4.4229e-07
5.5279e-07 6.2894e-06 2.1838e-05 0.0010314 7.2221e-06 0.00017887 9.9778e-07 0.00016975 4.6041e-07
5.6109e-07 5.9701e-06 2.0833e-05 0.0010342 7.3486e-06 0.00017745 1.0065e-06 0.00017418 4.7645e-07
5.7175e-07 5.6833e-06 1.9901e-05 0.0010381 7.491e-06 0.00017631 8.8456e-07 0.0001788 4.9769e-07
5.7987e-07 5.3874e-06 1.8949e-05 0.0010418 7.6264e-06 0.0001751 7.5303e-07 0.00018337 5.1676e-07
5.856e-07 5.0833e-06 1.798e-05 0.0010452 7.7554e-06 0.00017382 6.126e-07 0.00018789 5.3386e-07
5.8893e-07 4.7709e-06 1.6992e-05 0.0010483 7.8782e-06 0.00017248 4.6298e-07 0.00019238 5.4903e-07
5.9462e-07 4.4896e-06 1.6075e-05 0.0010526 8.0171e-06 0.00017142 3.4518e-07 0.00019705 5.6962e-07
6.0273e-07 4.2367e-06 1.5224e-05 0.0010579 7.7735e-06 0.00017062 2.5231e-07 0.00020193 5.38e-07
6.0843e-07 3.9764e-06 1.4357e-05 0.001063 7.5224e-06 0.00016977 1.5268e-07 0.00020676 5.0407e-07
6.1668e-07 3.7429e-06 1.3553e-05 0.0010694 7.2933e-06 0.00016916 7.3864e-08 0.00021117 4.7708e-07
6.2237e-07 3.5016e-06 1.2731e-05 0.0010754 7.0561e-06 0.00016848 7.4068e-08 0.00021554 4.4772e-07
6.2552e-07 3.2525e-06 1.1892e-05 0.0010811 6.811e-06 0.00016775 7.1359e-08 0.00021986 4.1594e-07
6.3123e-07 3.0285e-06 1.1113e-05 0.0010881 6.5868e-06 0.00016725 7.0848e-08 0.00022436 3.9045e-07
6.3947e-07 2.8268e-06 1.0389e-05 0.0010965 6.3819e-06 0.00016696 7.2411e-08 0.00022907 3.7025e-07
6.4515e-07 2.6181e-06 9.6495e-06 0.0011046 6.1695e-06 0.00016662 7.1077e-08 0.00023372 3.4797e-07
6.5339e-07 2.4301e-06 8.9617e-06 0.0011141 5.9753e-06 0.00016649 7.1822e-08 0.00023857 3.3044e-07
6.5919e-07 2.2362e-06 8.2601e-06 0.0011233 5.7745e-06 0.00016631 6.9797e-08 0.00024338 3.1112e-07
6.677e-07 2.0617e-06 7.6085e-06 0.0011342 5.5914e-06 0.00016635 6.991e-08 0.0002484 2.9616e-07
6.7376e-07 1.8816e-06 6.9438e-06 0.0011448 5.4018e-06 0.00016633 6.7261e-08 0.00025337 2.7949e-07
6.7736e-07 1.6958e-06 6.2657e-06 0.001155 5.2057e-06 0.00016627 6.1845e-08 0.0002583 2.611e-07
6.8362e-07 1.5279e-06 5.6343e-06 0.0011669 5.0261e-06 0.00016641 5.8383e-08 0.00026344 2.4662e-07
6.9257e-07 1.3761e-06 5.0461e-06 0.0011809 4.8622e-06 0.00016677 5.6676e-08 0.0002688 2.3559e-07
6.9892e-07 1.2186e-06 5.1268e-06 0.0011943 4.6914e-06 0.00016707 5.2151e-08 0.00027411 2.2286e-07
7.0814e-07 1.0764e-06 5.2199e-06 0.0012099 4.536e-06 0.0001676 4.9338e-08 0.00027965 2.1338e-07
7.2036e-07 9.481e-07 5.326e-06 0.0012282 4.395e-06 0.00016836 4.8091e-08 0.00028543 2.0687e-07
7.3584e-07 8.3268e-07 5.4464e-06 0.0012494 4.2682e-06 0.00016938 4.8437e-08 0.00029148 2.0318e-07
7.486e-07 7.1237e-07 5.5591e-06 0.0012699 4.1349e-06 0.00017033 4.6014e-08 0.00029746 1.9793e-07
7.6518e-07 6.0494e-07 5.6883e-06 0.001294 4.0164e-06 0.00017159 4.5437e-08 0.00030374 1.9568e-07
7.7768e-07 4.8948e-07 5.8048e-06 0.0014851 3.8875e-06 0.0001727 4.1221e-08 0.00030989 1.9102e-07
7.8624e-07 3.6536e-07 5.9093e-06 0.0016643 3.7483e-06 0.00017367 3.4246e-08 0.0003159 1.8397e-07
7.9045e-07 2.8488e-07 6.0004e-06 0.0018305 3.5972e-06 0.00017449 2.326e-08 0.00032164 1.7418e-07
9.7481e-07 1.9746e-07 6.0782e-06 0.001985 3.4332e-06 0.00017516 3.3397e-08 0.00032723 1.6151e-07
1.1487e-06 1.9511e-07 6.1434e-06 0.0021291 3.2571e-06 0.00017569 3.9745e-08 0.00033269 1.4592e-07
1.3442e-06 1.9476e-07 6.2278e-06 0.0023008 3.101e-06 0.00017655 4.899e-08 0.00033848 1.3469e-07
1.5626e-06 1.9616e-07 6.331e-06 0.0025037 2.9622e-06 0.00017775 6.18e-08 0.00034458 1.2681e-07
1.7723e-06 1.9467e-07 6.4236e-06 0.0026974 2.8146e-06 0.00017883 7.0888e-08 0.00035059 1.1698e-07
1.9737e-06 1.9031e-07 6.506e-06 0.0028827 2.6583e-06 0.0001798 7.638e-08 0.0003565 1.0514e-07
1.9897e-06 1.8755e-07 6.6065e-06 0.0030993 2.5179e-06 0.00018111 8.5507e-08 0.00036271 9.6283e-08
2.0018e-06 1.8215e-07 6.6979e-06 0.0033086 2.3702e-06 0.00018233 9.1264e-08 0.00036886 8.5773e-08
2.0212e-06 1.7831e-07 6.8073e-06 0.0035519 2.2367e-06 0.0001839 1.0092e-07 0.00037531 7.7754e-08
2.0365e-06 1.7177e-07 6.907e-06 0.0037864 2.0958e-06 0.00018535 1.0698e-07 0.00038167 6.8103e-08
2.0591e-06 1.6656e-07 7.025e-06 0.004058 1.9681e-06 0.00018718 1.1727e-07 0.00038835 6.0575e-08
2.0893e-06 1.6273e-07 7.1624e-06 0.004118 1.8524e-06 0.00018944 1.3265e-07 0.00039536 5.4806e-08
2.1272e-06 1.5998e-07 7.3193e-06 0.0041283 1.7473e-06 0.00019216 1.5407e-07 0.00039606 5.0436e-08
2.1728e-06 1.5819e-07 7.4962e-06 0.0041413 1.6515e-06 0.00019541 1.8283e-07 0.00039687 4.7217e-08
2.2264e-06 1.5721e-07 7.6932e-06 0.0041571 1.5639e-06 0.00019923 2.2055e-07 0.00039779 4.4954e-08
2.2884e-06 1.5703e-07 7.9115e-06 0.0041762 1.4838e-06 0.00020371 2.6979e-07 0.00039881 4.3563e-08
2.3464e-06 1.5448e-07 8.1206e-06 0.0041944 1.3987e-06 0.00020803 3.1384e-07 0.0003998 4.1038e-08
2.4006e-06 1.4952e-07 8.3203e-06 0.004212 1.3084e-06 0.00021219 3.528e-07 0.00040076 3.7362e-08
2.4644e-06 1.4558e-07 8.5435e-06 0.0042331 1.2261e-06 0.00021712 4.0566e-07 0.00040184 3.4772e-08
2.5238e-06 1.3917e-07 8.7563e-06 0.0042532 1.1385e-06 0.00022184 4.5247e-07 0.00040288 3.1006e-08
2.5923e-06 1.3348e-07 8.992e-06 0.0042771 1.0576e-06 0.00022737 5.1467e-07 0.00040403 2.7953e-08
2.6706e-06 1.2845e-07 9.2521e-06 0.0043052 9.8282e-07 0.0002338 4.9642e-07 0.00040529 2.5493e-08
2.7594e-06 1.2399e-07 9.5382e-06 0.004338 9.1363e-07 0.0002413 4.8791e-07 0.00040666 2.3533e-08
2.8599e-06 1.2013e-07 9.8529e-06 0.0043765 8.4978e-07 0.00025007 4.8897e-07 0.00040816 2.2037e-08
2.9557e-06 1.1394e-07 1.0157e-05 0.0044137 7.8136e-07 0.00025852 4.8553e-07 0.00040962 1.9494e-08
3.0466e-06 1.0534e-07 1.0449e-05 0.0044493 7.0812e-07 0.00026665 4.7725e-07 0.00041104 1.5861e-08
3.1526e-06 9.7783e-08 1.0777e-05 0.0044924 6.4157e-07 0.00027645 4.8092e-07 0.00041261 1.2885e-08
4.1198e-06 8.7489e-08 1.1089e-05 0.0045329 5.691e-07 0.00028565 4.7807e-07 0.00041413 2.0752e-08
4.3765e-06 7.8431e-08 1.1444e-05 0.0045828 5.0386e-07 0.00029701 4.8899e-07 0.00041581 3.0683e-08
4.6194e-06 6.6598e-08 1.178e-05 0.0046294 4.3261e-07 0.0003076 4.9282e-07 0.00041743 3.8839e-08
4.8478e-06 5.1791e-08 1.2095e-05 0.0046726 3.5484e-07 0.0003174 4.8901e-07 0.00041898 4.5185e-08
5.0581e-06 6.2399e-08 1.2388e-05 0.0047122 3.6873e-07 0.00032565 4.7699e-07 0.00042087 4.9544e-08
5.2539e-06 7.0146e-08 1.2659e-05 0.0047487 3.7766e-07 0.00033323 5.8888e-07 0.00042268 5.213e-08
5.4875e-06 7.929e-08 1.2558e-05 0.0047571 3.8995e-07 0.0003429 7.6205e-07 0.0004247 5.7045e-08
5.7033e-06 8.5342e-08 1.3239e-05 0.0047639 3.9691e-07 0.00035168 9.0637e-07 0.00042663 5.9943e-08
5.9596e-06 8.0714e-08 1.4015e-05 0.0047747 4.0732e-07 0.00036287 1.1424e-06 0.00042878 6.533e-08
6.1968e-06 7.3023e-08 1.4747e-05 0.0047838 4.1236e-07 0.00037302 1.3401e-06 0.00043082 6.8609e-08
6.4159e-06 9.7581e-08 1.5437e-05 0.0047914 4.1204e-07 0.00038224 1.5048e-06 0.00043278 6.9829e-08
6.6779e-06 1.2609e-07 1.6226e-05 0.0048031 4.1601e-07 0.000385 1.7617e-06 0.00043496 7.3686e-08
6.989e-06 1.5947e-07 1.7129e-05 0.0048197 4.2366e-07 0.00038873 2.1581e-06 0.00043737 8.0573e-08
7.3571e-06 1.9876e-07 1.8158e-05 0.004842 4.3513e-07 0.00039365 2.767e-06 0.00044006 9.1196e-08
7.6998e-06 2.3309e-07 1.9132e-05 0.0048619 4.4115e-07 0.00039806 3.2825e-06 0.00044265 9.9206e-08
8.0213e-06 2.6302e-07 2.0058e-05 0.0048799 4.4206e-07 0.00040208 3.7273e-06 0.00044515 1.0494e-07
8.4021e-06 2.9918e-07 2.1115e-05 0.0048786 4.4684e-07 0.00040736 3.8661e-06 0.00044789 1.1464e-07
8.8504e-06 3.429e-07 2.2321e-05 0.0048808 4.5599e-07 0.00040847 4.0943e-06 0.00045093 1.2916e-07
9.2708e-06 3.9514e-07 2.3701e-05 0.0048866 4.5996e-07 0.00040936 4.4519e-06 0.0004538 1.4033e-07
9.8045e-06 4.413e-07 2.5007e-05 0.0048909 4.6852e-07 0.00041094 4.7511e-06 0.00045652 2.1741e-07
1.0303e-05 4.8184e-07 2.6248e-05 0.0048938 6.251e-07 0.00041205 5.0029e-06 0.00045914 2.8535e-07
1.0881e-05 5.3032e-07 2.7644e-05 0.0049002 8.0044e-07 0.00041376 5.3813e-06 0.000462 3.7534e-07
1.1426e-05 5.7326e-07 2.8977e-05 0.0049052 9.6449e-07 0.00041524 5.7071e-06 0.00046475 4.5563e-07
1.2056e-05 6.2472e-07 3.0473e-05 0.0049137 1.1487e-06 0.00041736 6.1892e-06 0.00046775 5.6185e-07
1.2648e-05 6.7033e-07 3.1901e-05 0.0049208 2.25e-06 0.00041899 6.6053e-06 0.00047065 6.5663e-07
1.321e-05 1.062e-06 3.327e-05 0.0049279 3.3065e-06 0.00042041 6.9703e-06 0.00047345 1.4012e-06
1.3864e-05 1.1724e-06 3.4815e-05 0.0049351 4.498e-06 0.00042249 7.5159e-06 0.00047651 1.6252e-06
1.462e-05 1.303e-06 3.6554e-05 0.0049422 5.8399e-06 0.00042532 8.3202e-06 0.00047983 1.9233e-06
1.5335e-05 1.4234e-06 3.8215e-05 0.0049493 7.1216e-06 0.00042786 9.0208e-06 0.00048304 2.1918e-06
1.6163e-05 1.5661e-06 4.0085e-05 0.0049564 8.5658e-06 0.00043124 1.0052e-05 0.00048652 2.5492e-06
1.7122e-05 1.7352e-06 4.219e-05 0.0049634 1.0196e-05 0.00043564 1.1579e-05 0.00049028 3.0277e-06
1.8026e-05 1.891e-06 4.4195e-05 0.0049705 1.1747e-05 0.00043961 1.2891e-05 0.00049391 3.4544e-06
1.8874e-05 2.8463e-06 4.61e-05 0.0049776 1.3219e-05 0.00044316 1.4011e-05 0.00049732 3.8592e-06
