Leptosomus_discolor Melopsittacus_undulatus Merops_nubicus Nestor_notabilis Picoides_pubescens Tauraco_erythrolophus Tyto_alba_alba
0.00016549 7.7209e-05 0.0013065 6.7078e-05 0.00027768 0.00010476 0.0052547
0.00015863 7.5098e-05 0.0012983 6.619e-05 0.00027439 0.00010389 0.0052249
0.0001524 7.304e-05 0.0012911 6.5381e-05 0.0002718 0.00010312 0.0051977
0.00014601 7.0966e-05 0.0012837 6.4552e-05 0.00026905 0.00010232 0.0051699
0.00013949 6.8879e-05 0.0012761 6.3706e-05 0.00026616 0.0001015 0.0051415
0.00013284 6.6779e-05 0.0012682 6.2844e-05 0.00026312 0.00010067 0.0051125
0.00012679 6.4732e-05 0.0012614 6.2058e-05 0.00026076 9.9923e-05 0.0050862
0.0001206 6.267e-05 0.0012544 6.1254e-05 0.00025825 9.9158e-05 0.0050592
0.00011428 6.0595e-05 0.0012471 6.0434e-05 0.0002556 9.8373e-05 0.0050317
0.00010852 5.857e-05 0.0012409 5.9685e-05 0.00025356 9.7677e-05 0.0050067
0.00010327 5.6595e-05 0.0012356 5.9004e-05 0.00025205 9.7066e-05 0.004984
9.7918e-05 5.4607e-05 0.0012301 5.8309e-05 0.00025044 9.6437e-05 0.0049609
9.3039e-05 5.2667e-05 0.0012255 5.7677e-05 0.0002493 9.5887e-05 0.00494
8.8054e-05 5.0715e-05 0.0012207 5.7031e-05 0.00024806 9.532e-05 0.0049187
8.3514e-05 4.881e-05 0.0012168 5.6445e-05 0.00024727 9.4828e-05 0.0048996
7.9389e-05 4.6952e-05 0.0012137 5.5917e-05 0.0002469 9.431e-05 0.0048826
7.5643e-05 4.514e-05 0.0012114 5.5444e-05 0.00024694 9.3866e-05 0.0048678
7.1799e-05 4.3314e-05 0.0012089 5.4957e-05 0.00024687 9.3404e-05 0.0048524
6.831e-05 4.1534e-05 0.0012072 5.4522e-05 0.00024202 9.0391e-05 0.0048391
6.5143e-05 3.9796e-05 0.0012063 5.4136e-05 0.00023812 8.7656e-05 0.0048278
6.2271e-05 3.8102e-05 0.0012061 5.3796e-05 0.00023502 8.5175e-05 0.0048184
5.9672e-05 3.6448e-05 0.0011888 5.3501e-05 0.00023258 8.2923e-05 0.0048109
5.7007e-05 3.4784e-05 0.001171 5.3196e-05 0.00023002 8.0629e-05 0.004803
5.4588e-05 3.3158e-05 0.0011552 5.2932e-05 0.00022804 7.8543e-05 0.0047969
5.2098e-05 3.152e-05 0.0011389 5.2656e-05 0.00022592 7.6411e-05 0.0047903
4.9544e-05 2.9871e-05 0.0011223 5.2371e-05 0.00022368 7.4237e-05 0.0047833
4.7229e-05 2.8262e-05 0.0011075 5.2127e-05 0.00022199 7.2266e-05 0.0047781
4.4846e-05 2.664e-05 0.0010922 5.1872e-05 0.00022018 7.025e-05 0.0047725
4.2402e-05 2.5007e-05 0.0010766 5.1607e-05 0.00021825 6.8195e-05 0.0047664
4.0184e-05 2.3413e-05 0.0010628 5.1382e-05 0.00021683 6.6332e-05 0.0047621
3.8173e-05 2.1857e-05 0.0010504 5.1196e-05 0.00021585 6.4643e-05 0.0047597
3.6351e-05 2.0338e-05 0.0010395 5.1049e-05 0.00021529 6.3113e-05 0.004759
3.47e-05 1.8854e-05 0.0010299 5.0937e-05 0.0002151 6.1726e-05 0.0047601
3.2994e-05 1.7358e-05 0.0010199 5.0815e-05 0.00021481 6.0305e-05 0.0047607
3.1232e-05 1.585e-05 0.0010096 5.0683e-05 0.00021444 5.8852e-05 0.0047609
2.942e-05 1.4332e-05 0.00099913 5.0541e-05 0.00021397 5.7369e-05 0.0047606
2.7773e-05 1.2849e-05 0.00098983 5.0436e-05 0.00021388 5.6023e-05 0.0047621
2.6072e-05 1.2801e-05 0.00098024 5.0276e-05 0.00021362 5.4646e-05 0.0047631
2.4525e-05 1.2757e-05 0.00097179 5.0152e-05 0.00021372 5.3397e-05 0.0047659
2.3118e-05 1.2718e-05 0.00096439 5.0063e-05 0.00020958 5.2266e-05 0.0047705
2.1841e-05 1.2682e-05 0.00095796 5.001e-05 0.00020625 5.1242e-05 0.0047768
2.0683e-05 1.2651e-05 0.00095242 4.999e-05 0.0002036 5.0318e-05 0.0047849
1.9484e-05 1.2614e-05 0.00094668 4.9962e-05 0.00020081 4.9372e-05 0.0047926
1.8399e-05 1.2581e-05 0.00094182 4.9968e-05 0.00019863 4.8521e-05 0.0048022
1.7415e-05 1.2553e-05 0.00093774 5.0009e-05 0.00019696 4.7754e-05 0.0048137
1.6391e-05 1.2518e-05 0.00093347 5.004e-05 0.00019518 4.6967e-05 0.0048247
1.5325e-05 1.2477e-05 0.00092899 5.0061e-05 0.00019326 4.6158e-05 0.0048352
1.4216e-05 1.243e-05 0.0009243 5.0071e-05 0.00019121 4.5327e-05 0.0048451
1.3222e-05 1.2388e-05 0.00089571 5.012e-05 0.00018778 4.4587e-05 0.0048572
1.2189e-05 1.234e-05 0.00086644 5.0159e-05 0.00018415 4.3827e-05 0.0048688
1.1251e-05 1.2296e-05 0.00084022 5.0234e-05 0.00018127 4.3147e-05 0.0048824
1.0272e-05 1.2246e-05 0.00081328 5.0298e-05 0.00017822 4.2446e-05 0.0048955
9.3821e-06 1.22e-05 0.00078915 5.0398e-05 0.00017582 4.182e-05 0.0049107
8.5735e-06 1.2159e-05 0.00076757 5.0537e-05 0.00017398 4.1264e-05 0.0049281
7.729e-06 1.2111e-05 0.00074543 5.0664e-05 0.00017201 4.069e-05 0.0049449
6.9648e-06 1.2069e-05 0.00072576 5.0833e-05 0.00017056 4.0186e-05 0.0049641
6.1589e-06 1.2019e-05 0.0007054 5.0987e-05 0.00016896 3.9659e-05 0.0049826
5.3047e-06 1.1963e-05 0.00068416 5.1125e-05 0.00016705 3.9106e-05 0.005
4.3927e-06 1.1898e-05 0.00066179 5.1241e-05 0.00016487 3.8404e-05 0.0050163
3.4208e-06 1.1824e-05 0.00063822 5.1338e-05 0.00016241 3.7664e-05 0.0050314
3.4787e-06 1.1744e-05 0.00061341 5.1417e-05 0.00015968 3.6887e-05 0.0052056
3.512e-06 1.1656e-05 0.00058776 5.1483e-05 0.00015675 3.6082e-05 0.0053762
3.5224e-06 1.1562e-05 0.00056141 5.1538e-05 0.00015363 3.5256e-05 0.005544
3.5105e-06 1.1462e-05 0.0005344 5.1583e-05 0.00015034 3.4407e-05 0.0057092
3.4766e-06 1.1356e-05 0.00050671 5.1617e-05 0.00014688 3.3536e-05 0.0058718
3.4205e-06 1.1244e-05 0.00047834 5.1641e-05 0.00014323 3.2644e-05 0.0060319
3.3797e-06 1.1136e-05 0.00045287 5.1701e-05 0.00014031 3.1838e-05 0.0062037
3.3531e-06 1.1032e-05 0.00042994 5.1797e-05 0.00013796 3.1109e-05 0.0063876
3.3046e-06 1.0922e-05 0.00040644 5.1882e-05 0.00013549 3.0362e-05 0.0065688
3.235e-06 1.0806e-05 0.00038245 5.1958e-05 0.00013289 2.9597e-05 0.0067475
3.1801e-06 1.0694e-05 0.0003609 5.2071e-05 0.00013084 2.8908e-05 0.0069393
3.1388e-06 1.0587e-05 0.00034151 5.222e-05 0.00012924 2.8286e-05 0.0071446
3.0765e-06 1.0473e-05 0.00032169 5.2359e-05 0.00012755 2.7649e-05 0.0073472
2.9923e-06 1.0353e-05 0.00030138 5.2489e-05 0.00012574 2.6995e-05 0.0075467
2.9213e-06 1.0237e-05 0.00028309 5.2655e-05 0.00012435 2.6404e-05 0.0077603
2.8287e-06 1.0115e-05 0.00026435 5.281e-05 0.00012286 2.5798e-05 0.0079707
2.7493e-06 9.9971e-06 0.00024752 5.3004e-05 0.00012176 2.5253e-05 0.0081964
2.6819e-06 9.8826e-06 0.00023236 5.3237e-05 0.00012098 2.4762e-05 0.0084379
2.5932e-06 9.7622e-06 0.00021683 5.3459e-05 0.00012012 2.4258e-05 0.0086759
2.5158e-06 9.6454e-06 0.00020284 5.3721e-05 0.00011957 2.3805e-05 0.0089306
2.4499e-06 9.5322e-06 0.00019028 5.4026e-05 0.00011931 2.3401e-05 0.0092037
2.3943e-06 9.4225e-06 0.00017898 5.4375e-05 0.00011534 2.3042e-05 0.009496
2.349e-06 9.3163e-06 0.00016884 5.477e-05 0.00011214 2.2724e-05 0.0098095
2.3137e-06 9.2143e-06 0.00015974 5.4322e-05 0.00010956 2.2446e-05 0.010145
2.2875e-06 9.1155e-06 0.00015157 5.3922e-05 0.00010752 2.2203e-05 0.010505
2.2413e-06 9.011e-06 0.0001432 5.3511e-05 0.00010538 2.1951e-05 0.01086
2.2039e-06 8.9097e-06 0.00013567 5.3146e-05 0.00010368 2.1733e-05 0.01124
2.1751e-06 8.8115e-06 0.00012891 5.2826e-05 0.00010237 2.1547e-05 0.011647
2.1551e-06 8.7165e-06 0.00012286 5.2548e-05 0.0001014 2.1393e-05 0.012083
2.1432e-06 8.6245e-06 0.00011743 5.2311e-05 0.00010073 2.1267e-05 0.01255
2.1107e-06 8.5266e-06 0.00011184 5.2063e-05 9.998e-05 2.1133e-05 0.013009
2.0584e-06 8.4231e-06 0.00010611 5.1805e-05 9.9165e-05 2.099e-05 0.013463
2.0146e-06 8.3226e-06 0.00010098 5.1588e-05 9.8638e-05 2.0877e-05 0.01395
1.9793e-06 8.2254e-06 9.6403e-05 5.141e-05 9.8379e-05 2.0792e-05 0.014472
1.953e-06 8.1314e-06 9.234e-05 5.1272e-05 9.8387e-05 2.0736e-05 0.015033
1.938e-06 8.0416e-06 8.8787e-05 5.1176e-05 9.869e-05 2.0711e-05 0.015642
1.9422e-06 7.9582e-06 8.5827e-05 5.1136e-05 9.9404e-05 2.0728e-05 0.016316
1.9687e-06 7.851e-06 8.3425e-05 5.1049e-05 0.00010063 2.0789e-05 0.016556
1.966e-06 7.735e-06 8.08e-05 5.0936e-05 0.00010165 2.0831e-05 0.016786
1.984e-06 7.6277e-06 7.8661e-05 5.0035e-05 0.00010105 2.0458e-05 0.017043
2.0136e-06 7.5243e-06 7.6835e-05 4.9222e-05 0.00010077 2.0133e-05 0.017322
2.0521e-06 7.4239e-06 7.5263e-05 4.8483e-05 0.00010075 1.9848e-05 0.017622
2.0989e-06 7.3262e-06 7.3915e-05 4.7809e-05 0.00010098 1.9598e-05 0.017944
2.125e-06 7.2226e-06 7.2493e-05 4.7119e-05 0.00010115 1.9338e-05 0.018261
2.1312e-06 7.1135e-06 7.1003e-05 4.6414e-05 0.00010126 1.9069e-05 0.018574
2.1175e-06 6.9987e-06 6.9446e-05 4.5695e-05 0.00010131 1.8791e-05 0.018882
2.1123e-06 6.8867e-06 6.8108e-05 4.504e-05 9.841e-05 1.8547e-05 0.019214
2.0866e-06 6.7688e-06 6.6698e-05 4.437e-05 9.5364e-05 1.8294e-05 0.01954
2.0402e-06 6.6452e-06 6.5215e-05 4.3683e-05 9.2161e-05 1.803e-05 0.019861
2.0022e-06 6.5241e-06 6.3942e-05 4.3058e-05 8.9576e-05 1.78e-05 0.020206
1.9444e-06 6.3975e-06 6.2605e-05 4.2419e-05 8.6871e-05 1.7562e-05 0.020546
1.8667e-06 6.2653e-06 6.1205e-05 4.1767e-05 8.4044e-05 1.7314e-05 0.020882
1.7693e-06 6.1275e-06 5.974e-05 4.1102e-05 8.1089e-05 1.7059e-05 0.021213
1.6798e-06 5.9923e-06 5.8478e-05 4.0496e-05 7.8705e-05 1.6835e-05 0.021569
1.57e-06 5.8513e-06 5.7147e-05 3.9875e-05 7.6194e-05 1.6602e-05 0.021919
1.467e-06 5.7127e-06 5.6003e-05 3.9309e-05 7.4168e-05 1.6399e-05 0.022294
1.3705e-06 5.5764e-06 5.5039e-05 3.8796e-05 7.2559e-05 1.6225e-05 0.022696
1.2794e-06 5.4427e-06 5.4239e-05 3.5959e-05 7.1298e-05 1.5042e-05 0.023127
1.1927e-06 5.3112e-06 5.3595e-05 3.3339e-05 7.0336e-05 1.3965e-05 0.023588
1.1104e-06 5.1817e-06 5.3104e-05 3.0925e-05 6.9644e-05 1.2987e-05 0.024083
1.6319e-06 5.0467e-06 5.2551e-05 2.847e-05 7.2501e-05 1.1988e-05 0.024572
2.1283e-06 4.9062e-06 5.1944e-05 2.5976e-05 7.5235e-05 1.0968e-05 0.025054
2.663e-06 4.7678e-06 5.1485e-05 2.3677e-05 7.8607e-05 1.0041e-05 0.02557
3.1704e-06 4.6237e-06 5.0969e-05 2.1336e-05 8.1817e-05 9.0926e-06 0.02608
3.6522e-06 4.4741e-06 5.0399e-05 1.8956e-05 8.4891e-05 8.1247e-06 0.026582
4.175e-06 4.3265e-06 4.9975e-05 1.6763e-05 8.8679e-05 7.2445e-06 0.027121
4.6697e-06 4.1731e-06 4.9493e-05 1.4528e-05 9.2286e-05 6.3434e-06 0.027652
5.1364e-06 4.0142e-06 4.8952e-05 1.2251e-05 9.5719e-05 5.4205e-06 0.028175
5.5767e-06 3.8496e-06 4.8357e-05 9.9345e-06 9.9003e-05 4.4777e-06 0.028691
6.0612e-06 3.6872e-06 4.791e-05 7.8041e-06 0.00010306 3.6224e-06 0.029245
6.5963e-06 3.527e-06 4.7609e-05 5.8488e-06 0.00010349 2.8483e-06 0.029842
7.1882e-06 3.3689e-06 4.7453e-05 4.0545e-06 0.00010421 2.1478e-06 0.030485
7.7443e-06 3.2015e-06 4.7229e-05 3.8659e-06 0.00010485 2.0939e-06 0.031111
8.2653e-06 3.028e-06 4.6939e-05 3.6694e-06 0.00010539 2.0345e-06 0.031725
8.8495e-06 2.857e-06 4.6801e-05 3.492e-06 0.00010626 1.985e-06 0.032388
9.3958e-06 2.6798e-06 4.6593e-05 3.3066e-06 0.00010703 1.9299e-06 0.033038
9.9044e-06 2.4963e-06 4.6315e-05 3.1131e-06 0.0001077 1.8693e-06 0.033673
1.0493e-05 2.3164e-06 4.6215e-05 2.941e-06 0.00010877 1.8199e-06 0.034369
1.0549e-05 2.1409e-06 4.4835e-05 2.7913e-06 0.00011039 1.7829e-06 0.035143
1.0563e-05 1.9583e-06 4.3328e-05 2.6321e-06 0.00011183 1.739e-06 0.035891
1.0642e-05 1.7798e-06 4.2109e-05 2.493e-06 0.00011389 1.7066e-06 0.036722
1.0676e-05 1.5939e-06 4.0759e-05 2.3439e-06 0.0001157 1.667e-06 0.037521
1.0777e-05 1.4121e-06 3.968e-05 2.214e-06 0.00011549 1.6386e-06 0.038409
1.0947e-05 1.234e-06 3.8842e-05 2.1011e-06 0.00011569 1.6208e-06 0.039396
1.1074e-05 1.2664e-06 3.7903e-05 1.9611e-06 0.00011575 1.5968e-06 0.040351
1.1273e-05 1.2988e-06 3.719e-05 1.8389e-06 0.00011624 1.5831e-06 0.041413
1.1423e-05 1.6438e-06 3.6366e-05 1.6867e-06 0.00011656 1.5627e-06 0.042434
1.153e-05 1.9799e-06 3.544e-05 1.5251e-06 0.00011673 1.536e-06 0.04342
1.1716e-05 2.3269e-06 3.4751e-05 1.3843e-06 0.00011737 1.5204e-06 0.044526
1.1613e-05 2.5396e-06 3.5487e-05 1.364e-06 0.00011729 1.4948e-06 0.045235
1.1588e-05 2.759e-06 3.6472e-05 1.3521e-06 0.00011534 1.3372e-06 0.046032
1.1516e-05 2.9702e-06 3.7387e-05 1.3346e-06 0.0001131 1.1675e-06 0.046797
1.1395e-05 3.1732e-06 3.8186e-05 1.3113e-06 0.00011053 1.1836e-06 0.047533
1.1353e-05 3.3831e-06 3.9246e-05 1.2964e-06 0.0001088 1.2094e-06 0.048361
1.1258e-05 3.5842e-06 4.017e-05 1.2753e-06 0.00010676 1.2283e-06 0.049151
1.1241e-05 3.7924e-06 4.1374e-05 1.2623e-06 0.00010544 1.2573e-06 0.050039
1.1292e-05 4.007e-06 4.2867e-05 1.2563e-06 0.00010463 1.296e-06 0.050291
1.1309e-05 4.215e-06 4.4267e-05 1.2463e-06 0.00010371 1.3299e-06 0.050538
1.1299e-05 4.4172e-06 4.5599e-05 1.2329e-06 0.0001027 1.3598e-06 0.05078
1.1263e-05 4.6136e-06 4.687e-05 1.2163e-06 0.00010162 1.3861e-06 0.051019
1.12e-05 4.8044e-06 4.808e-05 1.1964e-06 0.00010046 1.4087e-06 0.051255
1.1176e-05 4.9979e-06 4.9472e-05 1.1803e-06 9.9612e-05 1.4368e-06 0.051508
1.1125e-05 5.1856e-06 5.0796e-05 1.1609e-06 0.00010302 1.4611e-06 0.051757
1.1047e-05 5.3674e-06 5.2053e-05 1.1381e-06 0.00010625 1.4814e-06 0.052003
1.1008e-05 5.5522e-06 5.3505e-05 1.1191e-06 0.00011025 1.5076e-06 0.052017
1.1008e-05 5.74e-06 5.5167e-05 1.1037e-06 0.00011517 1.5399e-06 0.052038
1.0981e-05 5.9219e-06 5.6756e-05 1.0851e-06 0.00011985 1.5681e-06 0.052057
1.0928e-05 6.0982e-06 5.8279e-05 1.0633e-06 0.00012435 1.5927e-06 0.052075
1.085e-05 6.2689e-06 5.9738e-05 1.0384e-06 0.00012866 1.6136e-06 0.052092
1.0746e-05 6.4339e-06 6.1132e-05 1.0103e-06 0.00013279 1.6308e-06 0.052108
1.068e-05 6.6018e-06 6.2736e-05 9.858e-07 0.00013786 1.6539e-06 0.05213
1.0587e-05 6.7639e-06 6.4265e-05 9.5796e-07 0.00014268 1.6731e-06 0.05215
1.0467e-05 6.9201e-06 6.5722e-05 9.2684e-07 0.00014729 1.6883e-06 0.052169
1.032e-05 7.0704e-06 6.7106e-05 8.9243e-07 0.00015167 1.6996e-06 0.052187
1.0211e-05 7.2238e-06 6.8705e-05 8.6145e-07 0.00015705 1.7168e-06 0.052211
1.0074e-05 7.3712e-06 7.0229e-05 8.272e-07 0.00016217 1.7301e-06 0.052233
9.9117e-06 7.5129e-06 7.1683e-05 7.898e-07 0.00016708 1.7396e-06 0.052254
9.7228e-06 7.6486e-06 7.3067e-05 7.4914e-07 0.00017177 1.7452e-06 0.052297
9.5079e-06 7.7787e-06 7.4382e-05 7.053e-07 0.00017626 1.7471e-06 0.052338
9.2669e-06 7.903e-06 7.563e-05 6.5828e-07 0.00018055 1.7452e-06 0.052379
8.9999e-06 8.0216e-06 7.6812e-05 6.0806e-07 0.00018448 1.7395e-06 0.052418
8.7067e-06 8.1345e-06 7.7928e-05 5.5464e-07 0.00018824 1.73e-06 0.052455
8.3873e-06 8.2418e-06 7.8978e-05 4.9801e-07 0.00019183 1.7168e-06 0.052492
8.1074e-06 8.3521e-06 8.0239e-05 4.4508e-07 0.0001916 1.7097e-06 0.052534
7.8016e-06 8.4567e-06 8.1431e-05 3.8898e-07 0.00019128 1.6988e-06 0.052576
7.5334e-06 8.5644e-06 8.2845e-05 3.363e-07 0.00019132 1.6939e-06 0.052624
7.301e-06 8.6555e-06 8.45e-05 2.7809e-07 0.00018737 1.6966e-06 0.052697
7.1026e-06 8.7499e-06 8.6417e-05 2.2327e-07 0.00018421 1.7055e-06 0.052778
6.9364e-06 8.8475e-06 8.8619e-05 1.7144e-07 0.00018171 1.7206e-06 0.052867
6.7444e-06 8.9363e-06 9.0729e-05 1.9388e-07 0.00017906 1.7317e-06 0.052954
6.5267e-06 9.0191e-06 9.2749e-05 2.1361e-07 0.00017625 1.7387e-06 0.05304
6.3387e-06 9.105e-06 9.5057e-05 2.3413e-07 0.00017404 1.7518e-06 0.053134
6.1787e-06 9.194e-06 9.7677e-05 2.5558e-07 0.00017233 1.7711e-06 0.053236
5.9952e-06 9.2773e-06 0.00010021 2.7437e-07 0.00017051 1.7865e-06 0.053337
5.8394e-06 9.3639e-06 0.00010309 2.9425e-07 0.00016916 1.8084e-06 0.053448
5.6603e-06 9.4449e-06 0.00010587 3.1146e-07 0.00016771 1.8265e-06 0.053557
5.5077e-06 9.5291e-06 0.00010902 3.2985e-07 0.00016667 1.8512e-06 0.053675
5.3803e-06 9.6168e-06 0.00011258 3.4955e-07 0.000166 1.8827e-06 0.053804
5.23e-06 9.6987e-06 0.00011603 3.6654e-07 0.00016526 1.9103e-06 0.053931
5.1039e-06 9.7841e-06 0.00011992 3.8493e-07 0.00016487 1.9449e-06 0.054069
5.0001e-06 9.8728e-06 0.00012428 4.0478e-07 0.0001648 1.9867e-06 0.054218
4.8738e-06 9.9559e-06 0.00012852 4.2187e-07 0.00016466 2.0244e-06 0.054365
4.7248e-06 1.0033e-05 0.00013264 4.362e-07 0.00016444 2.0583e-06 0.05451
4.5517e-06 1.0104e-05 0.00013662 4.4765e-07 0.00016414 2.0878e-06 0.054652
4.4023e-06 1.0179e-05 0.00014112 4.6076e-07 0.00015958 2.112e-06 0.054806
4.2302e-06 1.0249e-05 0.0001455 4.7109e-07 0.00015482 2.1322e-06 0.054958
4.0792e-06 1.0321e-05 0.00015041 4.8301e-07 0.00015096 2.1595e-06 0.055123
3.9047e-06 1.0388e-05 0.00015516 4.9203e-07 0.00014689 2.1827e-06 0.055284
3.7509e-06 1.0458e-05 0.00016051 5.0276e-07 0.00014361 2.2133e-06 0.055459
3.5749e-06 1.0523e-05 0.00016571 5.107e-07 0.00014018 2.2399e-06 0.055631
3.4191e-06 1.0591e-05 0.00017156 5.2048e-07 0.00013745 2.2617e-06 0.055615
3.2399e-06 1.0654e-05 0.00017724 5.273e-07 0.00013456 2.279e-06 0.055599
3.0798e-06 1.072e-05 0.00018362 5.3602e-07 0.00013227 2.3041e-06 0.055588
2.9369e-06 1.079e-05 0.00019078 5.4667e-07 0.00013048 2.3373e-06 0.055584
2.7702e-06 1.0854e-05 0.0001977 5.5418e-07 0.00012856 2.3641e-06 0.055578
2.5789e-06 1.0911e-05 0.00020437 5.5848e-07 0.00012649 2.3857e-06 0.05557
2.3618e-06 1.0962e-05 0.00021078 5.5948e-07 0.00012424 2.4021e-06 0.05556
2.167e-06 1.1017e-05 0.00021811 5.6307e-07 0.00012256 2.4281e-06 0.055558
1.9443e-06 1.1065e-05 0.00022509 5.6299e-07 0.00012069 2.448e-06 0.055553
1.7542e-06 1.1122e-05 0.00023346 5.6717e-07 0.0001144 2.4819e-06 0.055415
1.5934e-06 1.1188e-05 0.00024352 5.7584e-07 0.00010989 2.5313e-06 0.055294
1.4583e-06 1.1263e-05 0.00025559 5.8918e-07 0.00010669 2.5974e-06 0.055189
1.3475e-06 1.1308e-05 0.00027018 5.9507e-07 0.00010448 2.6824e-06 0.0551
1.2089e-06 1.1343e-05 0.00028387 5.9661e-07 0.00010197 2.7449e-06 0.055006
1.4955e-06 1.137e-05 0.00029653 5.9348e-07 9.907e-05 2.7978e-06 0.054907
1.4736e-06 1.1405e-05 0.00031172 5.9482e-07 9.7119e-05 2.8679e-06 0.054538
1.4293e-06 1.1433e-05 0.00032632 5.9268e-07 9.4992e-05 2.9316e-06 0.054161
1.3904e-06 1.1465e-05 0.00034266 5.9268e-07 9.3333e-05 3.0064e-06 0.05381
1.3315e-06 1.1491e-05 0.00035858 5.8968e-07 9.1564e-05 3.0759e-06 0.053454
1.2527e-06 1.1511e-05 0.00037409 5.837e-07 8.9685e-05 3.1405e-06 0.053091
1.1784e-06 1.1535e-05 0.00039139 5.7971e-07 8.8217e-05 3.216e-06 0.052754
1.0849e-06 1.1553e-05 0.00040832 5.7288e-07 8.6664e-05 3.2868e-06 0.052413
9.9532e-07 1.1575e-05 0.00042719 5.6802e-07 8.5474e-05 3.3692e-06 0.052095
8.866e-07 1.1592e-05 0.00044565 5.603e-07 8.4205e-05 3.4466e-06 0.051773
7.8181e-07 1.1612e-05 0.00044834 5.5465e-07 8.3268e-05 3.5366e-06 0.050198
6.5731e-07 1.1626e-05 0.00045089 5.4598e-07 8.2247e-05 3.6211e-06 0.048597
5.3552e-07 1.1645e-05 0.00045398 5.3929e-07 8.1522e-05 3.7186e-06 0.047107
4.1549e-07 1.1667e-05 0.00044934 5.3455e-07 7.6678e-05 3.8302e-06 0.045718
2.9575e-07 1.1694e-05 0.00044534 5.3166e-07 7.2735e-05 3.9567e-06 0.044424
4.2231e-07 1.1715e-05 0.00044116 5.2582e-07 6.8595e-05 4.0772e-06 0.04311
5.4943e-07 1.1739e-05 0.00043758 5.2176e-07 6.5224e-05 4.2132e-06 0.041884
6.5759e-07 1.1758e-05 0.00043385 5.1479e-07 6.1685e-05 4.3432e-06 0.04064
7.4732e-07 1.1771e-05 0.00042998 5.0505e-07 5.7996e-05 4.4677e-06 0.039381
8.3809e-07 1.1787e-05 0.00042668 4.9702e-07 5.4991e-05 4.6083e-06 0.038206
9.1032e-07 1.1798e-05 0.00042326 4.8623e-07 5.1855e-05 4.7433e-06 0.037016
9.8415e-07 1.1813e-05 0.00042038 4.7709e-07 4.9304e-05 4.8955e-06 0.035905
1.0388e-06 1.1822e-05 0.00041736 4.6509e-07 4.6623e-05 5.0413e-06 0.034778
1.0956e-06 1.1835e-05 0.00041486 4.547e-07 4.4447e-05 5.2053e-06 0.033727
1.1544e-06 1.1851e-05 0.00041284 4.4577e-07 4.268e-05 5.3885e-06 0.032745
1.2164e-06 1.1872e-05 0.00041129 4.3833e-07 4.1264e-05 5.5931e-06 0.031828
1.2818e-06 1.1896e-05 0.00041019 4.3232e-07 4.0143e-05 5.8208e-06 0.030973
1.3515e-06 1.1925e-05 0.00040952 4.2772e-07 3.9271e-05 6.0739e-06 0.030175
1.4015e-06 1.1947e-05 0.00040873 4.2028e-07 4.0782e-05 6.3188e-06 0.029365
1.4556e-06 1.1973e-05 0.00040837 4.1416e-07 4.2651e-05 6.5901e-06 0.028609
1.5144e-06 1.2003e-05 0.00040842 4.093e-07 4.4951e-05 6.8903e-06 0.027903
1.579e-06 1.2038e-05 0.00040891 4.0578e-07 4.5065e-05 6.8435e-06 0.027244
1.6241e-06 1.2066e-05 0.00040929 3.9953e-07 4.5136e-05 6.7913e-06 0.026577
1.6497e-06 1.2089e-05 0.00040956 3.9057e-07 4.5164e-05 6.7336e-06 0.025901
1.6815e-06 1.2116e-05 0.00041027 3.8294e-07 4.5376e-05 6.6681e-06 0.025272
1.6932e-06 1.2136e-05 0.00041086 3.7251e-07 4.5539e-05 6.5965e-06 0.024633
1.7106e-06 1.2161e-05 0.00041188 3.6325e-07 4.5875e-05 6.5397e-06 0.024037
1.7341e-06 1.219e-05 0.00041335 3.5517e-07 4.4539e-05 6.4977e-06 0.02348
1.7636e-06 1.2223e-05 0.00041528 3.4814e-07 4.3483e-05 6.4695e-06 0.022961
1.7735e-06 1.225e-05 0.00041709 3.3844e-07 4.2365e-05 6.4361e-06 0.022435
1.7894e-06 1.2281e-05 0.00041937 3.2975e-07 4.1495e-05 6.4164e-06 0.021943
1.7852e-06 1.2305e-05 0.00042152 3.183e-07 4.0561e-05 6.391e-06 0.021445
1.7608e-06 1.2324e-05 0.00042354 3.0411e-07 3.9563e-05 6.3601e-06 0.020939
1.7428e-06 1.2347e-05 0.00042605 2.9094e-07 3.8797e-05 6.343e-06 0.020467
1.7312e-06 1.2374e-05 0.00042909 2.7871e-07 3.4375e-05 6.3395e-06 0.020027
1.7e-06 1.2396e-05 0.000432 2.6385e-07 2.977e-05 6.331e-06 0.019581
1.675e-06 1.2421e-05 0.00043547 2.4985e-07 2.6e-05 6.3362e-06 0.019165
1.656e-06 1.2451e-05 0.00043952 2.3663e-07 2.2913e-05 6.3551e-06 0.018778
1.6427e-06 1.2485e-05 0.00044422 2.241e-07 2.039e-05 6.3879e-06 0.018416
1.6353e-06 1.2523e-05 0.00044961 2.122e-07 1.8332e-05 6.4351e-06 0.018079
1.6337e-06 1.2566e-05 0.00045578 2.0084e-07 1.6655e-05 6.4971e-06 0.017766
1.6115e-06 1.2602e-05 0.00046172 1.8678e-07 1.488e-05 6.5527e-06 0.017446
1.6018e-06 1.2645e-05 0.00046876 1.74e-07 1.2014e-05 6.6293e-06 0.017156
1.5653e-06 1.268e-05 0.00047531 1.578e-07 8.8067e-06 6.6942e-06 0.017131
1.5031e-06 1.2706e-05 0.00048143 1.3826e-07 5.2513e-06 6.7485e-06 0.017104
1.4074e-06 1.2715e-05 0.00052588 1.684e-07 4.7474e-06 6.7607e-06 0.017074
1.2822e-06 1.2715e-05 0.00056745 1.9447e-07 4.1565e-06 6.7604e-06 0.017041
1.1272e-06 1.2706e-05 0.00060635 2.1654e-07 3.4695e-06 6.7477e-06 0.017006
1.3785e-06 1.2686e-05 0.00064272 2.3469e-07 2.7322e-06 6.7224e-06 0.016968
1.6641e-06 1.2676e-05 0.00068561 2.555e-07 2.1996e-06 6.7209e-06 0.016936
1.9914e-06 1.2675e-05 0.00073631 2.7942e-07 1.8182e-06 6.7435e-06 0.016911
2.2839e-06 1.2666e-05 0.00078437 2.9953e-07 1.6143e-06 6.7553e-06 0.016884
2.5429e-06 1.2648e-05 0.00082998 3.159e-07 1.3734e-06 6.7567e-06 0.016855
2.8437e-06 1.2638e-05 0.00088356 3.3532e-07 1.2031e-06 6.7813e-06 0.016832
3.1095e-06 1.2621e-05 0.0009344 3.5092e-07 9.9995e-07 6.7954e-06 0.016806
3.4218e-06 1.2612e-05 0.00099421 3.6983e-07 8.5585e-07 6.8332e-06 0.016787
3.7909e-06 1.2613e-05 0.0010121 3.9252e-07 7.624e-07 6.8965e-06 0.016774
4.1211e-06 1.2605e-05 0.0010289 4.1121e-07 6.444e-07 6.9479e-06 0.016758
4.5014e-06 1.2605e-05 0.0010485 4.3319e-07 5.5907e-07 7.0216e-06 0.016748
4.9336e-06 1.2612e-05 0.0010712 4.5843e-07 4.9727e-07 7.1171e-06 0.016742
5.4234e-06 1.2627e-05 0.0010972 4.8718e-07 4.5594e-07 6.9532e-06 0.016741
5.9761e-06 1.2648e-05 0.0011271 5.1969e-07 4.2985e-07 6.8145e-06 0.016745
6.5997e-06 1.2677e-05 0.001133 5.5629e-07 4.1719e-07 6.6989e-06 0.016753
7.1856e-06 1.2698e-05 0.0011386 5.8913e-07 3.9004e-07 6.575e-06 0.01676
7.8439e-06 1.2726e-05 0.0011453 6.2613e-07 3.7479e-07 6.4722e-06 0.016771
8.4632e-06 1.2747e-05 0.0011517 6.5931e-07 3.4527e-07 6.3613e-06 0.01678
8.2517e-06 1.2774e-05 0.0011595 6.9711e-07 3.2944e-07 6.2712e-06 0.016795
8.0084e-06 1.2795e-05 0.0011669 7.3104e-07 2.9957e-07 6.1732e-06 0.016808
7.8046e-06 1.282e-05 0.0011755 7.6876e-07 2.7751e-07 6.0922e-06 0.016825
7.5728e-06 1.2839e-05 0.0011838 8.03e-07 2.4275e-07 6.0047e-06 0.016841
7.3774e-06 1.2863e-05 0.0011933 8.4103e-07 2.143e-07 5.933e-06 0.016861
7.2153e-06 1.2891e-05 0.0012042 8.8299e-07 1.9063e-07 5.8759e-06 0.016884
7.026e-06 1.2913e-05 0.0012148 9.2136e-07 1.5481e-07 5.8127e-06 0.016907
6.8086e-06 1.2929e-05 0.0012249 9.5608e-07 1.0649e-07 5.743e-06 0.016928
6.6302e-06 1.295e-05 0.0012366 9.9568e-07 6.384e-08 5.6898e-06 0.016954
7.7188e-06 1.2963e-05 0.0012477 1.0307e-06 9.4325e-08 5.6278e-06 0.016979
8.7453e-06 1.2968e-05 0.0012581 1.061e-06 1.1188e-07 5.5567e-06 0.017001
9.9276e-06 1.2982e-05 0.0012707 1.0984e-06 1.3537e-07 5.5073e-06 0.01703
1.1027e-05 1.3013e-05 0.0012825 1.1463e-06 3.7044e-07 5.4468e-06 0.017038
1.2317e-05 1.3055e-05 0.0012968 1.2038e-06 6.9494e-07 5.4098e-06 0.017053
1.3518e-05 1.3087e-05 0.0013102 1.2551e-06 9.7419e-07 5.362e-06 0.017065
1.4632e-05 1.311e-05 0.0013226 1.3002e-06 1.2118e-06 5.3031e-06 0.017076
1.5663e-05 1.3123e-05 0.0013342 1.3393e-06 1.4107e-06 5.233e-06 0.017084
1.6588e-05 1.3127e-05 0.0014162 1.3719e-06 1.8134e-06 5.4866e-06 0.01709
1.7692e-05 1.312e-05 0.0015176 1.3984e-06 2.3784e-06 5.5127e-06 0.017093
1.8712e-05 1.3105e-05 0.001613 1.4192e-06 2.8703e-06 5.5281e-06 0.017094
1.9931e-05 1.3099e-05 0.0017275 1.4491e-06 3.5693e-06 5.5669e-06 0.0171
2.1382e-05 1.3105e-05 0.001865 1.4887e-06 4.5577e-06 5.6303e-06 0.017113
2.31e-05 1.312e-05 0.0019106 1.5386e-06 4.8489e-06 5.5101e-06 0.017064
2.474e-05 1.3128e-05 0.0019545 1.5837e-06 5.1024e-06 5.381e-06 0.017013
2.6326e-05 1.313e-05 0.0019973 1.625e-06 5.3293e-06 5.2452e-06 0.01696
2.8073e-05 1.3136e-05 0.002045 1.6718e-06 5.6279e-06 5.1262e-06 0.016913
2.9765e-05 1.3136e-05 0.0020915 1.7149e-06 5.8986e-06 5.001e-06 0.016864
3.1403e-05 1.313e-05 0.002137 1.7542e-06 6.1421e-06 4.8696e-06 0.016814
3.3206e-05 1.3128e-05 0.0021875 1.7991e-06 6.4613e-06 4.7539e-06 0.016769
3.4953e-05 1.312e-05 0.0022368 1.8402e-06 6.7516e-06 4.6321e-06 0.016723
3.665e-05 1.4393e-05 0.0022851 1.8694e-06 7.0163e-06 4.5049e-06 0.016676
3.8298e-05 1.5657e-05 0.0023324 1.8951e-06 7.2557e-06 4.3721e-06 0.016628
4.0116e-05 1.6949e-05 0.0023851 1.9262e-06 7.5747e-06 4.2545e-06 0.016585
4.2122e-05 1.8272e-05 0.0024436 1.9629e-06 7.9854e-06 4.1512e-06 0.016545
4.4073e-05 1.9585e-05 0.0025009 1.996e-06 8.3665e-06 4.0426e-06 0.016505
4.6229e-05 2.0929e-05 0.0025647 2.035e-06 8.8543e-06 3.9154e-06 0.016469
4.832e-05 2.2262e-05 0.0026271 2.0702e-06 9.3061e-06 3.7827e-06 0.016433
5.0348e-05 2.3584e-05 0.002688 2.1016e-06 9.7231e-06 3.644e-06 0.016395
5.2591e-05 2.4939e-05 0.0027558 2.1391e-06 1.0256e-05 3.5204e-06 0.016361
5.5063e-05 2.6325e-05 0.0028312 2.1826e-06 1.0924e-05 3.4105e-06 0.016332
5.7465e-05 2.77e-05 0.0029048 2.2223e-06 1.1548e-05 3.295e-06 0.016301
6.0111e-05 2.9108e-05 0.0029865 2.2683e-06 1.2325e-05 3.1925e-06 0.016274
6.2691e-05 3.0506e-05 0.0030666 2.3106e-06 1.3059e-05 3.085e-06 0.016247
6.5539e-05 3.1938e-05 0.0031558 2.3596e-06 1.3974e-05 2.99e-06 0.016223
6.8318e-05 3.336e-05 0.0032432 2.4049e-06 1.4842e-05 2.8902e-06 0.016198
7.1029e-05 3.4771e-05 0.0033289 2.4465e-06 1.5663e-05 2.7856e-06 0.016173
7.4017e-05 3.6217e-05 0.003424 2.4948e-06 1.6682e-05 2.6926e-06 0.016151
7.7307e-05 3.7698e-05 0.0035297 2.5502e-06 1.7935e-05 2.6104e-06 0.016133
8.0509e-05 3.9167e-05 0.0036329 2.6014e-06 1.9121e-05 2.5232e-06 0.016114
8.4045e-05 4.0673e-05 0.0037479 2.6602e-06 2.0585e-05 2.4466e-06 0.016098
8.795e-05 4.2218e-05 0.0038759 2.727e-06 2.2391e-05 2.38e-06 0.016086
9.2279e-05 4.3803e-05 0.0039015 2.8027e-06 2.4626e-05 2.3231e-06 0.016078
9.6493e-05 4.5376e-05 0.0039263 2.874e-06 2.6748e-05 2.2615e-06 0.016068
0.00010121 4.6995e-05 0.0039547 2.9555e-06 2.9421e-05 2.2101e-06 0.016063
0.00013719 4.8589e-05 0.0039813 3.0294e-06 3.183e-05 2.1512e-06 0.016055
0.00017159 5.0158e-05 0.0040065 3.0962e-06 5.1085e-05 2.0849e-06 0.016046
0.00020423 5.17e-05 0.0040301 3.1549e-06 8.4236e-05 2.2384e-06 0.016035
0.0002361 5.3215e-05 0.0040521 3.2058e-06 0.00011404 2.3803e-06 0.016022
0.0004731 5.4704e-05 0.0040726 3.2493e-06 0.00013968 2.5115e-06 0.016007
0.00073969 5.6247e-05 0.0040966 3.3045e-06 0.00017266 2.663e-06 0.015997
0.0010379 5.7842e-05 0.004096 3.3715e-06 0.00021453 2.8359e-06 0.015991
0.0013274 5.9417e-05 0.0040949 3.4322e-06 0.00025375 2.9994e-06 0.015984
0.0016088 6.0972e-05 0.0040933 3.4868e-06 0.0002906 3.154e-06 0.015975
0.0016731 6.249e-05 0.0040934 3.5341e-06 0.0003367 3.3297e-06 0.01597
0.0017359 6.3992e-05 0.004093 3.5763e-06 0.00038063 3.4975e-06 0.015965
0.0018056 6.5542e-05 0.0040943 3.629e-06 0.00039045 3.6874e-06 0.015963
0.0018734 6.7074e-05 0.0040951 3.6763e-06 0.00039972 3.8684e-06 0.01596
0.0019486 6.8655e-05 0.0040975 3.7341e-06 0.0004113 4.0728e-06 0.015961
0.0019647 7.0285e-05 0.0041016 3.8032e-06 0.00041338 4.3034e-06 0.015966
0.0019827 7.1966e-05 0.0041073 3.8836e-06 0.00041624 4.5688e-06 0.015975
0.0020027 7.3696e-05 0.0041148 3.9755e-06 0.00041998 4.8649e-06 0.015988
0.0020249 7.5475e-05 0.0041239 4.079e-06 0.00042474 5.1936e-06 0.016004
0.0020495 7.7304e-05 0.0041349 4.1948e-06 0.00043073 5.5583e-06 0.016024
0.0020735 7.9118e-05 0.0041455 4.3054e-06 0.00043642 5.9121e-06 0.016043
0.002097 8.0917e-05 0.0041556 4.4109e-06 0.00044183 6.2551e-06 0.016061
0.0020993 8.2775e-05 0.0041678 4.2903e-06 0.00044169 6.6382e-06 0.016083
0.0021015 8.4616e-05 0.0041795 4.1638e-06 0.0004414 7.0085e-06 0.016104
0.0021044 8.6508e-05 0.0041931 4.0502e-06 0.00044166 7.4193e-06 0.01613
0.0021082 8.8454e-05 0.0042089 3.9487e-06 0.0004425 7.8749e-06 0.016159
0.0021128 9.0454e-05 0.0042271 3.8585e-06 0.00044395 8.3797e-06 0.016192
0.0021184 9.2511e-05 0.004248 3.7793e-06 0.00044609 8.9407e-06 0.016229
0.0021237 9.4552e-05 0.0042682 3.6952e-06 0.00044806 9.4861e-06 0.016266
0.0021288 9.6575e-05 0.0042878 3.606e-06 0.00044985 1.0015e-05 0.016301
0.0021351 9.8669e-05 0.0042846 3.5302e-06 0.00045255 1.0616e-05 0.016342
0.0021409 0.00010073 0.0042807 3.4472e-06 0.00045492 1.1189e-05 0.016381
0.0021482 0.00010288 0.0042789 3.3788e-06 0.00045847 1.1851e-05 0.016427
0.0021549 0.000105 0.0042764 3.3031e-06 0.0004616 1.248e-05 0.01647
0.0021612 0.00010708 0.0042731 3.2193e-06 0.0004645 1.3073e-05 0.016511
0.0021669 0.00010909 0.0042689 3.3887e-06 0.00046674 1.3808e-05 0.016549
0.002172 0.00011107 0.0042638 3.5466e-06 0.00046858 1.45e-05 0.016584
0.0021787 0.00011316 0.0042613 3.5419e-06 0.0004717 1.5318e-05 0.016628
0.0021848 0.00011521 0.0042578 3.5286e-06 0.00047428 1.6082e-05 0.016668
0.0021925 0.00011735 0.0042567 3.5296e-06 0.00047517 1.6983e-05 0.016715
0.0021996 0.00011945 0.0042546 3.5221e-06 0.00047565 1.7824e-05 0.016759
0.0022059 0.0001215 0.0042515 3.5059e-06 0.00047558 1.8608e-05 0.016801
0.002214 0.00012366 0.0042509 3.5045e-06 0.00047651 1.9537e-05 0.01685
0.0022241 0.00012561 0.0042528 3.4867e-06 0.00047855 2.0635e-05 0.016908
0.0022234 0.00012766 0.0042571 3.2902e-06 0.00048193 2.0948e-05 0.016975
0.0022222 0.00012963 0.0042605 3.3582e-06 0.00048475 2.1232e-05 0.017038
0.0022206 0.00013156 0.004263 3.4178e-06 0.00048712 2.1491e-05 0.017098
0.0022203 0.00013359 0.0042489 3.4944e-06 0.00049093 2.1817e-05 0.017168
0.0022213 0.00013572 0.0041995 3.589e-06 0.00049101 2.1762e-05 0.017168
0.0022235 0.00013765 0.0041586 3.6655e-06 0.00049209 2.1691e-05 0.017175
0.0022253 0.0001395 0.0041145 4.3636e-06 0.00049276 2.1596e-05 0.017179
0.0022265 0.00014132 0.0040671 5.0247e-06 0.00049305 2.1479e-05 0.017181
0.0022289 0.00014323 0.0040273 5.7737e-06 0.00049427 2.1407e-05 0.017188
0.0022309 0.00014509 0.0039848 6.4862e-06 0.00049514 2.1315e-05 0.017194
0.0022341 0.00014704 0.003949 7.2924e-06 0.00049698 2.1267e-05 0.017204
0.0022368 0.00014895 0.0039108 8.0592e-06 0.00049843 2.12e-05 0.017213
0.0022391 0.00015083 0.0038703 8.7928e-06 0.00049952 2.1115e-05 0.017219
0.0022426 0.0001528 0.0038364 9.6266e-06 0.00050175 2.1075e-05 0.017231
0.0022475 0.00015485 0.003808 1.0572e-05 0.00050523 2.1077e-05 0.017249
0.0022519 0.00015687 0.0037777 1.1473e-05 0.00050823 2.1061e-05 0.017265
0.0022576 0.00015898 0.0037524 1.2496e-05 0.00051267 2.1087e-05 0.017286
0.0022649 0.00016118 0.0037314 1.3657e-05 0.00051903 2.1157e-05 0.017313
0.0022715 0.00016334 0.0037404 1.476e-05 0.00052457 2.1207e-05 0.017338
0.0022774 0.00016545 0.0037483 1.5834e-05 0.00052904 2.2329e-05 0.01736
