Alectura_lathami Anas_platyrhynchos Anseranas_semipalmata Anser_cygnoides Aythya_fuligula Callipepla_squamata Centrocercus_minimus Chrysolophus_pictus Colinus_virginianus Coturnix_japonica Cygnus_atratus Gallus_gallus
0.1123 5.9792e-05 1.2334e-05 0.0013197 0.0029177 0.0001979 5.2712e-05 0.00035398 0.0001208 1.0647e-06 0.02539 2.1239e-05
0.1097 5.7985e-05 1.1861e-05 0.0013157 0.0029146 0.00019532 5.185e-05 0.00034887 0.00011865 8.1267e-07 0.025397 2.0551e-05
0.10727 5.6199e-05 1.1406e-05 0.0013116 0.0029116 0.00019279 5.1007e-05 0.00034396 0.00011654 5.9243e-07 0.025403 1.9895e-05
0.10478 5.4405e-05 1.0945e-05 0.0013076 0.0029085 0.00019024 5.0157e-05 0.00033899 0.00011441 3.6355e-07 0.02541 1.9229e-05
0.10223 5.2603e-05 1.048e-05 0.0013036 0.0029055 0.00018767 4.9302e-05 0.00033397 0.00011228 3.4424e-07 0.025416 1.8555e-05
0.099622 5.0793e-05 1.0009e-05 0.0012995 0.0029024 0.0001851 4.844e-05 0.00032889 0.00011013 3.2342e-07 0.025422 1.7871e-05
0.097197 4.9007e-05 9.5576e-06 0.0012955 0.0028994 0.00018256 4.7599e-05 0.00032401 0.00010802 3.0606e-07 0.025429 1.7222e-05
0.094714 4.7213e-05 9.101e-06 0.0012914 0.0028964 0.00018002 4.6752e-05 0.00031908 0.0001059 2.8719e-07 0.025435 1.6564e-05
0.092177 4.5411e-05 8.6392e-06 0.0012874 0.0028933 0.00017745 4.5899e-05 0.0003141 0.00010376 2.6686e-07 0.025442 1.5896e-05
0.089797 4.363e-05 8.1948e-06 0.0012834 0.0028903 0.00017493 4.5065e-05 0.0003093 0.00010167 2.4942e-07 0.025448 1.5259e-05
0.087565 4.187e-05 7.767e-06 0.0012794 0.0028874 0.00017244 4.4248e-05 0.00030468 9.9608e-05 2.3455e-07 0.025455 1.465e-05
0.085284 4.0103e-05 7.3343e-06 0.0012755 0.0028844 0.00016994 4.3449e-05 0.0003 9.7537e-05 2.1835e-07 0.025462 1.4033e-05
0.083145 3.8356e-05 6.9177e-06 0.0012715 0.0028815 0.00016748 4.2667e-05 0.0002955 9.5504e-05 2.0452e-07 0.025469 1.3444e-05
0.080957 3.6601e-05 6.4964e-06 0.0012676 0.0028786 0.000165 4.1879e-05 0.00029095 9.3458e-05 1.8941e-07 0.025476 1.2847e-05
0.078906 3.4867e-05 6.0908e-06 0.0012637 0.0028758 0.00016257 4.1108e-05 0.00028657 9.1449e-05 1.7647e-07 0.025483 1.2276e-05
0.077 3.3155e-05 5.7019e-06 0.0012598 0.002873 0.00016016 4.0356e-05 0.00028237 8.948e-05 1.6581e-07 0.02549 1.1734e-05
0.075231 3.1465e-05 5.329e-06 0.001256 0.0028703 0.0001578 3.9622e-05 0.00027835 8.755e-05 1.5711e-07 0.025498 1.1218e-05
0.073415 2.9767e-05 4.9514e-06 0.0012522 0.0028675 0.00015543 3.8882e-05 0.00027428 8.5607e-05 1.4722e-07 0.025505 1.0695e-05
0.07173 2.8092e-05 4.5894e-06 0.0012485 0.0028649 0.00015309 3.816e-05 0.00027038 8.3703e-05 1.3913e-07 0.025513 1.0198e-05
0.070168 2.6437e-05 4.2422e-06 0.0012447 0.0028623 0.0001508 3.7432e-05 0.00026642 8.1837e-05 1.3268e-07 0.025521 9.7255e-06
0.068721 2.4804e-05 3.9093e-06 0.0012411 0.0028597 0.00014854 3.6721e-05 0.00026264 8.0008e-05 1.2769e-07 0.025529 9.2767e-06
0.067382 2.3192e-05 3.59e-06 0.0012375 0.0028572 0.00014631 3.6028e-05 0.00025902 7.8216e-05 1.2407e-07 0.025537 8.8501e-06
0.066008 2.1572e-05 3.2668e-06 0.0012338 0.0028547 0.00014408 3.5329e-05 0.00025535 7.6412e-05 1.1943e-07 0.025545 8.4172e-06
0.064726 1.9971e-05 2.9553e-06 0.0012303 0.0028523 0.00014187 3.4645e-05 0.00025182 7.4641e-05 1.1591e-07 0.025554 8.0037e-06
0.063408 1.8362e-05 2.6398e-06 0.0012267 0.0028498 0.00013966 3.3956e-05 0.00024824 7.2856e-05 1.1135e-07 0.025562 7.5835e-06
0.062052 1.837e-05 2.3202e-06 0.001223 0.0028473 0.00013743 3.3262e-05 0.00024462 7.106e-05 1.0577e-07 0.02557 7.1568e-06
0.060805 1.8372e-05 1.9854e-06 0.0012194 0.0028447 0.00013524 3.2584e-05 0.00024116 6.93e-05 1.0145e-07 0.025579 6.7514e-06
0.059521 1.837e-05 1.9686e-06 0.0012157 0.0028421 0.00013303 3.19e-05 0.00023765 6.7528e-05 9.6102e-08 0.025587 6.3394e-06
0.058202 1.8364e-05 1.9501e-06 0.0012121 0.0028395 0.00013081 3.1211e-05 0.00023409 6.5744e-05 8.9765e-08 0.025595 5.9214e-06
0.056982 1.8359e-05 1.9335e-06 0.0012084 0.0028369 0.00012863 3.0539e-05 0.00023068 6.3995e-05 8.4596e-08 0.025603 5.5235e-06
0.055853 1.8355e-05 1.9186e-06 0.0012049 0.0028344 0.00012648 2.9882e-05 0.00022742 6.2279e-05 8.0478e-08 0.025612 5.1448e-06
0.054812 1.8354e-05 1.9054e-06 0.0012013 0.002832 0.00012437 2.922e-05 0.0002243 6.0597e-05 7.732e-08 0.025621 4.7842e-06
0.053844 1.8353e-05 1.8938e-06 0.0011979 0.0028296 0.00012229 2.5712e-05 0.00022131 5.8944e-05 7.4914e-08 0.02563 4.4392e-06
0.052845 1.8348e-05 1.8804e-06 0.0011944 0.0028272 0.00012019 2.5389e-05 0.00021827 5.728e-05 7.1572e-08 0.025639 4.0886e-06
0.051815 1.8338e-05 1.8655e-06 0.0011908 0.0028248 0.00011808 2.5063e-05 0.00021518 5.5604e-05 6.7292e-08 0.025648 3.7324e-06
0.050756 1.8324e-05 1.8491e-06 0.0011873 0.0028223 0.00011596 2.4732e-05 0.00021206 5.3917e-05 6.2093e-08 0.025656 3.3708e-06
0.049769 1.8311e-05 1.8341e-06 0.0011838 0.00282 0.00011387 2.4409e-05 0.00020906 5.2259e-05 5.7627e-08 0.025665 3.0246e-06
0.04886 1.8299e-05 1.8207e-06 0.0011804 0.0028177 0.00011182 2.4094e-05 0.00020619 5.0632e-05 5.3939e-08 0.025675 2.6772e-06
0.048017 1.8288e-05 1.8087e-06 0.001177 0.0028154 0.00010979 2.3787e-05 0.00020343 4.9033e-05 5.0826e-08 0.025684 2.3443e-06
0.047236 1.8279e-05 1.7982e-06 0.0011736 0.0028132 0.00010779 2.3488e-05 0.00020078 4.7462e-05 4.8233e-08 0.025694 2.0253e-06
0.046515 1.8271e-05 1.7889e-06 0.0011703 0.0028111 0.00010582 2.3195e-05 0.00019824 4.5916e-05 4.6112e-08 0.025704 1.7195e-06
0.045851 1.8264e-05 1.781e-06 0.001167 0.002809 0.00010387 2.2909e-05 0.0001958 4.4397e-05 4.4426e-08 0.025714 1.4263e-06
0.045241 1.8258e-05 1.7745e-06 0.0011638 0.002807 0.00010196 2.263e-05 0.00019346 4.2904e-05 4.3143e-08 0.025724 1.1449e-06
0.04469 1.8253e-05 1.7695e-06 0.0011606 0.002805 0.00010007 2.2359e-05 0.00019123 4.1438e-05 4.2343e-08 0.025734 8.7628e-07
0.044189 1.825e-05 1.7658e-06 0.0011574 0.0028031 9.8209e-05 2.2094e-05 0.0001891 3.9997e-05 2.2833e-08 0.025745 6.1839e-07
0.043664 1.8242e-05 1.7606e-06 0.0011543 0.0028012 9.6336e-05 2.1826e-05 0.00018693 3.8545e-05 2.3703e-08 0.025755 3.5603e-07
0.043115 1.823e-05 1.7538e-06 0.0011511 0.0027992 9.4452e-05 2.1554e-05 0.00018472 3.7083e-05 2.3795e-08 0.025766 3.3564e-07
0.042542 1.8213e-05 1.7454e-06 0.0011479 0.0027972 9.2556e-05 2.1292e-05 0.00018247 3.561e-05 2.3108e-08 0.025776 3.1333e-07
0.042024 1.8197e-05 1.7385e-06 0.0011447 0.0027953 9.0689e-05 2.1038e-05 0.00018033 3.4165e-05 2.2617e-08 0.025787 2.9143e-07
0.041485 1.8177e-05 1.7301e-06 0.0011415 0.0027934 8.8811e-05 2.0781e-05 0.00017816 3.2709e-05 2.1363e-08 0.025797 2.6765e-07
0.040993 1.8158e-05 1.723e-06 0.0011384 0.0027915 8.6959e-05 2.0529e-05 0.00017608 3.1277e-05 2.0216e-08 0.025808 2.4406e-07
0.040479 1.8134e-05 1.7144e-06 0.0011353 0.0027897 8.5095e-05 2.0274e-05 0.00017396 2.9835e-05 1.8299e-08 0.025819 2.1857e-07
0.040011 1.8111e-05 1.707e-06 0.0011322 0.0027878 8.3257e-05 2.0025e-05 0.00017193 2.8416e-05 1.6467e-08 0.02583 1.9323e-07
0.039589 1.809e-05 1.701e-06 0.0011291 0.002786 8.1444e-05 1.9783e-05 0.00016999 2.7021e-05 1.469e-08 0.025841 1.68e-07
0.039145 1.8063e-05 1.6933e-06 0.001126 0.0027843 7.962e-05 1.9538e-05 0.00016802 2.5615e-05 1.2165e-08 0.025852 1.4091e-07
0.038752 1.8039e-05 1.6873e-06 0.001123 0.0027825 7.7825e-05 1.9301e-05 0.00016614 2.4236e-05 9.7436e-09 0.025863 1.1408e-07
0.038334 1.801e-05 1.6796e-06 0.0011199 0.0027808 7.6016e-05 1.906e-05 0.00016423 2.2845e-05 6.5416e-09 0.025874 8.5296e-08
0.037887 1.7975e-05 1.67e-06 0.0011168 0.002779 7.6632e-05 1.8814e-05 0.00016226 2.1412e-05 2.502e-09 0.025885 9.6666e-08
0.037406 1.7935e-05 1.6584e-06 0.0011137 0.0027772 7.7221e-05 1.8576e-05 0.00016025 2.1486e-05 2.7405e-09 0.025897 1.0613e-07
0.036897 1.789e-05 1.645e-06 0.0011106 0.0027753 7.7798e-05 1.8334e-05 0.00015818 2.1553e-05 2.2974e-09 0.025908 1.1378e-07
0.036439 1.7846e-05 1.6331e-06 0.0011075 0.0027735 7.8389e-05 1.81e-05 0.00015622 2.1624e-05 1.5298e-09 0.025919 1.2095e-07
0.035955 1.7798e-05 1.6196e-06 0.0011044 0.0027717 7.8969e-05 1.7862e-05 0.00015421 2.1689e-05 4.0994e-09 0.02593 1.2635e-07
0.035448 1.7744e-05 1.6044e-06 0.0011013 0.0027699 7.9541e-05 1.762e-05 0.00015217 2.1748e-05 5.9619e-09 0.025941 1.3001e-07
0.034918 1.7686e-05 1.5877e-06 0.0010981 0.0027681 8.0104e-05 1.7375e-05 0.00015009 2.1799e-05 7.1253e-09 0.025952 1.3195e-07
0.034365 1.7624e-05 1.5694e-06 0.001095 0.0027662 8.0658e-05 1.7126e-05 0.00014798 2.1845e-05 7.5928e-09 0.025963 1.3218e-07
0.03379 1.7557e-05 1.5495e-06 0.0010918 0.0027643 8.1203e-05 1.6873e-05 0.00014584 2.1884e-05 7.3655e-09 0.025974 1.3069e-07
0.033265 1.7491e-05 1.5311e-06 0.0010886 0.0027625 8.1761e-05 1.6627e-05 0.00014379 2.1928e-05 6.9889e-09 0.025985 1.287e-07
0.032785 1.7426e-05 1.514e-06 0.0010856 0.0027608 8.233e-05 1.6387e-05 0.00014182 2.1975e-05 6.414e-09 0.025997 1.2612e-07
0.032283 1.7357e-05 1.4954e-06 0.0010824 0.002759 8.2889e-05 1.6143e-05 0.00013982 2.2017e-05 1.5713e-08 0.026008 1.2183e-07
0.031824 1.7289e-05 1.4779e-06 0.0010794 0.0027572 8.346e-05 1.5905e-05 0.00013791 2.2061e-05 2.585e-08 0.02602 1.1693e-07
0.031343 1.7216e-05 1.459e-06 0.0010763 0.0027555 8.4022e-05 1.5663e-05 0.00013595 2.21e-05 3.5008e-08 0.026031 1.1033e-07
0.030904 1.7144e-05 1.4412e-06 0.0010732 0.0027538 8.4595e-05 1.5427e-05 0.00013408 2.2142e-05 4.5132e-08 0.026043 1.0312e-07
0.03235 1.7068e-05 1.4219e-06 0.0010702 0.0027521 8.516e-05 1.5187e-05 0.00013218 2.2178e-05 5.4243e-08 0.026055 1.5279e-07
0.03376 1.6987e-05 1.401e-06 0.0010671 0.0027503 8.5715e-05 1.4944e-05 0.00013024 2.2208e-05 6.2351e-08 0.026066 2.0039e-07
0.035262 1.6907e-05 1.3814e-06 0.001064 0.0027487 8.6282e-05 1.4706e-05 0.00012838 2.2241e-05 7.1506e-08 0.026078 2.4894e-07
0.035223 1.6823e-05 1.3631e-06 0.001061 0.002747 8.686e-05 1.4474e-05 0.0001266 2.2278e-05 8.1875e-08 0.02609 2.9857e-07
0.035224 1.6739e-05 1.3462e-06 0.001058 0.0027453 8.7451e-05 1.4247e-05 0.0001249 2.232e-05 9.3863e-08 0.026102 3.4966e-07
0.03526 1.6657e-05 1.3303e-06 0.001055 0.0027438 8.8053e-05 1.4025e-05 0.00012328 2.2365e-05 1.0749e-07 0.026114 4.0203e-07
0.035277 1.6571e-05 1.313e-06 0.001052 0.0027421 8.8647e-05 1.38e-05 0.00012162 2.2404e-05 1.1992e-07 0.026126 4.5222e-07
0.035328 1.6485e-05 1.2968e-06 0.001049 0.0027406 8.9252e-05 1.358e-05 0.00012003 2.2447e-05 1.3416e-07 0.026138 5.0377e-07
0.035419 1.6401e-05 1.2818e-06 0.0010461 0.0027391 8.987e-05 1.3366e-05 0.00011852 2.2495e-05 1.5077e-07 0.026151 5.5712e-07
0.035545 1.6318e-05 1.2679e-06 0.0010432 0.0027377 9.0501e-05 1.3156e-05 0.00011707 2.2546e-05 1.6978e-07 0.026163 6.1207e-07
0.035712 1.6236e-05 1.2552e-06 0.0010404 0.0027363 9.1145e-05 1.2951e-05 0.0001157 2.2602e-05 1.919e-07 0.026176 6.6907e-07
0.03592 1.6156e-05 1.2437e-06 0.0010376 0.002735 9.1803e-05 1.2744e-05 0.0001144 2.2663e-05 2.1763e-07 0.026189 7.2828e-07
0.036165 1.6077e-05 1.2332e-06 0.0010348 0.0027338 9.2474e-05 1.2541e-05 0.00011316 2.2728e-05 2.4706e-07 0.026203 7.8946e-07
0.036391 1.5993e-05 1.2212e-06 0.0010321 0.0027325 9.3136e-05 1.2334e-05 0.00011189 2.2787e-05 2.7528e-07 0.026216 8.4836e-07
0.036656 1.591e-05 1.2102e-06 0.0010293 0.0027313 9.381e-05 1.2132e-05 0.00011068 2.2849e-05 3.0764e-07 0.026229 9.0934e-07
0.037822 1.5562e-05 1.1643e-06 0.0010185 0.0027266 9.6532e-05 1.1333e-05 0.00010602 2.309e-05 2.8141e-07 0.026284 1.1536e-06
0.038147 1.5471e-05 1.1525e-06 0.0010158 0.0027255 9.722e-05 1.1136e-05 0.0001049 2.3148e-05 2.7628e-07 0.026298 1.2154e-06
0.038514 1.5381e-05 1.1417e-06 0.0010132 0.0027244 9.7922e-05 1.0943e-05 0.00010384 2.3211e-05 2.7305e-07 0.026312 1.2795e-06
0.038859 1.5287e-05 1.1293e-06 0.0010105 0.0027234 9.8614e-05 1.0747e-05 0.00010275 2.3267e-05 2.6858e-07 0.026326 1.3413e-06
0.039183 1.5188e-05 1.1155e-06 0.0010079 0.0027223 9.9298e-05 1.0547e-05 0.00010164 2.3317e-05 2.6291e-07 0.02634 1.4006e-06
0.039556 1.509e-05 1.1028e-06 0.0010052 0.0027212 9.9996e-05 1.0353e-05 0.00010059 2.3372e-05 2.594e-07 0.026354 1.4629e-06
0.03998 1.4994e-05 1.0913e-06 0.0010026 0.0027203 0.00010071 1.0163e-05 9.96e-05 2.3433e-05 2.5805e-07 0.026369 1.5286e-06
0.040463 1.49e-05 1.0812e-06 0.0010001 0.0027193 0.00010144 9.9789e-06 9.8678e-05 2.3499e-05 2.5902e-07 0.026383 1.5983e-06
0.041023 1.4809e-05 1.0728e-06 0.00099762 0.0027185 0.0001022 9.8012e-06 9.7835e-05 2.3574e-05 2.6294e-07 0.026398 1.6732e-06
0.041675 1.4721e-05 1.0664e-06 0.0009952 0.0027178 0.00010298 9.6309e-06 9.7081e-05 2.3659e-05 2.7051e-07 0.026414 1.7547e-06
0.04244 1.4627e-05 1.0636e-06 0.00099274 0.002717 0.00010379 9.4686e-06 9.6423e-05 2.3755e-05 2.8262e-07 0.026429 1.7412e-06
0.043144 1.4526e-05 1.0585e-06 0.00099024 0.0027162 0.00010459 9.3005e-06 9.5709e-05 2.384e-05 2.9192e-07 0.026444 1.7237e-06
0.043953 1.4416e-05 1.0553e-06 0.0009878 0.0027153 0.00010407 9.1395e-06 9.508e-05 2.3941e-05 3.0566e-07 0.026459 1.7103e-06
0.044878 1.431e-05 1.0542e-06 0.00098543 0.0027145 0.00010357 8.9853e-06 9.4533e-05 2.4053e-05 3.2456e-07 0.026475 1.701e-06
0.045928 1.4208e-05 1.0551e-06 0.00098312 0.0027137 0.0001031 8.8378e-06 9.4068e-05 2.4174e-05 3.4964e-07 0.026491 1.6957e-06
0.047115 1.411e-05 1.0581e-06 0.00098087 0.0027131 0.00010265 8.6967e-06 9.3681e-05 2.4307e-05 3.8222e-07 0.026507 1.6944e-06
0.048222 1.4004e-05 1.0586e-06 0.00097859 0.0027124 0.00010218 8.5501e-06 9.3241e-05 2.4428e-05 4.1029e-07 0.026523 1.6892e-06
0.049256 1.3892e-05 1.0568e-06 0.00097626 0.0027117 0.0001017 8.3982e-06 9.2752e-05 2.4538e-05 4.344e-07 0.026539 1.68e-06
0.050221 1.3773e-05 1.0527e-06 0.0009739 0.0027109 0.0001012 8.241e-06 9.2214e-05 2.4638e-05 4.5479e-07 0.026555 1.6671e-06
0.051333 1.3659e-05 1.051e-06 0.00097162 0.0027102 0.00010073 8.0912e-06 9.1764e-05 2.4749e-05 4.8313e-07 0.026571 1.6587e-06
0.052367 1.3538e-05 1.0468e-06 0.00096929 0.0027095 0.00010023 7.9476e-06 9.1261e-05 2.485e-05 5.0712e-07 0.026587 1.6463e-06
0.05332 1.341e-05 1.0403e-06 0.00096692 0.0027087 9.9768e-05 7.811e-06 9.0846e-05 2.4962e-05 5.0145e-07 0.026603 1.6384e-06
0.054422 1.3287e-05 1.036e-06 0.00096462 0.002708 9.9328e-05 7.6811e-06 9.0517e-05 2.5087e-05 5.0142e-07 0.02662 1.6351e-06
0.055451 1.3156e-05 1.0295e-06 0.00096229 0.0027073 9.887e-05 7.5569e-06 9.0263e-05 2.5201e-05 5.0682e-07 0.026636 1.6356e-06
0.055884 1.302e-05 1.0204e-06 0.00095992 0.0027065 9.8435e-05 7.4275e-06 8.9959e-05 2.5325e-05 5.0876e-07 0.026652 1.6322e-06
0.056278 1.2877e-05 1.0095e-06 0.00095752 0.0027057 9.7987e-05 7.2941e-06 8.9617e-05 2.5441e-05 5.0841e-07 0.026668 1.6257e-06
0.056749 1.2737e-05 1e-06 0.00095518 0.002705 9.7557e-05 7.1652e-06 8.9338e-05 2.5565e-05 5.1215e-07 0.026684 1.6224e-06
0.057188 1.2592e-05 9.8893e-07 0.00095281 0.0027042 9.7116e-05 7.033e-06 8.9028e-05 2.5681e-05 5.1407e-07 0.0267 1.6165e-06
0.057687 1.2448e-05 9.7882e-07 0.00095048 0.0027035 9.6689e-05 6.9038e-06 8.8764e-05 2.5803e-05 4.6504e-07 0.026717 1.6126e-06
0.058252 1.2306e-05 9.6978e-07 0.0009482 0.0027029 9.6275e-05 6.778e-06 8.8548e-05 2.5931e-05 4.2335e-07 0.026733 1.611e-06
0.057312 1.2164e-05 9.6156e-07 0.00094594 0.0027023 9.5873e-05 6.6548e-06 8.8374e-05 2.6064e-05 3.8729e-07 0.02675 1.6112e-06
0.056442 1.2023e-05 9.5411e-07 0.00094373 0.0027018 9.5482e-05 6.5341e-06 8.824e-05 2.6203e-05 3.5606e-07 0.026767 1.6132e-06
0.055648 1.1884e-05 9.4758e-07 0.00094155 0.0027014 9.5103e-05 6.4163e-06 8.815e-05 2.6347e-05 3.2954e-07 0.026784 1.6172e-06
0.054917 1.1745e-05 9.4177e-07 0.0009394 0.002701 9.4736e-05 6.3007e-06 8.8099e-05 2.6497e-05 3.0669e-07 0.026802 1.6229e-06
0.054159 1.1601e-05 9.3455e-07 0.00093724 0.0027005 9.4359e-05 6.1825e-06 8.8025e-05 2.6639e-05 2.8225e-07 0.026819 1.6264e-06
0.053471 1.1458e-05 9.2823e-07 0.00093511 0.0027002 9.3996e-05 6.067e-06 8.7995e-05 2.6788e-05 2.6169e-07 0.026837 1.632e-06
0.052755 1.1311e-05 9.2047e-07 0.00093297 0.0026998 9.3623e-05 5.9487e-06 8.7942e-05 2.693e-05 2.3956e-07 0.026854 1.6352e-06
0.052013 1.116e-05 9.1131e-07 0.00093081 0.0026994 9.3242e-05 5.8277e-06 8.7867e-05 2.7066e-05 2.159e-07 0.026872 1.6363e-06
0.051339 1.1009e-05 9.0303e-07 0.00092869 0.002699 9.2874e-05 5.7094e-06 8.7835e-05 2.7208e-05 1.957e-07 0.02689 1.6394e-06
0.050637 1.0854e-05 8.9331e-07 0.00092655 0.0026987 9.2496e-05 5.5882e-06 8.778e-05 2.7343e-05 1.7397e-07 0.026907 1.6401e-06
0.049906 1.0694e-05 8.8212e-07 0.0009244 0.0026983 9.2109e-05 5.4642e-06 8.77e-05 2.7471e-05 1.5062e-07 0.026925 1.6386e-06
0.049145 1.0529e-05 8.6939e-07 0.00092222 0.0026979 9.1713e-05 5.3432e-06 8.7669e-05 2.7592e-05 1.2536e-07 0.026943 1.6344e-06
0.04845 1.0365e-05 8.575e-07 0.00092008 0.0026975 9.1329e-05 5.2193e-06 8.7613e-05 2.7719e-05 1.037e-07 0.026961 1.6326e-06
0.047814 1.0202e-05 8.4634e-07 0.00091798 0.0026973 9.0956e-05 5.0977e-06 8.7596e-05 2.7851e-05 8.4678e-08 0.026979 1.6325e-06
0.047233 1.004e-05 8.3587e-07 0.00091591 0.002697 9.0593e-05 4.9782e-06 8.7619e-05 2.7988e-05 6.7889e-08 0.026997 1.6343e-06
0.046627 9.8726e-06 8.2396e-07 0.00091382 0.0026968 9.0222e-05 4.856e-06 8.7618e-05 2.8119e-05 4.979e-08 0.027015 1.6338e-06
0.045995 9.7008e-06 8.1063e-07 0.00091171 0.0026965 8.9841e-05 4.7321e-06 8.7594e-05 2.8243e-05 5.4875e-08 0.027033 1.6309e-06
0.045423 9.5299e-06 7.9811e-07 0.00090964 0.0026963 8.9473e-05 4.6106e-06 8.7613e-05 2.8373e-05 6.0829e-08 0.027052 1.6301e-06
0.044826 9.3545e-06 7.8418e-07 0.00090756 0.002696 8.9096e-05 4.4864e-06 8.7609e-05 2.8497e-05 6.5837e-08 0.02707 1.627e-06
0.044205 9.1746e-06 7.6887e-07 0.00090546 0.0026958 8.8711e-05 4.3596e-06 8.7583e-05 2.8614e-05 6.9932e-08 0.027088 1.6217e-06
0.043643 8.9956e-06 7.5435e-07 0.00090339 0.0026956 8.8337e-05 4.2351e-06 8.76e-05 2.8737e-05 7.4949e-08 0.027107 1.6184e-06
0.043132 8.8173e-06 7.4061e-07 0.00090136 0.0026954 8.7974e-05 4.1125e-06 8.7655e-05 2.8865e-05 8.084e-08 0.027126 1.6168e-06
0.042597 8.6347e-06 7.2549e-07 0.00089932 0.0026953 8.7602e-05 3.9873e-06 8.7689e-05 2.8987e-05 8.5777e-08 0.027144 1.613e-06
0.042111 8.4524e-06 7.1097e-07 0.0008973 0.0026952 8.7241e-05 3.864e-06 8.776e-05 2.9114e-05 9.1664e-08 0.027163 1.6109e-06
0.041602 8.2656e-06 6.9505e-07 0.00089528 0.002695 8.6871e-05 3.7381e-06 8.7809e-05 2.9235e-05 9.6544e-08 0.027182 1.6065e-06
0.041146 8.0796e-06 6.7988e-07 0.00089328 0.002695 8.6512e-05 3.6143e-06 8.7901e-05 2.9362e-05 1.0269e-07 0.027201 1.6041e-06
0.040741 7.8944e-06 6.6542e-07 0.00089132 0.002695 8.6165e-05 3.4927e-06 8.8037e-05 2.9495e-05 1.102e-07 0.027221 1.6038e-06
0.040315 7.7047e-06 6.4959e-07 0.00088935 0.002695 8.581e-05 3.3685e-06 8.8151e-05 2.9621e-05 1.1713e-07 0.02724 1.6012e-06
0.03994 7.5158e-06 6.3448e-07 0.00088741 0.002695 8.5466e-05 3.2464e-06 8.831e-05 2.9754e-05 1.256e-07 0.027259 1.6007e-06
0.039614 7.3276e-06 6.2008e-07 0.00088551 0.0026951 8.5134e-05 3.1265e-06 8.8514e-05 2.9894e-05 1.3586e-07 0.027279 1.6023e-06
0.039265 7.1348e-06 6.0424e-07 0.00089805 0.0026952 8.4793e-05 3.0023e-06 8.8694e-05 3.0027e-05 1.4489e-07 0.027299 1.6015e-06
0.038968 6.943e-06 5.8918e-07 0.0009107 0.0026953 8.4465e-05 2.8804e-06 8.8922e-05 3.0167e-05 1.56e-07 0.027319 1.6031e-06
0.038721 6.7523e-06 5.7489e-07 0.00091166 0.0026955 8.4111e-05 2.7608e-06 8.9202e-05 3.0292e-05 1.6958e-07 0.027339 1.607e-06
0.038519 6.562e-06 5.6118e-07 0.00091264 0.0026958 8.3769e-05 2.643e-06 8.9526e-05 3.0423e-05 1.8568e-07 0.027359 1.6129e-06
0.038294 6.3671e-06 5.4602e-07 0.00091361 0.0026961 8.3417e-05 2.5225e-06 8.9823e-05 3.0546e-05 2.0024e-07 0.02738 1.6164e-06
0.038045 6.1674e-06 5.2942e-07 0.00091456 0.0026963 8.3055e-05 2.3991e-06 9.0095e-05 3.0662e-05 2.1329e-07 0.0274 1.6174e-06
0.03784 5.962e-06 5.134e-07 0.00091555 0.0026965 8.2705e-05 2.2776e-06 9.0412e-05 3.0785e-05 2.2904e-07 0.027421 1.6205e-06
0.037611 6.3035e-06 4.9589e-07 0.00091651 0.0026965 8.2346e-05 2.1532e-06 9.0701e-05 3.0901e-05 2.4308e-07 0.027441 1.621e-06
0.037358 6.6399e-06 4.7692e-07 0.00091746 0.0026965 8.1976e-05 2.026e-06 9.0963e-05 3.1008e-05 2.5557e-07 0.027462 1.619e-06
0.037149 6.9785e-06 4.5853e-07 0.00091844 0.0026966 8.1618e-05 1.9006e-06 9.1271e-05 3.1123e-05 2.7088e-07 0.027482 1.6191e-06
0.036915 7.3118e-06 4.3863e-07 0.0009194 0.0026967 8.125e-05 1.7723e-06 9.1551e-05 3.123e-05 2.8443e-07 0.027503 1.6166e-06
0.036656 7.6398e-06 4.1723e-07 0.00092034 0.0026967 8.0872e-05 1.6411e-06 9.1802e-05 3.1329e-05 2.9627e-07 0.027524 1.6115e-06
0.036367 7.9622e-06 3.9444e-07 0.00092126 0.0026967 8.0483e-05 1.7065e-06 9.202e-05 3.1419e-05 3.0618e-07 0.027544 1.6035e-06
0.036047 8.2787e-06 3.6999e-07 0.00092215 0.0026966 8.0082e-05 1.769e-06 9.2206e-05 3.1501e-05 3.1418e-07 0.027564 1.5925e-06
0.035785 8.5988e-06 3.465e-07 0.00092309 0.0026967 7.9697e-05 1.8327e-06 9.1466e-05 3.1592e-05 3.2568e-07 0.027585 1.5845e-06
0.035488 8.9127e-06 3.7801e-07 0.000924 0.0026967 7.9298e-05 1.8934e-06 9.0799e-05 3.1674e-05 3.349e-07 0.027606 1.5733e-06
0.035155 9.2203e-06 4.0764e-07 0.00092488 0.0026967 7.8917e-05 1.9511e-06 9.0092e-05 3.1766e-05 3.4194e-07 0.027626 1.5607e-06
0.034886 9.532e-06 4.387e-07 0.00092581 0.0026967 7.8552e-05 2.0103e-06 8.9456e-05 3.1868e-05 3.5288e-07 0.027647 1.5512e-06
0.034677 9.8479e-06 4.7129e-07 0.00092679 0.0026968 7.8203e-05 2.0709e-06 8.8887e-05 3.1981e-05 3.6821e-07 0.027668 1.545e-06
0.034436 1.0158e-05 5.0196e-07 0.00092774 0.0026969 7.7842e-05 2.1298e-06 8.8281e-05 3.2084e-05 3.8109e-07 0.027689 1.5356e-06
0.034162 1.0461e-05 5.3077e-07 0.00092867 0.002697 7.7469e-05 2.1869e-06 8.7637e-05 3.2178e-05 3.9168e-07 0.02771 1.5232e-06
0.035701 1.0759e-05 5.5767e-07 0.00092957 0.002697 7.7083e-05 2.2422e-06 8.6954e-05 3.2263e-05 3.999e-07 0.027731 1.5076e-06
0.037167 1.105e-05 5.8262e-07 0.00093044 0.002697 7.6684e-05 2.2957e-06 8.6229e-05 3.2337e-05 4.0573e-07 0.027752 1.4887e-06
0.038786 1.1345e-05 6.0908e-07 0.00093136 0.0026971 7.6302e-05 2.3475e-06 8.5575e-05 3.2422e-05 4.1577e-07 0.027773 1.4731e-06
0.04032 1.1633e-05 6.3341e-07 0.00093225 0.0026971 7.5905e-05 2.3975e-06 8.4875e-05 3.2497e-05 4.2306e-07 0.027793 1.454e-06
0.041766 1.1914e-05 6.5558e-07 0.00093311 0.0026971 7.5494e-05 2.4457e-06 8.4126e-05 3.256e-05 4.2754e-07 0.027814 1.4312e-06
0.043126 1.2188e-05 6.7554e-07 0.00093393 0.002697 7.5066e-05 2.4922e-06 8.3241e-05 3.2611e-05 4.2913e-07 0.027835 1.4045e-06
0.044645 1.2467e-05 6.9717e-07 0.0009348 0.002697 7.4658e-05 2.5369e-06 8.2437e-05 3.2675e-05 4.3523e-07 0.027856 1.3814e-06
0.046074 1.2739e-05 7.1657e-07 0.00093564 0.002697 7.4233e-05 2.5799e-06 8.1581e-05 3.2726e-05 4.384e-07 0.027877 1.3546e-06
0.047419 1.3003e-05 7.3382e-07 0.00093645 0.0026969 7.3794e-05 2.621e-06 8.0675e-05 3.2767e-05 4.3881e-07 0.027897 1.3241e-06
0.047988 1.3273e-05 7.254e-07 0.00093731 0.0026969 7.3374e-05 2.6604e-06 7.9853e-05 3.2819e-05 4.35e-07 0.027918 1.2892e-06
0.048503 1.3535e-05 7.1486e-07 0.00093814 0.0026969 7.2939e-05 2.698e-06 7.9112e-05 3.2861e-05 4.3622e-07 0.027939 1.2582e-06
0.048965 1.379e-05 7.0221e-07 0.00093894 0.0026968 7.2488e-05 2.7381e-06 7.845e-05 3.2891e-05 4.3444e-07 0.02796 1.2231e-06
0.049384 1.4039e-05 6.8761e-07 0.0009397 0.0026967 7.2024e-05 2.775e-06 7.7745e-05 3.291e-05 4.3015e-07 0.027981 1.1846e-06
0.049761 1.4281e-05 6.711e-07 0.00094044 0.0026965 7.1547e-05 2.8088e-06 7.6999e-05 3.292e-05 4.2345e-07 0.028001 1.1427e-06
0.0501 1.4517e-05 6.5278e-07 0.00094115 0.0026963 7.1057e-05 2.8396e-06 7.6316e-05 3.292e-05 4.1446e-07 0.028022 1.0976e-06
0.050504 1.4757e-05 6.3549e-07 0.00094191 0.0026962 7.0581e-05 2.8716e-06 7.5689e-05 3.2929e-05 4.09e-07 0.028042 1.0553e-06
0.050875 1.499e-05 6.1655e-07 0.00094264 0.0026961 7.0094e-05 2.9008e-06 7.5029e-05 3.293e-05 4.0162e-07 0.028063 1.0101e-06
0.051308 1.5227e-05 5.9853e-07 0.00094341 0.002696 6.962e-05 2.9282e-06 7.4422e-05 3.2938e-05 3.9746e-07 0.028084 9.6752e-07
0.051701 1.5467e-05 5.994e-07 0.00094422 0.002696 6.9135e-05 2.9528e-06 7.3781e-05 3.2938e-05 3.9137e-07 0.028105 9.2203e-07
0.052159 1.571e-05 6.0097e-07 0.00094507 0.002696 6.8663e-05 2.9785e-06 7.3194e-05 3.2946e-05 3.8845e-07 0.028126 8.7902e-07
0.052683 1.5957e-05 6.0319e-07 0.00094596 0.0026961 6.8203e-05 3.0051e-06 7.2655e-05 3.2962e-05 3.8849e-07 0.028148 8.3822e-07
0.053179 1.6198e-05 6.0401e-07 0.00094683 0.0026963 6.7734e-05 3.0293e-06 7.2091e-05 3.2971e-05 3.8705e-07 0.02817 7.9506e-07
0.053649 1.6435e-05 6.0343e-07 0.00094768 0.0026963 6.7257e-05 3.051e-06 7.1502e-05 3.2972e-05 3.8418e-07 0.028191 7.4957e-07
0.054173 1.6673e-05 6.0326e-07 0.00094857 0.0026965 6.6789e-05 3.0733e-06 7.0953e-05 3.298e-05 3.837e-07 0.028213 7.0567e-07
0.054755 1.6914e-05 6.0348e-07 0.00094949 0.0026967 6.633e-05 3.0931e-06 7.038e-05 3.2993e-05 3.8168e-07 0.028235 6.5947e-07
0.055311 1.7149e-05 6.0235e-07 0.00095038 0.0026968 6.5863e-05 3.1105e-06 6.9783e-05 3.3e-05 3.7829e-07 0.028257 6.1062e-07
0.055932 1.7388e-05 6.0175e-07 0.00095132 0.0026971 6.5406e-05 3.1287e-06 6.923e-05 3.3014e-05 3.7756e-07 0.02828 5.6372e-07
0.056527 1.7621e-05 5.9981e-07 0.00095224 0.0026973 6.4941e-05 3.1446e-06 6.8654e-05 3.3021e-05 3.7552e-07 0.028302 5.1465e-07
0.057189 1.7857e-05 5.9837e-07 0.00095319 0.0026976 6.4487e-05 3.1612e-06 6.812e-05 3.3034e-05 3.7604e-07 0.028324 4.6723e-07
0.057918 1.8096e-05 5.9741e-07 0.00095417 0.0026979 6.4043e-05 3.1785e-06 6.7628e-05 3.3054e-05 3.7913e-07 0.028347 4.2134e-07
0.058621 1.833e-05 5.9513e-07 0.00095514 0.0026982 6.359e-05 3.1934e-06 6.7113e-05 3.3068e-05 3.8092e-07 0.028369 3.7334e-07
0.059395 1.8567e-05 5.9333e-07 0.00095615 0.0026986 6.3148e-05 3.2091e-06 6.664e-05 3.3088e-05 3.8533e-07 0.028392 3.2678e-07
0.060237 1.8805e-05 5.9188e-07 0.00095718 0.002699 6.2714e-05 3.2254e-06 6.6201e-05 3.3114e-05 3.9213e-07 0.028415 2.8129e-07
0.061048 1.9039e-05 5.891e-07 0.0009582 0.0026994 6.2271e-05 3.2392e-06 6.574e-05 3.3134e-05 3.9757e-07 0.028438 2.337e-07
0.061831 1.9268e-05 5.8498e-07 0.0009592 0.0026998 6.1821e-05 3.2513e-06 6.5257e-05 3.3146e-05 4.0166e-07 0.028461 1.8399e-07
0.062581 1.9492e-05 5.7945e-07 0.00096019 0.0027002 6.1381e-05 3.2643e-06 6.4815e-05 3.3166e-05 4.0864e-07 0.028484 1.3567e-07
0.063411 1.972e-05 5.7452e-07 0.00096121 0.0027006 6.0932e-05 3.2783e-06 6.4416e-05 3.3179e-05 3.7722e-07 0.028508 8.867e-08
0.06421 1.9942e-05 5.682e-07 0.00096221 0.002701 6.0474e-05 3.2897e-06 6.3993e-05 3.3184e-05 3.4378e-07 0.028531 9.4192e-08
0.065083 2.0166e-05 5.6229e-07 0.00096325 0.0027015 6.0026e-05 3.3021e-06 6.3607e-05 3.3196e-05 3.1495e-07 0.028554 9.9078e-08
0.065922 2.0386e-05 5.5499e-07 0.00096427 0.002702 5.9568e-05 3.3121e-06 6.3197e-05 3.32e-05 2.8416e-07 0.028578 1.0224e-07
0.066846 2.0609e-05 5.4822e-07 0.00096532 0.0027025 5.9121e-05 3.3229e-06 6.2827e-05 3.3212e-05 2.5798e-07 0.028601 1.0484e-07
0.067738 2.0827e-05 5.4009e-07 0.00096636 0.002703 5.8666e-05 3.3313e-06 6.2434e-05 3.3216e-05 2.3004e-07 0.028625 1.0574e-07
0.068718 2.1047e-05 5.3251e-07 0.00096744 0.0027035 5.8221e-05 3.3406e-06 6.2081e-05 3.3229e-05 2.063e-07 0.028649 1.061e-07
0.069661 2.1263e-05 5.2348e-07 0.00096849 0.002704 5.7766e-05 3.3473e-06 6.1703e-05 3.3233e-05 1.8068e-07 0.028672 1.047e-07
0.070702 2.1482e-05 5.1509e-07 0.00096959 0.0027046 5.7323e-05 3.3552e-06 6.1368e-05 3.3246e-05 1.591e-07 0.028696 1.0283e-07
0.071847 2.1705e-05 5.0725e-07 0.00097072 0.0027053 5.6891e-05 3.3641e-06 6.1074e-05 3.3266e-05 1.4082e-07 0.028721 1.0044e-07
0.072933 2.1922e-05 4.9781e-07 0.00097183 0.0027059 5.6472e-05 3.3746e-06 6.0829e-05 3.3297e-05 1.259e-07 0.028745 9.7702e-08
0.073961 2.2132e-05 4.8669e-07 0.00097291 0.0027065 5.6041e-05 3.382e-06 6.0551e-05 3.3317e-05 1.0904e-07 0.028769 9.3059e-08
0.07493 2.2336e-05 4.7385e-07 0.00097397 0.0027071 5.5598e-05 3.3864e-06 6.0239e-05 3.3328e-05 9.0031e-08 0.028793 8.6483e-08
0.076033 2.2546e-05 4.6204e-07 0.00097508 0.0027077 5.5171e-05 3.3926e-06 5.9982e-05 3.3351e-05 7.4683e-08 0.028817 7.9673e-08
0.077063 2.2748e-05 4.4837e-07 0.00097615 0.0027083 5.4729e-05 3.4011e-06 5.9786e-05 3.3362e-05 6.2807e-08 0.028841 7.2692e-08
0.077995 2.2956e-05 4.3646e-07 0.00097728 0.002709 5.4274e-05 3.406e-06 5.9653e-05 3.3362e-05 4.8843e-08 0.028866 6.3669e-08
0.079083 2.3171e-05 4.2578e-07 0.00097847 0.0027098 5.3837e-05 3.4134e-06 5.9584e-05 3.3376e-05 3.7893e-08 0.028891 5.4529e-08
0.08034 2.3394e-05 4.163e-07 0.00097973 0.0027107 5.3418e-05 3.4233e-06 5.9578e-05 3.3404e-05 2.9286e-08 0.028916 4.5213e-08
0.081768 2.3609e-05 4.0849e-07 0.00098095 0.0027116 5.3014e-05 3.4354e-06 5.9629e-05 3.3444e-05 2.2304e-08 0.028941 3.5551e-08
0.083105 2.3816e-05 3.9883e-07 0.00098213 0.0027124 5.2596e-05 3.4423e-06 5.9639e-05 3.3473e-05 1.3817e-08 0.028967 4.5986e-08
0.09249 2.4015e-05 3.8722e-07 0.00098328 0.0027131 5.2164e-05 3.4455e-06 5.9605e-05 3.349e-05 1.5101e-08 0.028991 5.4393e-08
0.096916 2.4205e-05 3.7906e-07 0.00098449 0.0027138 5.1748e-05 3.451e-06 5.9628e-05 3.3519e-05 1.6821e-08 0.029017 6.2469e-08
0.10114 2.4387e-05 3.6914e-07 0.00098566 0.0027144 5.1318e-05 3.453e-06 5.9614e-05 3.3537e-05 1.7537e-08 0.029042 6.8605e-08
0.10577 2.4574e-05 3.5988e-07 0.00098689 0.0027151 5.0901e-05 3.4568e-06 5.9649e-05 3.3565e-05 1.8596e-08 0.029067 5.2642e-08
0.11021 2.4754e-05 3.4897e-07 0.00098808 0.0027158 5.0473e-05 3.4574e-06 5.965e-05 3.3584e-05 1.8698e-08 0.029093 3.4679e-08
0.11447 2.4928e-05 3.3644e-07 0.00098925 0.0027164 5.0033e-05 3.4549e-06 5.9617e-05 3.3593e-05 1.7856e-08 0.029118 4.1184e-08
0.11914 2.5107e-05 3.245e-07 0.00099046 0.0027171 4.9605e-05 3.4539e-06 5.9632e-05 3.3612e-05 1.7327e-08 0.029144 4.7025e-08
0.12366 2.528e-05 3.1109e-07 0.00099165 0.0027178 4.9167e-05 3.4542e-06 5.9619e-05 3.3622e-05 1.594e-08 0.029169 5.1129e-08
0.12857 2.5457e-05 2.9815e-07 0.00099289 0.0027185 4.874e-05 3.4559e-06 5.9649e-05 3.3642e-05 1.4789e-08 0.029195 5.4535e-08
0.13334 2.5629e-05 2.8379e-07 0.0009941 0.0027193 4.8304e-05 3.4548e-06 5.9653e-05 3.3653e-05 1.2815e-08 0.029221 5.6224e-08
0.13853 2.5805e-05 2.6986e-07 0.00099536 0.0027201 4.7879e-05 3.4551e-06 5.97e-05 3.3674e-05 1.1029e-08 0.029247 5.7213e-08
0.14356 2.5975e-05 2.5449e-07 0.0009966 0.0027208 4.7444e-05 3.4527e-06 5.972e-05 3.3686e-05 8.4182e-09 0.029272 5.6467e-08
0.14903 2.615e-05 2.3952e-07 0.00099788 0.0027217 4.7019e-05 3.4516e-06 5.9783e-05 3.3707e-05 5.9456e-09 0.029299 5.5023e-08
0.15498 2.633e-05 2.2494e-07 0.0009992 0.0027226 4.6606e-05 3.4519e-06 5.9891e-05 3.3738e-05 3.5382e-09 0.029325 5.2891e-08
0.16148 2.6514e-05 2.1077e-07 0.0010006 0.0027236 4.6205e-05 3.4539e-06 6.0046e-05 3.3778e-05 1.1416e-09 0.029352 5.0104e-08
0.16771 2.6692e-05 1.9499e-07 0.0010019 0.0027245 4.5792e-05 3.4525e-06 6.0165e-05 3.3809e-05 1.3738e-09 0.029379 4.5466e-08
0.16941 2.6889e-05 1.7994e-07 0.0010033 0.002714 4.5394e-05 3.4536e-06 6.0346e-05 3.3852e-05 1.3281e-09 0.029406 4.0366e-08
0.17099 2.7077e-05 1.6316e-07 0.0010047 0.0027033 4.4982e-05 3.4511e-06 6.0486e-05 3.3884e-05 4.1889e-09 0.029433 5.8958e-08
0.17247 2.7258e-05 1.4468e-07 0.001006 0.0026926 4.4557e-05 3.4451e-06 6.0585e-05 3.3905e-05 6.1455e-09 0.02946 7.5354e-08
0.1742 2.7446e-05 1.27e-07 0.0010074 0.0026821 4.4149e-05 3.4417e-06 6.075e-05 3.394e-05 8.3791e-09 0.029487 9.2162e-08
0.17581 2.7625e-05 1.0763e-07 0.0010088 0.0026715 4.3727e-05 3.4348e-06 6.0874e-05 3.3963e-05 9.6674e-09 0.029514 1.0671e-07
0.17768 2.7813e-05 8.8993e-08 0.0010102 0.0026611 4.3322e-05 3.4305e-06 6.1065e-05 3.4001e-05 1.1305e-08 0.029542 1.22e-07
0.17942 2.7993e-05 9.5536e-08 0.0010116 0.0026506 4.2903e-05 3.4289e-06 6.1326e-05 3.4027e-05 1.0397e-08 0.029569 1.3806e-07
0.18141 2.818e-05 1.0212e-07 0.0010131 0.0026402 4.2498e-05 3.4296e-06 6.1651e-05 3.4066e-05 9.7588e-09 0.029597 1.5472e-07
0.18364 2.8373e-05 1.0864e-07 0.0010146 0.0026301 4.2107e-05 3.4322e-06 6.2033e-05 3.4116e-05 9.2567e-09 0.029625 1.7183e-07
0.18616 2.8574e-05 1.1523e-07 0.0010161 0.00262 4.1729e-05 3.437e-06 6.2478e-05 3.418e-05 8.9337e-09 0.029654 1.898e-07
0.189 2.8783e-05 1.2191e-07 0.0010178 0.0026102 4.1365e-05 3.4441e-06 6.2989e-05 3.4257e-05 8.7644e-09 0.029682 2.086e-07
0.19218 2.8998e-05 1.2869e-07 0.0010195 0.0026004 4.1014e-05 3.4534e-06 6.3566e-05 3.4346e-05 8.7401e-09 0.029712 2.2834e-07
0.19521 2.9206e-05 1.3402e-07 0.0010211 0.0025907 4.0677e-05 3.4593e-06 6.4102e-05 3.4449e-05 7.8361e-09 0.029741 2.4562e-07
0.19856 2.9421e-05 1.3937e-07 0.0010228 0.002581 4.0351e-05 3.4671e-06 6.4698e-05 3.4564e-05 6.9967e-09 0.02977 2.6367e-07
0.20228 2.9642e-05 1.4476e-07 0.0010246 0.0025715 4.0036e-05 3.4768e-06 6.5357e-05 3.469e-05 6.1875e-09 0.0298 2.8258e-07
0.20645 2.9871e-05 1.5033e-07 0.0010264 0.0025622 3.9693e-05 3.4887e-06 6.6089e-05 3.4792e-05 5.4426e-09 0.029831 3.0274e-07
0.21042 3.0093e-05 1.5445e-07 0.0010282 0.0025528 3.9338e-05 3.4973e-06 6.6778e-05 3.4884e-05 3.8678e-09 0.029861 3.2038e-07
0.21419 3.0307e-05 1.571e-07 0.00103 0.0025433 3.8972e-05 3.5025e-06 6.7424e-05 3.4965e-05 6.2833e-09 0.029891 3.4388e-07
0.21859 3.0528e-05 1.5991e-07 0.0010317 0.002534 3.8619e-05 3.5102e-06 6.8023e-05 3.506e-05 9.0174e-09 0.02992 3.6918e-07
0.2228 3.0741e-05 1.6131e-07 0.0010333 0.0025246 3.8254e-05 3.5147e-06 6.8584e-05 3.5145e-05 1.0854e-08 0.02995 3.9154e-07
0.22735 3.096e-05 1.6253e-07 0.001035 0.0025153 3.7898e-05 3.5202e-06 6.919e-05 3.5237e-05 1.2744e-08 0.029979 4.1462e-07
0.23226 3.1183e-05 1.6359e-07 0.0010368 0.0025061 3.7548e-05 3.5269e-06 6.9844e-05 3.5338e-05 1.4749e-08 0.030009 4.3856e-07
0.23752 3.1409e-05 1.644e-07 0.0010386 0.002497 3.7205e-05 3.5343e-06 6.82e-05 3.5446e-05 1.6831e-08 0.030039 4.6311e-07
0.24267 3.1631e-05 1.6402e-07 0.0010403 0.0024879 3.6854e-05 3.5393e-06 6.6528e-05 3.5547e-05 1.8157e-08 0.030069 4.8569e-07
0.24816 3.1856e-05 1.6334e-07 0.0010421 0.0024789 3.6509e-05 3.5449e-06 6.4918e-05 3.5654e-05 1.9548e-08 0.0301 5.0882e-07
0.25353 3.2076e-05 1.6147e-07 0.0010439 0.0024699 3.6156e-05 3.5481e-06 6.3279e-05 3.5754e-05 2.0176e-08 0.03013 5.2995e-07
0.25879 3.2291e-05 1.5842e-07 0.0010457 0.0024608 3.5795e-05 3.5489e-06 6.1611e-05 3.5848e-05 2.0043e-08 0.03016 5.4909e-07
0.26443 3.251e-05 1.5513e-07 0.0010475 0.0024518 3.544e-05 3.5505e-06 6.0011e-05 3.5948e-05 2.0043e-08 0.030191 5.69e-07
0.27048 3.2733e-05 1.5161e-07 0.0010493 0.002443 3.5091e-05 3.553e-06 5.8474e-05 3.6056e-05 2.0177e-08 0.030222 5.8973e-07
0.27641 3.2951e-05 1.4691e-07 0.0010512 0.0024341 3.4735e-05 3.5532e-06 5.6912e-05 3.6158e-05 1.9562e-08 0.030253 6.0849e-07
0.28278 3.3173e-05 1.4197e-07 0.001053 0.0024252 3.4385e-05 3.5542e-06 5.5412e-05 3.6266e-05 1.9078e-08 0.030284 6.2811e-07
0.2896 3.34e-05 1.3678e-07 0.0010549 0.0024165 3.4041e-05 3.556e-06 5.3973e-05 3.6382e-05 1.8717e-08 0.030315 6.4867e-07
0.29692 3.3631e-05 1.3133e-07 0.0010569 0.0024079 3.3703e-05 3.5588e-06 5.2593e-05 3.6506e-05 1.8478e-08 0.030347 6.7022e-07
0.30478 3.3866e-05 1.2564e-07 0.0010589 0.0023994 3.3358e-05 3.5591e-06 5.1185e-05 3.6622e-05 1.7465e-08 0.030378 6.8966e-07
0.31318 3.4106e-05 1.1963e-07 0.0010609 0.0023909 3.3017e-05 3.5601e-06 4.9831e-05 3.6746e-05 1.6525e-08 0.030411 7.1001e-07
0.32139 3.434e-05 1.1241e-07 0.0010629 0.0023824 3.2669e-05 3.5586e-06 4.8447e-05 3.6861e-05 1.4795e-08 0.030443 7.2817e-07
0.33034 3.458e-05 1.0508e-07 0.0010649 0.0023741 3.2328e-05 3.5586e-06 4.7136e-05 3.6988e-05 1.3319e-08 0.030475 7.4804e-07
0.33881 3.4812e-05 9.6243e-08 0.001067 0.0023656 3.2001e-05 3.5613e-06 4.5919e-05 3.713e-05 1.2314e-08 0.030507 7.7079e-07
0.34685 3.5035e-05 8.5922e-08 0.0010689 0.0023572 3.1662e-05 3.5662e-06 4.4783e-05 3.726e-05 1.1667e-08 0.030539 7.9619e-07
0.35444 3.5249e-05 9.8821e-08 0.0010709 0.0023486 3.1335e-05 3.5674e-06 4.3594e-05 3.7405e-05 1.0018e-08 0.030571 8.1817e-07
0.36162 3.5455e-05 1.1014e-07 0.0010728 0.00234 3.0996e-05 3.565e-06 4.235e-05 3.7539e-05 7.3491e-09 0.030603 8.3675e-07
0.36841 3.5651e-05 1.199e-07 0.0010746 0.0023313 3.0644e-05 3.5587e-06 4.1221e-05 3.7659e-05 1.0581e-08 0.030635 8.5193e-07
0.37483 3.5839e-05 1.281e-07 0.0010765 0.0023225 3.0279e-05 3.5488e-06 4.0061e-05 3.7767e-05 1.2751e-08 0.030666 8.6375e-07
0.38199 3.6035e-05 1.3648e-07 0.0010783 0.0023139 2.9925e-05 3.5412e-06 3.8979e-05 3.7888e-05 1.5383e-08 0.030698 8.7813e-07
0.39007 3.6241e-05 1.452e-07 0.0010803 0.0023054 2.9585e-05 3.5362e-06 3.7978e-05 3.8026e-05 1.8752e-08 0.03073 8.9561e-07
0.39774 3.6438e-05 1.5238e-07 0.0010822 0.0022969 2.9232e-05 3.5277e-06 3.6927e-05 3.8151e-05 2.0991e-08 0.030762 9.098e-07
0.40502 3.6627e-05 1.5802e-07 0.0010841 0.0022883 2.8866e-05 3.5156e-06 3.583e-05 3.8264e-05 2.212e-08 0.030794 9.2073e-07
0.41314 3.6825e-05 1.6388e-07 0.001086 0.0022798 2.8512e-05 3.5058e-06 3.4804e-05 3.8392e-05 2.3882e-08 0.030827 9.3433e-07
0.42244 3.7014e-05 1.7097e-07 0.0010879 0.0022713 2.8169e-05 3.4982e-06 3.3846e-05 3.8533e-05 2.6372e-08 0.030859 9.5068e-07
0.43281 3.7211e-05 1.7836e-07 0.0010899 0.0022629 2.7813e-05 3.4928e-06 3.2952e-05 3.8662e-05 2.9719e-08 0.030891 9.6988e-07
0.44449 3.7418e-05 1.8622e-07 0.001092 0.0022546 2.7468e-05 3.4857e-06 3.2119e-05 3.8805e-05 3.41e-08 0.030924 9.9203e-07
0.52163 3.8742e-05 2.0926e-07 0.0011059 0.0021965 2.503e-05 3.4175e-06 2.6525e-05 3.9838e-05 6.2822e-08 0.031155 1.1419e-06
0.53388 3.893e-05 2.0999e-07 0.0011079 0.0021883 2.4677e-05 3.4049e-06 2.5756e-05 3.9989e-05 6.6797e-08 0.031189 1.1625e-06
0.5474 3.9127e-05 2.1097e-07 0.00111 0.0021803 2.4334e-05 3.3943e-06 2.5034e-05 4.0154e-05 5.8929e-08 0.031223 1.1862e-06
0.56229 3.9332e-05 2.1218e-07 0.0011122 0.0021724 2.3999e-05 3.3855e-06 2.4357e-05 4.0332e-05 5.2694e-08 0.031257 1.213e-06
0.57882 3.9529e-05 2.142e-07 0.0011143 0.0021644 2.3674e-05 3.3735e-06 2.3645e-05 4.0525e-05 4.4632e-08 0.031291 1.2363e-06
0.59686 3.9733e-05 2.1637e-07 0.0011165 0.0021565 2.3356e-05 3.363e-06 2.2973e-05 4.073e-05 3.7952e-08 0.031325 1.2625e-06
0.61444 3.993e-05 2.1722e-07 0.0011186 0.0021486 2.3029e-05 3.3499e-06 2.2277e-05 4.0927e-05 3.0174e-08 0.03136 1.286e-06
0.63329 4.0133e-05 2.1802e-07 0.0011208 0.0021408 2.2707e-05 3.3377e-06 2.161e-05 4.1133e-05 2.33e-08 0.031394 1.3116e-06
0.65169 4.033e-05 2.1752e-07 0.001123 0.0021329 2.2377e-05 3.3229e-06 2.092e-05 4.133e-05 1.54e-08 0.031429 1.3346e-06
0.65564 4.0533e-05 2.1707e-07 0.0011253 0.0021252 2.2053e-05 3.3093e-06 2.0263e-05 4.1539e-05 8.3963e-09 0.031464 1.3602e-06
0.65947 4.073e-05 2.153e-07 0.0011275 0.0021174 2.3063e-05 3.293e-06 1.9582e-05 4.1725e-05 1.0132e-08 0.031499 1.3831e-06
0.66365 4.0933e-05 2.1355e-07 0.0011297 0.0021097 2.4088e-05 3.2779e-06 1.8931e-05 4.1922e-05 1.1939e-08 0.031534 1.4084e-06
0.66819 4.1142e-05 2.1181e-07 0.001132 0.0021021 2.513e-05 3.2639e-06 1.831e-05 4.2129e-05 1.3867e-08 0.03157 1.4364e-06
0.67313 4.1358e-05 2.1009e-07 0.0011344 0.0020946 2.6188e-05 3.2511e-06 1.7718e-05 4.2347e-05 1.5976e-08 0.031605 1.467e-06
0.67847 4.1579e-05 2.0829e-07 0.0011368 0.0020872 2.7261e-05 3.2393e-06 1.7149e-05 4.2575e-05 1.8258e-08 0.031642 1.5e-06
0.68365 4.1793e-05 2.0516e-07 0.0011391 0.0020797 2.8322e-05 3.2246e-06 1.6557e-05 4.2794e-05 1.9671e-08 0.031678 1.5302e-06
0.68865 4.2001e-05 2.0066e-07 0.0011415 0.0020723 2.9371e-05 3.2071e-06 1.594e-05 4.3003e-05 2.0201e-08 0.031714 1.5574e-06
0.69418 4.2216e-05 1.9635e-07 0.0011439 0.0020649 3.044e-05 3.1913e-06 1.5357e-05 4.3226e-05 2.1129e-08 0.03175 1.5882e-06
0.69839 4.2424e-05 1.9049e-07 0.0011463 0.0020574 3.153e-05 3.177e-06 1.4804e-05 4.3461e-05 2.2452e-08 0.031786 1.6225e-06
0.70243 4.2625e-05 1.8315e-07 0.0011486 0.00205 3.2605e-05 3.1595e-06 1.4222e-05 4.3686e-05 4.5778e-08 0.031822 1.6533e-06
0.70694 4.2834e-05 1.7614e-07 0.001151 0.0020426 3.3704e-05 3.144e-06 1.3676e-05 4.3927e-05 5.0346e-08 0.031859 1.6885e-06
0.71126 4.3036e-05 1.6763e-07 0.0011534 0.0020352 3.4788e-05 3.1253e-06 1.4387e-05 4.4156e-05 5.363e-08 0.031895 1.72e-06
0.71605 4.3246e-05 1.5932e-07 0.0011558 0.0020279 3.5894e-05 3.1084e-06 1.5137e-05 4.4399e-05 5.8135e-08 0.031932 1.7556e-06
0.72135 4.3448e-05 1.5159e-07 0.0011583 0.0020206 3.7024e-05 3.0931e-06 1.5929e-05 4.4658e-05 6.4105e-08 0.031969 1.7955e-06
0.72642 4.3641e-05 1.4237e-07 0.0011606 0.0020132 3.8138e-05 3.0746e-06 1.6687e-05 4.4904e-05 6.8602e-08 0.032005 1.8316e-06
0.73123 4.3826e-05 1.3161e-07 0.001163 0.0020058 3.9234e-05 3.058e-06 1.7491e-05 4.5137e-05 7.7652e-08 0.032042 1.8489e-06
0.73667 4.3821e-05 1.2164e-07 0.0011653 0.0020079 4.0358e-05 3.0379e-06 1.8258e-05 4.5389e-05 8.4445e-08 0.032078 1.8622e-06
0.74273 4.3824e-05 1.1183e-07 0.0011676 0.0020102 4.1509e-05 3.0197e-06 1.9072e-05 4.5657e-05 9.349e-08 0.032114 1.8798e-06
0.74849 4.3819e-05 1.0053e-07 0.0011699 0.0020124 4.2642e-05 2.9981e-06 1.985e-05 4.5913e-05 1.007e-07 0.032151 1.8934e-06
0.75498 4.3824e-05 8.9492e-08 0.0011723 0.0020147 4.3804e-05 2.9789e-06 2.0685e-05 4.6187e-05 1.1076e-07 0.032188 1.912e-06
0.76232 4.3838e-05 7.869e-08 0.0011748 0.002017 4.4998e-05 2.962e-06 2.1579e-05 4.648e-05 1.0684e-07 0.032225 1.9369e-06
0.77049 4.3861e-05 6.7947e-08 0.0011773 0.0020195 4.622e-05 2.947e-06 2.253e-05 4.6791e-05 1.0496e-07 0.032263 1.9665e-06
0.77824 4.3876e-05 5.5717e-08 0.0011798 0.0020219 4.7423e-05 2.9285e-06 2.3439e-05 4.7087e-05 1.0133e-07 0.032301 1.9918e-06
0.78562 4.3882e-05 6.3142e-08 0.0011823 0.0020243 4.8607e-05 2.9118e-06 2.4407e-05 4.7371e-05 9.0776e-08 0.032338 2.0217e-06
0.79376 4.3895e-05 7.0364e-08 0.0011848 0.0020268 4.9817e-05 2.8967e-06 2.5432e-05 4.767e-05 8.2552e-08 0.032376 2.0562e-06
0.80156 4.3901e-05 7.6235e-08 0.0011873 0.0020292 5.101e-05 2.8785e-06 2.6417e-05 4.7957e-05 7.2583e-08 0.032414 2.0866e-06
0.80904 4.3899e-05 8.0775e-08 0.0011898 0.0020316 5.2186e-05 2.857e-06 3.4436e-05 4.8232e-05 6.0851e-08 0.032451 2.1133e-06
0.81719 4.3888e-05 8.5048e-08 0.0011923 0.0020339 5.3386e-05 2.8369e-06 4.2852e-05 4.8521e-05 5.1131e-08 0.032489 2.1439e-06
0.82508 4.3869e-05 8.8034e-08 0.0011948 0.0020362 5.4571e-05 2.8138e-06 5.1109e-05 4.88e-05 3.9912e-08 0.032527 2.1711e-06
0.83273 4.3844e-05 8.9765e-08 0.0011973 0.0020384 5.5742e-05 2.7879e-06 5.9226e-05 4.9068e-05 2.7225e-08 0.032565 2.195e-06
0.84016 4.3812e-05 9.0241e-08 0.0011997 0.0020406 5.6899e-05 2.7591e-06 6.7206e-05 4.9326e-05 2.9984e-08 0.032603 2.2157e-06
0.84819 4.3786e-05 9.0395e-08 0.0012022 0.0020429 5.8078e-05 2.7315e-06 7.5552e-05 4.9596e-05 3.3348e-08 0.032641 2.2399e-06
0.85115 4.3766e-05 9.0253e-08 0.0012047 0.0020453 5.9242e-05 2.7006e-06 8.3749e-05 4.9857e-05 3.5653e-08 0.032679 2.2608e-06
0.85401 4.374e-05 8.8875e-08 0.0012072 0.0020476 6.0394e-05 2.667e-06 9.1818e-05 5.0108e-05 3.6977e-08 0.032718 2.2786e-06
0.85716 4.3721e-05 8.7213e-08 0.0012098 0.00205 6.1568e-05 2.6346e-06 0.00010028 5.0372e-05 3.8984e-08 0.032756 2.3002e-06
0.86021 4.3695e-05 8.4312e-08 0.0012123 0.0020523 6.2729e-05 2.5995e-06 0.00010861 5.0627e-05 3.9997e-08 0.032795 2.3187e-06
0.86317 4.3662e-05 1.185e-07 0.0012149 0.0020547 6.3877e-05 2.5617e-06 0.00011687 5.0872e-05 4.0022e-08 0.032833 2.3341e-06
0.86638 4.3635e-05 1.5348e-07 0.0012174 0.002057 6.5046e-05 2.5247e-06 0.00012548 5.1129e-05 4.0602e-08 0.032872 2.3528e-06
0.86983 4.3613e-05 1.891e-07 0.00122 0.0020595 6.6204e-05 2.4883e-06 0.00013443 5.1378e-05 4.1603e-08 0.032911 2.3743e-06
0.87321 4.3585e-05 2.2329e-07 0.0012226 0.0020619 6.7352e-05 2.4494e-06 0.00014328 5.1619e-05 4.1747e-08 0.03295 2.3932e-06
0.87683 4.3561e-05 2.5806e-07 0.0012253 0.0020644 6.8515e-05 2.411e-06 0.00015245 5.1869e-05 4.2259e-08 0.03299 2.4146e-06
0.88038 4.3532e-05 2.9145e-07 0.0012279 0.0020668 6.967e-05 2.3702e-06 0.00016153 5.2112e-05 4.1948e-08 0.033029 2.4336e-06
0.8842 4.3508e-05 3.2562e-07 0.0012305 0.0020693 7.0842e-05 2.3299e-06 0.00017097 5.2366e-05 4.2097e-08 0.033069 2.4556e-06
0.88795 4.3479e-05 3.5841e-07 0.0012332 0.0020718 7.2005e-05 2.2874e-06 0.00018032 5.2612e-05 4.1425e-08 0.033108 2.4751e-06
0.89163 4.3444e-05 3.8982e-07 0.0012358 0.0020743 7.3159e-05 2.2426e-06 0.00018959 5.2851e-05 3.9928e-08 0.033148 2.4923e-06
0.89556 4.3414e-05 4.2188e-07 0.0012385 0.0020768 7.4329e-05 2.198e-06 0.00019919 5.3099e-05 3.8793e-08 0.033188 2.512e-06
0.89977 4.3387e-05 4.5467e-07 0.0012412 0.0020794 7.5517e-05 2.1539e-06 0.00020914 5.3357e-05 3.8013e-08 0.033228 2.5344e-06
0.90388 4.3355e-05 4.8594e-07 0.0012439 0.002082 7.6693e-05 2.1073e-06 0.00021897 5.3607e-05 3.636e-08 0.033268 2.5541e-06
0.90832 4.3329e-05 5.183e-07 0.0012466 0.0020846 7.7891e-05 2.0614e-06 0.00022923 5.3868e-05 3.5212e-08 0.033308 2.5773e-06
0.91316 4.3308e-05 5.5201e-07 0.0012494 0.0020872 7.9112e-05 2.0164e-06 0.00023998 5.4143e-05 3.4628e-08 0.033349 2.6045e-06
0.91774 4.3278e-05 5.9686e-07 0.0012523 0.0020898 8.0316e-05 1.9684e-06 0.0002505 5.4407e-05 3.2933e-08 0.03339 2.6268e-06
0.92213 4.324e-05 6.395e-07 0.0012551 0.0020924 8.1504e-05 1.9174e-06 0.0002608 5.4658e-05 3.0138e-08 0.033431 2.6454e-06
0.92698 4.3209e-05 6.8445e-07 0.001258 0.0020951 8.2719e-05 1.8677e-06 0.00027166 5.4926e-05 2.8079e-08 0.033473 2.6688e-06
0.93134 4.317e-05 7.2678e-07 0.0012609 0.0020977 8.3914e-05 1.8146e-06 0.00028223 5.5179e-05 2.4785e-08 0.033514 2.6907e-06
0.93549 4.3123e-05 7.6655e-07 0.0012637 0.0021002 8.5083e-05 1.7598e-06 0.00029353 5.8382e-05 1.9271e-08 0.033555 2.7248e-06
0.93943 4.3067e-05 8.0367e-07 0.0012665 0.0021027 8.7472e-05 1.8796e-06 0.00030451 5.9893e-05 2.3623e-08 0.033596 2.7538e-06
0.94324 4.3004e-05 8.3885e-07 0.0012692 0.0021052 8.984e-05 1.9963e-06 0.0003153 6.1386e-05 2.6979e-08 0.033637 2.7793e-06
0.94697 4.2935e-05 8.7234e-07 0.001272 0.0021077 9.2193e-05 2.1102e-06 0.00032597 6.2866e-05 2.9453e-08 0.033678 2.8019e-06
0.95098 4.2871e-05 9.0727e-07 0.0012747 0.0021102 9.4584e-05 2.2258e-06 0.00033707 6.4378e-05 3.2352e-08 0.033719 2.8281e-06
0.95526 4.2812e-05 9.4342e-07 0.0012776 0.0021127 9.7009e-05 2.3429e-06 0.00034859 6.5917e-05 3.5624e-08 0.03376 2.8573e-06
0.95946 4.2747e-05 9.7799e-07 0.0012804 0.0021153 9.9421e-05 2.4573e-06 0.00036 6.7445e-05 3.8039e-08 0.033801 2.8839e-06
0.96358 4.2677e-05 1.011e-06 0.0012831 0.0021178 0.00010182 2.5691e-06 0.00037128 6.8961e-05 3.96e-08 0.033843 2.9078e-06
0.96799 4.2601e-05 1.0454e-06 0.0012859 0.0021203 0.00010425 2.6823e-06 0.00038298 7.0505e-05 4.1548e-08 0.033884 2.9347e-06
0.97231 4.2521e-05 1.0783e-06 0.0012887 0.0021228 0.00010667 2.793e-06 0.00039458 7.2038e-05 4.2658e-08 0.033925 2.9591e-06
0.97696 4.2445e-05 1.1127e-06 0.0012914 0.0021253 0.00010913 2.9054e-06 0.00040664 7.3602e-05 4.4276e-08 0.033967 2.987e-06
0.98151 4.2364e-05 1.1456e-06 0.0012942 0.0021279 0.00011157 3.0152e-06 0.00041858 7.5155e-05 4.5029e-08 0.034008 3.0122e-06
0.98239 4.2287e-05 1.18e-06 0.001297 0.0021304 0.00011406 3.1269e-06 0.00043102 7.674e-05 4.6325e-08 0.03405 3.0411e-06
0.98335 4.2216e-05 1.2161e-06 0.0012999 0.0021331 0.00011659 3.2406e-06 0.00044397 7.8358e-05 4.8205e-08 0.034092 3.0738e-06
0.98438 4.2149e-05 1.2538e-06 0.0013028 0.0021358 0.00011915 3.3561e-06 0.00045743 7.8208e-05 5.0623e-08 0.034135 3.11e-06
0.98551 4.2087e-05 1.2934e-06 0.0013058 0.0021385 0.00012176 3.4739e-06 0.00047148 7.8072e-05 5.3783e-08 0.034177 3.1505e-06
0.98673 4.203e-05 1.335e-06 0.0013088 0.0021413 0.00012442 3.594e-06 0.00048612 7.795e-05 5.7705e-08 0.034221 3.1951e-06
0.9869 4.1979e-05 1.379e-06 0.0013119 0.0021442 0.00012713 3.7168e-06 0.00050145 7.7844e-05 6.2691e-08 0.034264 3.2447e-06
0.98705 4.1935e-05 1.4269e-06 0.0013151 0.0021472 0.00012981 3.836e-06 0.00051649 7.7726e-05 6.6382e-08 0.034308 3.2901e-06
0.9872 4.1883e-05 1.4722e-06 0.0013182 0.0021501 0.00013246 3.9589e-06 0.00053236 7.7593e-05 7.1672e-08 0.034352 3.3417e-06
0.98745 4.184e-05 1.5217e-06 0.0013214 0.0021531 0.00013488 4.0774e-06 0.00054782 7.9556e-05 7.5363e-08 0.034396 3.3882e-06
0.98769 4.1789e-05 1.5682e-06 0.0013245 0.0021561 0.00013726 4.1915e-06 0.00056289 8.1488e-05 7.7507e-08 0.03444 3.4297e-06
0.98798 4.1746e-05 1.6183e-06 0.0013277 0.0021591 0.00013971 4.3097e-06 0.00057884 8.3479e-05 8.1248e-08 0.034485 3.4778e-06
0.98826 4.1695e-05 1.6654e-06 0.0013309 0.0021621 0.00014213 4.4236e-06 0.0005944 8.544e-05 8.3461e-08 0.034529 3.521e-06
0.9886 4.1651e-05 1.7163e-06 0.0013342 0.0021652 0.0001446 4.5416e-06 0.00061089 8.7461e-05 8.7384e-08 0.034574 3.571e-06
0.98902 4.1618e-05 1.7718e-06 0.0013375 0.0021684 0.00014715 4.6647e-06 0.00062849 8.9552e-05 9.3541e-08 0.034619 3.6294e-06
0.98942 4.1575e-05 1.8241e-06 0.0013408 0.0021716 0.00014966 4.7923e-06 0.00064564 9.1611e-05 9.7964e-08 0.034664 3.6824e-06
0.98979 4.1525e-05 1.8732e-06 0.0013441 0.0021747 0.00015214 4.9248e-06 0.00068284 9.3637e-05 1.0663e-07 0.034709 3.7457e-06
0.99013 4.1484e-05 1.929e-06 0.0013475 0.0021779 0.00015458 5.0524e-06 0.00071903 9.5628e-05 1.1326e-07 0.034755 3.8031e-06
0.99061 4.1451e-05 1.9898e-06 0.0013509 0.0021812 0.00015699 5.1755e-06 0.00075432 9.7588e-05 1.1803e-07 0.034801 3.8551e-06
0.99061 4.1427e-05 2.0554e-06 0.0013544 0.0021845 0.00015947 5.3033e-06 0.00079175 9.9611e-05 1.2525e-07 0.034848 3.915e-06
0.9906 4.1395e-05 2.1175e-06 0.0013579 0.0021879 0.00016191 5.4266e-06 0.00082818 0.0001016 1.3054e-07 0.034894 3.9693e-06
0.99059 4.2968e-05 2.1761e-06 0.0013613 0.002191 0.00016432 5.5452e-06 0.00086369 0.00010356 1.3394e-07 0.03494 4.0182e-06
0.99055 4.4524e-05 2.2313e-06 0.0013647 0.0021942 0.0001667 5.6593e-06 0.0008983 0.00010549 1.3549e-07 0.034986 4.0617e-06
0.99051 4.6061e-05 2.283e-06 0.001368 0.0021972 0.00016904 5.7688e-06 0.00093205 0.00010738 1.352e-07 0.035032 4.0998e-06
0.99051 4.7632e-05 2.3395e-06 0.0013715 0.0022004 0.00017145 5.8859e-06 0.00096787 0.00010934 1.3725e-07 0.035013 4.1462e-06
0.9905 4.9184e-05 2.3923e-06 0.0013748 0.0022035 0.00017383 5.9982e-06 0.0010027 0.00011127 1.3807e-07 0.034995 4.1869e-06
0.99054 5.0768e-05 2.4499e-06 0.0013783 0.0022067 0.00017626 6.1153e-06 0.0010134 0.00011326 1.4129e-07 0.034976 4.2354e-06
0.99056 5.2334e-05 2.5038e-06 0.0013817 0.0022098 0.00017866 6.2276e-06 0.0010238 0.00011521 1.4253e-07 0.034958 4.2781e-06
0.99057 5.3936e-05 2.5492e-06 0.0013852 0.0022131 0.00018103 6.335e-06 0.0010341 0.00011713 1.4181e-07 0.03494 4.315e-06
0.99062 5.5577e-05 2.5999e-06 0.0013888 0.0022164 0.00018347 6.448e-06 0.0010451 0.00011912 1.438e-07 0.034922 4.3608e-06
0.99073 5.7256e-05 2.6561e-06 0.0013925 0.0022199 0.00018598 6.5668e-06 0.0010568 0.00012118 1.4861e-07 0.034905 4.4156e-06
0.99088 5.8975e-05 2.718e-06 0.0013963 0.0022234 0.00018839 6.6916e-06 0.0010695 0.00012316 1.5657e-07 0.034888 4.48e-06
0.99102 6.0674e-05 2.7761e-06 0.0014001 0.002227 0.00019076 6.8113e-06 0.0010817 0.0001251 1.6232e-07 0.034871 4.5382e-06
0.99115 6.2354e-05 2.8305e-06 0.0014038 0.0022304 0.0001932 6.9262e-06 0.0010948 0.00012711 1.7133e-07 0.034854 4.6088e-06
0.99126 6.4074e-05 2.8932e-06 0.0014075 0.002234 0.0001956 7.0475e-06 0.0011075 0.00012908 1.7801e-07 0.034838 4.6732e-06
0.99141 6.5832e-05 2.9615e-06 0.0014114 0.0022376 0.00019807 7.1743e-06 0.0011136 0.00013112 1.6746e-07 0.034821 4.7466e-06
0.99155 6.757e-05 3.0259e-06 0.0014152 0.0022413 0.00020051 7.2961e-06 0.0011196 0.00013313 1.5449e-07 0.034805 4.814e-06
0.99174 6.935e-05 3.0969e-06 0.0014192 0.002245 0.00020302 7.4243e-06 0.0011261 0.0001352 1.4539e-07 0.034789 4.8919e-06
0.99191 7.1108e-05 3.1636e-06 0.001423 0.0022486 0.00020549 7.5473e-06 0.0011323 0.00013725 1.3392e-07 0.034772 4.9632e-06
0.99177 7.2905e-05 3.2369e-06 0.001427 0.0022524 0.00020803 8.5225e-06 0.0011383 0.00013936 1.1971e-07 0.034757 5.6059e-06
0.99162 7.4681e-05 3.3058e-06 0.0014309 0.0022561 0.00021053 9.4802e-06 0.0011441 0.00014143 1.3116e-07 0.034741 6.2242e-06
0.99151 7.6495e-05 3.381e-06 0.0014349 0.0022599 0.0002131 1.0472e-05 0.0011504 0.00014358 1.462e-07 0.034725 6.8919e-06
0.99138 7.8288e-05 3.4518e-06 0.0014389 0.0022637 0.00021563 1.1445e-05 0.0011564 0.00014569 1.5863e-07 0.034709 7.5342e-06
0.99125 8.0061e-05 3.5186e-06 0.0014428 0.0022674 0.00021813 1.2403e-05 0.0011622 0.00014776 1.6873e-07 0.034693 8.1535e-06
0.99054 8.1877e-05 3.5923e-06 0.0014468 0.0022712 0.0002207 1.3398e-05 0.0011685 0.00014991 1.8298e-07 0.034678 8.8285e-06
0.9897 8.3738e-05 3.6761e-06 0.0014509 0.0022751 0.00022324 1.4362e-05 0.0011735 0.00015203 2.3335e-07 0.034663 9.6369e-06
0.98882 8.5576e-05 3.7554e-06 0.0014549 0.002279 0.00022589 1.5308e-05 0.0011783 0.00015424 2.7784e-07 0.034647 1.0415e-05
0.98789 8.7393e-05 3.8302e-06 0.0014589 0.0022828 0.00022849 1.6238e-05 0.0011829 0.00015643 3.1695e-07 0.034632 1.1165e-05
0.98708 8.9254e-05 3.9124e-06 0.001463 0.0022867 0.00023118 1.7204e-05 0.001188 0.00015869 3.6781e-07 0.034617 1.198e-05
0.98623 9.1094e-05 4.4445e-06 0.0014671 0.0022906 0.00023383 1.8153e-05 0.0011928 0.00016091 7.2449e-07 0.034602 1.2766e-05
0.98533 9.2912e-05 4.9606e-06 0.0014711 0.0022944 0.00023644 1.9086e-05 0.0011974 0.0001631 1.0467e-06 0.034586 1.3523e-05
