Ficedula_albicollis Geospiza_fortis Lepidothrix_coronata Lonchura_Striata_domestica Malurus_cyaneus Manacus_vitellinus Molothrus_ater Neopelma_chrysocephalum Oriolus_oriolus Parus_major
0.082201 0.01 0.01 8.1745e-05 1.0813e-05 0.00094582 9.8162e-05 0.00012536 0.00062493 0.00041198
0.082254 0.01 0.01 7.9372e-05 1.0393e-05 0.00094288 9.6907e-05 0.00012304 0.00061441 0.00040761
0.082313 0.01 0.01 7.7042e-05 1.0008e-05 0.00093996 9.5698e-05 0.0001208 0.00060436 0.00040328
0.082371 0.01 0.01 7.4698e-05 9.6145e-06 0.00093704 9.4476e-05 0.00011854 0.00059418 0.00039893
0.082428 0.01 0.01 7.2342e-05 9.2129e-06 0.0009341 9.3243e-05 0.00011626 0.00058388 0.00039457
0.082483 0.01 0.01 6.9974e-05 8.8031e-06 0.00093116 9.1999e-05 0.00011396 0.00057347 0.00039019
0.082545 0.01 0.01 6.7649e-05 8.4282e-06 0.00092824 9.08e-05 0.00011174 0.00056354 0.00038586
0.082605 0.01 0.01 6.531e-05 8.0441e-06 0.00092531 8.9588e-05 0.0001095 0.00055347 0.00038152
0.082676 0.01 0.01 6.2957e-05 7.6511e-06 0.00092238 8.8353e-05 0.00010723 0.00054327 0.00037715
0.082754 0.01 0.01 6.0648e-05 7.2923e-06 0.00091946 8.7165e-05 0.00010504 0.00053355 0.00037284
0.082839 0.01 0.01 5.8383e-05 6.9649e-06 0.00091657 8.6022e-05 0.00010293 0.0005243 0.00036858
0.082922 0.01 0.01 5.6103e-05 6.6292e-06 0.00091367 8.4866e-05 0.00010079 0.00051491 0.00036429
0.083013 0.01 0.01 5.3868e-05 6.325e-06 0.00091079 8.376e-05 9.8732e-05 0.000506 0.00036006
0.083102 0.01 0.01 5.1618e-05 6.012e-06 0.0009079 8.264e-05 9.6649e-05 0.00049694 0.00035581
0.083198 0.01 0.01 4.9414e-05 5.7289e-06 0.00090504 8.1567e-05 9.4645e-05 0.00048836 0.00035162
0.083304 0.01 0.01 4.7192e-05 5.4746e-06 0.00090216 8.0477e-05 9.2604e-05 0.00048026 0.00034748
0.083419 0.01 0.01 4.5017e-05 5.2463e-06 0.00089931 7.9436e-05 9.0644e-05 0.00047261 0.0003434
0.083531 0.01 0.01 4.2912e-05 5.0092e-06 0.00089649 7.8377e-05 8.8763e-05 0.0004648 0.00033929
0.083652 0.01 0.01 4.0852e-05 4.7962e-06 0.00089369 7.7366e-05 8.6958e-05 0.00045743 0.00033524
0.083783 0.01 0.01 3.8835e-05 4.6049e-06 0.00089092 7.6401e-05 8.5225e-05 0.00045048 0.00033124
0.083925 0.01 0.01 3.6861e-05 4.4331e-06 0.00088818 7.5482e-05 8.3561e-05 0.00044392 0.0003273
0.084077 0.01 0.01 3.4869e-05 4.279e-06 0.00088546 7.4605e-05 8.1963e-05 0.00043774 0.00032341
0.084227 0.01 0.01 3.2864e-05 4.1192e-06 0.00088272 7.3716e-05 8.0345e-05 0.00043203 0.0003195
0.084387 0.01 0.01 3.0895e-05 3.9742e-06 0.00088002 7.2863e-05 7.8783e-05 0.00042662 0.00031563
0.084544 0.01 0.01 2.8913e-05 3.8246e-06 0.0008773 7.1998e-05 7.7204e-05 0.00042111 0.00031175
0.0847 0.01 0.01 2.9e-05 3.6709e-06 0.00087457 7.1124e-05 7.5607e-05 0.00041552 0.00030785
0.084865 0.01 0.01 2.9092e-05 3.5309e-06 0.00087187 7.0283e-05 7.4065e-05 0.00041022 0.00030399
0.085027 0.01 0.01 2.9177e-05 3.3868e-06 0.00086915 6.9433e-05 7.4915e-05 0.00040483 0.00030012
0.085188 0.01 0.01 2.9256e-05 3.239e-06 0.00086643 6.8573e-05 7.5754e-05 0.00039936 0.00029623
0.085359 0.01 0.01 2.934e-05 3.1039e-06 0.00086372 6.7745e-05 7.6626e-05 0.00039415 0.00029238
0.08554 0.01 0.01 2.943e-05 2.9805e-06 0.00086104 6.6949e-05 7.7532e-05 0.00038921 0.00028858
0.085731 0.01 0.01 2.9524e-05 2.8679e-06 0.00085838 6.6183e-05 7.8474e-05 0.00038452 0.00028481
0.085933 0.01 0.01 2.9624e-05 2.7651e-06 0.00085573 6.5446e-05 7.9452e-05 0.00038006 0.00028108
0.086132 0.01 0.01 2.9717e-05 2.6591e-06 0.00085308 6.47e-05 8.0416e-05 0.00037553 0.00027734
0.08633 0.01 0.01 2.9803e-05 2.5498e-06 0.00085042 6.3945e-05 8.1368e-05 0.00037092 0.00027358
0.086525 0.01 0.01 2.9883e-05 2.4375e-06 0.00084775 6.3182e-05 8.2307e-05 0.00036624 0.00026981
0.086731 0.01 0.01 2.9968e-05 2.3347e-06 0.00084509 6.2447e-05 8.3283e-05 0.00036179 0.00026607
0.086935 0.01 0.01 3.0062e-05 2.2288e-06 0.00084244 6.1703e-05 8.4245e-05 0.00035727 0.00026232
0.08715 0.01 0.01 3.016e-05 2.1318e-06 0.00083979 6.0987e-05 8.5244e-05 0.00035297 0.00025861
0.087377 0.01 0.01 3.0264e-05 2.0431e-06 0.00083717 6.0298e-05 8.628e-05 0.0003489 0.00025493
0.087616 0.01 0.01 3.0373e-05 1.962e-06 0.00083457 5.9636e-05 8.7355e-05 0.00034503 0.00025129
0.087868 0.01 0.01 3.0488e-05 1.8882e-06 0.00083198 5.8998e-05 8.8469e-05 0.00034137 0.00024769
0.088117 0.01 0.01 3.0596e-05 1.8118e-06 0.00082939 5.8354e-05 8.957e-05 0.00033764 0.00024407
0.08838 0.01 0.01 3.0709e-05 1.7424e-06 0.00082682 5.7734e-05 9.0713e-05 0.00033412 0.00024049
0.088657 0.01 0.01 3.0828e-05 1.6792e-06 0.00082426 5.7139e-05 9.1897e-05 0.00033079 0.00023695
0.088931 0.01 0.01 3.094e-05 1.6135e-06 0.0008217 5.6536e-05 9.3067e-05 0.0003274 0.00023339
0.089201 0.01 0.01 3.1046e-05 1.5454e-06 0.00081912 5.5925e-05 9.4223e-05 0.00032393 0.00022981
0.089469 0.01 0.01 3.1144e-05 1.4747e-06 0.00081654 5.5306e-05 9.5364e-05 0.0003204 0.00022622
0.089752 0.01 0.01 3.1248e-05 1.4103e-06 0.00081398 5.4712e-05 9.6549e-05 0.00031709 0.00022267
0.090031 0.01 0.01 3.1346e-05 1.3436e-06 0.00081141 5.411e-05 9.7721e-05 0.00031372 0.0002191
0.090326 0.01 0.01 3.1449e-05 1.2827e-06 0.00080886 5.3531e-05 9.8936e-05 0.00031053 0.00021557
0.090617 0.01 0.01 3.1546e-05 1.2194e-06 0.00080629 5.2945e-05 0.00010014 0.00030728 0.00021202
0.090923 0.01 0.01 3.1648e-05 1.1616e-06 0.00080375 5.2382e-05 0.00010138 0.00030421 0.0002085
0.091246 0.01 0.01 3.1756e-05 1.1091e-06 0.00080123 5.1843e-05 0.00010267 0.00030132 0.00020503
0.091566 0.01 0.01 3.1856e-05 1.0542e-06 0.0007987 5.1295e-05 0.00010395 0.00029837 0.00020153
0.091905 0.01 0.01 3.1965e-05 1.005e-06 0.00079618 5.0773e-05 0.00010528 0.00029562 0.00019808
0.092236 0.01 0.01 3.2064e-05 9.5247e-07 0.00079366 5.0239e-05 0.00010658 0.00029277 0.00019461
0.092544 0.01 0.01 3.2153e-05 9.094e-07 0.00079117 4.9688e-05 0.00010797 0.00029028 0.0001911
0.092842 0.01 0.01 3.223e-05 8.6199e-07 0.00078866 4.9117e-05 0.00010932 0.00028765 0.00019209
0.093129 0.01 0.01 3.2296e-05 8.1009e-07 0.00078613 4.8527e-05 0.00011063 0.00028487 0.00019306
0.093408 0.01 0.01 3.2351e-05 7.5398e-07 0.00078359 4.7919e-05 0.0001119 0.00028195 0.000194
0.093677 0.01 0.01 3.2394e-05 6.9307e-07 0.00078102 4.7292e-05 0.00011314 0.00027888 0.00019493
0.093936 0.01 0.01 3.2427e-05 6.2717e-07 0.00077844 4.6644e-05 0.00011434 0.00027566 0.00019583
0.094187 0.01 0.01 3.2448e-05 5.5611e-07 0.00077584 4.5976e-05 0.0001155 0.00027228 0.0001967
0.094429 0.01 0.01 3.2458e-05 4.7974e-07 0.00077322 4.5288e-05 0.00011663 0.00026874 0.00019756
0.094664 0.01 0.01 3.2456e-05 3.9788e-07 0.00077058 4.4579e-05 0.00011772 0.00026505 0.0001984
0.094919 0.01 0.01 3.2467e-05 3.2647e-07 0.00076798 4.3914e-05 0.00011889 0.00026168 0.00019926
0.095198 0.01 0.01 3.249e-05 2.6384e-07 0.0007654 4.3289e-05 0.00012014 0.00025861 0.00020015
0.095468 0.01 0.01 3.2502e-05 2.6667e-07 0.00076281 4.2646e-05 0.00012135 0.0002554 0.00020102
0.095762 0.01 0.01 3.2504e-05 2.675e-07 0.00076021 4.1985e-05 0.00012252 0.00025205 0.00020187
0.096083 0.01 0.01 3.2518e-05 2.7052e-07 0.00075763 4.1365e-05 0.00012378 0.00024901 0.00020274
0.09643 0.01 0.01 3.2542e-05 2.7551e-07 0.00075509 4.0781e-05 0.00012511 0.00024622 0.00020365
0.096768 0.01 0.01 3.2557e-05 2.7865e-07 0.00075253 4.0183e-05 0.00012642 0.00024333 0.00020453
0.097101 0.01 0.01 3.2564e-05 2.8015e-07 0.00074996 3.9573e-05 0.0001277 0.00024035 0.0002054
0.097452 0.01 0.01 3.2578e-05 2.8282e-07 0.00074741 3.8988e-05 0.00012903 0.00023755 0.00020628
0.097799 0.01 0.01 3.2584e-05 2.8406e-07 0.00074485 3.8395e-05 0.00013035 0.00023468 0.00020715
0.098165 0.01 0.01 3.2596e-05 2.8636e-07 0.0007423 3.7824e-05 0.00013172 0.00023198 0.00020804
0.09855 0.01 0.01 3.2614e-05 2.8968e-07 0.00073978 3.7274e-05 0.00013314 0.00022943 0.00020894
0.09893 0.01 0.01 3.2626e-05 2.9163e-07 0.00073725 3.6717e-05 0.00013454 0.00022683 0.00020983
0.099331 0.01 0.01 3.2642e-05 2.9459e-07 0.00073473 3.6181e-05 0.000136 0.00022437 0.00021073
0.099752 0.01 0.01 3.2665e-05 2.9862e-07 0.00073223 3.5665e-05 0.00013751 0.00022206 0.00021165
0.1002 0.01 0.01 3.2693e-05 3.0372e-07 0.00072975 3.5077e-05 0.00013908 0.00021989 0.00021258
0.10066 0.01 0.01 3.2726e-05 3.0996e-07 0.00072729 3.451e-05 0.0001407 0.00021786 0.00021353
0.10115 0.01 0.01 3.2766e-05 3.1738e-07 0.00072484 3.3965e-05 0.00014009 0.00021597 0.00021449
0.10167 0.01 0.01 3.2811e-05 3.2597e-07 0.00072241 3.3439e-05 0.00013951 0.0002142 0.00021547
0.10218 0.01 0.01 3.285e-05 3.3322e-07 0.00071998 3.2907e-05 0.00013893 0.00021239 0.00021644
0.10271 0.01 0.01 3.2894e-05 3.4167e-07 0.00071756 3.2393e-05 0.00013838 0.0002107 0.00021742
0.10328 0.01 0.01 3.2943e-05 3.5141e-07 0.00071515 3.1899e-05 0.00013786 0.00020914 0.00021842
0.10387 0.01 0.01 3.2999e-05 3.6252e-07 0.00071277 3.1423e-05 0.00013738 0.00020769 0.00021943
0.10449 0.01 0.01 3.306e-05 3.7506e-07 0.0007104 3.0965e-05 0.00013693 0.00020637 0.00022045
0.1051 0.01 0.01 3.3114e-05 3.8613e-07 0.00070802 3.05e-05 0.00013647 0.00020499 0.00022147
0.10571 0.01 0.01 3.3161e-05 3.9581e-07 0.00070563 3.0029e-05 0.000136 0.00020357 0.00022247
0.10635 0.01 0.01 3.3215e-05 4.07e-07 0.00070326 2.9575e-05 0.00013556 0.00020226 0.00022349
0.10703 0.01 0.01 3.3274e-05 4.1978e-07 0.00070091 2.9139e-05 0.00013516 0.00020108 0.00022452
0.10773 0.01 0.01 3.3339e-05 4.3424e-07 0.00069858 2.872e-05 0.00013479 0.0002 0.00022557
0.10848 0.01 0.01 3.341e-05 4.5048e-07 0.00069626 2.8316e-05 0.00013445 0.00019904 0.00022664
0.1086 0.01 0.01 3.3487e-05 4.6862e-07 0.00069395 2.7929e-05 0.00013415 0.00019819 0.00022772
0.10874 0.01 0.01 3.3569e-05 4.8879e-07 0.00069167 2.7557e-05 0.00013388 0.00019745 0.00022882
0.10887 0.01 0.01 3.3645e-05 5.0737e-07 0.00068937 2.7179e-05 0.0001336 0.00019666 0.00022991
0.10901 0.01 0.01 3.3727e-05 5.2802e-07 0.00068709 2.6816e-05 0.00013335 0.00019598 0.00023101
0.10916 0.01 0.01 3.3814e-05 5.5088e-07 0.00068483 2.6467e-05 0.00013313 0.0001954 0.00023213
0.10933 0.01 0.01 3.3907e-05 5.761e-07 0.00068258 2.6132e-05 0.00013294 0.00019493 0.00023327
0.1095 0.01 0.01 3.4006e-05 6.0388e-07 0.00068035 2.5811e-05 0.00013278 0.00019456 0.00023442
0.10966 0.01 0.01 3.4098e-05 6.2993e-07 0.00067811 2.5484e-05 0.00013261 0.00019414 0.00023556
0.10983 0.01 0.01 3.4184e-05 6.5436e-07 0.00067586 2.5151e-05 0.00013243 0.00019367 0.00023669
0.11 0.01 0.01 3.4263e-05 6.7717e-07 0.0006736 2.4812e-05 0.00013224 0.00019316 0.0002378
0.11017 0.01 0.01 3.4348e-05 7.0267e-07 0.00067136 2.4488e-05 0.00013208 0.00019275 0.00023893
0.11034 0.01 0.01 3.4426e-05 7.2644e-07 0.00066911 2.4157e-05 0.00013191 0.00019229 0.00024005
0.11051 0.01 0.01 3.4498e-05 7.485e-07 0.00066685 2.382e-05 0.00013173 0.00019179 0.00024116
0.11069 0.01 0.01 3.4575e-05 7.7332e-07 0.00066461 2.3497e-05 0.00013158 0.00019139 0.00024228
0.11087 0.01 0.01 3.4646e-05 7.965e-07 0.00066236 2.3169e-05 0.00013141 0.00019094 0.00024339
0.11105 0.01 0.01 3.4711e-05 8.1803e-07 0.00066011 2.2835e-05 0.00013124 0.00019045 0.00024449
0.11122 0.01 0.01 3.4769e-05 8.3792e-07 0.00065784 2.2495e-05 0.00013105 0.00018991 0.00024558
0.11141 0.01 0.01 3.4833e-05 8.6066e-07 0.00065559 2.2169e-05 0.0001309 0.00018948 0.00024668
0.11159 0.01 0.01 3.489e-05 8.8163e-07 0.00065333 2.1837e-05 0.00013073 0.000189 0.00024777
0.11179 0.01 0.01 3.4953e-05 9.0549e-07 0.00065109 2.1517e-05 0.0001306 0.00018862 0.00024888
0.11199 0.01 0.01 3.5022e-05 9.3247e-07 0.00064886 2.1211e-05 0.0001305 0.00018834 0.00025001
0.11216 0.01 0.01 3.5097e-05 9.6269e-07 0.00064665 2.0916e-05 0.00013042 0.00018816 0.00025115
0.11234 0.01 0.01 3.5178e-05 9.9634e-07 0.00064445 2.0634e-05 0.00013038 0.00018809 0.00025231
0.11254 0.01 0.01 3.5265e-05 1.0338e-06 0.00064227 2.0363e-05 0.00013037 0.00018811 0.00025349
0.11273 0.01 0.01 3.5346e-05 1.0693e-06 0.00064008 2.0087e-05 0.00013035 0.00018809 0.00025466
0.11291 0.01 0.01 3.542e-05 1.1031e-06 0.00063789 1.9806e-05 0.00013031 0.00018802 0.00025581
0.11311 0.01 0.01 3.55e-05 1.1407e-06 0.00063571 1.9536e-05 0.00013031 0.00018806 0.00025698
0.11331 0.01 0.01 3.5573e-05 1.1764e-06 0.00063352 1.9261e-05 0.0001303 0.00018805 0.00025814
0.1135 0.01 0.01 3.564e-05 1.2102e-06 0.00063132 1.898e-05 0.00013027 0.00018799 0.00025929
0.11371 0.01 0.01 3.5713e-05 1.248e-06 0.00062913 1.8711e-05 0.00013028 0.00018803 0.00026045
0.11393 0.01 0.01 3.5792e-05 1.1992e-06 0.00062697 1.8453e-05 0.00013031 0.00018818 0.00026164
0.11414 0.01 0.01 3.5865e-05 1.1483e-06 0.00062479 1.819e-05 0.00013034 0.00018828 0.00026281
0.11436 0.01 0.01 3.5931e-05 1.0953e-06 0.00062261 1.7922e-05 0.00013035 0.00018833 0.00026396
0.11458 0.01 0.01 3.6003e-05 1.0469e-06 0.00062044 1.7664e-05 0.0001304 0.00018848 0.00026514
0.11482 0.01 0.01 3.6081e-05 1.0029e-06 0.00061828 1.7416e-05 0.00013047 0.00018874 0.00026633
0.11507 0.01 0.01 3.6165e-05 9.6283e-07 0.00061614 1.7179e-05 0.00013058 0.00018909 0.00026755
0.11532 0.01 0.01 3.6242e-05 9.2081e-07 0.00061399 1.6936e-05 0.00013067 0.00018939 0.00026875
0.11556 0.01 0.01 3.6312e-05 8.7678e-07 0.00061184 1.6688e-05 0.00013075 0.00018965 0.00026993
0.11582 0.01 0.01 3.6389e-05 8.3672e-07 0.0006097 1.645e-05 0.00013087 0.00019001 0.00027114
0.11607 0.01 0.01 3.6459e-05 7.9469e-07 0.00060755 1.6207e-05 0.00013097 0.00019032 0.00027233
0.11633 0.01 0.01 3.6522e-05 7.5078e-07 0.00060539 1.5959e-05 0.00013106 0.00019058 0.00027351
0.1166 0.01 0.01 3.6592e-05 7.1072e-07 0.00060324 1.5721e-05 0.00013118 0.00019095 0.00027471
0.11658 0.01 0.01 3.6668e-05 6.7459e-07 0.00060111 1.5493e-05 0.00013133 0.00019142 0.00027592
0.11657 0.01 0.01 3.6738e-05 6.3667e-07 0.00059898 1.5257e-05 0.00013147 0.00019185 0.00027713
0.11657 0.01 0.01 3.6814e-05 6.0199e-07 0.00059686 1.5031e-05 0.00013165 0.00019239 0.00027836
0.11656 0.01 0.01 3.6883e-05 5.6546e-07 0.00059473 1.48e-05 0.00013181 0.00019287 0.00027957
0.11656 0.01 0.01 3.6958e-05 5.3206e-07 0.00059261 1.4578e-05 0.000132 0.00019346 0.0002808
0.11656 0.01 0.01 3.704e-05 5.0156e-07 0.00059051 1.4366e-05 0.00013223 0.00019416 0.00028205
0.11657 0.01 0.01 3.7116e-05 4.6937e-07 0.0005884 1.4149e-05 0.00013244 0.00019481 0.00028329
0.11658 0.01 0.01 3.7198e-05 4.3991e-07 0.00058631 1.3942e-05 0.00013269 0.00019557 0.00028455
0.11658 0.01 0.01 3.7273e-05 4.0873e-07 0.0005842 1.373e-05 0.00013292 0.00019628 0.00028579
0.11659 0.01 0.01 3.7341e-05 3.7589e-07 0.00058209 1.3513e-05 0.00013314 0.00019694 0.00028702
0.1166 0.01 0.01 3.7416e-05 3.4565e-07 0.00058 1.3304e-05 0.0001334 0.00019772 0.00028828
0.11662 0.01 0.01 3.7498e-05 3.1781e-07 0.00057792 1.3105e-05 0.00013369 0.00019861 0.00028955
0.11665 0.01 0.01 3.7587e-05 2.9208e-07 0.00057585 1.2914e-05 0.00013401 0.00019961 0.00029084
0.11668 0.01 0.01 3.7668e-05 2.6481e-07 0.00057377 1.2718e-05 0.00013432 0.00020057 0.00029213
0.1167 0.01 0.01 3.7743e-05 2.36e-07 0.00057169 1.2517e-05 0.00013462 0.00020148 0.00029339
0.11673 0.01 0.01 3.7825e-05 2.0916e-07 0.00056962 1.2325e-05 0.00013252 0.00020251 0.00029468
0.11676 0.01 0.01 3.7899e-05 1.8075e-07 0.00056754 1.2127e-05 0.0001304 0.00020349 0.00029596
0.11679 0.01 0.01 3.7981e-05 1.5421e-07 0.00056548 1.1938e-05 0.00012836 0.00020458 0.00029725
0.11683 0.01 0.01 3.8068e-05 1.2927e-07 0.00056343 1.1756e-05 0.00012638 0.00020578 0.00029857
0.11687 0.01 0.01 3.8149e-05 1.0284e-07 0.00056137 1.157e-05 0.00012438 0.00020693 0.00029987
0.11691 0.01 0.01 3.8223e-05 1.1543e-07 0.0005593 1.1379e-05 0.00012236 0.00020804 0.00030116
0.11695 0.01 0.01 3.829e-05 1.2677e-07 0.00055723 1.1183e-05 0.00012033 0.00020909 0.00030244
0.11699 0.01 0.01 3.8351e-05 1.3687e-07 0.00055515 1.0982e-05 0.00011827 0.00022851 0.0003037
0.11703 0.01 0.01 3.8418e-05 1.476e-07 0.00055308 1.0789e-05 0.00011629 0.00024873 0.00030499
0.11707 0.01 0.01 3.8478e-05 1.5705e-07 0.000551 1.0592e-05 0.00011429 0.00026876 0.00030626
0.11711 0.01 0.01 3.8532e-05 1.652e-07 0.00054891 1.0389e-05 0.00011226 0.00028859 0.00030751
0.11716 0.01 0.01 3.8592e-05 1.7407e-07 0.00054684 1.0182e-05 0.00011031 0.00030928 0.00030879
0.11721 0.01 0.01 3.8658e-05 1.8371e-07 0.00054478 9.9824e-06 0.00010841 0.00033085 0.00031009
0.11726 0.01 0.01 3.8718e-05 1.9204e-07 0.00054272 9.7781e-06 0.0001065 0.00035221 0.00031138
0.11731 0.01 0.01 3.8771e-05 1.991e-07 0.00054064 9.5693e-06 0.00010458 0.00037339 0.00031265
0.11736 0.01 0.01 3.8818e-05 2.049e-07 0.00053856 9.3559e-06 0.00010263 0.00039439 0.00031391
0.11741 0.01 0.01 3.8858e-05 2.0944e-07 0.00053647 9.138e-06 0.00010067 0.0004152 0.00031516
0.11746 0.01 0.01 3.8904e-05 2.1472e-07 0.0005344 8.9274e-06 9.8776e-05 0.0004369 0.00031643
0.11751 0.01 0.01 3.8943e-05 2.187e-07 0.00053231 8.7121e-06 9.686e-05 0.00045838 0.00031769
0.11756 0.01 0.01 3.8976e-05 2.2136e-07 0.00053022 8.4919e-06 9.4927e-05 0.00047965 0.00031893
0.11761 0.01 0.01 3.9002e-05 2.2272e-07 0.00052811 8.267e-06 9.2976e-05 0.00050072 0.00032016
0.11767 0.01 0.01 3.9034e-05 2.2483e-07 0.00052603 8.0493e-06 9.1085e-05 0.00052268 0.00032141
0.11772 0.01 0.01 3.9059e-05 2.2563e-07 0.00052393 7.8269e-06 8.9178e-05 0.00054442 0.00032264
0.11778 0.01 0.01 3.9077e-05 2.2516e-07 0.00052182 7.6e-06 8.7253e-05 0.00056598 0.00032387
0.11783 0.01 0.01 3.9089e-05 2.2342e-07 0.00051971 7.3685e-06 8.5313e-05 0.00058735 0.00032508
0.11788 0.01 0.01 3.9094e-05 2.2041e-07 0.00051759 7.1325e-06 8.3356e-05 0.00060853 0.00032628
0.11793 0.01 0.01 3.9093e-05 2.1614e-07 0.00051546 6.8919e-06 8.1383e-05 0.00062952 0.00032746
0.11798 0.01 0.01 3.9085e-05 2.1059e-07 0.00051332 6.6468e-06 7.9393e-05 0.00065034 0.00032864
0.11803 0.01 0.01 3.907e-05 2.0378e-07 0.00051118 6.3971e-06 7.7387e-05 0.00067097 0.0003298
0.11807 0.01 0.01 3.9049e-05 1.9569e-07 0.00050903 6.1428e-06 7.5364e-05 0.00069141 0.00033094
0.11813 0.01 0.01 3.9034e-05 1.8837e-07 0.00050689 5.896e-06 7.3404e-05 0.00071274 0.00033211
0.11818 0.01 0.01 3.9012e-05 1.7978e-07 0.00050474 5.6446e-06 7.1428e-05 0.00073387 0.00033327
0.11823 0.01 0.01 3.8997e-05 1.7193e-07 0.00050261 5.4005e-06 6.9512e-05 0.00075592 0.00033444
0.1183 0.01 0.01 3.8989e-05 1.6474e-07 0.00050049 5.1633e-06 6.7655e-05 0.00077903 0.00033564
0.11837 0.01 0.01 3.8987e-05 1.5822e-07 0.00049838 4.933e-06 6.5857e-05 0.00080314 0.00033686
0.11845 0.01 0.01 3.8992e-05 1.5231e-07 0.00049628 4.7094e-06 6.4116e-05 0.00082832 0.0003381
0.11853 0.01 0.01 3.899e-05 1.4512e-07 0.00049418 4.4811e-06 6.2358e-05 0.00085325 0.00033933
0.1186 0.01 0.01 3.8981e-05 1.3666e-07 0.00049207 4.669e-06 6.0584e-05 0.00087794 0.00034054
0.11869 0.01 0.01 3.8979e-05 1.2875e-07 0.00048997 4.8623e-06 5.8863e-05 0.00090369 0.00034178
0.11878 0.01 0.01 3.8983e-05 1.2132e-07 0.00048789 5.0613e-06 5.7195e-05 0.00093054 0.00034304
0.11887 0.01 0.01 3.898e-05 1.1269e-07 0.00048579 5.2559e-06 5.5512e-05 0.00095716 0.00034428
0.11896 0.01 0.01 3.8984e-05 1.0453e-07 0.00048371 5.4565e-06 5.3882e-05 0.00098494 0.00034555
0.11906 0.01 0.01 3.8982e-05 9.5163e-08 0.00048163 5.6528e-06 5.2237e-05 0.0010125 0.0003468
0.11916 0.01 0.01 3.8986e-05 8.6219e-08 0.00047955 5.8552e-06 5.0643e-05 0.0010412 0.00034808
0.11927 0.01 0.01 3.8997e-05 7.7633e-08 0.00047749 6.0639e-06 4.9099e-05 0.0010712 0.00034938
0.11938 0.01 0.01 3.9001e-05 6.7868e-08 0.00047542 6.2683e-06 4.754e-05 0.001101 0.00035066
0.1195 0.01 0.01 3.9012e-05 5.8407e-08 0.00047336 6.4791e-06 4.6029e-05 0.0011321 0.00035197
0.11962 0.01 0.01 3.9029e-05 4.9161e-08 0.00047132 6.6965e-06 4.4564e-05 0.0011644 0.0003533
0.11975 0.01 0.01 3.9039e-05 3.8758e-08 0.00046926 6.9095e-06 4.3086e-05 0.0011966 0.00035462
0.11987 0.01 0.01 3.9043e-05 2.7193e-08 0.0004672 7.1181e-06 4.1594e-05 0.0012284 0.00035592
0.11999 0.01 0.01 3.9054e-05 1.4431e-08 0.00046513 7.3336e-06 4.0086e-05 0.0012599 0.00035721
0.12011 0.01 0.01 3.9058e-05 1.4192e-08 0.00046308 7.5447e-06 3.8625e-05 0.0012912 0.00035849
0.12023 0.01 0.01 3.9055e-05 1.2929e-08 0.00046101 7.7513e-06 3.7151e-05 0.0013221 0.00035976
0.12035 0.01 0.01 3.9059e-05 1.1153e-08 0.00045896 7.9648e-06 3.572e-05 0.0013544 0.00036105
0.12048 0.01 0.01 3.9056e-05 2.3873e-08 0.0004569 8.1735e-06 3.4275e-05 0.0013864 0.00036232
0.12061 0.01 0.01 3.9059e-05 3.6875e-08 0.00045485 8.3895e-06 3.2874e-05 0.0014198 0.00036362
0.12074 0.01 0.01 3.9056e-05 4.8701e-08 0.00045279 8.601e-06 3.1459e-05 0.001453 0.0003649
0.12088 0.01 0.01 3.906e-05 6.0876e-08 0.00045075 8.8199e-06 3.0087e-05 0.0014875 0.00036621
0.12102 0.01 0.01 3.9057e-05 7.1829e-08 0.0004487 9.0341e-06 2.8701e-05 0.0015218 0.0003675
0.12117 0.01 0.01 3.906e-05 8.3194e-08 0.00044666 9.2559e-06 2.7356e-05 0.0015576 0.00036882
0.12132 0.01 0.01 3.907e-05 9.5021e-08 0.00044463 9.4853e-06 2.6051e-05 0.0015948 0.00037016
0.12148 0.01 0.01 3.9073e-05 1.056e-07 0.00044259 9.7098e-06 2.4731e-05 0.0016318 0.00037149
0.12163 0.01 0.01 3.9069e-05 1.1492e-07 0.00044055 9.9295e-06 2.3398e-05 0.0016684 0.0003728
0.12178 0.01 0.01 3.9058e-05 1.2299e-07 0.0004385 1.0144e-05 2.2051e-05 0.0017046 0.0003741
0.12194 0.01 0.01 3.9053e-05 1.3159e-07 0.00043646 1.0367e-05 2.0744e-05 0.0017425 0.00037542
0.1221 0.01 0.01 3.9042e-05 1.3893e-07 0.00043441 1.0585e-05 1.9424e-05 0.00178 0.00037673
0.12226 0.01 0.01 3.9024e-05 1.4502e-07 0.00043237 1.0798e-05 1.8141e-05 0.0018171 0.00037802
0.12242 0.01 0.01 3.9013e-05 1.5171e-07 0.00043035 1.102e-05 1.6897e-05 0.001856 0.00037934
0.1226 0.01 0.01 3.9009e-05 1.5905e-07 0.00042834 1.125e-05 1.569e-05 0.0018966 0.00038069
0.12279 0.01 0.01 3.9013e-05 1.671e-07 0.00042634 1.1489e-05 1.4519e-05 0.001939 0.00038206
0.12298 0.01 0.01 3.9008e-05 1.738e-07 0.00042433 1.1723e-05 1.3333e-05 0.001981 0.00038341
0.12316 0.01 0.01 3.8996e-05 1.7906e-07 0.00042231 1.1951e-05 1.2132e-05 0.0020224 0.00038475
0.12334 0.01 0.01 3.897e-05 1.8291e-07 0.00042028 1.2173e-05 1.2192e-05 0.0020634 0.00038612
0.12351 0.01 0.01 3.8935e-05 1.8536e-07 0.00041824 1.2389e-05 1.2244e-05 0.0021038 0.00038747
0.1237 0.01 0.01 3.8909e-05 1.8859e-07 0.00041622 1.2615e-05 1.2304e-05 0.0021461 0.00038885
0.12388 0.01 0.01 3.8874e-05 1.9043e-07 0.00041421 1.2835e-05 1.2371e-05 0.0021879 0.00039021
0.12406 0.01 0.01 3.8832e-05 1.9091e-07 0.00041219 1.305e-05 1.243e-05 0.0022292 0.00039156
0.12425 0.01 0.01 3.8798e-05 1.9217e-07 0.00041018 1.3274e-05 1.2496e-05 0.0022725 0.00039293
0.12444 0.01 0.01 3.8757e-05 1.9211e-07 0.00040817 1.3493e-05 1.2555e-05 0.0023154 0.00039429
0.12465 0.01 0.01 3.8723e-05 1.9284e-07 0.00040616 1.3721e-05 1.2622e-05 0.0023602 0.00039567
0.12484 0.01 0.01 3.8681e-05 1.9225e-07 0.00040415 1.3945e-05 1.268e-05 0.0024047 0.00039705
0.12506 0.01 0.01 3.8648e-05 1.9251e-07 0.00040215 1.3693e-05 1.2747e-05 0.0024513 0.00039845
0.12527 0.01 0.01 3.8607e-05 1.9137e-07 0.00040015 1.3435e-05 1.2805e-05 0.0024973 0.00039983
0.12549 0.01 0.01 3.8574e-05 1.9105e-07 0.00039815 1.3188e-05 1.2871e-05 0.0025456 0.00040124
0.12546 0.01 0.01 3.8549e-05 1.9157e-07 0.00039617 1.2951e-05 1.2945e-05 0.0025962 0.00040268
0.12508 0.01 0.01 3.8532e-05 1.9292e-07 0.0003942 1.2724e-05 1.3027e-05 0.0026493 0.00040415
0.12471 0.01 0.01 3.8507e-05 1.9287e-07 0.00039223 1.2492e-05 1.3101e-05 0.0027018 0.00040561
0.12435 0.01 0.01 3.849e-05 1.9367e-07 0.00039026 1.2269e-05 1.3183e-05 0.0027568 0.00040709
0.12399 0.01 0.01 3.8465e-05 1.9305e-07 0.00038829 1.2041e-05 1.3257e-05 0.0028111 0.00040856
0.12362 0.01 0.01 3.8433e-05 1.9106e-07 0.00038631 1.1807e-05 1.3322e-05 0.0028648 0.00041001
0.12321 0.01 0.01 3.8392e-05 1.9006e-07 0.00038434 1.1566e-05 1.3397e-05 0.0029213 0.00041149
0.12279 0.01 0.01 3.8344e-05 1.8764e-07 0.00038236 1.132e-05 1.3464e-05 0.0029772 0.00041295
0.12236 0.01 0.01 3.8286e-05 1.8374e-07 0.0003804 1.1067e-05 1.3539e-05 0.0030322 0.0004144
0.12193 0.01 0.01 3.8221e-05 1.7841e-07 0.00037842 1.0808e-05 1.3606e-05 0.0030865 0.00041583
0.12152 0.01 0.01 3.8164e-05 1.739e-07 0.00037646 1.056e-05 1.3681e-05 0.0031435 0.00041729
0.12113 0.01 0.01 3.8115e-05 1.7013e-07 0.00037451 1.032e-05 1.3765e-05 0.0032031 0.00041878
0.12076 0.01 0.01 3.8073e-05 1.6708e-07 0.00037258 1.0091e-05 1.3856e-05 0.0032655 0.0004203
0.12042 0.01 0.01 3.8038e-05 1.6474e-07 0.00037065 9.8698e-06 1.3955e-05 0.0033309 0.00042184
0.12009 0.01 0.01 3.8012e-05 1.6308e-07 0.00036874 9.6579e-06 1.4063e-05 0.0033994 0.00042342
0.11976 0.01 0.01 3.7977e-05 1.6006e-07 0.00036682 9.4403e-06 1.4163e-05 0.0034672 0.00042498
0.11944 0.01 0.01 3.7951e-05 1.5772e-07 0.00036489 9.2315e-06 1.4254e-05 0.0035381 0.00042657
0.11914 0.01 0.01 3.7932e-05 1.5606e-07 0.00036297 9.0312e-06 1.4353e-05 0.0036125 0.0004282
0.11887 0.01 0.01 3.7921e-05 1.5511e-07 0.00036107 8.8394e-06 1.4461e-05 0.0036906 0.00042985
0.11858 0.01 0.01 3.7903e-05 1.5281e-07 0.00035915 8.6422e-06 1.4561e-05 0.0037677 0.00043149
0.11829 0.01 0.01 3.7876e-05 1.4907e-07 0.00035723 8.439e-06 1.4652e-05 0.0038438 0.00043311
0.11803 0.01 0.01 3.8189e-05 1.4642e-07 0.00035532 8.2469e-06 1.4755e-05 0.0039245 0.0004347
0.11775 0.01 0.01 3.8492e-05 1.4218e-07 0.0003534 8.0477e-06 1.4848e-05 0.0040038 0.00043627
0.1175 0.01 0.01 3.8807e-05 1.389e-07 0.0003515 7.8585e-06 1.4953e-05 0.0040875 0.00043788
0.11724 0.01 0.01 3.9113e-05 1.3411e-07 0.00034961 7.663e-06 1.507e-05 0.00417 0.00043947
0.11699 0.01 0.01 3.943e-05 1.3011e-07 0.00034774 7.4763e-06 1.5198e-05 0.0042566 0.0004411
0.11675 0.01 0.01 3.9738e-05 1.2474e-07 0.00034585 7.2841e-06 1.5317e-05 0.0043424 0.00044271
0.11651 0.01 0.01 4.0057e-05 1.2001e-07 0.00034398 7.0998e-06 1.5447e-05 0.0044322 0.00044435
0.11628 0.01 0.01 4.0367e-05 1.139e-07 0.0003421 6.9099e-06 1.5567e-05 0.0045209 0.00044597
0.11604 0.01 0.01 4.0668e-05 1.0639e-07 0.00034021 6.7143e-06 1.5679e-05 0.0046086 0.00044757
0.11581 0.01 0.01 4.098e-05 9.9541e-08 0.00033833 6.5267e-06 1.5801e-05 0.0047006 0.00044921
0.1156 0.01 0.01 4.1303e-05 9.3276e-08 0.00033647 6.347e-06 1.5933e-05 0.004797 0.00045088
0.11539 0.01 0.01 4.1618e-05 8.5686e-08 0.00033459 6.1619e-06 1.6057e-05 0.0048924 0.00045254
0.11519 0.01 0.01 4.1944e-05 7.867e-08 0.00033273 5.9847e-06 1.6192e-05 0.0049925 0.00045423
0.115 0.01 0.01 4.2283e-05 7.2206e-08 0.00033089 5.8155e-06 1.634e-05 0.0050131 0.00045596
0.11483 0.01 0.01 4.2634e-05 6.6253e-08 0.00032906 5.6541e-06 1.65e-05 0.0050085 0.00045773
0.11467 0.01 0.01 4.2999e-05 6.0758e-08 0.00032724 5.5006e-06 1.6674e-05 0.0050047 0.00045954
0.11453 0.01 0.01 4.3378e-05 5.567e-08 0.00032544 5.3545e-06 1.6862e-05 0.0050017 0.0004614
0.11438 0.01 0.01 4.3747e-05 4.9186e-08 0.00032362 5.2023e-06 1.7039e-05 0.0049984 0.00046323
0.11386 0.01 0.01 4.4139e-05 4.3424e-08 0.00032183 5.0601e-06 1.7235e-05 0.0049932 0.00046511
0.11332 0.01 0.01 4.4517e-05 3.6104e-08 0.00032002 4.9102e-06 1.7416e-05 0.0049875 0.00046697
0.11277 0.01 0.01 4.4883e-05 2.7274e-08 0.0003182 4.7534e-06 1.7585e-05 0.0049814 0.00046879
0.11272 0.01 0.01 4.5224e-05 3.3288e-08 0.00031636 4.5888e-06 1.7739e-05 0.0049749 0.00047067
0.11267 0.01 0.01 4.5551e-05 3.7833e-08 0.00031451 4.4164e-06 1.788e-05 0.0049678 0.00047252
0.11261 0.01 0.01 4.5865e-05 4.0922e-08 0.00031264 4.2363e-06 1.8006e-05 0.0049603 0.00047434
0.11255 0.01 0.01 4.6156e-05 3.2932e-08 0.00031079 4.0488e-06 1.8152e-05 0.0049539 0.00047613
0.11249 0.01 0.01 4.6464e-05 2.5542e-08 0.00030896 3.8715e-06 1.8315e-05 0.0049207 0.00047798
0.11245 0.01 0.01 4.6791e-05 1.8635e-08 0.00030715 3.7041e-06 1.8499e-05 0.0048899 0.00047988
0.11241 0.01 0.01 4.7105e-05 2.382e-08 0.00030533 3.5297e-06 1.8669e-05 0.0048583 0.00048175
0.11236 0.01 0.01 4.7407e-05 2.7668e-08 0.00030349 3.3483e-06 1.8826e-05 0.0048259 0.00048359
0.11232 0.01 0.01 4.7726e-05 3.1724e-08 0.00030167 3.1763e-06 1.9002e-05 0.0047958 0.00048549
0.11228 0.01 0.01 4.8034e-05 3.4426e-08 0.00029984 2.9974e-06 1.9164e-05 0.0047648 0.00048737
0.11224 0.01 0.01 4.8359e-05 3.7378e-08 0.00029803 2.8277e-06 1.9347e-05 0.0047362 0.0004893
0.11202 0.01 0.01 4.8704e-05 4.0671e-08 0.00029623 2.6677e-06 1.9549e-05 0.0047098 0.00049129
0.11178 0.01 0.01 4.9036e-05 4.2576e-08 0.00029443 2.5012e-06 1.9738e-05 0.0046826 0.00049326
0.11157 0.01 0.01 4.9388e-05 4.4853e-08 0.00029264 2.3431e-06 1.9948e-05 0.0046576 0.00049528
0.11137 0.01 0.01 4.9758e-05 4.7519e-08 0.00029087 2.1928e-06 2.0179e-05 0.0046345 0.00049735
0.1112 0.01 0.01 5.0148e-05 5.0629e-08 0.00028911 2.0497e-06 2.0431e-05 0.0046135 0.00049948
0.1106 0.01 0.01 5.0558e-05 5.428e-08 0.00028738 1.9138e-06 2.0707e-05 0.0045943 0.00050168
0.11006 0.01 0.01 5.0989e-05 5.8547e-08 0.00028566 1.7845e-06 2.1005e-05 0.004577 0.00050393
0.1095 0.01 0.01 5.1407e-05 6.1327e-08 0.00028393 1.6492e-06 2.129e-05 0.0045592 0.00050615
0.10899 0.01 0.01 5.1845e-05 4.9905e-08 0.00028222 1.5019e-06 2.1597e-05 0.0045429 0.00050843
0.10846 0.01 0.01 5.227e-05 3.6771e-08 0.0002805 1.3485e-06 2.189e-05 0.0045261 0.00051068
0.10791 0.01 0.01 5.2717e-05 4.1807e-08 0.0002833 1.3619e-06 2.2167e-05 0.0045086 0.0005129
0.10734 0.01 0.01 5.3185e-05 4.5355e-08 0.00028608 1.3706e-06 2.2428e-05 0.0044905 0.00051509
0.10681 0.01 0.01 5.3675e-05 4.935e-08 0.00028889 1.3814e-06 2.2712e-05 0.0044739 0.00051733
0.10626 0.01 0.01 5.4153e-05 5.2005e-08 0.00029168 1.388e-06 2.2983e-05 0.0044568 0.00051955
0.10576 0.01 0.01 5.4646e-05 5.4823e-08 0.0002945 1.3956e-06 2.3272e-05 0.0044409 0.00052182
0.10528 0.01 0.01 5.5155e-05 5.7766e-08 0.00029733 1.4039e-06 2.3577e-05 0.0044261 0.00052412
0.10479 0.01 0.01 5.5654e-05 5.9461e-08 0.00030015 1.4085e-06 2.3871e-05 0.004411 0.00052641
0.1043 0.01 0.01 5.6143e-05 5.9915e-08 0.00030296 1.4093e-06 2.4155e-05 0.0043955 0.00052868
0.10383 0.01 0.01 5.6647e-05 6.0494e-08 0.00030578 1.4109e-06 2.4455e-05 0.0043811 0.00053098
0.10336 0.01 0.01 5.7142e-05 5.9864e-08 0.0003086 1.4088e-06 2.4745e-05 0.0043663 0.00053327
0.10288 0.01 0.01 5.7627e-05 5.8017e-08 0.00031141 1.4031e-06 2.5024e-05 0.0043513 0.00053554
0.10243 0.01 0.01 5.8129e-05 5.6339e-08 0.00031423 1.3982e-06 2.5322e-05 0.0043374 0.00053786
0.10197 0.01 0.01 5.862e-05 5.3394e-08 0.00031704 1.3895e-06 2.5608e-05 0.0043231 0.00054015
0.10154 0.01 0.01 5.9128e-05 5.0674e-08 0.00031988 1.3819e-06 2.5913e-05 0.0043098 0.00054249
0.1011 0.01 0.01 5.9625e-05 4.6626e-08 0.0003227 1.3703e-06 2.6205e-05 0.0042962 0.00054481
0.10065 0.01 0.01 6.0109e-05 4.1215e-08 0.00032551 1.3536e-06 2.6485e-05 0.0042821 0.0005471
0.10019 0.01 0.01 6.0581e-05 3.4413e-08 0.0003283 1.3327e-06 2.675e-05 0.0042677 0.00054936
0.099709 0.01 0.01 6.1026e-05 3.9187e-08 0.00033108 1.3799e-06 2.6999e-05 0.0042524 0.00055169
0.099266 0.01 0.01 6.1491e-05 4.4263e-08 0.00033388 1.4293e-06 2.7271e-05 0.0042384 0.00055406
0.098814 0.01 0.01 6.1945e-05 4.8053e-08 0.00033666 1.4746e-06 2.7531e-05 0.004224 0.00055642
0.098391 0.01 0.01 6.2416e-05 5.2036e-08 0.00033947 1.5041e-06 2.781e-05 0.0042107 0.00055882
0.09796 0.01 0.01 6.2877e-05 5.478e-08 0.00034227 1.5298e-06 2.8078e-05 0.0041971 0.00056121
0.097554 0.01 0.01 6.3352e-05 5.7578e-08 0.00034506 1.5563e-06 2.8362e-05 0.0041844 0.00056363
0.097142 0.01 0.01 6.3819e-05 5.9204e-08 0.00034784 1.5792e-06 2.8636e-05 0.0041715 0.00056604
0.096726 0.01 0.01 6.4278e-05 5.9705e-08 0.00035061 1.5987e-06 2.8902e-05 0.0041584 0.00056843
0.096331 0.01 0.01 6.4749e-05 6.0154e-08 0.00035339 1.6186e-06 2.9182e-05 0.0041461 0.00057085
0.095931 0.01 0.01 6.5213e-05 5.9466e-08 0.00035617 1.635e-06 2.9454e-05 0.0041335 0.00057327
0.095527 0.01 0.01 6.5668e-05 5.7645e-08 0.00035893 1.648e-06 2.9716e-05 0.0041208 0.00057566
0.095143 0.01 0.01 6.6135e-05 5.5757e-08 0.00036172 1.6614e-06 2.9992e-05 0.0041089 0.0005781
0.094754 0.01 0.01 6.6595e-05 5.2738e-08 0.00036449 1.6714e-06 3.026e-05 0.0040967 0.00058051
0.094362 0.01 0.01 6.7047e-05 4.861e-08 0.00036725 1.678e-06 3.0519e-05 0.0040844 0.00058292
0.093966 0.01 0.01 6.7492e-05 4.3371e-08 0.00037001 1.6813e-06 3.077e-05 0.004072 0.0005853
0.093589 0.01 0.01 6.7949e-05 3.8057e-08 0.00037278 1.6849e-06 3.1035e-05 0.0040603 0.00058773
0.093231 0.01 0.01 6.8418e-05 3.2633e-08 0.00037556 1.6889e-06 3.1315e-05 0.0040493 0.00059019
0.092869 0.01 0.01 6.888e-05 2.6109e-08 0.00037834 1.6896e-06 3.1586e-05 0.0040381 0.00059263
0.092526 0.01 0.01 6.9355e-05 1.9461e-08 0.00038113 1.6909e-06 3.1872e-05 0.0040277 0.00059512
0.092179 0.01 0.01 6.9821e-05 2.8659e-08 0.00038392 1.6888e-06 3.2148e-05 0.0040171 0.00059758
0.091828 0.01 0.01 7.028e-05 3.6711e-08 0.00038669 1.6832e-06 3.2417e-05 0.0040063 0.00060004
0.091494 0.01 0.01 7.0752e-05 4.4799e-08 0.00038948 1.6781e-06 3.27e-05 0.0039962 0.00060252
0.091177 0.01 0.01 7.1236e-05 5.2959e-08 0.00039228 1.6733e-06 3.2998e-05 0.0039868 0.00060505
0.090857 0.01 0.01 7.1712e-05 5.9952e-08 0.00039508 1.6651e-06 3.3287e-05 0.0039773 0.00060756
0.090552 0.01 0.01 7.2202e-05 6.7055e-08 0.00039789 1.6573e-06 3.3591e-05 0.0039684 0.00061011
0.090245 0.01 0.01 7.2684e-05 7.3011e-08 0.00040069 1.6462e-06 3.3886e-05 0.0039593 0.00061264
0.089953 0.01 0.01 7.3179e-05 7.9137e-08 0.0004035 1.6354e-06 3.4198e-05 0.0039509 0.00061521
0.089659 0.01 0.01 7.3666e-05 8.4109e-08 0.00040631 1.6213e-06 3.4501e-05 0.0039424 0.00061777
0.089361 0.01 0.01 7.4146e-05 8.7928e-08 0.00040911 1.6039e-06 3.4795e-05 0.0039337 0.00062031
0.089079 0.01 0.01 7.4639e-05 9.1924e-08 0.00041193 1.5868e-06 3.5105e-05 0.0039257 0.00062289
0.088811 0.01 0.01 7.5146e-05 9.6137e-08 0.00041476 1.5701e-06 3.5431e-05 0.0039183 0.00062551
0.088539 0.01 0.01 7.5644e-05 9.9124e-08 0.00041758 1.5499e-06 3.5748e-05 0.0039107 0.00062811
0.088283 0.01 0.01 7.6158e-05 1.0247e-07 0.00042042 1.5305e-06 3.6083e-05 0.0038578 0.00063075
0.088042 0.01 0.01 7.6689e-05 1.0622e-07 0.00042327 1.5117e-06 3.6438e-05 0.0038073 0.00063344
0.087815 0.01 0.01 7.7236e-05 1.1044e-07 0.00042615 1.4938e-06 3.6812e-05 0.0037592 0.00063618
0.087582 0.01 0.01 7.7773e-05 1.1335e-07 0.00042901 1.4721e-06 3.7176e-05 0.0037104 0.00063889
0.087363 0.01 0.01 7.8329e-05 1.1682e-07 0.0004319 1.4514e-06 3.7562e-05 0.0036641 0.00064166
0.08714 0.01 0.01 7.8872e-05 1.1885e-07 0.0004348 1.4267e-06 3.7972e-05 0.003617 0.0006444
0.086912 0.01 0.01 7.9404e-05 1.1945e-07 0.00043769 1.3981e-06 3.8369e-05 0.0035692 0.00064712
0.086678 0.01 0.01 7.9911e-05 1.1848e-07 0.00044057 1.3653e-06 3.8752e-05 0.0035253 0.00064989
0.086439 0.01 0.01 8.0406e-05 1.1602e-07 0.00044344 1.5812e-06 3.912e-05 0.0034807 0.00065264
0.086195 0.01 0.01 8.0889e-05 1.1209e-07 0.0004463 1.7913e-06 3.9474e-05 0.0034353 0.00065536
0.085967 0.01 0.01 8.1391e-05 1.0887e-07 0.00044917 2.0089e-06 3.9852e-05 0.0033923 0.00065813
0.085754 0.01 0.01 8.1914e-05 1.0628e-07 0.00045207 2.234e-06 4.0256e-05 0.0033517 0.00066096
0.085537 0.01 0.01 8.2424e-05 1.0225e-07 0.00045496 2.453e-06 4.0645e-05 0.0033103 0.00066377
0.085314 0.01 0.01 8.2922e-05 9.6743e-08 0.00045783 2.666e-06 4.102e-05 0.0032681 0.00066655
0.085108 0.01 0.01 8.3441e-05 9.194e-08 0.00046072 2.8873e-06 4.1422e-05 0.0032284 0.00066938
0.084896 0.01 0.01 8.3947e-05 8.5692e-08 0.00046361 3.1024e-06 4.1809e-05 0.0031879 0.00067219
0.084701 0.01 0.01 8.4434e-05 8.0234e-08 0.00046651 3.3272e-06 4.2226e-05 0.0031499 0.00067507
0.0845 0.01 0.01 8.9421e-05 7.3211e-08 0.00046941 3.5447e-06 4.2626e-05 0.003111 0.00067791
0.084316 0.01 0.01 9.4544e-05 6.6989e-08 0.00047233 3.7728e-06 4.3058e-05 0.0030746 0.00068082
0.084149 0.01 0.01 9.5921e-05 6.1522e-08 0.00047527 4.0126e-06 4.3524e-05 0.0030407 0.0006838
0.083997 0.01 0.01 9.7341e-05 5.6674e-08 0.00047825 4.2645e-06 4.4026e-05 0.003009 0.00068685
0.083859 0.01 0.01 9.8808e-05 5.24e-08 0.00048126 4.5296e-06 4.4565e-05 0.0029795 0.00068997
0.083733 0.01 0.01 0.00010032 4.8605e-08 0.00048429 4.8084e-06 4.5143e-05 0.0029521 0.00069317
0.083621 0.01 0.01 0.00010189 4.5258e-08 0.00048731 5.102e-06 4.57e-05 0.0029266 0.00069644
0.083521 0.01 0.01 0.00010343 4.0486e-08 0.00049031 5.3867e-06 4.6237e-05 0.0029004 0.00069967
0.083417 0.01 0.01 0.00010494 3.4271e-08 0.00049334 5.6625e-06 4.6816e-05 0.0028735 0.00070287
0.083306 0.01 0.01 0.00010644 3.9928e-08 0.00049641 6.3704e-06 4.7438e-05 0.0028455 0.00070604
0.08319 0.01 0.01 0.00010799 4.4094e-08 0.00049945 7.0602e-06 4.8036e-05 0.0028157 0.00070917
0.083086 0.01 0.01 0.00010958 4.8701e-08 0.00050253 7.7867e-06 4.8677e-05 0.002788 0.00071237
0.082994 0.01 0.01 0.00011124 5.3822e-08 0.00050563 8.5517e-06 4.9361e-05 0.0027623 0.00071565
0.082912 0.01 0.01 0.00011294 5.9547e-08 0.00050877 9.3572e-06 5.0091e-05 0.0027384 0.000719
0.082841 0.01 0.01 0.0001147 6.602e-08 0.00051194 1.0207e-05 5.0868e-05 0.0027163 0.00072244
0.082767 0.01 0.01 0.00011644 7.0968e-08 0.00051509 1.1037e-05 5.1623e-05 0.0026935 0.00072584
0.082688 0.01 0.01 0.00011815 7.4394e-08 0.00051823 1.185e-05 5.2355e-05 0.0026701 0.0007292
0.082621 0.01 0.01 0.00011992 7.8644e-08 0.00052139 1.2709e-05 5.3138e-05 0.0026485 0.00073265
0.082549 0.01 0.01 0.00012166 8.1337e-08 0.00052454 1.3538e-05 5.3896e-05 0.0026263 0.00073606
0.082488 0.01 0.01 0.00012347 8.4864e-08 0.00052773 1.4414e-05 5.4706e-05 0.0026057 0.00073954
0.082424 0.01 0.01 0.00012525 8.6819e-08 0.0005309 1.527e-05 5.5491e-05 0.0025845 0.00074299
0.082369 0.01 0.01 0.00012708 8.9653e-08 0.00053405 1.6174e-05 5.6252e-05 0.002565 0.00074653
0.08231 0.01 0.01 0.00012889 9.0899e-08 0.00053718 1.7057e-05 5.699e-05 0.0025448 0.00075003
0.082249 0.01 0.01 0.00013068 9.056e-08 0.0005403 1.792e-05 5.7703e-05 0.0025234 0.00075349
0.082183 0.01 0.01 0.00013253 1.2532e-07 0.00054339 1.8834e-05 6.3327e-05 0.0025263 0.00075691
0.082112 0.01 0.01 0.00013435 1.571e-07 0.00054647 1.9724e-05 6.8832e-05 0.0025288 0.00076028
0.082052 0.01 0.01 0.00013623 1.9326e-07 0.00054959 2.0665e-05 7.0514e-05 0.0025321 0.00076375
0.081988 0.01 0.01 0.00013808 2.263e-07 0.00055268 2.1582e-05 7.2154e-05 0.002535 0.00076717
0.08192 0.01 0.01 0.0001399 2.5633e-07 0.00055575 2.2476e-05 7.3753e-05 0.0025376 0.00077055
0.081862 0.01 0.01 0.00014178 2.9097e-07 0.00055886 2.3422e-05 7.5445e-05 0.002541 0.00077401
0.081814 0.01 0.01 0.00014373 3.3093e-07 0.000562 2.4423e-05 7.7235e-05 0.0025452 0.00077756
0.081776 0.01 0.01 0.00014575 3.7703e-07 0.00056518 2.5483e-05 7.9127e-05 0.0025502 0.0007812
0.081733 0.01 0.01 0.00014773 4.1934e-07 0.00056834 2.6516e-05 8.0973e-05 0.0025549 0.00078479
0.081687 0.01 0.01 0.00014969 4.5829e-07 0.00057147 2.7527e-05 8.2779e-05 0.0025592 0.00078835
0.081651 0.01 0.01 0.00015171 5.0363e-07 0.00057465 2.8596e-05 8.4689e-05 0.0025644 0.00079199
0.081611 0.01 0.01 0.00015381 5.5609e-07 0.00057785 2.9728e-05 8.6706e-05 0.0025706 0.00079572
0.081579 0.01 0.01 0.00015597 6.1669e-07 0.00058109 3.0923e-05 8.8836e-05 0.0025776 0.00079954
0.081544 0.01 0.01 0.0001581 6.7263e-07 0.00058432 3.209e-05 9.0916e-05 0.0025843 0.00080331
0.081505 0.01 0.01 0.0001602 7.2407e-07 0.00058752 3.3228e-05 9.2945e-05 0.0025906 0.00080705
0.081475 0.01 0.01 0.00016236 7.8383e-07 0.00059075 3.4431e-05 9.5087e-05 0.0025979 0.00081087
0.081442 0.01 0.01 0.0001645 8.3888e-07 0.00059397 3.5605e-05 9.7179e-05 0.0026044 0.00081465
0.081417 0.01 0.01 0.0001667 9.0283e-07 0.00059722 3.6845e-05 9.9387e-05 0.0026118 0.00081851
0.081389 0.01 0.01 0.00016888 1.3714e-06 0.00060045 3.8056e-05 0.00010154 0.0026189 0.00082233
0.081358 0.01 0.01 0.00017102 1.8395e-06 0.00060367 3.9241e-05 0.00010365 0.0026256 0.00082612
0.081336 0.01 0.01 0.00017324 2.3071e-06 0.00060692 4.0494e-05 0.00010588 0.0026332 0.00083
0.081287 0.01 0.01 0.00017553 2.7742e-06 0.0006102 4.182e-05 0.00010824 0.0026418 0.00083396
0.081234 0.01 0.01 0.00017778 3.2409e-06 0.00061347 4.3114e-05 0.00011054 0.00265 0.00083788
0.081191 0.01 0.01 0.00018012 3.7071e-06 0.00061677 4.4483e-05 0.00011297 0.0026591 0.0008419
0.081157 0.01 0.01 0.00018253 4.1728e-06 0.0006201 4.5931e-05 0.00011553 0.0026692 0.000846
0.08112 0.01 0.01 0.0001849 4.6381e-06 0.00062341 4.7345e-05 0.00011804 0.0026789 0.00085007
0.08108 0.01 0.01 0.00018724 5.1029e-06 0.00062671 4.8726e-05 0.00012049 0.0026882 0.00085409
