Rhynochetus_jubatus	Pterocles_gutturalis	Opisthocomus_hoazin	Mesitornis_unicolor	Eurypyga_helias	Columba_livia	Chlamydotis_macqueenii	Cariama_cristata	Balearica_regulorum_gibbericeps	
0.8888	0.00010985	0.00020995	1.3094e-05	0.00080478	0.00020313	4.8813e-05	0.00023368	3.723e-06	
0.88931	0.00010602	0.00020229	1.2521e-05	0.00080034	0.00019525	4.6807e-05	0.00023029	3.4987e-06	
0.88992	0.00010244	0.00019532	1.2004e-05	0.00079626	0.00018802	4.4947e-05	0.00022717	3.2969e-06	
0.89051	9.8797e-05	0.00018819	1.1473e-05	0.00079208	0.00018063	4.3049e-05	0.00022398	3.0896e-06	
0.89107	9.5096e-05	0.0001809	1.093e-05	0.00078783	0.0001731	4.1119e-05	0.00022074	2.8773e-06	
0.89162	9.1337e-05	0.00017345	1.0374e-05	0.0007835	0.00016542	3.9156e-05	0.00021743	2.6601e-06	
0.89228	8.7834e-05	0.0001667	9.8739e-06	0.00077953	0.00015839	3.734e-05	0.00021439	2.4652e-06	
0.89291	8.4269e-05	0.00015979	9.3608e-06	0.00077547	0.00015121	3.5488e-05	0.00021129	2.2652e-06	
0.89352	8.0648e-05	0.00015273	8.8361e-06	0.00077134	0.00014389	3.3605e-05	0.00020814	2.0605e-06	
0.89424	7.7261e-05	0.0001463	8.361e-06	0.00076753	0.00013717	3.1855e-05	0.00020523	1.8758e-06	
0.89505	7.4093e-05	0.00014044	7.9311e-06	0.00076404	0.000131	3.0229e-05	0.00020256	1.7093e-06	
0.89585	7.0875e-05	0.00013446	7.4911e-06	0.00076048	0.0001247	2.8576e-05	0.00019984	1.5387e-06	
0.89675	6.7865e-05	0.00012902	7.0929e-06	0.00075723	0.00011893	2.7039e-05	0.00019734	1.3848e-06	
0.89763	6.4807e-05	0.00012345	6.6852e-06	0.00075391	0.00011303	2.5475e-05	0.00019479	1.2272e-06	
0.89862	6.1946e-05	0.00011838	6.3163e-06	0.00075088	0.00010761	2.4022e-05	0.00019245	1.0849e-06	
0.89973	5.9279e-05	0.0001138	5.9842e-06	0.00074816	0.00010267	2.2677e-05	0.00019033	9.571e-07	
0.90096	5.6794e-05	0.00010965	5.6854e-06	0.00074573	9.8149e-05	2.1432e-05	0.0001884	8.4229e-07	
0.90216	5.4262e-05	0.00010539	5.3782e-06	0.00074322	9.3521e-05	2.0161e-05	0.00018642	7.2421e-07	
0.90348	5.1902e-05	0.00010154	5.102e-06	0.000741	8.9295e-05	1.8985e-05	0.00018463	6.1807e-07	
0.90261	4.9704e-05	9.807e-05	4.8537e-06	0.00073906	8.5439e-05	1.7896e-05	0.00018302	5.2265e-07	
0.90185	4.7657e-05	9.494e-05	4.631e-06	0.00073738	8.1922e-05	1.6888e-05	0.00018157	4.3684e-07	
0.89647	4.575e-05	9.2125e-05	4.4313e-06	0.00073599	7.8718e-05	1.5956e-05	0.00018029	3.5961e-07	
0.891	4.3809e-05	8.9233e-05	4.2259e-06	0.00073454	7.5437e-05	1.5005e-05	0.00017897	2.8024e-07	
0.88589	4.1996e-05	8.6621e-05	4.0409e-06	0.00073334	7.2435e-05	1.4122e-05	0.0001778	2.0836e-07	
0.88068	4.0145e-05	8.3928e-05	3.8498e-06	0.00073207	6.9351e-05	1.3219e-05	0.00017658	1.3424e-07	
0.87538	3.8259e-05	8.1159e-05	3.6534e-06	0.00073074	6.6193e-05	1.2296e-05	0.00017533	1.3059e-07	
0.87045	3.6503e-05	7.8671e-05	3.4771e-06	0.00072966	6.3313e-05	1.1441e-05	0.00017423	1.2772e-07	
0.86542	3.471e-05	7.6104e-05	3.2951e-06	0.00072851	6.0355e-05	1.0567e-05	0.00017308	1.2407e-07	
0.86031	3.2884e-05	7.3465e-05	3.1079e-06	0.00072731	5.7326e-05	9.6751e-06	0.0001719	1.1967e-07	
0.85555	3.1182e-05	7.1092e-05	2.9397e-06	0.00072636	5.4561e-05	8.8482e-06	0.00017087	1.1602e-07	
0.85111	2.9594e-05	6.8962e-05	2.7887e-06	0.00072565	5.204e-05	8.0812e-06	0.00016997	1.1309e-07	
0.84699	2.8114e-05	6.7056e-05	2.6535e-06	0.00072519	4.9742e-05	7.3697e-06	0.00016921	1.1085e-07	
0.84315	2.673e-05	6.5349e-05	2.5319e-06	0.00072496	4.7641e-05	6.707e-06	0.00016857	1.0921e-07	
0.83923	2.5316e-05	6.3577e-05	2.4058e-06	0.00072466	4.5477e-05	6.0286e-06	0.00016789	1.0681e-07	
0.83524	2.387e-05	6.1741e-05	2.2751e-06	0.0007243	4.3248e-05	5.3342e-06	0.00016718	1.0365e-07	
0.83117	2.2396e-05	5.9846e-05	2.1402e-06	0.00072388	4.096e-05	4.6251e-06	0.00016644	9.9768e-08	
0.82739	2.1016e-05	5.8142e-05	2.0185e-06	0.0007237	3.8863e-05	3.9636e-06	0.00016581	9.6478e-08	
0.82353	1.9606e-05	5.6377e-05	1.8923e-06	0.00072345	3.6704e-05	3.2866e-06	0.00016515	9.2433e-08	
0.81993	1.8285e-05	5.4792e-05	1.7785e-06	0.00072342	3.4724e-05	2.6545e-06	0.00016461	8.8955e-08	
0.81659	1.7047e-05	5.3377e-05	1.6758e-06	0.00072363	3.2911e-05	2.064e-06	0.00016419	8.6007e-08	
0.81348	1.5888e-05	5.2118e-05	1.5835e-06	0.00072407	3.1253e-05	1.5121e-06	0.00016388	8.356e-08	
0.8106	1.4802e-05	5.1007e-05	1.5005e-06	0.00072475	2.9738e-05	9.9602e-07	0.00016368	8.1594e-08	
0.80766	1.3692e-05	4.9846e-05	1.4142e-06	0.00072536	2.8173e-05	9.7454e-07	0.00016346	7.8756e-08	
0.79236	1.2657e-05	4.8834e-05	1.3371e-06	0.00072624	2.6751e-05	9.561e-07	0.00016335	7.6439e-08	
0.77804	1.1687e-05	4.7954e-05	1.2682e-06	0.00072735	2.5455e-05	9.4024e-07	0.00016335	7.457e-08	
0.76343	1.0692e-05	4.7022e-05	1.1958e-06	0.00072839	2.4109e-05	9.1831e-07	0.00016332	7.1969e-08	
0.74852	9.6714e-06	4.6039e-05	1.1199e-06	0.00072937	2.2712e-05	8.9028e-07	0.00016325	6.8631e-08	
0.7333	8.625e-06	4.5001e-05	1.0405e-06	0.00073027	2.1262e-05	8.5612e-07	0.00016315	6.455e-08	
0.71913	7.6481e-06	4.4105e-05	9.6952e-07	0.00073144	1.9956e-05	8.25e-07	0.00015921	6.0975e-08	
0.70469	7.8281e-06	4.3159e-05	8.9535e-07	0.00073254	1.8602e-05	7.8794e-07	0.00015519	5.6688e-08	
0.69118	8.0278e-06	4.2339e-05	8.2853e-07	0.00073389	1.7364e-05	7.5334e-07	0.00015148	5.2815e-08	
0.6774	8.2124e-06	4.1468e-05	7.5844e-07	0.00073517	1.6077e-05	7.1271e-07	0.00014769	4.8218e-08	
0.6645	8.4172e-06	4.0716e-05	6.9511e-07	0.0007367	1.4898e-05	6.7432e-07	0.0001442	4.3993e-08	
0.65244	8.6431e-06	4.0077e-05	6.379e-07	0.00073849	1.3816e-05	6.3797e-07	0.00014097	4.0092e-08	
0.64015	8.8544e-06	3.9393e-05	5.7789e-07	0.00074022	1.2694e-05	5.9586e-07	0.00013768	3.551e-08	
0.6287	9.0894e-06	3.8823e-05	5.2388e-07	0.00074222	1.1669e-05	5.5593e-07	0.00013466	3.1257e-08	
0.61701	9.3083e-06	3.8206e-05	4.6693e-07	0.00074415	1.06e-05	5.1005e-07	0.00013157	2.6302e-08	
0.6061	9.5113e-06	3.7533e-05	4.1802e-07	0.00074636	1.1194e-05	4.5815e-07	0.00012841	2.0644e-08	
0.59496	9.6982e-06	3.681e-05	3.6631e-07	0.0007485	1.175e-05	3.9938e-07	0.00012517	2.6775e-08	
0.58358	9.8692e-06	3.6038e-05	3.1178e-07	0.00075055	1.227e-05	3.3457e-07	0.00012187	3.2186e-08	
0.57198	1.0025e-05	3.5221e-05	2.546e-07	0.00075253	1.2758e-05	4.0965e-07	0.00011849	3.6778e-08	
0.56013	1.0166e-05	3.4356e-05	1.9459e-07	0.00075443	1.321e-05	4.786e-07	0.00011505	4.0669e-08	
0.54804	1.0292e-05	3.3442e-05	1.3174e-07	0.00075627	1.3629e-05	5.415e-07	0.00011153	4.3866e-08	
0.53569	1.0402e-05	3.248e-05	1.3661e-07	0.00075802	1.4014e-05	5.9838e-07	0.00010794	4.6373e-08	
0.52309	1.0498e-05	3.1469e-05	1.3975e-07	0.00075971	1.4366e-05	6.493e-07	0.00010428	4.8196e-08	
0.51024	1.0578e-05	3.041e-05	1.4115e-07	0.00076133	1.4685e-05	6.9429e-07	0.00010054	4.934e-08	
0.49824	1.0681e-05	2.9472e-05	1.4323e-07	0.00076321	1.5057e-05	7.4184e-07	9.7088e-05	5.0757e-08	
0.487	1.0803e-05	2.8638e-05	1.4591e-07	0.00076536	1.548e-05	7.9187e-07	9.3892e-05	5.2427e-08	
0.47554	1.0911e-05	2.7761e-05	1.4687e-07	0.00076744	1.5871e-05	8.3591e-07	9.0633e-05	5.3414e-08	
0.46387	1.1005e-05	2.6843e-05	1.4615e-07	0.00076946	1.623e-05	8.7416e-07	8.7316e-05	5.3741e-08	
0.45177	1.1121e-05	2.6031e-05	1.4615e-07	0.00077133	1.6646e-05	9.1535e-07	8.4253e-05	5.4361e-08	
0.44043	1.1259e-05	2.5312e-05	1.4677e-07	0.00077346	1.7119e-05	9.5938e-07	8.1417e-05	5.5244e-08	
0.42888	1.1382e-05	2.4555e-05	1.457e-07	0.00077553	1.7559e-05	9.9755e-07	7.8528e-05	5.5465e-08	
0.41711	1.149e-05	2.3757e-05	1.4291e-07	0.00077753	1.7966e-05	1.0297e-06	7.5582e-05	5.5004e-08	
0.40608	1.162e-05	2.3048e-05	1.4072e-07	0.0007798	1.843e-05	1.0647e-06	7.2852e-05	5.4805e-08	
0.39482	1.1735e-05	2.2299e-05	1.368e-07	0.00078199	1.886e-05	1.0937e-06	7.0066e-05	5.3924e-08	
0.38431	1.1873e-05	2.164e-05	1.3355e-07	0.00078447	1.9354e-05	1.1261e-06	6.7494e-05	5.3338e-08	
0.37446	1.2034e-05	2.106e-05	1.3083e-07	0.00078724	1.9912e-05	1.1618e-06	6.5112e-05	5.3003e-08	
0.36441	1.2179e-05	2.0441e-05	1.2641e-07	0.00078993	2.0434e-05	1.1913e-06	6.2679e-05	5.1989e-08	
0.355	1.2348e-05	1.9899e-05	1.225e-07	0.00079291	2.1024e-05	1.2242e-06	6.0426e-05	5.1221e-08	
0.3462	1.2542e-05	1.9431e-05	1.1915e-07	0.00079621	2.1689e-05	1.261e-06	5.8348e-05	5.0725e-08	
0.33796	1.276e-05	1.9031e-05	1.1624e-07	0.00079982	2.243e-05	1.3016e-06	5.6426e-05	5.0462e-08	
0.33027	1.3006e-05	1.8697e-05	1.1383e-07	0.00080377	2.3257e-05	1.3465e-06	5.4655e-05	5.0462e-08	
0.32309	1.328e-05	1.8429e-05	1.1189e-07	0.00080808	2.4176e-05	1.3961e-06	5.3026e-05	5.0727e-08	
0.31637	1.3582e-05	1.8219e-05	1.1033e-07	0.00081275	2.519e-05	1.4502e-06	5.1522e-05	5.1225e-08	
0.30952	1.3869e-05	1.7977e-05	1.0714e-07	0.00081734	2.6164e-05	1.4981e-06	4.9985e-05	5.1067e-08	
0.30312	1.4185e-05	1.7792e-05	1.043e-07	0.00082229	2.7237e-05	1.5508e-06	4.8568e-05	5.1143e-08	
0.29712	1.4531e-05	1.7663e-05	1.0179e-07	0.00082764	2.8418e-05	1.6084e-06	4.7262e-05	5.1457e-08	
0.29153	1.4911e-05	1.7592e-05	9.9678e-08	0.00083341	2.9721e-05	1.6719e-06	4.6066e-05	5.2047e-08	
0.28631	1.5325e-05	1.7575e-05	9.7858e-08	0.00083962	3.1151e-05	1.7411e-06	4.4969e-05	5.2889e-08	
0.28097	1.5721e-05	1.7525e-05	9.4368e-08	0.00084571	3.2529e-05	1.8035e-06	4.384e-05	5.3045e-08	
0.27552	1.61e-05	1.7442e-05	8.9241e-08	0.0008517	3.386e-05	1.8594e-06	4.2681e-05	5.2531e-08	
0.27047	1.6517e-05	1.7419e-05	8.452e-08	0.00085818	3.5334e-05	1.9221e-06	4.1626e-05	5.2331e-08	
0.26578	1.6016e-05	1.7457e-05	8.0191e-08	0.00086516	3.6966e-05	1.992e-06	4.0669e-05	5.2461e-08	
0.26144	1.5558e-05	1.7558e-05	7.6219e-08	0.0008727	3.8772e-05	2.0698e-06	3.9805e-05	5.2931e-08	
0.25744	1.5142e-05	1.7724e-05	7.2587e-08	0.00088084	4.0773e-05	2.1562e-06	3.903e-05	5.3767e-08	
0.25332	1.4767e-05	1.796e-05	6.7193e-08	0.0008888	4.2994e-05	2.2344e-06	3.8349e-05	5.3839e-08	
0.24857	1.4432e-05	1.8269e-05	6.2611e-08	0.00089569	4.546e-05	2.0749e-06	3.7749e-05	5.4519e-08	
0.24366	1.4076e-05	1.8537e-05	5.6292e-08	0.0009025	4.7838e-05	1.9063e-06	3.7118e-05	5.4443e-08	
0.23917	1.3755e-05	1.8875e-05	5.0181e-08	0.00090108	5.0462e-05	1.75e-06	3.656e-05	5.4729e-08	
0.23501	1.3467e-05	1.9286e-05	4.4165e-08	0.00089995	5.3347e-05	1.6046e-06	3.6069e-05	5.5358e-08	
0.23115	1.3209e-05	1.9771e-05	3.8152e-08	0.0008991	5.6512e-05	1.4691e-06	3.5641e-05	5.6326e-08	
0.22757	1.298e-05	2.0335e-05	3.2065e-08	0.00089853	5.998e-05	1.3425e-06	3.5272e-05	5.7641e-08	
0.2239	1.2734e-05	2.0857e-05	2.4374e-08	0.00089788	6.335e-05	1.2084e-06	3.4878e-05	5.8228e-08	
0.22014	1.2472e-05	2.1341e-05	1.5109e-08	0.00089715	6.6634e-05	1.0669e-06	3.4463e-05	5.8114e-08	
0.21628	1.2192e-05	2.1786e-05	2.1654e-08	0.00089636	6.9832e-05	9.1821e-07	3.4024e-05	5.73e-08	
0.21272	1.1943e-05	2.2315e-05	2.7986e-08	0.00089585	6.9682e-05	7.7869e-07	3.3647e-05	5.6863e-08	
0.20907	1.1677e-05	2.2803e-05	3.2752e-08	0.00089526	6.9481e-05	6.3174e-07	3.3247e-05	5.571e-08	
0.20532	1.1394e-05	2.3251e-05	3.5961e-08	0.0008946	6.9229e-05	4.7733e-07	3.2823e-05	5.3843e-08	
0.20185	1.1139e-05	2.3783e-05	3.8962e-08	0.00089422	6.9103e-05	3.3143e-07	3.2457e-05	5.2327e-08	
0.1983	1.0869e-05	2.4277e-05	4.0433e-08	0.00089377	6.8931e-05	1.786e-07	3.2071e-05	5.0127e-08	
0.19467	1.0583e-05	2.4733e-05	4.0374e-08	0.00089325	6.8713e-05	1.8259e-07	3.1664e-05	4.7217e-08	
0.19095	1.0281e-05	2.5151e-05	3.8788e-08	0.00089267	6.8448e-05	1.8149e-07	3.1235e-05	4.362e-08	
0.18751	1.0007e-05	2.5655e-05	3.6992e-08	0.00089236	6.8308e-05	1.7916e-07	3.0864e-05	4.036e-08	
0.18398	9.717e-06	2.6117e-05	3.3641e-08	0.00089198	6.8119e-05	1.7164e-07	3.047e-05	3.6398e-08	
0.18069	9.4518e-06	2.6664e-05	3.0013e-08	0.00089187	6.8047e-05	1.6273e-07	3.0129e-05	3.2704e-08	
0.17766	9.2124e-06	2.7306e-05	2.6122e-08	0.00089203	6.8099e-05	1.5255e-07	2.9842e-05	2.9271e-08	
0.17484	8.9963e-06	2.6248e-05	2.1887e-08	0.00089247	6.8272e-05	1.4092e-07	2.9603e-05	2.6032e-08	
0.17224	8.8027e-06	2.5304e-05	1.7266e-08	0.00089318	6.8568e-05	1.2779e-07	2.9414e-05	2.2948e-08	
0.16984	8.6322e-06	2.4475e-05	1.2256e-08	0.00089419	6.8996e-05	1.1324e-07	2.9274e-05	2.0017e-08	
0.16737	8.4461e-06	2.6193e-05	2.1193e-08	0.00089512	6.9362e-05	1.8905e-07	2.9114e-05	1.6289e-08	
0.16484	8.245e-06	2.7851e-05	2.8562e-08	0.00089598	6.9679e-05	2.5894e-07	2.8933e-05	1.1907e-08	
0.16251	8.0662e-06	2.9696e-05	3.5875e-08	0.00089713	7.0129e-05	3.3142e-07	2.8802e-05	7.6572e-09	
0.16012	7.8719e-06	3.1474e-05	4.1579e-08	0.00089819	7.0526e-05	3.9692e-07	2.865e-05	1.0483e-08	
0.15766	7.6631e-06	3.3193e-05	4.5724e-08	0.00089919	7.0875e-05	4.5657e-07	2.8478e-05	1.2701e-08	
0.15539	7.4754e-06	3.5104e-05	4.9817e-08	0.00090048	7.1355e-05	5.188e-07	2.8354e-05	1.4887e-08	
0.15306	7.2727e-06	3.6948e-05	5.2317e-08	0.00090168	7.1784e-05	5.7497e-07	2.821e-05	1.6451e-08	
0.15066	7.055e-06	3.8728e-05	5.3226e-08	0.00090281	7.2162e-05	6.251e-07	2.8045e-05	1.7395e-08	
0.14821	6.823e-06	4.0449e-05	5.2579e-08	0.00090387	7.2493e-05	6.6941e-07	2.7862e-05	1.7731e-08	
0.14593	6.6104e-06	4.236e-05	5.1827e-08	0.00090521	6.9558e-05	7.1607e-07	2.7723e-05	1.8018e-08	
0.14382	6.4162e-06	4.4476e-05	5.0958e-08	0.00090683	6.6881e-05	7.6533e-07	2.7628e-05	1.8257e-08	
0.14188	6.2393e-06	4.6816e-05	4.9965e-08	0.00090874	6.4443e-05	8.175e-07	2.7576e-05	1.8451e-08	
0.13987	6.048e-06	4.9078e-05	4.7383e-08	0.00091057	6.1929e-05	8.6343e-07	2.7503e-05	1.8021e-08	
0.13781	5.8419e-06	5.1264e-05	4.3207e-08	0.00091231	5.9335e-05	9.0313e-07	2.7411e-05	1.6966e-08	
0.13592	5.6545e-06	5.3701e-05	3.8972e-08	0.00091437	5.6988e-05	9.4638e-07	2.7365e-05	1.5896e-08	
0.13396	5.4521e-06	5.6053e-05	6.6507e-08	0.00091634	5.4561e-05	9.832e-07	2.7297e-05	1.4192e-08	
0.13194	5.2353e-06	5.8327e-05	9.207e-08	0.00091822	5.2058e-05	1.0136e-06	2.721e-05	2.4325e-08	
0.1301	5.0374e-06	6.0873e-05	1.1967e-07	0.00092043	4.9798e-05	1.0479e-06	2.7171e-05	3.5293e-08	
0.12842	4.8573e-06	6.3722e-05	1.4966e-07	0.00092298	4.7762e-05	1.0864e-06	2.7179e-05	4.7252e-08	
0.12689	4.6629e-06	6.6478e-05	1.4658e-07	0.00092591	4.5655e-05	1.1317e-06	2.7156e-05	6.0655e-08	
0.12551	4.4844e-06	6.9546e-05	1.4429e-07	0.00092918	4.3749e-05	1.1815e-06	2.7178e-05	7.5349e-08	
0.12407	4.2913e-06	7.2508e-05	1.4016e-07	0.00093235	4.177e-05	1.2245e-06	2.7178e-05	8.9055e-08	
0.12276	4.1145e-06	7.582e-05	1.3689e-07	0.0009359	3.9989e-05	1.2726e-06	2.7227e-05	1.0428e-07	
0.12159	3.9531e-06	7.9524e-05	1.3446e-07	0.00093984	3.8388e-05	1.3262e-06	2.7324e-05	1.2124e-07	
0.12037	3.7781e-06	8.3113e-05	1.3024e-07	0.00094369	3.6726e-05	1.3732e-06	2.74e-05	1.3717e-07	
0.11928	3.6181e-06	8.7137e-05	1.2688e-07	0.00094795	3.5238e-05	1.4262e-06	2.7526e-05	1.5507e-07	
0.11814	3.4434e-06	9.1013e-05	1.2164e-07	0.00095208	3.3681e-05	1.4718e-06	2.7629e-05	1.7177e-07	
0.11694	3.254e-06	9.4752e-05	1.1451e-07	0.00095609	3.2056e-05	1.5101e-06	2.7708e-05	1.8733e-07	
0.1159	3.0822e-06	9.9007e-05	1.0849e-07	0.00096059	3.0622e-05	1.5562e-06	2.7846e-05	2.0525e-07	
0.115	2.929e-06	0.00010391	1.0369e-07	0.00096565	2.9377e-05	1.6122e-06	2.805e-05	2.0068e-07	
0.11424	2.7927e-06	0.00010954	1.0001e-07	0.00097132	2.8302e-05	1.6784e-06	2.8322e-05	1.9776e-07	
0.11342	2.6391e-06	0.00011487	9.4165e-08	0.00097675	2.7144e-05	2.3732e-06	2.8558e-05	1.9349e-07	
0.11252	2.4674e-06	0.00011991	8.609e-08	0.00098195	2.5897e-05	3.0357e-06	2.8758e-05	1.8787e-07	
0.11202	2.3566e-06	0.00012267	8.1677e-08	0.00098167	2.3601e-05	3.2825e-06	2.9156e-05	1.6408e-07	
0.11143	2.227e-06	0.00014294	1.1393e-07	0.0009812	2.1119e-05	3.5105e-06	2.9507e-05	1.3785e-07	
0.11101	2.1151e-06	0.00016672	1.5154e-07	0.00098119	1.898e-05	3.7726e-06	2.9953e-05	1.1593e-07	
0.11074	2.0183e-06	0.00019438	1.9521e-07	0.00097452	1.7123e-05	4.0707e-06	3.0494e-05	9.739e-08	
0.11041	1.9042e-06	0.00022044	2.346e-07	0.00096754	1.5136e-05	4.3482e-06	3.0986e-05	7.6913e-08	
0.11001	1.7736e-06	0.00024518	2.7023e-07	0.00096027	1.3031e-05	4.6076e-06	3.1435e-05	5.4601e-08	
0.10955	1.6264e-06	0.00026867	3.0222e-07	0.00095271	1.0802e-05	4.8485e-06	3.1843e-05	5.52e-08	
0.10902	1.4627e-06	0.00029078	3.3072e-07	0.00094486	1.074e-05	5.0727e-06	3.221e-05	5.4861e-08	
0.10862	1.3132e-06	0.00031629	3.6445e-07	0.0009378	1.0742e-05	5.329e-06	3.2665e-05	5.5233e-08	
0.10816	1.1471e-06	0.00034046	3.9437e-07	0.00093044	1.0696e-05	5.5669e-06	3.3076e-05	5.4638e-08	
0.10763	9.6411e-07	0.00036339	4.2064e-07	0.00092278	1.0602e-05	5.787e-06	3.3444e-05	5.3081e-08	
0.10724	7.9551e-07	0.00038991	4.5245e-07	0.00091591	1.0574e-05	6.041e-06	3.3903e-05	5.2258e-08	
0.10699	6.3938e-07	0.00042062	4.9062e-07	0.00090978	1.0611e-05	6.3326e-06	3.4461e-05	5.215e-08	
0.10667	4.6754e-07	0.00044974	5.2465e-07	0.00090338	1.06e-05	6.6042e-06	3.4971e-05	5.1091e-08	
0.10629	2.8056e-07	0.00047751	5.5495e-07	0.00089673	1.0545e-05	6.8579e-06	3.544e-05	4.9126e-08	
0.10584	2.9056e-07	0.00050398	5.8156e-07	0.00088983	1.0445e-05	7.0897e-06	3.5867e-05	6.6186e-08	
0.10534	2.8967e-07	0.0005292	6.0455e-07	0.00088266	1.0301e-05	7.3044e-06	3.6254e-05	8.1758e-08	
0.10497	2.8753e-07	0.00055827	6.3339e-07	0.00087623	1.0219e-05	7.5537e-06	3.6733e-05	9.9897e-08	
0.10453	2.7417e-07	0.0005858	6.5816e-07	0.00086952	1.0088e-05	7.7834e-06	3.7166e-05	1.1631e-07	
0.10402	2.4953e-07	0.00061186	6.7892e-07	0.0008625	9.9093e-06	7.9937e-06	3.7552e-05	1.3103e-07	
0.10345	2.1351e-07	0.0006365	6.9567e-07	0.00085518	9.68e-06	8.1847e-06	3.7892e-05	1.4412e-07	
0.10301	1.7657e-07	0.00066506	6.5767e-07	0.00084863	9.5174e-06	8.4116e-06	3.8328e-05	1.5984e-07	
0.1025	2.561e-07	0.00069199	6.1479e-07	0.00084177	9.304e-06	8.6178e-06	3.8714e-05	1.7376e-07	
0.10192	3.2348e-07	0.00071755	5.6728e-07	0.00083462	9.043e-06	8.8054e-06	3.9055e-05	1.8608e-07	
0.10424	3.7873e-07	0.00074178	5.1485e-07	0.00082686	8.7334e-06	8.9745e-06	4.303e-05	1.9682e-07	
0.10644	4.2196e-07	0.00076476	4.5741e-07	0.00081879	8.3744e-06	9.1256e-06	4.6831e-05	2.0603e-07	
0.10852	4.5323e-07	0.00078656	3.9474e-07	0.00081038	7.9651e-06	9.2589e-06	5.0463e-05	2.1374e-07	
0.1103	5.2254e-07	0.00079506	3.6212e-07	0.00080077	7.8452e-06	9.5681e-06	5.6328e-05	2.0802e-07	
0.11199	5.7966e-07	0.00080312	3.2593e-07	0.00079082	7.6844e-06	9.8577e-06	6.1978e-05	2.0097e-07	
0.11359	6.2501e-07	0.0008108	2.8629e-07	0.00078057	7.4848e-06	1.013e-05	6.7448e-05	1.9265e-07	
0.11539	6.7218e-07	0.00081964	2.5164e-07	0.00077119	7.3311e-06	1.0439e-05	7.3476e-05	1.8609e-07	
0.1171	7.0789e-07	0.00082813	2.1393e-07	0.00076156	7.1414e-06	1.0732e-05	7.9338e-05	1.7838e-07	
0.11901	7.4525e-07	0.0008378	1.8051e-07	0.00075272	6.9936e-06	1.1062e-05	8.577e-05	1.7225e-07	
0.12112	7.8451e-07	0.00083759	1.5073e-07	0.00074462	6.8862e-06	1.1434e-05	8.7158e-05	1.6755e-07	
0.12344	8.2575e-07	0.00083798	1.2401e-07	0.00073718	6.8157e-06	1.1849e-05	8.8718e-05	1.6417e-07	
0.12598	8.6885e-07	0.00083897	9.9755e-08	0.00073034	6.7789e-06	1.2309e-05	9.0457e-05	1.6197e-07	
0.12844	9.0076e-07	0.00083977	1.1678e-07	0.00072334	6.711e-06	1.2752e-05	9.2137e-05	1.5882e-07	
0.13083	9.2184e-07	0.00084042	1.3182e-07	0.00071618	6.6136e-06	1.3179e-05	9.3767e-05	1.5477e-07	
0.1334	9.4331e-07	0.00084158	1.4809e-07	0.00070953	6.5421e-06	1.3644e-05	9.5552e-05	1.5164e-07	
0.13617	9.651e-07	0.00084325	1.6569e-07	0.00070332	6.4951e-06	1.4151e-05	9.7502e-05	1.4936e-07	
0.13887	9.7668e-07	0.00084479	1.8145e-07	0.00069702	6.4219e-06	1.4644e-05	9.9408e-05	1.463e-07	
0.14179	9.8884e-07	0.00084687	1.9874e-07	0.00069117	6.3739e-06	1.5182e-05	0.00010149	1.4411e-07	
0.14464	9.9084e-07	0.00084882	2.1418e-07	0.00068522	6.3001e-06	1.5705e-05	0.00010353	1.4114e-07	
0.14771	9.934e-07	0.00085133	2.3127e-07	0.0006797	6.2507e-06	1.6275e-05	0.00010576	1.39e-07	
0.15101	9.9649e-07	0.0008544	2.5021e-07	0.00067458	6.2254e-06	1.6896e-05	0.00010818	1.3766e-07	
0.15424	9.8945e-07	0.00085734	2.6724e-07	0.00066938	6.1745e-06	1.7501e-05	0.00011056	1.3556e-07	
0.15772	9.8295e-07	0.00086087	2.8626e-07	0.00066456	6.1473e-06	1.8159e-05	0.00011315	1.3425e-07	
0.16144	9.7657e-07	0.000865	3.0733e-07	0.0006601	6.142e-06	1.8871e-05	0.00011595	1.3365e-07	
0.16509	9.6003e-07	0.00086899	3.264e-07	0.00065555	6.111e-06	1.9567e-05	0.0001187	1.323e-07	
0.16865	9.3331e-07	0.00087283	3.4347e-07	0.00065092	6.0543e-06	2.0247e-05	0.0001214	1.3018e-07	
0.17214	8.9612e-07	0.00087651	3.5845e-07	0.0006462	5.9706e-06	2.0909e-05	0.00012404	1.2726e-07	
0.17589	8.5967e-07	0.00088086	3.758e-07	0.00064185	5.9115e-06	2.163e-05	0.00012692	1.2514e-07	
0.17956	8.1285e-07	0.00088503	3.9105e-07	0.00063741	5.8258e-06	2.2334e-05	0.00012973	1.2224e-07	
0.18351	7.6667e-07	0.00088991	4.0885e-07	0.00063333	5.7647e-06	2.3101e-05	0.00013281	1.2012e-07	
0.18735	7.0938e-07	0.00089454	4.2419e-07	0.00062914	5.6735e-06	2.3844e-05	0.00013579	1.1711e-07	
0.19155	6.5423e-07	0.00090008	4.4301e-07	0.00062536	5.6144e-06	2.4668e-05	0.0001391	1.151e-07	
0.19559	5.8715e-07	0.0009507	4.5892e-07	0.00062143	5.5178e-06	2.5459e-05	0.00014229	1.1209e-07	
0.19946	6.8594e-07	0.00098972	4.7155e-07	0.00061732	6.2929e-06	2.6211e-05	0.00014527	1.0795e-07	
0.20315	7.7123e-07	0.0010268	4.8094e-07	0.00061301	7.0105e-06	2.6923e-05	0.00014812	1.0265e-07	
0.20727	8.6304e-07	0.0010697	4.9477e-07	0.00060921	7.8309e-06	2.7735e-05	0.00015135	9.8668e-08	
0.21186	9.6196e-07	0.001119	5.1323e-07	0.00060587	8.7654e-06	2.8659e-05	0.00015499	7.3601e-08	
0.21623	1.0464e-06	0.0011658	5.2809e-07	0.00060234	9.6301e-06	2.9521e-05	0.00015846	7.4851e-08	
0.22039	1.1164e-06	0.0012101	5.3937e-07	0.00059862	1.0427e-05	3.0336e-05	0.00016176	7.5059e-08	
0.22435	1.172e-06	0.001252	5.4709e-07	0.0005947	1.1158e-05	3.1107e-05	0.0001649	7.4218e-08	
0.2288	1.2359e-06	0.0013008	5.5991e-07	0.00059128	1.2012e-05	3.1991e-05	0.00016849	7.4369e-08	
0.23282	1.2849e-06	0.0013468	5.689e-07	0.00059537	1.2793e-05	3.2825e-05	0.00017189	7.3438e-08	
0.23733	1.3424e-06	0.0014003	5.8308e-07	0.00060001	1.3705e-05	3.3779e-05	0.00017241	7.3473e-08	
0.24242	1.4101e-06	0.0014631	6.0318e-07	0.00060526	1.4774e-05	3.4875e-05	0.00017314	7.4552e-08	
0.24815	1.4889e-06	0.0015366	6.2988e-07	0.00061121	1.6026e-05	3.6133e-05	0.00017411	7.6728e-08	
0.25356	1.5888e-06	0.0015616	6.4651e-07	0.00061682	1.7571e-05	3.8463e-05	0.00017544	7.1419e-08	
0.2587	1.6729e-06	0.0015851	6.5928e-07	0.00062218	1.9014e-05	4.0686e-05	0.00017666	6.4956e-08	
0.26358	2.5338e-06	0.0016071	6.6789e-07	0.00062728	2.0345e-05	4.2786e-05	0.00017777	7.6133e-08	
0.26908	3.4903e-06	0.001633	6.824e-07	0.00062724	2.044e-05	4.5182e-05	0.00017914	7.5417e-08	
0.27429	4.3961e-06	0.0016574	6.9274e-07	0.00062704	2.0469e-05	4.7455e-05	0.00018039	7.3574e-08	
0.28014	5.4025e-06	0.0016858	7.0905e-07	0.0006272	2.0601e-05	5.0029e-05	0.00018191	7.2743e-08	
0.28569	6.3561e-06	0.0017126	7.2115e-07	0.0006272	2.0667e-05	5.2474e-05	0.0001833	7.0804e-08	
0.29097	7.2587e-06	0.0017378	7.2908e-07	0.00062705	2.0668e-05	5.4797e-05	0.00018459	6.7748e-08	
0.2969	8.2695e-06	0.0017674	7.4339e-07	0.00062728	2.0777e-05	5.7441e-05	0.00018615	6.5757e-08	
0.30257	9.2314e-06	0.0017954	7.5379e-07	0.00062736	2.0826e-05	5.9933e-05	0.00018761	8.5353e-08	
0.30895	1.031e-05	0.0018284	7.7082e-07	0.00062782	2.0984e-05	6.279e-05	0.00018936	8.8546e-08	
0.31505	1.1338e-05	0.0018596	7.8386e-07	0.00062814	2.1082e-05	6.552e-05	0.000191	9.0631e-08	
0.31666	1.2491e-05	0.0018963	8.0582e-07	0.00062906	2.1291e-05	6.7268e-05	0.00019295	8.8094e-08	
0.31814	1.3585e-05	0.0019309	8.2336e-07	0.00062982	2.1433e-05	6.8925e-05	0.00019477	8.4373e-08	
0.3199	1.4811e-05	0.0019713	8.4807e-07	0.00063096	2.1687e-05	7.0816e-05	0.00019692	8.189e-08	
0.32197	1.6186e-05	0.0020186	8.1446e-07	0.00063249	2.2055e-05	7.2968e-05	0.00019668	8.0557e-08	
0.32436	1.7722e-05	0.0020735	7.8843e-07	0.00062915	2.2542e-05	7.5402e-05	0.00019665	8.0296e-08	
0.32663	1.919e-05	0.0021259	7.5819e-07	0.00062563	2.2965e-05	7.774e-05	0.00019654	7.899e-08	
0.3292	2.0816e-05	0.0021856	7.3445e-07	0.00062255	2.3499e-05	8.0342e-05	0.00019661	7.8621e-08	
0.33164	2.2378e-05	0.002243	7.0687e-07	0.00061931	2.3973e-05	8.2857e-05	0.00019662	7.7258e-08	
0.33399	2.3884e-05	0.0022985	6.7572e-07	0.00061594	2.4393e-05	8.5299e-05	0.00019656	7.4962e-08	
0.33662	2.5546e-05	0.0023612	6.5061e-07	0.00061298	2.4921e-05	8.5645e-05	0.00019668	7.356e-08	
0.33916	2.7152e-05	0.002422	6.2215e-07	0.00060989	2.5396e-05	8.5962e-05	0.00019674	7.1251e-08	
0.34199	2.892e-05	0.0024906	5.9915e-07	0.00060718	2.4473e-05	8.6365e-05	0.00019698	6.975e-08	
0.3447	3.0626e-05	0.0025571	5.7276e-07	0.00060435	2.3484e-05	8.6737e-05	0.00019715	6.7325e-08	
0.34772	3.2499e-05	0.0026314	5.513e-07	0.00060188	2.2624e-05	8.7194e-05	0.0001975	6.5633e-08	
0.35103	3.4544e-05	0.002714	5.3403e-07	0.00059973	2.1876e-05	8.7735e-05	0.00019801	6.457e-08	
0.35469	3.6789e-05	0.0027323	5.2088e-07	0.00059791	2.1236e-05	8.8369e-05	0.0001987	6.4162e-08	
0.35871	3.925e-05	0.0027531	5.1154e-07	0.0005964	2.0695e-05	8.9101e-05	0.00019958	6.4389e-08	
0.36313	4.1949e-05	0.0027766	5.0583e-07	0.00059519	2.0246e-05	8.9935e-05	0.00020066	6.5254e-08	
0.3674	4.456e-05	0.0027993	4.973e-07	0.00059388	1.9746e-05	9.0733e-05	0.00020166	6.5247e-08	
0.37207	4.7414e-05	0.0028013	4.9214e-07	0.00059284	1.9333e-05	9.1635e-05	0.00020285	6.5839e-08	
0.37716	5.0533e-05	0.0028043	4.9025e-07	0.00059208	1.8998e-05	9.2646e-05	0.00020425	6.7042e-08	
0.37773	5.3958e-05	0.0028086	4.919e-07	0.00059164	1.8744e-05	9.2272e-05	0.00020589	6.9022e-08	
0.37824	5.7287e-05	0.0028125	4.9095e-07	0.00059112	1.8447e-05	9.1872e-05	0.00020744	7.0159e-08	
0.37869	6.0524e-05	0.002816	4.8743e-07	0.0005905	1.8106e-05	9.1445e-05	0.00020893	7.0462e-08	
0.37934	6.407e-05	0.0028208	4.8731e-07	0.00058204	1.7843e-05	8.8475e-05	0.00021065	7.1517e-08	
0.37994	6.7517e-05	0.0028252	4.846e-07	0.00057339	1.7536e-05	8.5434e-05	0.00021229	7.1727e-08	
0.38069	7.1252e-05	0.0028308	4.8471e-07	0.00056534	1.7293e-05	8.2631e-05	0.00021415	7.2488e-08	
0.38161	7.5309e-05	0.0028201	4.8779e-07	0.00055788	1.7117e-05	8.0058e-05	0.00021624	7.3845e-08	
0.38269	7.9687e-05	0.0028108	4.9354e-07	0.00055094	1.6998e-05	7.7684e-05	0.00021856	7.5734e-08	
0.38372	8.3979e-05	0.0028012	4.9706e-07	0.00054387	1.6844e-05	7.5263e-05	0.00022082	7.6868e-08	
0.38492	8.8597e-05	0.0027929	5.0317e-07	0.00053728	1.6743e-05	7.3026e-05	0.0002233	7.8512e-08	
0.38605	9.312e-05	0.0027842	5.0697e-07	0.00053056	1.6607e-05	7.0741e-05	0.00022572	7.938e-08	
0.38713	9.7551e-05	0.0027752	5.0849e-07	0.00052371	1.6436e-05	6.8408e-05	0.00022808	7.9476e-08	
0.38838	0.00010233	0.0027675	5.1273e-07	0.00051735	1.632e-05	6.626e-05	0.0002271	8.0121e-08	
0.3898	0.00010748	0.0027201	5.1974e-07	0.00051144	1.6259e-05	6.4282e-05	0.00022629	8.1319e-08	
0.39118	0.00011255	0.0026718	5.246e-07	0.00050542	1.6166e-05	6.2266e-05	0.00022543	8.1785e-08	
0.39272	0.000118	0.002628	5.3219e-07	0.00049984	1.6126e-05	6.0409e-05	0.00022473	8.2789e-08	
0.39445	0.00012386	0.0025884	5.4256e-07	0.00049465	1.6137e-05	5.8699e-05	0.00022418	8.4338e-08	
0.39636	0.00013017	0.0025525	5.5585e-07	0.00048983	1.62e-05	5.7125e-05	0.00022378	8.6455e-08	
0.39848	0.00013695	0.00252	5.7219e-07	0.00048538	1.6316e-05	5.5678e-05	0.00022352	8.9169e-08	
0.40079	0.00014423	0.0024905	5.916e-07	0.00048125	1.6483e-05	5.4343e-05	0.00022339	9.2471e-08	
0.40305	0.00015138	0.0024603	6.0874e-07	0.00047704	1.6617e-05	5.298e-05	0.00022323	9.5014e-08	
0.40552	0.00015909	0.0024332	6.2939e-07	0.00047316	1.6807e-05	5.1732e-05	0.00022321	9.8254e-08	
0.40792	0.00016665	0.0024053	6.4751e-07	0.00046919	1.696e-05	5.045e-05	0.00022314	1.0067e-07	
0.41025	0.00017407	0.0023767	6.6318e-07	0.00046513	1.7078e-05	4.9137e-05	0.00022304	1.0227e-07	
0.40973	0.00018221	0.0023514	6.9779e-07	0.00046277	1.7264e-05	4.739e-05	0.00022	1.0065e-07	
0.40915	0.00019016	0.0023252	7.294e-07	0.00046031	1.7409e-05	4.5592e-05	0.00021688	9.8146e-08	
0.40851	0.00019794	0.0022982	7.5806e-07	0.00045777	1.7514e-05	4.3742e-05	0.00021367	9.4754e-08	
0.40782	0.00020554	0.0022702	7.8379e-07	0.00045513	1.7578e-05	4.1837e-05	0.00021037	9.0465e-08	
0.40728	0.00021376	0.0021442	8.142e-07	0.00045276	1.7704e-05	4.0095e-05	0.00020736	8.6959e-08	
0.40691	0.00022266	0.002031	8.4996e-07	0.00045067	1.7897e-05	3.8509e-05	0.00020465	8.4227e-08	
0.40648	0.00023139	0.0019149	8.8281e-07	0.00044851	1.8052e-05	3.6881e-05	0.00020186	8.0671e-08	
0.406	0.00023994	0.0017959	9.1276e-07	0.00044626	1.8167e-05	3.5209e-05	0.00019899	7.6279e-08	
0.40568	0.00024919	0.0016888	9.4808e-07	0.00044427	1.8348e-05	3.3683e-05	0.0001964	7.2603e-08	
0.40531	0.00025824	0.0015778	9.8032e-07	0.0004422	2.2435e-05	3.2112e-05	0.00019372	6.8082e-08	
0.40509	0.00026805	0.0014783	9.3243e-07	0.00044039	2.6955e-05	3.0683e-05	0.00019132	6.4261e-08	
0.40505	0.00027873	0.0010473	8.9138e-07	0.00043885	3.1996e-05	2.9389e-05	0.00018917	6.1118e-08	
0.40495	0.00028917	0.00099763	8.4699e-07	0.00043723	3.6839e-05	2.836e-05	0.00018695	5.9516e-08	
0.40501	0.00030047	0.00095312	8.0866e-07	0.00043586	4.22e-05	2.7424e-05	0.00018497	5.8404e-08	
0.40523	0.00031265	0.00091294	7.7541e-07	0.0004347	4.809e-05	2.6569e-05	0.00018319	5.7696e-08	
0.40559	0.00032575	0.00087659	7.4673e-07	0.00043376	5.4553e-05	2.5787e-05	0.0001816	5.7367e-08	
0.4061	0.00032816	0.00084384	7.2251e-07	0.00043304	6.1674e-05	2.5075e-05	0.00018019	5.7449e-08	
0.40678	0.00033082	0.00081427	7.0236e-07	0.00043251	6.9501e-05	2.4427e-05	0.00017896	5.7927e-08	
0.40741	0.00033342	0.00078406	6.7981e-07	0.00043194	7.7156e-05	2.376e-05	0.00017768	5.7702e-08	
0.40818	0.00033626	0.00075663	6.6082e-07	0.00043155	8.5518e-05	2.3151e-05	0.00017655	5.7816e-08	
0.40891	0.00033905	0.00072861	6.395e-07	0.00043111	9.3702e-05	2.2524e-05	0.00017538	5.7233e-08	
0.4098	0.00034213	0.00070337	6.2177e-07	0.00043087	9.5001e-05	2.1952e-05	0.00017437	5.7024e-08	
0.41064	0.00034513	0.00067753	6.0166e-07	0.00043057	9.6235e-05	2.1364e-05	0.00017331	5.6107e-08	
0.41163	0.00034842	0.00065412	5.8483e-07	0.00043046	9.7657e-05	2.0827e-05	0.0001724	5.5525e-08	
0.41258	0.00035163	0.00063018	5.6571e-07	0.0004303	9.9016e-05	2.0273e-05	0.00017145	5.4248e-08	
0.41368	0.00035512	0.00060846	5.4967e-07	0.00043032	0.00010057	1.9768e-05	0.00017064	5.3286e-08	
0.41494	0.00035889	0.00058867	5.3632e-07	0.00043052	0.00010231	1.9305e-05	0.00016995	5.2589e-08	
0.41614	0.0003626	0.00056844	5.2079e-07	0.00043067	0.00010399	1.8828e-05	0.00016923	5.1206e-08	
0.4173	0.00036622	0.00054776	5.0305e-07	0.00043076	0.00010561	1.8335e-05	0.00016846	4.9138e-08	
0.41862	0.00037016	0.000529	4.881e-07	0.00043104	0.00010743	1.7886e-05	0.00016783	4.736e-08	
0.41989	0.00037402	0.00050987	4.7109e-07	0.00043127	0.0001092	1.7424e-05	0.00016717	4.4921e-08	
0.42112	0.00037782	0.00049036	4.5198e-07	0.00043145	0.0001109	1.6949e-05	0.00016647	4.1817e-08	
0.42251	0.00038194	0.00047267	4.356e-07	0.00043182	0.00011282	1.6515e-05	0.0001659	3.8994e-08	
0.42386	0.00038598	0.00045462	4.1714e-07	0.00043215	0.00011468	1.6068e-05	0.00016529	3.5505e-08	
0.42538	0.00039035	0.00043822	4.0116e-07	0.00043265	0.00011676	1.566e-05	0.00016481	3.225e-08	
0.42684	0.00039464	0.00042145	3.8304e-07	0.0004331	0.00011877	1.5239e-05	0.00016429	2.832e-08	
0.42825	0.00039884	0.00040425	3.6269e-07	0.0004335	0.0001207	1.4802e-05	0.00016373	2.3698e-08	
0.42959	0.00040295	0.00038657	3.3998e-07	0.00043383	0.00012255	1.4349e-05	0.00016313	1.8353e-08	
0.44444	0.00040695	0.00036821	3.1429e-07	0.00043397	0.0001243	1.3865e-05	0.00016777	2.3294e-08	
0.46048	0.00040635	0.00035197	2.9187e-07	0.00043433	0.00012633	1.3429e-05	0.00016829	2.8632e-08	
0.47615	0.00040569	0.00033523	2.6702e-07	0.00043463	0.00012828	1.2976e-05	0.00016877	3.3224e-08	
0.49307	0.00040524	0.0003203	2.4515e-07	0.00043515	0.00013051	1.2568e-05	0.00016939	3.8267e-08	
0.51134	0.00040499	0.00030696	2.2586e-07	0.00043588	0.00013306	1.2202e-05	0.00017017	4.3835e-08	
0.51518	0.00040492	0.00029498	2.087e-07	0.00043686	0.00013592	1.1871e-05	0.00016811	4.9963e-08	
0.51891	0.0004048	0.00028265	1.894e-07	0.00043777	0.00013868	1.1526e-05	0.000166	5.5303e-08	
0.52256	0.00040463	0.00027003	1.6812e-07	0.00043862	0.00014136	1.1169e-05	0.00016384	5.9912e-08	
0.5265	0.00040463	0.00025857	1.4851e-07	0.00043966	0.00014433	1.0842e-05	0.00016187	6.5006e-08	
0.53034	0.00040458	0.00024683	1.2693e-07	0.00044065	0.00014721	1.0504e-05	0.00015984	6.9352e-08	
0.5341	0.00040449	0.00023481	1.0337e-07	0.00044158	0.00015	1.0153e-05	0.00015777	7.2958e-08	
0.53815	0.00040456	0.00022387	8.13e-08	0.0004427	0.00015309	9.8305e-06	0.00015588	7.7048e-08	
0.54211	0.00040458	0.00021267	5.7311e-08	0.00044376	0.00015608	9.4967e-06	0.00015393	8.0396e-08	
0.54599	0.00040456	0.00020123	6.7422e-08	0.00044478	0.000159	9.1518e-06	0.00015195	8.3032e-08	
0.54979	0.0004045	0.00018956	7.591e-08	0.00044574	0.00016184	8.796e-06	0.00014991	8.4961e-08	
0.55388	0.00040461	0.00017893	8.4723e-08	0.00044689	0.00016498	8.4682e-06	0.00014806	8.7373e-08	
0.55828	0.00040487	0.00016923	9.3943e-08	0.00044824	0.00016844	8.1665e-06	0.00014637	9.0294e-08	
0.56259	0.0004051	0.00015933	1.0151e-07	0.00044954	0.00017182	7.8546e-06	0.00014463	9.2501e-08	
0.56724	0.00039948	0.00015035	1.0964e-07	0.00045104	0.00017557	7.5689e-06	0.00014307	9.5288e-08	
0.57179	0.00039375	0.00014116	1.1606e-07	0.00045248	0.00017921	7.2724e-06	0.00014146	9.7328e-08	
0.57625	0.00038793	0.00013176	1.2078e-07	0.00045387	0.00018276	6.9651e-06	0.00013981	9.8624e-08	
0.58104	0.00038253	0.00012322	1.2609e-07	0.00045547	0.00018668	6.6829e-06	0.00013831	1.0051e-07	
0.58619	0.00037749	0.00011543	1.3195e-07	0.00045727	0.00019099	6.4229e-06	0.00013696	1.0296e-07	
0.59123	0.00037237	0.00010746	1.3609e-07	0.00045902	0.00019519	6.1527e-06	0.00013557	1.0465e-07	
0.59663	0.00036761	0.00010019	1.4083e-07	0.00046097	0.00019981	5.9037e-06	0.00013432	1.0693e-07	
0.60193	0.00036277	9.2762e-05	1.4389e-07	0.00046287	0.00020432	5.6453e-06	0.00013728	1.0848e-07	
0.60764	0.00035829	8.6024e-05	1.4768e-07	0.000465	0.00020929	5.4084e-06	0.00014051	1.1069e-07	
0.61324	0.00035373	7.9138e-05	1.4977e-07	0.00046708	0.00021416	5.1621e-06	0.00014367	1.1216e-07	
0.61873	0.00034909	7.2098e-05	1.5015e-07	0.00046909	0.00021891	4.9065e-06	0.0001468	1.1288e-07	
0.62462	0.00034479	6.5684e-05	1.5121e-07	0.00047133	0.00022413	4.6705e-06	0.00015019	1.1424e-07	
0.63093	0.0003408	5.9842e-05	1.5296e-07	0.00047381	0.00022986	4.4528e-06	0.00015387	1.1623e-07	
0.63711	0.00033673	5.3847e-05	1.5293e-07	0.00047622	0.00023544	4.2255e-06	0.00015746	1.1745e-07	
0.64376	0.00033298	4.8417e-05	1.5373e-07	0.00047888	0.00024161	4.0169e-06	0.00016138	1.1939e-07	
0.65093	0.00032954	4.3503e-05	1.554e-07	0.00048182	0.00024841	3.826e-06	0.00016564	1.2211e-07	
0.65866	0.00032638	3.9068e-05	1.5801e-07	0.00048505	0.00025595	3.652e-06	0.00017029	1.2567e-07	
0.66622	0.00032315	3.4503e-05	1.5878e-07	0.00048819	0.00026328	3.4687e-06	0.00017484	1.2839e-07	
0.67441	0.00032021	3.0402e-05	1.6064e-07	0.00049166	0.00027144	3.3025e-06	0.00017983	1.3207e-07	
0.68233	0.00031716	2.612e-05	1.6033e-07	0.000495	0.00027926	3.5467e-06	0.00018464	1.3445e-07	
0.68999	0.00031401	2.5967e-05	1.5789e-07	0.00049821	0.00028675	3.7778e-06	0.0001893	1.3583e-07	
0.69737	0.00031071	2.5754e-05	1.5315e-07	0.00050129	0.00029389	3.9944e-06	0.00019379	1.3612e-07	
0.70447	0.00030728	2.5467e-05	2.0816e-07	0.00050422	0.00034943	4.1962e-06	0.00019809	1.3561e-07	
0.7113	0.0003037	2.5116e-05	2.591e-07	0.00050701	0.00040275	4.3838e-06	0.00020223	1.3399e-07	
0.71884	0.00030051	2.4883e-05	3.1743e-07	0.00051019	0.00046299	4.597e-06	0.00020687	1.3366e-07	
0.72603	0.00029766	2.4756e-05	3.6056e-07	0.00051317	0.00053072	4.8372e-06	0.00021203	1.3452e-07	
0.73296	0.00029468	2.4568e-05	4.0001e-07	0.00051602	0.00059576	5.0621e-06	0.000217	1.3429e-07	
0.73963	0.00029158	2.4321e-05	4.3588e-07	0.00051873	0.00065824	5.2721e-06	0.00022178	1.3297e-07	
0.74696	0.00028881	2.4177e-05	4.7736e-07	0.0005218	0.00072843	5.5091e-06	0.00022711	1.3282e-07	
0.75405	0.00028592	2.3979e-05	5.1536e-07	0.00052475	0.00079612	5.7318e-06	0.00023225	1.3164e-07	
0.76188	0.00028338	2.3891e-05	5.5999e-07	0.00052809	0.00087279	5.9855e-06	0.00023801	1.3173e-07	
0.76941	0.0002807	2.3741e-05	6.005e-07	0.00053128	0.00094619	6.2222e-06	0.00024354	1.307e-07	
0.77777	0.00027836	2.3705e-05	6.4865e-07	0.00053491	0.0010299	6.4937e-06	0.00024977	1.3102e-07	
0.7871	0.0002764	2.3065e-05	7.0611e-07	0.00053902	0.0010757	6.8059e-06	0.00025684	1.3279e-07	
0.79748	0.00027473	2.2592e-05	7.7398e-07	0.00054366	0.0011281	7.1619e-06	0.00026482	1.3601e-07	
0.80909	0.00027333	2.2253e-05	8.5474e-07	0.00054888	0.0011886	7.5698e-06	0.00027388	1.4089e-07	
0.82204	0.0002722	2.2033e-05	9.4999e-07	0.00055472	0.0012579	8.0335e-06	0.00028412	1.475e-07	
0.83855	0.00027132	2.1932e-05	9.6787e-07	0.00055556	0.0013376	8.5617e-06	0.00029572	1.5609e-07	
0.85434	0.00027034	2.1767e-05	9.8142e-07	0.00055626	0.0014135	9.0603e-06	0.00030681	1.6327e-07	
0.86944	0.00026926	2.1535e-05	9.9068e-07	0.00055682	0.0014857	9.5302e-06	0.00031741	1.6905e-07	
0.87458	0.00026845	2.1426e-05	9.3977e-07	0.00055803	0.0015691	1.0075e-05	0.00032089	1.7715e-07	
0.87946	0.00026753	2.1244e-05	9.9551e-07	0.00055908	0.001648	1.0585e-05	0.00032416	1.8366e-07	
0.88494	0.00026685	2.118e-05	1.0632e-06	0.00056049	0.0017388	1.1168e-05	0.00032795	1.9241e-07	
0.8911	0.00026641	2.123e-05	1.0603e-06	0.00056228	0.0018435	1.1833e-05	0.00033231	2.0366e-07	
0.89799	0.0002662	2.1397e-05	1.0648e-06	0.00056448	0.0019641	1.259e-05	0.0003373	2.1775e-07	
0.90576	0.00026622	2.1691e-05	1.0773e-06	0.00056711	0.002104	1.3455e-05	0.00034306	2.3532e-07	
0.91319	0.00026616	2.1917e-05	1.0853e-06	0.00056958	0.0022371	1.4276e-05	0.00034853	2.5097e-07	
0.92029	0.00026601	2.2078e-05	1.0889e-06	0.00057188	0.0023636	1.5055e-05	0.00035375	2.6476e-07	
0.92252	0.00026609	2.2373e-05	1.1005e-06	0.00057472	0.002405	1.5947e-05	0.00035975	2.8221e-07	
0.92464	0.00026608	2.26e-05	1.1077e-06	0.00057738	0.0024443	1.6793e-05	0.00036547	2.9769e-07	
0.92705	0.0002663	2.2954e-05	1.1227e-06	0.00058049	0.0024897	1.7756e-05	0.00036667	3.1697e-07	
0.92936	0.00026643	2.3238e-05	1.1331e-06	0.00058343	0.0025329	1.8671e-05	0.00036775	3.3415e-07	
0.93155	0.00026647	2.3454e-05	1.139e-06	0.00058619	0.0025738	1.9538e-05	0.0003687	3.4929e-07	
0.93365	0.00027339	2.3602e-05	1.1404e-06	0.00058878	0.0026126	2.0359e-05	0.00036953	3.6245e-07	
0.93564	0.00028002	2.3682e-05	1.3179e-06	0.0005912	0.0026495	2.1136e-05	0.00037025	3.7368e-07	
0.93739	0.00028633	2.3688e-05	1.4776e-06	0.00060972	0.0026842	2.4023e-05	0.00037082	3.7745e-07	
0.93904	0.00029235	2.362e-05	1.6249e-06	0.00062748	0.0027168	2.6764e-05	0.00037127	3.793e-07	
0.94092	0.0002991	2.3675e-05	1.7997e-06	0.00064715	0.0027547	2.9867e-05	0.00037202	3.8415e-07	
0.94271	0.00030554	2.3656e-05	1.9611e-06	0.00066602	0.0027904	3.2813e-05	0.00037263	3.8707e-07	
0.9444	0.00031168	2.3564e-05	2.1161e-06	0.00068411	0.002824	3.561e-05	0.00037312	3.8808e-07	
0.94634	0.00031861	2.3601e-05	2.3021e-06	0.00070426	0.0028632	3.8796e-05	0.00037392	3.9228e-07	
0.94856	0.00032644	2.3774e-05	2.5249e-06	0.00072668	0.0028745	4.2427e-05	0.00037506	3.9981e-07	
0.9506	0.00033527	2.4083e-05	2.7927e-06	0.0007476	0.0028881	4.6562e-05	0.00037656	4.1093e-07	
0.95254	0.0003437	2.4314e-05	3.0411e-06	0.00076767	0.0029013	5.049e-05	0.0003779	4.1994e-07	
0.9544	0.00035177	2.4476e-05	3.273e-06	0.00078701	0.0029136	5.4243e-05	0.00037912	4.2705e-07	
0.9559	0.00036089	2.4775e-05	3.5577e-06	0.000803	0.0029285	5.8519e-05	0.00038069	4.3784e-07	
0.95761	0.0003711	2.5212e-05	3.8951e-06	0.00082073	0.0029291	6.3362e-05	0.00038264	4.5246e-07	
0.95902	0.00038254	2.5798e-05	4.3157e-06	0.00083563	0.0029312	6.4925e-05	0.00038499	4.7256e-07	
0.96035	0.00039347	3.1269e-05	4.7073e-06	0.00084991	0.0029326	6.6401e-05	0.00038717	4.9012e-07	
0.96162	0.00040392	3.6397e-05	5.072e-06	0.00086361	0.0029334	6.7793e-05	0.00038918	5.0528e-07	
0.9617	0.00041558	4.2363e-05	5.5028e-06	0.00087899	0.0029356	6.9385e-05	0.00039158	5.2484e-07	
0.96175	0.00042675	4.7965e-05	5.905e-06	0.00089377	0.0029372	7.0891e-05	0.00039382	5.4192e-07	
0.96189	0.00043919	5.4466e-05	6.3783e-06	0.00091009	0.0029402	7.2605e-05	0.00039647	5.6365e-07	
0.962	0.00045112	6.0579e-05	6.8209e-06	0.00092578	0.0029427	7.423e-05	0.00039895	5.8279e-07	
0.96209	0.00046262	6.6365e-05	7.2378e-06	0.00094096	0.0029446	7.5778e-05	0.00040127	5.9966e-07	
0.96108	0.00047547	7.313e-05	7.7326e-06	0.00095803	0.0029481	7.7551e-05	0.00040404	6.2158e-07	
0.96022	0.00047895	8.104e-05	8.3188e-06	0.00096236	0.0029531	7.9575e-05	0.00040729	6.4925e-07	
0.95931	0.00048225	8.8497e-05	8.8688e-06	0.00096645	0.0029575	8.15e-05	0.00041035	6.7405e-07	
0.95853	0.00048603	9.7171e-05	9.5169e-06	0.00097116	0.0029634	8.3687e-05	0.0004139	7.0494e-07	
0.95787	0.00049033	0.00010726	1.028e-05	0.00097652	0.0029711	8.6167e-05	0.00041801	7.4283e-07	
0.95718	0.00049443	0.00011678	1.0997e-05	0.00098162	0.002978	8.8531e-05	0.0004219	7.7735e-07	
0.95645	0.00049833	0.00012578	1.1672e-05	0.00098648	0.0029844	9.0785e-05	0.00042559	8.0864e-07	
