Aptenodytes_forsteri Aquila_chrysaetos_chrysaetos Buteo_japonicus Calidris_pugnax Charadrius_vociferus Egretta_garzetta Falco_cherrug Falco_peregrinus Fulmarus_glacialis
0.0018417 0.00016396 0.00028579 0.00012914 2.4636e-05 0.00010355 0.01 0.01 0.00012836
0.0018337 0.00016242 0.00028346 0.00012695 2.4056e-05 0.0001004 0.01 0.01 0.00012357
0.0018259 0.00016092 0.00028117 0.00012521 2.3516e-05 9.7412e-05 0.01 0.01 0.00011906
0.001818 0.00015942 0.00027887 0.00012337 2.2967e-05 9.4382e-05 0.01 0.01 0.00011447
0.00181 0.0001579 0.00027656 0.00012143 2.2407e-05 9.1314e-05 0.01 0.01 0.00010983
0.001802 0.00015637 0.00027424 0.00011939 2.1839e-05 8.8206e-05 0.01 0.01 0.00010511
0.0017942 0.00015489 0.00027195 0.00011779 2.1312e-05 8.527e-05 0.01 0.01 0.00010069
0.0017863 0.00015339 0.00026965 0.00011609 2.0776e-05 8.2291e-05 0.01 0.01 9.6192e-05
0.0017784 0.00015189 0.00026734 0.00011431 2.023e-05 7.9274e-05 0.01 0.01 9.1632e-05
0.0017707 0.00015042 0.00026507 0.0001129 1.9722e-05 7.6415e-05 0.01 0.01 8.7336e-05
0.001763 0.00014901 0.00026283 0.00011182 1.9251e-05 7.3708e-05 0.01 0.01 8.3289e-05
0.0017554 0.00014758 0.00026058 0.00011067 1.8771e-05 7.0964e-05 0.01 0.01 7.9183e-05
0.0017479 0.00014619 0.00025837 0.0001098 1.8325e-05 6.8366e-05 0.01 0.01 7.5316e-05
0.0017403 0.0001448 0.00025614 0.00010888 1.7871e-05 6.5732e-05 0.01 0.01 7.1392e-05
0.0017329 0.00014344 0.00025395 0.00010822 1.745e-05 6.3238e-05 0.01 0.01 6.7695e-05
0.0017257 0.00014213 0.00025179 0.0001078 1.706e-05 6.0882e-05 0.01 0.01 6.4223e-05
0.0017186 0.00014086 0.00024967 0.00010762 1.6701e-05 5.8656e-05 0.01 0.01 6.0962e-05
0.0017115 0.00013958 0.00024753 0.00010738 1.6333e-05 5.6396e-05 0.01 0.01 5.7645e-05
0.0017045 0.00013834 0.00024543 0.00010423 1.5994e-05 5.4262e-05 0.01 0.01 5.4529e-05
0.0016976 0.00013714 0.00024336 0.0001017 1.5682e-05 5.2245e-05 0.01 0.01 5.1601e-05
0.0016909 0.00013598 0.00024133 9.9676e-05 1.5395e-05 5.0341e-05 0.01 0.01 4.8851e-05
0.0016844 0.00013486 0.00023932 9.8076e-05 1.513e-05 4.8543e-05 0.01 0.01 4.6267e-05
0.0016778 0.00013373 0.00023731 9.6395e-05 1.486e-05 4.6719e-05 0.01 0.01 4.3642e-05
0.0016714 0.00013263 0.00023533 9.5064e-05 1.4612e-05 4.499e-05 0.01 0.01 4.1167e-05
0.0016649 0.00013153 0.00023334 9.3649e-05 1.4357e-05 4.3233e-05 0.01 0.01 4.1681e-05
0.0016583 0.00013041 0.00023134 9.216e-05 1.4096e-05 4.145e-05 0.01 0.01 4.2174e-05
0.0016519 0.00012933 0.00022937 9.1007e-05 1.3857e-05 3.9766e-05 0.01 0.01 4.2723e-05
0.0016455 0.00012824 0.00022738 8.9777e-05 1.3612e-05 3.8053e-05 0.01 0.01 4.3247e-05
0.001639 0.00012714 0.00022539 8.8478e-05 1.3361e-05 3.6315e-05 0.01 0.01 4.3749e-05
0.0016327 0.00012608 0.00022343 8.7486e-05 1.3132e-05 3.4672e-05 0.01 0.01 4.4308e-05
0.0016265 0.00012505 0.00022151 8.6757e-05 1.2921e-05 3.3119e-05 0.01 0.01 4.4927e-05
0.0016204 0.00012406 0.00021961 8.6263e-05 1.2729e-05 3.1652e-05 0.01 0.01 4.5608e-05
0.0016145 0.0001231 0.00021774 8.5971e-05 1.2554e-05 3.0261e-05 0.01 0.01 4.635e-05
0.0016085 0.00012213 0.00021586 8.5627e-05 1.2373e-05 2.8845e-05 0.01 0.01 4.7065e-05
0.0016025 0.00012115 0.00021397 8.5228e-05 1.2187e-05 2.7404e-05 0.01 0.01 4.7754e-05
0.0015964 0.00012016 0.00021207 8.4782e-05 1.1997e-05 2.5941e-05 0.01 0.01 4.8419e-05
0.0015905 0.0001192 0.0002102 8.1254e-05 1.1822e-05 2.4553e-05 0.01 0.01 4.9146e-05
0.0015845 0.00011823 0.00020832 7.764e-05 1.1643e-05 2.314e-05 0.01 0.01 4.9847e-05
0.0015787 0.0001173 0.00020646 7.4683e-05 1.1479e-05 2.18e-05 0.01 0.01 5.0611e-05
0.001573 0.00011639 0.00020464 7.2271e-05 1.133e-05 2.0528e-05 0.01 0.01 5.1441e-05
0.0015674 0.00011551 0.00020284 7.0312e-05 1.1194e-05 1.932e-05 0.01 0.01 5.2341e-05
0.0015619 0.00011467 0.00020107 6.8731e-05 1.1072e-05 1.8174e-05 0.01 0.01 5.3314e-05
0.0015564 0.00011381 0.00019928 6.7073e-05 1.0947e-05 1.7008e-05 0.01 0.01 5.4259e-05
0.0015511 0.00011299 0.00019753 6.5761e-05 1.0834e-05 1.5904e-05 0.01 0.01 5.5285e-05
0.0015458 0.00011219 0.00019581 6.4727e-05 1.0734e-05 1.4855e-05 0.01 0.01 5.6389e-05
0.0015405 0.00011139 0.00019407 6.3625e-05 1.063e-05 1.3786e-05 0.01 0.01 5.7463e-05
0.0015352 0.00011057 0.00019232 6.2453e-05 1.0522e-05 1.2697e-05 0.01 0.01 5.8507e-05
0.0015298 0.00010975 0.00019056 6.1209e-05 1.0409e-05 1.1587e-05 0.01 0.01 5.9521e-05
0.0015245 0.00010896 0.00018884 6.0242e-05 1.0309e-05 1.0535e-05 0.01 0.01 6.0619e-05
0.0015192 0.00010815 0.0001871 5.9219e-05 1.0205e-05 9.4648e-06 0.01 0.01 6.169e-05
0.0015141 0.00010738 0.00018538 5.8429e-05 1.0113e-05 8.4461e-06 0.01 0.01 6.2844e-05
0.0015089 0.00010659 0.00018366 5.758e-05 1.0017e-05 7.408e-06 0.01 0.01 6.3966e-05
0.0015038 0.00010583 0.00018196 5.694e-05 9.9318e-06 6.4194e-06 0.01 0.01 6.5175e-05
0.0014988 0.0001051 0.00018029 5.6485e-05 9.858e-06 5.4776e-06 0.01 0.01 6.6476e-05
0.0014938 0.00010436 0.00017861 5.5987e-05 9.7806e-06 4.5189e-06 0.01 0.01 6.7746e-05
0.0014889 0.00010365 0.00017696 5.567e-05 9.7147e-06 3.6079e-06 0.01 0.01 6.9117e-05
0.001484 0.00010293 0.00017529 5.5306e-05 9.6446e-06 2.6783e-06 0.01 0.01 7.0453e-05
0.001479 0.0001022 0.00017362 5.4897e-05 9.5708e-06 2.6624e-06 0.01 0.01 7.1756e-05
0.001474 0.00010146 0.00017193 5.4438e-05 9.4926e-06 2.6371e-06 0.01 0.01 7.3023e-05
0.0014689 0.00010071 0.00017024 5.3927e-05 9.4102e-06 2.6025e-06 0.01 0.01 7.4254e-05
0.0014638 9.9992e-05 0.00016857 5.3369e-05 9.324e-06 2.5588e-06 0.01 0.01 7.5454e-05
0.0014587 9.926e-05 0.00016689 5.2758e-05 9.2335e-06 2.5058e-06 0.01 0.01 7.662e-05
0.0014535 9.8518e-05 0.0001652 5.2094e-05 9.1388e-06 2.4435e-06 0.01 0.01 7.7752e-05
0.0014482 9.7767e-05 0.0001635 5.1374e-05 9.04e-06 2.372e-06 0.01 0.01 7.8851e-05
0.001443 9.7007e-05 0.00016179 5.06e-05 8.9369e-06 2.2913e-06 0.01 0.01 7.9917e-05
0.0014377 9.6237e-05 0.00016007 4.9768e-05 8.8297e-06 2.2014e-06 0.01 0.01 8.0951e-05
0.0014325 9.5495e-05 0.00015837 4.9147e-05 8.7344e-06 2.1154e-06 0.01 0.01 8.208e-05
0.0014274 9.4778e-05 0.0001567 4.8698e-05 8.6499e-06 2.0327e-06 0.01 0.01 8.3302e-05
0.0014223 9.4053e-05 0.00015502 4.8205e-05 8.5614e-06 1.9409e-06 0.01 0.01 8.449e-05
0.0014171 9.3319e-05 0.00015334 4.767e-05 8.4693e-06 1.8403e-06 0.01 0.01 8.5648e-05
0.0014121 9.2612e-05 0.00015167 4.7307e-05 8.3884e-06 1.7433e-06 0.01 0.01 8.6908e-05
0.0014072 9.193e-05 0.00015003 4.7092e-05 8.3176e-06 1.6491e-06 0.01 0.01 8.8269e-05
0.0014022 9.124e-05 0.00014839 4.6842e-05 8.2433e-06 1.5461e-06 0.01 0.01 8.9597e-05
0.0013972 9.054e-05 0.00014673 4.655e-05 8.1652e-06 1.877e-06 0.01 0.01 9.0891e-05
0.0013923 8.9865e-05 0.00014509 4.6401e-05 8.097e-06 2.2207e-06 0.01 0.01 9.2288e-05
0.0013874 8.9182e-05 0.00014345 4.6213e-05 8.025e-06 2.5532e-06 0.01 0.01 9.3648e-05
0.0013826 8.8524e-05 0.00014183 4.6171e-05 7.9633e-06 2.9003e-06 0.01 0.01 9.5122e-05
0.0013779 8.7889e-05 0.00014024 4.6264e-05 7.9109e-06 3.2622e-06 0.01 0.01 9.6709e-05
0.0013732 8.7246e-05 0.00013863 4.6319e-05 7.8548e-06 3.6123e-06 0.01 0.01 9.8257e-05
0.0013686 8.6626e-05 0.00013705 4.6512e-05 7.8079e-06 3.9779e-06 0.01 0.01 9.9922e-05
0.0013641 8.603e-05 0.00013549 4.686e-05 7.7705e-06 4.3614e-06 0.01 0.01 0.00010172
0.0013597 8.5457e-05 0.00013395 4.7371e-05 7.3277e-06 4.7626e-06 0.01 0.01 0.00010364
0.0013554 8.4908e-05 0.00013244 4.6611e-05 6.9165e-06 5.1843e-06 0.01 0.01 0.00010571
0.0013512 8.4382e-05 0.00013095 4.6048e-05 6.5343e-06 5.6275e-06 0.01 0.01 0.00010794
0.0013472 8.3876e-05 0.00012948 4.5649e-05 6.1778e-06 6.0921e-06 0.01 0.01 0.00011031
0.0013431 8.3364e-05 0.000128 4.5211e-05 5.815e-06 6.5445e-06 0.01 0.01 0.00011265
0.0013391 8.2872e-05 0.00012654 4.4925e-05 5.4764e-06 7.0193e-06 0.01 0.01 0.00011514
0.0013352 8.2401e-05 0.0001251 4.2472e-05 5.1607e-06 7.5181e-06 0.01 0.01 0.0001178
0.0013314 8.1951e-05 0.00012369 4.0488e-05 4.8672e-06 8.0438e-06 0.01 0.01 0.00012065
0.0013277 8.1522e-05 0.00012229 3.8872e-05 4.5934e-06 8.5963e-06 0.01 0.01 0.00012368
0.001324 8.1084e-05 0.00012089 3.7169e-05 4.3138e-06 9.1344e-06 0.01 0.01 0.00012666
0.0013203 8.0639e-05 0.00011948 3.5388e-05 4.0289e-06 9.6592e-06 0.01 0.01 0.00012959
0.0013166 8.0215e-05 0.00011808 3.3954e-05 3.7639e-06 1.0214e-05 0.01 0.01 0.00013273
0.0013131 7.9811e-05 0.00011671 3.2807e-05 3.5175e-06 1.0799e-05 0.01 0.01 0.00013608
0.0013097 7.9428e-05 0.00011536 3.1901e-05 3.2884e-06 1.1418e-05 0.01 0.01 0.00013966
0.0013064 7.9065e-05 0.00011403 3.1196e-05 3.0755e-06 1.2072e-05 0.01 0.01 0.00014349
0.001303 7.8722e-05 0.00011273 3.0441e-05 2.8575e-06 1.271e-05 0.01 0.01 0.00014725
0.0012997 7.8399e-05 0.00011144 2.9866e-05 2.6551e-06 1.3386e-05 0.01 0.01 0.00015127
0.0012964 7.8067e-05 0.00011014 2.9246e-05 2.4477e-06 1.4044e-05 0.01 0.01 0.00015522
0.0012933 7.7755e-05 0.00010886 2.8777e-05 2.2542e-06 1.474e-05 0.01 0.01 0.0001551
0.0012902 7.746e-05 0.0001076 2.8441e-05 2.0734e-06 1.5474e-05 0.01 0.01 0.00015508
0.0012872 7.7183e-05 0.00010635 2.8223e-05 1.9045e-06 1.6249e-05 0.01 0.01 0.00015516
0.0012843 7.6924e-05 0.00010513 2.8115e-05 1.7465e-06 1.7066e-05 0.01 0.01 0.00015533
0.0012813 7.6657e-05 0.00010389 2.7975e-05 1.5845e-06 1.7865e-05 0.01 0.01 0.00015548
0.0012783 7.6383e-05 0.00010265 2.7806e-05 1.4189e-06 1.8647e-05 0.01 0.01 0.00015559
0.0012753 7.6102e-05 0.0001014 2.7609e-05 1.2497e-06 1.9414e-05 0.01 0.01 0.00015566
0.0012724 7.5839e-05 0.00010016 2.7524e-05 1.0917e-06 2.0227e-05 0.01 0.01 0.00015585
0.0012695 7.5569e-05 9.8923e-05 2.7409e-05 9.2978e-07 2.1021e-05 0.01 0.01 0.00015599
0.0012665 7.5291e-05 9.7673e-05 2.7253e-05 9.4469e-07 2.1798e-05 0.01 0.01 0.00015611
0.0012636 7.5032e-05 9.6441e-05 2.7208e-05 9.6208e-07 2.2622e-05 0.01 0.01 0.00015632
0.0012607 7.4765e-05 9.5201e-05 2.7136e-05 9.7747e-07 2.3429e-05 0.01 0.01 0.00015651
0.0012577 7.4492e-05 9.3952e-05 2.9541e-05 9.9084e-07 2.4219e-05 0.01 0.01 0.00015666
0.0012547 7.4211e-05 9.2696e-05 3.1846e-05 1.0022e-06 2.4993e-05 0.01 0.01 0.00015678
0.0012518 7.3949e-05 9.1458e-05 3.4683e-05 1.0161e-06 2.5815e-05 0.01 0.01 0.00015701
0.0012489 7.368e-05 9.0211e-05 3.7387e-05 1.0279e-06 2.6619e-05 0.01 0.01 0.0001572
0.0012461 7.3427e-05 8.8981e-05 4.0679e-05 1.042e-06 2.747e-05 0.01 0.01 0.00015749
0.0012433 7.3192e-05 8.7768e-05 4.4727e-05 1.0587e-06 2.8374e-05 0.01 0.01 0.00015788
0.0012407 7.2973e-05 8.6572e-05 4.5444e-05 1.078e-06 2.9331e-05 0.01 0.01 0.00015838
0.0012381 7.2771e-05 8.5391e-05 4.6368e-05 1.1e-06 3.0343e-05 0.01 0.01 0.00015897
0.0012357 7.2587e-05 8.4228e-05 4.7548e-05 1.1248e-06 3.1417e-05 0.01 0.01 0.00015968
0.0012333 7.2395e-05 8.3057e-05 4.9018e-05 1.1525e-06 3.2552e-05 0.01 0.01 0.00015684
0.0012309 7.2197e-05 8.1877e-05 5.0419e-05 1.1781e-06 3.3668e-05 0.01 0.01 0.00015395
0.0012286 7.2016e-05 8.0715e-05 5.2172e-05 1.2069e-06 3.4851e-05 0.01 0.01 0.00015126
0.0012263 7.1827e-05 7.9543e-05 5.3834e-05 1.2334e-06 3.6012e-05 0.01 0.01 0.00014851
0.0012239 7.1632e-05 7.8364e-05 5.5421e-05 1.2578e-06 3.7152e-05 0.01 0.01 0.00014572
0.0012216 7.1454e-05 7.7202e-05 5.74e-05 1.2854e-06 3.8362e-05 0.01 0.01 0.00014312
0.0012193 7.1269e-05 7.6031e-05 5.9279e-05 1.3107e-06 3.9549e-05 0.01 0.01 0.00014046
0.001217 7.1076e-05 7.4851e-05 6.1061e-05 1.3338e-06 4.0713e-05 0.01 0.01 0.00013776
0.0012146 7.0876e-05 7.3664e-05 6.2761e-05 1.3547e-06 4.1856e-05 0.01 0.01 0.000135
0.0012123 7.0693e-05 7.2491e-05 6.4859e-05 1.3787e-06 4.3067e-05 0.01 0.01 0.00013242
0.0012101 7.0525e-05 7.1334e-05 6.7437e-05 1.4059e-06 4.4349e-05 0.01 0.01 0.00013001
0.001208 7.0374e-05 7.0192e-05 7.0592e-05 1.4364e-06 4.5706e-05 0.01 0.01 0.00012776
0.0012058 7.0215e-05 6.9042e-05 7.3595e-05 1.4645e-06 4.7038e-05 0.01 0.01 0.00012547
0.0012036 7.0048e-05 6.7883e-05 7.645e-05 1.4903e-06 4.8344e-05 0.01 0.01 0.00012312
0.0012015 6.9899e-05 6.674e-05 7.9989e-05 1.5198e-06 4.9733e-05 0.01 0.01 0.00012094
0.0011994 6.9741e-05 6.5588e-05 8.3347e-05 1.5469e-06 5.1094e-05 0.01 0.01 0.0001187
0.0011972 6.9577e-05 6.4428e-05 8.6555e-05 1.5716e-06 5.2431e-05 0.01 0.01 0.00011643
0.0011951 6.9431e-05 6.3284e-05 9.0555e-05 1.6003e-06 5.3856e-05 0.01 0.01 0.00011432
0.0011932 6.9303e-05 6.2158e-05 9.5567e-05 1.6334e-06 5.538e-05 0.01 0.01 0.00011237
0.0011913 6.9166e-05 6.1023e-05 9.7733e-05 1.6101e-06 5.7008e-05 0.01 0.01 0.00011058
0.0011895 6.9048e-05 5.9904e-05 0.00010049 1.5909e-06 5.8747e-05 0.01 0.01 0.00010894
0.0011877 6.8921e-05 5.8775e-05 0.00010306 1.5689e-06 6.0444e-05 0.01 0.01 0.00010725
0.001186 6.8814e-05 5.7665e-05 0.00010638 1.5514e-06 6.2269e-05 0.01 0.01 0.00010571
0.0011845 6.8728e-05 5.6574e-05 0.00011072 1.5385e-06 6.4235e-05 0.01 0.01 0.00010432
0.0011828 6.8632e-05 5.5472e-05 0.00011472 1.5226e-06 6.6149e-05 0.01 0.01 0.00010287
0.0011813 6.8562e-05 5.4394e-05 0.00012023 1.5124e-06 6.8245e-05 0.01 0.01 0.0001016
0.0011801 6.8477e-05 5.33e-05 0.00012509 1.4982e-06 7.0257e-05 0.01 0.01 0.00010009
0.0011787 6.8378e-05 5.2192e-05 0.00012942 1.4801e-06 7.2196e-05 0.01 0.01 9.849e-05
0.0011774 6.8308e-05 5.111e-05 0.00013555 1.4683e-06 7.4337e-05 0.01 0.01 9.7095e-05
0.0011763 6.8267e-05 5.0053e-05 0.00014422 1.4628e-06 7.67e-05 0.01 0.01 9.5889e-05
0.0011753 6.8253e-05 4.902e-05 0.00014706 1.4631e-06 7.9293e-05 0.01 0.01 9.4852e-05
0.0011743 6.8225e-05 4.7973e-05 0.00014956 1.4597e-06 8.1795e-05 0.01 0.01 9.3742e-05
0.0011732 6.8183e-05 4.6912e-05 0.00015175 1.4524e-06 8.4208e-05 0.01 0.01 9.2561e-05
0.001172 6.8168e-05 4.5874e-05 0.00015366 1.4414e-06 8.6575e-05 0.01 0.01 9.1306e-05
0.0011893 6.8138e-05 4.4821e-05 0.00016893 1.4261e-06 8.8846e-05 0.01 0.01 8.9966e-05
0.0012069 6.8133e-05 4.3789e-05 0.00018927 1.416e-06 9.1323e-05 0.01 0.01 8.8783e-05
0.001225 6.8149e-05 4.2775e-05 0.00019465 1.4104e-06 9.3994e-05 0.01 0.01 8.7731e-05
0.0012429 6.8156e-05 4.175e-05 0.00019963 1.402e-06 9.6605e-05 0.01 0.01 8.6632e-05
0.0012607 6.8154e-05 4.0717e-05 0.00020435 1.3911e-06 9.917e-05 0.01 0.01 8.5496e-05
0.0012785 6.8146e-05 3.9676e-05 0.00020883 1.378e-06 0.0001017 0.01 0.01 8.4326e-05
0.0012962 6.813e-05 3.8627e-05 0.0002131 1.3627e-06 0.00010418 0.01 0.01 8.3123e-05
0.0013141 6.813e-05 3.759e-05 0.00021837 1.3504e-06 0.00010682 0.01 0.01 8.2016e-05
0.001332 6.8123e-05 3.6545e-05 0.00022337 1.3358e-06 0.00010941 0.01 0.01 8.0874e-05
0.0013499 6.8108e-05 3.5492e-05 0.00022813 1.3189e-06 0.00011196 0.01 0.01 7.9698e-05
0.001368 6.8109e-05 3.4451e-05 0.00023403 1.3052e-06 0.00011467 0.01 0.01 7.862e-05
0.0013864 6.8127e-05 3.3424e-05 0.00023481 1.2946e-06 0.00011754 0.01 0.01 7.7636e-05
0.0014048 6.8137e-05 3.2388e-05 0.0002355 1.2817e-06 0.00012037 0.01 0.01 7.6619e-05
0.0014231 6.8141e-05 3.1344e-05 0.00023611 1.2667e-06 0.00012316 0.01 0.01 7.5573e-05
0.0014413 6.8138e-05 3.0293e-05 0.00023664 1.2496e-06 0.00012592 0.01 0.01 7.4496e-05
0.0014595 6.8128e-05 2.9235e-05 0.00023709 1.2302e-06 0.00012863 0.01 0.01 7.3388e-05
0.0014779 6.8133e-05 2.8188e-05 0.00023789 1.2139e-06 0.0001315 0.01 0.01 7.237e-05
0.0014963 6.8131e-05 2.7133e-05 0.00023859 1.1951e-06 0.00013433 0.01 0.01 7.1317e-05
0.0015146 6.812e-05 2.6069e-05 0.00023917 1.1738e-06 0.0001371 0.01 0.01 7.0224e-05
0.0015327 6.8099e-05 2.4994e-05 0.00023962 1.1497e-06 0.0001398 0.01 0.01 6.9083e-05
0.0015513 6.8101e-05 2.3937e-05 0.00024058 9.9378e-07 0.00014273 0.01 0.01 6.8068e-05
0.0015697 6.809e-05 2.2868e-05 0.00024134 8.3095e-07 0.00014556 0.01 0.01 6.6993e-05
0.001588 6.8066e-05 2.1786e-05 0.00024191 6.6118e-07 0.00014831 0.01 0.01 6.5859e-05
0.0016061 6.8022e-05 2.193e-05 0.00024226 6.4968e-07 0.00015096 0.01 0.01 6.466e-05
0.001624 6.7964e-05 2.2065e-05 0.00024241 6.3516e-07 0.00015351 0.01 0.01 6.3392e-05
0.0016418 6.7892e-05 2.2191e-05 0.00024237 6.1757e-07 0.00015596 0.01 0.01 6.2054e-05
0.0016593 6.7806e-05 2.2309e-05 0.00024212 5.9685e-07 0.00015833 0.01 0.01 6.0643e-05
0.0016768 6.7707e-05 2.2417e-05 0.00024168 5.7297e-07 0.0001606 0.01 0.01 5.9157e-05
0.001694 6.7593e-05 2.2517e-05 0.00024103 5.459e-07 0.00016278 0.01 0.01 5.7596e-05
0.0017117 6.7507e-05 2.2623e-05 0.00024094 5.239e-07 0.00016282 0.01 0.01 5.6206e-05
0.0017293 6.7408e-05 2.272e-05 0.00024065 4.9884e-07 0.00016281 0.01 0.01 5.4745e-05
0.0017473 6.7335e-05 2.2823e-05 0.0002409 4.7736e-07 0.00016292 0.01 0.01 5.3444e-05
0.0017657 6.7288e-05 2.2932e-05 0.0002417 4.5916e-07 0.00016093 0.01 0.01 5.229e-05
0.0017847 6.7269e-05 2.3048e-05 0.00024317 4.4421e-07 0.00015915 0.01 0.01 5.1279e-05
0.0018041 6.7278e-05 2.317e-05 0.00024546 4.3229e-07 0.00015757 0.01 0.01 5.04e-05
0.0018234 6.7272e-05 2.3283e-05 0.00024742 4.1745e-07 0.0001559 0.01 0.01 4.9457e-05
0.0018425 6.7252e-05 2.3387e-05 0.00024909 3.9971e-07 0.00015415 0.01 0.01 4.8452e-05
0.001862 6.7256e-05 2.3496e-05 0.0002515 3.8446e-07 0.00015257 0.01 0.01 4.7561e-05
0.0018819 6.7283e-05 2.361e-05 0.00025134 3.7146e-07 0.00015115 0.01 0.01 4.6773e-05
0.0019018 6.7301e-05 2.3717e-05 0.00025107 3.5634e-07 0.00014968 0.01 0.01 4.5949e-05
0.001922 6.7338e-05 2.3827e-05 0.00025119 3.4273e-07 0.00014834 0.01 0.01 4.5204e-05
0.0019422 6.7367e-05 2.3931e-05 0.00025123 3.2725e-07 0.00014696 0.01 0.01 4.4431e-05
0.0019626 6.7413e-05 2.4037e-05 0.00025162 3.1298e-07 0.00014569 0.01 0.01 4.3727e-05
0.0019835 6.7476e-05 2.4146e-05 0.00025239 2.9982e-07 0.00014452 0.01 0.01 4.309e-05
0.0020043 6.7531e-05 2.4249e-05 0.00025308 2.8489e-07 0.00014333 0.01 0.01 4.2427e-05
0.0020254 6.7604e-05 2.4354e-05 0.00025416 2.7096e-07 0.00014223 0.01 0.01 4.1827e-05
0.0020468 6.7691e-05 2.4462e-05 0.00025566 2.5784e-07 0.00014122 0.01 0.01 4.1283e-05
0.0020682 6.7772e-05 2.4562e-05 0.00025706 2.4299e-07 0.00014019 0.01 0.01 4.0716e-05
0.0020895 6.7846e-05 2.4657e-05 0.00025837 2.264e-07 0.00013913 0.01 0.01 4.0124e-05
0.0021108 6.7913e-05 2.4745e-05 0.00025956 2.0798e-07 0.00013804 0.01 0.01 3.9505e-05
0.0021324 6.7996e-05 2.4836e-05 0.00025788 1.9053e-07 0.00013705 0.01 0.01 3.8948e-05
0.0021539 6.8072e-05 2.492e-05 0.00025609 1.713e-07 0.00013603 0.01 0.01 3.8366e-05
0.0021757 6.8165e-05 2.5007e-05 0.00025477 1.5291e-07 0.00013509 0.01 0.01 3.7842e-05
0.0021975 6.8249e-05 2.5087e-05 0.00025332 1.326e-07 0.00013413 0.01 0.01 3.7287e-05
0.0022197 6.8353e-05 2.517e-05 0.00025236 1.1337e-07 0.00013327 0.01 0.01 3.68e-05
0.0022418 6.8447e-05 2.5247e-05 0.00025126 9.2109e-08 0.00013237 0.01 0.01 3.6278e-05
0.0022637 6.8564e-05 2.5328e-05 0.00024992 1.063e-07 0.00013142 0.01 0.01 3.8048e-05
0.0022854 6.867e-05 2.5401e-05 0.00024839 1.1857e-07 0.00013042 0.01 0.01 3.9759e-05
0.0023076 6.8796e-05 2.5478e-05 0.0002474 1.3151e-07 0.00012954 0.01 0.01 4.1615e-05
0.0023302 6.7629e-05 2.556e-05 0.00024685 1.4511e-07 0.00012875 0.01 0.01 4.3619e-05
0.0023527 6.6447e-05 2.5634e-05 0.00024617 1.5681e-07 0.00012792 0.01 0.01 4.5565e-05
0.0023751 6.5251e-05 2.5701e-05 0.00024535 1.6663e-07 0.00012706 0.01 0.01 4.7456e-05
0.0023974 6.4041e-05 2.576e-05 0.0002444 1.746e-07 0.00012616 0.01 0.01 4.9293e-05
0.0024201 6.2871e-05 2.5823e-05 0.00024389 1.8325e-07 0.00012536 0.01 0.01 5.1278e-05
0.0024426 6.1687e-05 2.5879e-05 0.00024326 1.9001e-07 0.00012453 0.01 0.01 5.3208e-05
0.0024656 6.0541e-05 2.5939e-05 0.00023839 1.9745e-07 0.00012378 0.01 0.01 5.5289e-05
0.002489 5.9434e-05 2.6002e-05 0.0002346 2.0569e-07 0.00012313 0.01 0.01 5.7541e-05
0.0025129 5.8364e-05 2.6069e-05 0.00023168 2.1481e-07 0.00012257 0.01 0.01 5.998e-05
0.0025367 5.733e-05 2.614e-05 0.00022856 2.2207e-07 0.00012198 0.01 0.01 6.2357e-05
0.0025604 5.6284e-05 2.6204e-05 0.00022523 2.2747e-07 0.00012136 0.01 0.01 6.4675e-05
0.0025845 5.5224e-05 2.6261e-05 0.00022166 2.3094e-07 0.0001207 0.01 0.01 6.7238e-05
0.0026085 5.4152e-05 2.631e-05 0.00021887 2.3516e-07 0.00012013 0.01 0.01 6.96e-05
0.0026324 5.3068e-05 2.6353e-05 0.00021588 2.3754e-07 0.00011953 0.01 0.01 7.1903e-05
0.0026567 5.2015e-05 2.6398e-05 0.00021354 2.405e-07 0.000119 0.01 0.01 7.4369e-05
0.0026809 5.0952e-05 2.6436e-05 0.00021103 2.4168e-07 0.00011844 0.01 0.01 7.6781e-05
0.0027051 4.9877e-05 2.6468e-05 0.00020838 2.4113e-07 0.00011787 0.01 0.01 7.9143e-05
0.0027296 4.8834e-05 2.6502e-05 0.0002063 2.4113e-07 0.00011736 0.01 0.01 8.167e-05
0.002754 4.7782e-05 2.653e-05 0.00020412 2.3947e-07 0.00011683 0.01 0.01 8.4154e-05
0.0027788 4.676e-05 2.656e-05 0.00020243 2.3834e-07 0.00011637 0.01 0.01 8.6808e-05
0.0028036 4.5729e-05 2.6585e-05 0.00020065 2.3558e-07 0.00011589 0.01 0.01 8.9418e-05
0.0028288 4.4727e-05 2.6612e-05 0.00019104 2.3332e-07 0.00011548 0.01 0.01 9.2206e-05
0.0028539 4.3716e-05 2.6632e-05 0.00018098 2.2938e-07 0.00011505 0.01 0.01 9.4944e-05
0.0028794 4.2733e-05 2.6655e-05 0.00017279 2.2593e-07 0.00011468 0.01 0.01 9.7868e-05
0.0029053 4.1778e-05 2.668e-05 0.00016614 2.2294e-07 0.00011438 0.01 0.01 0.00010099
0.0029316 4.0849e-05 2.6708e-05 0.00016074 2.204e-07 0.00011414 0.01 0.01 0.00010432
0.0029579 3.9912e-05 2.6729e-05 0.00015508 2.1618e-07 0.00011388 0.01 0.01 0.00010759
0.0029846 3.9001e-05 2.6753e-05 0.00015049 2.124e-07 0.00011369 0.01 0.01 0.00011108
0.0030111 3.8081e-05 2.6771e-05 0.00014568 2.0695e-07 0.00011347 0.01 0.01 0.00011451
0.0030377 3.7153e-05 2.6782e-05 0.00014066 1.9988e-07 0.00011324 0.01 0.01 0.00011789
0.0030646 3.6251e-05 2.6796e-05 0.0001366 1.9323e-07 0.00011307 0.01 0.01 0.0001215
0.0030915 3.534e-05 2.6803e-05 0.00013236 1.8497e-07 0.00011288 0.01 0.01 0.00012505
0.0031188 3.4455e-05 2.6813e-05 0.00012894 1.7709e-07 0.00011275 0.01 0.01 0.00012884
0.003146 3.3561e-05 2.6817e-05 0.00012534 1.6755e-07 0.0001126 0.01 0.01 0.00013257
0.0031737 3.2692e-05 2.6823e-05 0.00012245 1.5836e-07 0.00011252 0.01 0.01 0.00013655
0.0032018 3.1845e-05 2.6831e-05 0.00012011 1.494e-07 0.00011249 0.01 0.01 0.00014078
0.0032303 3.1022e-05 2.6842e-05 0.00011825 1.4071e-07 0.00011253 0.01 0.01 0.00014529
0.0032593 3.0222e-05 2.6855e-05 0.00011681 1.3224e-07 0.00011263 0.01 0.01 0.0001501
0.0032888 2.9445e-05 2.6871e-05 0.00011571 1.2395e-07 0.00011279 0.01 0.01 0.00015524
0.0033182 2.8658e-05 2.688e-05 0.00011453 1.1404e-07 0.00011293 0.01 0.01 0.00016029
0.0033481 2.7893e-05 2.6892e-05 0.00011365 1.0421e-07 0.00011313 0.01 0.01 0.00016565
0.0033784 2.7148e-05 2.6906e-05 0.00011303 9.4416e-08 0.0001134 0.01 0.01 0.00017137
0.0034092 2.6424e-05 2.6922e-05 0.00011267 8.47e-08 0.00011373 0.01 0.01 0.00017746
0.0034399 2.5692e-05 2.6933e-05 0.00011225 7.3402e-08 0.00011404 0.01 0.01 0.00018347
0.0034706 2.4951e-05 2.6936e-05 0.00011177 6.0488e-08 0.00011432 0.01 0.01 0.00018938
0.0034893 2.4201e-05 2.6933e-05 0.00011116 7.7812e-08 0.00011458 0.01 0.01 0.00021484
0.0035079 2.344e-05 2.6922e-05 0.00011047 9.3393e-08 0.00011481 0.01 0.01 0.00023987
0.0035269 2.2701e-05 2.6915e-05 0.00011004 1.0931e-07 0.00011511 0.01 0.01 0.00026651
0.0035462 2.1983e-05 2.691e-05 0.00010986 1.2572e-07 0.00011548 0.01 0.01 0.00029495
0.0035658 2.1284e-05 2.6908e-05 0.0001099 1.4261e-07 0.00011591 0.01 0.01 0.00032519
0.0035854 2.0578e-05 2.6899e-05 0.00010989 1.5781e-07 0.00011632 0.01 0.01 0.00035504
0.0036053 1.989e-05 2.6893e-05 0.0001074 1.7357e-07 0.00011681 0.01 0.01 0.00038677
0.0036252 1.9195e-05 2.688e-05 0.00010477 1.8757e-07 0.00011726 0.01 0.01 0.00041806
0.0036449 1.8491e-05 2.6861e-05 0.00010199 1.9982e-07 0.0001177 0.01 0.01 0.0004489
0.003665 1.7806e-05 2.6844e-05 9.9774e-05 2.1273e-07 0.0001182 0.01 0.01 0.00048175
0.0036855 1.714e-05 2.683e-05 9.8022e-05 2.2634e-07 0.00011878 0.01 0.01 0.00051674
0.0037059 1.6466e-05 2.681e-05 9.6179e-05 2.3825e-07 0.00011933 0.01 0.01 0.00055131
0.0037267 1.5811e-05 2.6792e-05 8.7074e-05 2.5098e-07 0.00011996 0.01 0.01 0.00058814
0.0037478 1.5174e-05 2.6778e-05 7.9696e-05 2.6458e-07 0.00012067 0.01 0.01 0.00062739
0.0037693 1.4554e-05 2.6766e-05 7.3728e-05 2.7915e-07 0.00012146 0.01 0.01 0.00066922
0.0037912 1.3927e-05 2.6748e-05 6.8917e-05 2.9483e-07 0.00012234 0.01 0.01 0.00067756
0.0038135 1.3315e-05 2.6732e-05 6.4996e-05 3.1158e-07 0.0001233 0.01 0.01 0.00068648
0.0038357 1.2696e-05 2.671e-05 6.0891e-05 3.2649e-07 0.00012423 0.01 0.01 0.00069526
0.0038329 1.2094e-05 2.6691e-05 5.7592e-05 3.427e-07 0.00012525 0.01 0.01 0.00069534
0.0038301 1.1485e-05 2.6665e-05 5.411e-05 3.5696e-07 0.00012625 0.01 0.01 0.00069535
0.0038272 1.0868e-05 2.6633e-05 5.0461e-05 3.6937e-07 0.00012721 0.01 0.01 0.0006953
0.0038243 1.0243e-05 2.6593e-05 4.6606e-05 3.7984e-07 0.00012814 0.01 0.01 0.00069518
0.0038213 9.6102e-06 2.6547e-05 4.2547e-05 3.8844e-07 0.00012904 0.01 0.01 0.00069499
0.0038183 8.9702e-06 2.6495e-05 3.8282e-05 3.9519e-07 0.00012992 0.01 0.01 0.00069474
0.0038152 8.3229e-06 2.6436e-05 3.3805e-05 4.0012e-07 0.00013077 0.01 0.01 0.00069443
0.0038123 7.6906e-06 2.6379e-05 3.0126e-05 4.0601e-07 0.0001317 0.01 0.01 0.00069434
0.0038096 7.0734e-06 2.6324e-05 2.7135e-05 4.13e-07 0.00013271 0.01 0.01 0.00069447
0.0038068 6.4499e-06 2.6264e-05 2.4016e-05 4.1825e-07 0.0001337 0.01 0.01 0.00069455
0.003804 5.8199e-06 2.6197e-05 2.0765e-05 4.2175e-07 0.00013467 0.01 0.01 0.00069458
0.0038013 5.2039e-06 2.6132e-05 1.8092e-05 4.2626e-07 0.00013572 0.01 0.01 0.00069482
0.0037986 4.5816e-06 2.6061e-05 1.5303e-05 4.2901e-07 0.00013674 0.01 0.01 0.00069501
0.0037961 3.9729e-06 2.5993e-05 1.3012e-05 4.3279e-07 0.00013786 0.01 0.01 0.00069542
0.0037938 3.3785e-06 2.5926e-05 1.1151e-05 4.3774e-07 0.00013906 0.01 0.01 0.00069605
0.0037916 3.3973e-06 2.5848e-05 9.6266e-06 4.438e-07 0.00014036 0.01 0.01 0.00069692
0.0037896 3.4171e-06 2.5772e-05 8.3907e-06 4.5111e-07 0.00014177 0.01 0.01 0.00069802
0.0037878 3.4376e-06 2.5699e-05 7.3778e-06 4.5958e-07 0.00014328 0.01 0.01 0.00069934
0.0037861 3.4588e-06 2.5628e-05 6.5481e-06 4.6923e-07 0.00014489 0.01 0.01 0.00070091
0.0037846 3.481e-06 2.5559e-05 5.8775e-06 4.8027e-07 0.00014662 0.01 0.01 0.00069517
0.0037833 3.5043e-06 2.5493e-05 5.3368e-06 4.9275e-07 0.00014847 0.01 0.01 0.00068985
0.003782 3.5233e-06 2.542e-05 4.766e-06 5.034e-07 0.0001503 0.01 0.01 0.00068444
0.0037808 3.543e-06 2.535e-05 4.3008e-06 5.154e-07 0.00015224 0.01 0.01 0.00067941
0.0037796 3.5585e-06 2.5273e-05 3.8085e-06 5.2556e-07 0.00015415 0.01 0.01 0.00067429
0.0037785 3.5751e-06 2.5199e-05 3.4123e-06 5.3727e-07 0.0001562 0.01 0.01 0.00066956
0.0037774 3.5873e-06 2.5119e-05 2.989e-06 5.4705e-07 0.0001582 0.01 0.01 0.00066477
0.0037765 3.6004e-06 2.5041e-05 2.6472e-06 5.5839e-07 0.00016035 0.01 0.01 0.00066034
0.0037755 3.6093e-06 2.4956e-05 2.2818e-06 5.6781e-07 0.00016246 0.01 0.01 0.00065583
0.0037747 3.619e-06 2.4874e-05 1.9858e-06 5.7881e-07 0.00016471 0.01 0.01 0.00065166
0.0037741 3.6295e-06 2.4793e-05 1.7438e-06 5.9129e-07 0.00016709 0.01 0.01 0.00064781
0.0037734 3.6357e-06 2.4706e-05 1.483e-06 6.0184e-07 0.00016944 0.01 0.01 0.00064387
0.0037726 3.6376e-06 2.4613e-05 1.203e-06 6.1046e-07 0.00017175 0.01 0.01 0.00063985
0.0037721 3.6403e-06 2.4522e-05 9.7434e-07 6.2075e-07 0.00017421 0.01 0.01 0.00063615
0.0037715 3.6389e-06 2.4425e-05 7.2984e-07 6.2919e-07 0.00017664 0.01 0.01 0.00063239
0.0037708 3.6333e-06 2.4322e-05 4.6909e-07 6.3578e-07 0.00017903 0.01 0.01 0.00062855
0.0037703 3.6287e-06 2.4221e-05 2.5352e-07 6.4406e-07 0.00018158 0.01 0.01 0.00062503
0.0037698 3.6198e-06 2.4114e-05 2.6088e-07 6.5042e-07 0.00018409 0.01 0.01 0.00062144
0.0037695 3.6117e-06 2.4009e-05 2.734e-07 6.5837e-07 0.00018676 0.01 0.01 0.00061813
0.003769 3.5994e-06 2.3897e-05 2.7787e-07 6.6444e-07 0.00018938 0.01 0.01 0.00061476
0.0037689 3.5828e-06 2.3779e-05 2.7427e-07 6.6864e-07 0.00019197 0.01 0.01 0.00061106
0.0037686 3.562e-06 2.3655e-05 2.6259e-07 6.7095e-07 0.00019452 0.01 0.01 0.00060729
0.0037683 3.5357e-06 2.5383e-05 4.6476e-07 6.7121e-07 0.00019703 0.01 0.01 0.00060345
0.0037682 3.5101e-06 2.7132e-05 7.0708e-07 6.7309e-07 0.0001997 0.01 0.01 0.00059989
0.003768 3.4803e-06 2.8872e-05 9.3367e-07 6.7309e-07 0.00020232 0.01 0.01 0.00059627
0.003768 3.4515e-06 3.0633e-05 1.2102e-06 6.7484e-07 0.00020512 0.01 0.01 0.00059295
0.0037682 3.4237e-06 3.2417e-05 1.5483e-06 6.7834e-07 0.0002081 0.01 0.01 0.00058992
0.0037686 3.3965e-06 3.4222e-05 1.5594e-06 6.8346e-07 0.00021126 0.01 0.01 0.00058714
0.0037688 3.365e-06 3.6017e-05 1.5587e-06 6.8662e-07 0.00021437 0.01 0.01 0.00058429
0.0037691 3.3293e-06 3.7804e-05 1.5469e-06 6.8793e-07 0.00021744 0.01 0.01 0.00058139
0.0037695 3.2942e-06 3.9612e-05 1.5554e-06 6.9084e-07 0.00022069 0.01 0.01 0.00057873
0.0037699 3.2549e-06 4.141e-05 1.5521e-06 6.918e-07 0.00022389 0.01 0.01 0.00057601
0.0037702 3.2112e-06 4.32e-05 1.537e-06 6.908e-07 0.00022705 0.01 0.01 0.00057323
0.0037707 3.1681e-06 4.501e-05 1.542e-06 6.9142e-07 0.00023039 0.01 0.01 0.00057068
0.0037711 3.1208e-06 4.6812e-05 1.5353e-06 6.9008e-07 0.00023368 0.01 0.01 0.00056808
0.0037715 3.0692e-06 4.8605e-05 1.5175e-06 6.8688e-07 0.00023693 0.01 0.01 0.00056541
0.0037718 3.0135e-06 5.0389e-05 1.4888e-06 6.8182e-07 0.00024014 0.01 0.01 0.00056268
0.0037723 2.9584e-06 5.2195e-05 1.4801e-06 6.7837e-07 0.00024354 0.01 0.01 0.0005602
0.003773 2.9039e-06 5.4023e-05 1.491e-06 6.765e-07 0.00024714 0.01 0.01 0.00055796
0.0037736 2.8452e-06 5.5842e-05 1.491e-06 6.7278e-07 0.00025069 0.01 0.01 0.00055565
0.0037744 2.7873e-06 5.7685e-05 1.5122e-06 6.7079e-07 0.00025447 0.01 0.01 0.00055359
0.0037752 2.7251e-06 5.9519e-05 1.5216e-06 6.6686e-07 0.00025819 0.01 0.01 0.00055147
0.0037759 2.6586e-06 6.1343e-05 1.5193e-06 6.6098e-07 0.00026186 0.01 0.01 0.00054928
0.0037767 2.5928e-06 6.3191e-05 1.5384e-06 6.5681e-07 0.00026575 0.01 0.01 0.00054733
0.0037778 2.5275e-06 6.5062e-05 1.5783e-06 6.542e-07 0.00026548 0.01 0.01 0.0005456
0.0037787 2.4579e-06 6.6923e-05 1.6061e-06 6.4965e-07 0.00026517 0.01 0.01 0.0005438
0.0037799 2.3888e-06 6.8808e-05 1.6557e-06 6.4663e-07 0.00026496 0.01 0.01 0.00054222
0.003781 2.3155e-06 7.0684e-05 2.6038e-06 6.4169e-07 0.00026472 0.01 0.01 0.00054059
0.0037823 2.2428e-06 7.2585e-05 3.764e-06 6.3843e-07 0.00026458 0.01 0.01 0.00053917
0.0037835 2.1659e-06 7.4477e-05 4.8735e-06 6.3332e-07 0.00026442 0.01 0.01 0.00053771
0.0037847 2.0849e-06 7.636e-05 5.9341e-06 6.2637e-07 0.00026423 0.01 0.01 0.00053619
0.0037861 2.0043e-06 7.8267e-05 7.2218e-06 6.2093e-07 0.00026414 0.01 0.01 0.00053488
0.0037876 1.924e-06 8.0199e-05 8.7854e-06 6.1696e-07 0.00026414 0.01 0.01 0.00053377
0.0037891 1.8394e-06 8.2121e-05 1.0273e-05 6.1108e-07 0.00026411 0.01 0.01 0.0005326
0.0037907 1.7553e-06 8.4068e-05 1.21e-05 6.0679e-07 0.00026418 0.01 0.01 0.00053164
0.0037925 1.6716e-06 8.6043e-05 1.4342e-05 6.0409e-07 0.00026435 0.01 0.01 0.00053088
0.0037945 1.5882e-06 8.8044e-05 1.4735e-05 6.0299e-07 0.00026462 0.01 0.01 0.00053032
0.0037965 1.5007e-06 9.0036e-05 1.51e-05 6.0005e-07 0.00026486 0.01 0.01 0.00052972
0.0037986 1.4133e-06 9.2055e-05 1.5575e-05 5.9854e-07 0.0002652 0.01 0.01 0.0005293
0.0038007 1.3216e-06 9.4063e-05 1.6015e-05 5.9511e-07 0.00026551 0.01 0.01 0.00052883
0.0038027 1.2259e-06 9.6061e-05 1.6426e-05 5.8985e-07 0.0002658 0.01 0.01 0.00052831
0.0038047 1.3839e-06 9.8046e-05 1.6804e-05 5.8267e-07 0.00026605 0.01 0.01 0.00052774
0.0038066 1.5374e-06 0.00010002 1.7151e-05 5.7357e-07 0.00026628 0.01 0.01 0.00052711
0.0038085 1.6864e-06 0.00010198 1.7466e-05 5.6254e-07 0.00026648 0.01 0.01 0.00052642
0.0038105 1.8371e-06 0.00010398 1.7896e-05 5.5309e-07 0.00026677 0.01 0.01 0.00052594
0.0038127 1.9894e-06 0.00010599 1.845e-05 5.4503e-07 0.00026293 0.01 0.01 0.00052564
0.0038149 2.1371e-06 0.000108 1.8966e-05 5.3506e-07 0.00025903 0.01 0.01 0.00052529
0.003817 2.2803e-06 0.00011 1.9445e-05 5.2318e-07 0.00025507 0.01 0.01 0.00052489
0.0038193 2.4252e-06 0.00011202 1.911e-05 5.1269e-07 0.00025133 0.01 0.01 0.00052467
0.0038216 2.5657e-06 0.00011404 1.8745e-05 5.0037e-07 0.00024754 0.01 0.01 0.0005244
0.003824 2.7082e-06 0.00011608 1.849e-05 4.8954e-07 0.00024398 0.01 0.01 0.00052434
0.0038264 2.8461e-06 0.00011812 1.8203e-05 4.7678e-07 0.00024037 0.01 0.01 0.00052421
0.0038289 2.9863e-06 0.00012018 1.802e-05 4.6553e-07 0.00023697 0.01 0.01 0.00052429
0.0038316 3.1218e-06 0.00012223 1.7932e-05 4.5574e-07 0.00023379 0.01 0.01 0.00052458
0.0038346 3.2594e-06 0.00012431 1.7929e-05 4.4722e-07 0.0002308 0.01 0.01 0.00052506
0.0038377 3.3997e-06 0.00012643 1.8018e-05 4.4008e-07 0.000228 0.01 0.01 0.00052576
0.003841 3.5426e-06 0.00012857 1.8199e-05 4.342e-07 0.00022538 0.01 0.01 0.00052666
0.0038445 3.6884e-06 0.00013075 1.8482e-05 4.2961e-07 0.00022294 0.01 0.01 0.00052777
0.0038479 3.8291e-06 0.00013291 1.873e-05 4.2303e-07 0.00022044 0.01 0.01 0.00052882
0.0038513 3.9642e-06 0.00013506 1.8939e-05 4.143e-07 0.00021788 0.01 0.01 0.00052979
0.0038549 5.1395e-06 0.00013707 1.9286e-05 4.0758e-07 0.00021554 0.01 0.01 0.00053103
0.0038584 6.298e-06 0.00013906 1.9582e-05 3.9852e-07 0.00021312 0.01 0.01 0.00053218
0.0038621 7.495e-06 0.00014108 2.0018e-05 3.9117e-07 0.0002109 0.01 0.01 0.00053359
0.0038661 8.732e-06 0.00014315 2.0621e-05 3.8548e-07 0.00020886 0.01 0.01 0.00053528
0.0038703 1.0011e-05 0.00014525 2.1431e-05 3.8139e-07 0.00020699 0.01 0.01 0.00053726
0.0038748 1.1336e-05 0.0001474 2.2524e-05 3.7907e-07 0.0002053 0.01 0.01 0.00053955
0.0038792 1.2644e-05 0.00014953 2.3521e-05 3.7456e-07 0.00020355 0.01 0.01 0.00054174
0.0038835 1.3934e-05 0.00015164 2.4426e-05 3.678e-07 0.00020174 0.01 0.01 0.00054382
0.003888 1.5277e-05 0.0001538 2.4475e-05 3.6318e-07 0.00020012 0.01 0.01 0.00054627
0.0038925 1.6599e-05 0.00015594 2.4468e-05 3.5615e-07 0.00019844 0.01 0.01 0.00054858
0.0038973 1.7975e-05 0.00015813 2.4617e-05 3.5116e-07 0.00019693 0.01 0.01 0.00055128
0.0039019 1.9328e-05 0.00016029 2.4705e-05 3.4373e-07 0.00019536 0.01 0.01 0.00055382
0.0039064 2.0659e-05 0.00016244 2.473e-05 3.3439e-07 0.00019371 0.01 0.01 0.00055622
0.0039109 2.1967e-05 0.00016456 2.4693e-05 3.2254e-07 0.00019199 0.01 0.01 0.00055848
0.0039151 2.3252e-05 0.00016666 2.459e-05 3.0812e-07 0.00019019 0.01 0.01 0.00056058
0.0039193 2.4511e-05 0.00016874 2.4399e-05 3.5736e-07 0.00019192 0.01 0.01 0.00056252
0.0039233 2.5745e-05 0.00017079 2.4135e-05 4.0286e-07 0.00019356 0.01 0.01 0.00056431
0.0039277 2.7031e-05 0.00017289 2.4033e-05 4.5328e-07 0.0001954 0.01 0.01 0.00056645
0.003932 2.8294e-05 0.00017497 2.3868e-05 5.0007e-07 0.00019715 0.01 0.01 0.00056844
0.0039361 2.9536e-05 0.00017702 2.364e-05 5.434e-07 0.00019884 0.01 0.01 0.00057031
0.0039405 3.0828e-05 0.00017913 2.3567e-05 5.9169e-07 0.00020071 0.01 0.01 0.00057252
0.0039453 3.2173e-05 0.00018128 2.3637e-05 6.455e-07 0.00020278 0.01 0.01 0.00057509
0.0039502 3.3573e-05 0.00018348 2.3858e-05 7.0548e-07 0.00020507 0.01 0.01 0.00057806
0.0039551 3.495e-05 0.00018565 2.4018e-05 7.6142e-07 0.00020727 0.01 0.01 0.00058087
0.0039599 3.6306e-05 0.00018781 2.4127e-05 8.1372e-07 0.0002094 0.01 0.01 0.00058356
0.0039649 3.7721e-05 0.00019002 2.3496e-05 8.7288e-07 0.00021175 0.01 0.01 0.00058665
0.0039703 3.9194e-05 0.00019228 2.307e-05 9.3927e-07 0.00021435 0.01 0.01 0.00059018
0.0039755 4.073e-05 0.00019459 2.2576e-05 1.0014e-06 0.00021685 0.01 0.01 0.00059355
0.0039807 4.2237e-05 0.00019688 2.1983e-05 1.4735e-06 0.00021926 0.01 0.01 0.00059673
0.0039857 4.3718e-05 0.00019914 2.1297e-05 1.9256e-06 0.00022157 0.01 0.01 0.00059975
0.0039909 4.526e-05 0.00020145 2.0826e-05 2.427e-06 0.00022411 0.01 0.01 0.00060319
0.0039961 4.6776e-05 0.00020374 2.0274e-05 2.9074e-06 0.00022655 0.01 0.01 0.00060645
0.0040015 4.8353e-05 0.00020608 1.8076e-05 3.4407e-06 0.00022924 0.01 0.01 0.00061014
0.0040069 4.9904e-05 0.0002084 1.7984e-05 3.9505e-06 0.00023183 0.01 0.01 0.00061366
0.0040121 5.1431e-05 0.0002107 1.7843e-05 4.4421e-06 0.00023433 0.01 0.01 0.00061703
0.0040176 5.3023e-05 0.00021305 1.7835e-05 4.9896e-06 0.00023708 0.01 0.01 0.00062085
0.0040234 5.4685e-05 0.00021545 1.7961e-05 5.5997e-06 0.00024012 0.01 0.01 0.00062517
0.0040291 5.6318e-05 0.00021784 1.8032e-05 6.1848e-06 0.00024304 0.01 0.01 0.0006293
0.0040351 5.8023e-05 0.00022027 1.8248e-05 6.8381e-06 0.00024627 0.01 0.01 0.00063395
0.0040414 5.9803e-05 0.00022277 1.8635e-05 7.5684e-06 0.00024982 0.01 0.01 0.00063918
0.0040476 6.1552e-05 0.00022524 1.8949e-05 8.2679e-06 0.00025325 0.01 0.01 0.00064418
0.0040536 6.327e-05 0.00022769 1.9194e-05 8.9377e-06 0.00025655 0.01 0.01 0.00064896
