Lagopus_muta Lyrurus_tetrix Meleagris_gallopavo Numida_meleagris Odontophorus_gujanensis Oxyura_jamaicensis Pavo_cristatus Penelope_pileata Phasianus_colchicus Syrmaticus_mikado Tympanuchus_cupido
0.045043 3.6565e-05 9.6176e-06 5.7246e-05 0.00014438 0.0012176 0.00022675 0.000337 0.00017316 0.00025206 5.7345e-05
0.045064 3.3427e-05 9.1172e-06 5.6707e-05 0.00014138 0.0012158 0.00022165 0.00032668 0.00017254 0.00024568 5.663e-05
0.045086 3.0407e-05 8.6786e-06 5.6239e-05 0.00013853 0.001214 0.00021687 0.00031692 0.00017197 0.00023957 5.5931e-05
0.045108 2.7351e-05 8.223e-06 5.5752e-05 0.00013563 0.0012123 0.000212 0.00030699 0.00017138 0.00023337 5.5226e-05
0.04513 2.4261e-05 7.7513e-06 5.5246e-05 0.00013271 0.0012105 0.00020704 0.00029691 0.00017078 0.00022711 5.4517e-05
0.045152 2.1137e-05 7.2632e-06 5.4721e-05 0.00012975 0.0012087 0.00020199 0.00028667 0.00017017 0.00022077 5.3802e-05
0.045174 1.814e-05 6.84e-06 5.4272e-05 0.00012694 0.001207 0.00019729 0.00027703 0.00016962 0.0002147 5.3105e-05
0.045196 1.5108e-05 6.4009e-06 5.3804e-05 0.0001241 0.0012053 0.00019249 0.00026724 0.00016904 0.00020856 5.2403e-05
0.045219 1.4934e-05 5.9464e-06 5.3318e-05 0.00012123 0.0012035 0.00018762 0.00025729 0.00016846 0.00020235 5.1695e-05
0.045241 1.4771e-05 5.5467e-06 5.2897e-05 0.00011849 0.0012019 0.00018304 0.00024788 0.00016792 0.00019638 5.1004e-05
0.045265 1.4621e-05 5.1955e-06 5.2536e-05 0.00011588 0.0012004 0.00017876 0.00023896 0.00016743 0.00019064 5.0328e-05
0.045289 1.4481e-05 4.8134e-06 5.216e-05 0.00011324 0.0011988 0.0001744 0.00022991 0.00016692 0.00018484 4.9667e-05
0.045314 1.4353e-05 4.4774e-06 5.1839e-05 0.00011072 0.0011974 0.00017032 0.00022134 0.00016646 0.00017926 4.9021e-05
0.045339 1.4215e-05 4.1293e-06 5.1504e-05 0.00010818 0.001196 0.00016616 0.00021263 0.00016599 0.00017362 4.837e-05
0.045364 1.4087e-05 3.8234e-06 5.1222e-05 0.00010575 0.0011946 0.00016226 0.00020439 0.00016556 0.0001682 4.7734e-05
0.045391 1.3972e-05 3.5584e-06 5.0996e-05 0.00010345 0.0011813 0.00015864 0.00019663 0.00016518 0.00016301 4.7113e-05
0.045418 1.387e-05 3.3293e-06 5.082e-05 0.00010127 0.0011684 0.00015529 0.00018934 0.00016485 0.00015805 4.6508e-05
0.045444 1.3757e-05 3.0906e-06 5.0637e-05 9.9068e-05 0.0011554 0.00015186 0.00018192 0.0001645 0.00015302 4.5899e-05
0.045472 1.3657e-05 2.8842e-06 5.0503e-05 9.6976e-05 0.0011428 0.00014868 0.00017494 0.0001642 0.00014821 4.5304e-05
0.0455 1.3545e-05 2.7094e-06 5.0417e-05 9.4995e-05 0.0011307 0.00014574 0.00016838 0.00016388 0.00014333 4.4705e-05
0.045528 1.3446e-05 2.5591e-06 5.0378e-05 9.3119e-05 0.001119 0.00014301 0.00016221 0.00016361 0.00013867 4.4121e-05
0.045557 1.336e-05 2.43e-06 5.0384e-05 9.1341e-05 0.0011077 0.0001405 0.00015642 0.00016339 0.00013421 4.3551e-05
0.045586 1.3262e-05 2.295e-06 5.0382e-05 8.9542e-05 0.0010963 0.00013793 0.00015052 0.00016315 0.0001297 4.2978e-05
0.045616 1.3175e-05 2.1774e-06 5.0422e-05 8.7829e-05 0.0010853 0.00013553 0.00014494 0.00016295 0.00012536 4.2417e-05
0.045645 1.3078e-05 2.0539e-06 5.0449e-05 8.6093e-05 0.0010742 0.00013308 0.00013925 0.00016274 0.00012096 4.1851e-05
0.045674 1.2969e-05 1.9246e-06 5.0469e-05 8.4335e-05 0.001063 0.00013057 0.00013346 0.00016252 0.0001165 4.1281e-05
0.045705 1.2873e-05 1.8137e-06 5.0536e-05 8.2671e-05 0.0010517 0.00012826 0.00012802 0.00016234 0.00011223 4.0725e-05
0.045735 1.2766e-05 1.6971e-06 5.0591e-05 8.0984e-05 0.0010403 0.00012588 0.00012247 0.00016215 0.00010791 4.0165e-05
0.045764 1.2649e-05 1.5752e-06 5.0634e-05 7.9277e-05 0.0010288 0.00012345 0.00011683 0.00016195 0.00010353 3.96e-05
0.045795 1.2543e-05 1.4701e-06 5.0723e-05 7.7659e-05 0.0010177 0.00012121 0.00011151 0.00016179 9.9338e-05 3.9049e-05
0.045826 1.2449e-05 1.3798e-06 5.0858e-05 7.6126e-05 0.001007 0.00011914 0.00010651 0.00016167 9.5323e-05 3.8512e-05
0.045858 1.2344e-05 1.3039e-06 5.1043e-05 7.4674e-05 0.00099664 0.00011724 0.0001018 0.00016159 9.148e-05 3.797e-05
0.04589 1.2249e-05 1.2382e-06 5.1275e-05 7.3291e-05 0.00098663 0.00011548 9.7345e-05 0.00016155 8.7784e-05 3.7442e-05
0.045922 1.2144e-05 1.1685e-06 5.1492e-05 7.189e-05 0.00097653 0.00011367 9.2799e-05 0.0001615 8.4035e-05 3.6903e-05
0.045953 1.2027e-05 1.0947e-06 5.1696e-05 7.0471e-05 0.00096635 0.00011181 8.8163e-05 0.00016144 8.0235e-05 3.636e-05
0.045985 1.1901e-05 1.0169e-06 5.1886e-05 6.9034e-05 0.0009561 0.0001099 8.3442e-05 0.00016137 7.6385e-05 3.5812e-05
0.046017 1.1784e-05 9.4905e-07 5.1384e-05 6.7666e-05 0.00094617 0.00010813 7.8967e-05 0.00016133 7.268e-05 3.5276e-05
0.04605 1.1679e-05 8.9101e-07 5.0955e-05 6.6369e-05 0.00093658 0.00010636 7.4752e-05 0.00015947 6.9129e-05 3.4754e-05
0.046084 1.1582e-05 8.4074e-07 5.0585e-05 6.5135e-05 0.00092729 0.00010471 7.0756e-05 0.00015771 6.5712e-05 3.4243e-05
0.046118 1.1495e-05 7.9746e-07 5.0271e-05 6.396e-05 0.00091829 0.00010319 6.6968e-05 0.00015605 6.2423e-05 3.3743e-05
0.046154 1.1416e-05 7.6047e-07 5.0008e-05 6.2841e-05 0.00090958 0.00010179 6.3377e-05 0.00015447 5.9257e-05 3.3255e-05
0.04619 1.1347e-05 7.2917e-07 4.9793e-05 6.1777e-05 0.00090114 0.0001005 5.9973e-05 0.00015298 5.6209e-05 3.2777e-05
0.046227 1.1286e-05 7.0307e-07 4.9624e-05 6.0764e-05 0.00089297 9.9326e-05 5.6746e-05 0.00015157 5.3274e-05 3.231e-05
0.046264 1.1235e-05 6.8236e-07 4.9502e-05 5.9805e-05 0.00088509 9.8265e-05 5.3705e-05 0.00015025 5.0461e-05 3.1855e-05
0.046303 1.1193e-05 6.6607e-07 4.9422e-05 5.8893e-05 0.00087746 9.7305e-05 5.0823e-05 0.00014901 4.7751e-05 3.141e-05
0.046341 1.114e-05 6.4715e-07 4.933e-05 5.7969e-05 0.00086977 9.6306e-05 4.7874e-05 0.00014774 4.5e-05 3.0961e-05
0.046379 1.1077e-05 6.2559e-07 4.9224e-05 5.7031e-05 0.000862 9.5243e-05 4.4856e-05 0.00014645 4.2206e-05 3.0507e-05
0.046417 1.1004e-05 6.0135e-07 4.9107e-05 5.608e-05 0.00085417 9.414e-05 4.177e-05 0.00014514 3.937e-05 3.007e-05
0.046456 1.0941e-05 5.8205e-07 4.7917e-05 5.5181e-05 0.00084662 9.315e-05 3.8859e-05 0.00014392 3.6649e-05 2.9644e-05
0.046494 1.0868e-05 5.6025e-07 4.6693e-05 5.4269e-05 0.000839 9.2122e-05 3.5884e-05 0.00014267 3.3888e-05 2.9214e-05
0.046534 1.0803e-05 5.4252e-07 4.5602e-05 5.3403e-05 0.00083163 9.1191e-05 3.3058e-05 0.00014149 3.1227e-05 2.8793e-05
0.046573 1.0729e-05 5.2228e-07 4.4477e-05 5.2523e-05 0.00082419 9.0222e-05 3.0168e-05 0.0001403 2.8525e-05 2.8369e-05
0.046613 1.0662e-05 5.0587e-07 4.3476e-05 5.1687e-05 0.000817 8.9347e-05 2.7419e-05 0.00013917 2.5919e-05 2.7954e-05
0.046654 1.0604e-05 4.9305e-07 4.2586e-05 5.0893e-05 0.00081003 8.8563e-05 2.4806e-05 0.00013811 2.3406e-05 2.7548e-05
0.046694 1.0536e-05 4.7789e-07 4.1669e-05 5.0087e-05 0.00080301 8.7744e-05 2.2133e-05 0.00013704 2.0855e-05 2.7142e-05
0.046736 1.0478e-05 4.6674e-07 4.0867e-05 4.9327e-05 0.00079624 8.7027e-05 1.9608e-05 0.00013603 1.8406e-05 2.6746e-05
0.046777 1.0408e-05 4.5298e-07 4.0033e-05 4.8553e-05 0.00078941 8.6267e-05 1.7014e-05 0.000135 1.5914e-05 2.6345e-05
0.046818 1.0327e-05 4.3621e-07 3.9156e-05 4.7761e-05 0.00078247 8.5435e-05 1.434e-05 0.00013395 1.5951e-05 2.5939e-05
0.04686 1.0259e-05 4.2694e-07 3.8229e-05 4.695e-05 0.00077544 8.4547e-05 1.4457e-05 0.00013286 1.5964e-05 2.5546e-05
0.046902 1.0179e-05 4.1494e-07 3.7257e-05 4.6122e-05 0.00076832 8.3609e-05 1.4534e-05 0.00013175 1.5952e-05 2.5147e-05
0.046944 1.0109e-05 4.0637e-07 3.6406e-05 4.5339e-05 0.00076145 8.2774e-05 1.4639e-05 0.00013071 1.5957e-05 2.476e-05
0.046987 1.0028e-05 3.9535e-07 3.5521e-05 4.4542e-05 0.00075452 8.1896e-05 1.4707e-05 0.00012965 1.594e-05 2.4369e-05
0.047029 9.9369e-06 3.82e-07 3.4604e-05 4.3733e-05 0.00074751 8.0979e-05 1.4741e-05 0.00012857 1.5902e-05 2.3973e-05
0.047071 9.8352e-06 3.6633e-07 3.3656e-05 4.2913e-05 0.00074045 8.0025e-05 1.474e-05 0.00012747 1.5843e-05 2.3574e-05
0.047113 9.7234e-06 3.4837e-07 3.2678e-05 4.2081e-05 0.00073332 7.9033e-05 1.4706e-05 0.00012636 1.5765e-05 2.3171e-05
0.047155 9.6014e-06 3.2809e-07 3.1668e-05 4.1237e-05 0.00072613 7.8004e-05 1.4638e-05 0.00012522 1.5666e-05 2.2764e-05
0.047197 9.489e-06 3.113e-07 3.078e-05 4.0438e-05 0.0007192 7.7076e-05 1.4596e-05 0.00012416 1.5583e-05 2.2367e-05
0.047241 9.3844e-06 2.9727e-07 2.9989e-05 3.9678e-05 0.00071248 7.6235e-05 1.4576e-05 0.00012316 1.5511e-05 2.1978e-05
0.047284 9.2697e-06 2.8106e-07 2.9173e-05 3.8907e-05 0.00070571 7.5358e-05 1.4522e-05 0.00012214 1.542e-05 2.1586e-05
0.047328 9.1627e-06 2.6743e-07 2.8447e-05 3.8174e-05 0.00069916 7.4566e-05 1.4488e-05 0.00012118 1.534e-05 2.1202e-05
0.047372 9.0457e-06 2.5166e-07 2.7697e-05 3.743e-05 0.00069255 7.3739e-05 1.4422e-05 0.0001202 1.524e-05 2.0815e-05
0.047416 8.9362e-06 2.3831e-07 2.7031e-05 3.6722e-05 0.00068615 7.2994e-05 1.4376e-05 0.00011929 1.5152e-05 2.0436e-05
0.047461 8.8168e-06 2.2286e-07 2.6342e-05 3.6004e-05 0.00067969 7.2195e-05 1.4296e-05 0.00011835 1.5045e-05 2.0053e-05
0.047505 8.6873e-06 2.053e-07 2.563e-05 3.5276e-05 0.00067318 7.1361e-05 1.4183e-05 0.0001174 1.4917e-05 1.9666e-05
0.04755 8.5653e-06 1.9003e-07 2.4997e-05 3.4583e-05 0.00066687 7.0609e-05 1.4091e-05 0.0001165 1.4801e-05 1.9288e-05
0.047596 8.4506e-06 1.7681e-07 2.4437e-05 3.3924e-05 0.00066051 6.9936e-05 1.402e-05 0.00011566 1.4697e-05 1.8918e-05
0.047643 8.3445e-06 1.6574e-07 2.3947e-05 3.33e-05 0.00065438 6.9347e-05 1.3973e-05 0.00011488 1.4606e-05 1.8556e-05
0.047691 8.2453e-06 1.563e-07 2.3515e-05 3.2708e-05 0.00064845 6.8832e-05 1.3947e-05 0.00011415 1.4527e-05 1.8202e-05
0.047738 8.1363e-06 1.4496e-07 2.3067e-05 3.2106e-05 0.00064246 6.8285e-05 1.3887e-05 0.0001134 1.4429e-05 1.7845e-05
0.047786 8.0341e-06 1.3514e-07 2.2673e-05 3.1534e-05 0.00063666 6.7809e-05 1.3848e-05 0.0001127 1.4341e-05 1.7495e-05
0.047836 7.9399e-06 1.2694e-07 2.2332e-05 3.0994e-05 0.00063108 6.7412e-05 1.3833e-05 0.00010866 1.4267e-05 1.7153e-05
0.047886 7.8523e-06 1.1994e-07 2.2035e-05 3.0481e-05 0.00062568 6.7084e-05 1.3838e-05 0.00010482 1.4204e-05 1.6819e-05
0.047937 7.7724e-06 1.1428e-07 2.0391e-05 2.9997e-05 0.00062047 6.6832e-05 1.3868e-05 0.0001012 1.4155e-05 1.6493e-05
0.047988 7.6827e-06 1.101e-07 1.8939e-05 2.9539e-05 0.00061545 6.6653e-05 1.3922e-05 9.7787e-05 1.4119e-05 1.6163e-05
0.048039 7.5993e-06 1.0683e-07 1.7643e-05 2.9106e-05 0.0006106 6.6541e-05 1.3997e-05 9.4544e-05 1.4094e-05 1.584e-05
0.048091 7.5065e-06 1.0188e-07 1.6308e-05 2.8666e-05 0.00060571 6.6398e-05 1.4039e-05 9.1259e-05 1.4049e-05 1.5514e-05
0.048143 7.4198e-06 9.78e-08 1.5117e-05 2.8248e-05 0.00060099 6.6322e-05 1.4101e-05 8.8141e-05 1.4015e-05 1.5194e-05
0.048356 7.0597e-06 7.7688e-08 1.0857e-05 2.6662e-05 0.00058271 6.6213e-05 1.4303e-05 7.631e-05 1.3843e-05 1.3937e-05
0.048411 6.9673e-06 7.1824e-08 9.9159e-06 2.6287e-05 0.00057831 6.6243e-05 1.4346e-05 7.352e-05 1.3793e-05 1.3628e-05
0.048466 6.8808e-06 6.6573e-08 9.0755e-06 2.5932e-05 0.00057406 6.6338e-05 1.441e-05 7.0871e-05 1.3754e-05 1.3325e-05
0.048521 6.7846e-06 5.968e-08 8.2082e-06 2.5571e-05 0.00056977 6.6402e-05 1.444e-05 6.8185e-05 1.3695e-05 1.3019e-05
0.048576 6.679e-06 5.1166e-08 7.315e-06 2.5204e-05 0.00056543 6.6437e-05 1.4437e-05 6.5465e-05 1.3616e-05 1.271e-05
0.048632 6.5806e-06 4.3416e-08 6.5279e-06 2.4859e-05 0.00056127 6.6546e-05 1.4461e-05 6.2899e-05 1.3551e-05 1.2408e-05
0.048689 6.4895e-06 3.6323e-08 5.8368e-06 2.4535e-05 0.00055727 6.6733e-05 1.4512e-05 6.0483e-05 1.3501e-05 1.2114e-05
0.048747 6.4067e-06 2.9857e-08 5.2362e-06 2.4234e-05 0.00055344 6.7005e-05 1.4596e-05 5.822e-05 1.3466e-05 1.1827e-05
0.048806 6.3349e-06 2.4307e-08 4.729e-06 2.3959e-05 0.00054982 6.7384e-05 1.4723e-05 5.6126e-05 1.3453e-05 1.1549e-05
0.048867 6.276e-06 1.9537e-08 4.3106e-06 2.2837e-05 0.00054642 6.789e-05 1.4903e-05 5.4211e-05 1.3467e-05 1.1282e-05
0.048929 6.2315e-06 1.5683e-08 3.9728e-06 2.181e-05 0.00054291 6.8556e-05 1.5146e-05 5.2473e-05 1.3511e-05 1.1026e-05
0.048991 6.1717e-06 2.454e-08 3.6013e-06 2.0742e-05 0.00053929 6.9143e-05 1.5329e-05 5.0661e-05 1.3523e-05 1.0763e-05
0.049055 6.1245e-06 2.2776e-08 3.2958e-06 1.9759e-05 0.00053589 6.9867e-05 1.5569e-05 4.9038e-05 1.3562e-05 1.051e-05
0.04912 6.0896e-06 1.984e-08 3.0451e-06 1.8853e-05 0.0005327 7.0737e-05 1.5867e-05 4.7555e-05 1.3628e-05 1.0267e-05
0.049186 6.067e-06 1.7653e-08 2.84e-06 1.8018e-05 0.00052972 7.1763e-05 1.6226e-05 4.6199e-05 1.3721e-05 1.0032e-05
0.049255 6.0565e-06 3.1141e-09 2.6728e-06 1.7249e-05 0.00052693 7.2955e-05 1.6648e-05 4.4961e-05 1.3842e-05 9.807e-06
0.049322 6.0308e-06 9.9392e-10 2.487e-06 1.6448e-05 0.00052404 7.4051e-05 1.7007e-05 4.3668e-05 1.3929e-05 9.5754e-06
0.049389 5.9904e-06 1.3344e-09 2.2823e-06 1.5617e-05 0.00052106 7.5061e-05 1.7307e-05 4.2321e-05 1.3986e-05 9.3379e-06
0.049455 5.9355e-06 5.8054e-09 2.0573e-06 1.4755e-05 0.00051799 7.5985e-05 1.7548e-05 4.0918e-05 1.4011e-05 9.0945e-06
0.049524 5.8946e-06 1.0666e-08 1.8767e-06 1.3967e-05 0.00051513 7.7091e-05 1.786e-05 3.9649e-05 1.4067e-05 8.8611e-06
0.049593 5.8658e-06 2.7462e-08 1.6766e-06 1.3147e-05 0.00051218 7.8103e-05 1.811e-05 3.8323e-05 1.4091e-05 8.6363e-06
0.049665 5.8507e-06 4.8488e-08 1.518e-06 1.2397e-05 0.00050914 7.9306e-05 1.8276e-05 3.7123e-05 1.4147e-05 8.4208e-06
0.049738 5.8492e-06 7.5192e-08 1.391e-06 1.1712e-05 0.0005063 8.0714e-05 1.8513e-05 3.6037e-05 1.4236e-05 8.2143e-06
0.049813 5.8595e-06 1.0769e-07 1.2502e-06 1.1002e-05 0.00050338 8.2323e-05 1.8692e-05 3.5045e-05 1.4352e-05 8.0154e-06
0.049888 5.8548e-06 1.3564e-07 1.2061e-06 1.0347e-05 0.00050037 8.3821e-05 1.9749e-05 3.4009e-05 1.4436e-05 7.811e-06
0.049962 5.838e-06 1.6034e-07 1.1563e-06 9.6749e-06 0.00049729 8.5248e-05 2.0745e-05 3.2941e-05 1.4493e-05 7.6023e-06
0.050037 5.83e-06 1.8984e-07 1.1166e-06 9.0468e-06 0.00049437 8.447e-05 2.1827e-05 3.1952e-05 1.4572e-05 7.3999e-06
0.050112 5.8114e-06 2.1648e-07 1.0726e-06 8.4058e-06 0.00049141 8.3646e-05 2.2858e-05 3.0941e-05 1.4627e-05 7.194e-06
0.050188 5.7984e-06 2.4707e-07 1.0358e-06 7.7979e-06 0.00048857 8.2918e-05 2.3954e-05 2.9988e-05 1.4697e-05 6.9926e-06
0.050266 5.7915e-06 2.8255e-07 1.0059e-06 7.2229e-06 0.00048586 8.2289e-05 2.5126e-05 2.9093e-05 1.4783e-05 6.7959e-06
0.050344 5.7893e-06 3.229e-07 9.8154e-07 6.6754e-06 0.00048326 8.1745e-05 2.6366e-05 2.8247e-05 1.4882e-05 6.6031e-06
0.050424 5.7916e-06 3.6867e-07 9.6226e-07 6.1535e-06 0.00048077 8.1281e-05 2.7677e-05 2.7445e-05 1.4993e-05 6.414e-06
0.050504 5.7993e-06 4.2135e-07 9.4838e-07 5.6582e-06 0.00047838 8.0904e-05 2.907e-05 2.669e-05 1.5119e-05 6.2289e-06
0.050586 5.8113e-06 4.8105e-07 9.3904e-07 5.1855e-06 0.0004761 8.0603e-05 3.0541e-05 2.5975e-05 1.5257e-05 6.0472e-06
0.050668 5.8143e-06 5.3748e-07 9.2691e-07 4.7062e-06 0.00047379 8.027e-05 3.1966e-05 2.5249e-05 1.5376e-05 5.8629e-06
0.050751 5.8227e-06 5.249e-07 9.1982e-07 4.2511e-06 0.00047158 8.0022e-05 3.3482e-05 2.4565e-05 1.551e-05 5.6825e-06
0.050834 5.8217e-06 5.0986e-07 9.0986e-07 3.7891e-06 0.00046935 7.9739e-05 3.4949e-05 2.387e-05 1.5623e-05 5.4995e-06
0.050916 5.8117e-06 4.9246e-07 8.9711e-07 3.3207e-06 0.00046709 7.9426e-05 3.6368e-05 2.3163e-05 1.5717e-05 5.3138e-06
0.051 5.8072e-06 4.7915e-07 8.8933e-07 2.8757e-06 0.00046493 7.9195e-05 3.7883e-05 2.2498e-05 1.5826e-05 5.132e-06
0.051083 5.7932e-06 4.634e-07 8.7865e-07 2.4238e-06 0.00046274 7.8931e-05 3.9346e-05 2.1822e-05 1.5914e-05 4.9475e-06
0.051167 5.7698e-06 4.4511e-07 8.6496e-07 1.9647e-06 0.00046052 7.8632e-05 4.0758e-05 2.1133e-05 1.5982e-05 4.7602e-06
0.051251 5.7528e-06 4.317e-07 8.4813e-07 1.9338e-06 0.00045826 7.8292e-05 4.2116e-05 2.0487e-05 1.6067e-05 4.5771e-06
0.051335 5.726e-06 4.1042e-07 8.3609e-07 1.9056e-06 0.0004561 7.804e-05 4.3566e-05 1.9829e-05 1.6131e-05 4.3912e-06
0.051421 5.7039e-06 3.928e-07 8.2839e-07 1.8799e-06 0.00045404 7.7864e-05 4.5109e-05 1.9207e-05 1.6209e-05 4.2086e-06
0.051508 5.6863e-06 3.7403e-07 8.2484e-07 1.8565e-06 0.00045208 7.7762e-05 4.6748e-05 1.8618e-05 1.63e-05 4.0291e-06
0.051594 5.6592e-06 3.5285e-07 8.1846e-07 1.831e-06 0.00045008 7.7627e-05 4.8334e-05 1.8018e-05 1.637e-05 3.847e-06
0.05168 5.6228e-06 3.2921e-07 8.0993e-07 1.8033e-06 0.00044805 7.7458e-05 4.9866e-05 1.7408e-05 1.642e-05 3.6636e-06
0.051767 5.5917e-06 3.0937e-07 8.0597e-07 1.7782e-06 0.00044613 7.7369e-05 5.1507e-05 1.6833e-05 1.6485e-05 3.4835e-06
0.051855 5.5514e-06 2.8722e-07 7.9925e-07 1.751e-06 0.00044417 7.7248e-05 5.3095e-05 1.6248e-05 1.653e-05 3.301e-06
0.051942 5.5021e-06 2.6281e-07 7.8987e-07 1.7218e-06 0.00044219 7.7097e-05 5.4633e-05 1.5654e-05 1.6556e-05 3.1159e-06
0.05203 5.4579e-06 2.4193e-07 7.8497e-07 1.6951e-06 0.0004403 7.7025e-05 5.6281e-05 1.5094e-05 1.6596e-05 2.9342e-06
0.052119 5.4178e-06 2.2378e-07 7.8392e-07 1.6704e-06 0.00043851 7.7024e-05 5.8033e-05 1.4562e-05 1.665e-05 2.7553e-06
0.052208 5.3687e-06 2.0353e-07 7.8024e-07 1.6438e-06 0.00043669 7.6992e-05 5.9733e-05 1.4023e-05 1.6684e-05 2.5739e-06
0.052299 5.3235e-06 1.8578e-07 7.804e-07 1.6192e-06 0.00043496 7.7032e-05 6.154e-05 1.3511e-05 1.6731e-05 2.3954e-06
0.052389 5.2692e-06 1.6591e-07 7.7782e-07 1.5926e-06 0.0004332 7.7038e-05 6.3291e-05 1.299e-05 1.6758e-05 2.2142e-06
0.05248 5.2199e-06 1.4868e-07 7.7964e-07 1.5683e-06 0.00043154 7.7125e-05 6.5169e-05 1.2499e-05 1.68e-05 2.0363e-06
0.052573 5.1757e-06 1.3376e-07 7.8592e-07 1.5463e-06 0.00042997 7.7293e-05 6.718e-05 1.2036e-05 1.6859e-05 1.8613e-06
0.052665 5.1223e-06 1.169e-07 7.895e-07 1.5224e-06 0.0004355 7.7429e-05 6.9134e-05 1.1565e-05 1.6897e-05 1.6839e-06
0.052759 5.0741e-06 1.0214e-07 7.9764e-07 1.5007e-06 0.00044125 7.7648e-05 7.1229e-05 1.1122e-05 1.6952e-05 1.5096e-06
0.052854 5.031e-06 8.9207e-08 8.1055e-07 1.4813e-06 0.00044721 7.7951e-05 7.3476e-05 1.0705e-05 1.7024e-05 1.3382e-06
0.052949 4.9785e-06 7.4346e-08 8.2053e-07 1.4597e-06 0.00045311 7.8219e-05 7.5656e-05 1.0279e-05 1.7075e-05 1.3687e-06
0.053045 4.9315e-06 6.1228e-08 8.3566e-07 1.4406e-06 0.00045924 7.8576e-05 7.8003e-05 9.8801e-06 1.7144e-05 1.3996e-06
0.053143 4.8904e-06 4.9605e-08 7.6264e-07 1.4269e-06 0.00046562 7.9029e-05 8.0532e-05 9.5064e-06 1.7233e-05 1.4308e-06
0.053242 4.8537e-06 3.8966e-08 6.9821e-07 1.4152e-06 0.00047223 7.9569e-05 8.3234e-05 9.1542e-06 1.7339e-05 1.4621e-06
0.053341 4.8074e-06 5.2784e-08 6.2978e-07 1.4013e-06 0.00047877 8.0069e-05 8.5858e-05 8.794e-06 1.7422e-05 1.4915e-06
0.05344 4.7515e-06 6.4719e-08 5.5725e-07 1.3854e-06 0.00048523 8.0531e-05 8.8403e-05 8.4257e-06 1.7483e-05 1.5188e-06
0.05354 4.7002e-06 7.8002e-08 4.9301e-07 1.3714e-06 0.00049194 8.1081e-05 9.1128e-05 8.0786e-06 1.7561e-05 1.5463e-06
0.05364 4.6389e-06 8.926e-08 5.288e-07 1.3552e-06 0.00049857 8.1588e-05 9.3765e-05 7.7229e-06 1.7616e-05 1.5717e-06
0.053739 4.5678e-06 9.8588e-08 5.6131e-07 1.3368e-06 0.00050512 8.2056e-05 9.6323e-05 7.3592e-06 1.7648e-05 1.5951e-06
0.05384 4.5014e-06 1.0936e-07 5.9917e-07 1.3204e-06 0.00051192 8.2614e-05 9.9064e-05 7.0162e-06 1.7698e-05 1.6188e-06
0.05394 4.4248e-06 1.1807e-07 6.3338e-07 1.3018e-06 0.00051863 8.3127e-05 0.00010172 6.6646e-06 1.7724e-05 1.6403e-06
0.05404 4.3382e-06 1.2473e-07 6.6401e-07 1.2809e-06 0.00052526 8.3598e-05 0.00010428 6.3043e-06 1.7727e-05 1.6597e-06
0.054139 4.2407e-06 1.2919e-07 6.9065e-07 1.2576e-06 0.0005318 8.4018e-05 0.00010674 5.9334e-06 1.7705e-05 1.6767e-06
0.054238 4.1321e-06 1.3143e-07 7.133e-07 1.2317e-06 0.00053824 8.4387e-05 0.0001091 5.5513e-06 1.7657e-05 1.6915e-06
0.054339 4.0308e-06 1.3629e-07 7.4266e-07 1.2086e-06 0.00054497 8.4868e-05 0.00011169 5.4424e-06 1.7129e-05 1.7069e-06
0.054439 3.9174e-06 1.3867e-07 7.6733e-07 1.1826e-06 0.00055158 8.5289e-05 0.00011415 5.3455e-06 1.6638e-05 1.7199e-06
0.054538 3.7921e-06 1.3864e-07 7.8728e-07 1.1603e-06 0.00055807 8.57e-05 0.00011649 5.2421e-06 1.6116e-05 1.7305e-06
0.05464 3.6751e-06 1.4086e-07 8.1471e-07 1.1407e-06 0.00056488 8.6234e-05 0.00011908 5.15e-06 1.5628e-05 1.7419e-06
0.054743 3.5658e-06 1.4541e-07 8.5044e-07 1.124e-06 0.00057202 8.6896e-05 0.00012195 5.0684e-06 1.5173e-05 1.7541e-06
0.054846 3.4501e-06 1.488e-07 8.8122e-07 1.1046e-06 0.00057904 8.7497e-05 0.00012468 4.9809e-06 1.4688e-05 1.7648e-06
0.05495 3.328e-06 1.5103e-07 9.0733e-07 1.0826e-06 0.00058594 8.8041e-05 0.00012729 4.8876e-06 1.4174e-05 1.7739e-06
0.055053 3.1995e-06 1.5209e-07 9.2861e-07 1.058e-06 0.00059272 8.8525e-05 0.00012978 4.788e-06 1.363e-05 1.7816e-06
0.055157 3.0646e-06 1.5199e-07 9.4498e-07 1.0305e-06 0.00059937 8.8946e-05 0.00013214 4.6817e-06 1.3054e-05 1.7878e-06
0.05526 2.9234e-06 1.5074e-07 9.6938e-07 1.0059e-06 0.00060635 8.73e-05 0.00013476 4.5865e-06 1.2513e-05 1.7924e-06
0.055364 2.7757e-06 1.4832e-07 9.882e-07 9.7826e-07 0.00061318 8.5557e-05 0.00013723 4.4841e-06 1.1937e-05 1.7956e-06
0.055468 2.6217e-06 1.4474e-07 1.0057e-06 9.4748e-07 0.00061985 8.3706e-05 0.00013955 4.3741e-06 1.1324e-05 1.7972e-06
0.055572 2.4613e-06 1.4e-07 1.0219e-06 9.1341e-07 0.00062636 8.1736e-05 0.00014171 4.2474e-06 1.1826e-05 1.7973e-06
0.055675 2.2944e-06 1.341e-07 1.0368e-06 8.8259e-07 0.00063322 7.9987e-05 0.00014415 4.1334e-06 1.2364e-05 1.7959e-06
0.055779 2.1212e-06 1.2703e-07 1.0503e-06 8.4852e-07 0.00063992 7.8123e-05 0.00014642 4.0113e-06 1.2865e-05 1.793e-06
0.055884 1.9416e-06 1.1881e-07 1.0626e-06 8.1126e-07 0.00064646 7.6147e-05 0.00014855 3.8813e-06 1.3331e-05 1.7886e-06
0.055988 1.7556e-06 1.0942e-07 1.0735e-06 7.777e-07 0.00064781 7.4032e-05 0.00015312 3.7644e-06 1.3836e-05 1.7827e-06
0.056092 1.5633e-06 9.8876e-08 1.0831e-06 7.4093e-07 0.00064908 7.2155e-05 0.00015745 3.6598e-06 1.4381e-05 1.7753e-06
0.056093 1.3882e-06 1.059e-07 1.0914e-06 7.0094e-07 0.00065029 7.0152e-05 0.00016157 3.5665e-06 1.4968e-05 1.7693e-06
0.056094 1.2012e-06 1.1041e-07 1.0984e-06 6.5799e-07 0.00065143 6.8046e-05 0.00016551 3.4669e-06 1.5521e-05 1.7608e-06
0.056095 1.3053e-06 1.1253e-07 1.104e-06 6.1218e-07 0.00065251 6.5839e-05 0.00016928 3.3612e-06 1.6041e-05 1.7499e-06
0.056095 1.3996e-06 1.1237e-07 1.1084e-06 5.6361e-07 0.00065354 6.3538e-05 0.00017289 3.2645e-06 1.6595e-05 1.7366e-06
0.056097 1.4957e-06 1.1374e-07 1.1114e-06 5.1755e-07 0.00065469 6.1429e-05 0.00017682 3.1756e-06 1.718e-05 1.7238e-06
0.056098 1.5824e-06 1.1304e-07 1.1131e-06 4.6907e-07 0.00065579 5.9244e-05 0.00018061 3.082e-06 1.7737e-05 1.7089e-06
0.056099 1.6627e-06 1.1374e-07 1.1135e-06 4.2283e-07 0.000657 5.7233e-05 0.00018471 2.9955e-06 1.8324e-05 1.6924e-06
0.056099 1.7335e-06 1.1235e-07 1.1126e-06 3.7415e-07 0.00065344 5.5147e-05 0.00018866 2.9042e-06 1.8882e-05 1.6737e-06
0.056101 1.8061e-06 1.124e-07 1.1103e-06 3.2764e-07 0.00065003 5.323e-05 0.00019294 2.82e-06 1.9472e-05 1.6554e-06
0.056103 1.8802e-06 1.138e-07 1.1068e-06 2.8321e-07 0.00064678 5.1464e-05 0.00019755 2.7421e-06 2.0094e-05 1.6376e-06
0.056106 1.9457e-06 1.1338e-07 1.0999e-06 2.3681e-07 0.00064349 4.9649e-05 0.00020205 2.6607e-06 2.0692e-05 1.6177e-06
0.056108 2.0028e-06 1.1117e-07 1.0899e-06 1.8844e-07 0.00064016 4.7784e-05 0.00020645 2.5756e-06 2.1265e-05 1.5958e-06
0.056111 2.0602e-06 1.0993e-07 1.0849e-06 1.4143e-07 0.00063695 4.6041e-05 0.00021112 2.4956e-06 2.1864e-05 1.574e-06
0.056113 2.1092e-06 1.0691e-07 1.085e-06 9.5655e-08 0.00063388 4.4252e-05 0.0002161 2.4122e-06 2.2438e-05 1.5502e-06
0.056116 2.1499e-06 1.0216e-07 1.082e-06 1.0102e-07 0.00063077 4.5243e-05 0.00022098 2.3253e-06 2.299e-05 1.5245e-06
0.056119 2.1916e-06 9.8529e-08 1.0846e-06 1.0604e-07 0.00062779 4.4436e-05 0.00022619 2.244e-06 2.357e-05 1.499e-06
0.056122 2.2251e-06 9.3221e-08 1.0843e-06 1.0963e-07 0.00062478 4.3599e-05 0.0002313 2.1594e-06 2.4129e-05 1.4716e-06
0.056126 2.2595e-06 8.8924e-08 1.0894e-06 1.1287e-07 0.00062191 4.2838e-05 0.00023677 2.08e-06 2.4716e-05 1.4444e-06
0.056131 2.295e-06 8.5549e-08 1.1001e-06 1.1576e-07 0.00061916 4.215e-05 0.0002426 2.0055e-06 2.5335e-05 1.4173e-06
0.056136 2.3223e-06 8.0538e-08 1.1078e-06 1.1722e-07 0.00061638 4.1432e-05 0.00024832 1.9278e-06 2.593e-05 1.3883e-06
0.056141 2.3506e-06 7.6387e-08 1.1212e-06 1.1834e-07 0.00061372 4.0785e-05 0.00025443 1.8549e-06 2.6557e-05 1.3594e-06
0.056147 2.3794e-06 7.2839e-08 1.1397e-06 1.1905e-07 0.00061118 4.0198e-05 0.00026091 1.7857e-06 2.7213e-05 1.3306e-06
0.056153 2.3999e-06 6.7664e-08 1.1551e-06 1.1831e-07 0.0006086 3.9582e-05 0.00032394 1.7136e-06 2.7844e-05 1.2997e-06
0.056159 2.4139e-06 6.1322e-08 1.1676e-06 1.1613e-07 0.000606 3.8936e-05 0.0003861 1.6384e-06 2.8452e-05 1.2674e-06
0.056166 2.4294e-06 5.5779e-08 1.1863e-06 1.1365e-07 0.00060335 3.836e-05 0.00044642 1.5678e-06 2.9095e-05 1.2353e-06
0.056174 2.4467e-06 5.0945e-08 1.106e-06 1.0939e-07 0.00060083 3.7852e-05 0.00051075 1.5016e-06 2.9777e-05 1.2034e-06
0.056182 2.4554e-06 4.4481e-08 1.0213e-06 1.0366e-07 0.00059828 3.7302e-05 0.00057408 1.4323e-06 3.0432e-05 1.1695e-06
0.05619 2.4657e-06 3.8452e-08 9.4637e-07 9.7559e-08 0.00059584 3.681e-05 0.00064115 1.3666e-06 3.1121e-05 1.1358e-06
0.056198 2.4675e-06 3.08e-08 8.6712e-07 8.9977e-08 0.00059336 3.6287e-05 0.00070715 1.2979e-06 3.1784e-05 1.1001e-06
0.056207 2.4707e-06 2.3624e-08 7.9789e-07 8.2084e-08 0.00059101 3.5828e-05 0.0007774 1.233e-06 3.2485e-05 1.0645e-06
0.056216 2.4656e-06 1.4884e-08 7.2472e-07 7.2734e-08 0.00058862 3.5339e-05 0.00084662 1.1652e-06 3.3161e-05 1.027e-06
0.056226 2.4621e-06 6.5112e-09 6.6083e-07 6.3067e-08 0.00058636 3.4913e-05 0.00092038 1.1012e-06 3.3878e-05 9.8965e-07
0.056236 2.4497e-06 8.5831e-09 5.9269e-07 5.1902e-08 0.00058406 3.4455e-05 0.00099281 1.0341e-06 3.4565e-05 9.5028e-07
0.056246 2.4395e-06 1.0248e-08 5.3365e-07 4.0452e-08 0.00058188 3.4061e-05 0.0010703 9.709e-07 3.5299e-05 9.1113e-07
0.056258 2.4312e-06 1.1526e-08 4.8229e-07 2.8652e-08 0.00056954 3.3728e-05 0.0011531 9.1132e-07 3.6077e-05 8.7212e-07
0.05627 2.4262e-06 1.2589e-08 4.3913e-07 1.6597e-08 0.00055703 3.3465e-05 0.0012324 8.559e-07 3.6914e-05 8.335e-07
0.056282 2.4111e-06 1.2111e-08 3.9137e-07 1.9825e-08 0.00054433 3.3162e-05 0.0013095 7.9672e-07 3.7711e-05 7.9264e-07
0.056294 2.3855e-06 1.0064e-08 3.3853e-07 5.544e-08 0.00053142 3.2815e-05 0.0013842 7.3355e-07 3.8467e-05 7.4947e-07
0.056307 2.3644e-06 7.909e-09 2.9447e-07 9.2704e-08 0.00051911 3.2546e-05 0.0014657 6.7514e-07 3.9289e-05 7.0691e-07
0.056321 2.3485e-06 5.6347e-09 2.4471e-07 1.2747e-07 0.00050655 3.2362e-05 0.0015442 6.2156e-07 4.0189e-05 6.6506e-07
0.056334 2.3209e-06 6.9586e-09 1.889e-07 1.5973e-07 0.00049461 3.2126e-05 0.0016196 5.7279e-07 4.1176e-05 6.2068e-07
0.056349 2.2992e-06 8.0919e-09 1.432e-07 1.9413e-07 0.00048333 3.1979e-05 0.0017029 5.2839e-07 4.2255e-05 5.7712e-07
0.056366 2.2834e-06 9.101e-09 1.0567e-07 2.3093e-07 0.00047266 3.1918e-05 0.0017948 4.8798e-07 4.3433e-05 5.3433e-07
0.056383 2.2724e-06 9.9448e-09 7.4061e-08 2.7009e-07 0.00046175 3.1935e-05 0.0018955 4.5076e-07 4.4706e-05 4.9207e-07
0.0564 2.25e-06 9.1576e-09 3.8059e-08 3.0642e-07 0.00045059 3.1887e-05 0.0019923 4.9668e-07 4.5915e-05 5.3087e-07
0.056417 2.2156e-06 1.9465e-08 3.6372e-08 3.3986e-07 0.00043915 3.1785e-05 0.0020845 5.3847e-07 4.7061e-05 5.6721e-07
0.056435 2.1859e-06 3.1384e-08 3.5265e-08 3.7568e-07 0.00042831 3.1761e-05 0.0021282 5.8388e-07 4.8302e-05 6.0396e-07
0.056452 2.1453e-06 4.0967e-08 3.2029e-08 4.0881e-07 0.00041725 3.1691e-05 0.0021702 6.2547e-07 4.9487e-05 6.3839e-07
0.05647 2.108e-06 5.2052e-08 2.9081e-08 4.44e-07 0.00040668 3.1694e-05 0.0022159 6.702e-07 5.0756e-05 6.73e-07
0.056488 2.0604e-06 6.0876e-08 2.4122e-08 4.7667e-07 0.00039592 3.1655e-05 0.00226 7.1135e-07 5.1974e-05 7.054e-07
0.056506 2.0024e-06 6.7523e-08 3.9013e-08 5.0688e-07 0.00038497 3.1572e-05 0.0023029 7.4902e-07 5.3142e-05 7.3559e-07
0.056524 1.9474e-06 7.5638e-08 5.5532e-08 5.3908e-07 0.00037449 3.1554e-05 0.0023493 7.8972e-07 5.4392e-05 7.6593e-07
0.056544 1.8942e-06 8.0956e-08 6.9756e-08 5.6908e-07 0.00036388 3.1501e-05 0.0023946 8.2732e-07 5.5601e-05 7.9624e-07
0.056565 1.8431e-06 8.7659e-08 8.5677e-08 6.0096e-07 0.0003537 3.1508e-05 0.0024433 8.6781e-07 5.6889e-05 8.2666e-07
0.056585 1.783e-06 9.2433e-08 9.9324e-08 6.3072e-07 0.00034339 3.1484e-05 0.002491 9.053e-07 5.8137e-05 8.5506e-07
0.056606 1.7249e-06 9.8671e-08 1.1508e-07 6.6241e-07 0.0003335 3.1518e-05 0.0025424 9.4576e-07 5.9466e-05 8.8356e-07
0.056627 1.6575e-06 1.029e-07 1.2841e-07 6.9188e-07 0.00032348 3.152e-05 0.0025925 9.8308e-07 6.0752e-05 9.1e-07
0.05665 1.592e-06 1.087e-07 1.439e-07 7.2339e-07 0.00031387 3.158e-05 0.0026465 1.0235e-06 6.2121e-05 9.3656e-07
0.056673 1.5283e-06 1.163e-07 1.6198e-07 7.5712e-07 0.00030465 3.17e-05 0.0027047 1.0674e-06 6.358e-05 9.633e-07
0.056697 1.4666e-06 1.2612e-07 1.8335e-07 7.9342e-07 0.00029582 3.1886e-05 0.0027676 1.1151e-06 6.5139e-05 9.9034e-07
0.056721 1.3946e-06 1.3326e-07 2.0127e-07 8.2683e-07 0.00028682 3.2028e-05 0.0028283 1.1588e-06 6.6635e-05 1.015e-06
0.056746 1.3267e-06 1.4373e-07 2.2411e-07 8.6389e-07 0.00027831 3.2255e-05 0.0028954 1.2079e-06 6.8262e-05 1.0405e-06
0.056771 1.2477e-06 1.5106e-07 2.4282e-07 8.9763e-07 0.00026959 3.2411e-05 0.0029598 1.2523e-06 6.9814e-05 1.0634e-06
0.056795 1.158e-06 1.5543e-07 2.5769e-07 9.2821e-07 0.00026067 3.2518e-05 0.0030217 1.2922e-06 7.1296e-05 1.0839e-06
0.05682 1.0726e-06 1.6343e-07 2.7793e-07 9.6271e-07 0.00025229 3.2715e-05 0.0030404 1.338e-06 7.2917e-05 1.1052e-06
0.056845 9.7639e-07 1.6833e-07 2.9408e-07 9.9393e-07 0.0002437 3.288e-05 0.0030582 1.379e-06 7.4465e-05 1.124e-06
0.056872 8.8432e-07 1.771e-07 2.7634e-07 9.6528e-07 0.0002356 3.3138e-05 0.0030782 1.4263e-06 7.6157e-05 1.1438e-06
0.0569 7.9589e-07 1.9027e-07 2.5418e-07 9.3324e-07 0.00022729 3.2324e-05 0.0030973 1.3893e-06 7.801e-05 1.1644e-06
0.056929 7.1013e-07 2.0803e-07 2.372e-07 9.0475e-07 0.00021942 3.1625e-05 0.0031185 1.3576e-06 8.0017e-05 1.1859e-06
0.05696 6.2565e-07 2.3034e-07 2.2406e-07 8.7909e-07 0.00021193 3.1017e-05 0.0031418 1.3302e-06 8.2166e-05 1.208e-06
0.056991 5.4284e-07 2.5874e-07 2.1478e-07 8.5647e-07 0.00020482 2.8237e-05 0.0031675 1.3075e-06 8.4483e-05 1.2308e-06
0.057025 4.6124e-07 2.9443e-07 2.0893e-07 8.367e-07 0.00019807 2.5726e-05 0.0031959 1.2892e-06 8.6976e-05 1.2545e-06
0.057059 3.8047e-07 3.3903e-07 2.0632e-07 8.1964e-07 0.00019166 2.3456e-05 0.0032271 1.2752e-06 8.9656e-05 1.2791e-06
0.057094 4.541e-07 3.7833e-07 2.0043e-07 8.0573e-07 0.00018512 2.108e-05 0.0032572 1.2572e-06 9.2242e-05 1.3011e-06
0.057129 5.2753e-07 4.2654e-07 1.9726e-07 7.9396e-07 0.00017887 1.8911e-05 0.0032899 1.2428e-06 9.5004e-05 1.3238e-06
0.057166 6.0106e-07 4.8551e-07 1.9673e-07 7.8428e-07 0.00017292 1.6929e-05 0.0033256 1.232e-06 9.795e-05 1.3472e-06
0.057204 6.7577e-07 5.5939e-07 1.9932e-07 7.7973e-07 0.00016727 1.5138e-05 0.0033649 1.2254e-06 0.00010112 1.3715e-06
0.057241 7.4094e-07 6.2579e-07 1.9887e-07 7.7262e-07 0.0001615 1.3265e-05 0.0034028 1.2149e-06 0.00010419 1.3933e-06
0.057278 7.965e-07 6.8461e-07 1.953e-07 7.6287e-07 0.00015561 1.1762e-05 0.0034393 1.2004e-06 0.00010715 1.4126e-06
0.057317 8.5357e-07 6.8461e-07 1.9502e-07 7.5562e-07 0.00015013 1.041e-05 0.0034478 1.1817e-06 0.00011 1.433e-06
0.057355 9.0143e-07 6.8057e-07 1.9189e-07 7.4595e-07 0.00014454 1.0537e-05 0.0034558 1.1594e-06 0.00011276 1.451e-06
0.057394 9.4817e-07 6.8132e-07 1.9044e-07 7.3752e-07 0.00013915 1.069e-05 0.0034647 1.1394e-06 0.00011567 1.4692e-06
0.057434 9.9402e-07 6.8704e-07 1.9073e-07 7.3036e-07 0.00013395 1.087e-05 0.0034746 1.1218e-06 0.00011873 1.4876e-06
0.057475 1.0384e-06 6.9709e-07 1.9239e-07 7.2414e-07 0.00012892 1.1075e-05 0.0034854 1.1061e-06 0.00012192 1.5061e-06
0.057516 1.0749e-06 7.0461e-07 1.92e-07 7.1617e-07 0.00012385 1.1259e-05 0.003496 1.0878e-06 0.00012507 1.5227e-06
0.057558 1.1098e-06 7.163e-07 1.9285e-07 7.0903e-07 0.00011893 1.1466e-05 0.0035075 1.0711e-06 0.00012835 1.5392e-06
0.057599 1.1368e-06 7.2539e-07 1.9164e-07 7.0014e-07 0.00011397 1.1653e-05 0.0035187 1.052e-06 0.00013158 1.5538e-06
0.05764 1.156e-06 7.3192e-07 1.884e-07 6.895e-07 0.00010897 1.182e-05 0.0035297 1.0303e-06 0.00013477 1.5665e-06
0.057683 1.174e-06 7.4322e-07 1.8662e-07 6.7986e-07 0.00010413 1.2013e-05 0.0035417 1.0105e-06 0.0001381 1.5793e-06
0.057726 1.1908e-06 7.595e-07 1.8628e-07 6.7119e-07 9.9446e-05 1.2233e-05 0.0035547 9.9251e-07 0.00014159 1.5922e-06
0.057769 1.1998e-06 7.7322e-07 1.8395e-07 6.6082e-07 9.4726e-05 1.2434e-05 0.0035675 9.721e-07 0.00014504 1.6032e-06
0.057813 1.2077e-06 7.9218e-07 1.8306e-07 6.5141e-07 9.0162e-05 1.2662e-05 0.0035813 9.5348e-07 0.00014866 1.6144e-06
0.057858 1.2144e-06 8.1676e-07 1.8359e-07 6.4294e-07 8.5748e-05 1.292e-05 0.0035962 9.3658e-07 0.00015245 1.6257e-06
0.057904 1.2201e-06 8.4753e-07 1.8558e-07 6.354e-07 8.148e-05 1.3208e-05 0.0036124 9.2139e-07 0.00015642 1.6371e-06
0.05795 1.2178e-06 8.7516e-07 1.8531e-07 6.2608e-07 7.7358e-05 1.3474e-05 0.0036299 9.0366e-07 0.00016033 1.6466e-06
0.057996 1.2141e-06 9.0898e-07 1.8636e-07 6.1757e-07 7.3364e-05 1.377e-05 0.0036487 8.8741e-07 0.00016441 1.6561e-06
0.058043 1.2023e-06 9.3932e-07 1.8522e-07 6.0721e-07 6.9327e-05 1.4041e-05 0.0036671 8.6853e-07 0.00016842 1.6637e-06
0.05809 1.1907e-06 9.7883e-07 1.8626e-07 5.9828e-07 6.5457e-05 1.4357e-05 0.0036871 8.5209e-07 0.00017268 1.6718e-06
0.05814 1.1816e-06 9.6052e-07 1.6898e-07 5.9167e-07 6.1488e-05 1.4738e-05 0.003706 8.3992e-07 0.00017727 1.6812e-06
0.05819 1.1742e-06 9.5173e-07 1.7873e-07 5.8225e-07 5.7425e-05 1.5182e-05 0.0037238 8.3082e-07 0.00018221 1.6916e-06
0.05824 1.1563e-06 9.3687e-07 1.8486e-07 5.7559e-07 5.7057e-05 1.558e-05 0.0037407 8.1783e-07 0.00018696 1.6993e-06
0.05829 1.128e-06 9.1581e-07 1.876e-07 5.6624e-07 5.666e-05 1.5932e-05 0.0037567 8.009e-07 0.00019155 1.7043e-06
0.058339 1.0892e-06 8.8829e-07 1.8694e-07 5.542e-07 5.6235e-05 1.6238e-05 0.0037718 7.8902e-07 0.00019659 1.7071e-06
0.058387 1.0399e-06 8.5407e-07 1.829e-07 5.3945e-07 5.5781e-05 1.65e-05 0.003786 7.7325e-07 0.00020146 1.7071e-06
0.058436 9.9233e-07 8.3026e-07 1.8181e-07 5.2661e-07 5.537e-05 1.6823e-05 0.0038021 7.6052e-07 0.00020226 1.7082e-06
0.058488 9.4718e-07 8.1678e-07 1.4852e-07 5.1593e-07 5.5005e-05 1.7217e-05 0.0038203 7.5115e-07 0.00020324 1.7107e-06
0.058538 8.9196e-07 7.9776e-07 1.1048e-07 5.027e-07 5.4614e-05 1.7566e-05 0.0038376 7.3801e-07 0.00021451 1.7105e-06
0.058589 1.0853e-06 7.7304e-07 1.1641e-07 4.869e-07 5.4196e-05 1.7872e-05 0.0038541 7.2121e-07 0.00022545 1.7076e-06
0.05864 1.2872e-06 7.5736e-07 1.2465e-07 4.7292e-07 5.3819e-05 1.8243e-05 0.0038725 7.0726e-07 0.00023715 1.7058e-06
0.058693 1.4987e-06 7.5e-07 1.3551e-07 4.6066e-07 5.3417e-05 1.8682e-05 0.003873 6.9606e-07 0.00024965 1.705e-06
0.058748 1.7038e-06 7.506e-07 1.4944e-07 4.4499e-07 5.3054e-05 1.9195e-05 0.0038746 6.8751e-07 0.00026301 1.7053e-06
0.058803 1.9237e-06 7.5918e-07 1.6691e-07 4.3102e-07 5.2736e-05 1.9786e-05 0.0038775 6.8155e-07 0.00027728 1.704e-06
0.059199 3.4236e-06 8.6104e-07 2.9456e-07 3.2098e-07 5.0216e-05 2.4376e-05 0.0038939 6.2586e-07 0.00038482 1.6728e-06
0.059257 3.6125e-06 8.8191e-07 2.7252e-07 3.0328e-07 4.9881e-05 2.5101e-05 0.0038975 6.1572e-07 0.00038898 1.665e-06
0.059317 3.8129e-06 9.1211e-07 2.5504e-07 2.8679e-07 4.9582e-05 2.592e-05 0.0039022 6.0774e-07 0.00039346 1.6581e-06
0.059379 4.0251e-06 9.5252e-07 2.414e-07 2.7134e-07 4.9315e-05 2.6839e-05 0.0039082 6.0173e-07 0.00039827 1.6519e-06
0.05944 4.2234e-06 9.8655e-07 2.3169e-07 2.5705e-07 4.9026e-05 2.7699e-05 0.0039154 5.9247e-07 0.00040293 1.6434e-06
0.059502 4.4325e-06 1.0304e-06 2.2482e-07 2.4349e-07 4.8768e-05 2.8653e-05 0.0039238 5.8491e-07 0.00040789 1.6354e-06
0.059564 4.6304e-06 1.0701e-06 2.1546e-07 2.2816e-07 4.8493e-05 2.9567e-05 0.0039319 5.7474e-07 0.00041276 1.6253e-06
0.059627 4.8364e-06 1.1183e-06 2.081e-07 2.132e-07 4.8242e-05 3.0561e-05 0.003941 5.6565e-07 0.00041789 1.6155e-06
0.05969 5.0314e-06 1.1624e-06 1.9837e-07 1.9651e-07 4.7976e-05 3.1516e-05 0.0039497 5.5404e-07 0.00042293 1.6036e-06
0.059754 5.2363e-06 1.2166e-06 1.9084e-07 1.803e-07 4.7737e-05 3.2564e-05 0.0039596 5.4373e-07 0.00042827 1.5921e-06
0.059818 5.4297e-06 1.2663e-06 1.809e-07 1.6231e-07 4.7482e-05 3.357e-05 0.0039691 5.3084e-07 0.0004335 1.5785e-06
0.059883 5.6331e-06 1.3269e-06 1.7298e-07 1.4472e-07 4.7252e-05 3.4671e-05 0.0039797 5.1918e-07 0.00043903 1.5653e-06
0.059949 5.8469e-06 1.3997e-06 1.6689e-07 1.2745e-07 4.7048e-05 3.5874e-05 0.0039914 5.0868e-07 0.00044489 1.5525e-06
0.060017 6.0717e-06 1.4867e-06 1.6254e-07 1.1043e-07 4.6868e-05 3.7188e-05 0.0040044 4.993e-07 0.00045108 1.5399e-06
0.060086 6.3066e-06 1.5884e-06 1.5959e-07 9.3491e-08 4.671e-05 3.861e-05 0.0040186 4.9077e-07 0.00045759 1.5276e-06
0.060154 6.529e-06 1.6833e-06 1.5428e-07 1.1397e-07 4.6536e-05 3.9978e-05 0.0040323 4.7965e-07 0.00046397 1.5131e-06
0.060222 6.7386e-06 1.7713e-06 1.4655e-07 1.3267e-07 4.6345e-05 4.1289e-05 0.0040456 4.6586e-07 0.00047021 1.4965e-06
0.060292 6.9631e-06 1.755e-06 1.4097e-07 1.52e-07 4.6185e-05 4.2744e-05 0.0040604 4.5362e-07 0.00047687 1.4805e-06
0.060363 7.2025e-06 1.749e-06 1.3728e-07 1.7199e-07 4.6004e-05 4.4351e-05 0.0040783 4.4278e-07 0.00048396 1.465e-06
0.060433 7.4265e-06 1.7372e-06 1.309e-07 1.8995e-07 4.5804e-05 4.5878e-05 0.0040956 5.4164e-07 0.00049085 1.4472e-06
0.060506 7.6694e-06 1.7375e-06 1.2684e-07 2.0894e-07 4.5638e-05 4.7592e-05 0.0041149 6.4844e-07 0.00049825 1.4302e-06
0.060577 7.8964e-06 1.7319e-06 1.2008e-07 2.2585e-07 4.545e-05 4.922e-05 0.0041334 7.4974e-07 0.00050543 1.4108e-06
0.060651 8.1407e-06 1.7373e-06 1.1523e-07 2.4367e-07 4.5294e-05 5.1029e-05 0.0041539 8.5859e-07 0.00051309 1.3921e-06
0.060726 8.4037e-06 1.7542e-06 1.1221e-07 2.6254e-07 4.5116e-05 5.3039e-05 0.0041764 9.7588e-07 0.00052128 1.3742e-06
0.0608 8.6496e-06 1.7646e-06 1.065e-07 2.792e-07 4.4916e-05 5.4947e-05 0.0041981 1.0872e-06 0.00052923 1.3537e-06
0.060876 8.9162e-06 1.7897e-06 9.7927e-08 2.9361e-07 4.4694e-05 5.6392e-05 0.0042188 1.2079e-06 0.00053775 1.334e-06
0.060951 9.1636e-06 1.8072e-06 9.1743e-08 3.0949e-07 4.4442e-05 5.7742e-05 0.004242 1.3218e-06 0.00054599 1.3117e-06
0.061028 9.4323e-06 1.838e-06 8.7309e-08 3.2666e-07 4.4225e-05 5.9269e-05 0.0042676 1.4456e-06 0.00055482 1.2902e-06
0.061105 9.6825e-06 1.8613e-06 8.02e-08 3.415e-07 4.3984e-05 6.0703e-05 0.0042922 1.5627e-06 0.00056339 1.2662e-06
0.061183 9.9579e-06 1.9005e-06 7.505e-08 3.5799e-07 4.378e-05 6.2344e-05 0.0043197 1.6917e-06 0.00057263 1.2432e-06
0.061164 1.0267e-05 1.8625e-06 7.1685e-08 3.763e-07 4.3614e-05 6.234e-05 0.0043238 1.8338e-06 0.00058262 1.2213e-06
0.061146 1.06e-05 1.8387e-06 6.9647e-08 3.9623e-07 4.348e-05 6.2447e-05 0.0043104 1.9887e-06 0.00059332 1.2001e-06
0.061127 1.0913e-05 1.8071e-06 6.503e-08 4.1362e-07 4.3323e-05 6.2487e-05 0.0042962 2.1353e-06 0.00060368 1.1763e-06
0.06111 1.1252e-05 1.7888e-06 5.788e-08 4.2858e-07 4.3144e-05 6.2638e-05 0.0042812 2.1462e-06 0.00061478 1.1532e-06
0.061094 1.1615e-05 1.7824e-06 4.9373e-08 4.4498e-07 4.2994e-05 6.2894e-05 0.0042678 2.1623e-06 0.0006266 1.1307e-06
0.061077 1.1959e-05 1.7695e-06 6.7557e-08 4.5901e-07 4.2823e-05 6.3091e-05 0.0042537 2.1739e-06 0.00063811 1.1058e-06
0.06106 1.2284e-05 1.7503e-06 8.2872e-08 4.7077e-07 4.2633e-05 6.323e-05 0.004239 2.1811e-06 0.00064931 1.0785e-06
0.061045 1.2631e-05 1.7417e-06 1.0038e-07 4.8373e-07 4.2468e-05 6.3464e-05 0.0042257 2.1929e-06 0.00066118 1.0515e-06
0.061028 1.2961e-05 1.7276e-06 1.1515e-07 4.9455e-07 4.2286e-05 6.3648e-05 0.0042119 2.2007e-06 0.00067279 1.0223e-06
0.061012 1.3275e-05 1.7085e-06 1.2735e-07 5.0333e-07 4.2087e-05 6.3785e-05 0.0041976 2.2047e-06 0.00068416 9.9092e-07
0.060995 1.3572e-05 1.6841e-06 1.3704e-07 5.101e-07 4.1872e-05 6.3877e-05 0.0041828 2.2051e-06 0.00069532 9.5737e-07
0.060979 1.389e-05 1.6696e-06 1.4864e-07 5.1788e-07 4.168e-05 6.4056e-05 0.0041693 2.2096e-06 0.00070708 9.2405e-07
0.060963 1.4192e-05 1.6498e-06 1.5757e-07 5.2358e-07 4.1512e-05 6.4186e-05 0.0041659 2.2102e-06 0.0007186 1.0322e-06
0.060946 1.4477e-05 1.6253e-06 1.6407e-07 5.2732e-07 4.1329e-05 6.4274e-05 0.0041621 2.2072e-06 0.00072992 1.1379e-06
0.060931 1.4786e-05 1.6109e-06 1.7268e-07 5.3219e-07 4.117e-05 6.4453e-05 0.0041593 2.2087e-06 0.00074194 1.2454e-06
0.060915 1.5078e-05 1.5918e-06 1.7882e-07 5.351e-07 4.0996e-05 6.459e-05 0.0041562 2.2067e-06 0.00075374 1.3505e-06
0.060899 1.8468e-05 1.5681e-06 1.8251e-07 5.3605e-07 4.0806e-05 6.4683e-05 0.0041528 2.2011e-06 0.00076533 1.4529e-06
0.060883 2.2018e-05 1.5532e-06 1.8799e-07 5.379e-07 4.0638e-05 6.4858e-05 0.0041503 2.1993e-06 0.00077753 1.557e-06
0.060869 2.5715e-05 1.5455e-06 1.9494e-07 5.3782e-07 4.0488e-05 6.5104e-05 0.0041485 2.2006e-06 0.00079027 1.6624e-06
0.060855 2.9368e-05 1.5344e-06 1.9977e-07 5.3602e-07 4.0326e-05 6.5318e-05 0.0041466 2.199e-06 0.00080285 1.7656e-06
0.060841 3.3163e-05 1.5299e-06 2.0595e-07 5.3475e-07 4.018e-05 6.5598e-05 0.0041453 2.2003e-06 0.00081597 1.87e-06
0.060827 3.6918e-05 1.5224e-06 2.101e-07 5.3183e-07 4.0023e-05 6.5849e-05 0.0041439 2.1988e-06 0.00082895 1.9723e-06
0.060814 4.0835e-05 1.5221e-06 2.1594e-07 5.2959e-07 3.9884e-05 6.6175e-05 0.0041433 2.2005e-06 0.00084253 2.076e-06
0.060801 4.4711e-05 1.5188e-06 2.1972e-07 5.257e-07 3.9734e-05 6.647e-05 0.0041424 2.1995e-06 0.00085597 2.1776e-06
0.060787 4.8545e-05 1.5125e-06 2.2145e-07 5.2018e-07 3.9573e-05 6.6736e-05 0.0041414 2.1958e-06 0.00086927 2.2771e-06
0.060775 5.2531e-05 1.5126e-06 2.2463e-07 5.1516e-07 3.9428e-05 6.707e-05 0.0041411 2.1949e-06 0.00088313 2.3778e-06
0.060763 5.6677e-05 1.5193e-06 2.2933e-07 5.1067e-07 3.9299e-05 6.7475e-05 0.0041415 2.1969e-06 0.00089758 2.4799e-06
0.060751 6.0768e-05 1.5225e-06 2.3178e-07 5.0442e-07 3.9158e-05 6.7843e-05 0.0041417 2.1959e-06 0.00091193 2.5796e-06
0.06074 6.5055e-05 1.5338e-06 2.3633e-07 4.9901e-07 3.9037e-05 6.83e-05 0.0041428 2.1986e-06 0.00092701 2.6813e-06
0.06073 6.9567e-05 1.5543e-06 2.4338e-07 4.9458e-07 3.8938e-05 6.8857e-05 0.0041448 2.2055e-06 0.00094292 2.7852e-06
0.06072 7.3969e-05 1.5689e-06 2.4729e-07 4.8792e-07 3.8869e-05 7.5757e-05 0.0041464 2.2081e-06 0.00095843 2.8859e-06
0.060709 7.8269e-05 1.5778e-06 2.4815e-07 4.7907e-07 3.8782e-05 8.2406e-05 0.0041475 2.2065e-06 0.00097395 2.9836e-06
0.060699 8.283e-05 1.5976e-06 2.5212e-07 4.7154e-07 3.8721e-05 8.9709e-05 0.0041497 2.2099e-06 0.00098947 3.0841e-06
0.060689 8.7252e-05 1.6102e-06 2.5247e-07 4.615e-07 3.864e-05 9.7009e-05 0.0041747 2.2083e-06 0.001005 3.1809e-06
0.06068 9.1974e-05 1.6395e-06 2.4929e-07 4.49e-07 3.8536e-05 9.9285e-05 0.0041986 2.2135e-06 0.0010205 3.2762e-06
0.06067 9.6548e-05 1.661e-06 2.4218e-07 4.5824e-07 3.841e-05 0.00011559 0.0042214 2.2134e-06 0.001036 3.3656e-06
0.06066 0.00010104 1.6776e-06 2.323e-07 4.6549e-07 3.8268e-05 0.00013142 0.0042435 2.2096e-06 0.0010516 3.4522e-06
0.06065 0.00010546 1.6901e-06 2.1997e-07 4.7096e-07 3.8113e-05 0.00014693 0.0042652 2.2027e-06 0.0010671 3.5363e-06
0.060641 0.00011009 1.711e-06 2.0983e-07 4.7711e-07 3.7976e-05 0.00016358 0.0042884 2.1992e-06 0.0010826 3.6223e-06
0.060632 0.0001149 1.7398e-06 2.013e-07 4.8374e-07 3.7856e-05 0.00018133 0.0043132 2.1988e-06 0.0010982 3.7097e-06
0.060624 0.00011967 1.7649e-06 1.9061e-07 4.8869e-07 3.7724e-05 0.00019877 0.0043375 2.1954e-06 0.0011137 3.7948e-06
0.060615 0.00012437 1.7864e-06 1.7773e-07 4.9194e-07 3.758e-05 0.0002159 0.0043615 2.1891e-06 0.0011293 3.8777e-06
0.060607 0.00012927 1.8157e-06 1.664e-07 4.9568e-07 3.7424e-05 0.00023416 0.0043575 2.1857e-06 0.0011455 3.962e-06
0.060599 0.00013412 1.8416e-06 1.5298e-07 4.9776e-07 3.7257e-05 0.00025213 0.0043532 2.1795e-06 0.0011615 4.0442e-06
0.060591 0.00013918 1.8767e-06 1.4124e-07 5.005e-07 3.7107e-05 0.00027139 0.0043499 2.1766e-06 0.0011783 4.1281e-06
0.060584 0.00014418 1.9079e-06 1.2739e-07 5.0154e-07 3.6946e-05 0.00029032 0.0043462 2.1709e-06 0.0011949 4.2097e-06
0.060577 0.00014942 1.949e-06 1.1511e-07 5.0328e-07 3.6803e-05 0.00031064 0.0043435 2.1685e-06 0.0012123 4.2932e-06
0.060572 0.0001549 2.0009e-06 1.0422e-07 5.0573e-07 3.6679e-05 0.00033246 0.0043416 2.1696e-06 0.0012305 4.3788e-06
0.060567 0.00016061 2.0637e-06 9.4346e-08 5.0876e-07 3.6571e-05 0.00035579 0.0043405 2.1739e-06 0.0012496 4.4661e-06
0.060563 0.00016661 2.1404e-06 8.5624e-08 5.1262e-07 3.6483e-05 0.00038093 0.0043403 2.1818e-06 0.0012696 4.5556e-06
0.06056 0.00017288 2.2319e-06 7.7782e-08 5.1722e-07 3.6412e-05 0.00040794 0.004341 2.1932e-06 0.0012905 4.6474e-06
0.060557 0.00017949 2.343e-06 7.0968e-08 5.2284e-07 3.6362e-05 0.00043724 0.0043426 2.2089e-06 0.0013126 4.7418e-06
0.060555 0.00018595 2.444e-06 6.18e-08 5.2629e-07 3.6336e-05 0.00046556 0.0043438 2.2204e-06 0.0013342 4.833e-06
0.060554 0.00019281 2.5702e-06 5.0064e-08 5.2745e-07 3.6291e-05 0.00049669 0.0043445 2.2372e-06 0.0013572 4.9276e-06
0.060552 0.00019947 2.6824e-06 5.6622e-08 5.2422e-07 3.6277e-05 0.00052646 0.0043395 2.2491e-06 0.0013795 5.0184e-06
0.060549 0.00020594 2.7813e-06 6.0702e-08 5.185e-07 3.6243e-05 0.00055491 0.0043339 2.2559e-06 0.0014012 5.1054e-06
0.060548 0.00021284 2.9073e-06 6.5918e-08 5.1432e-07 3.6235e-05 0.00058635 0.0043296 2.2684e-06 0.0014243 5.1961e-06
0.060546 0.00021955 3.0197e-06 6.8682e-08 5.0774e-07 3.6208e-05 0.00061648 0.0043248 2.2762e-06 0.0014468 5.2831e-06
0.060546 0.0002267 3.1627e-06 7.2689e-08 5.0272e-07 3.6208e-05 0.00064983 0.0043211 2.2897e-06 0.0014708 5.374e-06
0.060547 0.00023439 3.3478e-06 7.8427e-08 4.9956e-07 3.6239e-05 0.00068721 0.0043189 2.3101e-06 0.0014966 5.4695e-06
0.060549 0.00024261 3.5012e-06 8.1548e-08 4.9395e-07 3.625e-05 0.00072294 0.0043161 2.3254e-06 0.0015217 5.5692e-06
0.060553 0.00025139 3.5287e-06 8.2017e-08 4.8586e-07 3.6239e-05 0.00076348 0.0043127 2.2831e-06 0.0015348 5.6733e-06
0.060555 0.0002599 3.5455e-06 1.2747e-07 5.6291e-07 3.6261e-05 0.00080207 0.0043085 2.235e-06 0.0015474 5.7732e-06
0.060558 0.00026816 3.5526e-06 1.6764e-07 6.3582e-07 3.6312e-05 0.00083893 0.004301 2.1815e-06 0.0015596 5.8691e-06
0.060562 0.00027699 3.5786e-06 2.1584e-07 7.1438e-07 3.6391e-05 0.00087989 0.0042949 2.135e-06 0.0015727 5.9694e-06
0.060565 0.00028557 3.5948e-06 2.5843e-07 7.887e-07 3.645e-05 0.00091902 0.0042882 2.0828e-06 0.0015853 6.0656e-06
0.060567 0.0002939 3.6011e-06 2.9569e-07 8.5886e-07 3.6487e-05 0.00095641 0.0042808 2.0252e-06 0.0015976 6.1578e-06
0.060569 0.00030199 3.5977e-06 3.2789e-07 9.2495e-07 3.6503e-05 0.00099213 0.0042728 1.962e-06 0.0016095 6.2461e-06
0.060571 0.00030984 3.5845e-06 3.5525e-07 9.8704e-07 3.6498e-05 0.0010263 0.0042641 1.8932e-06 0.0016209 6.3303e-06
0.060528 0.00031417 3.5924e-06 3.8965e-07 1.0545e-06 3.6521e-05 0.0010369 0.0042569 1.8317e-06 0.0016333 6.4214e-06
0.060484 0.00031836 3.59e-06 4.1865e-07 1.1176e-06 3.6523e-05 0.001047 0.004249 1.7644e-06 0.0016452 6.5083e-06
0.060441 0.00032285 3.6064e-06 4.553e-07 1.1863e-06 3.6553e-05 0.0010584 0.0042425 1.7044e-06 0.0016581 6.5996e-06
0.060398 0.00032719 3.6124e-06 4.8627e-07 1.2505e-06 3.6561e-05 0.0010691 0.0042353 1.6387e-06 0.0016705 6.6867e-06
0.060355 0.00033138 3.608e-06 5.1181e-07 1.3136e-06 3.6601e-05 0.0010793 0.0042275 1.5672e-06 0.0016825 6.7696e-06
0.060313 0.00033592 3.6245e-06 5.4608e-07 1.3832e-06 3.6674e-05 0.0010908 0.0042212 1.5035e-06 0.0016955 6.8575e-06
0.060272 0.00034082 3.6629e-06 5.9061e-07 1.4599e-06 3.678e-05 0.0011039 0.0042163 1.4472e-06 0.0017096 6.9507e-06
0.060234 0.00034612 3.7253e-06 6.4746e-07 1.5519e-06 3.6919e-05 0.0011186 0.0042129 1.3977e-06 0.0017249 7.0493e-06
0.060194 0.00035124 3.7757e-06 6.9693e-07 1.6386e-06 3.9574e-05 0.0011326 0.0042089 1.343e-06 0.0017396 7.1434e-06
0.060154 0.0003562 3.7954e-06 7.5977e-07 1.733e-06 4.2164e-05 0.0011361 0.004204 1.2941e-06 0.0017555 7.2334e-06
0.06012 0.00035727 3.7975e-06 8.1462e-07 1.822e-06 4.4904e-05 0.0011392 0.0041983 1.2401e-06 0.0017708 7.3292e-06
0.060087 0.00035848 3.8191e-06 8.8299e-07 1.919e-06 4.7789e-05 0.001143 0.0041941 1.2405e-06 0.0017781 7.4298e-06
0.060053 0.00035963 3.8305e-06 9.4329e-07 2.0107e-06 5.0603e-05 0.0011465 0.0041892 1.2368e-06 0.001785 7.5262e-06
0.060021 0.00036094 3.8643e-06 1.0203e-06 2.1119e-06 5.3582e-05 0.0011507 0.0041609 1.2377e-06 0.0017927 7.6282e-06
0.059988 0.00036218 3.8869e-06 1.088e-06 2.2072e-06 5.6484e-05 0.0011546 0.004166 1.2342e-06 0.0018 7.7258e-06
0.059954 0.00037372 3.899e-06 1.1015e-06 2.312e-06 5.9538e-05 0.0011581 0.0041759 1.2266e-06 0.0018071 7.8135e-06
0.059919 0.00038491 4.2457e-06 1.3285e-06 2.4109e-06 6.2513e-05 0.0011612 0.0041851 1.4048e-06 0.0018138 7.8967e-06
0.059885 0.00038819 4.678e-06 1.6035e-06 2.5189e-06 6.5646e-05 0.001165 0.0041957 1.5987e-06 0.0018212 7.9849e-06
0.05985 0.00039136 5.0669e-06 1.8531e-06 2.6209e-06 6.8697e-05 0.0011685 0.0042057 1.7826e-06 0.0018282 8.0685e-06
0.059815 0.0003944 5.4186e-06 2.0809e-06 3.3658e-06 7.1674e-05 0.0011717 0.0042149 1.9575e-06 0.001835 8.148e-06
0.059782 0.00039773 5.8685e-06 2.3635e-06 4.1794e-06 7.4826e-05 0.0011757 0.0042259 2.1503e-06 0.0018424 8.2331e-06
0.059747 0.00040094 6.2514e-06 3.2129e-06 4.9589e-06 7.8166e-05 0.0011811 0.0042347 3.0899e-06 0.0018482 9.0504e-06
0.059713 0.00040402 6.5952e-06 3.9884e-06 5.6112e-06 8.1419e-05 0.0011861 0.0042427 3.9906e-06 0.0018537 9.8532e-06
0.059677 0.00040699 6.9034e-06 4.6971e-06 6.2385e-06 8.4589e-05 0.0011908 0.0042501 4.8541e-06 0.0018589 1.0642e-05
0.059644 0.00041022 6.9723e-06 5.5718e-06 6.9234e-06 8.7945e-05 0.0011964 0.004259 5.8037e-06 0.0018647 1.1461e-05
0.059609 0.00041334 7.6731e-06 6.3716e-06 7.5822e-06 9.1215e-05 0.0012015 0.0042673 6.7143e-06 0.0018702 1.2266e-05
0.059574 0.00041634 8.3089e-06 7.1053e-06 8.2168e-06 9.4404e-05 0.0012063 0.0042749 7.589e-06 0.0018755 1.3057e-05
