Gavia_stellata Haliaeetus_leucocephalus Nipponia_nippon Pelecanus_crispus Phaethon_lepturus Phalacrocorax_carbo Pygoscelis_adeliae
0.00016284 0.00064572 0.0027403 0.00080137 1.6402e-05 2.3401e-05 0.00065647
0.00016199 0.00064346 0.002715 0.00080063 1.5768e-05 2.1549e-05 0.00064977
0.00016125 0.00064122 0.0026909 0.00080005 1.518e-05 1.9828e-05 0.00064321
0.00016048 0.00063897 0.0026665 0.00079942 1.458e-05 1.8073e-05 0.00063661
0.00015969 0.00063671 0.0026417 0.00079877 1.397e-05 1.6288e-05 0.00062996
0.00015888 0.00063445 0.0026167 0.00079808 1.335e-05 1.4474e-05 0.00062329
0.00015818 0.00063221 0.002593 0.00079754 1.2776e-05 1.2793e-05 0.00061675
0.00015745 0.00062996 0.0025688 0.00079697 1.2191e-05 1.1079e-05 0.00061018
0.00015669 0.0006277 0.0025445 0.00079637 1.1596e-05 9.3368e-06 0.00060357
0.00015604 0.00062547 0.0025212 0.00079591 1.1043e-05 7.7149e-06 0.00059709
0.00015549 0.00062325 0.002499 0.00078911 1.053e-05 6.205e-06 0.00059075
0.00015491 0.00062103 0.0024766 0.00078223 1.0008e-05 4.6692e-06 0.00058437
0.00015442 0.00061883 0.0024552 0.00077578 9.524e-06 3.2392e-06 0.00057813
0.00015391 0.00061662 0.0024336 0.00076925 9.0309e-06 3.1288e-06 0.00057184
0.00015349 0.00061443 0.002413 0.00076312 8.5732e-06 3.0284e-06 0.00056569
0.00015317 0.00061226 0.0023934 0.0007574 8.1501e-06 2.9382e-06 0.00055968
0.00015293 0.00061012 0.0023748 0.00075206 7.7592e-06 2.8574e-06 0.00055379
0.00015267 0.00060796 0.002356 0.00074664 7.3599e-06 2.7698e-06 0.00054787
0.00015249 0.00060583 0.0023382 0.00074158 6.9907e-06 2.6913e-06 0.00054207
0.00015239 0.00060372 0.0023213 0.00073686 6.6496e-06 2.6214e-06 0.00053641
0.00015237 0.00060163 0.0023053 0.00073247 6.3343e-06 2.5597e-06 0.00053087
0.00015243 0.00059956 0.0022902 0.00072838 6.0432e-06 2.5059e-06 0.00052545
0.00015247 0.00059749 0.0022749 0.00072424 5.7461e-06 2.4459e-06 0.00052
0.00015259 0.00059543 0.0022604 0.00072037 5.4705e-06 2.3929e-06 0.00051467
0.00015269 0.00059336 0.0022457 0.00071643 5.1884e-06 2.3334e-06 0.00050929
0.00015277 0.00059129 0.0022307 0.00071244 4.9007e-06 2.2677e-06 0.00050388
0.00015294 0.00058924 0.0022166 0.00070874 4.6346e-06 2.2095e-06 0.00049859
0.00015308 0.00058718 0.0022023 0.00070497 4.3624e-06 2.1447e-06 0.00049327
0.0001532 0.00058511 0.0021878 0.00070114 4.0847e-06 2.0739e-06 0.00048791
0.00015341 0.00058307 0.0021741 0.00069759 3.8276e-06 2.0102e-06 0.00048267
0.0001537 0.00058104 0.0021612 0.0006943 3.5898e-06 1.9532e-06 0.00047754
0.00015407 0.00057904 0.0021491 0.00069125 3.3697e-06 1.9027e-06 0.00047253
0.00015453 0.00057705 0.0021377 0.00068841 3.1653e-06 1.8579e-06 0.00046762
0.00015497 0.00057506 0.0021261 0.00068553 2.9558e-06 1.8068e-06 0.00046268
0.00015539 0.00057305 0.0021143 0.00068259 2.7411e-06 1.7495e-06 0.0004577
0.00015578 0.00057104 0.0021022 0.00067961 2.5216e-06 1.6863e-06 0.00045269
0.00015462 0.00056905 0.002091 0.00067685 2.3176e-06 1.6287e-06 0.00044778
0.00015342 0.00056706 0.0020794 0.00067403 2.1084e-06 1.5649e-06 0.00044284
0.00015235 0.00056508 0.0020686 0.00067142 1.9136e-06 1.5064e-06 0.000438
0.00015141 0.00056312 0.0020585 0.00066901 1.7322e-06 1.4528e-06 0.00043326
0.00015057 0.00056117 0.0020491 0.00066679 1.5632e-06 1.404e-06 0.00042862
0.00014984 0.00055925 0.0020403 0.00066475 1.4056e-06 1.3596e-06 0.00042408
0.00014909 0.00055732 0.0020313 0.00066267 1.2442e-06 1.3096e-06 0.00041951
0.00014843 0.00055541 0.002023 0.00066078 1.0943e-06 1.2642e-06 0.00041504
0.00014788 0.00055351 0.0020153 0.00065905 9.5419e-07 1.2227e-06 0.00041066
0.0001473 0.00055161 0.0020075 0.00065728 8.1026e-07 1.1755e-06 0.00040625
0.00014669 0.0005497 0.0019994 0.00065547 6.6241e-07 1.1224e-06 0.00040181
0.00014606 0.00054779 0.0019912 0.00065362 5.1061e-07 1.0634e-06 0.00039733
0.00014553 0.00054589 0.0019835 0.00065195 3.6904e-07 1.0088e-06 0.00039295
0.00014498 0.00054399 0.0019758 0.00065023 2.2401e-07 9.4857e-07 0.00038854
0.00014451 0.0005421 0.0019686 0.00064868 8.8009e-08 8.9199e-07 0.00038422
0.00014403 0.00054021 0.0019612 0.00064709 7.7177e-08 8.2965e-07 0.00037987
0.00014362 0.00053833 0.0019545 0.00064565 6.6279e-08 7.7072e-07 0.00037561
0.0001433 0.00053647 0.0019483 0.00064437 5.5258e-08 7.1488e-07 0.00037144
0.00014296 0.00053461 0.001942 0.00064305 4.2584e-08 6.5362e-07 0.00036724
0.0001427 0.00053276 0.0019363 0.00064188 2.9807e-08 5.956e-07 0.00036313
0.00014242 0.0005309 0.0019304 0.00064068 1.5337e-08 5.3193e-07 0.00035899
0.00014213 0.00052904 0.0019242 0.00063944 1.9249e-08 4.6275e-07 0.00035481
0.0001418 0.00052717 0.0019179 0.00063817 2.1608e-08 3.8782e-07 0.00035061
0.00014146 0.00052529 0.0019114 0.00063685 2.2415e-08 3.0713e-07 0.00034636
0.0001411 0.00052343 0.0019046 0.0006355 2.1691e-08 3.602e-07 0.00034208
0.00014071 0.00052157 0.0018977 0.00063411 1.942e-08 4.0793e-07 0.00033777
0.00014031 0.00051969 0.0018906 0.00063268 1.5604e-08 4.5037e-07 0.00033343
0.00013988 0.00051781 0.0018832 0.00063122 3.0752e-08 4.8752e-07 0.00032905
0.00013942 0.00051592 0.0018757 0.00062971 4.4209e-08 5.1943e-07 0.00032463
0.00013895 0.00051402 0.0018679 0.00062817 5.598e-08 5.4612e-07 0.00032018
0.00013856 0.00051214 0.0018608 0.00062679 6.7666e-08 5.7428e-07 0.00031583
0.00013826 0.00051028 0.0018543 0.00062555 7.9263e-08 6.0379e-07 0.00031156
0.00013793 0.00050841 0.0018476 0.00062427 8.9152e-08 6.2803e-07 0.00030727
0.00013758 0.00050653 0.0018407 0.00062297 9.7376e-08 6.4716e-07 0.00030294
0.00013732 0.00050467 0.0018344 0.00062181 1.0562e-07 6.6802e-07 0.0002987
0.00013713 0.00050283 0.0018287 0.0006208 1.1385e-07 6.9041e-07 0.00029455
0.00013692 0.00050098 0.0018229 0.00061975 1.204e-07 7.0767e-07 0.00029037
0.00013669 0.00049912 0.0018168 0.00061867 1.2522e-07 7.1961e-07 0.00028615
0.00013654 0.00049728 0.0018113 0.00061773 1.3006e-07 7.3315e-07 0.00028202
0.00013636 0.00049544 0.0018055 0.00061675 1.3317e-07 7.4136e-07 0.00027786
0.00013627 0.00049361 0.0018004 0.00061591 1.3637e-07 7.5151e-07 0.00027378
0.00013624 0.0004918 0.0017959 0.00061521 1.3963e-07 7.6335e-07 0.00026979
0.0001362 0.00048998 0.0017911 0.00061447 1.4114e-07 7.6984e-07 0.00026576
0.00013622 0.00048818 0.0017869 0.00061385 1.4272e-07 7.7808e-07 0.00026181
0.00013633 0.00048639 0.0017833 0.00061337 1.4444e-07 7.8843e-07 0.00025795
0.00013474 0.00048462 0.0017802 0.00061302 1.4624e-07 8.0066e-07 0.00025416
0.00013332 0.00048287 0.0017777 0.0006128 1.4822e-07 8.1516e-07 0.00025046
0.00013204 0.00048114 0.0017757 0.0006127 1.5038e-07 8.32e-07 0.00024683
0.00013091 0.00047942 0.0017743 0.00061273 1.5265e-07 8.5094e-07 0.00024328
0.00012974 0.0004777 0.0017727 0.00061273 1.5322e-07 8.6463e-07 0.0002397
0.0001287 0.00047599 0.0017716 0.00061285 1.539e-07 8.8049e-07 0.00023619
0.00012303 0.0004743 0.001771 0.00061309 1.5471e-07 8.9863e-07 0.00023275
0.0001179 0.00047263 0.001771 0.00061347 1.5573e-07 9.1945e-07 0.00022938
0.00011322 0.00047097 0.0017715 0.00061396 1.5687e-07 9.4274e-07 0.00022608
0.00010845 0.00046931 0.0017718 0.00061443 1.5626e-07 9.6049e-07 0.00022275
0.00010358 0.00046763 0.001772 0.00061487 1.5395e-07 9.7294e-07 0.0002194
9.9174e-05 0.00046598 0.0017727 0.00061544 1.5184e-07 9.8825e-07 0.00021611
9.5183e-05 0.00046434 0.001774 0.00061614 1.4993e-07 1.0065e-06 0.0002129
9.1572e-05 0.00046272 0.0017758 0.00061698 1.482e-07 1.0279e-06 0.00020975
8.8306e-05 0.00046111 0.0017781 0.00061797 1.4666e-07 1.0525e-06 0.00020667
8.4961e-05 0.00045952 0.0017803 0.00061892 1.4336e-07 1.0714e-06 0.00020356
8.1942e-05 0.00045795 0.0017831 0.00061606 1.4026e-07 1.0937e-06 0.00020052
7.8849e-05 0.00045637 0.0017857 0.00061314 1.3539e-07 1.1104e-06 0.00019744
7.6042e-05 0.00045481 0.0017888 0.00059736 1.3062e-07 1.1302e-06 0.00019443
7.3492e-05 0.00045326 0.0017924 0.00058251 1.2591e-07 1.1531e-06 0.00019148
7.1175e-05 0.00045173 0.0017966 0.00056856 1.2121e-07 1.1794e-06 0.00018859
6.9069e-05 0.00045021 0.0018014 0.00055544 1.1651e-07 1.209e-06 0.00018576
6.6914e-05 0.00044869 0.0018059 0.00054213 1.1008e-07 1.2329e-06 0.0001829
6.4715e-05 0.00044716 0.0018103 0.00052866 1.0198e-07 1.2513e-06 0.00018001
6.2473e-05 0.00044562 0.0018145 0.00051504 9.2201e-08 1.2643e-06 0.0001771
6.0445e-05 0.00044409 0.0018194 0.00050226 8.2465e-08 1.281e-06 0.00017425
5.8369e-05 0.00044256 0.001824 0.00048931 7.1016e-08 1.292e-06 0.00017137
5.6245e-05 0.00044102 0.0018284 0.00047618 5.785e-08 1.2973e-06 0.00016846
5.4325e-05 0.0004395 0.0018334 0.00046387 4.469e-08 1.3064e-06 0.00016561
5.2365e-05 0.00043797 0.0018383 0.00045141 2.9868e-08 1.31e-06 0.00016274
5.0365e-05 0.00043644 0.001843 0.0004388 3.9275e-08 1.3081e-06 0.00015984
4.8324e-05 0.00043489 0.0018475 0.00042604 4.7083e-08 1.3006e-06 0.00015691
4.6479e-05 0.00043337 0.0018526 0.00041407 5.4546e-08 1.2971e-06 0.00015405
4.459e-05 0.00043183 0.0018575 0.00040194 6.0371e-08 1.2878e-06 0.00015115
4.2872e-05 0.00043031 0.001863 0.00039054 6.5827e-08 1.2819e-06 0.00014831
4.1319e-05 0.00042881 0.001869 0.00037984 7.1001e-08 1.2798e-06 0.00014553
3.9908e-05 0.00042732 0.0018757 0.00036979 7.5867e-08 1.2811e-06 0.0001428
3.8628e-05 0.00042584 0.001883 0.00036034 8.0449e-08 1.2858e-06 0.00014012
3.7472e-05 0.00042438 0.0018909 0.00035148 8.4836e-08 1.2943e-06 0.0001375
3.6424e-05 0.00042291 0.0018994 0.00034316 8.8993e-08 1.3063e-06 0.00013492
3.5353e-05 0.00042144 0.0019078 0.00033473 9.1514e-08 1.3128e-06 0.00013232
3.4388e-05 0.00041998 0.0019168 0.00032684 9.3878e-08 1.3232e-06 0.00012977
3.3397e-05 0.00041851 0.0019256 0.00031883 9.4565e-08 1.3279e-06 0.00012719
3.2385e-05 0.00041704 0.0019343 0.00031072 9.3616e-08 1.327e-06 0.00012459
3.1473e-05 0.00041558 0.0019436 0.00030313 9.2511e-08 1.3301e-06 0.00012204
3.0537e-05 0.00041412 0.0019527 0.00029542 8.9731e-08 1.3274e-06 0.00011947
2.9577e-05 0.00041264 0.0019616 0.00028761 8.5273e-08 1.3189e-06 0.00011687
2.8595e-05 0.00041116 0.0019703 0.00027969 7.9171e-08 1.3056e-06 0.00011424
2.7706e-05 0.0004097 0.0019796 0.00027225 7.2852e-08 1.2958e-06 0.00011166
2.69e-05 0.00040825 0.0019897 0.00026526 6.6279e-08 1.2895e-06 0.00010913
2.6171e-05 0.00040681 0.0020004 0.0002587 5.9419e-08 1.2866e-06 0.00010664
2.5423e-05 0.00040536 0.0020109 0.00025203 5.0897e-08 1.278e-06 0.00010413
2.4653e-05 0.00040391 0.0020211 0.00024527 4.0709e-08 1.2636e-06 0.00010159
2.3963e-05 0.00040247 0.0020322 0.00023894 3.0282e-08 1.2532e-06 9.9099e-05
2.3251e-05 0.00040103 0.0020429 0.0002325 4.3716e-08 1.2368e-06 9.6581e-05
2.2521e-05 0.00039958 0.0020535 0.00022598 5.5474e-08 1.2147e-06 9.4038e-05
2.1868e-05 0.00039814 0.0020648 0.0002199 6.7228e-08 1.1969e-06 9.1546e-05
2.1289e-05 0.00039672 0.002077 0.00021423 7.9107e-08 1.1834e-06 8.9105e-05
2.0776e-05 0.00039529 0.0020901 0.00020897 9.122e-08 1.1743e-06 8.6715e-05
2.0323e-05 0.00039388 0.0021041 0.00020407 1.0366e-07 1.1695e-06 8.4376e-05
1.9849e-05 0.00039246 0.0021177 0.00019907 1.1416e-07 1.1582e-06 8.2005e-05
1.9437e-05 0.00039105 0.0021324 0.00019444 1.2521e-07 1.1518e-06 7.9688e-05
1.9082e-05 0.00038967 0.0021482 0.00019018 1.3698e-07 1.1507e-06 7.7427e-05
1.8708e-05 0.00038827 0.0021635 0.00018582 1.4669e-07 1.1428e-06 7.5132e-05
1.8398e-05 0.0003869 0.0021803 0.00018186 1.5768e-07 1.142e-06 7.2906e-05
1.806e-05 0.00038552 0.0021964 0.00017775 1.6616e-07 1.1328e-06 7.078e-05
1.7695e-05 0.00038412 0.002212 0.00017347 1.723e-07 1.1154e-06 7.1848e-05
1.7399e-05 0.00038274 0.002229 0.00016964 1.7995e-07 1.1062e-06 7.2962e-05
1.7164e-05 0.0003814 0.0022477 0.00016621 1.8928e-07 1.105e-06 7.4123e-05
1.6981e-05 0.00038007 0.0022681 0.00016313 2.003e-07 9.6514e-07 7.533e-05
1.6778e-05 0.00037874 0.0022877 0.00015992 2.0881e-07 8.1411e-07 7.6502e-05
1.6553e-05 0.00037738 0.0023068 0.0001566 2.1484e-07 6.5163e-07 7.764e-05
1.6307e-05 0.00037606 0.0023252 0.00015314 2.1838e-07 6.7581e-07 7.8743e-05
1.6035e-05 0.00037472 0.0023429 0.00014953 2.1933e-07 6.9229e-07 7.9761e-05
1.5813e-05 0.0003734 0.0023621 0.00014625 2.2165e-07 7.1331e-07 8.0818e-05
1.5631e-05 0.0003721 0.0023826 0.00014324 2.2506e-07 7.3815e-07 8.191e-05
1.5436e-05 0.00037079 0.0024027 0.00014016 2.264e-07 7.5683e-07 8.2975e-05
1.5231e-05 0.00036947 0.0024225 0.00013702 2.2585e-07 7.6995e-07 8.4017e-05
1.5016e-05 0.00036814 0.0024419 0.00013384 2.2347e-07 7.7765e-07 8.5038e-05
1.4791e-05 0.00036681 0.0024612 0.0001306 2.1927e-07 7.8004e-07 8.6037e-05
1.4597e-05 0.00036549 0.0024814 0.00012757 2.1556e-07 7.8435e-07 8.7059e-05
1.4392e-05 0.00036416 0.0025013 0.00012449 2.1001e-07 7.8322e-07 8.8059e-05
1.4178e-05 0.00036283 0.002521 0.00012136 2.0261e-07 7.7665e-07 8.9037e-05
1.3995e-05 0.00036151 0.0025417 0.00011844 1.9575e-07 7.7225e-07 9.0039e-05
1.3839e-05 0.0003602 0.0025635 0.0001157 1.8941e-07 7.7e-07 9.1066e-05
1.3675e-05 0.00035888 0.002585 0.00011292 1.8123e-07 7.6233e-07 9.2072e-05
1.3502e-05 0.00035756 0.0026063 0.00011011 1.7129e-07 7.4942e-07 9.3056e-05
1.3321e-05 0.00035623 0.0026273 0.00010725 1.5956e-07 7.3126e-07 9.4019e-05
1.3132e-05 0.0003549 0.002648 0.00010435 1.4605e-07 7.0782e-07 9.4961e-05
1.2969e-05 0.00035358 0.0026698 0.00010163 1.3298e-07 6.8636e-07 9.5927e-05
1.2797e-05 0.00035224 0.0026912 9.8862e-05 1.1803e-07 6.5927e-07 9.687e-05
1.2614e-05 0.00035091 0.0027123 9.6037e-05 1.0113e-07 6.2635e-07 9.7787e-05
1.2418e-05 0.00034956 0.0027329 9.314e-05 8.213e-08 5.8716e-07 9.8678e-05
1.2259e-05 0.00034823 0.002755 8.1944e-05 6.4212e-08 5.5206e-07 9.9606e-05
1.2083e-05 0.00034688 0.0027765 7.0407e-05 4.3976e-08 5.099e-07 0.0001005
1.1891e-05 0.00034553 0.0027974 5.8528e-05 2.1448e-08 4.608e-07 0.00010136
1.168e-05 0.00034416 0.0028176 4.6229e-05 2.1505e-08 4.0425e-07 0.00010219
1.145e-05 0.00034278 0.0028372 3.3492e-05 1.9822e-08 3.4015e-07 0.00010299
1.1199e-05 0.00034139 0.0028561 2.0293e-05 1.6391e-08 2.6832e-07 0.00010375
1.0926e-05 0.00033998 0.0028743 1.8284e-05 2.7443e-08 2.983e-07 0.00010447
1.0631e-05 0.00033856 0.0028918 1.6196e-05 3.6506e-08 3.2181e-07 0.00010516
1.0313e-05 0.00033712 0.0029087 1.4028e-05 4.36e-08 3.3888e-07 0.00010581
9.2462e-06 0.00033571 0.0029273 1.207e-05 5.0916e-08 3.5874e-07 0.00010651
8.117e-06 0.00033428 0.0029453 1.0038e-05 5.6249e-08 3.7215e-07 0.00010718
7.1501e-06 0.00033288 0.0029649 8.2001e-06 6.1832e-08 3.8838e-07 0.00010789
6.3218e-06 0.0003315 0.0029863 6.5365e-06 6.7741e-08 4.0763e-07 0.00010865
5.6175e-06 0.00033015 0.0030097 5.0375e-06 7.4151e-08 4.3054e-07 0.00010945
5.0184e-06 0.00032882 0.0030351 3.6861e-06 8.1163e-08 4.5746e-07 0.00011031
4.9934e-06 0.00032747 0.0030596 3.515e-06 8.599e-08 4.7721e-07 0.00011113
4.9572e-06 0.00032611 0.0030833 3.3315e-06 8.8677e-08 4.8998e-07 0.00011191
4.9405e-06 0.00032477 0.0031089 3.1661e-06 9.1741e-08 5.0586e-07 0.00011274
4.9423e-06 0.00032345 0.0031363 3.017e-06 9.5175e-08 5.2486e-07 0.00011361
4.9369e-06 0.00032213 0.0031632 2.8599e-06 9.6774e-08 5.3809e-07 0.00011445
4.9463e-06 0.00032081 0.0031917 2.7147e-06 9.8444e-08 5.5326e-07 0.00011532
4.9498e-06 0.00031949 0.0032198 2.5632e-06 9.8402e-08 5.6314e-07 0.00011617
4.9669e-06 0.00031818 0.0032494 2.4217e-06 9.8316e-08 5.7456e-07 0.00011705
4.9973e-06 0.00031689 0.0032805 2.2895e-06 9.8163e-08 5.8749e-07 0.00011796
5.0223e-06 0.00031559 0.0033113 2.1515e-06 9.634e-08 5.9528e-07 0.00011885
5.0607e-06 0.0003143 0.0033436 2.0222e-06 9.443e-08 6.0458e-07 0.00011977
5.1122e-06 0.00031302 0.0033775 1.9002e-06 9.2354e-08 6.1516e-07 0.00012071
5.1581e-06 0.00031174 0.003411 1.7727e-06 8.8615e-08 6.2058e-07 0.00012163
5.1986e-06 0.00031045 0.0034441 1.6396e-06 8.3208e-08 6.2082e-07 0.00012253
5.233e-06 0.00030915 0.0034768 1.5005e-06 7.608e-08 6.1568e-07 0.00012341
5.2818e-06 0.00030787 0.0035111 1.3695e-06 6.8888e-08 6.123e-07 0.00012432
5.3248e-06 0.00030657 0.0035451 1.2328e-06 6.0006e-08 6.0363e-07 0.0001252
5.3822e-06 0.00030529 0.0035808 1.1035e-06 5.0986e-08 5.9656e-07 0.00012612
5.4325e-06 0.00030401 0.0036159 9.6784e-07 4.0198e-08 5.8381e-07 0.00012701
5.5003e-06 0.00030273 0.0036531 8.4074e-07 2.9413e-08 5.7349e-07 0.00012793
5.5597e-06 0.00030145 0.0036895 7.0663e-07 3.9429e-08 5.571e-07 0.00012883
5.6094e-06 0.00030019 0.0037252 7.5021e-07 4.7548e-08 5.3422e-07 0.0001297
5.6505e-06 0.00029891 0.0037601 7.8824e-07 5.3831e-08 5.0506e-07 0.00013053
5.7098e-06 0.00029766 0.0037971 8.2968e-07 6.0054e-08 4.7864e-07 0.0001314
5.7867e-06 0.00029641 0.0038363 8.7435e-07 6.6187e-08 4.5431e-07 0.00013231
5.8556e-06 0.00029516 0.0038747 9.1365e-07 7.0512e-08 4.2411e-07 0.0001332
5.9166e-06 0.0002939 0.0039125 9.4764e-07 7.3046e-08 3.8808e-07 0.00013405
5.9699e-06 0.00029263 0.0039497 9.7638e-07 7.3795e-08 3.4621e-07 0.00013488
6.041e-06 0.00029137 0.003989 1.0084e-06 7.4466e-08 3.0644e-07 0.00013574
6.1042e-06 0.00029011 0.0040276 1.0351e-06 7.3347e-08 2.6089e-07 0.00013658
5.8832e-06 0.00028886 0.0040683 1.0651e-06 7.2105e-08 2.1699e-07 0.00013745
5.69e-06 0.00028762 0.0041114 1.0987e-06 7.0794e-08 1.7466e-07 0.00013836
5.5221e-06 0.0002864 0.004157 1.1363e-06 6.9405e-08 1.3351e-07 0.00013931
5.3456e-06 0.00028519 0.0042019 1.1686e-06 6.6271e-08 1.7221e-07 0.00014024
5.1602e-06 0.00028398 0.0042461 1.1957e-06 6.1397e-08 2.0563e-07 0.00014113
4.9609e-06 0.00028275 0.0042895 1.2173e-06 5.4725e-08 2.3361e-07 0.00014207
4.7864e-06 0.00028152 0.0043353 1.2424e-06 4.7892e-08 2.6211e-07 0.00014298
4.6032e-06 0.00028028 0.0043804 1.2623e-06 3.9332e-08 2.8535e-07 0.00014387
4.4403e-06 0.00027904 0.0044277 1.2852e-06 3.0457e-08 3.088e-07 0.00014479
4.2697e-06 0.00027781 0.0044744 1.3031e-06 4.557e-08 3.2711e-07 0.00014568
4.0917e-06 0.00027656 0.0045205 1.3162e-06 5.8943e-08 3.4037e-07 0.00014655
3.933e-06 0.00027532 0.0045689 1.3322e-06 7.2368e-08 3.5384e-07 0.00014745
3.7682e-06 0.00027408 0.0046168 1.3437e-06 8.4108e-08 3.6246e-07 0.00014832
3.6213e-06 0.00027285 0.0046669 1.3579e-06 9.5943e-08 3.7127e-07 0.00014924
3.4684e-06 0.00027161 0.0047166 1.3677e-06 1.0609e-07 3.7525e-07 0.00015012
3.3322e-06 0.00027039 0.0047685 1.3803e-06 1.1638e-07 3.7943e-07 0.00015105
3.1897e-06 0.00026916 0.0048199 1.3883e-06 1.2492e-07 3.7865e-07 0.00015194
3.0627e-06 0.00026793 0.0048737 1.3991e-06 1.3365e-07 3.7807e-07 0.00015287
2.95e-06 0.00026672 0.00493 1.4128e-06 1.4261e-07 3.7768e-07 0.00015384
2.8505e-06 0.00026552 0.0049888 1.4295e-06 1.5185e-07 3.7749e-07 0.00015483
2.7454e-06 0.00026432 0.005047 1.4414e-06 1.5932e-07 3.7234e-07 0.00015581
2.6528e-06 0.00026312 0.0051078 1.4564e-06 1.6711e-07 3.6736e-07 0.00015681
2.5547e-06 0.00026192 0.0051681 1.4667e-06 1.7312e-07 3.5743e-07 0.0001578
2.4518e-06 0.00026071 0.0052278 1.4724e-06 1.7741e-07 3.4268e-07 0.00015876
2.3607e-06 0.00025951 0.0052902 1.4811e-06 1.8204e-07 3.2807e-07 0.00015975
2.2647e-06 0.0002583 0.0053521 1.4853e-06 1.8495e-07 3.0865e-07 0.00016073
2.1799e-06 0.00025711 0.0054168 1.4926e-06 1.8821e-07 2.8929e-07 0.00016173
2.0899e-06 0.00025591 0.0054808 1.4951e-06 1.8969e-07 2.6501e-07 0.00016272
2.0105e-06 0.00025472 0.0055477 1.5007e-06 1.9155e-07 2.407e-07 0.00016374
1.9401e-06 0.00025354 0.0056175 1.5091e-06 1.937e-07 2.1602e-07 0.00016479
1.8788e-06 0.00025237 0.0056905 1.5207e-06 1.9626e-07 1.9104e-07 0.00016587
1.8259e-06 0.00025121 0.0057667 1.5355e-06 1.9924e-07 1.6562e-07 0.000167
1.781e-06 0.00025006 0.0058463 1.5536e-06 2.0268e-07 1.3961e-07 0.00016816
1.7317e-06 0.0002489 0.0059251 1.5669e-06 2.0429e-07 2.0813e-07 0.00016929
1.6895e-06 0.00024776 0.0060073 1.5832e-06 2.0628e-07 2.7859e-07 0.00017046
1.6542e-06 0.00024662 0.006093 1.6028e-06 2.0867e-07 3.5143e-07 0.00017167
1.626e-06 0.0002455 0.0061826 1.626e-06 2.1159e-07 4.2753e-07 0.00017291
1.5936e-06 0.00024436 0.0062714 1.6443e-06 2.127e-07 4.98e-07 0.00017413
1.5568e-06 0.00024322 0.0063592 1.6577e-06 2.1197e-07 5.6268e-07 0.00017533
1.5134e-06 0.00024207 0.0064459 1.6656e-06 2.0923e-07 1.2324e-06 0.00018273
1.465e-06 0.00024092 0.0065316 1.6681e-06 2.0455e-07 1.8841e-06 0.00019008
1.4238e-06 0.00023977 0.0066211 1.6743e-06 2.0039e-07 2.5852e-06 0.00019758
1.3896e-06 0.00023864 0.0067147 1.6845e-06 1.968e-07 3.3428e-06 0.00020523
1.3616e-06 0.00023751 0.0068125 1.6981e-06 1.9363e-07 4.1581e-06 0.00021304
1.3295e-06 0.00023638 0.0069093 1.707e-06 1.8868e-07 4.9559e-06 0.0002208
1.3034e-06 0.00023526 0.00692 1.7194e-06 1.8413e-07 5.8153e-06 0.00022872
1.273e-06 0.00023413 0.0069304 1.7267e-06 1.7774e-07 6.6544e-06 0.00023659
1.2384e-06 0.00023299 0.0069404 1.7291e-06 1.6951e-07 7.4741e-06 0.00024441
1.2098e-06 0.00023187 0.0069517 1.7352e-06 1.6173e-07 8.3598e-06 0.00025239
1.187e-06 0.00023075 0.0069643 1.7452e-06 1.5434e-07 9.3174e-06 0.00026054
1.1603e-06 0.00022963 0.0069765 1.7505e-06 1.452e-07 1.0256e-05 0.00026864
1.1391e-06 0.00022852 0.0069901 1.7596e-06 1.3642e-07 1.1271e-05 0.00027692
1.1234e-06 0.00022742 0.0070051 1.7728e-06 1.2797e-07 1.2371e-05 0.00028537
1.1129e-06 0.00022633 0.0070214 1.7901e-06 1.1979e-07 1.3564e-05 0.00029399
1.1077e-06 0.00022523 0.0070392 1.8117e-06 1.1187e-07 1.4859e-05 0.00030281
1.1073e-06 0.00022413 0.0070585 1.8374e-06 1.0405e-07 1.6259e-05 0.0003118
1.103e-06 0.00022304 0.0070774 1.8581e-06 9.4499e-08 1.7631e-05 0.00032075
1.1041e-06 0.00022195 0.0070978 1.8833e-06 8.5113e-08 1.9122e-05 0.00032991
1.101e-06 0.00022086 0.0071178 1.9033e-06 7.3943e-08 2.0578e-05 0.00033901
1.0941e-06 0.00021975 0.0071374 1.9182e-06 6.1037e-08 2.2003e-05 0.00034806
1.0831e-06 0.00021865 0.0073778 1.9278e-06 8.2514e-08 2.3394e-05 0.00035705
1.068e-06 0.00021753 0.0076158 1.9322e-06 1.0211e-07 2.4755e-05 0.00036599
1.0491e-06 0.0002164 0.0078516 1.9316e-06 1.1985e-07 2.6086e-05 0.00037488
1.0263e-06 0.00021527 0.0080852 1.9259e-06 1.3576e-07 2.7391e-05 0.00038372
1.0079e-06 0.00021415 0.0083285 1.924e-06 1.5213e-07 2.8796e-05 0.00039273
9.942e-07 0.00021304 0.0085822 1.926e-06 1.6915e-07 3.0315e-05 0.00040192
9.7692e-07 0.00021192 0.0088341 1.9233e-06 1.8438e-07 3.1809e-05 0.00041107
9.5609e-07 0.00021079 0.0090841 1.9158e-06 1.9781e-07 3.3276e-05 0.00042018
9.3943e-07 0.00020968 0.0093443 1.912e-06 2.1185e-07 3.4857e-05 0.00042947
9.1924e-07 0.00020855 0.0096025 1.9035e-06 2.2408e-07 3.641e-05 0.00043871
9.0311e-07 0.00020744 0.0098714 1.8985e-06 2.3697e-07 3.8084e-05 0.00044813
8.9125e-07 0.00020633 0.010152 1.8976e-06 2.5071e-07 3.9896e-05 0.00045775
8.8328e-07 0.0002052 0.010444 1.9004e-06 2.6531e-07 4.0064e-05 0.00046756
8.7942e-07 0.00020408 0.010749 1.9072e-06 2.8094e-07 4.0274e-05 0.00047757
8.7929e-07 0.00020297 0.011067 1.9178e-06 2.9757e-07 4.0527e-05 0.00048778
8.8288e-07 0.00020187 0.011398 1.9321e-06 3.153e-07 4.0822e-05 0.0004982
8.9057e-07 0.00020077 0.011743 1.9505e-06 3.3436e-07 4.1164e-05 0.00050883
9.0242e-07 0.00019969 0.012103 1.9732e-06 3.5486e-07 4.1556e-05 0.00051969
9.1076e-07 0.0001986 0.01246 1.9911e-06 3.7341e-07 4.1933e-05 0.00053049
9.2302e-07 0.00019752 0.012832 2.0129e-06 3.9336e-07 4.2359e-05 0.00054151
9.3175e-07 0.00019643 0.013202 2.0299e-06 4.1133e-07 4.277e-05 0.00055248
9.4485e-07 0.00019535 0.013272 2.0513e-06 4.3095e-07 4.3234e-05 0.00056368
9.5419e-07 0.00019426 0.013341 2.0676e-06 4.4849e-07 4.3682e-05 0.00057482
9.679e-07 0.00019318 0.013414 2.0882e-06 4.6772e-07 4.4185e-05 0.00058619
9.7789e-07 0.0001921 0.013486 2.1039e-06 4.8486e-07 4.467e-05 0.0005975
9.9228e-07 0.00019102 0.013562 2.1239e-06 5.0377e-07 4.5213e-05 0.00060905
1.0109e-06 0.00018995 0.01364 2.148e-06 5.2438e-07 4.5812e-05 0.00062082
1.0257e-06 0.00018888 0.013719 2.1671e-06 5.4288e-07 4.6393e-05 0.00063254
1.0368e-06 0.00018779 0.013796 2.1811e-06 5.5927e-07 4.6957e-05 0.0006442
1.0525e-06 0.00018672 0.013877 2.1996e-06 5.7759e-07 4.7582e-05 0.00065609
1.0647e-06 0.00018564 0.013957 2.2133e-06 5.9388e-07 4.8191e-05 0.00066794
1.0733e-06 0.00018455 0.014037 2.2222e-06 6.0815e-07 4.8784e-05 0.00067974
1.0866e-06 0.00018348 0.01412 2.2357e-06 6.2441e-07 4.9441e-05 0.00069178
1.0963e-06 0.00018239 0.014203 2.2443e-06 6.3863e-07 5.0081e-05 0.00070377
1.1105e-06 0.00018131 0.014289 2.2571e-06 6.5476e-07 5.0784e-05 0.000716
1.1211e-06 0.00018023 0.014375 2.2651e-06 6.6882e-07 5.1471e-05 0.00072817
1.128e-06 0.00017914 0.014459 2.2682e-06 6.8081e-07 5.2139e-05 0.00074063
1.1313e-06 0.00017804 0.014543 2.2664e-06 6.9074e-07 5.279e-05 0.00075304
1.1307e-06 0.00017694 0.014626 2.2594e-06 6.9848e-07 5.3421e-05 0.00076539
1.1347e-06 0.00017584 0.014714 2.2567e-06 7.0817e-07 5.4118e-05 0.00077798
1.135e-06 0.00017474 0.014801 2.2492e-06 7.158e-07 5.4796e-05 0.00079052
1.1402e-06 0.00017365 0.014891 2.2463e-06 7.2555e-07 5.5546e-05 0.00080333
1.1502e-06 0.00017256 0.014986 2.248e-06 7.3749e-07 5.6372e-05 0.0008164
1.1649e-06 0.00017148 0.015085 2.2538e-06 7.5149e-07 5.7273e-05 0.00082973
1.1757e-06 0.0001704 0.015183 2.2546e-06 7.633e-07 5.8152e-05 0.00084299
1.1829e-06 0.00016931 0.015281 2.2505e-06 7.7304e-07 5.9012e-05 0.0008562
1.1948e-06 0.00016822 0.015382 2.2506e-06 7.8487e-07 5.995e-05 0.00086967
1.2028e-06 0.00016713 0.015483 2.2457e-06 7.945e-07 6.0866e-05 0.00088308
1.2069e-06 0.00016604 0.015583 2.2356e-06 8.0194e-07 6.1759e-05 0.00089642
1.2158e-06 0.00016495 0.015687 2.2298e-06 8.1149e-07 6.2732e-05 0.00091003
1.2208e-06 0.00016385 0.015789 2.2189e-06 8.1885e-07 6.3683e-05 0.00092357
1.2221e-06 0.00016274 0.015892 2.2031e-06 8.2412e-07 6.4613e-05 0.00093706
1.2199e-06 0.00016163 0.015993 2.1826e-06 8.2732e-07 6.5522e-05 0.00095049
1.2223e-06 0.00016053 0.016099 2.1662e-06 8.3264e-07 6.6515e-05 0.00096419
1.2294e-06 0.00015944 0.016209 2.1538e-06 8.4011e-07 6.7596e-05 0.00097816
1.2329e-06 0.00015833 0.016318 2.1367e-06 8.455e-07 6.8655e-05 0.00099207
1.2415e-06 0.00015724 0.016433 2.1239e-06 8.5326e-07 6.9813e-05 0.0010063
1.2463e-06 0.00015614 0.016546 2.1062e-06 8.5881e-07 7.0944e-05 0.0010204
1.2472e-06 0.00015503 0.016658 2.0834e-06 8.6215e-07 7.2049e-05 0.0010345
1.2532e-06 0.00015393 0.016775 2.065e-06 8.6788e-07 7.3256e-05 0.0010488
1.264e-06 0.00015284 0.016898 2.0504e-06 8.7585e-07 7.4567e-05 0.0010635
1.271e-06 0.00015174 0.017019 2.0309e-06 8.8159e-07 7.5849e-05 0.0010781
1.2829e-06 0.00015065 0.017145 2.0153e-06 8.896e-07 7.724e-05 0.001093
1.291e-06 0.00014955 0.017271 1.9949e-06 8.955e-07 7.8605e-05 0.0011078
1.3046e-06 0.00014846 0.017402 1.9786e-06 9.0389e-07 8.0091e-05 0.0011229
1.3144e-06 0.00014736 0.017532 1.9577e-06 9.1016e-07 8.1549e-05 0.001138
1.3205e-06 0.00014626 0.017661 1.9319e-06 9.1431e-07 8.298e-05 0.001153
1.3317e-06 0.00014516 0.017795 1.91e-06 9.2078e-07 8.2753e-05 0.0011683
1.348e-06 0.00014407 0.017935 1.8917e-06 9.2961e-07 8.2583e-05 0.0011839
1.3603e-06 0.00014297 0.018074 1.8684e-06 9.3618e-07 8.2395e-05 0.0011994
1.3782e-06 0.00014188 0.018219 1.8492e-06 9.4534e-07 8.2267e-05 0.0012153
1.4019e-06 0.0001408 0.018371 1.8338e-06 9.5714e-07 8.2199e-05 0.0012315
1.4317e-06 0.00013973 0.018529 1.8222e-06 9.7166e-07 8.2188e-05 0.001248
1.4576e-06 0.00013865 0.018686 1.806e-06 9.8402e-07 8.2163e-05 0.0012645
1.4893e-06 0.00013757 0.018849 1.7932e-06 9.9894e-07 8.2193e-05 0.0012813
1.5169e-06 0.00013649 0.019012 1.7755e-06 1.0116e-06 8.2205e-05 0.001298
1.5406e-06 0.00013902 0.019172 1.7532e-06 1.022e-06 8.2202e-05 0.0013147
1.5601e-06 0.00014154 0.019332 1.7259e-06 1.0301e-06 8.2182e-05 0.0013313
1.5756e-06 0.00014406 0.01949 1.6936e-06 1.0359e-06 8.2144e-05 0.0013478
1.587e-06 0.00014656 0.019646 1.6565e-06 1.0394e-06 8.2088e-05 0.0013642
1.6046e-06 0.00014909 0.01981 1.6231e-06 1.0457e-06 8.2091e-05 0.001381
1.6282e-06 0.00015163 0.01998 1.5932e-06 1.0547e-06 8.215e-05 0.0013981
1.6476e-06 0.00015416 0.020149 1.5583e-06 1.0613e-06 8.2192e-05 0.0014152
1.6628e-06 0.00015668 0.020316 1.5185e-06 1.0655e-06 8.2215e-05 0.0014321
1.6841e-06 0.00015922 0.02049 1.482e-06 1.0725e-06 8.2295e-05 0.0014494
1.7015e-06 0.00016176 0.020663 1.4409e-06 1.0772e-06 8.2359e-05 0.0014667
1.7257e-06 0.00016431 0.020844 1.4033e-06 1.0848e-06 8.2484e-05 0.0014843
1.7455e-06 0.00016685 0.021023 1.3608e-06 1.0901e-06 8.2589e-05 0.0015018
1.584e-06 0.00016941 0.02121 1.3219e-06 1.0984e-06 8.2757e-05 0.0015197
1.4382e-06 0.00017196 0.021406 1.2865e-06 1.1099e-06 8.2989e-05 0.001538
1.3058e-06 0.00017453 0.021611 1.2541e-06 1.1244e-06 8.3282e-05 0.0015567
1.1863e-06 0.00017712 0.021825 1.2249e-06 1.1422e-06 8.3643e-05 0.0015758
1.078e-06 0.00017972 0.022048 1.1987e-06 1.1634e-06 8.4072e-05 0.0015953
9.8014e-07 0.00018235 0.022282 1.1754e-06 1.1881e-06 8.4574e-05 0.0016153
8.7678e-07 0.00018496 0.022513 1.147e-06 1.2101e-06 8.5051e-05 0.0016351
9.3557e-07 0.00018756 0.022741 1.1132e-06 1.2291e-06 8.5499e-05 0.0016548
8.9561e-07 0.00019001 0.022983 1.084e-06 1.2532e-06 8.6044e-05 0.0016751
8.5028e-07 0.00019244 0.02322 1.049e-06 1.2738e-06 8.6552e-05 0.0016952
8.1176e-07 0.00019489 0.02347 1.0179e-06 1.2992e-06 8.7153e-05 0.0017158
7.7943e-07 0.00019737 0.023734 9.9057e-07 1.3296e-06 8.7851e-05 0.001737
7.5286e-07 0.00019986 0.024012 9.668e-07 1.3653e-06 8.8655e-05 0.0017587
7.3216e-07 0.00020239 0.024306 9.4688e-07 1.4072e-06 8.958e-05 0.001781
7.0691e-07 0.0002049 0.024596 9.215e-07 1.4455e-06 9.0463e-05 0.0018032
6.7688e-07 0.0002074 0.024881 8.9049e-07 1.48e-06 9.1304e-05 0.0018252
6.5367e-07 0.00020993 0.025185 8.642e-07 1.5219e-06 9.2287e-05 0.0018478
6.2678e-07 0.00021244 0.025482 1.0417e-06 1.5594e-06 9.3216e-05 0.0018703
6.0616e-07 0.00021498 0.025799 1.2355e-06 1.6045e-06 9.4293e-05 0.0018934
5.8043e-07 0.00021751 0.026109 1.419e-06 1.6451e-06 9.5313e-05 0.0019163
5.4941e-07 0.00022002 0.026413 1.5922e-06 1.6811e-06 9.6276e-05 0.001939
5.1296e-07 0.00022252 0.02671 1.7552e-06 1.7125e-06 9.7182e-05 0.0019614
4.7089e-07 0.00022501 0.027 2.9473e-06 2.0695e-06 9.8031e-05 0.0019836
5.2952e-07 0.00022747 0.027281 4.0881e-06 2.4076e-06 9.8818e-05 0.0020054
5.8156e-07 0.00022993 0.027556 5.1828e-06 2.729e-06 9.9547e-05 0.0020271
6.4248e-07 0.00023241 0.027848 6.3843e-06 3.0887e-06 0.00010041 0.002031
6.9695e-07 0.00023487 0.028134 7.5418e-06 3.4323e-06 0.00010121 0.0020349
7.453e-07 0.00023732 0.028415 8.6585e-06 3.761e-06 0.00010197 0.0020387
8.0265e-07 0.0002398 0.028712 9.8825e-06 4.1283e-06 0.00010286 0.0020427
8.702e-07 0.00024231 0.029028 1.1224e-05 4.5389e-06 0.00010389 0.0020469
9.4948e-07 0.00024484 0.029363 1.2697e-05 4.9981e-06 0.00010508 0.0020514
1.0213e-06 0.00024736 0.029691 1.4118e-05 5.4378e-06 0.0001062 0.0020558
1.0866e-06 0.00024986 0.030013 1.5494e-05 5.8608e-06 0.00010727 0.0020601
1.1647e-06 0.0002524 0.030356 1.7012e-05 6.3367e-06 0.00010851 0.0020647
1.2571e-06 0.00025496 0.03072 1.868e-05 6.8701e-06 0.00010993 0.0020695
2.0027e-06 0.00025756 0.031077 2.0291e-05 7.3817e-06 0.00011129 0.0020742
2.7054e-06 0.00026013 0.031426 2.184e-05 7.8692e-06 0.00011256 0.0020788
3.3681e-06 0.00026269 0.031769 2.333e-05 8.334e-06 0.00011377 0.0020834
4.154e-06 0.00026528 0.032131 2.4967e-05 8.8551e-06 0.00011515 0.0020881
4.8957e-06 0.00026786 0.032486 2.6543e-05 9.3524e-06 0.00011646 0.0020928
5.7506e-06 0.00027046 0.032863 2.8274e-05 9.9095e-06 0.00011796 0.0020977
6.5579e-06 0.00027305 0.033231 2.994e-05 1.0441e-05 0.00011937 0.0021025
7.3265e-06 0.00027563 0.033594 3.1605e-05 1.0953e-05 0.00012073 0.0021072
8.2174e-06 0.00027823 0.033978 3.3268e-05 1.1528e-05 0.00012228 0.0021121
9.2509e-06 0.00028087 0.034386 3.4929e-05 1.2175e-05 0.00012404 0.0021174
1.0228e-05 0.00028349 0.034785 3.6588e-05 1.2794e-05 0.00012573 0.0021225
1.1364e-05 0.00028614 0.034884 3.8246e-05 1.3491e-05 0.00012765 0.0021279
1.2688e-05 0.00028883 0.034882 3.9903e-05 1.4278e-05 0.00012983 0.0021336
1.3937e-05 0.00029149 0.034878 4.1557e-05 1.5029e-05 0.00013191 0.0021392
1.5115e-05 0.00029414 0.034872 4.321e-05 1.5746e-05 0.00013389 0.0021446
