Ailuropoda_melanoleuca Callorhinus_ursinus Canis_lupus Enhydra_lutris Eumetopias_jubatus Leptonychotes_weddellii Lontra_canadensis Mirounga_leonina Monachus_schauinslandi Mustela_putorius
0.00015166 0.0012087 0.0024746 0.00047948 0.00079822 0.0057339 0.0062396 0.00053668 0.021572 0.00022026
0.00015003 0.0012053 0.0024711 0.0004758 0.00079655 0.0057339 0.0062379 0.00053301 0.021575 0.0002179
0.00014846 0.0012018 0.0024676 0.0004723 0.0007949 0.0057339 0.0062361 0.00052941 0.021578 0.00021563
8.3499e-05 0.0010614 0.0023247 0.00032734 0.0007271 0.0057611 0.0061655 0.00040007 0.021717 0.00012167
8.1813e-05 0.0010578 0.0023211 0.00032356 0.00072536 0.0057622 0.0061637 0.00039709 0.021721 0.00011923
8.0101e-05 0.0010542 0.0023174 0.0003197 0.00072362 0.0057635 0.0061618 0.00039417 0.021725 0.00011676
7.8461e-05 0.0010506 0.0023137 0.00031575 0.00072189 0.0057647 0.0061599 0.00039122 0.021728 0.00011679
7.6896e-05 0.001047 0.0023101 0.00031205 0.00072018 0.0057661 0.0061581 0.00038835 0.021733 0.00011685
7.5305e-05 0.0010435 0.0023066 0.00030826 0.00071847 0.0057674 0.0061562 0.00038545 0.021737 0.0001169
7.369e-05 0.0010399 0.002303 0.0003044 0.00071674 0.0057687 0.0061544 0.00038252 0.021741 0.00011693
7.2147e-05 0.0010364 0.0022994 0.00030046 0.00071504 0.0057699 0.0061525 0.00037956 0.021744 0.00011694
7.058e-05 0.0010328 0.0022958 0.00029644 0.00071332 0.0057713 0.0061505 0.00037667 0.021749 0.00011693
6.9083e-05 0.0010293 0.0022922 0.00029233 0.00071163 0.0057726 0.0061486 0.00037375 0.021753 0.0001169
6.7562e-05 0.0010257 0.0022886 0.00028847 0.00070992 0.0057739 0.0061467 0.0003708 0.021756 0.00011692
6.6109e-05 0.0010222 0.002285 0.00028485 0.00070824 0.0057596 0.0061449 0.00036794 0.021761 0.00011698
6.4633e-05 0.0010187 0.0022814 0.00028115 0.00070655 0.0057453 0.0061431 0.00036506 0.021765 0.00011702
6.3134e-05 0.0010152 0.0022778 0.00027736 0.00070485 0.005731 0.0061412 0.00036217 0.021769 0.00011704
6.161e-05 0.0010116 0.0022742 0.00027351 0.00070314 0.0057168 0.0061394 0.00035927 0.021773 0.00011705
6.0063e-05 0.001008 0.0022706 0.00026957 0.00070142 0.0057025 0.0061375 0.00035637 0.021778 0.00011704
5.8579e-05 0.0010045 0.002267 0.00026555 0.00069972 0.0056882 0.0061355 0.00035347 0.021782 0.00011701
5.716e-05 0.001001 0.0022633 0.00026145 0.00069804 0.005674 0.0061336 0.00035056 0.021786 0.00011697
5.5799e-05 0.00099753 0.0022597 0.00025726 0.00069637 0.0056597 0.0061315 0.00034765 0.02179 0.00011696
5.4417e-05 0.00099404 0.0022561 0.00025298 0.0006947 0.0056455 0.0061295 0.00034473 0.021795 0.00011699
5.3096e-05 0.00099058 0.0022526 0.00024895 0.00069305 0.0056312 0.0061275 0.00034181 0.021799 0.00011706
5.1753e-05 0.00098711 0.002249 0.00024484 0.00069139 0.005617 0.0061255 0.00033888 0.021803 0.00011711
5.0389e-05 0.00098362 0.0022454 0.00024065 0.00068971 0.0056028 0.0061234 0.00033595 0.021807 0.00011715
4.6171e-05 0.00098016 0.0022418 0.00023671 0.00068806 0.0055885 0.0061215 0.00033301 0.021812 0.00011723
4.1896e-05 0.00097669 0.0022382 0.00023268 0.0006864 0.0055743 0.0061195 0.00033007 0.021816 0.00011729
3.7802e-05 0.00097325 0.0022347 0.00022857 0.00068476 0.0055601 0.0061175 0.00032712 0.02182 0.00011733
3.3883e-05 0.00096984 0.0022312 0.00022471 0.00068314 0.0055459 0.0061156 0.00032417 0.021824 0.00011741
3.013e-05 0.00096647 0.0022277 0.00022076 0.00068153 0.0055317 0.0061137 0.00032121 0.021829 0.00011747
2.6536e-05 0.00096312 0.0022243 0.00021704 0.00067995 0.0055175 0.0061118 0.00031825 0.021833 0.00011757
2.2884e-05 0.00095981 0.0022209 0.00021325 0.00067838 0.0055034 0.0061099 0.00031528 0.021837 0.00011766
1.9386e-05 0.00095653 0.0022175 0.00020938 0.00067683 0.0054892 0.006108 0.00031231 0.021841 0.00011772
1.4132e-05 0.00095328 0.0022142 0.00020574 0.00067529 0.005475 0.0061062 0.00030934 0.021846 0.00011783
1.2969e-05 0.00095001 0.0022108 0.00020202 0.00067375 0.0054609 0.0061043 0.00030636 0.02185 0.00011792
1.1788e-05 0.00094673 0.0022075 0.00019823 0.0006722 0.0054467 0.0061024 0.00030337 0.021854 0.00011799
1.0652e-05 0.00094348 0.0022042 0.00019436 0.00067067 0.0054326 0.0061005 0.00030038 0.021859 0.00011804
9.4976e-06 0.00094021 0.0022009 0.00019041 0.00066913 0.0054184 0.0060986 0.00029739 0.021863 0.00011808
8.9824e-06 0.00093693 0.0021976 0.00018639 0.00066758 0.0054043 0.0060966 0.00029439 0.021867 0.0001181
8.4564e-06 0.00093363 0.0021943 0.00018229 0.00066602 0.0053902 0.0060946 0.00029138 0.021871 0.0001181
7.9519e-06 0.00093036 0.0021911 0.00017811 0.00066448 0.005376 0.0060925 0.00028837 0.021876 0.00011808
7.96e-06 0.00092708 0.0021878 0.00017384 0.00066293 0.0053619 0.0060904 0.00028536 0.02188 0.00011804
7.9614e-06 0.00092379 0.0021845 0.0001695 0.00066138 0.0053478 0.0060883 0.00028234 0.021884 0.00011799
7.9699e-06 0.00092052 0.0021813 0.0001654 0.00065984 0.0053337 0.0060863 0.00027932 0.021889 0.00011797
7.9716e-06 0.00091724 0.002178 0.00016121 0.00065829 0.0053196 0.0060843 0.00027629 0.021893 0.00011794
7.9668e-06 0.00091395 0.0021748 0.00015695 0.00065674 0.0053055 0.0060822 0.00027325 0.021897 0.00011789
7.9552e-06 0.00091064 0.0021716 0.00015261 0.00065518 0.0052914 0.0060801 0.00027022 0.021902 0.00011782
8.0039e-06 0.00090731 0.0021683 0.00014818 0.00065361 0.0052773 0.0060779 0.00026717 0.021906 0.00011773
8.0422e-06 0.00090402 0.0021651 0.00014368 0.00065205 0.0052633 0.0060758 0.00026413 0.02191 0.00011763
8.0737e-06 0.00090071 0.0021618 0.00013908 0.00065049 0.0052492 0.0060736 0.00026107 0.021915 0.00011751
8.0982e-06 0.00089743 0.0021586 0.00013439 0.00064894 0.0052351 0.0060713 0.00025802 0.021919 0.00011743
8.1159e-06 0.00089413 0.0021553 0.00012961 0.00064739 0.0052211 0.006069 0.00025495 0.021923 0.00011734
8.127e-06 0.00089082 0.002152 0.00012474 0.00064583 0.005207 0.0060667 0.00025189 0.021928 0.00011723
8.1314e-06 0.0008875 0.0021487 0.00011978 0.00064426 0.005193 0.0060643 0.00024881 0.021932 0.0001171
8.1422e-06 0.0008842 0.0021454 0.00011508 0.00064271 0.005179 0.006062 0.00024574 0.021936 0.00011701
8.1463e-06 0.00088089 0.0021421 0.00011028 0.00064115 0.0051649 0.0060597 0.00024266 0.021941 0.0001169
8.1437e-06 0.00087756 0.0021388 0.0001054 0.00063958 0.0051509 0.0060574 0.00023957 0.021945 0.00011677
8.1482e-06 0.00087426 0.0021356 0.00010079 0.00063803 0.0051369 0.0060551 0.00023648 0.021949 0.00011668
8.146e-06 0.00087095 0.0021323 9.6087e-05 0.00063647 0.0051229 0.0060528 0.00023338 0.021954 0.00011658
8.1367e-06 0.00086763 0.002129 9.5891e-05 0.00063491 0.0051089 0.0060504 0.00023028 0.021958 0.00011645
8.1338e-06 0.00086433 0.0021258 9.5666e-05 0.00063336 0.005095 0.006048 0.00022725 0.021963 0.00011631
8.1242e-06 0.00086102 0.0021226 9.5412e-05 0.0006318 0.0050814 0.0060456 0.00022428 0.021968 0.00011615
8.1078e-06 0.00085769 0.0021193 9.5128e-05 0.00063023 0.0050677 0.0060431 0.00022128 0.021974 0.00011598
8.0844e-06 0.00085434 0.002116 9.4814e-05 0.00062865 0.005054 0.0060406 0.00021825 0.021979 0.00011579
8.0681e-06 0.00085103 0.0021128 9.4565e-05 0.0006271 0.0050404 0.0060382 0.00021529 0.021984 0.00011564
8.0588e-06 0.00084775 0.0021096 9.4286e-05 0.00062556 0.005027 0.0060357 0.00021239 0.021991 0.00011547
8.0558e-06 0.00084449 0.0021064 9.397e-05 0.00062403 0.0050138 0.0060331 0.00020955 0.021997 0.00011535
8.0451e-06 0.00084122 0.0021033 9.3718e-05 0.0006225 0.0050005 0.0060307 0.00020669 0.022004 0.00011526
8.0406e-06 0.00083798 0.0021002 9.3437e-05 0.00062098 0.0049875 0.0060282 0.00020388 0.022011 0.00011515
8.043e-06 0.00083477 0.0020971 9.3219e-05 0.00061948 0.0049745 0.0060258 0.00020113 0.022019 0.00011508
8.0517e-06 0.00083158 0.0020941 9.3057e-05 0.000618 0.0049618 0.0060234 0.00019844 0.022027 0.00011505
8.0673e-06 0.00082842 0.0020911 9.2957e-05 0.00061653 0.0049492 0.0060212 0.00019581 0.022036 0.00011506
8.0897e-06 0.00082529 0.0020881 9.2917e-05 0.00061508 0.0049368 0.006019 0.00019323 0.022045 0.00011511
8.1184e-06 0.00082219 0.0020851 9.2934e-05 0.00061365 0.0049244 0.006017 0.00019062 0.022054 0.00011519
8.1404e-06 0.00081907 0.0020822 9.2922e-05 0.0006122 0.0049119 0.0060149 0.000188 0.022063 0.00011526
8.1559e-06 0.00081594 0.0020792 9.2882e-05 0.00061075 0.0048993 0.0060127 0.00018535 0.022072 0.00011531
8.1782e-06 0.00081284 0.0020763 9.2903e-05 0.00060932 0.0048869 0.0060107 0.00018275 0.022081 0.00011539
8.2075e-06 0.00080972 0.0020734 9.2895e-05 0.00060788 0.0048745 0.0060086 0.00018013 0.02209 0.00011546
8.2432e-06 0.00080662 0.0020705 9.2944e-05 0.00060645 0.0048623 0.0060067 0.00017757 0.0221 0.00011557
8.2859e-06 0.00080356 0.0020676 9.2964e-05 0.00060504 0.0048502 0.0060046 0.00017505 0.02211 0.00011566
8.3351e-06 0.00080052 0.0020648 9.2953e-05 0.00060364 0.0048382 0.0060026 0.00017259 0.022121 0.00011573
8.3776e-06 0.00079747 0.002062 9.2915e-05 0.00060224 0.0048262 0.0060005 0.0001701 0.022131 0.00011579
8.4265e-06 0.00079444 0.0020592 9.2931e-05 0.00060085 0.0048144 0.0059985 0.00016766 0.022142 0.00011588
8.4819e-06 0.00079143 0.0020564 9.292e-05 0.00059948 0.0048027 0.0059964 0.00016527 0.022154 0.00011595
8.5435e-06 0.00078845 0.0020536 9.2963e-05 0.00059812 0.0047912 0.0059945 0.00016292 0.022166 0.00011606
8.6114e-06 0.0007855 0.0020509 9.3059e-05 0.00059677 0.0047798 0.0059926 0.00016062 0.022179 0.0001162
8.6859e-06 0.00078253 0.0020482 9.3129e-05 0.00059542 0.0047684 0.0059907 0.00015829 0.022191 0.00011633
8.754e-06 0.00077954 0.0020455 9.3173e-05 0.00059406 0.0047569 0.0059887 0.00015595 0.022204 0.00011644
8.8158e-06 0.00077655 0.0020428 9.3192e-05 0.00059269 0.0047454 0.0059868 0.00015358 0.022216 0.00011653
8.8842e-06 0.00077358 0.0020401 9.3186e-05 0.00059134 0.004734 0.0059848 0.00015126 0.022229 0.00011661
8.9591e-06 0.00077063 0.0020374 9.3233e-05 0.00059 0.0047228 0.0059829 0.00014898 0.022242 0.00011673
9.0406e-06 0.0007677 0.0020348 9.3333e-05 0.00058867 0.0047117 0.005981 0.00014674 0.022256 0.00011688
9.1289e-06 0.0007648 0.0020321 9.3408e-05 0.00058736 0.0047008 0.0059792 0.00014455 0.02227 0.00011701
9.2231e-06 0.00076192 0.0020295 9.3534e-05 0.00058606 0.00469 0.0059774 0.00014239 0.022285 0.00011718
9.3115e-06 0.00075903 0.0020268 9.3639e-05 0.00058476 0.0046791 0.0059756 0.00014021 0.022299 0.00011733
9.3944e-06 0.00075612 0.0020242 9.3723e-05 0.00058345 0.0046683 0.0059738 0.00013802 0.022314 0.00011747
9.4818e-06 0.00075324 0.0020215 9.3847e-05 0.00058215 0.0046575 0.005972 0.00013586 0.022329 0.00011764
9.5737e-06 0.00075037 0.0020189 9.401e-05 0.00058085 0.0046468 0.0059703 0.00013373 0.022344 0.00011783
9.6602e-06 0.00074749 0.0020163 9.4154e-05 0.00057956 0.0046362 0.0059686 0.00013159 0.022359 0.00011801
9.7523e-06 0.0007446 0.0020137 9.428e-05 0.00057826 0.0046255 0.0059669 0.00012942 0.022374 0.00011818
9.839e-06 0.0007417 0.002011 9.4388e-05 0.00057695 0.0046148 0.0059651 0.00012725 0.022389 0.00011834
9.9194e-06 0.00073882 0.0020084 9.4536e-05 0.00057566 0.0046042 0.0059634 0.00012511 0.022405 0.00011853
1.0004e-05 0.00073595 0.0020058 9.4724e-05 0.00057437 0.0045937 0.0059618 0.00012299 0.022421 0.00011874
1.0084e-05 0.00073308 0.0020032 9.4895e-05 0.00057308 0.0045831 0.0059601 0.00012085 0.022437 0.00011894
1.016e-05 0.00073019 0.0020005 9.5049e-05 0.00057178 0.0045726 0.0059585 0.00011871 0.022452 0.00011913
1.0239e-05 0.00072733 0.0019979 9.524e-05 0.0005705 0.0045621 0.0059569 0.00011659 0.022468 0.00011935
1.0322e-05 0.00072447 0.0019953 9.5465e-05 0.00056922 0.0045518 0.0059553 0.0001145 0.022485 0.00011959
1.0409e-05 0.00072163 0.0019928 9.5726e-05 0.00056795 0.0045415 0.0059538 0.00011242 0.022502 0.00011985
1.05e-05 0.0007188 0.0019902 9.6024e-05 0.00056669 0.0045314 0.0059524 0.00011038 0.022519 0.00012014
1.0596e-05 0.00071599 0.0019877 9.6357e-05 0.00056544 0.0045213 0.005951 0.00010835 0.022537 0.00012045
1.0678e-05 0.00071316 0.0019851 9.6673e-05 0.00056418 0.0045112 0.0059496 0.00010631 0.022554 0.00012075
1.0756e-05 0.00071033 0.0019826 9.6974e-05 0.00056292 0.0045011 0.0059482 0.00010426 0.022572 0.00012104
1.0837e-05 0.00070751 0.00198 9.7309e-05 0.00056166 0.0044911 0.0059468 0.00010224 0.022589 0.00012135
1.0913e-05 0.00070469 0.0019775 9.7628e-05 0.0005604 0.004481 0.0059454 0.0001002 0.022607 0.00012165
1.0985e-05 0.00070185 0.0019749 9.793e-05 0.00055914 0.004471 0.0059441 9.8146e-05 0.022625 0.00012195
1.1061e-05 0.00069903 0.0019724 9.8272e-05 0.00055789 0.004461 0.0059427 9.6117e-05 0.022643 0.00012227
1.1132e-05 0.0006962 0.0019698 9.8597e-05 0.00055663 0.004451 0.0059414 9.4076e-05 0.022661 0.00012257
1.1198e-05 0.00069336 0.0019672 9.8905e-05 0.00055536 0.004441 0.00594 9.2022e-05 0.022679 0.00012287
1.1259e-05 0.00069051 0.0019647 9.9196e-05 0.0005541 0.004431 0.0059386 8.9956e-05 0.022696 0.00012316
1.1324e-05 0.00068768 0.0019621 9.947e-05 0.00055284 0.0044211 0.0059372 8.7912e-05 0.022715 0.00012344
1.1394e-05 0.00068486 0.0019596 9.9727e-05 0.00055158 0.0044113 0.0059358 8.5893e-05 0.022733 0.00012371
1.1469e-05 0.00068205 0.0019571 0.00010002 0.00055034 0.0044016 0.0059345 8.3897e-05 0.022752 0.000124
1.1539e-05 0.00067924 0.0019545 0.0001003 0.0005491 0.0043918 0.0059331 8.1889e-05 0.022771 0.00012428
1.1604e-05 0.00067641 0.001952 0.00010057 0.00054785 0.0043821 0.0059317 7.9869e-05 0.02279 0.00012456
1.1673e-05 0.0006736 0.0019495 0.00010087 0.0005466 0.0043724 0.0059304 7.787e-05 0.022809 0.00012485
1.1738e-05 0.00067081 0.0019469 0.00010115 0.00054537 0.0043628 0.0059291 7.5891e-05 0.022829 0.00012514
1.1797e-05 0.000668 0.0019444 0.00010141 0.00054413 0.0043532 0.0059277 7.3901e-05 0.022848 0.00012542
1.186e-05 0.00066521 0.0019419 0.00010172 0.0005429 0.0043437 0.0059264 7.1931e-05 0.022868 0.00012572
1.1919e-05 0.0006624 0.0019393 0.000102 0.00054166 0.0043341 0.0059251 6.9949e-05 0.022888 0.00012601
1.1972e-05 0.00065959 0.0019368 0.00010227 0.00054042 0.0043246 0.0059238 6.7954e-05 0.022908 0.00012629
1.203e-05 0.0006568 0.0019343 0.00010258 0.00053919 0.0043151 0.0059225 6.5983e-05 0.022928 0.0001266
1.2083e-05 0.00065399 0.0019318 0.00010287 0.00053795 0.0043057 0.0059212 6.3999e-05 0.022948 0.00012689
1.2131e-05 0.00065118 0.0019292 0.00010315 0.00053671 0.0042962 0.0059199 6.2001e-05 0.022968 0.00012718
1.2185e-05 0.00064838 0.0019267 0.00010346 0.00053548 0.0042868 0.0059187 6.0028e-05 0.022989 0.00012749
1.2232e-05 0.0006456 0.0019241 0.00010376 0.00053426 0.0042775 0.0059174 5.8085e-05 0.02301 0.00012779
1.2286e-05 0.00064281 0.0019216 0.0001041 0.00053303 0.0042682 0.0059162 5.6125e-05 0.023031 0.00012812
1.2333e-05 0.00064 0.0019191 0.00010442 0.0005318 0.0042589 0.005915 5.4149e-05 0.023051 0.00012844
1.2374e-05 0.00063719 0.0019166 0.00010472 0.00053056 0.0042495 0.0059137 5.2157e-05 0.023072 0.00012874
1.2409e-05 0.00063436 0.001914 0.00010499 0.00052931 0.0042401 0.0059125 5.0147e-05 0.023092 0.00012903
1.2451e-05 0.00063155 0.0019114 0.00011043 0.00052808 0.0042308 0.0059109 4.8167e-05 0.023113 0.0001293
1.2486e-05 0.00062873 0.0019089 0.00011579 0.00052684 0.0042215 0.0059093 4.617e-05 0.023134 0.00012956
1.2515e-05 0.0006259 0.0019063 0.00012108 0.00052559 0.0042122 0.0059076 4.4156e-05 0.023155 0.00012979
1.2537e-05 0.00062306 0.0019037 0.00012628 0.00052434 0.0042028 0.005906 4.2124e-05 0.023175 0.00013002
1.2551e-05 0.0006202 0.0019011 0.00013175 0.00052308 0.0041934 0.0059044 4.0074e-05 0.023196 0.0001285
1.2559e-05 0.00061733 0.0018985 0.00013715 0.00052181 0.0041839 0.0059028 4.0337e-05 0.023216 0.00012697
1.2573e-05 0.00061448 0.0018959 0.00014277 0.00052055 0.0041745 0.0059013 4.0606e-05 0.023237 0.00012549
1.2582e-05 0.00061161 0.0018932 0.00014833 0.00051929 0.0041651 0.0058997 4.0863e-05 0.023257 0.00012399
1.2584e-05 0.00060874 0.0018905 0.00015384 0.00051802 0.0041557 0.0058982 4.111e-05 0.023278 0.00012247
1.2582e-05 0.00060586 0.0018879 0.0001593 0.00051675 0.0041462 0.0058966 4.1347e-05 0.023298 0.00012094
1.2574e-05 0.00060297 0.0018852 0.00016472 0.00051548 0.0041367 0.005895 4.1573e-05 0.023318 0.0001194
1.2561e-05 0.00060007 0.0018825 0.00017009 0.00051419 0.0041273 0.0058933 4.179e-05 0.023339 0.00011784
1.2553e-05 0.00059718 0.0018798 0.00017566 0.00051292 0.0041179 0.0058918 4.201e-05 0.023359 0.00011633
1.254e-05 0.00059429 0.0018771 0.00018118 0.00051164 0.0041085 0.0058902 4.222e-05 0.02338 0.00011481
1.2522e-05 0.00059138 0.0018744 0.00018667 0.00051036 0.004099 0.0058886 4.2421e-05 0.0234 0.00011327
1.2509e-05 0.00058849 0.0018717 0.00019233 0.00050909 0.0040897 0.0058871 4.2624e-05 0.023421 0.00011177
1.2499e-05 0.00058561 0.001869 0.00019818 0.00050782 0.0040804 0.0058856 4.2829e-05 0.023443 0.00011032
1.2485e-05 0.00058273 0.0018663 0.00020399 0.00050655 0.0040712 0.0058841 4.3024e-05 0.023464 0.00010885
1.2465e-05 0.00057983 0.0018636 0.00020976 0.00050527 0.0040619 0.0058826 4.321e-05 0.023485 0.00010736
1.2451e-05 0.00057692 0.0018609 0.00021549 0.00050399 0.0040526 0.0058811 4.3385e-05 0.023506 0.00010587
1.2433e-05 0.00057401 0.0018582 0.00022117 0.00050271 0.0040433 0.0058795 4.3551e-05 0.023527 0.00010436
1.2419e-05 0.00057111 0.0018555 0.00022706 0.00050143 0.004034 0.005878 4.3721e-05 0.023549 0.00010289
1.24e-05 0.0005682 0.0018528 0.0002329 0.00050015 0.0040248 0.0058766 4.388e-05 0.02357 0.00010142
1.2376e-05 0.00056528 0.0018501 0.0002387 0.00049886 0.0040155 0.005875 4.403e-05 0.023591 9.9925e-05
1.2346e-05 0.00056235 0.0018474 0.00024445 0.00049757 0.0040062 0.0058735 4.4169e-05 0.023612 9.8419e-05
1.2311e-05 0.00055942 0.0018446 0.00025015 0.00049627 0.0039969 0.005872 4.4297e-05 0.023633 9.6898e-05
1.227e-05 0.0005565 0.0018419 0.00025578 0.00049499 0.0039877 0.0058704 4.4431e-05 0.023655 9.5358e-05
1.2222e-05 0.00055356 0.0018391 0.00026135 0.0004937 0.0039785 0.0058688 4.4553e-05 0.023676 9.3799e-05
1.2182e-05 0.00055065 0.0018364 0.000262 0.00049242 0.0039694 0.0058673 4.4682e-05 0.023698 9.2296e-05
1.2135e-05 0.00054772 0.0018336 0.00026262 0.00049113 0.0039602 0.0058658 4.4799e-05 0.02372 9.0774e-05
1.2082e-05 0.00054479 0.0018309 0.00026321 0.00048983 0.0039511 0.0058642 4.4904e-05 0.023742 8.9232e-05
1.2037e-05 0.00054184 0.0018281 0.00026389 0.00048854 0.0039419 0.0058627 4.4998e-05 0.023763 8.7746e-05
1.1985e-05 0.00053888 0.0018254 0.00026454 0.00048723 0.0039326 0.0058612 4.5081e-05 0.023785 8.6241e-05
1.1941e-05 0.00053594 0.0018227 0.00026529 0.00048594 0.0039235 0.0058598 4.517e-05 0.023807 8.4793e-05
1.189e-05 0.00053298 0.0018199 0.000266 0.00048463 0.0039144 0.0058584 4.5248e-05 0.023829 8.3323e-05
1.1847e-05 0.00053005 0.0018172 0.00026681 0.00048335 0.0039053 0.005857 4.5333e-05 0.023851 8.191e-05
1.1812e-05 0.00052714 0.0018144 0.00026758 0.00048207 0.0038964 0.0058556 4.5426e-05 0.023874 8.0473e-05
1.177e-05 0.00052424 0.0018117 0.0002683 0.00048081 0.0038877 0.0058542 4.5528e-05 0.023898 7.9013e-05
1.1721e-05 0.00052134 0.001809 0.00026898 0.00047954 0.0038788 0.0058527 4.5618e-05 0.023921 7.7528e-05
1.1681e-05 0.00051846 0.0018063 0.00026693 0.00047829 0.0038702 0.0058514 4.5717e-05 0.023945 7.6107e-05
1.1634e-05 0.00051556 0.0018036 0.00026483 0.00047702 0.0038614 0.00585 4.5804e-05 0.023969 7.4662e-05
1.1579e-05 0.00051266 0.0018009 0.00026267 0.00047575 0.0038527 0.0058486 4.5877e-05 0.023993 7.3193e-05
1.1533e-05 0.00050977 0.0017982 0.00026066 0.0004745 0.003844 0.0058472 4.5959e-05 0.024017 7.1782e-05
1.1479e-05 0.00050686 0.0017955 0.00025859 0.00047323 0.0038354 0.0058459 4.6028e-05 0.024042 7.0347e-05
1.1435e-05 0.00050399 0.0017928 0.00025646 0.00047198 0.0038268 0.0058445 4.6106e-05 0.024066 6.8888e-05
1.1404e-05 0.00050113 0.0017902 0.00025448 0.00047074 0.0038182 0.0058432 4.6172e-05 0.024091 6.7487e-05
1.1382e-05 0.00049829 0.0017875 0.00025244 0.00046952 0.0038098 0.0058418 4.6247e-05 0.024116 6.6062e-05
1.1352e-05 0.00049544 0.0017849 0.00025035 0.00046829 0.0038013 0.0058405 4.631e-05 0.024141 6.4613e-05
1.1332e-05 0.00049261 0.0017823 0.00024841 0.00046707 0.0037929 0.0058392 4.6382e-05 0.024167 6.3225e-05
1.1305e-05 0.00048977 0.0017797 0.00024642 0.00046584 0.0037845 0.0058379 4.6441e-05 0.024193 6.1813e-05
1.127e-05 0.00048691 0.001777 0.00024437 0.00046461 0.0037761 0.0058365 4.6487e-05 0.024218 6.0378e-05
1.1243e-05 0.00048404 0.0017744 0.00024246 0.00046337 0.0037675 0.0058353 4.9389e-05 0.024243 5.8999e-05
1.1209e-05 0.00048116 0.0017718 0.00024052 0.00046212 0.003759 0.005834 5.2268e-05 0.024268 5.7596e-05
1.1168e-05 0.00047826 0.0017692 0.00023852 0.00046087 0.0037504 0.0058326 5.5123e-05 0.024293 5.617e-05
1.1136e-05 0.00047539 0.0017665 0.00023667 0.00045962 0.0037419 0.0058314 5.8031e-05 0.024319 5.4803e-05
1.1096e-05 0.0004725 0.0017639 0.00023477 0.00045838 0.0037334 0.0058301 6.0916e-05 0.024344 5.3413e-05
1.1065e-05 0.00046963 0.0017613 0.00023303 0.00045714 0.003725 0.0058289 6.3851e-05 0.02437 5.2078e-05
1.1045e-05 0.00046675 0.0017587 0.00023124 0.00045589 0.0037165 0.0058277 6.6763e-05 0.024396 5.0719e-05
1.1016e-05 0.00046385 0.0017561 0.0002294 0.00045464 0.0037082 0.0058265 6.973e-05 0.024422 4.9208e-05
1.098e-05 0.00046094 0.0017535 0.0002275 0.00045338 0.0036999 0.0058252 7.2673e-05 0.024448 4.7673e-05
1.0952e-05 0.00045805 0.0017509 0.00022574 0.00045214 0.0036917 0.005824 7.5668e-05 0.024475 4.6195e-05
1.0917e-05 0.00045515 0.0017483 0.00022392 0.00045088 0.0036834 0.0058228 7.8639e-05 0.024502 4.4694e-05
1.089e-05 0.00045227 0.0017458 0.00022223 0.00044964 0.0036752 0.0058216 8.1662e-05 0.024529 4.3248e-05
1.0851e-05 0.0004494 0.0017432 0.0002205 0.00044841 0.0036672 0.0058205 8.4739e-05 0.024557 4.178e-05
1.0805e-05 0.00044652 0.0017407 0.00021871 0.00044717 0.0036591 0.0058192 8.7791e-05 0.024585 4.0289e-05
1.0751e-05 0.00044367 0.0017381 0.00021688 0.00044595 0.0036512 0.005818 9.0902e-05 0.024613 3.8776e-05
1.0689e-05 0.00044083 0.0017356 0.00021516 0.00044474 0.0036433 0.0058169 9.4064e-05 0.024643 3.7315e-05
1.0619e-05 0.00043798 0.0017331 0.00021341 0.00044352 0.0036355 0.0058157 9.7206e-05 0.024671 3.5834e-05
1.0556e-05 0.00043514 0.0017306 0.00021175 0.00044231 0.0036277 0.0058146 0.00010039 0.024701 3.4399e-05
1.0499e-05 0.00043232 0.0017282 0.00021019 0.00044111 0.00362 0.0058135 0.00010363 0.024731 3.3005e-05
1.0435e-05 0.00042949 0.0017257 0.0002086 0.0004399 0.0036123 0.0058124 0.00010684 0.024761 3.1595e-05
1.0378e-05 0.00042667 0.0017232 0.0002071 0.00043871 0.0036047 0.0058114 0.0001101 0.024791 3.0227e-05
1.0327e-05 0.00042387 0.0017208 0.0002057 0.00043752 0.0035972 0.0058105 0.00011342 0.024822 2.89e-05
1.0269e-05 0.00042105 0.0017183 0.00020426 0.00043633 0.0035896 0.0058096 0.00011671 0.024853 2.7558e-05
1.0206e-05 0.00041823 0.0017159 0.0002028 0.00043513 0.0035821 0.0058086 0.00011998 0.024884 2.6202e-05
1.0149e-05 0.00041542 0.0017135 0.00020142 0.00043394 0.0035746 0.0058077 0.00012331 0.024915 2.4885e-05
1.0086e-05 0.0004126 0.001711 0.00020002 0.00043275 0.0035671 0.0058068 0.00012661 0.024946 2.3553e-05
1.0018e-05 0.00040977 0.0017086 0.00019858 0.00043155 0.0035596 0.0058058 0.0001299 0.024977 2.2207e-05
9.9547e-06 0.00040695 0.0017062 0.00019723 0.00043036 0.0035521 0.0058049 0.00013323 0.025009 2.0898e-05
9.8855e-06 0.00040413 0.0017038 0.00019585 0.00042916 0.0035447 0.005804 0.00013655 0.025041 1.9573e-05
9.8222e-06 0.00040131 0.0017013 0.00019456 0.00042798 0.0035373 0.0058032 0.00013991 0.025073 1.8287e-05
9.7659e-06 0.00039852 0.001699 0.00019336 0.0004268 0.0035301 0.0058024 0.00014334 0.025105 1.7044e-05
9.698e-06 0.00039574 0.0016966 0.00019213 0.00042564 0.0035229 0.0058016 0.00014683 0.025139 1.5781e-05
9.623e-06 0.00039295 0.0016942 0.00019085 0.00042447 0.0035157 0.0058008 0.0001503 0.025172 1.5774e-05
9.5288e-06 0.00039015 0.0016918 0.00018953 0.00042329 0.0035085 0.0058 0.00015374 0.025205 1.5757e-05
9.4274e-06 0.00039311 0.0016946 0.00018816 0.0004221 0.0035013 0.0057991 0.00015715 0.025238 1.573e-05
9.3353e-06 0.00039605 0.0016974 0.0001869 0.00042091 0.003494 0.0057983 0.00016053 0.025271 1.5714e-05
9.2509e-06 0.00039902 0.0017002 0.00018559 0.00041973 0.0034868 0.0057975 0.00016398 0.025304 1.5687e-05
9.2069e-06 0.000402 0.001703 0.00018425 0.00041856 0.0034797 0.0057966 0.00016749 0.025338 1.5651e-05
9.1568e-06 0.00040497 0.0017058 0.00018286 0.00041739 0.0034726 0.0057957 0.00017098 0.025372 1.5606e-05
9.1007e-06 0.00040793 0.0017086 0.00018144 0.00041621 0.0034655 0.0057948 0.00017445 0.025405 1.5552e-05
9.0389e-06 0.00041088 0.0017113 0.00018 0.00041502 0.0034584 0.0057939 0.0001779 0.025439 1.549e-05
8.9716e-06 0.00041382 0.0017141 0.00017852 0.00041383 0.0034512 0.005793 0.00018133 0.025472 1.542e-05
8.9086e-06 0.00041677 0.0017169 0.00017701 0.00041264 0.0034441 0.005792 0.0001848 0.025506 1.5342e-05
8.8405e-06 0.00041972 0.0017197 0.00017548 0.00041145 0.003437 0.005791 0.00018826 0.02554 1.5257e-05
8.7766e-06 0.00042267 0.0017225 0.00017392 0.00041027 0.00343 0.00579 0.00019177 0.025575 1.5164e-05
8.7166e-06 0.00042564 0.0017253 0.00017243 0.0004091 0.003423 0.0057891 0.00019533 0.02561 1.5078e-05
8.6518e-06 0.0004286 0.0017281 0.00017093 0.00040792 0.003416 0.0057881 0.00019887 0.025645 1.4984e-05
8.59e-06 0.00043157 0.0017309 0.00016949 0.00040675 0.0034091 0.0057872 0.00020245 0.02568 1.4894e-05
8.531e-06 0.00043455 0.0017337 0.00016811 0.00040558 0.0034023 0.0057864 0.00020607 0.025716 1.4809e-05
8.4674e-06 0.00043752 0.0017365 0.00016671 0.00040441 0.0033954 0.0057855 0.00020968 0.025751 1.4718e-05
8.4066e-06 0.0004405 0.0017394 0.00016537 0.00040324 0.0033886 0.0057847 0.00021333 0.025787 1.463e-05
8.3489e-06 0.00044349 0.0017422 0.00016409 0.00040209 0.0033819 0.0057839 0.00021702 0.025824 1.4547e-05
8.2942e-06 0.00044649 0.0017451 0.00016288 0.00040093 0.0033753 0.0057832 0.00022076 0.025861 1.4469e-05
8.235e-06 0.00044949 0.0017479 0.00016164 0.00039978 0.0033686 0.0057825 0.00022448 0.025898 1.4384e-05
8.1711e-06 0.00045248 0.0017508 0.00016039 0.00039862 0.0033619 0.0057817 0.00022819 0.025935 1.4292e-05
8.1103e-06 0.00045547 0.0017537 0.00015912 0.00039746 0.0033553 0.005781 0.00023195 0.025973 1.4194e-05
8.045e-06 0.00045846 0.0017565 0.00015783 0.0003963 0.0033487 0.0057802 0.0002357 0.02601 1.4089e-05
7.9827e-06 0.00046147 0.0017594 0.0001566 0.00039515 0.0033421 0.0057795 0.00023949 0.026048 1.3989e-05
7.9158e-06 0.00046446 0.0017623 0.00015535 0.000394 0.0033355 0.0057788 0.00024326 0.026086 1.3882e-05
7.852e-06 0.00046746 0.0017651 0.00015416 0.00039285 0.003329 0.0057781 0.00024709 0.026124 1.378e-05
7.7835e-06 0.00047046 0.001768 0.00015295 0.00039169 0.0033225 0.0057774 0.0002509 0.026162 1.3671e-05
7.7185e-06 0.00047347 0.0017709 0.00015181 0.00039054 0.0033161 0.0057768 0.00025476 0.026201 1.3568e-05
7.6485e-06 0.00047647 0.0017738 0.00015065 0.00038939 0.0033096 0.0057761 0.00025861 0.02624 1.3457e-05
7.5731e-06 0.00047946 0.0017766 0.00014945 0.00038824 0.0033031 0.0057755 0.00026243 0.026278 1.3338e-05
7.5026e-06 0.00048247 0.0017795 0.00014823 0.00038709 0.0032967 0.0057748 0.00026632 0.026317 1.3211e-05
7.4519e-06 0.00048546 0.0017824 0.00014709 0.00038593 0.0032903 0.0057742 0.00027018 0.026356 1.3093e-05
7.395e-06 0.00048844 0.0017853 0.00014593 0.00038477 0.0032839 0.0057735 0.00027402 0.026395 1.2966e-05
7.332e-06 0.00049141 0.0017882 0.00014472 0.0003836 0.0032774 0.0057729 0.00027783 0.026434 1.2817e-05
7.2743e-06 0.0004944 0.0017911 0.0001436 0.00038244 0.003271 0.0057723 0.00028171 0.026473 1.2678e-05
7.2219e-06 0.00049741 0.0017941 0.00014256 0.0003813 0.0032647 0.0057718 0.00028566 0.026513 1.2547e-05
7.1633e-06 0.0005004 0.001797 0.00014149 0.00038014 0.0032583 0.0057712 0.00028958 0.026553 1.3343e-05
7.0969e-06 0.00050342 0.0017999 0.00014051 0.000379 0.0032521 0.0057708 0.00029358 0.026594 1.4169e-05
7.0241e-06 0.00050642 0.0018029 0.00013949 0.00037785 0.0032459 0.0057703 0.00029755 0.026634 1.498e-05
6.957e-06 0.00050944 0.0018058 0.00013843 0.00037671 0.0032397 0.0057698 0.0003016 0.026676 1.5777e-05
6.8835e-06 0.00051245 0.0018088 0.00013734 0.00037556 0.0032335 0.0057692 0.00030562 0.026716 1.6559e-05
6.8156e-06 0.00051548 0.0018118 0.00013633 0.00037442 0.0032274 0.0057687 0.00030971 0.026758 1.7368e-05
7.1819e-06 0.0005185 0.0018147 0.00013529 0.00037328 0.0032213 0.0057682 0.00031378 0.0268 1.8163e-05
7.5398e-06 0.0005215 0.0018177 0.00013421 0.00037213 0.0032151 0.0057677 0.00031781 0.026841 1.8943e-05
7.8892e-06 0.00052449 0.0018206 0.0001331 0.00037097 0.0032089 0.0057672 0.00032182 0.026882 1.9709e-05
8.2302e-06 0.00052747 0.0018235 0.00013207 0.00036981 0.0032027 0.0057667 0.0003258 0.026923 2.0504e-05
8.5628e-06 0.00053043 0.0018264 0.00013101 0.00036864 0.0031964 0.0057662 0.00032974 0.026964 2.1285e-05
8.9082e-06 0.00053342 0.0018293 0.00013004 0.00036748 0.0031902 0.0057658 0.00033377 0.027005 2.2097e-05
9.2682e-06 0.00053642 0.0018323 0.00012915 0.00036633 0.0031842 0.0057655 0.00033788 0.027047 2.2941e-05
9.6195e-06 0.00053942 0.0018352 0.00012823 0.00036517 0.0031781 0.0057651 0.00034195 0.027089 2.3769e-05
9.986e-06 0.00054243 0.0018382 0.00012739 0.00036403 0.0031721 0.0057649 0.00034612 0.027132 2.463e-05
1.0343e-05 0.00054543 0.0018411 0.00012652 0.00036287 0.0031716 0.0057646 0.00034757 0.027173 2.5476e-05
1.0692e-05 0.00054842 0.0018441 0.00012561 0.00036171 0.0031711 0.0057642 0.000349 0.027213 2.6305e-05
1.1055e-05 0.00055143 0.0018471 0.00012478 0.00036057 0.0031707 0.005764 0.00035048 0.027255 2.7166e-05
1.1434e-05 0.00055446 0.0018502 0.00012391 0.00035943 0.0031704 0.0057637 0.00035201 0.027297 2.8011e-05
1.1803e-05 0.00055748 0.0018532 0.00012302 0.00035828 0.00317 0.0057634 0.00035351 0.027339 2.884e-05
1.219e-05 0.00056053 0.0018563 0.0001222 0.00035715 0.0031698 0.0057632 0.00035506 0.027381 2.9704e-05
1.2567e-05 0.00056355 0.0018593 0.00012135 0.00035601 0.0031694 0.0057629 0.00035659 0.027424 3.0551e-05
1.2959e-05 0.0005666 0.0018624 0.00012046 0.00035488 0.0031692 0.0057626 0.00035817 0.027467 3.1382e-05
1.3343e-05 0.00056968 0.0018654 0.00011965 0.00035376 0.0031691 0.0057624 0.00035979 0.027511 3.2246e-05
1.3717e-05 0.00057274 0.0018685 0.00011881 0.00035264 0.0031689 0.0057622 0.0003614 0.027555 3.3093e-05
1.4108e-05 0.00057582 0.0018715 0.00011804 0.00035152 0.0031688 0.005762 0.00036305 0.0276 3.3976e-05
1.449e-05 0.00057889 0.0018746 0.00011725 0.0003504 0.0031687 0.0057619 0.00036468 0.027644 3.4843e-05
1.4887e-05 0.00058198 0.0018777 0.00011652 0.00034929 0.0031686 0.0057618 0.00036636 0.02769 3.5742e-05
1.5303e-05 0.0005851 0.0018808 0.00011587 0.00034819 0.0031686 0.0057617 0.00036809 0.027736 3.668e-05
1.5709e-05 0.0005882 0.0018839 0.00011518 0.00034708 0.0031686 0.0057617 0.0003698 0.027782 3.76e-05
1.6106e-05 0.00059129 0.0018869 0.00011447 0.00034596 0.0031687 0.0057616 0.00037155 0.027828 3.8504e-05
1.652e-05 0.0005944 0.00189 0.00011372 0.00034486 0.0031689 0.0057615 0.00037335 0.027876 3.939e-05
1.6924e-05 0.00059749 0.0018931 0.00011294 0.00034374 0.003169 0.0057614 0.00037513 0.027923 4.026e-05
1.7345e-05 0.00060061 0.0018963 0.00011223 0.00034264 0.0031692 0.0057613 0.00037696 0.027971 4.1164e-05
1.7759e-05 0.00060375 0.0018994 0.00011149 0.00034155 0.0031694 0.0057613 0.00037877 0.028019 4.2052e-05
1.819e-05 0.00060692 0.0019025 0.00011081 0.00034047 0.0031696 0.0057613 0.00038063 0.028068 4.2975e-05
1.8651e-05 0.0006101 0.0019057 0.00011011 0.0003394 0.0031699 0.0057612 0.00038254 0.028118 4.3882e-05
1.9103e-05 0.00061328 0.0019088 0.00010937 0.00033832 0.0031703 0.0057612 0.00038442 0.028167 4.4772e-05
1.9545e-05 0.00061644 0.0019119 0.00010861 0.00033723 0.0031705 0.0057611 0.00038629 0.028216 4.5647e-05
1.9979e-05 0.00061962 0.0019151 0.00010782 0.00033616 0.0031708 0.005761 0.00038814 0.028265 4.6507e-05
2.0404e-05 0.0006228 0.0019182 0.00010701 0.00033507 0.003171 0.0057608 0.00038997 0.028314 4.7356e-05
2.0823e-05 0.00062596 0.0019213 0.00010618 0.00033399 0.0031712 0.0057607 0.00039178 0.028363 4.8193e-05
2.1236e-05 0.00062911 0.0019244 0.00010533 0.0003329 0.0031714 0.0057605 0.00039358 0.028412 4.9021e-05
2.1661e-05 0.00063228 0.0019275 0.00010452 0.00033181 0.0031717 0.0057604 0.00039542 0.028461 4.9871e-05
2.2098e-05 0.00063546 0.0019306 0.00010376 0.00033073 0.003172 0.0057604 0.00039729 0.028511 5.0745e-05
2.2547e-05 0.00063866 0.0019337 0.00010304 0.00032966 0.0031723 0.0057604 0.00039919 0.028561 5.1642e-05
2.2991e-05 0.00064185 0.0019369 0.00010231 0.00032858 0.0031727 0.0057604 0.00040107 0.028612 5.253e-05
2.3445e-05 0.00064505 0.00194 0.00010162 0.0003275 0.0031731 0.0057604 0.00040299 0.028663 5.3439e-05
2.3894e-05 0.00064824 0.0019432 0.0001009 0.00032643 0.0031734 0.0057604 0.0004049 0.028714 5.434e-05
2.4355e-05 0.00065145 0.0019463 0.00010023 0.00032535 0.0031739 0.0057605 0.00040683 0.028765 5.5262e-05
2.481e-05 0.00065465 0.0019495 9.9543e-05 0.00032428 0.0031743 0.0057606 0.00040876 0.028816 5.6176e-05
2.5259e-05 0.00065784 0.0019526 0.0001031 0.00032319 0.0031747 0.0057606 0.00041067 0.028868 5.708e-05
2.5721e-05 0.00066104 0.0019558 0.00010677 0.00032212 0.0031751 0.0057607 0.00041262 0.02892 5.8009e-05
2.6177e-05 0.00066424 0.0019589 0.00011041 0.00032104 0.0031755 0.0057607 0.00041455 0.028971 5.8928e-05
2.6627e-05 0.00066742 0.001962 0.00011403 0.00031995 0.003176 0.0057608 0.00041647 0.029023 5.9839e-05
2.7071e-05 0.0006706 0.0019652 0.00011762 0.00031886 0.0031764 0.0057608 0.00041838 0.029075 6.074e-05
2.7531e-05 0.0006738 0.0019683 0.00012119 0.00031778 0.0031768 0.0057608 0.00042032 0.029127 6.1632e-05
2.7986e-05 0.00067698 0.0019715 0.00012472 0.00031669 0.0031773 0.0057608 0.00042225 0.029179 6.2515e-05
2.8434e-05 0.00068016 0.0019746 0.00012824 0.00031559 0.0031777 0.0057608 0.00042417 0.029231 6.3389e-05
2.8896e-05 0.00068335 0.0019777 0.00013187 0.0003145 0.0031782 0.0057609 0.00042611 0.029284 6.4287e-05
2.9371e-05 0.00068656 0.0019809 0.00013562 0.00031342 0.0031787 0.005761 0.0004281 0.029337 6.521e-05
2.984e-05 0.00068975 0.0019841 0.00013935 0.00031233 0.0031792 0.0057611 0.00043007 0.02939 6.6124e-05
3.0322e-05 0.00069296 0.0019872 0.00014319 0.00031125 0.0031798 0.0057612 0.00043207 0.029444 6.706e-05
3.0798e-05 0.00069616 0.0019904 0.000147 0.00031016 0.0031803 0.0057613 0.00043406 0.029498 6.7988e-05
3.1268e-05 0.00069936 0.0019936 0.00015079 0.00030907 0.0031808 0.0057615 0.00043604 0.029551 6.8907e-05
3.1751e-05 0.00070257 0.0019967 0.0001547 0.00030799 0.0031814 0.0057616 0.00043805 0.029606 6.9849e-05
3.2248e-05 0.00070577 0.0019999 0.00015858 0.00030689 0.003182 0.0057618 0.00044004 0.02966 7.0782e-05
3.274e-05 0.00070896 0.0020031 0.00016243 0.0003058 0.0031825 0.0057619 0.00044203 0.029714 7.1705e-05
3.3247e-05 0.00071216 0.0020062 0.00016642 0.00030471 0.0031832 0.0057621 0.00044405 0.029769 7.2655e-05
3.3747e-05 0.00071536 0.0020094 0.00017037 0.00030361 0.0031837 0.0057623 0.00044606 0.029823 7.3595e-05
3.4262e-05 0.00071857 0.0020126 0.0001743 0.00030252 0.0031844 0.0057624 0.0004481 0.029878 7.4562e-05
3.4793e-05 0.0007218 0.0020158 0.00017835 0.00030144 0.0031851 0.0057626 0.00045017 0.029934 7.5555e-05
3.5317e-05 0.00072502 0.002019 0.00018238 0.00030035 0.0031858 0.0057628 0.00045224 0.02999 7.654e-05
3.5857e-05 0.00072825 0.0020222 0.00018655 0.00029927 0.0031865 0.005763 0.00045434 0.030046 7.7551e-05
3.6413e-05 0.0007315 0.0020254 0.00019086 0.00029819 0.0031873 0.0057633 0.00045647 0.030103 7.8591e-05
3.6984e-05 0.00073476 0.0020287 0.0001953 0.00029711 0.0031881 0.0057637 0.00045864 0.030161 7.9657e-05
3.757e-05 0.00073804 0.0020319 0.00019989 0.00029604 0.003189 0.005764 0.00046084 0.030219 8.075e-05
3.8173e-05 0.00074132 0.0020352 0.00020463 0.00029498 0.0031899 0.0057645 0.00046308 0.030278 8.1872e-05
3.8769e-05 0.00074461 0.0020385 0.00020933 0.00029391 0.0031908 0.0057649 0.0004653 0.030337 8.2983e-05
3.9358e-05 0.00074788 0.0020417 0.000214 0.00029283 0.0031917 0.0057653 0.00046751 0.030395 8.4084e-05
3.9965e-05 0.00075117 0.002045 0.00021883 0.00029176 0.0031926 0.0057658 0.00046976 0.030455 8.5216e-05
4.059e-05 0.00075447 0.0020483 0.00022383 0.0002907 0.0031936 0.0057663 0.00047205 0.030515 8.638e-05
4.1209e-05 0.00075776 0.0020516 0.0002288 0.00028963 0.0031946 0.0057668 0.00047432 0.030574 8.7534e-05
4.1845e-05 0.00076107 0.0020549 0.00023393 0.00028856 0.0031956 0.0057673 0.00047663 0.030635 8.8718e-05
4.2474e-05 0.00076438 0.0020581 0.00023902 0.00028749 0.0031966 0.0057679 0.00047893 0.030695 8.9892e-05
4.3096e-05 0.00076767 0.0020614 0.00024408 0.00028642 0.0031976 0.0057684 0.00048121 0.030756 9.1055e-05
4.3736e-05 0.00077098 0.0020647 0.0002493 0.00028535 0.0031987 0.0057689 0.00048353 0.030817 9.2248e-05
4.44e-05 0.0007743 0.002068 0.00025471 0.00028429 0.0031997 0.0057696 0.00048589 0.030878 9.3476e-05
4.5058e-05 0.00077762 0.0020714 0.00026009 0.00028322 0.0032008 0.0057702 0.00048824 0.03094 9.4693e-05
4.5708e-05 0.00078092 0.0020747 0.00026542 0.00028215 0.0032019 0.0057708 0.00049057 0.031001 9.59e-05
4.6378e-05 0.00078425 0.002078 0.00027094 0.00028108 0.003203 0.0057714 0.00049294 0.031064 9.7087e-05
4.7041e-05 0.00078756 0.0020813 0.00027643 0.00028001 0.0032041 0.0057721 0.0004953 0.031126 9.8263e-05
4.7724e-05 0.00079089 0.0020846 0.0002821 0.00027894 0.0032053 0.0057728 0.0004977 0.031188 9.9471e-05
4.8399e-05 0.00079422 0.0020879 0.00028772 0.00027787 0.0032064 0.0057734 0.00050009 0.031251 0.00010067
4.9066e-05 0.00079753 0.0020913 0.00029331 0.00027679 0.0032076 0.0057741 0.00050246 0.031314 0.00010185
4.9754e-05 0.00080086 0.0020946 0.00029909 0.00027572 0.0032088 0.0057748 0.00050487 0.031377 0.00010307
5.0434e-05 0.00080418 0.0020979 0.00030482 0.00027464 0.0032099 0.0057755 0.00050726 0.03144 0.00010428
5.1135e-05 0.00080752 0.0021013 0.00031076 0.00027357 0.0032111 0.0057763 0.0005097 0.031417 0.00010553
5.186e-05 0.00081087 0.0021046 0.00031692 0.00027251 0.0032124 0.0057771 0.00051218 0.031393 0.00010681
5.261e-05 0.00081425 0.002108 0.00032333 0.00027144 0.0032137 0.0057779 0.00051471 0.031371 0.00010813
5.335e-05 0.00081761 0.0021114 0.00032967 0.00027038 0.0032151 0.0057788 0.00051722 0.031348 0.00010944
5.4081e-05 0.00082097 0.0021147 0.00033596 0.00026931 0.0032164 0.0057796 0.00051972 0.031325 0.00011074
5.4841e-05 0.00082431 0.0021181 0.00034218 0.00026823 0.0032176 0.0057804 0.00052219 0.031302 0.00011202
5.5591e-05 0.00082764 0.0021215 0.00034833 0.00026715 0.0032189 0.0057812 0.00052465 0.031279 0.00011328
5.637e-05 0.000831 0.0021249 0.00035475 0.00026608 0.0032202 0.0057821 0.00052716 0.031257 0.00011459
5.7138e-05 0.00083434 0.0021283 0.00036111 0.000265 0.0032215 0.0057829 0.00052965 0.031234 0.00011588
5.7937e-05 0.00083771 0.0021317 0.00036774 0.00026392 0.0032229 0.0057838 0.00053219 0.031212 0.00011723
5.8767e-05 0.0008411 0.0021351 0.00037467 0.00026286 0.0032243 0.0057848 0.00053479 0.03119 0.00011862
5.9585e-05 0.00084447 0.0021386 0.00038152 0.00026178 0.0032257 0.0057858 0.00053737 0.031169 0.00011999
6.0435e-05 0.00084787 0.002142 0.00038866 0.00026072 0.0032272 0.0057868 0.00054001 0.031147 0.00012142
6.1319e-05 0.00085129 0.0021455 0.00039613 0.00025966 0.0032288 0.0057879 0.0005427 0.031127 0.0001229
6.4784e-05 0.00086491 0.0021595 0.00042561 0.00025538 0.0032348 0.0057921 0.00055335 0.031044 0.00012871
6.563e-05 0.00086829 0.0021629 0.00043287 0.0002543 0.0032363 0.0057931 0.00055598 0.031023 0.00013013
6.6518e-05 0.0008717 0.0021663 0.0004405 0.00025323 0.0032379 0.0057943 0.00055868 0.031003 0.00013162
6.739e-05 0.0008751 0.0021697 0.00044803 0.00025215 0.0032394 0.0057953 0.00056135 0.030983 0.00013309
6.83e-05 0.00087852 0.0021732 0.00045592 0.00025108 0.003241 0.0057965 0.00056409 0.030963 0.00013461
6.9195e-05 0.00088193 0.0021766 0.0004637 0.00025 0.0032426 0.0057976 0.0005668 0.030943 0.00013611
7.0132e-05 0.00088537 0.0021801 0.00047188 0.00024893 0.0032443 0.0057989 0.00056958 0.030924 0.00013768
7.1054e-05 0.00088879 0.0021835 0.00047995 0.00024786 0.0032459 0.0058 0.00057233 0.030904 0.00013923
7.1961e-05 0.0008922 0.002187 0.0004884 0.00024678 0.0032475 0.0058013 0.00057506 0.030885 0.00014084
7.2852e-05 0.0008956 0.0021905 0.00049674 0.00024569 0.0032491 0.0058025 0.00057776 0.030865 0.00014242
7.3783e-05 0.00089903 0.0021939 0.00050547 0.00024461 0.0032508 0.0058038 0.00058053 0.030846 0.00014407
7.4755e-05 0.00090247 0.0021974 0.00051462 0.00024354 0.0032525 0.0058052 0.00058336 0.030827 0.00014579
7.571e-05 0.00090591 0.0022009 0.00052364 0.00024246 0.0032542 0.0058066 0.00058617 0.030809 0.00014748
7.6708e-05 0.00090937 0.0022045 0.00052547 0.00024139 0.003256 0.005808 0.00058905 0.03079 0.00014924
7.7689e-05 0.00091282 0.002208 0.00052724 0.00024031 0.0032577 0.0058094 0.00059189 0.030772 0.00015097
7.8718e-05 0.0009163 0.0022115 0.00052896 0.00023924 0.0032596 0.0058108 0.00059481 0.030754 0.00015268
7.9729e-05 0.00091976 0.002215 0.00053062 0.00023816 0.0032614 0.0058122 0.00059771 0.030737 0.00015436
8.0795e-05 0.00092321 0.0022185 0.00053222 0.00023708 0.0032631 0.0058135 0.00060058 0.030719 0.00015601
8.1917e-05 0.00092669 0.0022221 0.00053399 0.00023601 0.003265 0.0058149 0.00060352 0.030701 0.00015774
8.3021e-05 0.00093016 0.0022256 0.00053571 0.00023493 0.0032668 0.0058163 0.00060643 0.030684 0.00015945
8.4174e-05 0.00093365 0.0022292 0.00053758 0.00023385 0.0032686 0.0058178 0.00060932 0.030666 0.00016122
8.538e-05 0.00093717 0.0022328 0.00053963 0.00023279 0.0032705 0.0058193 0.00061228 0.030649 0.00016308
8.6568e-05 0.00094068 0.0022363 0.00054163 0.00023172 0.0032724 0.0058208 0.00061522 0.030632 0.0001649
8.7806e-05 0.00094422 0.0022399 0.00054379 0.00023065 0.0032743 0.0058224 0.00061822 0.030615 0.0001668
8.9098e-05 0.00094778 0.0022436 0.00054612 0.0002296 0.0032763 0.0058241 0.0006213 0.030599 0.00016878
9.037e-05 0.00095133 0.0022472 0.00054839 0.00022853 0.0032783 0.0058257 0.00062435 0.030583 0.00017074
9.1702e-05 0.00095491 0.0022509 0.00055085 0.00022748 0.0032804 0.0058274 0.00062748 0.030567 0.00017277
9.3093e-05 0.00095852 0.0022545 0.00055351 0.00022643 0.0032825 0.0058292 0.00063068 0.030552 0.0001749
9.4546e-05 0.00096211 0.0022582 0.00055609 0.00022538 0.0032848 0.005831 0.00063396 0.030538 0.00017699
9.6064e-05 0.00096573 0.0022619 0.00055888 0.00022433 0.0032871 0.0058329 0.00063733 0.030524 0.00017917
9.765e-05 0.00096939 0.0022656 0.00056187 0.0002233 0.0032895 0.0058348 0.00064077 0.030511 0.00018145
9.9305e-05 0.00097307 0.0022693 0.00056507 0.00022227 0.003292 0.0058368 0.0006443 0.030498 0.00018382
0.00010104 0.00097679 0.0022731 0.0005685 0.00022124 0.0032945 0.005839 0.00064792 0.030487 0.00018629
0.00010275 0.00098049 0.0022768 0.00057185 0.00022022 0.0032971 0.005841 0.0006515 0.030475 0.00018872
0.00010444 0.00098417 0.0022805 0.00057544 0.00021918 0.0032996 0.0058432 0.00065504 0.030462 0.00019112
0.0001062 0.00098789 0.0022843 0.00057926 0.00021815 0.0033021 0.0058455 0.00065868 0.030451 0.00019361
