Suricata_suricatta	Puma_concolor	Panthera_tigris	Panthera_pardus	Panthera_leo	Lynx_lynx	Felis_catus	Acinonyx_jubatus	
0.00010468	0.011758	0.0042557	0.0011131	0.01	0.00092386	0.0021705	0.012844	
0.00010041	0.011759	0.004254	0.0011085	0.01	0.00092033	0.0021656	0.012835	
9.663e-05	0.011759	0.0042524	0.001104	0.01	0.00091684	0.0021607	0.012827	
9.2753e-05	0.01176	0.0042507	0.0010994	0.01	0.00091334	0.0021558	0.012818	
8.8772e-05	0.011761	0.0042491	0.0010948	0.01	0.00090983	0.0021509	0.012809	
8.4685e-05	0.011762	0.0042474	0.0010902	0.01	0.0009063	0.002146	0.0128	
8.1039e-05	0.011762	0.0042458	0.0010857	0.01	0.00090281	0.0021411	0.012792	
7.78e-05	0.011763	0.0042442	0.0010811	0.01	0.00089936	0.0021363	0.012784	
7.4923e-05	0.011764	0.0042427	0.0010766	0.01	0.00089594	0.0021315	0.012776	
7.1975e-05	0.011765	0.0042412	0.0010721	0.01	0.00089251	0.0021267	0.012768	
6.8949e-05	0.011765	0.0042396	0.0010676	0.01	0.00088907	0.0021218	0.01276	
6.5844e-05	0.011766	0.0042381	0.0010631	0.01	0.00088562	0.002117	0.012751	
6.3083e-05	0.011767	0.0042366	0.0010586	0.01	0.00088221	0.0021122	0.012743	
6.025e-05	0.011768	0.004235	0.0010541	0.01	0.00087878	0.0021074	0.012736	
5.7729e-05	0.011769	0.0042336	0.0010496	0.01	0.00087539	0.0021026	0.012728	
5.5146e-05	0.011769	0.0042321	0.0010451	0.01	0.00087199	0.0020978	0.01272	
5.2499e-05	0.01177	0.0042306	0.0010406	0.01	0.00086857	0.002093	0.012712	
4.9787e-05	0.011771	0.0042291	0.001036	0.01	0.00086515	0.0020882	0.012704	
4.7009e-05	0.011772	0.0042276	0.0010315	0.01	0.00086172	0.0020834	0.012696	
4.4523e-05	0.011772	0.0042261	0.001027	0.01	0.00085832	0.0020786	0.012689	
4.23e-05	0.011773	0.0042247	0.0010225	0.01	0.00085495	0.0020739	0.012681	
4.0313e-05	0.011774	0.0042233	0.0010181	0.01	0.00085162	0.0020692	0.012674	
3.8272e-05	0.011775	0.0042219	0.0010136	0.01	0.00084827	0.0020644	0.012667	
3.6456e-05	0.011776	0.0042205	0.0010092	0.01	0.00084496	0.0020598	0.01266	
3.4592e-05	0.011777	0.0042192	0.0010047	0.01	0.00084164	0.0020551	0.012653	
3.2678e-05	0.011777	0.0042178	0.0010003	0.01	0.00083831	0.0020503	0.012646	
3.0976e-05	0.011778	0.0042165	0.00099584	0.01	0.00083501	0.0020457	0.012639	
2.9224e-05	0.011779	0.0042152	0.0009914	0.01	0.00083171	0.002041	0.012632	
2.8462e-05	0.01178	0.0042138	0.00098695	0.01	0.00082839	0.0020363	0.012625	
2.7805e-05	0.011781	0.0042125	0.00098253	0.01	0.0008251	0.0020316	0.012618	
2.7245e-05	0.011782	0.0042113	0.00097813	0.01	0.00082185	0.002027	0.012612	
2.6657e-05	0.011782	0.00421	0.00097372	0.01	0.00081859	0.0020224	0.012605	
2.6159e-05	0.011783	0.0042088	0.00096934	0.01	0.00081536	0.0020178	0.012599	
2.5746e-05	0.011784	0.0042076	0.00096499	0.01	0.00081216	0.0020132	0.012593	
2.5413e-05	0.011785	0.0042065	0.00096066	0.01	0.000809	0.0020087	0.012587	
2.5054e-05	0.011786	0.0042054	0.00095632	0.01	0.00080582	0.0020042	0.012581	
2.4669e-05	0.011787	0.0042042	0.00095197	0.01	0.00080264	0.0019996	0.012575	
2.4357e-05	0.011788	0.0042031	0.00094765	0.01	0.00079948	0.0019951	0.01257	
2.4022e-05	0.011789	0.004202	0.00094331	0.01	0.00079632	0.0019906	0.012564	
2.376e-05	0.01179	0.0042009	0.000939	0.01	0.00079318	0.0019861	0.012559	
2.3474e-05	0.011791	0.0041999	0.00093468	0.01	0.00079004	0.0019816	0.012553	
2.3259e-05	0.011791	0.0041988	0.00093039	0.01	0.00078693	0.0019772	0.012548	
2.302e-05	0.011792	0.0041978	0.00092609	0.01	0.00078381	0.0019727	0.012543	
2.2758e-05	0.011793	0.0041967	0.00092177	0.01	0.00078068	0.0019682	0.012537	
2.2565e-05	0.011794	0.0041957	0.00091748	0.01	0.00077758	0.0019638	0.012532	
2.2349e-05	0.011795	0.0041947	0.00091318	0.01	0.00077447	0.0019593	0.012527	
2.2109e-05	0.011796	0.0041937	0.00090887	0.01	0.00077135	0.0019548	0.012522	
2.1845e-05	0.011797	0.0041926	0.00090455	0.01	0.00076822	0.0019503	0.012516	
2.1557e-05	0.011798	0.0041916	0.00090022	0.01	0.00076507	0.0019458	0.012511	
2.1334e-05	0.011799	0.0041906	0.00089591	0.01	0.00076196	0.0019414	0.012506	
2.1089e-05	0.0118	0.0041896	0.00089159	0.01	0.00075884	0.0019369	0.012501	
2.0909e-05	0.011801	0.0041886	0.0008873	0.01	0.00075575	0.0019325	0.012496	
2.0707e-05	0.011802	0.0041876	0.00088299	0.01	0.00075265	0.001928	0.012491	
2.0481e-05	0.011803	0.0041866	0.00087868	0.01	0.00074954	0.0019235	0.012486	
2.0232e-05	0.011804	0.0041856	0.00087435	0.01	0.00074642	0.0019191	0.012481	
2.0046e-05	0.011804	0.0041847	0.00087005	0.01	0.00074333	0.0019146	0.012476	
1.9837e-05	0.011805	0.0041837	0.00086574	0.01	0.00074023	0.0019102	0.012471	
1.9605e-05	0.011806	0.0041827	0.00086142	0.01	0.00073712	0.0019057	0.012466	
1.9436e-05	0.011807	0.0041818	0.00085712	0.01	0.00073404	0.0019012	0.012461	
1.9244e-05	0.011808	0.0041809	0.00085281	0.01	0.00073095	0.0018968	0.012456	
1.9029e-05	0.011809	0.0041799	0.0008485	0.01	0.00072785	0.0018923	0.012452	
1.8874e-05	0.01181	0.004179	0.0008442	0.01	0.00072478	0.0018879	0.012447	
1.8696e-05	0.011811	0.0041781	0.0008399	0.01	0.0007217	0.0018835	0.012442	
1.8494e-05	0.011812	0.0041772	0.00083558	0.01	0.0007186	0.001879	0.012438	
1.8269e-05	0.011813	0.0041762	0.00083125	0.01	0.0007155	0.0018746	0.012433	
1.8105e-05	0.011814	0.0041753	0.00082695	0.01	0.00071243	0.0018701	0.012428	
1.8001e-05	0.011815	0.0041745	0.00082267	0.01	0.00070939	0.0018657	0.012424	
1.7953e-05	0.011816	0.0041737	0.00081842	0.01	0.00070637	0.0018614	0.01242	
1.7962e-05	0.011817	0.0041729	0.00081419	0.01	0.00070339	0.0018571	0.012416	
1.8026e-05	0.011818	0.0041722	0.00080999	0.01	0.00070044	0.0018528	0.012413	
1.8149e-05	0.011819	0.0041715	0.00080581	0.01	0.00069753	0.0018485	0.01241	
1.833e-05	0.01182	0.0041709	0.00080166	0.01	0.00069464	0.0018443	0.012407	
1.8573e-05	0.011821	0.0041704	0.00079753	0.01	0.00069178	0.0018402	0.012404	
1.8882e-05	0.011822	0.0041698	0.00079343	0.01	0.00068896	0.001836	0.012401	
1.9259e-05	0.011823	0.0041694	0.00078935	0.01	0.00068616	0.0018319	0.012399	
1.9609e-05	0.011824	0.0041689	0.00078526	0.01	0.00068335	0.0018278	0.012397	
1.9933e-05	0.011826	0.0041684	0.00078116	0.01	0.00068053	0.0018237	0.012394	
2.0332e-05	0.011827	0.0041679	0.00077709	0.01	0.00067775	0.0018196	0.012392	
2.0815e-05	0.011828	0.0041675	0.00077304	0.01	0.000675	0.0018156	0.012391	
2.1384e-05	0.011829	0.0041672	0.00076902	0.01	0.00067228	0.0018116	0.012389	
2.1267e-05	0.01183	0.0041669	0.00076503	0.01	0.0006696	0.0018076	0.012388	
2.122e-05	0.011831	0.0041667	0.00076107	0.01	0.00066695	0.0018037	0.012387	
2.1142e-05	0.011832	0.0041664	0.0007571	0.01	0.00066429	0.0017998	0.012386	
2.1505e-05	0.011833	0.0041662	0.00075311	0.01	0.00066161	0.0017958	0.012385	
2.1952e-05	0.011835	0.004166	0.00074915	0.01	0.00065897	0.0017919	0.012384	
2.2492e-05	0.011836	0.0041658	0.00074522	0.01	0.00065636	0.0017881	0.012384	
2.3133e-05	0.011837	0.0041657	0.00074132	0.01	0.00065379	0.0017843	0.012384	
2.3078e-05	0.011838	0.0041657	0.00073745	0.01	0.00065126	0.0017805	0.012384	
2.2993e-05	0.011839	0.0041656	0.00073357	0.01	0.00064871	0.0017767	0.012384	
2.2876e-05	0.01184	0.0041656	0.00072967	0.01	0.00064614	0.0017729	0.012384	
2.2837e-05	0.011842	0.0041656	0.0007258	0.01	0.00064361	0.0017691	0.012384	
2.2876e-05	0.011843	0.0041656	0.00072196	0.01	0.00064112	0.0017654	0.012385	
2.2995e-05	0.011844	0.0041657	0.00071815	0.01	0.00063866	0.0017617	0.012386	
2.3198e-05	0.011845	0.0041659	0.00071437	0.01	0.00063624	0.0017581	0.012387	
2.349e-05	0.011847	0.0041661	0.00071062	0.01	0.00063386	0.0017545	0.012388	
2.3745e-05	0.011848	0.0041663	0.00070685	0.01	0.00063146	0.001751	0.01239	
2.3964e-05	0.011849	0.0041665	0.00070307	0.01	0.00062904	0.0017473	0.012391	
2.4274e-05	0.01185	0.0041668	0.00069932	0.01	0.00062666	0.0017438	0.012393	
2.5218e-05	0.011852	0.004167	0.00069556	0.01	0.00062426	0.0017402	0.012395	
2.6108e-05	0.011853	0.0041672	0.00069177	0.01	0.00062185	0.0017366	0.012396	
2.6945e-05	0.011854	0.0041674	0.00068798	0.01	0.00061942	0.0017329	0.012398	
2.7728e-05	0.011855	0.0041676	0.00068416	0.01	0.00061698	0.0017293	0.012399	
2.867e-05	0.011857	0.0041678	0.00068038	0.01	0.00061457	0.0017257	0.012401	
2.9797e-05	0.011858	0.0041681	0.00067663	0.01	0.0006122	0.0017221	0.012403	
3.0855e-05	0.011859	0.0041684	0.00067286	0.01	0.00060981	0.0017185	0.012404	
3.1847e-05	0.011861	0.0041687	0.00066907	0.01	0.00060738	0.0017329	0.012406	
3.3038e-05	0.011862	0.004169	0.00066532	0.01	0.00060499	0.0017473	0.012408	
3.4449e-05	0.011863	0.0041694	0.0006616	0.01	0.00060263	0.0017619	0.012411	
3.6127e-05	0.011864	0.0041698	0.00065791	0.01	0.00060032	0.0017766	0.012414	
3.812e-05	0.011866	0.0041703	0.00065425	0.01	0.00059804	0.0017914	0.012417	
4.047e-05	0.011867	0.0041709	0.00065063	0.01	0.0005958	0.0018064	0.01242	
4.2689e-05	0.011868	0.0041715	0.00064699	0.01	0.00059354	0.0018213	0.012424	
4.4781e-05	0.01187	0.004172	0.00064333	0.01	0.00059126	0.0018361	0.012427	
4.7262e-05	0.011871	0.0041726	0.0006397	0.01	0.00058902	0.0018511	0.012431	
4.9605e-05	0.011873	0.0041732	0.00063605	0.01	0.00058677	0.0018661	0.012435	
5.1804e-05	0.011874	0.0041738	0.00063238	0.01	0.00058449	0.001881	0.012438	
5.4457e-05	0.011875	0.0041744	0.00062876	0.01	0.00058226	0.001896	0.012442	
5.5584e-05	0.011877	0.0041609	0.00062516	0.01	0.00058007	0.0018981	0.012446	
5.6619e-05	0.011878	0.0041473	0.00062155	0.01	0.00057786	0.0019002	0.012451	
5.756e-05	0.011879	0.0041338	0.00061791	0.01	0.00057563	0.0019022	0.012455	
5.8839e-05	0.011881	0.0041203	0.00061431	0.01	0.00057344	0.0019043	0.012459	
6.0433e-05	0.011882	0.004107	0.00061075	0.01	0.0005713	0.0019064	0.012464	
6.2393e-05	0.011884	0.0040938	0.00060722	0.01	0.00056919	0.0019086	0.012469	
6.4224e-05	0.011885	0.0040805	0.00060367	0.01	0.00056707	0.0019108	0.012474	
6.5934e-05	0.011887	0.0040672	0.0006001	0.01	0.00056493	0.0019129	0.012479	
6.8013e-05	0.011888	0.0040541	0.00059657	0.01	0.00056282	0.0019151	0.012485	
6.9959e-05	0.011889	0.0040409	0.00059302	0.01	0.0005607	0.0019172	0.01249	
7.177e-05	0.011891	0.0040277	0.00058945	0.01	0.00055856	0.0019194	0.012495	
7.397e-05	0.011892	0.0040146	0.00058591	0.01	0.00055645	0.0019216	0.012501	
7.6029e-05	0.011894	0.0040015	0.00058235	0.01	0.00055433	0.0019237	0.012506	
7.7946e-05	0.011895	0.0039884	0.00057878	0.01	0.00055219	0.0019259	0.012511	
8.0295e-05	0.011897	0.0039753	0.00057523	0.01	0.00055009	0.0019281	0.012517	
8.2493e-05	0.011898	0.0039623	0.00057168	0.01	0.00054797	0.0019303	0.012522	
8.4538e-05	0.0119	0.0039492	0.0005681	0.01	0.00054583	0.0019324	0.012528	
8.7029e-05	0.011901	0.0039362	0.00056455	0.01	0.00054373	0.0019346	0.012533	
8.9347e-05	0.011903	0.0039232	0.00056099	0.01	0.00054162	0.0019368	0.012539	
9.0195e-05	0.011904	0.0039103	0.00055745	0.01	0.00053954	0.001939	0.012545	
9.0944e-05	0.011906	0.0038974	0.0005539	0.01	0.00053744	0.0019412	0.012551	
9.159e-05	0.011907	0.0038845	0.00055033	0.01	0.00053532	0.0019434	0.012557	
9.1256e-05	0.011909	0.0038717	0.0005468	0.01	0.00053324	0.0019456	0.012563	
8.9765e-05	0.01191	0.003859	0.0005433	0.01	0.0005312	0.0019479	0.012569	
8.8023e-05	0.011912	0.0038463	0.00053977	0.01	0.00052914	0.0019502	0.012576	
8.6134e-05	0.011913	0.0038335	0.00053623	0.01	0.00052707	0.0019524	0.012582	
8.4088e-05	0.011915	0.0038207	0.00053267	0.01	0.00052497	0.0019546	0.012588	
8.1879e-05	0.011916	0.0038079	0.00052915	0.01	0.00052285	0.0019568	0.012594	
7.951e-05	0.011918	0.003795	0.0005256	0.01	0.00052071	0.001959	0.0126	
7.7576e-05	0.011919	0.0037822	0.00052209	0.01	0.00051862	0.0019612	0.012606	
7.5498e-05	0.011921	0.0037694	0.00051855	0.01	0.0005165	0.0019634	0.012612	
7.327e-05	0.011922	0.0037566	0.000515	0.01	0.00051436	0.0019655	0.012618	
7.0873e-05	0.011924	0.0037438	0.00051143	0.01	0.00051221	0.0019677	0.012624	
6.8299e-05	0.011925	0.0037309	0.00050784	0.01	0.00051003	0.0019698	0.01263	
6.7233e-05	0.011926	0.003718	0.00050424	0.01	0.00050784	0.0019719	0.012636	
6.6433e-05	0.011928	0.0037052	0.00050066	0.01	0.00050569	0.001974	0.012641	
6.5542e-05	0.01193	0.0036923	0.00049707	0.01	0.00050351	0.0019761	0.012647	
6.4558e-05	0.011931	0.0036795	0.00049346	0.01	0.00050132	0.0019782	0.012653	
6.4466e-05	0.011932	0.0036666	0.00048983	0.01	0.00049911	0.0019803	0.012659	
6.43e-05	0.011934	0.0036537	0.00048618	0.01	0.00049688	0.0019823	0.012664	
6.4061e-05	0.011935	0.0036407	0.00048251	0.01	0.00049464	0.0019843	0.012669	
6.3743e-05	0.011937	0.0036277	0.00047883	0.01	0.00049237	0.0019863	0.012674	
6.3624e-05	0.011938	0.0036148	0.00047517	0.01	0.00049014	0.0019884	0.01268	
6.3429e-05	0.01194	0.0036019	0.0004715	0.01	0.0004879	0.0019904	0.012685	
6.3429e-05	0.011941	0.0035892	0.00046786	0.01	0.00048569	0.0019924	0.012691	
6.3357e-05	0.011943	0.0035763	0.00046421	0.01	0.00048346	0.0019945	0.012697	
6.3213e-05	0.011944	0.0035635	0.00046053	0.01	0.00048122	0.0019965	0.012702	
6.2997e-05	0.011946	0.0035506	0.00045684	0.01	0.00047896	0.0019985	0.012708	
6.2703e-05	0.011947	0.0035377	0.00045313	0.01	0.00047668	0.0020005	0.012713	
6.2329e-05	0.011949	0.0035248	0.00044939	0.01	0.00047437	0.0020024	0.012718	
6.1874e-05	0.01195	0.0035118	0.0004526	0.01	0.00047206	0.0020044	0.012723	
6.1624e-05	0.011952	0.003499	0.00045584	0.01	0.00046977	0.0020063	0.012728	
6.1295e-05	0.011953	0.0034861	0.00045906	0.01	0.00046748	0.0020083	0.012734	
6.0887e-05	0.011955	0.0034732	0.00046226	0.01	0.00046516	0.0020102	0.012739	
6.128e-05	0.011956	0.0034602	0.00046544	0.01	0.00046282	0.0020121	0.012744	
6.1593e-05	0.011958	0.0034472	0.0004686	0.01	0.00046046	0.002014	0.012749	
6.2114e-05	0.011959	0.0034344	0.00047179	0.01	0.00045815	0.0020159	0.012754	
2.7586e-05	0.012054	0.0026638	0.00065596	0.01	0.00030933	0.0021254	0.013081	
2.6942e-05	0.012056	0.0026514	0.00065881	0.01	0.00030677	0.002127	0.013087	
2.6461e-05	0.012057	0.002639	0.00066169	0.01	0.00030424	0.0021288	0.013093	
2.5919e-05	0.012059	0.0026267	0.00066455	0.01	0.00030169	0.0021305	0.013098	
2.5566e-05	0.012061	0.0026145	0.00066745	0.01	0.00029918	0.0021322	0.013105	
2.5725e-05	0.012062	0.0026022	0.00067032	0.01	0.00029665	0.0021339	0.013111	
2.5791e-05	0.012064	0.00259	0.00067318	0.01	0.0002941	0.0021356	0.013117	
2.5979e-05	0.012065	0.0025778	0.00067607	0.01	0.00029159	0.0021374	0.013123	
2.6302e-05	0.012067	0.0025657	0.00067899	0.01	0.00028912	0.0021392	0.01313	
2.677e-05	0.012069	0.0025538	0.00068195	0.01	0.00028668	0.0021411	0.013137	
2.6695e-05	0.01207	0.0025419	0.00068494	0.01	0.00028427	0.002143	0.013145	
2.6523e-05	0.012072	0.0025301	0.00068791	0.01	0.00028185	0.0021449	0.013152	
2.6877e-05	0.012074	0.0025182	0.00069086	0.01	0.0002794	0.0021468	0.01316	
2.6706e-05	0.012076	0.0025064	0.00069385	0.01	0.00027699	0.0021488	0.013167	
2.7062e-05	0.012077	0.0024946	0.00069682	0.01	0.00027457	0.0021507	0.013175	
2.7358e-05	0.012079	0.0024827	0.00069976	0.01	0.00027212	0.0021526	0.013182	
2.7843e-05	0.012081	0.002471	0.00070274	0.01	0.00026971	0.0021545	0.01319	
2.8264e-05	0.012082	0.0024592	0.0007057	0.01	0.00026728	0.0021564	0.013198	
2.9459e-05	0.012084	0.0024474	0.00070865	0.01	0.00026483	0.0021583	0.013206	
2.9884e-05	0.012086	0.0024357	0.00071162	0.01	0.00026242	0.0021603	0.013214	
3.0199e-05	0.012088	0.002424	0.00071458	0.01	0.00026461	0.0021622	0.013222	
3.0663e-05	0.012089	0.0024124	0.00071757	0.01	0.00026683	0.0021641	0.01323	
3.1949e-05	0.012091	0.0024007	0.00072054	0.01	0.00026903	0.0021661	0.013238	
3.3134e-05	0.012093	0.0023891	0.00072349	0.01	0.00027122	0.002168	0.013246	
3.9433e-05	0.0121	0.0023426	0.00073534	0.01	0.00027997	0.0021757	0.013789	
4.1099e-05	0.012101	0.0023311	0.00073836	0.01	0.00028222	0.0021777	0.013927	
4.2544e-05	0.012103	0.0023197	0.00074135	0.01	0.00028444	0.0021797	0.014064	
7.6979e-05	0.012137	0.0021043	0.00079794	0.01	0.00032639	0.0022178	0.016725	
7.9132e-05	0.012139	0.0020931	0.0008009	0.01	0.00032858	0.0022198	0.016868	
8.0999e-05	0.012141	0.0020818	0.00080384	0.01	0.00033075	0.0022218	0.01701	
8.1627e-05	0.012143	0.0020707	0.00080681	0.01	0.00033295	0.0022238	0.017155	
8.3534e-05	0.012145	0.0020595	0.00080976	0.01	0.00033513	0.0022258	0.017299	
8.529e-05	0.012147	0.0020483	0.00081269	0.01	0.0003373	0.0022278	0.017442	
8.7606e-05	0.012149	0.0020372	0.00081566	0.01	0.0003395	0.0022299	0.017587	
9.0462e-05	0.01215	0.0020262	0.00081867	0.01	0.00034174	0.002232	0.017735	
9.3114e-05	0.012152	0.0020151	0.00082166	0.01	0.00034396	0.0022341	0.017882	
9.5424e-05	0.012154	0.0020041	0.00082462	0.01	0.00034616	0.0022361	0.018028	
9.8429e-05	0.012156	0.0019931	0.00082763	0.01	0.0003484	0.0022382	0.018177	
0.00010123	0.012158	0.0019821	0.00083061	0.01	0.00035062	0.0022403	0.018325	
0.00010722	0.01216	0.0019711	0.00083358	0.01	0.00035282	0.0022424	0.018473	
0.00011006	0.012162	0.0019602	0.00083658	0.01	0.00035505	0.0022445	0.018622	
0.00011254	0.012164	0.0019492	0.00083956	0.01	0.00035727	0.0022466	0.018771	
0.00011578	0.012165	0.0019384	0.00084258	0.01	0.00035952	0.0022488	0.018923	
0.00011715	0.012167	0.0019276	0.00084564	0.01	0.00036181	0.002251	0.019076	
0.00011731	0.012169	0.001917	0.00084873	0.01	0.00036413	0.0022533	0.019231	
0.00011728	0.012171	0.0019063	0.00085181	0.01	0.00036644	0.0022556	0.019386	
0.00011715	0.012173	0.0018956	0.00085486	0.01	0.00036873	0.0022578	0.019541	
0.00011691	0.012175	0.0018848	0.0008579	0.01	0.00037099	0.00226	0.019695	
0.00011647	0.012177	0.0018867	0.00086091	0.01	0.00037322	0.0022621	0.019851	
0.00011638	0.012179	0.0018887	0.00086396	0.01	0.00037548	0.0022643	0.020009	
0.00011657	0.012181	0.0018907	0.00086705	0.01	0.00037778	0.0022665	0.020169	
0.00011802	0.012183	0.0018927	0.00087012	0.01	0.00038006	0.0022687	0.020329	
0.00011932	0.012185	0.0018946	0.00087317	0.01	0.00038232	0.0022709	0.020489	
0.00012252	0.012187	0.0018966	0.0008762	0.01	0.00038456	0.0022731	0.020648	
0.00012533	0.012189	0.0018985	0.00087921	0.01	0.00038678	0.0022752	0.020806	
0.00012874	0.012191	0.0019004	0.00088225	0.01	0.00038904	0.0022774	0.020966	
0.00013194	0.012193	0.0019024	0.00088528	0.01	0.00039128	0.0022796	0.021126	
0.00013496	0.012195	0.0019043	0.00088829	0.01	0.0003935	0.0022817	0.021286	
0.00013859	0.012197	0.0019062	0.00089134	0.01	0.00039576	0.0022839	0.021447	
0.00014203	0.012199	0.0019082	0.00089436	0.01	0.000398	0.0022861	0.021608	
0.00014529	0.012201	0.0019101	0.00089737	0.01	0.00040022	0.0022882	0.021769	
0.00014838	0.012203	0.001912	0.00090036	0.01	0.00040242	0.0022904	0.021929	
0.00015203	0.012205	0.001914	0.00090339	0.01	0.00040466	0.0022925	0.022092	
0.0001555	0.012207	0.0019159	0.00090639	0.01	0.00040688	0.0022947	0.022254	
0.00015879	0.012209	0.0019178	0.00090938	0.01	0.00040909	0.0022968	0.022415	
0.00016268	0.012211	0.0019198	0.0009124	0.01	0.00041133	0.002299	0.022578	
0.00016725	0.012213	0.0019218	0.00091546	0.01	0.0004136	0.0023013	0.022744	
0.00017162	0.012215	0.0019237	0.0009185	0.01	0.00041585	0.0023035	0.022909	
0.00017671	0.012217	0.0019258	0.00092157	0.01	0.00041814	0.0023058	0.023076	
0.00018158	0.012219	0.0019278	0.00092463	0.01	0.00042041	0.002308	0.023243	
0.00018332	0.012221	0.0019298	0.00092772	0.01	0.00042272	0.0023103	0.023412	
0.00018545	0.012223	0.0019319	0.00093084	0.01	0.00042505	0.0023127	0.023582	
0.00018745	0.012225	0.001934	0.00093394	0.01	0.00042738	0.002315	0.023753	
0.00018933	0.012227	0.001936	0.00093703	0.01	0.00042968	0.0023173	0.023923	
0.00019164	0.012229	0.0019381	0.00094016	0.01	0.00043202	0.0023197	0.024095	
0.00020261	0.012238	0.0019467	0.00095274	0.01	0.00044128	0.0023291	0.024783	
0.00020621	0.01224	0.0019489	0.00095594	0.01	0.00044362	0.0023315	0.024957	
0.00021051	0.012242	0.0019511	0.00095917	0.01	0.000446	0.0023339	0.025133	
0.00021561	0.012244	0.0019534	0.00096244	0.01	0.00044842	0.0023364	0.025312	
0.0002176	0.012246	0.0019558	0.00096575	0.01	0.00045087	0.002339	0.025493	
0.00022008	0.012249	0.0019582	0.0009691	0.01	0.00045336	0.0023416	0.025677	
0.00022563	0.012251	0.0019605	0.00097243	0.01	0.00045584	0.0023442	0.02586	
0.00023087	0.012253	0.0019629	0.00097574	0.01	0.00045829	0.0023468	0.026042	
0.00023715	0.012255	0.0019653	0.00097908	0.01	0.00046078	0.0023494	0.026088	
0.00024308	0.012257	0.0019676	0.00098241	0.01	0.00046326	0.0023521	0.026133	
0.00025012	0.012259	0.0019701	0.00098578	0.01	0.00046577	0.0023547	0.026178	
0.00025847	0.012262	0.0019725	0.00098918	0.01	0.00046832	0.0023575	0.026225	
0.00026639	0.012264	0.001975	0.00099257	0.01	0.00047086	0.0023602	0.026271	
0.00027391	0.012266	0.0019774	0.00099594	0.01	0.00047337	0.0023628	0.026317	
0.00028944	0.012268	0.0019798	0.00099929	0.01	0.00047587	0.0023655	0.026363	
0.00029636	0.012271	0.0019823	0.0010027	0.01	0.0004784	0.0023682	0.02641	
0.00030292	0.012273	0.0019847	0.001006	0.01	0.00048092	0.0023709	0.026456	
0.00030916	0.012275	0.0019872	0.0010094	0.01	0.00048342	0.0023736	0.026503	
0.00031656	0.012277	0.0019896	0.0010128	0.01	0.00048596	0.0023763	0.02655	
0.00032359	0.012279	0.0019921	0.0010162	0.01	0.00048848	0.002379	0.026597	
0.00033183	0.012282	0.0019946	0.0010196	0.01	0.00049104	0.0023818	0.026645	
0.00033971	0.012284	0.0019971	0.001023	0.01	0.00049358	0.0023845	0.026692	
0.00034722	0.012286	0.0019995	0.0010263	0.01	0.00049611	0.0023872	0.026739	
0.00035598	0.012288	0.002002	0.0010297	0.01	0.00049867	0.00239	0.026787	
0.00036437	0.012291	0.0020045	0.0010331	0.01	0.00050121	0.0023927	0.026835	
0.00037414	0.012293	0.002007	0.0010365	0.01	0.00050379	0.0023955	0.026884	
0.00038558	0.012295	0.0020096	0.00104	0.01	0.00050641	0.0023984	0.026933	
0.00039897	0.012298	0.0020122	0.0010435	0.01	0.00050906	0.0024013	0.026984	
0.00041177	0.0123	0.0020148	0.001047	0.01	0.0005117	0.0024042	0.027034	
0.00042398	0.012302	0.0020174	0.0010505	0.01	0.00051432	0.0024071	0.027084	
0.00043566	0.012304	0.0020199	0.0010539	0.01	0.00051692	0.0024099	0.027133	
0.00044683	0.012307	0.0020225	0.0010573	0.01	0.00051951	0.0024128	0.027183	
0.00045994	0.012309	0.0020251	0.0010608	0.01	0.00052213	0.0024156	0.027233	
0.00047248	0.012311	0.0020276	0.0010643	0.01	0.00052474	0.0024185	0.027283	
0.00048722	0.012314	0.0020303	0.0010677	0.01	0.00052739	0.0024214	0.027334	
0.00050458	0.012316	0.0020329	0.0010713	0.01	0.00053008	0.0024244	0.027386	
0.00051211	0.012318	0.0020356	0.0010748	0.01	0.00053281	0.0024274	0.027439	
0.00052107	0.012321	0.0020384	0.0010785	0.01	0.00053558	0.0024305	0.027492	
0.00053174	0.012323	0.0020412	0.0010821	0.01	0.0005384	0.0024337	0.027547	
0.00054184	0.012326	0.002044	0.0010857	0.01	0.00054119	0.0024368	0.027601	
0.00055136	0.012328	0.0020468	0.0010894	0.01	0.00054397	0.0024399	0.027655	
0.00055541	0.01233	0.0020496	0.001093	0.01	0.00054679	0.0024431	0.02771	
0.00055915	0.012333	0.0020524	0.0010966	0.01	0.00054959	0.0024463	0.027765	
0.0005638	0.012335	0.0020553	0.0011003	0.01	0.00055243	0.0024495	0.02782	
0.00056814	0.012338	0.0020581	0.001104	0.01	0.00055526	0.0024527	0.027875	
0.00057216	0.01234	0.0020609	0.0011076	0.01	0.00055806	0.0024558	0.027931	
0.00057317	0.012342	0.0020638	0.0011113	0.01	0.00056091	0.0024591	0.027987	
0.00057398	0.012345	0.0020666	0.001115	0.01	0.00056374	0.0024623	0.028042	
0.0005746	0.012347	0.0020694	0.0011186	0.01	0.00056655	0.0024654	0.028098	
0.00057501	0.01235	0.0020722	0.0011222	0.01	0.00056934	0.0024686	0.028153	
0.00057602	0.012352	0.0020751	0.0011259	0.01	0.00057218	0.0024718	0.028209	
0.00057681	0.012355	0.0020779	0.0011295	0.01	0.00057499	0.002475	0.028265	
0.00057821	0.012357	0.0020808	0.0011332	0.01	0.00057785	0.0024782	0.028322	
0.00057939	0.01236	0.0020837	0.0011369	0.01	0.00058069	0.0024814	0.028379	
0.00058124	0.012362	0.0020866	0.0011406	0.01	0.00058357	0.0024847	0.028437	
0.00058286	0.012364	0.0020895	0.0011443	0.01	0.00058644	0.002488	0.028494	
0.0005878	0.012367	0.0020923	0.001148	0.01	0.00058928	0.0024912	0.028551	
0.00058943	0.012369	0.0020953	0.0011517	0.01	0.00059218	0.0024945	0.028609	
0.00059083	0.012372	0.0020982	0.0011554	0.01	0.00059505	0.0024978	0.028667	
0.00058977	0.012374	0.0021011	0.0011591	0.01	0.00059797	0.0025011	0.028726	
0.00058935	0.012377	0.0021041	0.0011629	0.01	0.00060094	0.0025045	0.028786	
0.00058872	0.012379	0.0021071	0.0011667	0.01	0.00060389	0.0025079	0.028845	
0.0005887	0.012382	0.0021102	0.0011705	0.01	0.00060689	0.0025114	0.028838	
0.00058928	0.012384	0.0021133	0.0011744	0.01	0.00060993	0.0025149	0.028831	
0.00058965	0.012387	0.0021163	0.0011782	0.01	0.00061296	0.0025184	0.028824	
0.00058982	0.01239	0.0021194	0.001182	0.01	0.00061596	0.0025219	0.028817	
0.00059059	0.012392	0.0021225	0.0011859	0.01	0.00061902	0.0025254	0.028811	
0.00059116	0.012395	0.0021256	0.0011897	0.01	0.00062205	0.0025289	0.028804	
0.00059152	0.012397	0.0021287	0.0011935	0.01	0.00062506	0.0025324	0.028797	
0.00059249	0.0124	0.0021318	0.0011974	0.01	0.00062812	0.0025359	0.028791	
0.00059647	0.012402	0.0021349	0.0012013	0.01	0.00063116	0.0025394	0.028785	
0.00060146	0.012405	0.002138	0.0012052	0.01	0.00063424	0.002543	0.028779	
0.00060609	0.012407	0.0021411	0.001209	0.01	0.00063731	0.0025466	0.028773	
0.00061072	0.01241	0.0021442	0.0012129	0.01	0.00064036	0.0025501	0.028767	
0.00061535	0.012413	0.0021474	0.0012168	0.01	0.00064345	0.0025537	0.028762	
0.00061997	0.012415	0.0021505	0.0012207	0.01	0.00064653	0.0025573	0.028756	
0.00062459	0.012418	0.0021537	0.0012246	0.01	0.00064965	0.0025609	0.028751	
0.0006292	0.01242	0.002157	0.0012286	0.01	0.00065283	0.0025646	0.028747	
0.00063381	0.012423	0.0021602	0.0012325	0.01	0.00065599	0.0025683	0.028742	
0.00063841	0.012426	0.0021635	0.0012365	0.01	0.0006592	0.002572	0.028738	
0.00064302	0.012424	0.0021668	0.0012406	0.01	0.00066247	0.0025759	0.028725	
0.00064761	0.012423	0.0021702	0.0012447	0.01	0.00066579	0.0025798	0.028712	
0.00065221	0.012421	0.0021737	0.0012488	0.01	0.00066916	0.0025838	0.028701	
0.0006568	0.01242	0.0021771	0.0012529	0.01	0.00067251	0.0025877	0.028689	
0.00066138	0.012418	0.0021805	0.001257	0.01	0.00067584	0.0025916	0.028676	
0.00066596	0.012417	0.002184	0.0012612	0.01	0.00067923	0.0025956	0.028665	
0.00067054	0.012415	0.0021874	0.0012653	0.01	0.00068259	0.0025996	0.028653	
0.00067511	0.012414	0.0021909	0.0012695	0.01	0.000686	0.0026036	0.028642	
0.00067968	0.012412	0.0021944	0.0012736	0.01	0.00068939	0.0026076	0.028631	
0.00068425	0.012411	0.0021979	0.0012778	0.01	0.00069284	0.0026117	0.02862	
0.00068881	0.012409	0.0022014	0.001282	0.01	0.00069627	0.0026158	0.028609	
0.00069337	0.012408	0.0022049	0.0012862	0.01	0.00069967	0.0026198	0.028598	
0.00069792	0.012406	0.0022085	0.0012904	0.01	0.00070313	0.0026239	0.028588	
0.00070247	0.012405	0.0022121	0.0012947	0.01	0.00070665	0.0026281	0.028578	
0.00070701	0.012403	0.0022157	0.001299	0.01	0.00071022	0.0026323	0.028569	
0.00071155	0.012402	0.0022194	0.0013033	0.01	0.00071377	0.0026365	0.02856	
0.00071609	0.0124	0.0022231	0.0013076	0.01	0.00071737	0.0026408	0.028551	
0.00072063	0.012399	0.0022267	0.001312	0.01	0.00072096	0.0026451	0.028542	
0.00072516	0.012398	0.0022304	0.0013163	0.01	0.00072452	0.0026493	0.028533	
0.00072968	0.012396	0.0022341	0.0013206	0.01	0.00072813	0.0026536	0.028525	
0.0007342	0.012395	0.0022379	0.001325	0.01	0.0007318	0.002658	0.028517	
0.00073872	0.012393	0.0022416	0.0013294	0.01	0.00073545	0.0026623	0.028509	
0.00074323	0.012392	0.0022453	0.0013338	0.01	0.00073916	0.0026667	0.028502	
0.00074774	0.012391	0.002249	0.0013381	0.01	0.00074285	0.0026711	0.028494	
0.00075225	0.012389	0.0022528	0.0013425	0.01	0.00074659	0.0026756	0.028487	
0.00075675	0.012388	0.0022565	0.0013469	0.01	0.00075031	0.00268	0.02848	
0.00076125	0.012386	0.0022602	0.0013512	0.01	0.00075401	0.0026844	0.028473	
0.00076574	0.012385	0.0022639	0.0013555	0.01	0.00075769	0.0026888	0.028466	
0.00077023	0.012384	0.0022675	0.0013598	0.01	0.00076134	0.0026932	0.028458	
0.00077472	0.012382	0.0022712	0.0013642	0.01	0.00076505	0.0026976	0.028451	
0.0007792	0.012381	0.0022749	0.0013685	0.01	0.00076874	0.002702	0.028444	
0.00078368	0.01238	0.0022786	0.0013728	0.01	0.0007724	0.0027063	0.028437	
0.00078815	0.012378	0.0022823	0.0013771	0.01	0.00077605	0.0027107	0.028429	
0.00079263	0.012377	0.0022859	0.0013814	0.01	0.00077967	0.002715	0.028422	
0.00079709	0.012376	0.0022896	0.0013857	0.01	0.00078336	0.0027194	0.028414	
0.00080156	0.012374	0.0022932	0.00139	0.01	0.00078702	0.0027237	0.028407	
0.00080601	0.012373	0.0022968	0.0013943	0.01	0.00079065	0.002728	0.0284	
0.00081047	0.012371	0.0023005	0.0013986	0.01	0.00079435	0.0027324	0.028393	
0.00081492	0.01237	0.0023042	0.0014029	0.01	0.00079802	0.0027368	0.028386	
0.00081937	0.012369	0.0023079	0.0014073	0.01	0.00080175	0.0027412	0.02838	
0.00082381	0.012367	0.0023116	0.0014116	0.01	0.00080546	0.0027457	0.028373	
0.00082825	0.012366	0.0023153	0.0014159	0.01	0.00080915	0.00275	0.028366	
0.00083269	0.012365	0.002319	0.0014202	0.01	0.00081281	0.0027544	0.028359	
0.00083712	0.012363	0.0023226	0.0014245	0.01	0.00081645	0.0027587	0.028352	
0.00084155	0.012362	0.0023262	0.0014287	0.01	0.00082006	0.002763	0.028345	
0.00084597	0.012361	0.0023299	0.001433	0.01	0.00082374	0.0027674	0.028338	
0.00085039	0.012359	0.0023336	0.0014373	0.01	0.0008274	0.0027717	0.028331	
0.00085481	0.012358	0.0023372	0.0014416	0.01	0.00083103	0.0027761	0.028324	
0.00085922	0.012357	0.0023408	0.0014458	0.01	0.00083463	0.0027803	0.028317	
0.00086363	0.012355	0.0023445	0.0014501	0.01	0.0008383	0.0027847	0.02831	
0.00086804	0.012354	0.0023481	0.0014544	0.01	0.00084194	0.002789	0.028304	
0.00087244	0.012353	0.0023517	0.0014586	0.01	0.00084556	0.0027933	0.028297	
0.00087684	0.012351	0.0023554	0.0014629	0.01	0.00084924	0.0027977	0.02829	
0.00088123	0.01235	0.002359	0.0014672	0.01	0.0008529	0.0028021	0.028284	
0.00088562	0.012349	0.0023627	0.0014714	0.01	0.00085653	0.0028064	0.028277	
0.00089001	0.012347	0.0023663	0.0014757	0.01	0.00086014	0.0028107	0.02827	
0.00089403	0.012346	0.0023699	0.0014799	0.01	0.00086373	0.002815	0.028263	
0.00090362	0.012345	0.0023734	0.001484	0.01	0.00086729	0.0028192	0.028256	
