Macaca_mulatta Macaca_nemestrina Mandrillus_leucophaeus Microcebus_murinus Nomascus_leucogenys Otolemur_garnettii Pan_paniscus Pan_troglodytes Papio_anubis Piliocolobus_tephrosceles Pongo_abelii
0.01 0.015173 0.002859 3.6344e-05 0.00048303 8.5974e-05 0.0099885 0.0099885 0.0015639 0.004391 0.0013024
0.01 0.015179 0.0028558 3.3852e-05 0.00048099 8.5102e-05 0.0099885 0.0099885 0.0015583 0.0043877 0.0013001
0.01 0.015186 0.0028528 3.1541e-05 0.00047898 8.4371e-05 0.0099885 0.0099885 0.0015527 0.0043845 0.0012978
0.01 0.015192 0.0028497 2.9187e-05 0.00047697 8.3608e-05 0.0099885 0.0099885 0.0015471 0.0043812 0.0012955
0.01 0.015199 0.0028468 2.7014e-05 0.00047498 8.2982e-05 0.0099885 0.0099885 0.0015416 0.004378 0.0012933
0.01 0.015205 0.0028439 2.4997e-05 0.00047303 7.9413e-05 0.0099885 0.0099885 0.0015362 0.0043748 0.0012912
0.01 0.015212 0.0028409 2.2943e-05 0.00047107 7.5733e-05 0.0099885 0.0099885 0.0015307 0.0043716 0.001289
0.01 0.015218 0.0028381 2.1035e-05 0.00046914 7.2535e-05 0.0099885 0.0099885 0.0015252 0.0043685 0.0012869
0.01 0.015225 0.0028353 1.9091e-05 0.0004672 6.9238e-05 0.0099885 0.0099885 0.0015198 0.0043653 0.0012848
0.01 0.015232 0.0028324 1.7111e-05 0.00046525 6.5837e-05 0.0099884 0.0099884 0.0015143 0.0043621 0.0012826
0.01 0.015238 0.0028295 1.5093e-05 0.00046329 6.233e-05 0.0099884 0.0099884 0.0015088 0.004359 0.0012805
0.01 0.015245 0.0028267 1.3228e-05 0.00046136 5.9311e-05 0.0099884 0.0099884 0.0015034 0.0043558 0.0012784
0.01 0.015252 0.002824 1.1503e-05 0.00045946 5.6713e-05 0.0099884 0.0099884 0.001498 0.0043527 0.0012764
0.01 0.015259 0.0028213 9.9082e-06 0.0004576 5.448e-05 0.0099884 0.0099884 0.0014927 0.0043496 0.0012745
0.01 0.015266 0.0028188 8.4327e-06 0.00045576 5.2563e-05 0.0099884 0.0099884 0.0014874 0.0043466 0.0012726
0.01 0.015273 0.0028162 6.9283e-06 0.00045392 5.0582e-05 0.0099884 0.0099884 0.0014821 0.0043436 0.0012707
0.01 0.01528 0.0028137 5.3938e-06 0.0004521 4.8492e-05 0.0099884 0.0099884 0.0014769 0.0043406 0.0012689
0.01 0.015287 0.0028113 3.9738e-06 0.00045032 4.6698e-05 0.0099884 0.0099884 0.0014717 0.0043376 0.0012671
0.01 0.015295 0.002809 2.6524e-06 0.00044856 4.5145e-05 0.0099884 0.0099884 0.0014666 0.0043347 0.0012655
0.01 0.015302 0.0028067 2.5561e-06 0.0004468 4.3538e-05 0.0099884 0.0099884 0.0014614 0.0043318 0.0012638
0.01 0.015309 0.0028043 2.4511e-06 0.00044502 4.1876e-05 0.0099884 0.0099884 0.0014562 0.0043289 0.001262
0.01 0.015317 0.0028021 2.3561e-06 0.00044328 4.0452e-05 0.0099884 0.0099884 0.0014511 0.004326 0.0012604
0.01 0.015324 0.0027998 2.2527e-06 0.00044153 3.898e-05 0.0099884 0.0099884 0.001446 0.0043231 0.0012587
0.01 0.015331 0.0027975 2.1407e-06 0.00043976 3.7458e-05 0.0099883 0.0099883 0.0014408 0.0043201 0.001257
0.01 0.015339 0.0027952 2.0384e-06 0.00043803 3.6156e-05 0.0099883 0.0099883 0.0014357 0.0043173 0.0012554
0.01 0.015346 0.0027931 1.9452e-06 0.00043633 3.5046e-05 0.0099883 0.0099883 0.0014306 0.0043144 0.0012539
0.01 0.015354 0.0027909 1.8435e-06 0.00043462 3.3893e-05 0.0099883 0.0099883 0.0014256 0.0043116 0.0012523
0.01 0.015362 0.0027888 1.7329e-06 0.00043289 3.2693e-05 0.0099883 0.0099883 0.0014205 0.0043087 0.0012507
0.01 0.015369 0.0027643 1.6324e-06 0.0004312 3.1687e-05 0.0099883 0.0099883 0.0014154 0.0043059 0.0012492
0.01 0.015377 0.0027397 1.5226e-06 0.0004295 3.063e-05 0.0099883 0.0099883 0.0014104 0.0043031 0.0012477
0.01 0.015385 0.0027151 1.403e-06 0.00042779 2.9517e-05 0.0099883 0.0099883 0.0014053 0.0043002 0.0012461
0.01 0.015392 0.0026904 1.2953e-06 0.00042606 2.8609e-05 0.0099883 0.0099883 0.0014002 0.0042973 0.0012445
0.01 0.0154 0.0026661 1.198e-06 0.00042431 2.5007e-05 0.0099883 0.0099883 0.0013951 0.0042945 0.0012429
0.01 0.015407 0.0026416 1.0903e-06 0.00042255 2.1202e-05 0.0099883 0.0099883 0.00139 0.0042917 0.0012412
0.01 0.015415 0.0026176 9.9245e-07 0.00042083 1.8025e-05 0.0099883 0.0099883 0.001385 0.0042889 0.0012397
0.01 0.015423 0.0025934 8.8404e-07 0.00041909 1.4653e-05 0.0099883 0.0099883 0.00138 0.0042861 0.001238
0.01 0.015431 0.0025696 7.8676e-07 0.00041739 1.192e-05 0.0099883 0.0099883 0.001375 0.0042833 0.0012365
0.01 0.015439 0.0025463 7.0137e-07 0.00041575 9.7953e-06 0.0099883 0.0099883 0.00137 0.0042807 0.0012352
0.01 0.015447 0.0025234 6.2517e-07 0.00041414 8.1054e-06 0.0099882 0.0099882 0.001365 0.004278 0.0012339
0.01 0.015456 0.0025009 5.3797e-07 0.00041252 6.252e-06 0.0099882 0.0099882 0.0013602 0.0042755 0.0012325
0.01 0.015464 0.0024783 6.0832e-07 0.00041087 4.2169e-06 0.0099882 0.0099882 0.0013552 0.0042729 0.0012311
0.01 0.015472 0.0024555 6.6809e-07 0.00040921 3.9168e-06 0.0099882 0.0099882 0.0013503 0.0042703 0.0012297
0.01 0.015481 0.0024331 7.3586e-07 0.00040759 3.6849e-06 0.0099882 0.0099882 0.0013454 0.0042678 0.0012284
0.01 0.015489 0.0024106 7.9281e-07 0.00040594 3.4253e-06 0.0099882 0.0099882 0.0013405 0.0042652 0.001227
0.01 0.015498 0.0023885 8.584e-07 0.00040434 3.2254e-06 0.0099882 0.0099882 0.0013357 0.0042627 0.0012258
0.01 0.015506 0.0023662 9.1303e-07 0.00040272 3.0014e-06 0.0099882 0.0099882 0.0013308 0.0042602 0.0012245
0.01 0.015515 0.0023665 9.5681e-07 0.00040108 2.7513e-06 0.0099882 0.0099882 0.0013259 0.0042576 0.0012231
0.01 0.015523 0.0023667 9.8985e-07 0.00039942 2.4732e-06 0.0099882 0.0099882 0.0013209 0.004255 0.0012217
0.01 0.015532 0.0023671 1.0324e-06 0.00039781 2.2606e-06 0.0099882 0.0099882 0.001316 0.0042525 0.0012204
0.01 0.01554 0.0023675 1.0854e-06 0.00039617 2.0997e-06 0.0099882 0.0099882 0.0013112 0.00425 0.0012191
0.01 0.01552 0.0023682 1.1496e-06 0.00039452 1.9799e-06 0.0099882 0.0099882 0.0013065 0.0042477 0.0012177
0.01 0.0155 0.0023689 1.2022e-06 0.00039291 1.8264e-06 0.0099882 0.0099882 0.0013019 0.0042454 0.0012164
0.01 0.01548 0.0023698 1.2433e-06 0.00039135 1.6532e-06 0.0099882 0.0099882 0.0012974 0.0042431 0.0012153
0.01 0.01546 0.0023708 1.2948e-06 0.00038977 1.5195e-06 0.0099881 0.0099881 0.0012929 0.0042409 0.0012141
0.01 0.01544 0.0023718 1.3347e-06 0.00038816 1.3688e-06 0.0099881 0.0099881 0.0012884 0.0042388 0.0012128
0.01 0.01542 0.0023727 1.3866e-06 0.00038661 1.2554e-06 0.0099881 0.0099881 0.0012839 0.0042365 0.0012117
0.01 0.0154 0.0023737 1.4502e-06 0.0003851 1.169e-06 0.0099881 0.0099881 0.0012795 0.0042344 0.0012107
0.01 0.01538 0.0023747 1.5016e-06 0.00038357 1.0699e-06 0.0099881 0.0099881 0.001275 0.0042322 0.0012096
0.01 0.015361 0.0023756 1.5411e-06 0.00038202 9.5717e-07 0.0099881 0.0099881 0.0012704 0.0042299 0.0012085
0.01 0.015341 0.0023766 1.5923e-06 0.00038051 8.7009e-07 0.0099881 0.0099881 0.001266 0.0042278 0.0012075
0.01 0.015321 0.0023778 1.6558e-06 0.00037904 8.0384e-07 0.0099881 0.0099881 0.0012616 0.0042257 0.0012066
0.01 0.015302 0.0023791 1.7329e-06 0.00037762 7.5486e-07 0.0099881 0.0099881 0.0012573 0.0042237 0.0012057
0.01 0.015283 0.0023805 1.825e-06 0.00037623 7.2372e-07 0.0099881 0.0099881 0.0012531 0.0042217 0.001205
0.01 0.015264 0.0023819 1.9034e-06 0.00037483 7.8775e-07 0.0099881 0.0099881 0.0012488 0.0042197 0.0012043
0.01 0.015245 0.0023832 1.8382e-06 0.00037341 8.4961e-07 0.0099881 0.0099881 0.0012445 0.0042177 0.0012035
0.01 0.015225 0.0023844 1.7596e-06 0.00037203 9.093e-07 0.0099881 0.0099881 0.0012401 0.0042156 0.0012028
0.01 0.015206 0.0023856 1.9854e-06 0.00037063 9.6682e-07 0.0099881 0.0099881 0.0012357 0.0042135 0.001202
0.01 0.015187 0.0023868 1.9977e-06 0.00036927 1.0468e-06 0.0099881 0.0099881 0.0012313 0.0042114 0.0012014
0.01 0.015167 0.0023878 1.9974e-06 0.0003679 1.1153e-06 0.0099881 0.0099881 0.0012268 0.0042093 0.0012007
0.01 0.015148 0.002389 2.0104e-06 0.00036657 1.1031e-06 0.0099881 0.0099881 0.0012224 0.0042072 0.0012002
0.01 0.015129 0.0023902 2.0108e-06 0.00036521 1.0819e-06 0.009988 0.009988 0.001218 0.004205 0.0011996
0.01 0.015109 0.0023915 2.0248e-06 0.0003639 9.5171e-07 0.009988 0.009988 0.0012136 0.004203 0.001199
0.01 0.01509 0.0023927 2.0261e-06 0.00036257 8.0539e-07 0.009988 0.009988 0.0012092 0.0042009 0.0011985
0.01 0.015071 0.002394 2.0408e-06 0.00035696 6.911e-07 0.009988 0.009988 0.0012049 0.0041989 0.001198
0.01 0.015052 0.0023955 2.0693e-06 0.00035147 6.0216e-07 0.009988 0.009988 0.0012007 0.0041969 0.0011977
0.01 0.015034 0.0023969 2.0849e-06 0.00034593 5.007e-07 0.009988 0.009988 0.0011964 0.004195 0.0011973
0.01 0.015015 0.0023983 2.1312e-06 0.00034051 4.2791e-07 0.009988 0.009988 0.0012045 0.0041929 0.001197
0.01 0.014996 0.0023996 2.1631e-06 0.00033519 4.4541e-07 0.009988 0.009988 0.0012126 0.0041909 0.0011905
0.01 0.014977 0.002401 2.2097e-06 0.00032998 4.7259e-07 0.009988 0.009988 0.0012208 0.0041889 0.0011842
0.01 0.014958 0.0024026 2.2732e-06 0.00032473 5.1296e-07 0.009988 0.009988 0.001229 0.0041869 0.0011779
0.01 0.014939 0.0024041 2.3232e-06 0.00031944 5.4535e-07 0.009988 0.009988 0.001237 0.0041849 0.0011714
0.01 0.01492 0.0024057 2.3893e-06 0.00031411 5.2867e-07 0.009988 0.009988 0.0012453 0.0041829 0.0011649
0.01 0.014902 0.0024073 2.4417e-06 0.00030874 5.0499e-07 0.009988 0.009988 0.0012534 0.0041809 0.0011583
0.01 0.014883 0.0024089 2.4805e-06 0.00030332 4.7411e-07 0.009988 0.009988 0.0012615 0.0041788 0.0011517
0.01 0.014864 0.0024103 2.5057e-06 0.00029786 4.3579e-07 0.009988 0.009988 0.0012696 0.0041768 0.001145
0.01 0.014845 0.0024119 2.5175e-06 0.00029237 3.8958e-07 0.009988 0.009988 0.0012778 0.0041747 0.0011381
0.01 0.014826 0.0024135 2.5157e-06 0.00028683 3.3521e-07 0.009988 0.009988 0.0012859 0.0041725 0.0011313
0.01 0.014807 0.002415 2.5003e-06 0.00028124 2.7214e-07 0.009988 0.009988 0.001294 0.0041703 0.0011243
0.01 0.014788 0.0024166 2.5005e-06 0.00027577 2.2256e-07 0.009988 0.009988 0.0013022 0.0041682 0.0011175
0.01 0.014769 0.0024184 2.4722e-06 0.0002704 1.5795e-07 0.0099879 0.0099879 0.0013105 0.0041662 0.001111
0.01 0.014751 0.0024203 2.4594e-06 0.00026514 1.0626e-07 0.0099879 0.0099879 0.0013189 0.0041642 0.0011046
0.01 0.014732 0.0024221 2.4333e-06 0.00025983 4.6947e-08 0.0099879 0.0099879 0.0013272 0.0041622 0.0010981
0.01 0.014714 0.0024238 2.3875e-06 0.00025449 3.6683e-08 0.0099879 0.0099879 0.0013355 0.0041602 0.0010916
0.01 0.014695 0.0024256 2.328e-06 0.0002491 2.2536e-08 0.0099879 0.0099879 0.0013438 0.0041581 0.001085
0.01 0.014676 0.0024272 2.2546e-06 0.00024382 2.8653e-08 0.0099879 0.0099879 0.001352 0.004156 0.0010785
0.01 0.014658 0.002429 2.1971e-06 0.00023865 3.5614e-08 0.0099879 0.0099879 0.0013603 0.004154 0.0010723
0.01 0.014639 0.0024309 2.1262e-06 0.00023357 3.8615e-08 0.0099879 0.0099879 0.0013688 0.004152 0.0010663
0.01 0.014621 0.0024328 2.0379e-06 0.00022846 3.8178e-08 0.0099879 0.0099879 0.0013771 0.00415 0.0010601
0.01 0.014603 0.0024347 1.9652e-06 0.00022344 3.8542e-08 0.0099879 0.0099879 0.0013856 0.0041481 0.0010542
0.01 0.014584 0.0024367 1.8795e-06 0.00021839 3.5528e-08 0.0099879 0.0099879 0.0013941 0.0041461 0.0010482
0.01 0.014566 0.0024387 1.8077e-06 0.00021343 3.3148e-08 0.0099879 0.0099879 0.0014026 0.0041442 0.0010423
0.01 0.014548 0.0024409 1.7501e-06 0.00020856 3.144e-08 0.0099879 0.0099879 0.0014113 0.0041424 0.0010367
0.01 0.014531 0.0024432 1.7042e-06 0.00020378 3.0113e-08 0.0099879 0.0099879 0.0014201 0.0041406 0.0010311
0.01 0.014513 0.0024456 1.6697e-06 0.00019909 2.9111e-08 0.0099879 0.0099879 0.001429 0.0041389 0.0010258
0.01 0.014496 0.0024482 1.6472e-06 0.00019449 2.8601e-08 0.0099879 0.0099879 0.001438 0.0041373 0.0010206
0.01 0.014478 0.0024507 1.6131e-06 0.00018985 2.4865e-08 0.0099879 0.0099879 0.001447 0.0041356 0.0010153
0.01 0.014461 0.0024531 1.9304e-06 0.00018518 1.7839e-08 0.0099879 0.0099879 0.0014559 0.0041339 0.00101
0.01 0.014443 0.0024557 2.2862e-06 0.0001806 1.1154e-08 0.0099879 0.0099879 0.0014649 0.0041323 0.0010048
0.01 0.014426 0.0024583 2.619e-06 0.00017598 1.4318e-08 0.0099879 0.0099879 0.0014739 0.0041306 0.00099955
0.01 0.014409 0.0024609 2.6645e-06 0.00017146 1.7378e-08 0.0099879 0.0099879 0.001483 0.004129 0.00098089
0.01 0.014392 0.0024637 2.7264e-06 0.00016702 2.0356e-08 0.0099879 0.0099879 0.0014922 0.0041274 0.00096268
0.01 0.014375 0.0024667 2.6323e-06 0.00016266 2.3965e-08 0.0099879 0.0099879 0.0015016 0.004126 0.00094493
0.01 0.014358 0.0024695 2.5239e-06 0.00015827 2.4402e-08 0.0099878 0.0099878 0.0015109 0.0041245 0.00092702
0.01 0.014342 0.0024726 2.4347e-06 0.00015396 2.5146e-08 0.0099878 0.0099878 0.0015203 0.004123 0.00090957
0.01 0.014325 0.0024757 2.3634e-06 0.00014975 2.6237e-08 0.0099878 0.0099878 0.0015299 0.0041217 0.00089257
0.01 0.014309 0.002479 2.3089e-06 0.00014561 2.775e-08 0.0099878 0.0099878 0.0015396 0.0041204 0.00087601
0.01 0.014293 0.0024825 2.2706e-06 0.00014155 2.9812e-08 0.0099878 0.0099878 0.0015495 0.0041192 0.00085989
0.01 0.014277 0.0024859 2.2535e-06 0.00013747 3.5081e-08 0.0099878 0.0099878 0.0015592 0.0041179 0.00084362
0.01 0.014261 0.0024894 2.0814e-06 0.00013346 4.2321e-08 0.0099878 0.0099878 0.0015692 0.0041166 0.00082776
0.01 0.014245 0.0024931 1.8914e-06 0.00012953 4.5829e-08 0.0099878 0.0099878 0.0015792 0.0041154 0.0008123
0.01 0.014229 0.0024969 1.7249e-06 0.00012567 5.0647e-08 0.0099878 0.0099878 0.0015894 0.0041142 0.00079724
0.01 0.014213 0.0025007 1.5792e-06 0.00012178 5.7049e-08 0.0099878 0.0099878 0.0015995 0.004113 0.00078203
0.01 0.014198 0.0025046 1.4519e-06 0.00011797 6.5383e-08 0.0099878 0.0099878 0.0016098 0.0041119 0.00076723
0.01 0.014183 0.0025087 1.3409e-06 0.00011423 7.6089e-08 0.0099878 0.0099878 0.00162 0.0041108 0.0007528
0.01 0.014168 0.0025129 1.2443e-06 0.00011056 8.9732e-08 0.0099878 0.0099878 0.0016303 0.0041098 0.00073873
0.01 0.014152 0.002517 1.1348e-06 0.00010686 9.9051e-08 0.0099878 0.0099878 0.0016405 0.0041088 0.00072453
0.01 0.014137 0.0025211 1.0122e-06 0.00010671 1.0412e-07 0.0099878 0.0099878 0.0016507 0.0041078 0.0007102
0.01 0.014122 0.0025253 9.0487e-07 0.00010658 1.1263e-07 0.0099878 0.0099878 0.001661 0.0041068 0.00069625
0.01 0.014107 0.0025295 7.8498e-07 0.00010643 1.1682e-07 0.0099878 0.0099878 0.0016713 0.0041057 0.00068217
0.01 0.014092 0.0025336 6.5214e-07 0.00010628 1.167e-07 0.0099878 0.0099878 0.0016815 0.0041047 0.00066796
0.01 0.014077 0.0025282 5.5308e-07 0.00010611 1.0899e-07 0.0099878 0.0099878 0.0016919 0.0041036 0.00065361
0.01 0.014062 0.0025228 4.4529e-07 0.00010593 9.6782e-08 0.0099878 0.0099878 0.0017022 0.0041025 0.00063913
0.01 0.014047 0.0025175 3.475e-07 0.00010576 8.7806e-08 0.0099878 0.0099878 0.0017126 0.0041014 0.000625
0.01 0.014032 0.0025124 2.5813e-07 0.00010561 8.1536e-08 0.0099878 0.0099878 0.0017232 0.0041005 0.00061123
0.01 0.014017 0.0025074 2.8393e-07 0.00010548 7.0733e-08 0.0099878 0.0099878 0.0017339 0.0040995 0.0005978
0.01 0.014003 0.0025026 3.0134e-07 0.00010536 7.3974e-08 0.0099878 0.0099878 0.001734 0.0040987 0.00058472
0.01 0.013989 0.0024979 3.1934e-07 0.00010525 7.8452e-08 0.0099878 0.0099878 0.0017341 0.0040979 0.00057191
0.01 0.013975 0.0024933 3.3795e-07 0.00010516 8.4235e-08 0.0099878 0.0099878 0.0017343 0.0040971 0.00055935
0.01 0.013961 0.0024888 3.5674e-07 0.00010507 9.1136e-08 0.0099878 0.0099878 0.0017346 0.0040964 0.00054702
0.01 0.013947 0.0024844 3.7577e-07 0.00010499 9.9313e-08 0.0099878 0.0099878 0.0017349 0.0040957 0.0005349
0.01 0.013933 0.0024802 3.9561e-07 0.00010492 1.0928e-07 0.0099878 0.0099878 0.0017352 0.0040951 0.00052302
0.01 0.01392 0.0024759 4.0833e-07 0.00010485 1.159e-07 0.0099878 0.0099878 0.0017356 0.0040945 0.00051108
0.01 0.013906 0.0024717 4.1387e-07 0.00010479 1.1913e-07 0.0099878 0.0099878 0.0017359 0.0040939 0.00049937
0.01 0.013892 0.0024676 4.2037e-07 0.00010473 1.2432e-07 0.0099878 0.0099878 0.0017364 0.0040933 0.00048788
0.01 0.013879 0.0024635 4.197e-07 0.00010467 1.2612e-07 0.0099878 0.0099878 0.0017368 0.0040928 0.00047633
0.01 0.013866 0.0024594 4.1176e-07 0.00010462 1.226e-07 0.0099878 0.0099878 0.0017372 0.0040923 0.000465
0.01 0.013852 0.0024555 4.0454e-07 0.00010457 1.2089e-07 0.0099878 0.0099878 0.0017377 0.0040918 0.00045387
0.01 0.013839 0.0024516 3.8997e-07 0.00010452 1.1569e-07 0.0099878 0.0099878 0.0017382 0.0040913 0.00044269
0.01 0.013826 0.0024476 3.6777e-07 0.00010446 1.068e-07 0.0099878 0.0099878 0.0017387 0.0040908 0.00043143
0.01 0.013812 0.0024435 3.3865e-07 0.00010439 9.3757e-08 0.0099878 0.0099878 0.0017391 0.0040903 0.00042008
0.01 0.013799 0.0024396 3.0058e-07 0.00010434 9.7352e-08 0.0099878 0.0099878 0.0017396 0.0040898 0.00040904
0.01 0.013786 0.0024357 2.6584e-07 0.00010427 1.0421e-07 0.0099878 0.0099878 0.0017401 0.0040894 0.00039789
0.01 0.013773 0.0024318 2.3266e-07 0.00010422 1.1359e-07 0.0099878 0.0099878 0.0017408 0.004089 0.00038698
0.01 0.01376 0.002428 3.1933e-07 0.00010415 1.1918e-07 0.0099878 0.0099878 0.0017414 0.0040887 0.000376
0.01 0.013746 0.002424 3.9763e-07 0.00010408 1.2124e-07 0.0099878 0.0099878 0.001742 0.0040883 0.00036496
0.01 0.013733 0.0024202 4.807e-07 0.00010402 1.2541e-07 0.0099878 0.0099878 0.0017426 0.0040879 0.00035413
0.01 0.01372 0.0024164 5.5555e-07 0.00010395 1.2615e-07 0.0099878 0.0099878 0.0017432 0.0040876 0.00034325
0.01 0.013707 0.0024125 6.223e-07 0.00010388 1.235e-07 0.0099878 0.0099878 0.0017438 0.0040872 0.00033232
0.01 0.013694 0.0024087 6.9373e-07 0.00010381 1.228e-07 0.0099878 0.0099878 0.0017445 0.0040868 0.00032159
0.01 0.013681 0.0024049 7.5702e-07 0.00010373 2.143e-07 0.0099878 0.0099878 0.0017451 0.0040865 0.00031082
0.01 0.013668 0.0024011 8.1219e-07 0.00010365 2.9947e-07 0.0099878 0.0099878 0.0017457 0.0040861 0.00029999
0.01 0.013655 0.0023973 8.7165e-07 0.00010358 3.9837e-07 0.0099878 0.0099878 0.0017463 0.0040858 0.00028935
0.01 0.013642 0.0023936 9.2279e-07 0.0001035 4.903e-07 0.0099878 0.0099878 0.001747 0.0040855 0.00027866
0.01 0.013629 0.0023897 9.6532e-07 0.00010341 5.7505e-07 0.0099878 0.0099878 0.0017475 0.0040851 0.00026791
0.01 0.013617 0.002386 1.0156e-06 0.00010333 6.7875e-07 0.0099878 0.0099878 0.0017482 0.0040848 0.00025739
0.01 0.013604 0.0023823 1.0746e-06 0.00010324 8.0573e-07 0.0099878 0.0099878 0.0017488 0.0040844 0.0002468
0.01 0.013591 0.0023787 1.1435e-06 0.00010317 8.2522e-07 0.0099878 0.0099878 0.0017495 0.0040842 0.00023646
0.01 0.013578 0.002375 1.2018e-06 0.00010308 8.3788e-07 0.0099878 0.0099878 0.0017502 0.0040839 0.00022604
0.01 0.013565 0.0023713 1.2497e-06 0.00010299 8.4404e-07 0.0099878 0.0099878 0.0017508 0.0040835 0.00021553
0.01 0.013553 0.0023676 1.2875e-06 0.00010289 8.4383e-07 0.0099878 0.0099878 0.0017514 0.0040832 0.00020495
0.01 0.01354 0.0023639 1.3344e-06 0.0001028 8.5438e-07 0.0099877 0.0099877 0.0017521 0.0040829 0.00019462
0.01 0.013527 0.0023604 1.3709e-06 0.00010272 9.2918e-07 0.0099877 0.0099877 0.0017528 0.0040827 0.0001845
0.01 0.013515 0.0023569 1.3973e-06 0.00010263 9.9541e-07 0.0099877 0.0099877 0.0017535 0.0040824 0.0001743
0.01 0.013502 0.0023533 1.4136e-06 0.00010253 1.0534e-06 0.0099877 0.0099877 0.0017541 0.0040821 0.00016404
0.01 0.01349 0.0023496 1.438e-06 0.00010232 1.1319e-06 0.0099877 0.0099877 0.0017548 0.0040818 0.00016303
0.01 0.013477 0.0023459 1.4526e-06 0.00010209 1.2017e-06 0.0099877 0.0099877 0.0017552 0.0040815 0.00016201
0.01 0.013464 0.0023423 1.4754e-06 0.00010188 1.2904e-06 0.0099877 0.0099877 0.0017558 0.0040812 0.00016102
0.01 0.013452 0.0023387 1.506e-06 0.00010166 1.4044e-06 0.0099877 0.0099877 0.0017563 0.0040809 0.00016002
0.01 0.013439 0.0023351 1.528e-06 0.00010143 1.5104e-06 0.0099877 0.0099877 0.0017568 0.0040805 0.00015899
0.01 0.013427 0.0023314 1.5417e-06 0.00010119 1.6089e-06 0.0099877 0.0099877 0.0017573 0.0040802 0.00015796
0.01 0.013414 0.0023278 1.5615e-06 0.00010096 1.7274e-06 0.0099877 0.0099877 0.0017578 0.0040799 0.00015695
0.01 0.013402 0.0023242 1.5732e-06 0.00010072 1.8384e-06 0.0099877 0.0099877 0.0017583 0.0040796 0.00015593
0.01 0.013389 0.0023207 1.5902e-06 0.0001005 1.8109e-06 0.0099877 0.0099877 0.0017588 0.0040793 0.00015493
0.01 0.013377 0.0023171 1.5973e-06 0.00010027 1.7777e-06 0.0099877 0.0099877 0.0017593 0.004079 0.00015392
0.01 0.013364 0.0023136 1.5963e-06 0.00010003 1.7388e-06 0.0099877 0.0099877 0.0017598 0.0040787 0.0001529
0.01 0.013352 0.0023101 1.601e-06 9.9793e-05 1.7124e-06 0.0099877 0.0099877 0.0017604 0.0040785 0.0001519
0.01 0.01334 0.0023067 1.6113e-06 9.957e-05 1.6977e-06 0.0099877 0.0099877 0.001761 0.0040783 0.00015093
0.01 0.013327 0.0023033 1.6139e-06 9.934e-05 1.6779e-06 0.0099877 0.0099877 0.0017616 0.004078 0.00014994
0.01 0.013315 0.0022998 1.6086e-06 9.9103e-05 1.6529e-06 0.0099877 0.0099877 0.0017621 0.0040778 0.00014894
0.01 0.013303 0.0022965 1.6081e-06 9.8874e-05 1.6383e-06 0.0099877 0.0099877 0.0017627 0.0040776 0.00014796
0.01 0.013291 0.0022931 1.5998e-06 9.8637e-05 1.6186e-06 0.0099877 0.0099877 0.0017633 0.0040774 0.00014697
0.01 0.013279 0.0022898 1.5964e-06 9.8409e-05 1.6092e-06 0.0099877 0.0099877 0.0017639 0.0040772 0.000146
0.01 0.013267 0.0022865 1.585e-06 9.8173e-05 1.5945e-06 0.0099877 0.0099877 0.0017645 0.004077 0.00014502
0.01 0.013255 0.0022831 1.5651e-06 9.793e-05 1.5739e-06 0.0099877 0.0099877 0.0017651 0.0040768 0.00014402
0.01 0.013242 0.0022797 1.5359e-06 9.7678e-05 1.5462e-06 0.0099877 0.0099877 0.0017657 0.0040765 0.00014301
0.01 0.01323 0.0022762 1.4949e-06 9.7414e-05 1.5114e-06 0.0099877 0.0099877 0.0017662 0.0040763 0.00014198
0.01 0.013218 0.0022727 1.4696e-06 9.7167e-05 1.4989e-06 0.0099877 0.0099877 0.0017666 0.004076 0.00014092
0.01 0.013206 0.0022692 1.4325e-06 9.6908e-05 1.4765e-06 0.0099877 0.0099877 0.0017671 0.0040756 0.00013984
0.01 0.013194 0.0022657 1.4071e-06 9.6664e-05 1.3259e-06 0.0099877 0.0099877 0.0017676 0.0040754 0.00013879
0.01 0.013181 0.0022622 1.3699e-06 9.6409e-05 1.157e-06 0.0099877 0.0099877 0.0017681 0.0040751 0.00013773
0.01 0.013169 0.0022587 1.321e-06 9.6142e-05 9.6851e-07 0.0099877 0.0099877 0.0017685 0.0040747 0.00013664
0.01 0.013157 0.0022552 1.2829e-06 9.5889e-05 8.2038e-07 0.0099877 0.0099877 0.001769 0.0040745 0.00013559
0.01 0.013145 0.0022517 1.2333e-06 9.5625e-05 6.542e-07 0.0099877 0.0099877 0.0017695 0.0040742 0.00013451
0.01 0.013133 0.0022484 1.1938e-06 9.5376e-05 5.2289e-07 0.0099877 0.0099877 0.00177 0.0040739 0.00013348
0.01 0.013121 0.002245 1.1457e-06 9.5115e-05 3.7608e-07 0.0099877 0.0099877 0.0017705 0.0040737 0.00013242
0.01 0.013109 0.0022417 1.1083e-06 9.487e-05 2.6137e-07 0.0099877 0.0099877 0.0017711 0.0040735 0.0001314
0.01 0.013097 0.0022386 1.0809e-06 9.4641e-05 1.7145e-07 0.0099877 0.0099877 0.0017717 0.0040733 0.00013041
0.01 0.013085 0.0022354 1.0425e-06 9.44e-05 1.6968e-07 0.0099877 0.0099877 0.0017723 0.0040732 0.00012941
0.01 0.013074 0.0022324 9.9309e-07 9.4176e-05 1.6286e-07 0.0099877 0.0099877 0.001773 0.0040731 0.00012845
0.01 0.013062 0.0022294 9.5245e-07 9.3965e-05 1.6027e-07 0.0099877 0.0099877 0.0017738 0.0040731 0.00012752
0.01 0.013051 0.0022265 9.217e-07 9.3743e-05 1.6211e-07 0.0099877 0.0099877 0.0017745 0.004073 0.00012656
0.01 0.013039 0.0022234 8.804e-07 9.351e-05 1.5927e-07 0.0099877 0.0099877 0.0017752 0.0040729 0.00012559
0.01 0.013028 0.0022205 8.476e-07 9.3292e-05 1.609e-07 0.0099877 0.0099877 0.001776 0.0040729 0.00012465
0.01 0.013017 0.0022178 8.0439e-07 9.3089e-05 1.5785e-07 0.0099877 0.0099877 0.0017768 0.0040729 0.00012375
0.01 0.013006 0.0022151 7.693e-07 9.2899e-05 1.4793e-07 0.0099877 0.0099877 0.0017777 0.004073 0.00012288
0.01 0.012995 0.0022126 7.415e-07 9.2725e-05 1.4243e-07 0.0099877 0.0099877 0.0017787 0.0040732 0.00012205
0.01 0.012984 0.0022103 7.1964e-07 9.2564e-05 1.4056e-07 0.0099877 0.0099877 0.0017797 0.0040734 0.00012124
0.01 0.012973 0.0022078 6.8803e-07 9.2392e-05 1.3423e-07 0.0099877 0.0099877 0.0017808 0.0040737 0.00012042
0.01 0.012963 0.0022055 6.6214e-07 9.2234e-05 1.3141e-07 0.0099877 0.0099877 0.0017819 0.0040739 0.00011963
0.01 0.012952 0.0022031 6.2651e-07 9.2065e-05 1.2414e-07 0.0099877 0.0099877 0.0017829 0.0040742 0.00011882
0.01 0.012941 0.0022009 7.8742e-07 9.1911e-05 1.1222e-07 0.0099877 0.0099877 0.001784 0.0040745 0.00011804
0.01 0.012931 0.0021988 9.7133e-07 9.1772e-05 1.0436e-07 0.0099877 0.0099877 0.0017853 0.0040748 0.00011729
0.01 0.01292 0.0021966 1.1385e-06 9.1622e-05 9.1586e-08 0.0099877 0.0099877 0.0017864 0.0040752 0.00011653
0.01 0.01291 0.0021944 1.2908e-06 9.1461e-05 7.4243e-08 0.0099877 0.0099877 0.0017876 0.0040755 0.00011575
0.01 0.0129 0.0021923 1.4629e-06 9.1314e-05 6.0347e-08 0.0099877 0.0099877 0.0017888 0.0040759 0.00011499
0.01 0.012889 0.0021902 1.6194e-06 9.1155e-05 4.2086e-08 0.0099877 0.0099877 0.0017899 0.0040762 0.00011422
0.01 0.012879 0.0021882 1.7606e-06 9.1011e-05 2.7587e-08 0.0099877 0.0099877 0.0017912 0.0040766 0.00011347
0.01 0.012869 0.0021861 1.8869e-06 9.0882e-05 3.5252e-08 0.0099877 0.0099877 0.0017924 0.004077 0.00011276
0.01 0.012858 0.002184 1.9984e-06 9.0741e-05 3.744e-08 0.0099877 0.0099877 0.0017936 0.0040773 0.00011203
0.01 0.012848 0.0021818 2.0959e-06 9.0589e-05 3.6222e-08 0.0099877 0.0099877 0.0017947 0.0040777 0.00011128
0.01 0.012838 0.0021798 2.2127e-06 9.0452e-05 3.5959e-08 0.0099877 0.0099877 0.0017959 0.004078 0.00011056
0.01 0.012828 0.0021778 2.315e-06 9.0304e-05 3.2303e-08 0.0099877 0.0099877 0.0017972 0.0040784 0.00010982
0.01 0.012818 0.002176 2.4375e-06 9.017e-05 2.947e-08 0.0099877 0.0099877 0.0017985 0.0040788 0.00010912
0.01 0.012808 0.0021742 2.5822e-06 9.0025e-05 2.7282e-08 0.0099877 0.0099877 0.0017999 0.0040792 0.00010839
0.01 0.012798 0.0021723 2.7117e-06 8.987e-05 2.1849e-08 0.0099877 0.0099877 0.0018011 0.0040796 0.00010764
0.01 0.012788 0.0021703 2.8259e-06 8.9704e-05 3.4749e-08 0.0099877 0.0099877 0.0018024 0.0040799 0.00010688
0.01 0.012778 0.0021685 2.9621e-06 8.9551e-05 4.977e-08 0.0099877 0.0099877 0.0018037 0.0040803 0.00010614
0.01 0.012768 0.0021668 4.2144e-06 8.9412e-05 6.0981e-08 0.0099877 0.0099877 0.0018051 0.0040807 0.00010543
0.01 0.012758 0.0021651 5.5909e-06 8.9283e-05 7.3647e-08 0.0099877 0.0099877 0.0018066 0.0040813 0.00010475
0.01 0.012749 0.0021636 7.09e-06 8.9162e-05 8.7765e-08 0.0099877 0.0099877 0.0018081 0.0040818 0.00010408
0.01 0.012739 0.002162 8.5561e-06 8.9034e-05 9.8801e-08 0.0099877 0.0099877 0.0018095 0.0040823 0.0001034
0.01 0.01273 0.0021605 1.0137e-05 8.8912e-05 1.1105e-07 0.0099877 0.0099877 0.0018111 0.0040829 0.00010274
0.01 0.01272 0.0021591 1.184e-05 8.8798e-05 1.2475e-07 0.0099877 0.0099877 0.0018126 0.0040835 0.00010209
0.01 0.012711 0.0021577 1.3507e-05 8.8676e-05 1.3529e-07 0.0099877 0.0099877 0.0018142 0.0040841 0.00010143
0.01 0.012701 0.0021562 1.5142e-05 8.8548e-05 1.4277e-07 0.0099878 0.0099878 0.0018157 0.0040847 0.00010075
0.01 0.012692 0.0021548 1.6903e-05 8.8427e-05 1.5172e-07 0.0099878 0.0099878 0.0018173 0.0040853 0.0001001
0.01 0.012683 0.0021534 1.8629e-05 8.8299e-05 1.576e-07 0.0099878 0.0099878 0.0018188 0.0040859 9.9429e-05
0.01 0.012673 0.0021519 2.0323e-05 8.8164e-05 1.6041e-07 0.0099878 0.0099878 0.0018204 0.0040865 9.8751e-05
0.01 0.012664 0.0021506 2.2158e-05 8.8037e-05 1.6502e-07 0.0099878 0.0099878 0.001822 0.0040872 9.8088e-05
0.01 0.012655 0.0021492 2.3957e-05 8.7903e-05 1.6654e-07 0.0099878 0.0099878 0.0018235 0.0040878 9.7414e-05
0.01 0.012646 0.0021478 2.5906e-05 8.7776e-05 1.6992e-07 0.0099878 0.0099878 0.0018251 0.0040884 9.6756e-05
0.01 0.012637 0.0021464 2.8006e-05 8.7655e-05 1.7496e-07 0.0099878 0.0099878 0.0018268 0.0040891 9.6111e-05
0.01 0.012628 0.002145 3.027e-05 8.7541e-05 1.8177e-07 0.0099878 0.0099878 0.0018285 0.0040899 9.548e-05
0.01 0.012619 0.0021436 3.2492e-05 8.742e-05 1.8545e-07 0.0099878 0.0099878 0.0018302 0.0040906 9.4838e-05
0.01 0.01261 0.0021422 3.4672e-05 8.7293e-05 1.8598e-07 0.0099878 0.0099878 0.0018318 0.0040913 9.4186e-05
0.01 0.012601 0.0021408 3.7022e-05 8.7172e-05 1.883e-07 0.0099878 0.0099878 0.0018335 0.004092 9.3547e-05
0.01 0.012592 0.0021395 3.9329e-05 8.7044e-05 1.875e-07 0.0099878 0.0099878 0.0018352 0.0040927 9.2897e-05
0.01 0.012583 0.0021382 4.183e-05 8.6923e-05 1.8878e-07 0.0099878 0.0099878 0.0018369 0.0040935 9.2263e-05
0.01 0.012574 0.0021369 4.4108e-05 8.6809e-05 1.9189e-07 0.0099878 0.0099878 0.0018387 0.0040943 9.1641e-05
0.01 0.012565 0.0021357 4.6344e-05 8.6688e-05 1.9186e-07 0.0099878 0.0099878 0.0018405 0.0040951 9.1009e-05
0.01 0.012556 0.0021344 4.8539e-05 8.6561e-05 1.8868e-07 0.0099878 0.0099878 0.0018422 0.0040959 9.0366e-05
0.01 0.012548 0.0021331 5.0691e-05 8.6427e-05 1.8233e-07 0.0099878 0.0099878 0.0018439 0.0040966 8.9713e-05
0.01 0.012539 0.0021319 5.2801e-05 8.6286e-05 1.7835e-07 0.0099878 0.0099878 0.0018457 0.0040974 8.9074e-05
0.01 0.01253 0.0021307 5.6336e-05 8.6152e-05 1.7677e-07 0.0099878 0.0099878 0.0018475 0.0040983 8.845e-05
0.01 0.012522 0.0021295 5.9809e-05 8.6012e-05 1.7207e-07 0.0099878 0.0099878 0.0018493 0.0040991 8.7815e-05
0.01 0.012513 0.0021284 6.3553e-05 8.5878e-05 1.6904e-07 0.0099878 0.0099878 0.0018511 0.0041 8.7193e-05
0.01 0.012505 0.0021274 6.7587e-05 8.575e-05 1.6762e-07 0.0099878 0.0099878 0.001853 0.0041009 8.6584e-05
0.01 0.012496 0.0021263 7.1554e-05 8.5615e-05 1.6311e-07 0.0099878 0.0099878 0.0018549 0.0041018 8.5964e-05
0.01 0.012488 0.0021253 7.585e-05 8.5488e-05 1.6042e-07 0.0099878 0.0099878 0.0018568 0.0041027 8.5358e-05
0.01 0.012479 0.0021244 8.0505e-05 8.5367e-05 1.5949e-07 0.0099878 0.0099878 0.0018587 0.0041037 8.4765e-05
0.01 0.012471 0.0021235 8.5082e-05 8.524e-05 1.555e-07 0.0099878 0.0099878 0.0018606 0.0041046 8.4162e-05
0.01 0.012463 0.0021226 9.004e-05 8.512e-05 1.5323e-07 0.0099878 0.0099878 0.0018626 0.0041056 8.3573e-05
0.01 0.012455 0.0021218 9.5382e-05 8.5006e-05 1.5235e-07 0.0099878 0.0099878 0.0018647 0.0041066 8.2995e-05
0.01 0.012447 0.0021211 0.00010114 8.4897e-05 1.5286e-07 0.0099878 0.0099878 0.0018667 0.0041077 8.2429e-05
0.01 0.012439 0.0021204 0.0001068 8.4783e-05 1.5032e-07 0.0099878 0.0099878 0.0018688 0.0041088 8.1853e-05
0.01 0.012431 0.0021196 0.00011236 8.4662e-05 1.4472e-07 0.0099878 0.0099878 0.0018708 0.0041098 8.1266e-05
0.01 0.012423 0.0021189 0.00011324 8.4547e-05 1.4051e-07 0.0099878 0.0099878 0.0018729 0.0041109 8.0691e-05
0.01 0.012415 0.0021182 0.00011409 8.4425e-05 1.3324e-07 0.0099878 0.0099878 0.0018749 0.0041119 8.0106e-05
0.01 0.012407 0.0021175 0.00011504 8.4309e-05 1.2727e-07 0.0099878 0.0099878 0.001877 0.004113 7.9533e-05
0.01 0.012399 0.0021165 0.00011596 8.4187e-05 1.1827e-07 0.0099878 0.0099878 0.0018791 0.0041141 7.8949e-05
0.01 0.012391 0.0021155 0.00011699 8.4071e-05 1.1044e-07 0.0099878 0.0099878 0.0018812 0.0041152 7.8377e-05
0.01 0.012383 0.0021146 0.00011799 8.3949e-05 9.9619e-08 0.0099878 0.0099878 0.0018834 0.0041163 7.7795e-05
0.01 0.012375 0.0021137 0.00011698 8.3832e-05 8.9824e-08 0.0099878 0.0099878 0.0018855 0.0041175 7.7224e-05
0.01 0.012367 0.0021127 0.00011593 8.371e-05 7.7084e-08 0.0099878 0.0099878 0.0018876 0.0041186 7.6643e-05
0.01 0.01236 0.0021118 0.00011486 8.358e-05 6.1389e-08 0.0099878 0.0099878 0.0018898 0.0041197 7.6051e-05
0.01 0.012352 0.0021109 0.00011376 8.3458e-05 4.7439e-08 0.0099878 0.0099878 0.0018919 0.0041209 7.5472e-05
0.01 0.012344 0.0021101 0.00011277 8.3341e-05 3.4017e-08 0.0099878 0.0099878 0.0018941 0.0041221 7.4905e-05
0.01 0.012337 0.0021093 0.00011174 8.3218e-05 1.7751e-08 0.0099878 0.0099878 0.0018963 0.0041233 7.4327e-05
0.01 0.012329 0.0021084 0.00011069 8.3088e-05 2.4974e-08 0.0099879 0.0099879 0.0018985 0.0041244 7.3739e-05
0.01 0.012322 0.0021077 0.00010975 8.2965e-05 3.1841e-08 0.0099879 0.0099879 0.0019007 0.0041256 7.3163e-05
0.01 0.012314 0.002107 0.00010892 8.2849e-05 3.8508e-08 0.0099879 0.0099879 0.001903 0.0041269 7.2599e-05
0.01 0.012307 0.0021062 0.00010806 8.2726e-05 4.2486e-08 0.0099879 0.0099879 0.0019052 0.0041281 7.2025e-05
0.01 0.012299 0.0021056 0.0001073 8.2609e-05 4.6214e-08 0.0099879 0.0099879 0.0019075 0.0041294 7.1462e-05
0.01 0.012292 0.0021049 0.00010651 8.2486e-05 4.7239e-08 0.0099879 0.0099879 0.0019098 0.0041307 7.0889e-05
0.01 0.012284 0.0021043 0.00010582 8.237e-05 4.8188e-08 0.0099879 0.0099879 0.0019121 0.004132 7.0327e-05
0.01 0.012277 0.0021037 0.0001051 8.2247e-05 4.6439e-08 0.0099879 0.0099879 0.0019144 0.0041332 6.9756e-05
0.01 0.01227 0.0021031 0.00010448 8.213e-05 4.4609e-08 0.0099879 0.0099879 0.0019168 0.0041346 6.9196e-05
0.01 0.012263 0.0021025 0.00010384 8.2007e-05 4.0083e-08 0.0099879 0.0099879 0.0019191 0.0041359 6.8626e-05
0.01 0.012255 0.0021019 0.00010316 8.1878e-05 3.285e-08 0.0099879 0.0099879 0.0019214 0.0041372 6.8046e-05
0.01 0.012248 0.0021013 0.00010247 8.1742e-05 2.2884e-08 0.0099879 0.0099879 0.0019237 0.0041384 6.7456e-05
0.01 0.012241 0.0021007 0.00010174 8.1599e-05 1.0116e-08 0.0099879 0.0099879 0.001926 0.0041397 6.6855e-05
0.01 0.012233 0.0021 0.00010099 8.1449e-05 1.4413e-08 0.0099879 0.0099879 0.0019283 0.004141 6.6243e-05
0.01 0.012226 0.0020994 0.00010033 8.1306e-05 1.792e-08 0.0099879 0.0099879 0.0019306 0.0041423 6.5643e-05
0.01 0.012219 0.0020989 9.9778e-05 8.117e-05 2.0642e-08 0.0099879 0.0099879 0.0019329 0.0041436 6.5056e-05
0.01 0.012212 0.0020983 9.919e-05 8.1027e-05 2.0686e-08 0.0099879 0.0099879 0.0019353 0.0041449 6.4456e-05
0.01 0.012205 0.0020979 9.8702e-05 8.0892e-05 2.0123e-08 0.0099879 0.0099879 0.0019376 0.0041463 6.3871e-05
0.01 0.012198 0.0020974 9.8168e-05 8.0747e-05 1.6641e-08 0.0099879 0.0099879 0.00194 0.0041476 6.3271e-05
0.01 0.012191 0.002097 9.7763e-05 8.0614e-05 1.2972e-08 0.0099879 0.0099879 0.0019424 0.004149 6.2691e-05
0.01 0.012184 0.0020967 9.7492e-05 8.0495e-05 9.1042e-09 0.0099879 0.0099879 0.001945 0.0041505 6.2132e-05
0.01 0.012177 0.0020963 9.7165e-05 8.0364e-05 1.379e-08 0.0099879 0.0099879 0.0019474 0.0041519 6.1557e-05
0.01 0.01217 0.002096 9.6783e-05 8.0223e-05 1.5488e-08 0.0099879 0.0099879 0.0019499 0.0041533 6.3201e-05
0.01 0.012163 0.0020957 9.6528e-05 8.0095e-05 1.6896e-08 0.0099879 0.0099879 0.0019524 0.0041548 6.4886e-05
0.01 0.012156 0.0020954 9.6218e-05 7.9955e-05 1.5271e-08 0.0099879 0.0099879 0.0019549 0.0041562 6.6547e-05
0.01 0.01215 0.002095 9.6175e-05 7.9805e-05 2.642e-08 0.0099879 0.0099879 0.0019573 0.0041576 6.8183e-05
0.01 0.012143 0.0020946 9.6262e-05 7.9669e-05 2.282e-08 0.0099879 0.0099879 0.0019597 0.004159 6.9865e-05
0.01 0.012136 0.0020941 9.6292e-05 7.9521e-05 3.47e-08 0.0099879 0.0099879 0.001962 0.0041604 7.1523e-05
0.01 0.012129 0.0020937 9.6445e-05 7.9386e-05 4.8489e-08 0.0099879 0.0099879 0.0019645 0.0041618 7.3222e-05
0.01 0.012123 0.0020933 9.6544e-05 7.9241e-05 5.836e-08 0.0099879 0.0099879 0.0019669 0.0041631 7.4896e-05
0.01 0.012116 0.0020928 9.659e-05 7.9108e-05 6.3876e-08 0.009988 0.009988 0.0019692 0.0041645 7.6617e-05
0.01 0.012109 0.0020925 9.6756e-05 7.8988e-05 7.1292e-08 0.009988 0.009988 0.0019716 0.0041659 7.838e-05
0.01 0.012103 0.002092 9.6874e-05 7.8858e-05 7.5006e-08 0.009988 0.009988 0.001974 0.0041673 8.0121e-05
0.01 0.012096 0.0020916 9.6946e-05 7.8718e-05 7.511e-08 0.009988 0.009988 0.0019764 0.0041686 8.184e-05
0.01 0.012089 0.0020913 9.7135e-05 7.859e-05 7.7028e-08 0.009988 0.009988 0.0019788 0.00417 8.3601e-05
0.01 0.012083 0.0020909 9.728e-05 7.8452e-05 7.5377e-08 0.009988 0.009988 0.0019812 0.0041714 8.534e-05
0.01 0.012076 0.0020906 9.7543e-05 7.8326e-05 7.556e-08 0.009988 0.009988 0.0019837 0.0041729 8.7122e-05
0.01 0.01207 0.0020903 9.776e-05 7.8211e-05 7.175e-08 0.009988 0.009988 0.0019861 0.0041743 8.8882e-05
0.01 0.012063 0.0020899 9.793e-05 7.8087e-05 6.4238e-08 0.009988 0.009988 0.0019885 0.0041757 9.0621e-05
0.01 0.012057 0.0020896 9.8211e-05 7.7974e-05 5.8246e-08 0.009988 0.009988 0.001991 0.0041772 9.2399e-05
0.01 0.01205 0.0020893 9.845e-05 7.7852e-05 4.8863e-08 0.009988 0.009988 0.0019934 0.0041786 9.4157e-05
0.01 0.012044 0.002089 9.865e-05 7.7721e-05 3.6077e-08 0.009988 0.009988 0.0019959 0.00418 9.5896e-05
0.01 0.012037 0.0020886 9.8814e-05 7.7581e-05 5.2422e-08 0.009988 0.009988 0.0019982 0.0041814 9.7618e-05
0.01 0.012031 0.0020882 9.8943e-05 7.7434e-05 6.5426e-08 0.009988 0.009988 0.0020006 0.0041828 9.9323e-05
0.01 0.012024 0.0020879 9.9041e-05 7.7279e-05 7.518e-08 0.009988 0.009988 0.0020029 0.0041842 0.00010101
0.01 0.012018 0.0020875 9.9114e-05 7.7118e-05 8.192e-08 0.009988 0.009988 0.0020053 0.0041855 0.00010269
0.01 0.012011 0.0020873 9.9261e-05 7.6962e-05 8.9345e-08 0.009988 0.009988 0.0020076 0.0041869 0.00010439
0.01 0.012005 0.002087 9.9483e-05 7.6812e-05 9.7547e-08 0.009988 0.009988 0.00201 0.0041883 0.00010611
0.01 0.011998 0.0020869 9.9779e-05 7.6667e-05 1.0666e-07 0.009988 0.009988 0.0020125 0.0041898 0.00010787
0.01 0.011992 0.0020867 0.00010005 7.6516e-05 1.1281e-07 0.009988 0.009988 0.0020149 0.0041912 0.00010961
0.01 0.011986 0.0020866 0.00010041 7.6372e-05 1.2022e-07 0.009988 0.009988 0.0020174 0.0041927 0.00011137
0.01 0.01198 0.0020865 0.00010074 7.6221e-05 1.2465e-07 0.009988 0.009988 0.0020199 0.0041942 0.00011313
0.01 0.011973 0.0020865 0.00010116 7.6076e-05 1.3044e-07 0.009988 0.009988 0.0020224 0.0041957 0.00011491
0.01 0.011967 0.0020864 0.00010155 7.5925e-05 1.3324e-07 0.009988 0.009988 0.0020249 0.0041972 0.00011669
0.01 0.011961 0.0020863 0.00010193 7.5767e-05 1.3306e-07 0.009988 0.009988 0.0020274 0.0041987 0.00011844
0.01 0.011955 0.0020863 0.00010238 7.5615e-05 1.3402e-07 0.0099881 0.0099881 0.0020299 0.0042002 0.00012023
0.01 0.011949 0.0020862 0.0001028 7.5457e-05 1.32e-07 0.0099881 0.0099881 0.0020324 0.0042017 0.000122
0.01 0.011942 0.0020862 0.00010321 7.5292e-05 1.2698e-07 0.0099881 0.0099881 0.0020349 0.0042032 0.00012377
0.01 0.011936 0.0020861 0.00010359 7.512e-05 1.1895e-07 0.0099881 0.0099881 0.0020374 0.0042047 0.00012551
0.01 0.01193 0.0020861 0.00010406 7.4955e-05 1.1232e-07 0.0099881 0.0099881 0.0020399 0.0042062 0.00012729
0.01 0.011924 0.002086 0.0001045 7.4784e-05 1.0265e-07 0.0099881 0.0099881 0.0020424 0.0042077 0.00012906
0.01 0.011918 0.002086 0.00010491 7.4605e-05 8.9874e-08 0.0099881 0.0099881 0.0020449 0.0042092 0.00013081
0.01 0.011912 0.002086 0.00010542 7.4434e-05 7.8573e-08 0.0099881 0.0099881 0.0020474 0.0042108 0.00013259
0.01 0.011906 0.0020861 0.00010589 7.4271e-05 6.2926e-08 0.0099881 0.0099881 0.00205 0.0042124 0.00013442
0.01 0.0119 0.0020862 0.00010631 7.4099e-05 8.4172e-08 0.0099881 0.0099881 0.0020526 0.0042139 0.00013622
0.01 0.011894 0.0020863 0.00010686 7.3938e-05 1.1013e-07 0.0099881 0.0099881 0.0020553 0.0042156 0.00013806
0.01 0.011888 0.0020865 0.00010735 7.3768e-05 1.3032e-07 0.0099881 0.0099881 0.0020579 0.0042172 0.00013989
0.01 0.011882 0.0020865 0.00010776 7.3609e-05 1.4585e-07 0.0099881 0.0099881 0.0020604 0.0042189 0.00014169
0.01 0.011877 0.0020867 0.0001083 7.3462e-05 1.6594e-07 0.0099881 0.0099881 0.0020631 0.0042206 0.00014353
0.01 0.011871 0.0020869 0.0001088 7.3325e-05 1.8162e-07 0.0099881 0.0099881 0.0020656 0.0042223 0.00014535
0.01 0.011865 0.002087 0.00010926 7.3181e-05 1.9353e-07 0.0099881 0.0099881 0.002068 0.004224 0.00014716
0.01 0.011859 0.0020872 0.00010981 7.3043e-05 2.0827e-07 0.0099881 0.0099881 0.0020705 0.0042257 0.000149
0.01 0.011853 0.0020873 0.00011034 7.2898e-05 2.1946e-07 0.0099881 0.0099881 0.002073 0.0042274 0.00015083
0.01 0.011848 0.0020876 0.00011095 7.2759e-05 2.3332e-07 0.0099881 0.0099881 0.0020756 0.0042292 0.00015268
0.01 0.011842 0.0020879 0.00011166 7.2625e-05 2.5006e-07 0.0099881 0.0099881 0.0020782 0.004231 0.00015457
0.01 0.011837 0.0020882 0.00011235 7.2497e-05 2.6336e-07 0.0099881 0.0099881 0.0020808 0.0042328 0.00015648
0.01 0.011831 0.0020887 0.00011312 7.2374e-05 2.7969e-07 0.0099881 0.0099881 0.0020835 0.0042347 0.00015843
0.01 0.011826 0.0020892 0.000114 7.2257e-05 2.9934e-07 0.0099882 0.0099882 0.0020862 0.0042366 0.00016041
0.01 0.01182 0.0020897 0.00011498 7.2146e-05 3.2313e-07 0.0099882 0.0099882 0.002089 0.0042385 0.00016242
0.01 0.011815 0.0020904 0.00011594 7.2028e-05 3.4327e-07 0.0099882 0.0099882 0.0020918 0.0042404 0.00016442
0.01 0.01181 0.0020911 0.00011701 7.1916e-05 3.6793e-07 0.0099882 0.0099882 0.0020946 0.0042424 0.00016646
0.01 0.011805 0.0020918 0.00011806 7.1798e-05 3.8891e-07 0.0099882 0.0099882 0.0020974 0.0042444 0.00016848
0.01 0.011799 0.0020925 0.00011907 7.1673e-05 4.0625e-07 0.0099882 0.0099882 0.0021002 0.0042463 0.00017049
0.01 0.011794 0.0020932 0.0001202 7.1554e-05 4.2786e-07 0.0099882 0.0099882 0.002103 0.0042483 0.00017253
0.01 0.011789 0.002094 0.00012129 7.1428e-05 4.4577e-07 0.0099882 0.0099882 0.0021058 0.0042503 0.00017456
0.01 0.011784 0.0020947 0.00012035 7.1308e-05 4.6876e-07 0.0099882 0.0099882 0.0021087 0.0042523 0.00017662
0.01 0.011779 0.0020956 0.00011951 7.1194e-05 4.9735e-07 0.0099882 0.0099882 0.0021116 0.0042543 0.00017872
0.01 0.011774 0.0020965 0.00011864 7.1073e-05 5.2205e-07 0.0099882 0.0099882 0.0021145 0.0042563 0.0001808
0.01 0.011769 0.0020973 0.00011775 7.0946e-05 5.429e-07 0.0099882 0.0099882 0.0021174 0.0042584 0.00018287
0.01 0.011764 0.0020982 0.00011697 7.0825e-05 5.6967e-07 0.0099882 0.0099882 0.0021203 0.0042604 0.00018498
0.01 0.011759 0.0020991 0.00011627 7.0709e-05 6.0235e-07 0.0099882 0.0099882 0.0021233 0.0042625 0.00018712
0.01 0.011754 0.0021001 0.00011556 7.0587e-05 6.3097e-07 0.0099882 0.0099882 0.0021263 0.0042646 0.00018925
0.01 0.011749 0.002101 0.00011482 7.0458e-05 6.5558e-07 0.0099882 0.0099882 0.0021292 0.0042667 0.00019137
0.01 0.011744 0.002102 0.00011417 7.0334e-05 6.8642e-07 0.0099882 0.0099882 0.0021322 0.0042688 0.00019352
0.01 0.01174 0.002103 0.00011349 7.0204e-05 7.1311e-07 0.0099882 0.0099882 0.0021351 0.0042709 0.00019565
0.01 0.011735 0.002104 0.00011291 7.008e-05 7.4713e-07 0.0099882 0.0099882 0.002138 0.0042731 0.00019783
0.01 0.01173 0.002105 0.00011231 6.9949e-05 7.7692e-07 0.0099882 0.0099882 0.002141 0.0042752 0.00019999
0.01 0.011725 0.002106 0.00011179 6.9812e-05 8.1497e-07 0.0099883 0.0099883 0.0021439 0.0042773 0.00020213
0.01 0.011721 0.0021071 0.00011137 6.9668e-05 8.6179e-07 0.0099883 0.0099883 0.0021469 0.0042795 0.00020432
0.01 0.011716 0.0021081 0.00011093 6.9518e-05 9.0408e-07 0.0099883 0.0099883 0.0021498 0.0042816 0.00020649
0.01 0.011711 0.0021092 0.00011057 6.9373e-05 8.3212e-07 0.0099883 0.0099883 0.0021528 0.0042838 0.00020869
0.01 0.011707 0.0021104 0.0001103 6.9233e-05 7.7048e-07 0.0099883 0.0099883 0.0021559 0.004286 0.00021094
0.01 0.011702 0.0021117 0.0001101 6.9099e-05 7.1798e-07 0.0099883 0.0099883 0.002159 0.0042883 0.00021322
0.01 0.011698 0.0021129 0.00010988 6.8957e-05 6.6084e-07 0.0099883 0.0099883 0.0021621 0.0042905 0.00021549
0.01 0.011693 0.0021141 0.00010963 6.881e-05 5.9901e-07 0.0099883 0.0099883 0.0021652 0.0042927 0.00021774
0.01 0.011689 0.0021154 0.00010947 6.8668e-05 5.457e-07 0.0099883 0.0099883 0.0021683 0.004295 0.00022004
0.01 0.011684 0.0021167 0.00010928 6.8519e-05 4.8793e-07 0.0099883 0.0099883 0.0021714 0.0042973 0.00022231
0.01 0.01168 0.002118 0.00010917 6.8375e-05 4.3784e-07 0.0099883 0.0099883 0.0021745 0.0042996 0.00022463
0.01 0.011676 0.0021193 0.00010903 6.8225e-05 3.8344e-07 0.0099883 0.0099883 0.0021777 0.0043019 0.00022693
0.01 0.011671 0.0021207 0.00010898 6.808e-05 3.3601e-07 0.0099883 0.0099883 0.0021809 0.0043042 0.00022927
0.01 0.011667 0.0021221 0.000109 6.794e-05 2.9463e-07 0.0099883 0.0099883 0.0021841 0.0043065 0.00023165
0.01 0.011663 0.0021235 0.000109 6.7794e-05 2.4917e-07 0.0099883 0.0099883 0.0021873 0.0043089 0.00023401
0.01 0.011659 0.002125 0.00010908 6.7653e-05 2.0991e-07 0.0099883 0.0099883 0.0021906 0.0043113 0.00023642
0.01 0.011655 0.0021266 0.00010926 6.752e-05 1.7633e-07 0.0099883 0.0099883 0.0021939 0.0043137 0.00023888
0.01 0.011651 0.0021281 0.00010941 6.7379e-05 1.3846e-07 0.0099884 0.0099884 0.0021972 0.0043162 0.00024131
0.01 0.011647 0.0021297 0.00010952 6.7231e-05 9.6126e-08 0.0099884 0.0099884 0.0022005 0.0043186 0.00024373
0.01 0.011643 0.0021313 0.00010973 6.7089e-05 5.9112e-08 0.0099884 0.0099884 0.0022039 0.004321 0.0002462
0.01 0.011639 0.0021328 0.0001099 6.694e-05 6.6532e-08 0.0099884 0.0099884 0.0022072 0.0043234 0.00024865
0.01 0.011635 0.0021345 0.00011019 6.6799e-05 7.5565e-08 0.0099884 0.0099884 0.0022106 0.0043259 0.00025115
0.01 0.011631 0.0021361 0.00011044 6.665e-05 8.1085e-08 0.0099884 0.0099884 0.002214 0.0043284 0.00025363
0.01 0.011627 0.0021379 0.0001108 6.651e-05 8.9332e-08 0.0099884 0.0099884 0.0022174 0.0043309 0.00025617
0.01 0.011623 0.0021396 0.00011111 6.6361e-05 9.3775e-08 0.0099884 0.0099884 0.0022208 0.0043334 0.00025869
0.01 0.011619 0.0021412 0.00011135 6.6202e-05 9.4254e-08 0.0099884 0.0099884 0.0022242 0.0043359 0.00026117
0.01 0.011615 0.0021428 0.00011154 6.6034e-05 9.0851e-08 0.0099884 0.0099884 0.0022275 0.0043383 0.00026363
0.01 0.011611 0.0021444 0.00011167 6.5856e-05 8.3545e-08 0.0099884 0.0099884 0.0022308 0.0043407 0.00026605
0.01 0.011607 0.002146 0.00011194 6.5689e-05 7.8764e-08 0.0099884 0.0099884 0.0022342 0.0043432 0.00026854
0.01 0.011604 0.0021478 0.00011215 6.5533e-05 6.9857e-08 0.0099884 0.0099884 0.0022377 0.0043458 0.00027111
0.01 0.0116 0.0021497 0.0001125 6.5389e-05 6.3277e-08 0.0099884 0.0099884 0.0022412 0.0043484 0.00027375
0.01 0.011597 0.0021517 0.000113 6.5255e-05 5.8658e-08 0.0099884 0.0099884 0.0022449 0.0043511 0.00027648
0.01 0.011593 0.0021537 0.00011364 6.7418e-05 5.5778e-08 0.0099884 0.0099884 0.0022485 0.0043537 0.00027916
0.01 0.011589 0.0021557 0.00011421 6.9563e-05 4.9269e-08 0.0099885 0.0099885 0.0022521 0.0043563 0.00028182
0.01 0.011586 0.0021575 0.00011473 7.169e-05 7.8138e-08 0.0099885 0.0099885 0.0022556 0.0043589 0.00028444
0.01 0.011582 0.0021595 0.00011539 7.3853e-05 1.1271e-07 0.0099885 0.0099885 0.0022592 0.0043616 0.00028713
0.01 0.011579 0.0021615 0.000116 7.6e-05 1.421e-07 0.0099885 0.0099885 0.0022628 0.0043642 0.00028979
0.01 0.011575 0.0021635 0.00011676 7.8186e-05 1.7865e-07 0.0099885 0.0099885 0.0022665 0.0043669 0.00029253
0.01 0.011572 0.0021656 0.00011767 8.041e-05 2.2351e-07 0.0099885 0.0099885 0.0022701 0.0043697 0.00029535
0.01 0.011569 0.0021675 0.00011852 8.2616e-05 2.6223e-07 0.0099885 0.0099885 0.0022737 0.0043724 0.00029813
0.01 0.011565 0.0021696 0.00011955 8.4863e-05 3.1129e-07 0.0099885 0.0099885 0.0022774 0.0043752 0.00030099
0.01 0.011562 0.0021718 0.00012077 8.7152e-05 3.7338e-07 0.0099885 0.0099885 0.0022812 0.0043781 0.00030393
0.01 0.011559 0.002174 0.00012191 8.9423e-05 4.2783e-07 0.0099885 0.0099885 0.0022849 0.0043809 0.00030684
0.01 0.011555 0.0021763 0.00012325 9.1675e-05 4.9635e-07 0.0099885 0.0099885 0.0022887 0.0043838 0.00030983
0.01 0.011552 0.0021785 0.0001245 9.3907e-05 8.3726e-07 0.0099885 0.0099885 0.0022925 0.0043868 0.00031278
0.01 0.011549 0.0021808 0.00012597 9.6182e-05 1.2648e-06 0.0099885 0.0099885 0.0022964 0.0043899 0.00031582
0.01 0.011546 0.0021833 0.00012769 9.8501e-05 1.8021e-06 0.0099885 0.0099885 0.0023004 0.004393 0.00031894
0.01 0.011543 0.0021859 0.00012966 0.00010086 2.4795e-06 0.0099885 0.0099885 0.0023044 0.0043962 0.00032216
0.01 0.011541 0.0021886 0.00013195 0.00010327 3.3375e-06 0.0099886 0.0099886 0.0023086 0.0043994 0.00032547
0.01 0.011538 0.0021915 0.00013459 0.00010573 4.4328e-06 0.0099886 0.0099886 0.0023129 0.0044028 0.00032887
0.01 0.011536 0.0021943 0.00013709 0.00010816 5.4337e-06 0.0099886 0.0099886 0.0023171 0.0044061 0.00033224
0.01 0.011533 0.0021972 0.00013945 0.00011058 6.346e-06 0.0099886 0.0099886 0.0023214 0.0044093 0.00033556
0.01 0.011531 0.0022001 0.0001422 0.00011304 7.5237e-06 0.0099886 0.0099886 0.0023257 0.0044127 0.00033899
