Prolemur_simus Propithecus_coquereli Rhinopithecus_bieti Rhinopithecus_roxellana Saimiri_boliviensis Sapajus_apella Theropithecus_gelada Trachypithecus_francoisi
0.00010625 0.00040693 0.0090234 0.0010928 6.0624e-05 0.00044744 0.00042433 0.00076562
0.00010473 0.00039304 0.0090227 0.0010896 5.9127e-05 0.00044399 0.00042165 0.00076125
0.00010333 0.00038015 0.0090221 0.0010865 5.7628e-05 0.00044053 0.00041899 0.00075691
0.00010189 0.00036701 0.0090215 0.0010834 5.6128e-05 0.00043708 0.00041633 0.00075256
0.00010057 0.00035489 0.0090208 0.0010803 5.4626e-05 0.00043362 0.00041369 0.00074825
9.9357e-05 0.00034363 0.0090202 0.0010773 5.3123e-05 0.00043015 0.00041106 0.00074398
9.8115e-05 0.00033217 0.0090196 0.0010742 5.1618e-05 0.00042668 0.00040843 0.00073969
9.697e-05 0.00032152 0.0090189 0.0010711 5.0112e-05 0.00042321 0.00040582 0.00073544
9.5801e-05 0.00031068 0.0090183 0.001068 4.8604e-05 0.00041974 0.00040321 0.00073118
9.4609e-05 0.00029963 0.0090177 0.001065 4.7095e-05 0.00041626 0.00040058 0.0007269
9.3392e-05 0.00028837 0.009017 0.0010619 4.5584e-05 0.00041278 0.00039795 0.00072261
9.2276e-05 0.00027797 0.0090164 0.0010588 4.4072e-05 0.00040929 0.00039534 0.00071836
9.1254e-05 0.00026836 0.0090158 0.0010557 4.2558e-05 0.0004058 0.00039275 0.00071414
9.0322e-05 0.0002595 0.0090152 0.0010527 4.1043e-05 0.00040231 0.00039018 0.00070997
8.9473e-05 0.00025132 0.0090146 0.0010497 3.9526e-05 0.00039882 0.00038763 0.00070584
8.8605e-05 0.00024298 0.009014 0.0010467 3.8008e-05 0.00039532 0.00038507 0.00070169
8.7716e-05 0.00023446 0.0090134 0.0010436 3.6488e-05 0.00039181 0.00038253 0.00069758
8.6908e-05 0.00022661 0.0090128 0.0010406 3.4967e-05 0.00038831 0.00038002 0.0006935
8.6173e-05 0.00021934 0.0090122 0.0010377 3.3444e-05 0.0003848 0.00037752 0.00068946
8.5418e-05 0.00021182 0.0090116 0.0010347 3.1919e-05 0.00038129 0.00037502 0.00068541
8.4643e-05 0.00020413 0.009011 0.0010317 3.0393e-05 0.00037777 0.0003725 0.00068134
8.3944e-05 0.00019705 0.0090105 0.0010287 2.8866e-05 0.00037425 0.00037001 0.00067731
8.3226e-05 0.00018982 0.0090099 0.0010257 2.7337e-05 0.00037072 0.00036751 0.00067327
8.249e-05 0.00018243 0.0090093 0.0010227 2.5806e-05 0.0003672 0.000365 0.00066921
8.1826e-05 0.00017562 0.0090087 0.0010197 2.4274e-05 0.00036367 0.00036251 0.0006652
8.1234e-05 0.00016936 0.0090082 0.0010168 2.274e-05 0.00036013 0.00036005 0.00066122
8.0622e-05 0.00016294 0.0090076 0.0010138 2.1205e-05 0.00035659 0.00035757 0.00065722
7.9991e-05 0.00015637 0.009007 0.0010108 1.9668e-05 0.00035305 0.00035509 0.00065321
7.9434e-05 0.00015036 0.0090064 0.0010079 1.813e-05 0.00034951 0.00035263 0.00064924
7.8854e-05 0.00014418 0.0090059 0.0010049 1.659e-05 0.00034596 0.00035015 0.00064525
7.825e-05 0.0001378 0.0090053 0.0010019 1.5049e-05 0.00034241 0.00034767 0.00064125
7.773e-05 0.00013205 0.0090047 0.00099891 1.3639e-05 0.00033892 0.00034518 0.00063722
7.7289e-05 0.00012688 0.0090042 0.00099594 1.2346e-05 0.0003355 0.00034271 0.00063325
7.6818e-05 0.00012149 0.0090036 0.00099297 1.1013e-05 0.00033206 0.00034023 0.00062925
7.6424e-05 0.00011663 0.009003 0.00099001 9.7912e-06 0.00032868 0.00033778 0.0006253
7.6e-05 0.00011156 0.0090025 0.00098704 8.5291e-06 0.00032528 0.00033531 0.00062133
7.5661e-05 0.00010707 0.0090019 0.00098409 7.3867e-06 0.00032194 0.00033288 0.00061741
7.3923e-05 0.00010318 0.0090014 0.00098118 6.3655e-06 0.0003187 0.00033041 0.00061355
7.238e-05 9.9776e-05 0.0090009 0.00097829 5.4461e-06 0.00031552 0.00032798 0.00060976
7.076e-05 9.6149e-05 0.0090004 0.00097542 4.4845e-06 0.00031232 0.00032557 0.00060602
6.905e-05 9.2197e-05 0.0089998 0.00097254 3.6207e-06 0.00030919 0.00032315 0.00060224
6.7251e-05 8.7993e-05 0.0089993 0.00096965 2.7162e-06 0.00030602 0.00032072 0.00059844
6.5661e-05 8.4313e-05 0.0089988 0.00096678 1.903e-06 0.00030293 0.00031831 0.0005947
6.3989e-05 8.0394e-05 0.0089983 0.0009639 1.7978e-06 0.0002998 0.00031589 0.00059092
6.2512e-05 7.6966e-05 0.0089978 0.00096104 1.6831e-06 0.00029664 0.0003135 0.00058721
6.0958e-05 7.3316e-05 0.0089973 0.00095817 1.5588e-06 0.00029344 0.00031109 0.00058346
5.9325e-05 6.9435e-05 0.0089968 0.00095528 1.4247e-06 0.0002902 0.00030867 0.00057968
5.761e-05 6.5316e-05 0.0089962 0.00095238 1.2804e-06 0.00028693 0.00030623 0.00057588
5.6106e-05 6.173e-05 0.0089957 0.0009495 1.1519e-06 0.00028374 0.00030382 0.00057213
5.4791e-05 5.8618e-05 0.0089952 0.00094666 1.0377e-06 0.00028063 0.00030144 0.00056845
5.3645e-05 5.5926e-05 0.0089947 0.00094384 9.3605e-07 0.0002776 0.0002991 0.00056482
5.2433e-05 5.3047e-05 0.0089943 0.00094105 8.4561e-07 0.00027465 0.00029679 0.00056125
5.1155e-05 4.9974e-05 0.0089938 0.00093828 7.6515e-07 0.00027178 0.00029452 0.00055774
5.003e-05 4.728e-05 0.0089934 0.00093555 6.9281e-07 0.00026898 0.00029227 0.00055429
4.8845e-05 4.4404e-05 0.0089929 0.0009328 6.132e-07 0.00026614 0.00029001 0.00055081
4.7812e-05 4.1908e-05 0.0089925 0.00093003 5.4517e-07 0.00026337 0.00028774 0.0005473
4.6906e-05 3.9722e-05 0.008992 0.00092729 4.8342e-07 0.00026068 0.00028549 0.00054384
4.5948e-05 3.7379e-05 0.0089916 0.00092454 4.1508e-07 0.00025795 0.00028323 0.00054036
4.4937e-05 3.4875e-05 0.0089911 0.00092177 3.5311e-07 0.00025529 0.00028095 0.00053685
4.4049e-05 3.2671e-05 0.0089907 0.00091902 2.9613e-07 0.00025269 0.0002787 0.00053338
4.3272e-05 3.0736e-05 0.0089903 0.0009163 2.435e-07 0.00025016 0.00027647 0.00052998
4.2597e-05 2.9043e-05 0.0089899 0.00091361 1.9462e-07 0.00024769 0.00027428 0.00052662
4.2014e-05 2.757e-05 0.0089895 0.00091094 1.4944e-07 0.00024528 0.00027212 0.00052331
4.1389e-05 2.597e-05 0.008989 0.00090825 1.6914e-07 0.00024284 0.00026994 0.00051998
4.1025e-05 2.5008e-05 0.0089886 0.00090555 1.842e-07 0.00024037 0.00026774 0.00051662
4.0627e-05 2.3939e-05 0.0089882 0.00090284 1.9465e-07 0.00023788 0.00026553 0.00051322
4.019e-05 2.2721e-05 0.0089878 0.00090011 2.0048e-07 0.00023535 0.0002633 0.0005098
3.9834e-05 2.1701e-05 0.0089874 0.00089736 2.074e-07 0.00023288 0.00026105 0.00050635
3.9446e-05 2.0578e-05 0.0089869 0.0008946 2.097e-07 0.00023039 0.00025879 0.00050288
3.913e-05 1.9612e-05 0.0089865 0.00089186 2.1284e-07 0.00022795 0.00025656 0.00049945
3.881e-05 1.8545e-05 0.0089861 0.00088911 2.1137e-07 0.00022549 0.00025431 0.000496
3.8488e-05 1.7627e-05 0.0089856 0.00088639 2.1074e-07 0.00022308 0.00025209 0.00049259
3.8163e-05 1.6612e-05 0.0089852 0.00088364 2.0549e-07 0.00022065 0.00024985 0.00048916
3.7904e-05 1.5735e-05 0.0089848 0.00088093 1.9559e-07 0.00021818 0.00024764 0.00048578
3.7707e-05 1.4982e-05 0.0089844 0.00087824 1.8652e-07 0.00021578 0.00024546 0.00048246
3.7482e-05 1.4141e-05 0.008984 0.00087553 1.7286e-07 0.00021334 0.00024327 0.0004791
3.6431e-05 1.3513e-05 0.0089836 0.00087281 1.6074e-07 0.00021096 0.000241 0.00047571
3.5313e-05 1.2818e-05 0.0089832 0.00087007 1.5006e-07 0.00020864 0.00023871 0.0004723
3.4327e-05 1.2226e-05 0.0089828 0.00086736 1.398e-07 0.00020638 0.00023646 0.00046894
3.3468e-05 1.1737e-05 0.0089824 0.00086463 1.3006e-07 0.00020418 0.00023418 0.00046555
3.256e-05 1.117e-05 0.0089819 0.00086189 1.1591e-07 0.00020194 0.0002319 0.00046213
3.1767e-05 1.0692e-05 0.0089815 0.00085917 1.6009e-07 0.00019968 0.00022963 0.00045876
3.0929e-05 1.0139e-05 0.0089811 0.00085644 1.99e-07 0.00019739 0.00022736 0.00045536
3.0044e-05 9.5101e-06 0.0089807 0.00085369 2.3272e-07 0.00019507 0.00022507 0.00045194
2.911e-05 8.8031e-06 0.0089803 0.00085093 2.613e-07 0.00019272 0.00022276 0.00044848
2.8127e-05 8.0168e-06 0.0089799 0.00084815 2.8347e-07 0.00019044 0.00022048 0.000445
2.7115e-05 7.1493e-06 0.0089794 0.00084536 3.006e-07 0.00018813 0.00021819 0.00044149
2.6048e-05 6.198e-06 0.008979 0.00084255 3.1271e-07 0.00018579 0.00021588 0.00043795
2.5106e-05 5.3485e-06 0.0089786 0.00083977 3.2715e-07 0.00018351 0.0002136 0.00043447
2.4028e-05 5.6177e-06 0.0089781 0.00083701 2.8349e-07 0.00018128 0.00021134 0.00043103
2.3075e-05 5.936e-06 0.0089777 0.00083427 2.432e-07 0.00017911 0.00020912 0.00042764
2.2071e-05 6.1924e-06 0.0089773 0.00083153 2.0578e-07 0.00017699 0.00020687 0.00042423
2.1997e-05 6.364e-06 0.0089769 0.00082876 1.63e-07 0.00017484 0.00020462 0.00042078
2.1902e-05 6.4745e-06 0.0089765 0.00082598 1.8683e-07 0.00017266 0.00020234 0.00041731
2.1785e-05 6.5241e-06 0.0089761 0.00082319 2.0586e-07 0.00017045 0.00020005 0.00041381
2.171e-05 6.6202e-06 0.0089757 0.00082042 2.262e-07 0.0001683 0.00019779 0.00041036
2.1615e-05 6.6558e-06 0.0089753 0.00081767 2.4808e-07 0.0001662 0.00019555 0.00040696
2.1498e-05 8.6899e-06 0.0089748 0.00081491 2.6474e-07 0.00016414 0.0001933 0.00040353
2.1422e-05 1.0962e-05 0.0089745 0.00081217 2.7653e-07 0.00016207 0.00019108 0.00040015
2.1327e-05 1.3102e-05 0.008974 0.00080942 2.8357e-07 0.00015996 0.00018884 0.00039674
2.1272e-05 1.5487e-05 0.0089737 0.00080669 2.9187e-07 0.0001579 0.00018663 0.00039338
2.1257e-05 1.8168e-05 0.0089733 0.00080399 3.0179e-07 0.0001559 0.00018444 0.00039007
2.1281e-05 2.1158e-05 0.0089729 0.0008013 3.131e-07 0.00015393 0.00018228 0.0003868
2.1343e-05 2.4497e-05 0.0089726 0.00079864 3.2595e-07 0.00015201 0.00018014 0.00038357
2.1448e-05 2.8265e-05 0.0089722 0.00079601 3.4051e-07 0.00015013 0.00017802 0.00038039
2.1533e-05 3.1836e-05 0.0089719 0.00079335 3.5014e-07 0.00014823 0.0001759 0.00037719
2.1597e-05 3.5146e-05 0.0089715 0.00079069 3.6204e-07 0.00014638 0.00017375 0.00037395
2.1703e-05 3.8874e-05 0.0089712 0.00078805 3.7604e-07 0.00014456 0.00017164 0.00037077
2.1786e-05 4.2391e-05 0.0089709 0.00078539 3.849e-07 0.00014273 0.0001695 0.00036755
2.1915e-05 4.6433e-05 0.0089705 0.00078276 3.9637e-07 0.00014094 0.0001674 0.00036439
2.2088e-05 5.0992e-05 0.0089702 0.00078015 4.102e-07 0.00013919 0.00016531 0.00036127
2.1915e-05 5.8765e-05 0.0089699 0.00077756 4.2694e-07 0.00013749 0.00016326 0.00035819
2.172e-05 6.6165e-05 0.0089696 0.00077496 4.3847e-07 0.00013576 0.00016119 0.00035509
2.1573e-05 7.4546e-05 0.0089693 0.00077239 4.529e-07 0.00013408 0.00015914 0.00035204
2.147e-05 8.4039e-05 0.008969 0.00076984 4.7042e-07 0.00013243 0.00015712 0.00034903
2.1411e-05 9.48e-05 0.0089687 0.00076731 4.9128e-07 0.00013083 0.00015513 0.00034606
2.1395e-05 0.00010701 0.0089685 0.00076481 5.1582e-07 0.00012928 0.00015316 0.00034314
2.0925e-05 0.00012138 0.0089682 0.00076229 5.3473e-07 0.00012769 0.00015117 0.0003402
1.9738e-05 0.0001458 0.008968 0.00075976 5.5771e-07 0.00012615 0.00014921 0.00033722
1.972e-05 0.00016898 0.0089677 0.00075725 5.7496e-07 0.00012459 0.00014727 0.00033429
1.9742e-05 0.00019514 0.0089675 0.00075476 5.9594e-07 0.00012306 0.00014535 0.00033141
1.9804e-05 0.00022467 0.0089672 0.00075226 5.4002e-07 0.00012157 0.00014342 0.00032849
1.9907e-05 0.00025799 0.008967 0.00074978 4.9011e-07 0.00012012 0.00014151 0.00032562
2.0052e-05 0.00029556 0.0089667 0.00074732 4.4495e-07 0.00011871 0.00013958 0.00032279
2.0241e-05 0.00033791 0.0089665 0.00074489 4.0397e-07 0.00011733 0.00013767 0.00032
2.0408e-05 0.00037834 0.0089663 0.00074244 3.5716e-07 0.00011593 0.00013575 0.00031719
2.0553e-05 0.00041692 0.0089661 0.00073998 3.0444e-07 0.00011451 0.00013381 0.00031435
2.0746e-05 0.00046077 0.0089659 0.00073754 2.5625e-07 0.00011312 0.0001319 0.00031155
2.0917e-05 0.00050265 0.0089657 0.00073508 2.0233e-07 0.00011171 0.00012997 0.00030873
2.1067e-05 0.00054261 0.0089654 0.00073261 2.2564e-07 0.00011028 0.00012803 0.00030588
2.1079e-05 0.00059499 0.0089652 0.00073013 2.5182e-07 0.00010882 0.00012611 0.00030301
2.107e-05 0.00064487 0.008965 0.00072763 2.7298e-07 0.00010734 0.00012418 0.00030011
2.1102e-05 0.0007011 0.0089648 0.00072516 2.9604e-07 0.00010589 0.00012227 0.00029726
2.1175e-05 0.00076445 0.0089646 0.0007227 3.2123e-07 0.00010447 0.00012038 0.00029444
2.1221e-05 0.00082313 0.0089644 0.00072027 3.4883e-07 0.00010309 0.00011851 0.00029166
2.1241e-05 0.00087909 0.0089642 0.00071786 3.795e-07 0.00010174 0.00011667 0.00028892
2.1294e-05 0.00094072 0.008964 0.00071546 4.1206e-07 0.00010042 0.00011486 0.0002862
2.138e-05 0.0010085 0.0089638 0.00071308 4.4662e-07 9.912e-05 0.00011306 0.00028352
2.1494e-05 0.0010823 0.0089637 0.00071072 4.8289e-07 9.7842e-05 0.00011127 0.00028086
2.1638e-05 0.0011626 0.0089635 0.00070837 5.2101e-07 9.6583e-05 0.00010949 0.00027823
2.1815e-05 0.0012506 0.0089634 0.00070603 5.6157e-07 9.5345e-05 0.00010773 0.00027562
2.1979e-05 0.0013364 0.0089633 0.00070369 5.9758e-07 9.4094e-05 0.00010596 0.00027299
2.2129e-05 0.0014202 0.0089631 0.00070136 6.363e-07 9.2865e-05 0.0001042 0.00027039
2.2314e-05 0.001512 0.008963 0.00069904 6.78e-07 9.1656e-05 0.00010245 0.00026782
2.2485e-05 0.0016017 0.0089629 0.00069671 7.1499e-07 9.0434e-05 0.0001007 0.00026523
2.2643e-05 0.001689 0.0089628 0.0006944 7.5487e-07 8.9231e-05 9.8961e-05 0.00026266
2.2833e-05 0.0017844 0.0089627 0.0006921 7.9797e-07 8.8047e-05 9.7233e-05 0.00026012
2.3009e-05 0.0018773 0.0089626 0.0006898 8.3602e-07 8.6849e-05 9.5495e-05 0.00025756
2.3168e-05 0.0019673 0.0089625 0.00068748 8.688e-07 8.5636e-05 9.3747e-05 0.00025498
2.3309e-05 0.0020538 0.0089623 0.00068514 8.9569e-07 8.4405e-05 9.1987e-05 0.00025239
2.3421e-05 0.0021362 0.0089622 0.00068283 9.287e-07 8.324e-05 9.0247e-05 0.00024983
2.3031e-05 0.0022295 0.0089621 0.00068055 9.6764e-07 8.2102e-05 8.8529e-05 0.0002473
2.2693e-05 0.0023332 0.0089621 0.00067828 1.0118e-06 8.0987e-05 8.6827e-05 0.00024481
2.2334e-05 0.0024319 0.008962 0.00067599 1.0502e-06 7.9857e-05 8.5113e-05 0.00024229
2.1957e-05 0.0025282 0.0089619 0.0006737 1.0834e-06 7.8712e-05 8.3391e-05 0.00023976
2.1625e-05 0.0026337 0.0089618 0.00067143 1.1211e-06 7.7587e-05 8.1681e-05 0.00023726
2.1277e-05 0.0027367 0.0089617 0.00066916 1.1536e-06 7.6448e-05 7.9963e-05 0.00023478
2.0914e-05 0.0028376 0.0089617 0.00066689 1.1811e-06 7.5297e-05 7.8235e-05 0.00023228
2.0591e-05 0.0029476 0.0089616 0.00066463 1.2129e-06 7.4164e-05 7.652e-05 0.00022981
2.0254e-05 0.0030553 0.0089615 0.00066237 1.2397e-06 7.3018e-05 7.4796e-05 0.00022732
1.9903e-05 0.0031608 0.0089614 0.00066009 1.2615e-06 7.1859e-05 7.3064e-05 0.00022482
1.9588e-05 0.0032752 0.0089614 0.00065782 1.2872e-06 7.0717e-05 7.1342e-05 0.00022233
1.9259e-05 0.0033871 0.0089613 0.00065555 1.3078e-06 6.9562e-05 6.9612e-05 0.00021984
1.8913e-05 0.0034964 0.0089613 0.00065327 1.323e-06 6.8393e-05 6.7872e-05 0.00021732
1.8614e-05 0.0035222 0.0089612 0.000651 1.344e-06 6.7246e-05 6.6147e-05 0.00021484
1.8359e-05 0.003523 0.0089611 0.00064872 1.3588e-06 6.6083e-05 6.4411e-05 0.00021233
1.8148e-05 0.0035254 0.0089611 0.00064646 1.3803e-06 6.4944e-05 6.2691e-05 0.00020986
1.7919e-05 0.0035273 0.008961 0.00064419 1.4087e-06 6.383e-05 6.096e-05 0.00021207
1.7671e-05 0.0035287 0.008961 0.0006419 1.4309e-06 6.2699e-05 5.9218e-05 0.00021426
1.7405e-05 0.0035295 0.0089609 0.00063961 1.4468e-06 6.1552e-05 5.7465e-05 0.00021644
1.7181e-05 0.0035318 0.0089608 0.00063733 1.4693e-06 6.0428e-05 5.5727e-05 0.00021864
1.6934e-05 0.0035337 0.0089608 0.00063506 1.4979e-06 5.9324e-05 5.4004e-05 0.00022087
1.667e-05 0.0035349 0.0089607 0.00063279 1.5203e-06 5.8204e-05 5.2269e-05 0.00022308
1.6387e-05 0.0035357 0.0089607 0.0006305 1.5365e-06 5.7069e-05 5.0524e-05 0.00022527
1.6144e-05 0.0035379 0.0089606 0.0006282 1.5464e-06 5.5918e-05 4.8768e-05 0.00022744
1.5883e-05 0.0035397 0.0089606 0.00062589 1.5503e-06 5.4752e-05 4.9088e-05 0.00022959
1.5661e-05 0.0035429 0.0089605 0.0006236 1.5602e-06 5.3605e-05 4.9412e-05 0.00023177
1.5471e-05 0.0035476 0.0089605 0.0006213 1.5646e-06 5.2446e-05 4.9728e-05 0.00023393
1.527e-05 0.0035519 0.0089604 0.00061898 1.5639e-06 5.1273e-05 5.0036e-05 0.00023608
1.5057e-05 0.0035559 0.0089603 0.00061666 1.5582e-06 5.0089e-05 5.0338e-05 0.00023821
1.4872e-05 0.0035611 0.0089603 0.00061435 1.557e-06 4.892e-05 5.064e-05 0.00024037
1.4676e-05 0.003566 0.0089602 0.00061203 1.5509e-06 4.7739e-05 5.0936e-05 0.0002425
1.4505e-05 0.0035722 0.0089602 0.00060973 1.5492e-06 4.6573e-05 5.1233e-05 0.00024466
1.4324e-05 0.0036686 0.0089601 0.00060741 1.5427e-06 4.5396e-05 5.1523e-05 0.00024681
1.4132e-05 0.0037632 0.0089601 0.00060509 1.5314e-06 4.6349e-05 5.1805e-05 0.00024894
1.3966e-05 0.0038658 0.00896 0.00060278 1.5242e-06 4.7315e-05 5.2089e-05 0.00025108
1.3822e-05 0.003977 0.00896 0.00060048 1.5208e-06 4.8291e-05 5.2374e-05 0.00025325
1.367e-05 0.0040864 0.0089599 0.00059817 1.513e-06 4.9257e-05 5.2652e-05 0.0002554
1.3508e-05 0.0041939 0.0089599 0.00059586 1.5006e-06 5.0213e-05 5.2923e-05 0.00025754
1.3368e-05 0.0043098 0.0089599 0.00059355 1.4915e-06 5.1179e-05 5.3195e-05 0.0002597
1.3218e-05 0.0044236 0.0089598 0.00059124 1.4779e-06 5.2134e-05 5.346e-05 0.00026185
1.3089e-05 0.0045464 0.0089598 0.00058893 1.4676e-06 5.31e-05 5.3725e-05 0.00026401
1.2951e-05 0.0046669 0.0089597 0.00058662 1.4527e-06 5.4055e-05 5.3983e-05 0.00026615
1.2803e-05 0.0047849 0.0089597 0.0005843 1.4328e-06 5.4998e-05 5.4234e-05 0.00026829
1.2642e-05 0.0048996 0.0089597 0.00058197 1.4075e-06 5.5928e-05 5.4478e-05 0.0002704
1.2462e-05 0.0050091 0.0089596 0.00057962 1.3749e-06 5.6776e-05 5.4712e-05 0.0002725
1.2327e-05 0.0050438 0.0089596 0.00057726 1.3351e-06 5.7607e-05 5.4937e-05 0.00027457
1.2173e-05 0.0050767 0.0089595 0.00057489 1.2879e-06 5.8421e-05 5.5153e-05 0.00027661
1.2055e-05 0.0050814 0.0089595 0.00057253 1.2484e-06 5.8052e-05 5.5373e-05 0.00027869
1.1919e-05 0.0050852 0.0089594 0.00057016 1.2018e-06 5.7668e-05 5.5584e-05 0.00028075
1.1766e-05 0.0050882 0.0089593 0.00056778 1.1479e-06 5.7269e-05 5.5785e-05 0.00028279
1.1052e-05 0.0050934 0.0089593 0.00056542 1.1015e-06 5.6885e-05 5.5991e-05 0.00028485
1.0299e-05 0.0050977 0.0089592 0.00056304 1.0481e-06 5.6485e-05 5.6187e-05 0.00028689
9.6307e-06 0.0051042 0.0089592 0.00056068 1.0018e-06 5.61e-05 5.6388e-05 0.00028897
8.9263e-06 0.0051098 0.0089592 0.00055831 9.485e-07 5.5699e-05 5.6579e-05 0.00029102
8.3054e-06 0.0051178 0.0089591 0.00055595 9.0268e-07 5.5314e-05 5.6776e-05 0.00029311
7.7587e-06 0.0051283 0.0089591 0.00055362 8.6371e-07 5.4945e-05 5.6977e-05 0.00029523
7.1815e-06 0.0051378 0.0089591 0.00055128 8.1813e-07 5.4561e-05 5.7169e-05 0.00029733
6.5732e-06 0.0051465 0.0089591 0.00054895 7.7906e-07 5.4192e-05 5.7366e-05 0.00029946
6.0318e-06 0.0051575 0.0089591 0.00054664 7.4534e-07 5.3837e-05 5.7567e-05 0.00030163
5.5549e-06 0.0051475 0.0089591 0.00054432 7.0533e-07 5.3467e-05 5.7759e-05 0.00030377
5.0515e-06 0.0051365 0.008959 0.00054199 6.5896e-07 5.3081e-05 5.7942e-05 0.00030589
4.6068e-06 0.0051281 0.008959 0.00053967 6.1837e-07 5.2711e-05 5.813e-05 0.00030805
4.1373e-06 0.0051187 0.0089591 0.00053738 5.7156e-07 5.2326e-05 5.8322e-05 0.00031024
3.7238e-06 0.0051118 0.0089591 0.0005351 5.1842e-07 5.3957e-05 5.8518e-05 0.00031246
3.3577e-06 0.0051072 0.0089591 0.00053284 4.7077e-07 5.5624e-05 5.8719e-05 0.00031472
3.0304e-06 0.0051047 0.0089592 0.0005306 4.2744e-07 5.7323e-05 5.8925e-05 0.00031701
2.6843e-06 0.0051014 0.0089592 0.00052834 3.7827e-07 5.9002e-05 5.9121e-05 0.00031928
2.3745e-06 0.0051001 0.0089593 0.0005261 3.3311e-07 6.0714e-05 5.9321e-05 0.00032158
2.0465e-06 0.0050981 0.0089593 0.00052385 2.8217e-07 6.2404e-05 5.9513e-05 0.00032386
1.6984e-06 0.005095 0.0089594 0.00052162 2.3561e-07 6.4133e-05 5.9709e-05 0.00032618
1.3906e-06 0.0050657 0.0089595 0.00051941 1.9279e-07 6.5901e-05 5.9911e-05 0.00032854
1.3834e-06 0.0050344 0.0089596 0.00051718 1.445e-07 6.7647e-05 6.0104e-05 0.00033087
1.3681e-06 0.0050015 0.0089596 0.00051494 9.0614e-08 6.937e-05 6.0287e-05 0.00033318
1.3609e-06 0.0049728 0.0089597 0.00051272 3.9859e-08 7.113e-05 6.0474e-05 0.00033553
1.3457e-06 0.0049425 0.0089598 0.00051048 3.7491e-08 7.2866e-05 6.0653e-05 0.00033785
1.3218e-06 0.0049104 0.0089599 0.00050827 3.3827e-08 7.4644e-05 6.0836e-05 0.00034021
1.2898e-06 0.0048766 0.00896 0.00050603 4.7615e-08 7.5793e-05 6.1011e-05 0.00034255
1.2493e-06 0.0048409 0.0089601 0.00050382 6.0669e-08 7.697e-05 6.1176e-05 0.00034492
1.2008e-06 0.0048033 0.0089601 0.00050159 6.9704e-08 7.8128e-05 6.1331e-05 0.00034727
1.1613e-06 0.0047707 0.0089602 0.00049939 7.4741e-08 7.9267e-05 6.1492e-05 0.00034966
1.1139e-06 0.0047364 0.0089603 0.00049717 7.5787e-08 8.0387e-05 6.1657e-05 0.00035203
1.0749e-06 0.0047066 0.0089605 0.00049496 7.617e-08 8.1535e-05 6.1827e-05 0.00035444
1.0436e-06 0.0046808 0.0089606 0.00049275 7.5891e-08 8.2712e-05 6.1989e-05 0.00035682
1.005e-06 0.0046537 0.0089607 0.00049052 7.2064e-08 8.387e-05 6.2141e-05 0.00035918
9.5883e-07 0.0046251 0.0089608 0.00048827 6.4285e-08 8.5009e-05 6.2284e-05 0.00036151
9.1977e-07 0.0046003 0.0089609 0.00048605 5.5723e-08 8.6177e-05 6.2431e-05 0.00036388
8.7371e-07 0.0045741 0.008961 0.00048384 9.1091e-08 8.7326e-05 6.2583e-05 0.00036629
8.3221e-07 0.0045506 0.0089611 0.00048164 1.2694e-07 8.8496e-05 6.2738e-05 0.00036873
7.9417e-07 0.0045295 0.0089612 0.00047946 1.6314e-07 8.9684e-05 6.2894e-05 0.00037119
7.5118e-07 0.0045079 0.0089614 0.00047726 1.9549e-07 9.086e-05 6.3043e-05 0.00037364
7.1063e-07 0.0044882 0.0089615 0.00047508 2.2788e-07 9.2052e-05 6.3193e-05 0.00037611
6.7228e-07 0.0044703 0.0089617 0.0004729 2.6045e-07 9.3259e-05 6.3344e-05 0.0003786
8.4543e-07 0.004452 0.0089618 0.00047072 2.9332e-07 9.4482e-05 6.3488e-05 0.00038108
1.0123e-06 0.0044332 0.008962 0.00046852 3.2235e-07 9.5694e-05 6.3625e-05 0.00038354
1.1889e-06 0.0044162 0.0089621 0.00046634 3.5172e-07 9.6921e-05 6.3763e-05 0.00038603
1.3592e-06 0.0043988 0.0089623 0.00046414 3.7726e-07 9.8137e-05 6.3894e-05 0.0003885
1.5232e-06 0.004381 0.0089624 0.00046194 3.9898e-07 9.9343e-05 6.4018e-05 0.00039096
1.6983e-06 0.004365 0.0089626 0.00045975 4.2133e-07 0.00010057 6.4144e-05 0.00039344
1.8669e-06 0.0043486 0.0089627 0.00045755 4.3982e-07 0.00010178 6.4263e-05 0.00039591
2.0474e-06 0.0043339 0.0089629 0.00045536 4.5904e-07 0.00010301 6.4383e-05 0.00039841
2.2396e-06 0.0043207 0.008963 0.00045318 4.7882e-07 0.00010425 6.4503e-05 0.00040092
2.4445e-06 0.004309 0.0089632 0.000451 4.9925e-07 0.00010551 6.4624e-05 0.00040346
2.6425e-06 0.0042969 0.0089634 0.00044882 5.1578e-07 0.00010676 6.4739e-05 0.00040598
2.8335e-06 0.0042845 0.0089635 0.00044663 5.284e-07 0.000108 6.4846e-05 0.00040849
3.0376e-06 0.0042735 0.0089637 0.00044444 5.417e-07 0.00010925 6.4955e-05 0.00041103
3.2348e-06 0.0042622 0.0089639 0.00044225 5.5111e-07 0.0001105 6.5057e-05 0.00041354
3.4471e-06 0.0042524 0.0089641 0.00044007 5.6148e-07 0.00011176 6.5159e-05 0.00041609
3.6769e-06 0.0042408 0.0089643 0.00043789 5.7261e-07 0.00011304 6.5263e-05 0.00041865
3.8992e-06 0.0042289 0.0089644 0.00043571 5.7983e-07 0.00011431 6.536e-05 0.0004212
4.1141e-06 0.0042166 0.0089646 0.00043352 5.8312e-07 0.00011556 6.545e-05 0.00042374
4.3216e-06 0.004204 0.0089648 0.00043132 5.8249e-07 0.00011681 6.5533e-05 0.00042627
4.5204e-06 0.0041911 0.008965 0.00042913 5.8292e-07 0.00011807 6.5617e-05 0.00042882
4.47e-06 0.0041353 0.0089652 0.00042695 5.8444e-07 0.00011935 6.5703e-05 0.00043139
4.4135e-06 0.0040786 0.0089654 0.00042476 5.8203e-07 0.00012063 6.5782e-05 0.00043395
4.3661e-06 0.0040259 0.0089656 0.00042258 5.8039e-07 0.00012192 6.5861e-05 0.00043653
4.3276e-06 0.003977 0.0089658 0.0004204 5.795e-07 0.00012322 6.5942e-05 0.00043914
4.283e-06 0.0039273 0.008966 0.00041822 5.7471e-07 0.00012452 6.6015e-05 0.00044173
4.2479e-06 0.0038814 0.0089662 0.00041604 5.7092e-07 0.00012583 6.609e-05 0.00044435
4.2222e-06 0.0038391 0.0089664 0.00041388 5.6811e-07 0.00012717 6.6166e-05 0.00044699
4.1905e-06 0.003796 0.0089666 0.0004117 5.6141e-07 0.00012849 6.6235e-05 0.00044962
4.168e-06 0.0037563 0.0089669 0.00040954 5.5567e-07 0.00012983 6.6305e-05 0.00045227
4.1538e-06 0.0037195 0.0089671 0.00040738 5.506e-07 0.00013119 6.6376e-05 0.00045495
4.1478e-06 0.0036854 0.0089673 0.00040523 5.4618e-07 0.00013257 6.6447e-05 0.00045764
4.1358e-06 0.0036508 0.0089676 0.00040307 5.3787e-07 0.00013394 6.6512e-05 0.00046033
4.1179e-06 0.0036155 0.0089678 0.0004009 5.2566e-07 0.0001353 6.657e-05 0.000463
4.1082e-06 0.0035829 0.0089681 0.00039874 5.141e-07 0.00013667 6.6629e-05 0.0004657
4.0936e-06 0.0035498 0.0089683 0.00039657 4.9865e-07 0.00013804 6.6681e-05 0.00046838
4.0872e-06 0.0035192 0.0089686 0.00039441 4.8382e-07 0.00013942 6.6734e-05 0.00047109
4.0759e-06 0.003488 0.0089688 0.00039224 4.6509e-07 0.00014079 6.678e-05 0.00047378
4.0728e-06 0.0034592 0.008969 0.00039008 4.4691e-07 0.00014219 6.6827e-05 0.0004765
4.0637e-06 0.0034298 0.0089693 0.00038791 4.2485e-07 0.00014357 6.6867e-05 0.0004792
4.0627e-06 0.0034028 0.0089696 0.00038574 4.0328e-07 0.00014497 6.6907e-05 0.00048193
4.0558e-06 0.0033753 0.0089698 0.00038357 3.7786e-07 0.00014635 6.6942e-05 0.00048465
4.043e-06 0.0033473 0.0089701 0.00038139 3.486e-07 0.00014773 6.6969e-05 0.00048735
4.021e-06 0.0033188 0.0089703 0.00037922 3.1999e-07 0.00014913 6.6997e-05 0.00049008
4.007e-06 0.0032924 0.0089706 0.00037706 2.9167e-07 0.00015055 6.7027e-05 0.00049283
3.9872e-06 0.0032655 0.0089709 0.00037488 2.5954e-07 0.00015195 6.7049e-05 0.00049557
3.9613e-06 0.0032382 0.0089711 0.0003727 2.2358e-07 0.00015335 6.7065e-05 0.00049829
3.9444e-06 0.0032131 0.0089714 0.00037053 1.8807e-07 0.00015476 6.7082e-05 0.00050104
3.9362e-06 0.0031901 0.0089717 0.00036837 1.5283e-07 0.0001562 6.71e-05 0.00050382
3.9221e-06 0.0031667 0.0089719 0.00036619 1.9923e-07 0.00015763 6.7111e-05 0.00050659
3.9159e-06 0.0031452 0.0089722 0.00036403 2.463e-07 0.00015908 6.7123e-05 0.00050938
3.9039e-06 0.0031232 0.0089725 0.00036185 2.8944e-07 0.00016051 6.7129e-05 0.00051216
3.9004e-06 0.0031031 0.0089728 0.00035969 3.3366e-07 0.00016197 6.7135e-05 0.00051496
3.8912e-06 0.0030826 0.0089731 0.00035751 3.7395e-07 0.00016342 6.7135e-05 0.00051775
3.8906e-06 0.003064 0.0089734 0.00035535 4.1548e-07 0.00016489 6.7136e-05 0.00052057
3.8841e-06 0.0030449 0.0089737 0.00035317 4.5303e-07 0.00016635 6.713e-05 0.00052338
3.8717e-06 0.0030255 0.0089739 0.00035099 4.8661e-07 0.0001678 6.7118e-05 0.00052617
3.8532e-06 0.0030057 0.0089742 0.0003488 5.1619e-07 0.00016923 6.7098e-05 0.00052895
3.8285e-06 0.0029854 0.0089745 0.0003466 5.47e-07 0.00017069 6.7072e-05 0.00053171
3.7973e-06 0.0029646 0.0089748 0.00034439 5.7362e-07 0.00017213 6.7039e-05 0.00053446
3.7759e-06 0.0029458 0.0089751 0.00034219 6.0208e-07 0.00017361 6.7007e-05 0.00053724
3.7634e-06 0.0029287 0.0089754 0.00034 6.3227e-07 0.0001751 6.6976e-05 0.00054005
3.7441e-06 0.0029112 0.0089757 0.0003378 6.5802e-07 0.00017658 6.6939e-05 0.00054284
3.7349e-06 0.0028955 0.008976 0.00033561 6.8613e-07 0.00017809 6.6903e-05 0.00054566
3.7169e-06 0.002879 0.0089763 0.0003334 7.0894e-07 0.00017958 6.6859e-05 0.00054846
3.7128e-06 0.0028648 0.0089766 0.00033122 1.0158e-06 0.00018105 6.6819e-05 0.00055131
3.7244e-06 0.0028529 0.0089769 0.00032904 1.0929e-06 0.00018256 6.6784e-05 0.0005542
3.7251e-06 0.0028401 0.0089772 0.00032685 1.1624e-06 0.00018405 6.674e-05 0.00055707
3.7155e-06 0.0028265 0.0089775 0.00032465 1.2246e-06 0.00018551 6.6687e-05 0.00055991
3.7206e-06 0.0028149 0.0089778 0.00032246 1.2953e-06 0.00018701 6.6638e-05 0.0005628
3.7152e-06 0.0028026 0.0089781 0.00032027 1.3584e-06 0.00018849 6.658e-05 0.00056566
3.6438e-06 0.0027945 0.0089785 0.00031805 1.4138e-06 0.00018995 6.6513e-05 0.00056849
3.5937e-06 0.0027883 0.0089788 0.00031583 1.4791e-06 0.00019145 6.6436e-05 0.0005713
3.5319e-06 0.0027813 0.0089791 0.00031359 1.5366e-06 0.00019293 6.6349e-05 0.00057408
3.4856e-06 0.002776 0.0089794 0.00031136 1.6033e-06 0.00019444 6.6268e-05 0.0005769
3.4288e-06 0.00277 0.0089797 0.00030913 1.6621e-06 0.00019594 6.6177e-05 0.0005797
3.3612e-06 0.0027634 0.00898 0.00030688 1.7315e-06 0.00019748 6.6077e-05 0.00058247
3.3085e-06 0.0027584 0.0089803 0.00030464 1.812e-06 0.00019906 6.5981e-05 0.00058529
3.2463e-06 0.0027529 0.0089806 0.00030239 1.8849e-06 0.00020062 6.5877e-05 0.00058809
3.1746e-06 0.0027467 0.0089809 0.00030013 1.9504e-06 0.00020216 6.5764e-05 0.00059086
3.117e-06 0.0027421 0.0089812 0.00029788 2.026e-06 0.00020374 6.5655e-05 0.00059367
3.0504e-06 0.002737 0.0089815 0.00029562 2.0942e-06 0.0002053 6.5537e-05 0.00059647
2.9974e-06 0.0027334 0.0089818 0.00029338 2.1731e-06 0.00020691 6.5424e-05 0.0005993
2.9353e-06 0.0027293 0.0089821 0.00029112 2.2636e-06 0.00020855 6.5302e-05 0.00060212
2.864e-06 0.0027247 0.0089825 0.00028885 2.3462e-06 0.00021017 6.5172e-05 0.00060491
2.8049e-06 0.0027214 0.0089828 0.00028659 2.4397e-06 0.00021183 6.5045e-05 0.00060774
2.7376e-06 0.0027177 0.0089831 0.00028432 2.5258e-06 0.00021348 6.491e-05 0.00061056
2.6622e-06 0.0027135 0.0089834 0.00028204 2.6047e-06 0.0002151 6.4767e-05 0.00061335
2.579e-06 0.0027089 0.0089837 0.00027975 2.6768e-06 0.0002167 6.4616e-05 0.00061612
2.4883e-06 0.0027039 0.008984 0.00027746 2.7424e-06 0.00021829 6.4457e-05 0.00061887
2.3904e-06 0.0026986 0.0089843 0.00028066 2.8018e-06 0.00021987 6.4291e-05 0.00062161
2.286e-06 0.0026929 0.0089846 0.00028386 2.8558e-06 0.00022143 6.4118e-05 0.00062433
2.1895e-06 0.0026883 0.0089849 0.00028706 2.9162e-06 0.00022301 6.3946e-05 0.00062708
2.1002e-06 0.0026846 0.0089852 0.00029027 2.9832e-06 0.00022462 6.3775e-05 0.00062986
2.0177e-06 0.0026818 0.0089855 0.0002935 3.057e-06 0.00022626 6.3604e-05 0.00063267
1.9296e-06 0.0026788 0.0089859 0.00029672 3.1256e-06 0.00022788 6.3426e-05 0.00063546
1.8485e-06 0.0026768 0.0089862 0.00029994 3.2019e-06 0.00022953 6.325e-05 0.00063828
1.7618e-06 0.0026745 0.0089865 0.00030316 3.2729e-06 0.00023117 6.3067e-05 0.00064108
1.6819e-06 0.0026732 0.0089868 0.00030639 3.3519e-06 0.00023284 6.2885e-05 0.00064392
1.5965e-06 0.0026717 0.0089872 0.00030961 3.4257e-06 0.00023449 6.2696e-05 0.00064675
1.5065e-06 0.00267 0.0089875 0.00031283 3.4942e-06 0.00023613 6.2501e-05 0.00064956
1.4223e-06 0.0026692 0.0089878 0.00031605 3.5702e-06 0.0002378 6.2306e-05 0.00065239
1.3326e-06 0.0026681 0.0089881 0.00031927 3.6408e-06 0.00023946 6.2105e-05 0.00065522
1.2375e-06 0.0026668 0.0089885 0.00032248 3.7062e-06 0.0002411 6.1896e-05 0.00065803
1.137e-06 0.0026653 0.0089888 0.00032568 3.7663e-06 0.00024273 6.1681e-05 0.00066083
1.0427e-06 0.0026648 0.0089891 0.00032889 3.8347e-06 0.00024439 6.1468e-05 0.00066366
9.4297e-07 0.002664 0.0089894 0.00033209 3.8977e-06 0.00024604 6.1247e-05 0.00066647
8.3749e-07 0.0026629 0.0089898 0.00033529 3.9549e-06 0.00024767 6.102e-05 0.00066927
7.3848e-07 0.0026629 0.0089901 0.00033849 4.0213e-06 0.00024934 6.0793e-05 0.00067211
6.3228e-07 0.0026625 0.0089904 0.00034172 4.0996e-06 0.00025104 6.057e-05 0.00067498
5.1796e-07 0.0026615 0.0089908 0.00034493 4.207e-06 0.00025279 6.0338e-05 0.00067783
4.1405e-07 0.002662 0.0089911 0.00034816 4.3322e-06 0.00025459 6.0111e-05 0.00068073
4.3512e-07 0.0026619 0.0089915 0.0003514 4.4417e-06 0.00025644 5.9874e-05 0.00068368
4.5024e-07 0.0027031 0.0089919 0.00035464 4.541e-06 0.00025826 5.9628e-05 0.0006866
4.6814e-07 0.0027494 0.0089922 0.00035789 4.6572e-06 0.00026014 5.9387e-05 0.00068957
4.8061e-07 0.0027941 0.0089926 0.00036113 4.7642e-06 0.00026199 6.1597e-05 0.00069252
4.8819e-07 0.0028377 0.008993 0.00036436 4.8638e-06 0.00026382 6.3798e-05 0.00069545
4.9684e-07 0.002885 0.0089933 0.00036761 4.975e-06 0.00026569 6.6013e-05 0.00069841
5.0086e-07 0.0029314 0.0089937 0.00037084 5.0796e-06 0.00026754 6.8219e-05 0.00070136
5.0565e-07 0.0029815 0.0089941 0.00037409 5.1951e-06 0.00026943 7.0438e-05 0.00070433
5.1114e-07 0.0030355 0.0089945 0.00037735 5.3218e-06 0.00027134 7.267e-05 0.00070734
5.122e-07 0.0030886 0.0089948 0.00038062 5.4422e-06 0.00027324 7.4915e-05 0.00071038
5.139e-07 0.0031457 0.0089952 0.00038389 5.5741e-06 0.00027518 7.7171e-05 0.00071345
5.1624e-07 0.0032073 0.0089956 0.00038718 5.7178e-06 0.00027714 7.9441e-05 0.00071655
5.1952e-07 0.0032738 0.0089961 0.00039049 5.8752e-06 0.00027913 8.1724e-05 0.00071969
5.1838e-07 0.0033393 0.0089965 0.00039378 6.0261e-06 0.00028111 8.4e-05 0.0007228
5.1817e-07 0.0034101 0.0089969 0.00039709 6.1912e-06 0.00028313 8.629e-05 0.00072596
5.1358e-07 0.0034798 0.0089973 0.00040038 6.3498e-06 0.00028513 8.8573e-05 0.0007291
5.0461e-07 0.0035484 0.0089977 0.00040367 6.5019e-06 0.00028712 9.0848e-05 0.00073222
4.9624e-07 0.0036221 0.0089981 0.00040697 6.6673e-06 0.00028914 9.3135e-05 0.00073538
4.835e-07 0.0036948 0.0089986 0.00041027 6.8262e-06 0.00029115 9.5416e-05 0.00073852
4.716e-07 0.0037733 0.008999 0.00041357 7.0002e-06 0.00029319 9.771e-05 0.0007417
4.605e-07 0.0038581 0.0089994 0.00041689 7.19e-06 0.00029527 0.00010002 0.00074491
6.6782e-07 0.0039416 0.0089998 0.0004202 7.3731e-06 0.00029733 0.00010232 0.0007481
8.6861e-07 0.0040239 0.0090003 0.0004235 7.5493e-06 0.00029938 0.00010461 0.00075128
1.0821e-06 0.0041127 0.0090007 0.00042682 7.742e-06 0.00030146 0.00010692 0.0007545
1.3082e-06 0.0042082 0.0090011 0.00043014 7.9507e-06 0.00030358 0.00010924 0.00075775
1.5274e-06 0.0043022 0.0090016 0.00043346 8.1523e-06 0.00030569 0.00011156 0.00076098
1.7398e-06 0.0043948 0.009002 0.00043677 8.3468e-06 0.00030778 0.00011386 0.0007642
1.9654e-06 0.0044944 0.0090025 0.00044009 8.5578e-06 0.0003099 0.00011616 0.00076745
2.1839e-06 0.0045931 0.0090029 0.0004434 8.7616e-06 0.00031201 0.00011845 0.00077069
2.4178e-06 0.0046996 0.0090034 0.00044673 8.984e-06 0.00031416 0.00012076 0.00077397
2.6444e-06 0.0048046 0.0090038 0.00045005 9.199e-06 0.00031629 0.00012305 0.00077723
2.8875e-06 0.004918 0.0090043 0.00045336 9.4067e-06 0.00031841 0.00012534 0.00078047
3.1482e-06 0.0050405 0.0090047 0.00045668 9.6336e-06 0.00032056 0.00012765 0.00078375
3.4013e-06 0.0051611 0.0090052 0.00045999 9.8531e-06 0.0003227 0.00012994 0.00078702
3.6731e-06 0.0052914 0.0090056 0.00046332 1.0093e-05 0.00032488 0.00013226 0.00079032
3.9636e-06 0.0054314 0.0090061 0.00046666 1.0352e-05 0.0003271 0.00013458 0.00079366
4.2741e-06 0.0055818 0.0090066 0.00047001 1.0632e-05 0.00032934 0.00013692 0.00079702
4.5761e-06 0.0057299 0.009007 0.00047335 1.0897e-05 0.00033163 0.00013925 0.00080038
4.8696e-06 0.0058758 0.0090075 0.00047669 1.1155e-05 0.0003339 0.00014158 0.00080372
5.184e-06 0.0060325 0.009008 0.00048004 1.1404e-05 0.00033616 0.00014392 0.00080709
5.4897e-06 0.0061869 0.0090085 0.00048338 1.1646e-05 0.0003384 0.00014625 0.00081045
5.8174e-06 0.0063527 0.0090089 0.00048673 1.1909e-05 0.00034068 0.00014859 0.00081384
6.1362e-06 0.0065161 0.0090094 0.00049007 1.2163e-05 0.00034294 0.00015093 0.00081722
6.4785e-06 0.0065466 0.0090099 0.00049343 1.2439e-05 0.00034524 0.00015328 0.00082063
6.8461e-06 0.0065797 0.0090104 0.00049679 1.2738e-05 0.00034758 0.00015565 0.00082408
7.2036e-06 0.0066122 0.0090109 0.00050015 1.3028e-05 0.00034991 0.00015801 0.00082751
7.5912e-06 0.0066478 0.0090114 0.00050353 1.3344e-05 0.00035227 0.00016039 0.00083098
8.0136e-06 0.0066438 0.0090119 0.00050692 1.3692e-05 0.00035468 0.00016278 0.00083449
8.4221e-06 0.0066394 0.0090124 0.0005103 1.4019e-05 0.00035714 0.00016517 0.00083799
8.8167e-06 0.0066344 0.0090129 0.00051367 1.4334e-05 0.00035958 0.00016754 0.00084146
9.2476e-06 0.0066312 0.0090134 0.00051705 1.468e-05 0.00036207 0.00016993 0.00084498
9.662e-06 0.0066274 0.0090139 0.00052043 1.5012e-05 0.00036453 0.00017232 0.00084848
1.0122e-05 0.0065804 0.0090144 0.00052382 1.5384e-05 0.00036705 0.00017472 0.00085203
1.0564e-05 0.0065318 0.0090149 0.0005272 1.5739e-05 0.00036955 0.00017712 0.00085555
1.1056e-05 0.0064884 0.0090155 0.0005306 1.6136e-05 0.0003721 0.00017954 0.00085913
1.1525e-05 0.0064432 0.009016 0.00053399 1.6515e-05 0.00037463 0.00018194 0.00086268
1.1968e-05 0.0064506 0.0090165 0.00053737 1.6873e-05 0.00037713 0.00018433 0.00086621
1.2387e-05 0.0064572 0.009017 0.00054073 1.7198e-05 0.00037971 0.00018671 0.0008697
1.2785e-05 0.0064629 0.0090175 0.00054408 1.7503e-05 0.00038225 0.00018907 0.00087317
1.3238e-05 0.0064711 0.009018 0.00054746 1.7855e-05 0.00038486 0.00019146 0.0008767
1.3674e-05 0.0064783 0.0090186 0.00055085 1.8257e-05 0.00038755 0.00019388 0.0008803
1.4171e-05 0.0064882 0.0090191 0.00055427 1.8714e-05 0.0003903 0.00019632 0.00088395
1.4735e-05 0.0065007 0.0090196 0.00055772 1.9233e-05 0.00039313 0.0001988 0.00088768
1.5369e-05 0.006516 0.0090202 0.00056115 1.9814e-05 0.00039604 0.00020126 0.00089137
1.5973e-05 0.0065302 0.0090207 0.00056456 2.0368e-05 0.0003989 0.00020371 0.00089503
1.6547e-05 0.0065435 0.0090213 0.00056796 2.0895e-05 0.00040174 0.00020614 0.00089866
1.7191e-05 0.0065594 0.0090218 0.00057139 2.1486e-05 0.00040465 0.0002086 0.00090235
1.7806e-05 0.0065743 0.0090224 0.0005748 2.205e-05 0.00040752 0.00021104 0.00090601
1.85e-05 0.0065923 0.0090229 0.00057824 2.2685e-05 0.00041048 0.00021351 0.00090974
1.9278e-05 0.0066132 0.0090235 0.00058169 2.3393e-05 0.0004135 0.00021597 0.00091353
2.0021e-05 0.006633 0.0090241 0.00058514 2.407e-05 0.00041649 0.00021841 0.00091729
2.0858e-05 0.0066562 0.0090246 0.0005886 2.483e-05 0.00041956 0.00022088 0.00092111
2.1801e-05 0.0066831 0.0090252 0.0005921 2.5685e-05 0.00042259 0.00022339 0.000925
2.2703e-05 0.0067087 0.0090258 0.00059558 2.6503e-05 0.00042559 0.00022587 0.00092886
2.3713e-05 0.006738 0.0090264 0.00059908 2.7415e-05 0.00042866 0.00022839 0.00093278
2.4673e-05 0.0067659 0.009027 0.00060256 2.8287e-05 0.0004317 0.00023089 0.00093667
2.5755e-05 0.006798 0.0090276 0.00060608 2.9265e-05 0.00043482 0.00023342 0.00094063
2.6973e-05 0.0068347 0.0090282 0.00060961 3.036e-05 0.00043802 0.00023598 0.00094465
2.8345e-05 0.0068766 0.0090288 0.00061318 3.1585e-05 0.0004413 0.00023857 0.00094875
2.9891e-05 0.0069244 0.0090295 0.00061677 3.2956e-05 0.00044467 0.0002412 0.00095291
3.1638e-05 0.006933 0.0090301 0.00062038 3.4495e-05 0.00044813 0.00024386 0.00095715
3.3306e-05 0.0069407 0.0090308 0.00062398 3.5967e-05 0.00045155 0.0002465 0.00096135
3.4896e-05 0.0069473 0.0090314 0.00062757 3.7375e-05 0.00045493 0.00024918 0.00096552
3.6702e-05 0.0069568 0.0090321 0.00063118 3.8962e-05 0.00045841 0.00025184 0.00096977
