Aotus_nancymaae Callithrix_jacchus Carlito_syrichta Cebus_imitator Cercocebus_atys Chlorocebus_sabaeus Colobus_angolensis Gorilla_gorilla Homo_sapiens Hylobates_moloch Macaca_fascicularis
0.00069484 0.00026447 0.00010339 0.00069043 0.0011502 0.00014431 0.0085254 0.0024046 0.00080468 0.0013271 0.01
0.00069291 0.00025945 0.0001007 0.00068696 0.0011466 0.00014125 0.0085245 0.0023914 0.0008021 0.0013223 0.01
0.00069098 0.00025441 9.7999e-05 0.00068349 0.0011431 0.00013827 0.0085235 0.0023782 0.00079958 0.0013175 0.01
0.00068904 0.00024938 9.53e-05 0.00068002 0.0011395 0.00013527 0.0085225 0.002365 0.00079704 0.0013127 0.01
0.0006871 0.00024433 9.2597e-05 0.00067654 0.0011359 0.00013234 0.0085216 0.002352 0.00079456 0.001308 0.01
0.00068517 0.00023929 8.9892e-05 0.00067306 0.0011323 0.00012949 0.0085206 0.002339 0.00079215 0.0013032 0.01
0.00068323 0.00023423 8.7184e-05 0.00066958 0.0011288 0.00012662 0.0085197 0.002326 0.00078971 0.0012985 0.01
0.00068128 0.00022918 8.4473e-05 0.00066609 0.0011252 0.00012382 0.0085188 0.0023131 0.00078733 0.0012937 0.01
0.00067934 0.00022411 8.176e-05 0.0006626 0.0011217 0.00012099 0.0085178 0.0023002 0.00078494 0.001289 0.01
0.00067739 0.00021905 7.9044e-05 0.0006591 0.0011181 0.00011815 0.0085169 0.0022872 0.00078253 0.0012843 0.01
0.00067544 0.00021397 7.6325e-05 0.00065561 0.0011145 0.00011529 0.008516 0.0022742 0.0007801 0.0012795 0.01
0.00067349 0.00020889 7.3604e-05 0.0006521 0.001111 0.0001125 0.008515 0.0022613 0.00077773 0.0012748 0.01
0.00067154 0.00020381 7.0879e-05 0.0006486 0.0011074 0.00010979 0.0085141 0.0022486 0.00077543 0.00127 0.01
0.00066959 0.00019872 6.8152e-05 0.00064509 0.0011039 0.00010714 0.0085132 0.0022359 0.00077318 0.0012653 0.01
0.00066763 0.00019363 6.5422e-05 0.00064158 0.0011004 0.00010457 0.0085123 0.0022234 0.00077099 0.0012607 0.01
0.00066567 0.00018853 6.269e-05 0.00063806 0.0010969 0.00010198 0.0085114 0.0022108 0.00076878 0.001256 0.01
0.00066371 0.00018343 5.9955e-05 0.00063454 0.0010934 9.9446e-05 0.0085105 0.0021983 0.00076663 0.0012513 0.01
0.00066175 0.00017832 5.7217e-05 0.00063102 0.0010899 9.6982e-05 0.0085097 0.002186 0.00076453 0.0012467 0.01
0.00065978 0.0001732 5.4476e-05 0.00062749 0.0010864 9.4578e-05 0.0085088 0.0021738 0.00076249 0.0012421 0.01
0.00065782 0.00016808 5.1733e-05 0.00062396 0.0010829 9.2155e-05 0.0085079 0.0021615 0.00076043 0.0012374 0.01
0.00065585 0.00016296 4.8986e-05 0.00062043 0.0010794 8.9714e-05 0.008507 0.0021492 0.00075836 0.0012328 0.01
0.00065388 0.00015783 4.6237e-05 0.00061689 0.001076 8.7336e-05 0.0085062 0.0021369 0.00075634 0.0012282 0.01
0.00065191 0.0001527 4.3486e-05 0.00061335 0.0010725 8.4941e-05 0.0085053 0.0021247 0.00075431 0.0012236 0.01
0.00064993 0.00014756 4.0731e-05 0.00060981 0.001069 8.2526e-05 0.0085045 0.0021124 0.00075226 0.0012189 0.01
0.00064796 0.00014241 3.7974e-05 0.00060626 0.0010655 8.0175e-05 0.0085036 0.0021002 0.00075027 0.0012143 0.01
0.00064598 0.00013726 3.5214e-05 0.00060271 0.0010621 7.7886e-05 0.0085028 0.0020882 0.00074833 0.0012097 0.01
0.000644 0.00013211 3.2451e-05 0.00059915 0.0010586 7.5578e-05 0.0085019 0.0020761 0.00074638 0.0012051 0.01
0.00064202 0.00012695 2.9685e-05 0.00059559 0.0010552 7.325e-05 0.0085011 0.0020639 0.00074441 0.0012005 0.01
0.00064003 0.00012178 2.6917e-05 0.00059203 0.0010517 7.0989e-05 0.0085002 0.0020519 0.0007425 0.0011959 0.01
0.00063805 0.00011661 2.4146e-05 0.00058847 0.0010483 6.8705e-05 0.0084994 0.0020398 0.00074057 0.0011913 0.01
0.00063606 0.00011143 2.1372e-05 0.0005849 0.0010448 6.6395e-05 0.0084985 0.0020277 0.00073862 0.0011867 0.01
0.00063414 0.00010657 1.9266e-05 0.00058139 0.0010413 6.4057e-05 0.0084977 0.0020155 0.00073664 0.001182 0.01
0.00063229 0.00010199 1.7661e-05 0.00057796 0.0010379 6.18e-05 0.0084968 0.0020032 0.00073463 0.0011774 0.01
0.00063041 9.7312e-05 1.5908e-05 0.0005745 0.0010344 5.9513e-05 0.008496 0.0019909 0.0007326 0.0011727 0.01
0.00062859 9.2911e-05 1.457e-05 0.0005711 0.0010309 5.73e-05 0.0084952 0.0019787 0.00073063 0.0011681 0.01
0.00062675 8.8405e-05 1.3099e-05 0.00056768 0.0010275 5.5056e-05 0.0084943 0.0019664 0.00072864 0.0011634 0.01
0.00062499 8.4205e-05 1.2024e-05 0.00056432 0.0010241 5.2896e-05 0.0084935 0.0019543 0.00072673 0.0011588 0.01
0.0006233 8.0324e-05 8.7287e-06 0.00056106 0.0010207 5.0827e-05 0.0084927 0.0019424 0.00072491 0.0011542 0.01
0.00062169 7.6721e-05 6.336e-06 0.00055787 0.0010173 4.8839e-05 0.0084919 0.0019307 0.00072317 0.0011496 0.01
0.00062005 7.3e-05 6.0248e-06 0.00055464 0.0010139 4.6932e-05 0.0084912 0.0019189 0.0007214 0.0011451 0.01
0.00061849 6.9552e-05 5.6511e-06 0.00055149 0.0010106 4.4986e-05 0.0084904 0.0019069 0.00071959 0.0011405 0.01
0.00061689 6.5987e-05 5.2091e-06 0.00054831 0.0010072 4.3019e-05 0.0084896 0.0018949 0.00071773 0.0011358 0.01
0.00061537 6.2684e-05 4.9095e-06 0.0005452 0.0010038 4.113e-05 0.0084889 0.0018831 0.00071597 0.0011313 0.01
0.00061381 5.9269e-05 4.5526e-06 0.00054205 0.0010004 3.9204e-05 0.0084881 0.0018712 0.00071416 0.0011267 0.01
0.00061222 5.5739e-05 4.316e-06 0.00053887 0.00099709 3.7355e-05 0.0084874 0.0018595 0.00071244 0.0011221 0.01
0.0006106 5.5711e-05 4.0308e-06 0.00053565 0.00099373 3.547e-05 0.0084866 0.0018708 0.00071068 0.0011175 0.01
0.00060894 5.5642e-05 3.6925e-06 0.0005324 0.0009903 3.3547e-05 0.0084858 0.0018821 0.00070888 0.0011129 0.01
0.00060725 5.5532e-05 3.2956e-06 0.00052911 0.00098685 3.1588e-05 0.0084851 0.0018933 0.00070705 0.0011082 0.01
0.00060564 5.5498e-05 3.0302e-06 0.0005259 0.00098343 2.9711e-05 0.0084843 0.0019047 0.0007053 0.0011037 0.01
0.00060411 5.554e-05 2.8615e-06 0.00052277 0.00098003 2.7914e-05 0.0084836 0.001916 0.00070352 0.001099 0.01
0.00060266 5.5659e-05 2.7674e-06 0.00051973 0.00097667 2.6187e-05 0.0084829 0.0019272 0.0007017 0.0010944 0.01
0.00060129 5.5856e-05 2.7587e-06 0.00051676 0.00097333 2.4533e-05 0.0084822 0.0019386 0.00069997 0.0010898 0.01
0.0006 5.6131e-05 2.7148e-06 0.00051388 0.00097002 2.2949e-05 0.0084815 0.0019502 0.00069833 0.0010852 0.01
0.00059878 5.648e-05 2.7246e-06 0.00051106 0.00096674 2.143e-05 0.0084808 0.0019617 0.00069665 0.0010807 0.01
0.00059753 5.6787e-05 2.7068e-06 0.00050821 0.00096344 1.9894e-05 0.0084802 0.0019731 0.00069493 0.0010761 0.01
0.00059158 5.7209e-05 2.4625e-06 0.00050544 0.00096013 1.8326e-05 0.0084795 0.0019847 0.00069331 0.0010715 0.01
0.0005858 5.7709e-05 2.2997e-06 0.00050274 0.00095684 1.6818e-05 0.0084789 0.0019965 0.00069176 0.001067 0.01
0.00057995 5.8165e-05 2.101e-06 0.0005 0.00095354 1.528e-05 0.0084782 0.0020082 0.00069018 0.0010624 0.01
0.00057428 5.8706e-05 1.8632e-06 0.00049734 0.00095022 1.3711e-05 0.0084775 0.0020197 0.00068856 0.0010578 0.01
0.00056877 5.9329e-05 1.7011e-06 0.00049474 0.00094693 1.22e-05 0.0084769 0.0020315 0.00068702 0.0010533 0.01
0.00056341 6.0038e-05 1.5966e-06 0.00049221 0.00094366 1.0746e-05 0.0084762 0.0020435 0.00068556 0.0010488 0.01
0.00055821 6.0836e-05 1.5384e-06 0.00048974 0.00094041 9.345e-06 0.0084756 0.0020556 0.00068418 0.0010443 0.01
0.00055316 6.1737e-05 1.5208e-06 0.00048734 0.00093719 7.9963e-06 0.008475 0.0020679 0.00068288 0.0010399 0.01
0.00054806 6.2587e-05 1.7682e-06 0.00048491 0.00093396 6.6197e-06 0.0084744 0.0020802 0.00068154 0.0010354 0.01
0.00054289 6.3386e-05 2.0102e-06 0.00048245 0.00093071 6.4967e-06 0.0084738 0.0020923 0.00068016 0.0010309 0.01
0.00053767 6.4135e-05 2.2469e-06 0.00047996 0.00092744 6.3623e-06 0.0084732 0.0021046 0.00067887 0.0010265 0.01
0.00053238 6.4835e-05 2.4784e-06 0.00047743 0.00092416 6.2164e-06 0.0084726 0.0021169 0.00067754 0.001022 0.01
0.00052726 6.5636e-05 2.4918e-06 0.00047498 0.00092086 6.059e-06 0.0084719 0.0021293 0.00067056 0.0010176 0.01
0.00052208 6.6386e-05 2.4786e-06 0.00047249 0.00091754 5.8902e-06 0.0084713 0.0021417 0.00066351 0.0010132 0.01
0.00051705 6.7233e-05 2.2608e-06 0.00047006 0.00091425 5.7282e-06 0.0084707 0.0021542 0.00065664 0.0010087 0.01
0.00051196 6.8029e-05 2.3917e-06 0.00046761 0.00091095 5.5548e-06 0.00847 0.0021666 0.00064969 0.0010043 0.01
0.00050702 6.8924e-05 2.3364e-06 0.00046522 0.00090767 5.3881e-06 0.0084694 0.0021793 0.00064294 0.00099991 0.01
0.00050201 6.9767e-05 2.707e-06 0.00046279 0.00090437 5.21e-06 0.0084688 0.0021918 0.00063611 0.00099548 0.01
0.00049695 7.0557e-05 2.7872e-06 0.00046034 0.0009011 5.0384e-06 0.0084682 0.0022046 0.00062946 0.0009911 0.01
0.00049204 7.1448e-05 2.667e-06 0.00045794 0.00089785 4.873e-06 0.0084676 0.0022175 0.00062299 0.00098676 0.01
0.00048707 7.2286e-05 2.9126e-06 0.00045552 0.00089459 4.6963e-06 0.008467 0.0022303 0.00061645 0.00098239 0.01
0.00048224 7.3228e-05 2.9303e-06 0.00045316 0.00089131 5.0553e-06 0.0084664 0.0022434 0.00061008 0.00097805 0.01
0.00047732 7.4108e-05 2.9075e-06 0.00045086 0.00088802 5.4012e-06 0.0084658 0.0022566 0.0006039 0.00097375 0.01
0.00047255 7.5094e-05 2.9403e-06 0.00044862 0.00088475 5.7588e-06 0.0084652 0.0022701 0.00059788 0.00096949 0.01
0.00046792 7.6201e-05 2.7977e-06 0.00044645 0.00088151 6.1031e-06 0.0084646 0.0022835 0.0005918 0.0009652 0.01
0.00046324 7.725e-05 2.6166e-06 0.00044425 0.00087826 6.4341e-06 0.0084639 0.0022967 0.00058564 0.00096089 0.01
0.00045849 7.8238e-05 2.5541e-06 0.00044201 0.00087503 6.777e-06 0.0084633 0.0023099 0.00057943 0.00095656 0.01
0.00045368 7.9171e-05 2.4626e-06 0.00043975 0.00087178 7.1066e-06 0.0084627 0.002323 0.00057314 0.00095221 0.01
0.00044883 8.0049e-05 2.3406e-06 0.00043745 0.00086852 7.423e-06 0.0084621 0.0023359 0.00056679 0.00094784 0.01
0.00044391 8.0873e-05 2.1864e-06 0.00043513 0.00086524 7.7262e-06 0.0084615 0.0023488 0.00056037 0.00094344 0.01
0.00043894 8.1644e-05 2.3704e-06 0.00043287 0.00086199 8.0164e-06 0.0084609 0.0023616 0.00055388 0.00093903 0.01
0.00043392 8.2361e-05 2.5195e-06 0.00043059 0.00085873 8.2935e-06 0.0084602 0.0023742 0.00054733 0.00093459 0.01
0.00042883 8.3026e-05 2.6355e-06 0.00042827 0.00085545 8.5575e-06 0.0084596 0.0023868 0.0005407 0.00093013 0.01
0.00042389 8.3792e-05 2.823e-06 0.00042602 0.00085219 8.8328e-06 0.0084589 0.0023995 0.00053425 0.00092571 0.01
0.00041909 8.4666e-05 2.8759e-06 0.00042383 0.00084896 9.1198e-06 0.0084583 0.0024125 0.00052796 0.00092132 0.01
0.00041443 8.5651e-05 2.7197e-06 0.0004217 0.00084575 9.419e-06 0.0084577 0.0024257 0.00052185 0.00091696 0.01
0.00040989 8.6753e-05 2.5267e-06 0.00041963 0.00084252 9.7047e-06 0.0084571 0.0024388 0.00051567 0.00091258 0.01
0.00040531 8.7795e-05 2.2858e-06 0.00041752 0.00083928 9.977e-06 0.0084565 0.0024517 0.00050942 0.00090818 0.01
0.00040067 8.8778e-05 1.9998e-06 0.00041539 0.00083602 1.0236e-05 0.0084559 0.0024646 0.0005031 0.00090375 0.01
0.00039598 8.9703e-05 1.6629e-06 0.00041322 0.00083275 1.0481e-05 0.0084553 0.0024777 0.00049696 0.00089937 0.01
0.00039142 9.0744e-05 1.4261e-06 0.00041111 0.0008295 1.0739e-05 0.0084547 0.002491 0.00049099 0.00089501 0.01
0.00038698 9.1905e-05 1.2711e-06 0.00040906 0.00082628 1.1009e-05 0.0084541 0.0025045 0.00048517 0.00089069 0.01
0.0003825 9.3007e-05 1.0849e-06 0.00040707 0.00082304 1.1265e-05 0.0084535 0.0025179 0.00047928 0.00088634 0.01
0.00037797 9.4048e-05 9.563e-07 0.00040505 0.00081982 1.1533e-05 0.0084529 0.0025315 0.00047355 0.00088203 0.01
0.00037338 0.00010337 8.0144e-07 0.000403 0.00081659 1.1789e-05 0.0084523 0.002545 0.00046776 0.00087769 0.01
0.00036892 0.00011337 6.9202e-07 0.000401 0.00081338 1.2056e-05 0.0084517 0.0025587 0.00046212 0.00087339 0.01
0.00036458 0.00012414 6.1888e-07 0.00039906 0.00081019 1.2337e-05 0.0084512 0.0025727 0.00045663 0.00086911 0.01
0.00036036 0.00013568 5.7153e-07 0.00039717 0.00080703 1.263e-05 0.0084506 0.0025868 0.00045127 0.00086487 0.01
0.00035625 0.00014805 5.4545e-07 0.00039532 0.00080389 1.2937e-05 0.0084501 0.0026012 0.00044604 0.00086066 0.01
0.00035226 0.00016133 5.4024e-07 0.00039353 0.00080077 1.3258e-05 0.0084496 0.0026157 0.00044096 0.00085647 0.01
0.00034821 0.00017425 5.2047e-07 0.00039171 0.00079763 1.3566e-05 0.0084491 0.0026302 0.00043582 0.00085227 0.01
0.00034429 0.00018821 4.8542e-07 0.00038995 0.00079448 1.3859e-05 0.0084486 0.0026446 0.00043063 0.00084804 0.01
0.00034048 0.00020323 4.6986e-07 0.00038824 0.00079136 1.4167e-05 0.0084481 0.0026592 0.00042557 0.00084385 0.01
0.00033662 0.00021782 5.9261e-07 0.0003865 0.00078822 1.4461e-05 0.0084476 0.0026737 0.00042046 0.00083963 0.01
0.00033288 0.0002336 7.6868e-07 0.00038481 0.0007851 1.4771e-05 0.0084471 0.0026884 0.00041549 0.00083545 0.01
0.00032924 0.00025059 1.0134e-06 0.00038317 0.000782 1.5097e-05 0.0084466 0.0027033 0.00041065 0.0008313 0.01
0.00032572 0.00026897 1.3641e-06 0.00038159 0.00077893 1.544e-05 0.0084462 0.0027185 0.00040594 0.00082718 0.01
0.00032215 0.00028685 1.6679e-06 0.00037998 0.00077584 1.5769e-05 0.0084457 0.0027336 0.00040118 0.00082303 0.01
0.00031869 0.00030615 2.0981e-06 0.00037842 0.00077278 1.6115e-05 0.0084453 0.0027489 0.00039655 0.00081892 0.01
0.00031533 0.00032701 2.7063e-06 0.00037691 0.00076974 1.648e-05 0.0084449 0.0027645 0.00039204 0.00081484 0.01
0.00031208 0.00034954 3.567e-06 0.00037546 0.00076673 1.6863e-05 0.0084445 0.0027803 0.00038766 0.00081079 0.01
0.00030892 0.0003739 4.7903e-06 0.00037405 0.00076373 1.7266e-05 0.0084441 0.0027963 0.00038341 0.00080677 0.01
0.00030572 0.00039758 5.4175e-06 0.00037262 0.00076073 1.7654e-05 0.0084437 0.0028123 0.0003791 0.00080273 0.01
0.00030263 0.00042323 6.3416e-06 0.00037123 0.00075774 1.8061e-05 0.0084433 0.0028285 0.00037492 0.00079872 0.01
0.00029949 0.00044815 7.133e-06 0.00036983 0.00075478 1.8488e-05 0.008443 0.0028449 0.00037084 0.00079474 0.01
0.00029645 0.00045595 8.2511e-06 0.00036846 0.00075183 1.8936e-05 0.0084426 0.0028616 0.00036688 0.00079079 0.01
0.00029349 0.00046438 9.831e-06 0.00036715 0.00074888 1.9367e-05 0.0084422 0.0028782 0.00036287 0.00078681 0.01
0.00029063 0.00047356 1.2057e-05 0.00036589 0.00074594 1.9822e-05 0.0084419 0.002895 0.00035897 0.00078287 0.01
0.00028786 0.00048346 1.5167e-05 0.00036467 0.00074303 2.0298e-05 0.0084416 0.0029121 0.00035518 0.00077896 0.01
0.00028516 0.00049416 1.9504e-05 0.00036349 0.00074014 2.0796e-05 0.0084413 0.0029295 0.0003515 0.00077507 0.01
0.00028244 0.00050453 2.3322e-05 0.00036229 0.00073723 2.1277e-05 0.0084409 0.0029467 0.00034777 0.00077116 0.01
0.00027967 0.0005146 2.6682e-05 0.00036106 0.00073431 2.1742e-05 0.0084406 0.0029638 0.00034399 0.00076716 0.01
0.000277 0.00052553 3.1482e-05 0.00035989 0.00073141 2.2231e-05 0.0084403 0.0029812 0.00034033 0.00076318 0.01
0.00027428 0.00053613 3.5715e-05 0.00035868 0.0007285 2.2702e-05 0.00844 0.0029985 0.00033662 0.00075919 0.01
0.00027154 0.00054642 3.944e-05 0.00035745 0.00072557 2.3157e-05 0.0084397 0.0030157 0.00033287 0.00075517 0.01
0.0002689 0.00055766 4.2329e-05 0.00035618 0.00072268 2.3665e-05 0.0084393 0.0030327 0.00032907 0.00075113 0.01
0.00026622 0.00056857 4.4838e-05 0.00035489 0.00071978 2.4155e-05 0.008439 0.0030497 0.00032525 0.00074708 0.01
0.00026362 0.00058034 4.8347e-05 0.00035364 0.00071689 2.4669e-05 0.0084387 0.0030668 0.00032153 0.00074305 0.01
0.0002611 0.00059303 5.3226e-05 0.00035243 0.00071403 2.5209e-05 0.0084384 0.0030843 0.00031791 0.00073905 0.01
0.00025865 0.0006067 5.7047e-05 0.00035127 0.00071119 2.5774e-05 0.0084381 0.003102 0.00031438 0.00073507 0.01
0.00025628 0.00062149 5.8873e-05 0.00035015 0.00070837 2.6367e-05 0.0084378 0.00312 0.00031096 0.00073113 0.01
0.00025397 0.00063719 6.1268e-05 0.00034906 0.00070556 2.6982e-05 0.0084376 0.0031382 0.00030761 0.0007272 0.01
0.00025171 0.0006538 6.437e-05 0.00034801 0.00070277 2.7619e-05 0.0084374 0.0031566 0.00030433 0.0007233 0.01
0.0002495 0.00067129 6.8278e-05 0.00034699 0.00069999 2.8274e-05 0.0084371 0.0031752 0.00030112 0.00071941 0.01
0.00024734 0.00068968 7.3189e-05 0.00034599 0.00069723 2.895e-05 0.0084369 0.003194 0.00029797 0.00071554 0.01
0.00024523 0.00070908 7.947e-05 0.00034503 0.00069448 2.9647e-05 0.0084367 0.003213 0.00029488 0.00071169 0.01
0.0002431 0.00072823 8.5358e-05 0.00034405 0.00069172 3.0331e-05 0.0084365 0.0032319 0.00029177 0.00070783 0.01
0.00024102 0.00073169 9.073e-05 0.0003431 0.00068897 3.1038e-05 0.0084363 0.0032511 0.00028873 0.00070398 0.01
0.00023899 0.00073544 9.7611e-05 0.00034218 0.00068624 3.1769e-05 0.0084362 0.0032704 0.00028575 0.00070016 0.01
0.00023695 0.0007391 0.00010406 0.00034124 0.0006835 3.2485e-05 0.008436 0.0032897 0.00028274 0.00069632 0.01
0.00023495 0.00074305 0.00011288 0.00034033 0.00068077 3.3225e-05 0.0084358 0.0033092 0.0002798 0.00069249 0.01
0.00023299 0.00074729 0.00012414 0.00033945 0.00067805 3.3988e-05 0.0084357 0.0033289 0.00027692 0.00068869 0.01
0.00023102 0.00075144 0.00013458 0.00033856 0.00067532 3.4736e-05 0.0084355 0.0033486 0.00027401 0.00068487 0.01
0.00022902 0.00075546 0.00014417 0.00033764 0.00067258 3.5468e-05 0.0084354 0.0033681 0.00027108 0.00068103 0.01
0.00022701 0.00075935 0.0001528 0.00033671 0.00066983 3.6181e-05 0.0084352 0.0033876 0.00026811 0.00067718 0.01
0.00022505 0.00076367 0.00015704 0.00033142 0.0006671 3.6931e-05 0.0084351 0.0034073 0.00026523 0.00067335 0.01
0.00022316 0.00076844 0.00015828 0.00032624 0.00066435 3.7842e-05 0.0084349 0.0034269 0.00026231 0.00066951 0.01
0.00022132 0.0007736 0.00016008 0.00032114 0.00066162 3.8788e-05 0.0084348 0.0034468 0.00025947 0.00066568 0.01
0.00021947 0.00077863 0.0001617 0.00031602 0.00065887 3.9715e-05 0.0084347 0.0034666 0.0002566 0.00066185 0.01
0.00021759 0.00078354 0.00016315 0.00031086 0.00065612 4.0625e-05 0.0084346 0.0034863 0.0002537 0.00065799 0.01
0.00021576 0.00078883 0.00016516 0.00030578 0.00065337 4.1567e-05 0.0084345 0.0035062 0.00025087 0.00065416 0.01
0.00021391 0.000794 0.00016702 0.00030068 0.00065062 4.2494e-05 0.0084344 0.0035261 0.00024801 0.00065031 0.01
0.00021205 0.00079908 0.00016872 0.00029556 0.00064786 4.3405e-05 0.0084342 0.0035459 0.00024514 0.00064645 0.01
0.00021023 0.00080451 0.00017101 0.0002905 0.00064511 4.4347e-05 0.0084341 0.0035659 0.00024232 0.0006426 0.01
0.00020839 0.00080984 0.00017313 0.00028543 0.00064235 4.5273e-05 0.008434 0.0035858 0.00023948 0.00063874 0.01
0.00020654 0.00081507 0.00017509 0.00028033 0.00063958 4.6184e-05 0.0084339 0.0036057 0.00023662 0.00063487 0.01
0.00020473 0.00082064 0.00017765 0.0002753 0.00063682 4.7125e-05 0.0084338 0.0036258 0.00023382 0.00063102 0.01
0.00020291 0.00082611 0.00018003 0.00027024 0.00063405 4.8049e-05 0.0084337 0.0036458 0.00023099 0.00062715 0.01
0.00020106 0.00083145 0.00018221 0.00026516 0.00063128 4.8956e-05 0.0084336 0.0036657 0.00022814 0.00062327 0.01
0.00019927 0.00083724 0.00018521 0.00026017 0.00062851 4.9902e-05 0.0084335 0.0036859 0.00022536 0.0006194 0.01
0.00019746 0.00084286 0.00018937 0.00025514 0.00062574 5.0826e-05 0.0084334 0.003706 0.00022255 0.00061553 0.01
0.0001957 0.00084898 0.00019039 0.0002502 0.00062298 5.1794e-05 0.0084333 0.0037263 0.00021982 0.00061167 0.01
0.00019399 0.00085571 0.00019122 0.00024535 0.00062021 5.2739e-05 0.0084332 0.0037466 0.00021705 0.0006078 0.01
0.00019227 0.00086226 0.00019189 0.00024047 0.00061743 5.3664e-05 0.0084331 0.0037668 0.00021426 0.00060391 0.01
0.00019052 0.00086864 0.0001924 0.00023556 0.00061463 5.4567e-05 0.008433 0.0037868 0.00021144 0.0006 0.01
0.00018883 0.00087554 0.0001934 0.00023073 0.00061185 5.5511e-05 0.0084329 0.0038072 0.00020868 0.00059612 0.01
0.00018718 0.00088294 0.00019319 0.00022599 0.00060909 5.6495e-05 0.0084328 0.0038278 0.00020599 0.00059226 0.01
0.00018551 0.00089017 0.00019283 0.00022121 0.00060632 5.7457e-05 0.0084327 0.0038483 0.00020328 0.00058838 0.01
0.00018382 0.00089722 0.00019233 0.00021639 0.00060353 5.8399e-05 0.0084326 0.0038687 0.00020053 0.00058448 0.01
0.00018211 0.00090409 0.00019135 0.00021155 0.00060073 5.9319e-05 0.0084325 0.003889 0.00019776 0.00058799 0.01
0.00018038 0.00091081 0.00019022 0.00020667 0.00059792 6.0219e-05 0.0084324 0.0039092 0.00019496 0.00059148 0.01
0.00017869 0.00091001 0.00018955 0.00020188 0.00059512 6.1159e-05 0.0084323 0.0039297 0.00019222 0.00059499 0.01
0.00017699 0.00090913 0.00018842 0.00019705 0.00059231 6.208e-05 0.0084322 0.00395 0.00018947 0.00059848 0.01
0.00017527 0.00090819 0.00018717 0.00019221 0.00058949 6.2986e-05 0.0084321 0.0039704 0.00018669 0.00060196 0.01
0.00017354 0.00090718 0.00018579 0.00018734 0.00058666 6.3877e-05 0.008432 0.0039906 0.00018389 0.00060543 0.01
0.00017185 0.00090639 0.00018484 0.00018254 0.00058385 6.4799e-05 0.0084319 0.0040111 0.00018115 0.00060891 0.01
0.00017015 0.00090554 0.00018379 0.00017772 0.00058102 6.5707e-05 0.0084318 0.0040315 0.00017839 0.00061238 0.01
0.00016848 0.00090491 0.00018315 0.00017296 0.00057821 6.6647e-05 0.0084318 0.0040521 0.00017568 0.00061586 0.01
0.0001668 0.00090422 0.00018241 0.00016818 0.00057539 6.7572e-05 0.0084317 0.0040727 0.00017295 0.00061933 0.01
0.0001651 0.00090347 0.00018159 0.00016324 0.00057256 6.8484e-05 0.0084316 0.0040932 0.00017021 0.00062279 0.01
0.00016344 0.00090293 0.00018111 0.00015835 0.00056973 6.9425e-05 0.0084315 0.0041139 0.00016751 0.00062626 0.01
0.00016182 0.0009026 0.00017669 0.00015353 0.00056692 7.0398e-05 0.0084314 0.0041348 0.00016486 0.00062975 0.01
0.00016018 0.00090221 0.00017206 0.00014868 0.00056411 7.1357e-05 0.0084314 0.0041556 0.0001622 0.00063322 0.01
0.00015853 0.00090178 0.00016721 0.00014382 0.00056128 7.2304e-05 0.0084313 0.0041765 0.00015952 0.00063669 0.01
0.00015691 0.00090153 0.00016326 0.00013901 0.00055846 7.3278e-05 0.0084312 0.0041975 0.00015688 0.00064016 0.01
0.00015528 0.00090123 0.00015912 0.00013419 0.00055563 7.4239e-05 0.0084312 0.0042184 0.00015422 0.00064362 0.01
0.00015368 0.00090112 0.00015577 0.00012942 0.00055281 7.5229e-05 0.0084311 0.0042396 0.00015161 0.0006471 0.01
0.00015207 0.00090095 0.00015224 0.00012463 0.00054999 7.6205e-05 0.008431 0.0042606 0.00014898 0.00065056 0.01
0.00015045 0.00090072 0.00014847 0.00011983 0.00054715 7.7166e-05 0.008431 0.0042817 0.00014634 0.00065401 0.01
0.00014881 0.0009004 0.00014438 0.00011499 0.0005443 7.8108e-05 0.0084309 0.0043026 0.00014367 0.00065745 0.01
0.00014714 0.00089995 0.00013996 0.00011468 0.00054144 7.9023e-05 0.0084308 0.0043234 0.00014097 0.00066086 0.01
0.00014545 0.00089937 0.00012971 0.00011436 0.00053856 7.9911e-05 0.0084307 0.0043441 0.00013824 0.00066431 0.01
0.00014374 0.00089865 0.00011805 0.00011402 0.00053567 8.0771e-05 0.0084306 0.0043646 0.00013547 0.00066773 0.01
0.00014207 0.00089825 0.00010973 0.0001137 0.0005328 8.1682e-05 0.0084305 0.0043855 0.00013277 0.00067118 0.01
0.00014038 0.00089771 0.00010027 0.00011337 0.00052991 8.2565e-05 0.0084305 0.0044062 0.00013004 0.00067461 0.01
0.00013867 0.00089704 8.952e-05 0.00011302 0.00052701 8.3421e-05 0.0084304 0.0044268 0.00012728 0.00067802 0.01
0.00013701 0.00089669 8.1837e-05 0.00011269 0.00052412 8.4327e-05 0.0084303 0.0044477 0.00012458 0.00068145 0.01
0.00013532 0.0008962 7.311e-05 0.00011234 0.00052122 8.5206e-05 0.0084302 0.0044684 0.00012186 0.00068487 0.01
0.00013368 0.00089603 6.6868e-05 0.00011201 0.00051834 8.6135e-05 0.0084301 0.0044895 0.0001192 0.0006883 0.01
0.00013202 0.00089573 5.9773e-05 0.00011166 0.00051544 8.7036e-05 0.00843 0.0045105 0.00011651 0.00069172 0.01
0.00013041 0.00089575 5.4818e-05 0.00011133 0.00051257 8.7993e-05 0.00843 0.0045318 0.00011389 0.00069517 0.01
0.00012885 0.00088968 5.1365e-05 0.00011103 0.00050971 8.9008e-05 0.0084299 0.0045534 0.00011134 0.00069864 0.01
0.00012727 0.00088339 4.7422e-05 0.0001107 0.00050684 8.9994e-05 0.0084299 0.0045749 0.00010876 0.0007021 0.01
0.00012575 0.00086177 4.2364e-05 0.0001104 0.00050399 9.1038e-05 0.0084299 0.0045968 0.00010625 0.00070558 0.01
0.00012427 0.0008417 3.8749e-05 0.00011012 0.00050116 9.2139e-05 0.0084299 0.004619 0.0001038 0.00070908 0.01
0.00012277 0.00082105 3.6357e-05 0.00010982 0.00049831 9.321e-05 0.0084298 0.0046411 0.00010133 0.00071257 0.01
0.00012124 0.00079981 3.3632e-05 0.0001095 0.00049544 9.4252e-05 0.0084298 0.004663 9.8819e-05 0.00071603 0.01
0.00011976 0.00078018 3.1738e-05 0.0001092 0.0004926 9.5355e-05 0.0084298 0.0046853 9.6377e-05 0.00071953 0.01
0.00011826 0.00075998 2.9557e-05 0.00010888 0.00048977 9.6516e-05 0.0084298 0.0047079 9.3996e-05 0.00072305 0.01
0.00011674 0.0007392 2.6975e-05 0.0001085 0.00048696 9.7737e-05 0.0084298 0.0047309 9.1674e-05 0.00072659 0.01
0.00011527 0.00071999 2.5169e-05 0.00010813 0.00048417 9.9024e-05 0.0084299 0.0047542 8.9412e-05 0.00073016 0.01
0.00011384 0.00070213 2.3881e-05 0.00010778 0.0004814 0.00010037 0.00843 0.0047778 8.7205e-05 0.00073376 0.01
0.00011238 0.00068376 2.2412e-05 0.00010741 0.00047861 0.00010169 0.00843 0.0048014 8.4971e-05 0.00073733 0.01
0.00011097 0.00066669 2.1371e-05 0.00010707 0.00047584 0.00010308 0.0084301 0.0048252 8.2791e-05 0.00074094 0.01
0.00010954 0.00064912 2.0175e-05 0.0001067 0.00047305 0.00010443 0.0084302 0.004849 8.0583e-05 0.00074452 0.01
0.00010815 0.00063293 1.8742e-05 0.00010636 0.00047029 0.00010424 0.0084303 0.0048731 7.8434e-05 0.00074813 0.01
0.00010681 0.000618 1.4592e-05 0.00010603 0.00046754 0.0001041 0.0084304 0.0048976 7.6343e-05 0.00075177 0.01
0.00010545 0.00060263 1.4004e-05 0.00010569 0.00046478 0.00010393 0.0084305 0.004922 7.4224e-05 0.00075539 0.01
0.00010407 0.00058679 1.3315e-05 0.00010533 0.000462 0.00010374 0.0084306 0.0049462 7.2078e-05 0.00075899 0.01
0.00010272 0.00057212 1.2853e-05 0.00010499 0.00045924 0.00010359 0.0084307 0.0049708 6.9985e-05 0.00076262 0.01
0.00010136 0.00055699 1.2303e-05 0.00010463 0.00045646 0.00010342 0.0084308 0.0049952 6.7864e-05 0.00076623 0.01
0.00010004 0.00054305 1.1958e-05 0.0001043 0.00045371 0.0001033 0.0084309 0.00502 6.5799e-05 0.00076986 0.01
9.8695e-05 0.00052867 1.1536e-05 0.00010566 0.00045093 0.00010314 0.008431 0.0050452 6.3785e-05 0.00077353 0.01
9.7391e-05 0.00051534 1.1614e-05 0.00010706 0.00044815 0.00010297 0.0084311 0.0050702 6.1744e-05 0.00077717 0.01
9.6067e-05 0.00050162 1.1641e-05 0.00010844 0.00044535 0.00010277 0.0084312 0.0050951 5.9677e-05 0.00078079 0.01
9.4722e-05 0.00048749 1.1796e-05 0.00010979 0.00044257 0.00010261 0.0084313 0.0051204 5.7663e-05 0.00078444 0.01
9.3357e-05 0.00047296 1.1898e-05 0.00011113 0.0004398 0.00010242 0.0084315 0.0051456 5.5623e-05 0.00078808 0.01
9.2034e-05 0.00045953 1.2134e-05 0.00011249 0.00043705 0.00010228 0.0084316 0.0051711 5.3635e-05 0.00079174 0.01
9.0751e-05 0.00044711 1.2535e-05 0.00011389 0.00043429 0.00010211 0.0084317 0.0051965 5.1621e-05 0.00079538 0.01
8.9449e-05 0.00043434 1.2868e-05 0.00011527 0.00043151 0.00010192 0.0084318 0.0052218 4.9584e-05 0.000799 0.01
8.8127e-05 0.00042122 1.3114e-05 0.00011663 0.00042872 0.00010171 0.0084319 0.0052469 4.7521e-05 0.0008026 0.01
8.6844e-05 0.00040905 1.3519e-05 0.00011801 0.00042595 0.00010153 0.008432 0.0052724 4.5507e-05 0.00080623 0.01
8.5543e-05 0.00039656 1.386e-05 0.00011938 0.00042319 0.0001014 0.0084322 0.0052983 4.354e-05 0.00080989 0.01
8.4271e-05 0.00038478 1.434e-05 0.00012077 0.00042045 0.0001013 0.0084323 0.0053244 4.1608e-05 0.00081357 0.01
8.3023e-05 0.00037361 1.4972e-05 0.00012218 0.00041771 0.00010123 0.0084325 0.0053509 3.9706e-05 0.00081726 0.01
8.1766e-05 0.00036231 1.5562e-05 0.00012358 0.00041496 0.00010114 0.0084327 0.0053773 3.7791e-05 0.00082095 0.01
8.053e-05 0.00035152 1.6307e-05 0.00012499 0.00041223 0.00010108 0.0084328 0.0054039 3.5902e-05 0.00082464 0.01
7.9314e-05 0.00034121 1.7234e-05 0.00012642 0.0004095 0.00010103 0.008433 0.0054307 3.4037e-05 0.00082835 0.01
7.8119e-05 0.00033137 1.8108e-05 0.00012787 0.00040676 0.00010098 0.0084332 0.0054576 3.2161e-05 0.00083205 0.01
7.6914e-05 0.00032142 1.8935e-05 0.00012931 0.00040401 0.00010092 0.0084334 0.0054843 3.0273e-05 0.00083574 0.01
7.5729e-05 0.00031192 1.9959e-05 0.00013076 0.00040127 0.00010087 0.0084336 0.0055113 2.8409e-05 0.00083945 0.01
7.4535e-05 0.00030231 2.0931e-05 0.0001322 0.00039852 0.00010082 0.0084337 0.0055382 2.6533e-05 0.00084314 0.01
7.3332e-05 0.00029261 2.1853e-05 0.00013363 0.00039576 0.00010075 0.0084339 0.0055651 2.4647e-05 0.00084682 0.01
7.215e-05 0.00028336 2.301e-05 0.00013508 0.00039301 0.00010071 0.0084341 0.0055923 2.2785e-05 0.00085051 0.01
7.0959e-05 0.00027402 2.4108e-05 0.00013651 0.00039025 0.00010066 0.0084343 0.0056193 2.0913e-05 0.0008542 0.01
6.9788e-05 0.00026511 2.5483e-05 0.00013797 0.00038748 0.00010063 0.0084345 0.0056467 1.9065e-05 0.0008579 0.01
6.8636e-05 0.00025659 2.7169e-05 0.00013944 0.00038471 0.00010062 0.0084347 0.0056743 1.724e-05 0.00086162 0.01
6.7502e-05 0.00024845 2.7331e-05 0.00014092 0.00038193 0.00010063 0.0084349 0.0057021 1.5437e-05 0.00086534 0.01
6.636e-05 0.00024023 2.7463e-05 0.0001424 0.00037915 0.00010063 0.0084352 0.0057299 1.3623e-05 0.00086906 0.01
6.5208e-05 0.00023191 2.7565e-05 0.00014387 0.00037635 0.00010062 0.0084354 0.0057576 1.3657e-05 0.00087277 0.01
6.4075e-05 0.00022397 2.6545e-05 0.00014535 0.00037356 0.00010064 0.0084356 0.0057856 1.3691e-05 0.00087649 0.01
6.2933e-05 0.00021593 2.5469e-05 0.00014682 0.00037076 0.00010064 0.0084358 0.0058135 1.3717e-05 0.0008802 0.01
6.181e-05 0.00020828 2.4619e-05 0.00014831 0.00036797 0.00010066 0.0084361 0.0058417 1.3744e-05 0.00088393 0.01
6.0704e-05 0.00020095 2.3945e-05 0.00014981 0.00036519 0.00010071 0.0084363 0.0058701 1.377e-05 0.00088767 0.01
5.959e-05 0.00019355 2.3228e-05 0.00015131 0.0003624 0.00010075 0.0084365 0.0058985 1.3788e-05 0.0008914 0.01
5.8467e-05 0.00018607 2.2467e-05 0.00015279 0.0003596 0.00010077 0.0084368 0.0059268 1.3799e-05 0.00089512 0.01
5.7335e-05 0.00017851 2.166e-05 0.00015427 0.00035679 0.00010078 0.008437 0.0059551 1.3801e-05 0.00089882 0.01
5.6223e-05 0.00017131 2.1032e-05 0.00015576 0.00035399 0.00010082 0.0084373 0.0059836 1.3804e-05 0.00090252 0.01
5.5128e-05 0.00016445 2.0556e-05 0.00015727 0.00035119 0.00010088 0.0084375 0.0060124 1.3807e-05 0.00090623 0.01
5.4026e-05 0.00015751 2.0044e-05 0.00015877 0.00034839 0.00010093 0.0084378 0.0060412 1.3802e-05 0.00090993 0.01
5.294e-05 0.00015087 1.7219e-05 0.00016029 0.00034559 0.000101 0.008438 0.0060702 1.3798e-05 0.00091365 0.01
5.187e-05 0.00014452 1.49e-05 0.00016183 0.0003428 0.00010109 0.0084383 0.0060995 1.3792e-05 0.00091737 0.01
5.0791e-05 0.0001381 1.2473e-05 0.00016335 0.00034001 0.00010117 0.0084386 0.0061287 1.378e-05 0.00092109 0.01
4.9731e-05 0.00013198 1.0507e-05 0.0001649 0.00033722 0.00010127 0.0084388 0.0061582 1.3767e-05 0.00092483 0.01
4.8687e-05 0.00012614 8.914e-06 0.00016646 0.00033443 0.0001014 0.0084391 0.0061879 1.3754e-05 0.00092858 0.01
4.7635e-05 0.00012024 7.2458e-06 0.00016802 0.00033164 0.00010152 0.0084394 0.0062177 1.3734e-05 0.00093232 0.01
4.6599e-05 0.00011461 5.8934e-06 0.00016959 0.00032886 0.00010166 0.0084397 0.0062477 1.3714e-05 0.00093608 0.01
4.5579e-05 0.00010923 4.7811e-06 0.00017119 0.00032608 0.00010183 0.00844 0.0062779 1.3694e-05 0.00093985 0.01
4.4574e-05 0.00010407 3.8664e-06 0.0001728 0.00032331 0.00010201 0.0084404 0.0063084 1.3673e-05 0.00094363 0.01
4.356e-05 9.8857e-05 2.9049e-06 0.0001744 0.00032053 0.00010219 0.0084407 0.0063389 1.3645e-05 0.00094741 0.01
4.2538e-05 9.3586e-05 1.8947e-06 0.00017599 0.00031774 0.00010235 0.008441 0.0063693 1.3609e-05 0.00095117 0.01
4.1531e-05 8.8541e-05 1.0625e-06 0.0001776 0.00031496 0.00010253 0.0084413 0.0064 1.3572e-05 0.00095495 0.01
4.0516e-05 8.344e-05 1.007e-06 0.0001792 0.00031217 0.00010271 0.0084417 0.0064306 1.3528e-05 0.00095872 0.01
3.9515e-05 7.8558e-05 9.6895e-07 0.00018082 0.00030938 0.0001029 0.008442 0.0064615 1.3484e-05 0.00096251 0.01
3.8506e-05 7.3619e-05 9.2033e-07 0.00018242 0.00031281 0.00010309 0.0084423 0.0064923 1.3431e-05 0.00096628 0.01
3.7511e-05 6.8892e-05 8.8768e-07 0.00018405 0.00031624 0.00010329 0.0084427 0.0065235 1.3379e-05 0.00097007 0.01
3.6508e-05 6.4111e-05 8.4483e-07 0.00018566 0.00031967 0.00010349 0.008443 0.0065545 1.3318e-05 0.00097385 0.01
3.5519e-05 5.9532e-05 8.1676e-07 0.00018729 0.0003231 0.0001037 0.0084433 0.0065858 1.3257e-05 0.00097764 0.01
3.4521e-05 5.4902e-05 7.7881e-07 0.00018892 0.00032653 0.00010391 0.0084437 0.0066171 1.3189e-05 0.00098142 0.01
3.3516e-05 5.022e-05 7.3093e-07 0.00019053 0.00032995 0.00010411 0.008444 0.0066483 1.3112e-05 0.00098519 0.01
3.2526e-05 4.575e-05 6.9847e-07 0.00019216 0.00033337 0.00010432 0.0084444 0.0066798 1.3036e-05 0.00098898 0.01
3.1549e-05 4.1468e-05 6.7854e-07 0.00019381 0.00033681 0.00010457 0.0084447 0.0067116 1.2959e-05 0.00099278 0.01
3.0564e-05 3.7136e-05 6.4911e-07 0.00019545 0.00034024 0.0001048 0.0084451 0.0067434 1.2875e-05 0.00099657 0.01
2.9571e-05 3.7084e-05 6.1004e-07 0.00019708 0.00034365 0.00010501 0.0084455 0.006775 1.2783e-05 0.0010004 0.01
2.8593e-05 3.7064e-05 5.8412e-07 0.00019873 0.00034708 0.00010526 0.0084458 0.006807 1.269e-05 0.0010042 0.01
2.7629e-05 3.7075e-05 5.7019e-07 0.00020041 0.00035052 0.00010553 0.0084462 0.0068393 1.2598e-05 0.001008 0.01
2.6657e-05 3.7067e-05 5.4715e-07 0.00020207 0.00035395 0.00010578 0.0084466 0.0068715 1.4108e-05 0.0010118 0.01
2.5698e-05 3.7089e-05 5.3616e-07 0.00020376 0.00035739 0.00010606 0.008447 0.006904 1.5634e-05 0.0010156 0.01
2.4731e-05 3.7092e-05 5.1618e-07 0.00020543 0.00036082 0.00010633 0.0084473 0.0069365 1.7151e-05 0.0010194 0.01
2.3777e-05 3.7126e-05 5.069e-07 0.00020712 0.00036426 0.00010662 0.0084477 0.0069692 1.8686e-05 0.0010232 0.01
2.2816e-05 3.7142e-05 4.888e-07 0.00020881 0.00036769 0.00010691 0.0084481 0.0070019 2.0211e-05 0.001027 0.01
2.1868e-05 3.719e-05 4.8093e-07 0.00021051 0.00037113 0.00010721 0.0084485 0.0070349 2.1756e-05 0.0010309 0.01
2.0913e-05 3.7219e-05 4.6429e-07 0.00021221 0.00037456 0.00010751 0.0084489 0.0070679 2.3291e-05 0.0010347 0.01
1.9949e-05 3.723e-05 4.388e-07 0.00021389 0.00037799 0.00010779 0.0084493 0.0071008 2.4814e-05 0.0010385 0.01
1.8977e-05 3.7222e-05 4.0427e-07 0.00021556 0.0003814 0.00010806 0.0084497 0.0071336 2.6327e-05 0.0010423 0.01
1.8019e-05 3.7244e-05 3.6013e-07 0.00021726 0.00038481 0.00010832 0.0084501 0.0071664 2.7828e-05 0.0010461 0.01
1.7052e-05 3.7247e-05 3.0601e-07 0.00021894 0.00038821 0.00010857 0.0084505 0.0071991 2.9318e-05 0.0010499 0.01
1.6099e-05 3.7285e-05 2.6391e-07 0.00022065 0.00039161 0.00010884 0.0084509 0.0072321 3.0828e-05 0.0010537 0.01
1.516e-05 3.7356e-05 2.3059e-07 0.00022238 0.00039503 0.00010914 0.0084513 0.0072654 3.2359e-05 0.0010575 0.01
1.4212e-05 3.7405e-05 1.8788e-07 0.0002241 0.00039844 0.00010942 0.0084517 0.0072987 3.3878e-05 0.0010613 0.01
1.3279e-05 3.7492e-05 1.5391e-07 0.00022584 0.00040186 0.00010974 0.0084521 0.0073323 3.542e-05 0.0010651 0.01
1.3403e-05 3.7548e-05 1.0891e-07 0.00022757 0.00040527 0.00011003 0.0084525 0.0073658 3.6946e-05 0.0010689 0.01
1.3517e-05 3.7566e-05 7.4819e-08 0.00022928 0.0004087 0.00011037 0.0084529 0.0073997 3.8504e-05 0.0010728 0.01
1.3637e-05 3.7643e-05 4.9224e-08 0.00023102 0.00041214 0.00011075 0.0084534 0.0074342 4.0102e-05 0.0010766 0.01
1.3748e-05 3.7685e-05 6.0161e-08 0.00023275 0.00041558 0.00011111 0.0084538 0.0074684 4.1677e-05 0.0010805 0.01
1.385e-05 3.7692e-05 6.2296e-08 0.00023445 0.00041899 0.00011144 0.0084542 0.0075025 4.3232e-05 0.0010843 0.01
1.3957e-05 3.7754e-05 6.7582e-08 0.00023619 0.00042243 0.00011182 0.0084547 0.0075371 4.4823e-05 0.0010882 0.01
1.4056e-05 3.7781e-05 6.3863e-08 0.0002379 0.00042585 0.00011217 0.0084551 0.0075715 4.6392e-05 0.001092 0.01
1.4145e-05 3.7771e-05 5.0157e-08 0.00023959 0.00042926 0.00011249 0.0084555 0.0076057 4.7939e-05 0.0010958 0.01
1.4241e-05 3.7823e-05 4.0704e-08 0.00024133 0.00043265 0.00011276 0.0084559 0.0076405 4.9527e-05 0.0010997 0.01
1.4328e-05 3.7839e-05 6.3609e-08 0.00024304 0.00043603 0.000113 0.0084564 0.007675 5.1092e-05 0.0011035 0.01
1.442e-05 3.791e-05 9.3124e-08 0.0002448 0.00043942 0.00011328 0.0084568 0.0077101 5.2696e-05 0.0011073 0.01
1.4503e-05 3.7946e-05 1.1216e-07 0.00024653 0.0004428 0.00011354 0.0084572 0.007745 5.4277e-05 0.0011112 0.01
1.4593e-05 3.8042e-05 1.4495e-07 0.00024831 0.00044617 0.00011378 0.0084576 0.0077804 5.59e-05 0.0011151 0.01
1.4688e-05 3.8196e-05 1.9355e-07 0.00025013 0.00044955 0.00011405 0.008458 0.0078163 5.7562e-05 0.001119 0.01
1.4775e-05 3.8319e-05 2.2988e-07 0.00025193 0.00045293 0.00011431 0.0084585 0.0078521 5.9203e-05 0.0011229 0.01
1.4854e-05 3.841e-05 2.5471e-07 0.00025371 0.00045628 0.00011454 0.0084589 0.0078877 6.0824e-05 0.0011267 0.01
1.4938e-05 3.8554e-05 2.9298e-07 0.00025553 0.00045966 0.00011482 0.0084593 0.0079238 6.2483e-05 0.0011306 0.01
1.5013e-05 3.8668e-05 3.1935e-07 0.00025733 0.00046302 0.00011507 0.0084597 0.0079597 6.4123e-05 0.0011345 0.01
1.5094e-05 3.8834e-05 3.6135e-07 0.00025917 0.00046641 0.00011537 0.0084602 0.0079961 6.5801e-05 0.0011384 0.01
1.518e-05 3.9056e-05 5.9493e-07 0.00026105 0.00046977 0.00011564 0.0084606 0.0080324 6.7459e-05 0.0011424 0.01
1.5257e-05 3.9246e-05 7.9888e-07 0.00026291 0.00047313 0.0001159 0.008461 0.0080685 6.9098e-05 0.0011463 0.01
1.5339e-05 3.9486e-05 8.2206e-07 0.00026481 0.0004765 0.00011619 0.0084615 0.0081051 7.0772e-05 0.0011502 0.01
1.5414e-05 3.9698e-05 8.3103e-07 0.00026669 0.00047986 0.00011646 0.0084619 0.0081416 7.2428e-05 0.0011542 0.01
1.548e-05 3.9882e-05 8.258e-07 0.00026855 0.00048321 0.00011672 0.0084623 0.0081779 7.4067e-05 0.0011581 0.01
1.5539e-05 4.0039e-05 8.0718e-07 0.0002704 0.00048655 0.00011695 0.0084628 0.0082141 7.569e-05 0.001162 0.01
1.5591e-05 4.0172e-05 7.7598e-07 0.00027222 0.00048988 0.00011717 0.0084632 0.0082502 7.7297e-05 0.0011659 0.01
1.5636e-05 4.0281e-05 7.3235e-07 0.00027404 0.00049322 0.00011738 0.0084636 0.0082863 7.8889e-05 0.0011698 0.01
1.5674e-05 4.0369e-05 6.7761e-07 0.00027583 0.00049655 0.00011757 0.008464 0.0083222 8.0469e-05 0.0011737 0.01
1.5714e-05 4.0489e-05 6.3742e-07 0.00027765 0.00049989 0.00011779 0.0084644 0.0083585 8.2072e-05 0.0011775 0.01
1.5756e-05 4.0641e-05 6.0974e-07 0.0002795 0.00050325 0.00011803 0.0084648 0.0083951 8.3699e-05 0.0011815 0.01
1.5799e-05 4.0823e-05 5.9333e-07 0.00028138 0.00050661 0.00011829 0.0084653 0.008432 8.5349e-05 0.0011854 0.01
1.5835e-05 4.0987e-05 5.677e-07 0.00028324 0.00050996 0.00011855 0.0084657 0.0084688 8.6987e-05 0.0011893 0.01
1.5874e-05 4.1185e-05 5.5377e-07 0.00028513 0.00051333 0.00011883 0.0084662 0.008506 8.8651e-05 0.0011932 0.01
1.5906e-05 4.1364e-05 5.3083e-07 0.000287 0.00051669 0.0001191 0.0084666 0.0085432 9.0304e-05 0.0011971 0.01
1.594e-05 4.1578e-05 5.1892e-07 0.00028891 0.00052005 0.00011939 0.0084671 0.0085807 9.1983e-05 0.0012011 0.01
1.5968e-05 4.1773e-05 4.9813e-07 0.0002908 0.00052341 0.00011968 0.0084675 0.0086181 9.365e-05 0.001205 0.01
1.599e-05 4.195e-05 4.6843e-07 0.00029268 0.00052677 0.00011995 0.008468 0.0086555 9.5307e-05 0.0012089 0.01
1.6013e-05 4.2158e-05 4.4816e-07 0.00029459 0.00053013 0.00012025 0.0084684 0.0086932 9.6987e-05 0.0012129 0.01
1.603e-05 4.2347e-05 4.1914e-07 0.00029648 0.00053348 0.00012053 0.0084689 0.0087308 9.8656e-05 0.0012168 0.01
1.6041e-05 4.2517e-05 3.8131e-07 0.00029836 0.00053683 0.0001208 0.0084694 0.0087684 0.00010031 0.0012207 0.01
1.6045e-05 4.2668e-05 3.3452e-07 0.00030023 0.00054016 0.00012107 0.0084698 0.008806 0.00010196 0.0012246 0.01
1.6052e-05 4.2855e-05 2.9782e-07 0.00030213 0.00054351 0.00012135 0.0084703 0.0088438 0.00010363 0.0012285 0.01
1.6052e-05 4.3022e-05 2.5231e-07 0.00030401 0.00054685 0.00012163 0.0084707 0.0088817 0.00010529 0.0012324 0.01
1.6045e-05 4.3168e-05 1.9754e-07 0.00030588 0.00055018 0.00012189 0.0084712 0.0089194 0.00010694 0.0012363 0.01
1.6041e-05 4.3353e-05 1.525e-07 0.00030779 0.00055352 0.00012218 0.0084716 0.0089576 0.00010862 0.0012402 0.01
1.6041e-05 4.3585e-05 1.1847e-07 0.00030973 0.00055688 0.00012251 0.0084721 0.0089961 0.00011033 0.0012442 0.01
1.603e-05 4.3781e-05 7.3345e-08 0.00031171 0.00056023 0.00012282 0.0084726 0.0090346 0.00011202 0.0012481 0.01
1.6026e-05 4.4038e-05 3.829e-08 0.00031375 0.00056359 0.00012317 0.0084731 0.0090735 0.00011376 0.0012521 0.01
1.6012e-05 4.4258e-05 4.6135e-08 0.00031584 0.00056694 0.0001241 0.0084736 0.0091123 0.00011547 0.001256 0.01
1.599e-05 4.4444e-05 4.5811e-08 0.0003179 0.00057028 0.000125 0.0084741 0.0091509 0.00011716 0.00126 0.01
1.5973e-05 4.4687e-05 4.691e-08 0.00032002 0.00057364 0.00012596 0.0084746 0.00919 0.0001189 0.001264 0.01
1.5948e-05 4.49e-05 4.0287e-08 0.00032211 0.00057698 0.00012689 0.0084751 0.009229 0.00012061 0.0012681 0.01
1.5916e-05 4.5087e-05 2.6453e-08 0.00032418 0.00058031 0.0001278 0.0084756 0.0092679 0.00012231 0.0012721 0.01
1.5886e-05 4.5314e-05 1.1979e-08 0.00032629 0.00058366 0.00012875 0.0084762 0.0093071 0.00012404 0.0012761 0.01
1.5849e-05 4.5519e-05 2.3219e-08 0.00032838 0.000587 0.00012969 0.0084767 0.0093463 0.00012575 0.0012802 0.01
1.5814e-05 4.576e-05 3.2811e-08 0.0003305 0.00059034 0.00013066 0.0084772 0.0093859 0.00012749 0.0012842 0.01
1.5781e-05 4.6037e-05 4.1085e-08 0.00033266 0.0005937 0.00013166 0.0084777 0.0094258 0.00012926 0.0012883 0.01
1.5742e-05 4.6293e-05 4.271e-08 0.00033479 0.00059707 0.0001327 0.0084783 0.009466 0.00013106 0.0012924 0.01
1.5704e-05 4.6585e-05 4.3094e-08 0.00033696 0.00060045 0.00013378 0.0084788 0.0095066 0.00013289 0.0012965 0.01
1.5667e-05 4.6913e-05 4.2232e-08 0.00033916 0.00060385 0.00013489 0.0084794 0.0095476 0.00013475 0.0013007 0.01
1.5633e-05 4.728e-05 4.0394e-08 0.0003414 0.00060725 0.00013605 0.00848 0.009589 0.00013663 0.0013048 0.01
1.5592e-05 4.7628e-05 3.2013e-08 0.00034362 0.00061067 0.00013718 0.0084806 0.0096303 0.00013851 0.001309 0.01
1.5553e-05 4.8015e-05 2.2462e-08 0.00034587 0.0006141 0.00013836 0.0084812 0.009672 0.00014041 0.0013132 0.01
1.5508e-05 4.8383e-05 5.5549e-08 0.00034811 0.00061752 0.00013953 0.0084818 0.0097136 0.00014231 0.0013173 0.01
1.5457e-05 4.8731e-05 8.1383e-08 0.00035034 0.00062093 0.00014068 0.0084823 0.0097552 0.00014419 0.0013215 0.01
1.5407e-05 4.9116e-05 1.0956e-07 0.00035259 0.00062436 0.00014187 0.0084829 0.0097971 0.0001461 0.0013256 0.01
1.535e-05 4.948e-05 1.3031e-07 0.00035484 0.00062777 0.00014304 0.0084835 0.009839 0.000148 0.0013298 0.01
1.5296e-05 4.9886e-05 1.548e-07 0.00035712 0.0006312 0.00014425 0.0084841 0.0098813 0.00014993 0.001334 0.01
1.5243e-05 5.0334e-05 1.841e-07 0.00035943 0.00063464 0.00014551 0.0084847 0.0099239 0.0001519 0.0013382 0.01
1.5184e-05 5.0762e-05 2.0561e-07 0.00036173 0.00063807 0.00014675 0.0084853 0.0099665 0.00015385 0.0013423 0.01
1.675e-05 5.1169e-05 2.1937e-07 0.00036401 0.0006415 0.00014798 0.008486 0.010009 0.00015579 0.0013465 0.01
1.8339e-05 5.1618e-05 2.3851e-07 0.00036633 0.00064493 0.00014925 0.0084866 0.010052 0.00015776 0.0013507 0.01
1.995e-05 5.2108e-05 2.6305e-07 0.00036869 0.00064838 0.00015056 0.0084872 0.010095 0.00015977 0.0013549 0.01
2.1551e-05 5.2577e-05 2.7956e-07 0.00037102 0.00065182 0.00015186 0.0084878 0.010139 0.00016176 0.0013592 0.01
2.3144e-05 5.3025e-05 2.8806e-07 0.00037335 0.00065525 0.00015314 0.0084884 0.010182 0.00016374 0.0013633 0.01
2.4758e-05 5.3514e-05 3.0235e-07 0.00037571 0.0006587 0.00015446 0.0084891 0.010225 0.00016575 0.0013676 0.01
2.6363e-05 5.3982e-05 3.085e-07 0.00037805 0.00066213 0.00015577 0.0084897 0.010269 0.00016775 0.0013718 0.01
2.7993e-05 5.4496e-05 3.2159e-07 0.00038043 0.00066558 0.00015712 0.0084904 0.010313 0.00016978 0.001376 0.01
2.9613e-05 5.4988e-05 3.2652e-07 0.0003828 0.00066902 0.00015846 0.008491 0.010357 0.0001718 0.0013802 0.01
3.1223e-05 5.546e-05 3.2029e-07 0.00038515 0.00067245 0.00015978 0.0084916 0.0104 0.00017381 0.0013844 0.01
3.2859e-05 5.5977e-05 3.2109e-07 0.00038754 0.00067589 0.00016115 0.0084923 0.010445 0.00017585 0.0013886 0.01
3.4485e-05 5.6473e-05 3.1376e-07 0.00038992 0.00067932 0.0001625 0.0084929 0.010489 0.00017788 0.0013928 0.01
3.6136e-05 5.7017e-05 3.1334e-07 0.00039233 0.00068277 0.0001639 0.0084936 0.010533 0.00017995 0.001397 0.01
3.7811e-05 5.7604e-05 3.1897e-07 0.00039478 0.00068623 0.00016534 0.0084942 0.010578 0.00018205 0.0014012 0.01
3.9511e-05 5.8236e-05 3.3085e-07 0.00039725 0.0006897 0.00016683 0.0084949 0.010624 0.00018418 0.0014054 0.01
4.1201e-05 5.8846e-05 3.3451e-07 0.00039977 0.00069317 0.0001683 0.0084956 0.010669 0.0001863 0.0014097 0.01
4.2881e-05 5.9435e-05 3.2995e-07 0.00040227 0.00069662 0.00016975 0.0084962 0.010714 0.00018841 0.0014139 0.01
4.4551e-05 6.0002e-05 3.3176e-07 0.00040476 0.00070009 0.00017125 0.0084969 0.01076 0.00019055 0.0014181 0.01
4.6211e-05 6.0548e-05 3.254e-07 0.00040724 0.00070355 0.00017274 0.0084976 0.010805 0.00019268 0.0014223 0.01
4.7896e-05 6.1139e-05 3.2534e-07 0.00040974 0.00070702 0.00017427 0.0084983 0.010851 0.00019484 0.0014266 0.01
4.9571e-05 6.1708e-05 3.171e-07 0.00041224 0.00071048 0.00017579 0.008499 0.010897 0.00019699 0.0014308 0.01
5.1272e-05 6.2325e-05 3.1512e-07 0.00041477 0.00071395 0.00017735 0.0084997 0.010943 0.00019918 0.0014351 0.01
5.2998e-05 6.2989e-05 3.1936e-07 0.00041734 0.00071744 0.00017896 0.0085004 0.01099 0.0002014 0.0014394 0.01
5.4713e-05 6.3631e-05 3.1528e-07 0.00041989 0.00072092 0.00018056 0.0085011 0.011037 0.00020361 0.0014436 0.01
5.6459e-05 6.4328e-05 3.1872e-07 0.00042248 0.00072441 0.0001822 0.0085018 0.011084 0.00020586 0.0014479 0.01
5.8236e-05 6.5089e-05 3.3074e-07 0.00042512 0.00072792 0.00018392 0.0085025 0.011131 0.00020815 0.0014522 0.01
6e-05 6.5819e-05 3.3332e-07 0.00042781 0.00073141 0.0001856 0.0085032 0.011179 0.00021043 0.0014565 0.01
6.1749e-05 6.6519e-05 3.2632e-07 0.00043047 0.0007349 0.00018727 0.0085039 0.011226 0.00021268 0.0014608 0.01
6.3532e-05 6.7283e-05 3.2813e-07 0.00043319 0.0007384 0.000189 0.0085047 0.011274 0.00021499 0.0014651 0.01
6.5299e-05 6.8013e-05 3.1961e-07 0.00043588 0.0007419 0.0001907 0.0085054 0.011321 0.00021727 0.0014694 0.01
6.7107e-05 6.8822e-05 3.2228e-07 0.00043862 0.00074541 0.00019247 0.0085061 0.01137 0.00021961 0.0014738 0.01
6.8896e-05 6.9593e-05 3.1421e-07 0.00044134 0.00074891 0.00019422 0.0085069 0.011418 0.00022192 0.0014781 0.01
7.0729e-05 7.0448e-05 3.1765e-07 0.00044412 0.00075243 0.00019604 0.0085076 0.011419 0.0002243 0.0014824 0.01
7.2541e-05 7.126e-05 3.0958e-07 0.00044687 0.00075593 0.00019783 0.0085084 0.011419 0.00022664 0.0014868 0.01
7.4332e-05 7.2027e-05 4.8517e-07 0.0004496 0.00075942 0.00019958 0.0085091 0.01142 0.00022896 0.0014911 0.01
7.6098e-05 7.274e-05 6.3792e-07 0.00045239 0.0007629 0.0002013 0.0085098 0.01142 0.00023125 0.0014954 0.01
7.7843e-05 7.341e-05 7.696e-07 0.00045516 0.00076636 0.00020298 0.0085105 0.011421 0.00023351 0.0014996 0.01
7.9637e-05 7.4173e-05 9.5054e-07 0.00045799 0.00076985 0.00020475 0.0085113 0.011421 0.00023584 0.0015039 0.01
8.148e-05 7.5037e-05 1.0865e-06 0.0004609 0.00077336 0.00020661 0.008512 0.011422 0.00023823 0.0015083 0.01
8.3374e-05 7.6005e-05 1.2765e-06 0.00046387 0.0007769 0.00020857 0.0085128 0.011424 0.0002407 0.0015127 0.01
8.5321e-05 7.7083e-05 1.5391e-06 0.00046691 0.00078046 0.00021064 0.0085136 0.011425 0.00024324 0.0015171 0.01
8.732e-05 7.8271e-05 1.5994e-06 0.00047003 0.00078401 0.00021265 0.0085144 0.011427 0.00024574 0.0015214 0.01
8.9294e-05 7.9405e-05 2.3314e-06 0.00047311 0.00078754 0.00021463 0.0085152 0.011428 0.00024822 0.0015257 0.01
9.1246e-05 8.0486e-05 2.9888e-06 0.00047616 0.00079105 0.00021657 0.0085159 0.011429 0.00025066 0.0015299 0.01
9.3248e-05 8.1676e-05 3.1401e-06 0.00047928 0.00079459 0.0002186 0.0085167 0.011431 0.00025317 0.0015342 0.01
9.5227e-05 8.2813e-05 3.2639e-06 0.00048236 0.00079811 0.00022059 0.0085175 0.011432 0.00025566 0.0015385 0.01
9.7261e-05 8.407e-05 3.456e-06 0.00048552 0.00080166 0.00022268 0.0085183 0.011434 0.00025821 0.0015429 0.01
9.9347e-05 8.5444e-05 3.3908e-06 0.00048875 0.0008052 0.00022487 0.0085191 0.011436 0.00026083 0.0015472 0.01
0.00010141 8.6763e-05 3.3004e-06 0.00049195 0.00080872 0.00022703 0.0085199 0.011438 0.00026342 0.0015515 0.01
0.00010353 8.8212e-05 3.2644e-06 0.00049522 0.00081226 0.00022929 0.0085208 0.01144 0.00026609 0.0015559 0.01
0.00010571 8.9799e-05 3.2801e-06 0.00049846 0.00081583 0.00023167 0.0085216 0.011442 0.00026883 0.0015603 0.01
0.00010786 9.1326e-05 3.2719e-06 0.00050166 0.00081938 0.000234 0.0085224 0.011445 0.00027154 0.0015647 0.01
0.00011007 9.2989e-05 3.3132e-06 0.00050493 0.00082296 0.00023643 0.0085233 0.011448 0.00027432 0.0015691 0.01
0.00011226 9.4587e-05 3.8493e-06 0.00050817 0.00082653 0.00023882 0.0085242 0.01145 0.00027707 0.0015734 0.01
0.0001145 9.6337e-05 4.5927e-06 0.00051149 0.00083011 0.00024133 0.0085251 0.011453 0.0002799 0.0015778 0.01
0.00011681 9.8247e-05 5.6234e-06 0.00051489 0.00083373 0.00024396 0.008526 0.011456 0.00028281 0.0015823 0.01
0.00011918 0.00010033 7.0564e-06 0.00051836 0.00083737 0.00024671 0.008527 0.01146 0.0002858 0.0015867 0.01
0.00012163 0.00010259 9.061e-06 0.00052192 0.00084103 0.0002496 0.0085279 0.011464 0.00028888 0.0015912 0.01
0.00012414 0.00010506 1.1897e-05 0.00052556 0.00084472 0.00025262 0.0085289 0.011468 0.00029205 0.0015958 0.01
0.00012662 0.00010745 1.4398e-05 0.00052917 0.0008484 0.00025562 0.0085299 0.011472 0.00029519 0.0016003 0.01
0.00012907 0.00010974 1.6597e-05 0.00053273 0.0008521 0.00025856 0.0085308 0.011476 0.00029828 0.0016048 0.01
0.0001316 0.00010984 1.9756e-05 0.00053639 0.00085579 0.00026164 0.0085318 0.01148 0.00030147 0.0016094 0.01
