Urocitellus_parryii	Spermophilus_dauricus	Sciurus_vulgaris	Marmota_marmota	Ictidomys_tridecemlineatus	Cavia_porcellus	Cavia_aperea	
7.1955e-05	0.00035139	6.6652e-05	6.8327e-05	0.00083582	0.01	0.040339	
7.0965e-05	0.00034451	6.5766e-05	6.3062e-05	0.00083428	0.01	0.040357	
7.0018e-05	0.00033772	6.4989e-05	5.8211e-05	0.0008328	0.01	0.040375	
6.9054e-05	0.0003309	6.417e-05	5.3213e-05	0.00083129	0.01	0.040393	
6.8073e-05	0.00032403	6.3303e-05	4.8052e-05	0.00082977	0.01	0.040411	
6.7073e-05	0.00031711	6.2309e-05	4.271e-05	0.00082822	0.01	0.040429	
6.6071e-05	0.00031019	6.146e-05	3.7361e-05	0.00082667	0.01	0.040448	
6.5068e-05	0.00030326	6.0515e-05	3.2005e-05	0.00082512	0.01	0.040466	
6.4045e-05	0.00029628	5.9711e-05	3.1402e-05	0.00082355	0.01	0.040485	
6.0371e-05	0.00026921	5.5193e-05	1.4175e-05	0.00081774	0.01	0.040562	
5.9454e-05	0.00026243	5.3989e-05	1.3126e-05	0.00081628	0.01	0.040581	
5.8518e-05	0.00025561	5.2711e-05	1.2024e-05	0.00081481	0.01	0.0406	
5.7629e-05	0.00024888	5.1598e-05	1.1022e-05	0.00081339	0.01	0.040619	
5.672e-05	0.00024211	5.0266e-05	9.987e-06	0.00081194	0.01	0.040639	
5.5856e-05	0.00023543	4.9171e-05	6.6418e-06	0.00081055	0.01	0.040659	
5.4974e-05	0.0002287	4.7865e-05	3.1703e-06	0.00080914	0.01	0.040679	
5.4074e-05	0.00022193	4.6312e-05	2.6696e-06	0.0008077	0.01	0.040699	
5.3155e-05	0.00021511	4.4672e-05	2.7757e-06	0.00080624	0.01	0.04072	
5.228e-05	0.00020838	4.1546e-05	2.8951e-06	0.00080484	0.01	0.04074	
5.1442e-05	0.00020174	3.8745e-05	3.0263e-06	0.00080348	0.01	0.040761	
5.0639e-05	0.00019517	3.631e-05	3.1691e-06	0.00080217	0.01	0.040782	
4.9867e-05	0.00018866	3.4098e-05	3.3225e-06	0.00080089	0.01	0.040803	
4.9124e-05	0.00018222	3.2138e-05	3.4865e-06	0.00079966	0.01	0.040824	
4.8406e-05	0.00017584	3.034e-05	3.6603e-06	0.00079846	0.01	0.040846	
4.768e-05	0.00016944	2.8501e-05	3.8176e-06	0.00079726	0.01	0.040867	
4.6978e-05	0.00016309	2.6848e-05	3.9842e-06	0.00079608	0.01	0.040889	
4.6298e-05	0.00015679	2.5321e-05	4.16e-06	0.00079494	0.01	0.04091	
4.5612e-05	0.00015047	2.3627e-05	4.3197e-06	0.00079379	0.01	0.040932	
4.4919e-05	0.00014413	2.1902e-05	4.4637e-06	0.00079263	0.01	0.040954	
4.4246e-05	0.00013783	2.0304e-05	4.616e-06	0.0007915	0.01	0.040976	
4.3594e-05	0.00013158	1.8822e-05	4.7772e-06	0.0007904	0.01	0.040998	
4.2962e-05	0.00012538	1.7447e-05	4.9475e-06	0.00078934	0.01	0.041021	
4.2348e-05	0.00011923	1.6172e-05	5.1274e-06	0.0007883	0.01	0.041043	
4.1728e-05	0.00011305	1.5629e-05	5.2916e-06	0.00078725	0.01	0.041066	
4.1127e-05	0.00010692	1.5127e-05	5.4658e-06	0.00078623	0.01	0.041089	
4.052e-05	0.00010077	1.4614e-05	5.6242e-06	0.00078521	0.01	0.041112	
3.9908e-05	9.4605e-05	1.409e-05	5.7667e-06	0.00078417	0.01	0.041135	
3.9313e-05	8.848e-05	1.3606e-05	5.9196e-06	0.00078317	0.01	0.041158	
3.8713e-05	8.2335e-05	1.3112e-05	6.0567e-06	0.00078215	0.01	0.041181	
3.8131e-05	7.6235e-05	1.2655e-05	6.2045e-06	0.00078117	0.01	0.041205	
3.7543e-05	7.6391e-05	1.2189e-05	6.3364e-06	0.00078018	0.01	0.041228	
3.6972e-05	7.6547e-05	1.1758e-05	6.4794e-06	0.00077921	0.01	0.041251	
3.6396e-05	7.6686e-05	1.1318e-05	6.6065e-06	0.00077824	0.01	0.041275	
3.5837e-05	7.6826e-05	1.092e-05	6.7452e-06	0.0007773	0.01	0.041298	
3.5295e-05	7.6965e-05	1.0554e-05	6.8958e-06	0.00077638	0.01	0.041322	
3.4748e-05	7.7087e-05	1.0179e-05	7.0303e-06	0.00077546	0.01	0.041346	
3.4217e-05	7.721e-05	9.8346e-06	7.1774e-06	0.00077457	0.01	0.04137	
3.368e-05	7.7316e-05	9.8206e-06	7.308e-06	0.00077367	0.01	0.041394	
3.3138e-05	7.7407e-05	9.7934e-06	7.4221e-06	0.00077276	0.01	0.041418	
3.2591e-05	7.7482e-05	9.7607e-06	7.52e-06	0.00077184	0.01	0.041442	
3.2038e-05	7.754e-05	9.7224e-06	7.6014e-06	0.00077091	0.01	0.041466	
3.1501e-05	7.7599e-05	9.6978e-06	7.6954e-06	0.00077001	0.01	0.041491	
3.0959e-05	7.7641e-05	9.6676e-06	7.773e-06	0.00076911	0.01	0.041515	
3.0411e-05	7.7667e-05	9.6319e-06	7.8341e-06	0.00076819	0.01	0.041539	
2.9858e-05	7.7677e-05	9.4256e-06	7.8786e-06	0.00076726	0.01	0.041564	
2.9322e-05	7.7687e-05	9.239e-06	7.9363e-06	0.00076637	0.01	0.041589	
2.8782e-05	7.7681e-05	9.0455e-06	7.9772e-06	0.00076546	0.01	0.041613	
2.8235e-05	7.7659e-05	8.8451e-06	8.0013e-06	0.00076455	0.01	0.041638	
2.7705e-05	7.7637e-05	8.6662e-06	8.0388e-06	0.00076366	0.01	0.041663	
2.7169e-05	7.7598e-05	8.4807e-06	1.016e-05	0.00076277	0.01	0.041688	
2.6649e-05	7.756e-05	8.3156e-06	1.2397e-05	0.00076191	0.01	0.041712	
2.6124e-05	7.7505e-05	8.1441e-06	1.4596e-05	0.00076103	0.01	0.041737	
2.5593e-05	7.7434e-05	7.9662e-06	1.6758e-05	0.00076015	0.01	0.041761	
2.5077e-05	7.7363e-05	7.8103e-06	1.9038e-05	0.0007593	0.01	0.041786	
2.4556e-05	7.7276e-05	7.6483e-06	2.1281e-05	0.00075843	0.01	0.041811	
2.4051e-05	7.7189e-05	7.5023e-06	2.3647e-05	0.0007576	0.01	0.041835	
2.3559e-05	7.7101e-05	7.3733e-06	2.6145e-05	0.0007568	0.01	0.04186	
2.3082e-05	7.7012e-05	7.2604e-06	2.8782e-05	0.00075602	0.01	0.041885	
2.2619e-05	7.6923e-05	7.161e-06	3.1565e-05	0.00075527	0.01	0.04191	
2.2169e-05	7.6834e-05	7.0761e-06	3.4505e-05	0.00075455	0.01	0.041935	
2.1732e-05	7.6744e-05	7.0034e-06	3.7608e-05	0.00075386	0.01	0.04196	
2.1307e-05	7.6653e-05	6.9425e-06	4.0883e-05	0.0007532	0.01	0.041985	
2.0895e-05	7.6561e-05	6.8931e-06	4.4342e-05	0.00075257	0.01	0.042011	
2.0494e-05	7.6469e-05	6.8549e-06	4.7994e-05	0.00075196	0.01	0.042037	
2.0105e-05	7.6376e-05	6.8276e-06	5.1851e-05	0.00075138	0.01	0.042063	
1.9711e-05	7.6267e-05	6.7955e-06	5.5653e-05	0.00075079	0.01	0.042089	
1.9313e-05	7.6142e-05	6.7586e-06	5.9401e-05	0.00075019	0.01	0.042115	
1.8926e-05	7.6017e-05	6.7325e-06	6.3361e-05	0.00074962	0.01	0.042142	
1.8551e-05	7.5891e-05	6.7205e-06	6.7546e-05	0.00074908	0.01	0.042168	
1.8186e-05	7.5764e-05	6.4353e-06	7.1969e-05	0.00074856	0.01	0.042195	
1.7831e-05	7.5636e-05	6.172e-06	7.6642e-05	0.00074808	0.01	0.042221	
1.7487e-05	7.5508e-05	5.9291e-06	8.158e-05	0.00074762	0.01	0.042248	
1.7139e-05	7.5363e-05	5.6795e-06	8.6452e-05	0.00074715	0.01	0.042275	
1.68e-05	7.5218e-05	5.4492e-06	9.1601e-05	0.00074671	0.01	0.042303	
1.6471e-05	7.5073e-05	5.2418e-06	9.7042e-05	0.00074629	0.01	0.04233	
1.6152e-05	7.4926e-05	5.0509e-06	0.00010279	0.0007459	0.01	0.042358	
1.5842e-05	7.4779e-05	4.8754e-06	0.00010887	0.00074554	0.01	0.042385	
1.5541e-05	7.463e-05	4.7145e-06	0.00011529	0.00074521	0.01	0.042413	
1.5236e-05	7.4466e-05	4.5481e-06	0.00012164	0.00074487	0.01	0.042441	
1.4926e-05	7.4286e-05	4.3762e-06	0.0001279	0.00074452	0.01	0.042469	
1.4626e-05	7.4106e-05	4.2226e-06	0.00013452	0.0007442	0.01	0.042497	
1.4335e-05	7.3925e-05	4.0822e-06	0.00014153	0.0007439	0.01	0.042525	
1.4052e-05	7.3743e-05	3.9541e-06	0.00014895	0.00074363	0.01	0.042554	
1.3778e-05	7.3561e-05	3.8395e-06	0.00015682	0.00074339	0.01	0.042582	
1.3512e-05	7.3379e-05	3.7366e-06	0.00016517	0.00073646	0.01	0.042611	
1.3242e-05	7.318e-05	3.627e-06	0.0001734	0.00072952	0.01	0.042639	
1.2968e-05	7.2965e-05	3.5122e-06	0.00018153	0.00072255	0.01	0.042668	
1.2702e-05	7.275e-05	3.4081e-06	0.00019013	0.00071567	0.01	0.042697	
1.2431e-05	7.2519e-05	3.2991e-06	0.00019862	0.00070878	0.01	0.042726	
1.2157e-05	7.2272e-05	3.1851e-06	0.00020699	0.00070187	0.01	0.042754	
1.1879e-05	7.2009e-05	3.0828e-06	0.00021525	0.00069495	0.01	0.042783	
1.1596e-05	7.1729e-05	2.9754e-06	0.0002234	0.000688	0.01	0.042812	
1.1322e-05	7.145e-05	2.8813e-06	0.00023204	0.00068115	0.01	0.042841	
1.1056e-05	7.117e-05	2.7979e-06	0.00024121	0.00067438	0.01	0.04287	
1.0785e-05	7.0874e-05	2.7043e-06	0.00025025	0.00066759	0.01	0.0429	
1.0523e-05	7.0577e-05	2.6225e-06	0.00025985	0.00066088	0.01	0.042929	
1.0268e-05	7.0281e-05	2.549e-06	0.00027002	0.00065426	0.01	0.042958	
1.002e-05	6.9983e-05	2.4834e-06	0.0002808	0.00064772	0.01	0.042988	
9.7796e-06	6.9686e-05	2.4276e-06	0.00029224	0.00064126	0.01	0.043018	
9.5459e-06	6.9387e-05	2.3784e-06	0.00030434	0.00063488	0.01	0.043048	
9.3187e-06	6.9088e-05	2.3355e-06	0.00031716	0.00062857	0.01	0.043078	
9.0978e-06	6.8788e-05	2.3008e-06	0.00033072	0.00062234	0.01	0.043108	
8.8732e-06	6.8472e-05	2.2623e-06	0.00034412	0.00061609	0.01	0.043138	
8.6547e-06	6.8155e-05	2.2295e-06	0.00035829	0.00060992	0.01	0.043168	
8.4421e-06	6.7836e-05	2.2042e-06	0.00037328	0.00060382	0.01	0.043199	
8.2352e-06	6.7517e-05	2.1843e-06	0.00038913	0.00059779	0.01	0.043229	
8.0339e-06	6.7196e-05	2.1696e-06	0.00040589	0.00059183	0.01	0.04326	
7.829e-06	6.686e-05	2.1513e-06	0.00042246	0.00058586	0.01	0.043291	
7.6207e-06	6.6508e-05	2.1293e-06	0.00043891	0.00057988	0.01	0.043322	
7.4087e-06	6.614e-05	2.1037e-06	0.00045518	0.00057388	0.01	0.043353	
7.1931e-06	7.0962e-05	2.0743e-06	0.00047125	0.00056787	0.01	0.043384	
6.983e-06	7.5817e-05	2.0522e-06	0.00048825	0.00056194	0.01	0.043414	
6.7783e-06	8.0705e-05	2.0351e-06	0.00050624	0.00055607	0.01	0.043445	
6.57e-06	8.5574e-05	2.0144e-06	0.00052401	0.00055018	0.01	0.043476	
6.3583e-06	9.0425e-05	1.9902e-06	0.00054159	0.00054429	0.01	0.043507	
6.1519e-06	9.5308e-05	1.9709e-06	0.00056018	0.00053846	0.01	0.043539	
5.9419e-06	0.00010017	2.028e-06	0.00057856	0.00053262	0.01	0.04357	
5.7285e-06	0.00010502	2.0814e-06	0.00059672	0.00052677	0.01	0.043601	
5.5202e-06	0.0001099	2.1409e-06	0.00061593	0.00052099	0.01	0.043632	
5.3084e-06	0.00011476	2.1965e-06	0.00063492	0.00051519	0.01	0.043664	
5.0932e-06	0.0001196	2.2482e-06	0.0006537	0.00050938	0.01	0.043695	
4.883e-06	0.00012448	2.3063e-06	0.00067355	0.00050364	0.01	0.043727	
4.6776e-06	0.00012939	2.357e-06	0.00069455	0.00049796	0.01	0.043758	
4.4688e-06	0.00013428	2.4039e-06	0.00071531	0.00049228	0.01	0.04379	
4.2647e-06	0.00013921	2.4571e-06	0.00073726	0.00048665	0.01	0.043822	
4.0652e-06	0.00014417	2.517e-06	0.00074077	0.0004811	0.01	0.043854	
3.8701e-06	0.00014916	2.5862e-06	0.00074458	0.00047561	0.01	0.043886	
3.6717e-06	0.00015414	2.6514e-06	0.00074832	0.0004701	0.01	0.043918	
3.4776e-06	0.00015915	2.7266e-06	0.00075237	0.00046467	0.01	0.04395	
3.2802e-06	0.00016415	2.7976e-06	0.00075634	0.00045921	0.01	0.043982	
3.0869e-06	0.00016918	2.8764e-06	0.00076063	0.00045383	0.01	0.044014	
2.8903e-06	0.00017419	2.951e-06	0.00076484	0.00044842	0.01	0.044047	
2.6904e-06	0.00017918	3.0213e-06	0.00076897	0.00044301	0.01	0.044079	
2.4871e-06	0.00018416	3.0874e-06	0.00077303	0.00043758	0.01	0.044111	
2.288e-06	0.00018917	3.09e-06	0.00077741	0.00043222	0.01	0.044143	
2.0856e-06	0.00019416	3.0886e-06	0.00078171	0.00042685	0.01	0.044175	
1.8872e-06	0.00019918	3.0939e-06	0.00078635	0.00042153	0.01	0.044208	
1.6855e-06	0.00020419	3.0952e-06	0.00079091	0.00041621	0.01	0.04424	
1.7433e-06	0.00020918	3.0925e-06	0.00079539	0.00041087	0.01	0.044273	
1.8018e-06	0.00021421	3.0821e-06	0.00080021	0.0004056	0.01	0.044305	
1.8611e-06	0.00021928	3.0807e-06	0.00080539	0.00040038	0.01	0.044337	
1.9176e-06	0.00022432	3.0752e-06	0.00081049	0.00039516	0.01	0.044369	
1.975e-06	0.00022941	3.0763e-06	0.00081596	0.00038999	0.01	0.044402	
2.0297e-06	0.00023447	3.0735e-06	0.00082134	0.00038482	0.01	0.044434	
2.0815e-06	0.00023952	3.0666e-06	0.00082663	0.00037963	0.01	0.044467	
2.1343e-06	0.00024461	3.0665e-06	0.00083232	0.0003745	0.01	0.0445	
2.1882e-06	0.00024973	3.0759e-06	0.00083842	0.00036943	0.01	0.044532	
2.2391e-06	0.00025484	3.081e-06	0.00084441	0.00036435	0.01	0.044565	
2.2871e-06	0.00025993	3.0814e-06	0.00085029	0.00035926	0.01	0.044598	
2.3365e-06	0.00026506	3.0914e-06	0.00085664	0.00035423	0.01	0.04463	
2.3828e-06	0.00027016	3.0963e-06	0.00086285	0.00034918	0.01	0.044663	
2.4308e-06	0.00027532	3.1101e-06	0.00086959	0.00034421	0.01	0.044696	
2.4753e-06	0.00028045	3.1161e-06	0.00087613	0.00033921	0.01	0.044729	
2.5222e-06	0.00028564	3.1127e-06	0.00088332	0.00033429	0.01	0.044761	
2.5654e-06	0.0002908	3.1022e-06	0.00089028	0.00032935	0.01	0.044794	
2.6065e-06	0.00029595	3.0897e-06	0.00089723	0.00032441	0.01	0.044826	
2.6436e-06	0.00030106	3.0369e-06	0.00090391	0.00031943	0.01	0.044859	
2.6838e-06	0.00030624	2.9697e-06	0.00090403	0.00031454	0.01	0.044892	
2.7271e-06	0.0003115	2.9434e-06	0.00090456	0.00030975	0.01	0.044925	
2.7684e-06	0.00031675	2.9151e-06	0.00090508	0.00030496	0.01	0.044957	
2.8075e-06	0.00032199	2.8847e-06	0.0009056	0.00030017	0.01	0.04499	
2.8446e-06	0.00032722	2.8523e-06	0.0009061	0.00029538	0.01	0.045022	
2.8795e-06	0.00033244	2.8179e-06	0.0009066	0.0002906	0.01	0.045054	
2.9123e-06	0.00033766	2.7815e-06	0.0009071	0.00028581	0.01	0.045087	
2.9431e-06	0.00034287	2.743e-06	0.00090758	0.00028102	0.01	0.045119	
2.9717e-06	0.00034806	2.7025e-06	0.00090806	0.00027623	0.01	0.045152	
2.9983e-06	0.00035325	2.66e-06	0.00090854	0.00027144	0.01	0.045184	
3.0227e-06	0.00035843	2.6154e-06	0.000909	0.00026665	0.01	0.045217	
3.0451e-06	0.00036361	2.5688e-06	0.00090946	0.00026186	0.01	0.045249	
3.0653e-06	0.00036877	2.5201e-06	0.00090991	0.00025708	0.01	0.045282	
3.0834e-06	0.00037393	2.4695e-06	0.00091036	0.00025229	0.01	0.045315	
3.0995e-06	0.00037907	2.4168e-06	0.00091079	0.0002475	0.01	0.045349	
3.1134e-06	0.00038421	2.362e-06	0.00091122	0.00024271	0.01	0.045382	
3.1253e-06	0.00038934	2.3052e-06	0.00091165	0.00023793	0.01	0.045416	
3.1405e-06	0.00039455	2.2667e-06	0.00090602	0.00023323	0.01	0.045449	
3.159e-06	0.00039984	2.2403e-06	0.00090103	0.00022863	0.01	0.045483	
3.1733e-06	0.00040508	2.2545e-06	0.0008958	0.00022399	0.01	0.045517	
3.1834e-06	0.00041029	2.261e-06	0.00089032	0.00021931	0.01	0.045551	
3.197e-06	0.00041557	2.2784e-06	0.00087121	0.00021473	0.01	0.045585	
3.2063e-06	0.00042081	2.2848e-06	0.0008514	0.00021011	0.01	0.045619	
3.219e-06	0.00042614	2.2795e-06	0.00083341	0.00020558	0.01	0.045652	
3.2275e-06	0.00043142	2.3336e-06	0.00081476	0.00020102	0.01	0.045686	
3.2318e-06	0.00043665	2.3777e-06	0.00079543	0.00019642	0.01	0.04572	
3.2395e-06	0.00044197	2.3655e-06	0.00077786	0.00019191	0.01	0.045754	
3.2505e-06	0.00044737	2.3645e-06	0.00076191	0.00018748	0.01	0.045788	
3.2575e-06	0.00045273	2.3464e-06	0.00074539	0.00018302	0.01	0.045822	
3.2678e-06	0.00045818	2.316e-06	0.00073039	0.00017865	0.01	0.045856	
3.2815e-06	0.00046371	2.2226e-06	0.00071677	0.00017436	0.01	0.045891	
3.2911e-06	0.00046919	2.1194e-06	0.00070265	0.00017004	0.01	0.045926	
3.3041e-06	0.00047476	2.0316e-06	0.00068984	0.0001658	0.01	0.04596	
3.3129e-06	0.00048029	1.9324e-06	0.00067654	0.00016152	0.01	0.045995	
3.3251e-06	0.0004859	1.8174e-06	0.00066449	0.00015733	0.01	0.04603	
3.3408e-06	0.0004916	1.7184e-06	0.00065356	0.00015322	0.01	0.046065	
3.3523e-06	0.00049726	1.6512e-06	0.00064221	0.00014907	0.01	0.0461	
3.3595e-06	0.00050287	1.6103e-06	0.00063044	0.0001449	0.01	0.046135	
3.3702e-06	0.00050857	1.5445e-06	0.00061976	0.0001408	0.01	0.046169	
3.3767e-06	0.00051423	1.4909e-06	0.00060868	0.00013667	0.01	0.046205	
3.379e-06	0.00051984	1.4297e-06	0.00059718	0.00013251	0.01	0.04624	
3.3847e-06	0.00052554	1.3818e-06	0.00058675	0.00012843	0.01	0.046275	
3.3863e-06	0.0005312	1.3449e-06	0.00057594	0.00012432	0.01	0.04631	
3.3836e-06	0.00053681	1.3011e-06	0.00056471	0.00012018	0.01	0.046345	
3.3767e-06	0.00054237	1.2678e-06	0.00055306	0.000116	0.01	0.046381	
3.3656e-06	0.00054789	1.2442e-06	0.00054097	0.0001118	0.01	0.046417	
3.3502e-06	0.00055337	1.2299e-06	0.00052843	0.00010757	0.01	0.046453	
3.3306e-06	0.0005588	1.2081e-06	0.00051542	0.0001033	0.01	0.04649	
3.3067e-06	0.00056418	1.1954e-06	0.00050193	9.9002e-05	0.01	0.046527	
3.2864e-06	0.00056966	1.1735e-06	0.00048967	9.4785e-05	0.01	0.046563	
3.2618e-06	0.00057509	1.1454e-06	0.00047697	9.0537e-05	0.01	0.0466	
3.233e-06	0.00058047	1.1257e-06	0.0004638	8.6257e-05	0.01	0.046637	
3.2077e-06	0.00058595	1.0978e-06	0.00045184	8.2057e-05	0.01	0.046674	
3.1859e-06	0.00059151	1.0773e-06	0.00044098	7.7934e-05	0.01	0.046711	
3.1598e-06	0.00059702	1.0648e-06	0.00042961	7.7546e-05	0.01	0.046749	
3.1295e-06	0.00060249	1.0793e-06	0.00041781	7.7147e-05	0.01	0.046787	
3.1026e-06	0.00060805	1.101e-06	0.00040709	7.6762e-05	0.01	0.046825	
3.0715e-06	0.00061356	1.1165e-06	0.00039598	7.6366e-05	0.01	0.046863	
3.0438e-06	0.00061917	1.1068e-06	0.00038589	7.5984e-05	0.01	0.046902	
3.0194e-06	0.00062486	1.0881e-06	0.00037673	7.5615e-05	0.01	0.04694	
2.9908e-06	0.00063051	1.0828e-06	0.00036723	7.5236e-05	0.01	0.046979	
2.9656e-06	0.00063626	1.088e-06	0.00035861	7.4869e-05	0.01	0.047017	
2.9436e-06	0.00064209	1.0855e-06	0.0003508	7.4516e-05	0.01	0.047056	
2.9248e-06	0.00064803	1.0743e-06	0.00034373	7.4175e-05	0.01	0.047094	
2.9019e-06	0.00065392	1.0558e-06	0.00033638	7.3825e-05	0.01	0.047133	
2.8822e-06	0.0006599	1.0479e-06	0.00032974	7.3487e-05	0.01	0.047171	
2.8585e-06	0.00066584	1.0342e-06	0.00032283	7.3139e-05	0.01	0.047209	
2.8307e-06	0.00067173	1.0147e-06	0.00031567	7.278e-05	0.01	0.047247	
2.8008e-06	0.00067762	9.9307e-07	0.0003085	7.2418e-05	0.01	0.047284	
2.7688e-06	0.00068349	9.6939e-07	0.00030132	7.2052e-05	0.01	0.047323	
2.7346e-06	0.00068936	9.4364e-07	0.00029414	7.1682e-05	0.01	0.047361	
2.7036e-06	0.00069533	9.2452e-07	0.00028764	7.1325e-05	0.01	0.047399	
2.6685e-06	0.00070125	9.1248e-07	0.00028088	7.0957e-05	0.01	0.047438	
2.6365e-06	0.00070727	9.0978e-07	0.00027476	7.0602e-05	0.01	0.047477	
2.6075e-06	0.00071339	9.1359e-07	0.00026922	7.0259e-05	0.01	0.047516	
2.3987e-06	0.00071961	9.2354e-07	0.00026422	6.9929e-05	0.01	0.047556	
2.1982e-06	0.00072594	9.4029e-07	0.00025971	6.9611e-05	0.01	0.047596	
1.9919e-06	0.00073221	9.5131e-07	0.00025502	6.9283e-05	0.01	0.047637	
1.7937e-06	0.00073859	9.5391e-07	0.00025078	6.8966e-05	0.01	0.047677	
1.5898e-06	0.00074492	9.7288e-07	0.00024637	6.864e-05	0.01	0.047716	
1.3938e-06	0.00075136	9.6811e-07	0.00024241	6.8326e-05	0.01	0.047757	
1.2053e-06	0.0007579	9.6967e-07	0.00023885	6.8024e-05	0.01	0.047797	
1.0113e-06	0.00076439	9.8769e-07	0.00023513	6.7712e-05	0.01	0.047838	
1.015e-06	0.00077082	1.0139e-06	0.00023125	6.739e-05	0.01	0.047879	
1.0155e-06	0.0007772	1.0342e-06	0.0002272	6.7058e-05	0.01	0.04792	
1.0168e-06	0.00078368	1.0614e-06	0.00022355	6.6737e-05	0.01	0.047962	
1.0148e-06	0.00079012	1.0828e-06	0.00021976	6.6407e-05	0.01	0.048003	
1.0096e-06	0.00079651	1.0983e-06	0.0002158	6.6067e-05	0.01	0.048044	
1.0053e-06	0.000803	1.1312e-06	0.00021224	6.5738e-05	0.01	0.048085	
1.0018e-06	0.0008096	1.1762e-06	0.00020903	6.5421e-05	0.01	0.048126	
9.9506e-07	0.00081615	1.2134e-06	0.00020569	6.5094e-05	0.01	0.048167	
9.8617e-07	0.0008227	1.2486e-06	0.00020234	6.4764e-05	0.01	0.048208	
9.7803e-07	0.00082935	1.292e-06	0.00019933	6.4444e-05	0.01	0.048249	
9.7063e-07	0.0008361	1.3443e-06	0.00019663	6.4135e-05	0.01	0.04829	
7.1811e-07	0.00097578	1.7919e-06	0.0001698	5.9029e-05	0.01	0.049084	
6.968e-07	0.00098369	1.8265e-06	0.00016931	5.8789e-05	0.01	0.049126	
6.7231e-07	0.00099154	1.8523e-06	0.00016874	5.8541e-05	0.01	0.049168	
6.4838e-07	0.00099953	1.889e-06	0.00016835	5.8303e-05	0.01	0.04921	
6.2127e-07	0.0010075	1.8951e-06	0.00016789	5.8055e-05	0.01	0.049253	
5.9467e-07	0.0010155	1.9109e-06	0.00016759	5.7818e-05	0.01	0.049296	
5.6493e-07	0.0010235	1.9196e-06	0.00016722	5.7571e-05	0.01	0.049339	
5.3567e-07	0.0010317	1.9176e-06	0.00016703	5.7334e-05	0.01	0.049382	
5.0327e-07	0.0010397	1.9086e-06	0.00016676	5.7088e-05	0.01	0.049425	
4.6772e-07	0.0010478	1.8908e-06	0.00016641	5.6833e-05	0.01	0.049467	
4.2901e-07	0.0010557	1.8642e-06	0.00016598	5.6568e-05	0.01	0.04951	
3.871e-07	0.0010636	1.8485e-06	0.00016546	5.6294e-05	0.01	0.049553	
3.4198e-07	0.0010715	1.8442e-06	0.00016487	5.601e-05	0.01	0.049597	
2.9742e-07	0.0010795	1.8169e-06	0.00016446	5.5736e-05	0.01	0.04964	
2.5332e-07	0.0010876	1.7996e-06	0.00016422	5.5472e-05	0.01	0.049684	
2.8009e-07	0.0010956	1.775e-06	0.0001639	5.5199e-05	0.01	0.049728	
3.0672e-07	0.0011038	1.7648e-06	0.00016375	5.4937e-05	0.01	0.049771	
3.3039e-07	0.001112	1.7762e-06	0.00016353	5.4664e-05	0.01	0.049815	
3.5394e-07	0.0011202	1.777e-06	0.00016348	5.4402e-05	0.01	0.049859	
3.7743e-07	0.0011286	1.7871e-06	0.0001636	5.415e-05	0.01	0.049904	
3.9793e-07	0.001137	1.7902e-06	0.00016364	5.3888e-05	0.01	0.049948	
4.1839e-07	0.0011455	1.7615e-06	0.00016385	5.3636e-05	0.01	0.049993	
4.3586e-07	0.0011539	1.7833e-06	0.00016398	5.3375e-05	0.01	0.050037	
4.5034e-07	0.0011623	1.7968e-06	0.00016404	5.3104e-05	0.01	0.050082	
4.648e-07	0.0011708	1.8246e-06	0.00016426	5.2843e-05	0.01	0.050126	
4.7628e-07	0.0011793	1.8638e-06	0.00016441	5.2573e-05	0.01	0.050171	
4.8775e-07	0.0011878	1.893e-06	0.00016473	5.2313e-05	0.01	0.050216	
4.9924e-07	0.0011966	1.9335e-06	0.00016523	5.2062e-05	0.01	0.050261	
5.0772e-07	0.0012053	1.9865e-06	0.00016565	5.1802e-05	0.01	0.050307	
5.1623e-07	0.0012141	2.0288e-06	0.00016625	5.1552e-05	0.01	0.050352	
5.2173e-07	0.0012228	2.0633e-06	0.00016676	5.1293e-05	0.01	0.050398	
5.2422e-07	0.0012315	2.1104e-06	0.0001672	5.1023e-05	0.01	0.050444	
5.2369e-07	0.0012402	2.1479e-06	0.00016755	5.0745e-05	0.01	0.050489	
5.2319e-07	0.001249	2.2028e-06	0.00016808	5.0476e-05	0.01	0.050535	
5.197e-07	0.0012577	2.238e-06	0.00016853	5.0198e-05	0.01	0.050581	
5.1624e-07	0.0012665	2.3104e-06	0.00016917	4.993e-05	0.01	0.050627	
5.0979e-07	0.0012754	2.419e-06	0.00016972	4.9652e-05	0.01	0.050673	
5.0336e-07	0.0012843	2.5139e-06	0.00017046	4.9384e-05	0.01	0.050719	
4.9694e-07	0.0012934	2.5935e-06	0.00017138	4.9125e-05	0.01	0.050765	
4.8754e-07	0.0013025	2.6618e-06	0.00017223	4.8858e-05	0.01	0.05081	
6.0291e-07	0.0013114	2.7212e-06	0.00017298	4.858e-05	0.01	0.050855	
7.1407e-07	0.0013204	2.772e-06	0.00017366	4.8294e-05	0.01	0.050901	
1.1476e-06	0.0013563	2.9297e-06	0.00017662	4.7131e-05	0.01	0.051081	
1.2613e-06	0.0013655	2.9791e-06	0.00017769	4.6854e-05	0.01	0.051127	
1.379e-06	0.0013749	3.0424e-06	0.00017898	4.6585e-05	0.01	0.051173	
1.4923e-06	0.0013842	3.1231e-06	0.00018017	4.6308e-05	0.01	0.051219	
1.6099e-06	0.0013937	3.1142e-06	0.00018157	4.6039e-05	0.01	0.051267	
1.7319e-06	0.0014034	3.1179e-06	0.0001832	4.5779e-05	0.01	0.051314	
1.8588e-06	0.0014132	3.1087e-06	0.00018507	4.5528e-05	0.01	0.051362	
1.9811e-06	0.0014229	3.1144e-06	0.00018683	4.5268e-05	0.01	0.05141	
2.0987e-06	0.0014326	3.1118e-06	0.0001885	4.5e-05	0.01	0.051458	
2.2212e-06	0.0014424	3.0979e-06	0.00019041	4.474e-05	0.01	0.051505	
2.3391e-06	0.0014522	3.0984e-06	0.00019222	4.447e-05	0.01	0.051553	
2.4522e-06	0.0014619	3.0906e-06	0.00019392	4.4192e-05	0.01	0.051602	
2.5607e-06	0.0014715	3.0725e-06	0.00019552	4.3905e-05	0.01	0.05165	
2.6741e-06	0.0014813	2.9629e-06	0.00019736	4.3627e-05	0.01	0.051698	
2.7927e-06	0.0014913	2.8753e-06	0.00019947	4.3357e-05	0.01	0.051746	
2.9064e-06	0.0015012	2.823e-06	0.00020146	4.3079e-05	0.01	0.051794	
3.0255e-06	0.0015113	2.7564e-06	0.00020373	4.2809e-05	0.01	0.051843	
3.1502e-06	0.0015215	2.7039e-06	0.00020629	4.2547e-05	0.01	0.051891	
3.2699e-06	0.0015317	2.6668e-06	0.00020872	4.2277e-05	0.01	0.05194	
3.3954e-06	0.001542	2.6181e-06	0.00021146	4.2015e-05	0.01	0.051989	
3.5159e-06	0.0015523	2.5843e-06	0.00021408	4.1744e-05	0.01	0.052039	
3.6314e-06	0.0015625	2.5423e-06	0.00021657	4.1465e-05	0.01	0.052088	
3.7528e-06	0.0015729	2.4872e-06	0.00021937	4.1194e-05	0.01	0.052137	
3.8692e-06	0.0015832	2.4469e-06	0.00022204	4.0913e-05	0.01	0.052187	
3.9805e-06	0.0015934	2.3858e-06	0.00022459	4.0624e-05	0.01	0.052237	
4.0979e-06	0.0016038	2.3128e-06	0.00022745	4.0344e-05	0.01	0.052287	
4.2214e-06	0.0016144	2.2535e-06	0.00023067	4.0072e-05	0.01	0.052337	
4.3398e-06	0.0016249	2.2546e-06	0.00023374	3.9791e-05	0.01	0.052388	
4.4646e-06	0.0016356	2.2458e-06	0.00023717	3.9518e-05	0.01	0.052438	
4.5841e-06	0.0016462	2.2496e-06	0.00024046	3.9236e-05	0.01	0.052489	
4.7102e-06	0.001657	2.2285e-06	0.00024412	3.8963e-05	0.01	0.05254	
4.8431e-06	0.001668	2.2234e-06	0.00024821	3.8698e-05	0.01	0.05259	
4.9707e-06	0.0016789	2.2303e-06	0.00025212	3.8424e-05	0.01	0.052641	
5.0929e-06	0.0016898	2.2189e-06	0.00025587	3.8141e-05	0.01	0.052693	
5.222e-06	0.0017008	2.196e-06	0.00026005	3.7866e-05	0.01	0.052744	
5.3458e-06	0.0017118	2.1856e-06	0.00026406	3.7582e-05	0.01	0.052796	
5.5688e-06	0.0017145	2.1656e-06	0.00026516	3.7552e-05	0.01	0.052848	
5.7852e-06	0.0017173	2.138e-06	0.00026615	3.7514e-05	0.01	0.0529	
5.995e-06	0.0017199	2.123e-06	0.00026705	3.7467e-05	0.01	0.052952	
6.2151e-06	0.0017227	2.0722e-06	0.00026818	3.7427e-05	0.01	0.053005	
6.446e-06	0.0017256	2.0381e-06	0.00026956	3.7394e-05	0.01	0.053057	
6.6702e-06	0.0017284	2.0432e-06	0.00027084	3.7353e-05	0.01	0.05311	
6.8877e-06	0.0017312	2.041e-06	0.00027201	3.7303e-05	0.01	0.053162	
7.1161e-06	0.0017341	2.0278e-06	0.00027344	3.726e-05	0.01	0.053214	
7.1028e-06	0.001737	2.0254e-06	0.00027514	3.7223e-05	0.01	0.053267	
7.0844e-06	0.00174	2.0476e-06	0.00027672	3.7179e-05	0.01	0.053319	
7.061e-06	0.0017429	2.0625e-06	0.00027819	3.7125e-05	0.01	0.053372	
7.0324e-06	0.0017457	2.0702e-06	0.00027955	3.7064e-05	0.01	0.053424	
6.9987e-06	0.0017485	2.064e-06	0.0002808	3.6994e-05	0.01	0.053477	
6.9711e-06	0.0017514	2.0479e-06	0.00028232	3.6931e-05	0.01	0.053529	
6.9384e-06	0.0017542	2.0438e-06	0.00028372	3.6859e-05	0.01	0.053583	
6.9118e-06	0.0017572	2.0285e-06	0.00028539	3.6794e-05	0.01	0.053636	
6.8912e-06	0.0017602	2.0263e-06	0.00028735	3.6736e-05	0.01	0.053689	
6.8656e-06	0.0017632	2.0633e-06	0.00028918	3.667e-05	0.01	0.053741	
6.8459e-06	0.0017663	2.0887e-06	0.00029131	3.661e-05	0.01	0.053794	
6.8322e-06	0.0017696	2.1258e-06	0.00029376	3.6557e-05	0.01	0.053847	
6.8244e-06	0.0017729	2.1745e-06	0.00029654	3.6511e-05	0.01	0.053901	
6.8113e-06	0.0017761	2.2732e-06	0.00029915	3.8165e-05	0.01	0.053954	
6.7961e-06	0.0017794	2.3699e-06	0.00030174	3.9815e-05	0.01	0.054008	
6.7789e-06	0.0017826	2.4646e-06	0.00030433	4.1463e-05	0.01	0.054061	
6.7596e-06	0.0017858	2.5574e-06	0.00030691	4.3108e-05	0.01	0.054114	
6.7353e-06	0.001789	2.6881e-06	0.00030935	4.4737e-05	0.01	0.054167	
6.7168e-06	0.0017923	2.8398e-06	0.00031213	4.6395e-05	0.01	0.054221	
6.6934e-06	0.0017956	2.9797e-06	0.00031477	4.8038e-05	0.01	0.054274	
6.6758e-06	0.0017989	3.142e-06	0.00031777	4.9711e-05	0.01	0.054328	
6.6532e-06	0.0018022	3.3324e-06	0.00032062	5.1369e-05	0.01	0.054382	
6.6365e-06	0.0018056	3.4998e-06	0.00032384	5.3056e-05	0.01	0.054437	
6.6255e-06	0.0018091	3.6953e-06	0.00032747	5.4775e-05	0.01	0.054491	
7.1244e-06	0.0018126	4.0094e-06	0.00033092	5.6477e-05	0.01	0.054546	
7.6127e-06	0.001816	4.3035e-06	0.00033422	5.8163e-05	0.01	0.054601	
8.1236e-06	0.0018195	4.5096e-06	0.00033793	5.988e-05	0.01	0.054655	
8.6236e-06	0.0018229	4.7934e-06	0.00034148	6.1582e-05	0.01	0.054709	
9.1129e-06	0.0018263	4.9895e-06	0.00034486	6.3268e-05	0.01	0.054764	
9.6251e-06	0.0018299	5.2568e-06	0.00034866	6.4985e-05	0.01	0.054819	
1.0126e-05	0.0018333	5.5011e-06	0.00035229	6.6686e-05	0.01	0.054873	
1.0651e-05	0.0018369	5.8302e-06	0.00035636	6.8418e-05	0.01	0.054927	
1.1164e-05	0.0018404	6.138e-06	0.00036025	7.0135e-05	0.01	0.054982	
1.1702e-05	0.001844	6.4917e-06	0.0003646	7.1883e-05	0.01	0.055036	
1.2228e-05	0.0018476	6.8228e-06	0.00036877	7.3616e-05	0.01	0.055091	
1.2779e-05	0.0018513	7.2166e-06	0.00037342	7.5381e-05	0.01	0.055145	
1.3319e-05	0.001855	7.6772e-06	0.00037788	7.713e-05	0.01	0.055113	
1.3885e-05	0.0018587	8.0906e-06	0.00038285	7.8912e-05	0.01	0.055081	
1.4477e-05	0.0018626	8.5917e-06	0.00038838	8.0727e-05	0.01	0.055049	
1.5057e-05	0.0018664	9.3772e-06	0.00039368	8.2526e-05	0.01	0.055017	
3.1363e-05	0.0019564	3.0547e-05	0.00046848	0.00012235	0.01	0.054405	
3.2408e-05	0.0019616	3.1483e-05	0.00047344	0.00012462	0.01	0.054373	
3.35e-05	0.001967	3.258e-05	0.00047894	0.00012693	0.01	0.054342	
