

TREE # 1

  0  0.0000   3004.639196  x:  0.02852   0.06616   0.03434   0.07164   0.07932   0.05368   0.06569   0.03524   0.01196   0.03787   0.05264   0.08505   0.05503   0.08622   0.06371   0.42145   0.45165   0.59219  
  1 99.0000   2492.658935  x:  0.61350   0.29176   0.22904   0.25032   0.01583   0.00000   0.06878   0.48400   0.65094   0.32484   0.32949   0.70652   0.08395   0.12945   0.53812   0.41362   0.46093   0.59513  
  2 2741.0460   2490.906949  x:  0.61557   0.29258   0.22963   0.25109   0.01528   0.00737   0.06853   0.48547   0.65296   0.32581   0.33046   0.70917   0.08402   0.12965   0.53993   0.41332   0.46103   0.59517  
  3 1957.2497   2486.201600  x:  0.61489   0.29280   0.22679   0.25396   0.00000   0.00789   0.06160   0.48183   0.64586   0.32416   0.32985   0.72047   0.08306   0.13074   0.54310   0.40610   0.46264   0.59590  
  4 203.9392   2476.424627  x:  0.65367   0.37800   0.23410   0.21863   0.00000   0.01099   0.13453   0.50069   0.44688   0.29423   0.28261   0.81182   0.15613   0.04505   0.66216   0.40410   0.48986   0.62610  
  5 65.2563   2471.615950  x:  0.68691   0.43260   0.24067   0.19556   0.00000   0.01271   0.19737   0.52358   0.30150   0.27331   0.25210   0.86096   0.20177   0.09738   0.74443   0.41280   0.50560   0.64987  
  6 185.9360   2468.827446  x:  0.72651   0.43530   0.23720   0.22034   0.00000   0.01290   0.24464   0.55816   0.20665   0.25852   0.24908   0.86732   0.11565   0.10264   0.79308   0.41737   0.50499   0.67589  
  7 44.2316   2467.923285  x:  0.75286   0.40491   0.21397   0.18093   0.00000   0.01230   0.25146   0.57477   0.19814   0.23322   0.24908   0.86483   0.10275   0.10295   0.81486   0.38846   0.50065   0.70881  
  8 13.9252   2466.420955  x:  0.79126   0.35601   0.19185   0.21242   0.00000   0.01035   0.26476   0.58797   0.19379   0.17708   0.24549   0.84403   0.13021   0.09979   0.84314   0.33692   0.49368   0.78490  
  9 23.9911   2459.868970  x:  0.84550   0.36308   0.24772   0.21357   0.00000   0.00163   0.16112   0.48504   0.19483   0.06913   0.28945   0.83872   0.12680   0.09883   0.89360   0.36628   0.50726   1.10728  
 10 17.2668   2449.014028  x:  0.86976   0.34480   0.16749   0.24099   0.00000   0.00169   0.03196   0.32079   0.19112   0.21537   0.27846   0.85812   0.13594   0.09656   0.95024   0.39456   0.53507   1.73664  
 11 37.7799   2434.536579  x:  0.69189   0.42419   0.18002   0.25318   0.00000   0.00614   0.06258   0.19961   0.29109   0.22313   0.21046   1.08154   0.06092   0.11086   0.84819   0.31120   0.59427   2.66463  
 12 93.6725   2425.556168  x:  0.55156   0.42995   0.17447   0.26566   0.00000   0.00753   0.00000   0.29224   0.29146   0.22847   0.21347   1.21303   0.05893   0.10846   0.75279   0.32565   0.61704   3.12359  
 13 166.6068   2422.068577  x:  0.46149   0.37783   0.15513   0.27117   0.00000   0.00628   0.03789   0.30373   0.27666   0.26620   0.29072   1.33481   0.07446   0.10365   0.67629   0.35363   0.62043   3.36159  
 14 102.3994   2421.461458  x:  0.47176   0.34803   0.20581   0.26490   0.00000   0.00628   0.03598   0.30358   0.25570   0.28972   0.28446   1.35906   0.08125   0.10163   0.64594   0.33934   0.58149   3.37814  
 15 12.5755   2420.663433  x:  0.49225   0.34131   0.18991   0.26835   0.00000   0.00550   0.03720   0.29548   0.24759   0.28578   0.23568   1.41169   0.08470   0.10038   0.61232   0.36637   0.47883   3.35227  
 16  9.1412   2419.888515  x:  0.47045   0.37502   0.17432   0.26912   0.00000   0.00445   0.03773   0.29858   0.23262   0.29803   0.24873   1.41892   0.08634   0.10111   0.62348   0.33462   0.40201   3.28122  
 17  7.9522   2415.658178  x:  0.39118   0.28626   0.17292   0.28414   0.00000   0.00452   0.03196   0.27563   0.18063   0.22938   0.23180   1.51199   0.08989   0.10506   0.78495   0.33861   0.39058   2.75189  
 18 11.5319   2413.743571  x:  0.44783   0.30062   0.13619   0.28974   0.00000   0.00364   0.03139   0.27488   0.13597   0.21234   0.23085   1.54821   0.09639   0.10538   0.74578   0.31137   0.46376   2.49851  
 19 30.4670   2413.704617  x:  0.44272   0.30008   0.13610   0.29013   0.00000   0.00311   0.03327   0.27798   0.13784   0.22076   0.21860   1.54999   0.09455   0.10599   0.74646   0.30853   0.47013   2.49521  
 20  1.7825   2412.652468  x:  0.41894   0.32951   0.13463   0.30541   0.00000   0.00633   0.03207   0.30344   0.14967   0.19143   0.19884   1.57265   0.07951   0.12092   0.72543   0.30059   0.51082   2.51394  
 21  0.1856   2412.165476  x:  0.42321   0.31461   0.13137   0.31974   0.00000   0.00621   0.01976   0.29630   0.15940   0.19711   0.22292   1.59345   0.06192   0.13410   0.68935   0.30581   0.52817   2.29703  
 22  0.3189   2411.698988  x:  0.42996   0.31951   0.14974   0.32677   0.00000   0.00663   0.02074   0.29556   0.14178   0.21391   0.21146   1.61768   0.05780   0.15309   0.69112   0.31839   0.53960   1.78901  
 23  0.4530   2411.493578  x:  0.43846   0.31753   0.14282   0.32607   0.00000   0.00681   0.02183   0.28971   0.14947   0.20843   0.21313   1.62322   0.06343   0.16088   0.69988   0.31296   0.54256   1.39327  
 24  0.6652   2411.386977  x:  0.43616   0.31716   0.13586   0.32228   0.00000   0.00734   0.02729   0.29801   0.15181   0.21682   0.20981   1.62708   0.05599   0.16166   0.71171   0.30563   0.52898   1.37759  
 25  0.0289   2411.285517  x:  0.42136   0.32846   0.13155   0.31523   0.00000   0.00770   0.02583   0.29862   0.15771   0.22420   0.20535   1.65859   0.06192   0.15764   0.71419   0.30612   0.51313   1.49314  
 26  0.0885   2411.092247  x:  0.43828   0.32457   0.14154   0.30868   0.00000   0.00850   0.02365   0.30081   0.15905   0.21454   0.19893   1.73038   0.05853   0.15485   0.71717   0.30898   0.47991   1.32550  
 27  0.1018   2410.957485  x:  0.45397   0.32031   0.14294   0.31605   0.00000   0.00895   0.02413   0.30244   0.15637   0.22559   0.20686   1.77043   0.06331   0.14977   0.72467   0.30559   0.48713   1.48392  
 28  0.0877   2410.925075  x:  0.45528   0.32487   0.13716   0.32192   0.00000   0.00871   0.02411   0.30154   0.15667   0.22162   0.20489   1.78661   0.06154   0.15139   0.73608   0.30770   0.49364   1.42668  
 29  0.0561   2410.912885  x:  0.45614   0.32493   0.13979   0.32341   0.00000   0.00827   0.02395   0.30183   0.15927   0.21889   0.20244   1.79073   0.06118   0.15208   0.73968   0.30419   0.49654   1.44286  
 30  0.0124   2410.905687  x:  0.45763   0.32400   0.13928   0.32295   0.00000   0.00757   0.02422   0.30398   0.15915   0.22039   0.20121   1.79262   0.06109   0.15315   0.73806   0.30574   0.49438   1.46223  
 31  0.0096   2410.904812  x:  0.45672   0.32456   0.13951   0.32246   0.00000   0.00746   0.02404   0.30378   0.15859   0.22078   0.20270   1.79375   0.06093   0.15346   0.73842   0.30526   0.49340   1.45302  
 32  0.0118   2410.904734  x:  0.45695   0.32441   0.13935   0.32211   0.00000   0.00746   0.02409   0.30342   0.15857   0.22059   0.20268   1.79437   0.06090   0.15340   0.73843   0.30526   0.49262   1.45484  
 33  0.0019   2410.904727  x:  0.45694   0.32439   0.13940   0.32208   0.00000   0.00747   0.02410   0.30335   0.15859   0.22066   0.20259   1.79462   0.06087   0.15352   0.73846   0.30528   0.49272   1.45478  
 34  0.0002   2410.904726  x:  0.45694   0.32440   0.13938   0.32208   0.00000   0.00747   0.02410   0.30338   0.15857   0.22062   0.20262   1.79459   0.06084   0.15356   0.73847   0.30527   0.49275   1.45543  
 35  0.0004   2410.904726  x:  0.45695   0.32440   0.13938   0.32207   0.00000   0.00747   0.02410   0.30338   0.15858   0.22062   0.20263   1.79457   0.06084   0.15356   0.73847   0.30527   0.49274   1.45539  
 36  0.0000   2410.904726  x:  0.45695   0.32440   0.13938   0.32207   0.00000   0.00747   0.02410   0.30338   0.15858   0.22062   0.20263   1.79457   0.06084   0.15357   0.73847   0.30527   0.49274   1.45539  
 37  0.0000   2410.904726  x:  0.45695   0.32440   0.13938   0.32207   0.00000   0.00747   0.02410   0.30338   0.15858   0.22062   0.20263   1.79457   0.06084   0.15357   0.73847   0.30527   0.49274   1.45539  