Afrotheria_vs_Alligators	0.266322041048964	0.333913043478261	3.3e-01
Afrotheria_vs_Artiyodactyla	0.000469069715354084	0.00204684966699964	2.0e-03
Afrotheria_vs_Birds	0.00697872218667087	0.0182715635432837	1.8e-02
Afrotheria_vs_Caniformia	0.912410595307518	0.935225601840447	9.4e-01
Afrotheria_vs_Chiroptera	0.0920943405102406	0.151371853043335	1.5e-01
Afrotheria_vs_Feliformia	0.00404902128401353	0.011661181297959	1.2e-02
Afrotheria_vs_Monotremata	0.234763662827669	0.301838995064146	3.0e-01
Afrotheria_vs_Perissodactyla	0.0605688602026575	0.110403998344084	1.1e-01
Afrotheria_vs_Primates	0.961915830982055	0.975463941277577	9.8e-01
Afrotheria_vs_Reptile	0.10803689005104	0.16038466151907	1.6e-01
Afrotheria_vs_Rodents	0.431110680006606	0.500644660652833	5.0e-01
Afrotheria_vs_Turtle	0.00740783371168961	0.0183729990922156	1.8e-02
Alligators_vs_Artiyodactyla	0.00146335261689112	0.00488060462398323	4.9e-03
Alligators_vs_Birds	0.00152518894499476	0.00488060462398323	4.9e-03
Alligators_vs_Caniformia	0.0716541667802316	0.124315662847631	1.2e-01
Alligators_vs_Chiroptera	0.458977475385311	0.524545686154641	5.2e-01
Alligators_vs_Feliformia	0.0079105968313706	0.0183729990922156	1.8e-02
Alligators_vs_Monotremata	0.276500480083433	0.334588816235414	3.3e-01
Alligators_vs_Perissodactyla	0.0284295359987965	0.0568590719975931	5.7e-02
Alligators_vs_Primates	0.0997719705186897	0.151371853043335	1.5e-01
Alligators_vs_Reptile	0.485044621620393	0.545675199322942	5.5e-01
Alligators_vs_Rodents	0.36644291527876	0.429006339838548	4.3e-01
Alligators_vs_Turtle	0.0127806714228524	0.0270649512483933	2.7e-02
Artiyodactyla_vs_Alligators	0.00146335261689112	0.00488060462398323	4.9e-03
Artiyodactyla_vs_Birds	0.000679464322377795	0.00252388560233195	2.5e-03
Artiyodactyla_vs_Caniformia	2.49851403731482e-08	4.49732526716668e-07	4.5e-07
Artiyodactyla_vs_Chiroptera	5.96663092185146e-07	8.59194852746611e-06	8.6e-06
Artiyodactyla_vs_Feliformia	0.000296887896652127	0.00142506190393021	1.4e-03
Artiyodactyla_vs_Monotremata	0.100898086259251	0.151371853043335	1.5e-01
Artiyodactyla_vs_Perissodactyla	0.0449146337644695	0.0874014494876163	8.7e-02
Artiyodactyla_vs_Primates	2.04661740245104e-08	4.49732526716668e-07	4.5e-07
Artiyodactyla_vs_Reptile	1.08535131766493e-05	0.00011163613553125	1.1e-04
Artiyodactyla_vs_Rodents	0.636324838648183	0.694172551252564	6.9e-01
Artiyodactyla_vs_Turtle	0.915741735135438	0.935225601840447	9.4e-01
Birds_vs_Alligators	0.00152518894499476	0.00488060462398323	4.9e-03
Birds_vs_Artiyodactyla	0.000679464322377795	0.00252388560233195	2.5e-03
Birds_vs_Caniformia	1.94057328529229e-06	2.32868794235075e-05	2.3e-05
Birds_vs_Chiroptera	1.75043225959152e-08	4.49732526716668e-07	4.5e-07
Birds_vs_Feliformia	5.04078228658899e-05	0.000329942113304007	3.3e-04
Birds_vs_Monotremata	0.0864662618075141	0.146484020003318	1.5e-01
Birds_vs_Perissodactyla	0.870019581580992	0.921197204026932	9.2e-01
Birds_vs_Primates	2.2304146516529e-08	4.49732526716668e-07	4.5e-07
Birds_vs_Reptile	1.44362019425838e-05	0.000129925817483254	1.3e-04
Birds_vs_Rodents	0.982498916474269	0.982498916474269	9.8e-01
Birds_vs_Turtle	0.0647664203305813	0.115140302809922	1.2e-01
Caniformia_vs_Alligators	0.0716541667802316	0.124315662847631	1.2e-01
Caniformia_vs_Artiyodactyla	2.49851403731482e-08	4.49732526716668e-07	4.5e-07
Caniformia_vs_Birds	1.94057328529229e-06	2.32868794235075e-05	2.3e-05
Caniformia_vs_Chiroptera	0.000209643144718747	0.00116057580074211	1.2e-03
Caniformia_vs_Feliformia	4.29519349037505e-05	0.000309253931307003	3.1e-04
Caniformia_vs_Monotremata	0.100914568695557	0.151371853043335	1.5e-01
Caniformia_vs_Perissodactyla	0.00932294544657505	0.0209766272547939	2.1e-02
Caniformia_vs_Primates	0.563930133067513	0.624661070474784	6.2e-01
Caniformia_vs_Reptile	0.00430662135989503	0.0119260283812478	1.2e-02
Caniformia_vs_Rodents	0.224240786644856	0.296244708962012	3.0e-01
Caniformia_vs_Turtle	0.000225667516810966	0.00116057580074211	1.2e-03
Chiroptera_vs_Alligators	0.458977475385311	0.524545686154641	5.2e-01
Chiroptera_vs_Artiyodactyla	5.96663092185146e-07	8.59194852746611e-06	8.6e-06
Chiroptera_vs_Birds	1.75043225959152e-08	4.49732526716668e-07	4.5e-07
Chiroptera_vs_Caniformia	0.000209643144718747	0.00116057580074211	1.2e-03
Chiroptera_vs_Feliformia	0.000180029388851463	0.00108017633310878	1.1e-03
Chiroptera_vs_Monotremata	0.132746372998774	0.193085633452762	1.9e-01
Chiroptera_vs_Perissodactyla	0.00367062412934863	0.0107871402984939	1.1e-02
Chiroptera_vs_Primates	0.00095312800541048	0.00334757153119779	3.3e-03
Chiroptera_vs_Reptile	0.348205192867829	0.414392956801384	4.1e-01
Chiroptera_vs_Rodents	0.051893561624978	0.0958034983845748	9.6e-02
Chiroptera_vs_Turtle	0.000683552350631568	0.00252388560233195	2.5e-03
Feliformia_vs_Alligators	0.0079105968313706	0.0183729990922156	1.8e-02
Feliformia_vs_Artiyodactyla	0.000296887896652127	0.00142506190393021	1.4e-03
Feliformia_vs_Birds	5.04078228658899e-05	0.000329942113304007	3.3e-04
Feliformia_vs_Caniformia	4.29519349037505e-05	0.000309253931307003	3.1e-04
Feliformia_vs_Chiroptera	0.000180029388851463	0.00108017633310878	1.1e-03
Feliformia_vs_Monotremata	0.167981857832035	0.234848422600126	2.3e-01
Feliformia_vs_Perissodactyla	0.0079105968313706	0.0183729990922156	1.8e-02
Feliformia_vs_Primates	1.64120519846942e-05	0.000131296415877554	1.3e-04
Feliformia_vs_Reptile	0.000601946215162383	0.00247657871381095	2.5e-03
Feliformia_vs_Rodents	0.0941159565475542	0.151371853043335	1.5e-01
Feliformia_vs_Turtle	0.0051044720308555	0.0136119254156147	1.4e-02
Monotremata_vs_Alligators	0.276500480083433	0.334588816235414	3.3e-01
Monotremata_vs_Artiyodactyla	0.100898086259251	0.151371853043335	1.5e-01
Monotremata_vs_Birds	0.0864662618075141	0.146484020003318	1.5e-01
Monotremata_vs_Caniformia	0.100914568695557	0.151371853043335	1.5e-01
Monotremata_vs_Chiroptera	0.132746372998774	0.193085633452762	1.9e-01
Monotremata_vs_Feliformia	0.167981857832035	0.234848422600126	2.3e-01
Monotremata_vs_Perissodactyla	0.276500480083433	0.334588816235414	3.3e-01
Monotremata_vs_Primates	0.100666296358817	0.151371853043335	1.5e-01
Monotremata_vs_Reptile	0.159885505204522	0.227955571776744	2.3e-01
Monotremata_vs_Rodents	0.266666666666667	0.333913043478261	3.3e-01
Monotremata_vs_Turtle	0.194567091954753	0.266834868966518	2.7e-01
Perissodactyla_vs_Alligators	0.0284295359987965	0.0568590719975931	5.7e-02
Perissodactyla_vs_Artiyodactyla	0.0449146337644695	0.0874014494876163	8.7e-02
Perissodactyla_vs_Birds	0.870019581580992	0.921197204026932	9.2e-01
Perissodactyla_vs_Caniformia	0.00932294544657505	0.0209766272547939	2.1e-02
Perissodactyla_vs_Chiroptera	0.00367062412934863	0.0107871402984939	1.1e-02
Perissodactyla_vs_Feliformia	0.0079105968313706	0.0183729990922156	1.8e-02
Perissodactyla_vs_Monotremata	0.276500480083433	0.334588816235414	3.3e-01
Perissodactyla_vs_Primates	0.0216522271614728	0.0445417244464584	4.5e-02
Perissodactyla_vs_Reptile	0.0104638833625341	0.0228302909728016	2.3e-02
Perissodactyla_vs_Rodents	0.915337496472256	0.935225601840447	9.4e-01
Perissodactyla_vs_Turtle	0.233738026367035	0.301838995064146	3.0e-01
Primates_vs_Alligators	0.0997719705186897	0.151371853043335	1.5e-01
Primates_vs_Artiyodactyla	2.04661740245104e-08	4.49732526716668e-07	4.5e-07
Primates_vs_Birds	2.2304146516529e-08	4.49732526716668e-07	4.5e-07
Primates_vs_Caniformia	0.563930133067513	0.624661070474784	6.2e-01
Primates_vs_Chiroptera	0.00095312800541048	0.00334757153119779	3.3e-03
Primates_vs_Feliformia	1.64120519846942e-05	0.000131296415877554	1.3e-04
Primates_vs_Monotremata	0.100666296358817	0.151371853043335	1.5e-01
Primates_vs_Perissodactyla	0.0216522271614728	0.0445417244464584	4.5e-02
Primates_vs_Reptile	0.00765177517936044	0.0183729990922156	1.8e-02
Primates_vs_Rodents	0.205719846719778	0.276856616146243	2.8e-01
Primates_vs_Turtle	0.000414140415386169	0.00186363186923776	1.9e-03
Reptile_vs_Alligators	0.485044621620393	0.545675199322942	5.5e-01
Reptile_vs_Artiyodactyla	1.08535131766493e-05	0.00011163613553125	1.1e-04
Reptile_vs_Birds	1.44362019425838e-05	0.000129925817483254	1.3e-04
Reptile_vs_Caniformia	0.00430662135989503	0.0119260283812478	1.2e-02
Reptile_vs_Chiroptera	0.348205192867829	0.414392956801384	4.1e-01
Reptile_vs_Feliformia	0.000601946215162383	0.00247657871381095	2.5e-03
Reptile_vs_Monotremata	0.159885505204522	0.227955571776744	2.3e-01
Reptile_vs_Perissodactyla	0.0104638833625341	0.0228302909728016	2.3e-02
Reptile_vs_Primates	0.00765177517936044	0.0183729990922156	1.8e-02
Reptile_vs_Rodents	0.0470571233559836	0.0891608653060741	8.9e-02
Reptile_vs_Turtle	0.00167363596270264	0.00512773571551448	5.1e-03
Rodents_vs_Alligators	0.36644291527876	0.429006339838548	4.3e-01
Rodents_vs_Artiyodactyla	0.636324838648183	0.694172551252564	6.9e-01
Rodents_vs_Birds	0.982498916474269	0.982498916474269	9.8e-01
Rodents_vs_Caniformia	0.224240786644856	0.296244708962012	3.0e-01
Rodents_vs_Chiroptera	0.051893561624978	0.0958034983845748	9.6e-02
Rodents_vs_Feliformia	0.0941159565475542	0.151371853043335	1.5e-01
Rodents_vs_Monotremata	0.266666666666667	0.333913043478261	3.3e-01
Rodents_vs_Perissodactyla	0.915337496472256	0.935225601840447	9.4e-01
Rodents_vs_Primates	0.205719846719778	0.276856616146243	2.8e-01
Rodents_vs_Reptile	0.0470571233559836	0.0891608653060741	8.9e-02
Rodents_vs_Turtle	0.710106446210982	0.763099464584936	7.6e-01
Turtle_vs_Alligators	0.0127806714228524	0.0270649512483933	2.7e-02
Turtle_vs_Artiyodactyla	0.915741735135438	0.935225601840447	9.4e-01
Turtle_vs_Birds	0.0647664203305813	0.115140302809922	1.2e-01
Turtle_vs_Caniformia	0.000225667516810966	0.00116057580074211	1.2e-03
Turtle_vs_Chiroptera	0.000683552350631568	0.00252388560233195	2.5e-03
Turtle_vs_Feliformia	0.0051044720308555	0.0136119254156147	1.4e-02
Turtle_vs_Monotremata	0.194567091954753	0.266834868966518	2.7e-01
Turtle_vs_Perissodactyla	0.233738026367035	0.301838995064146	3.0e-01
Turtle_vs_Primates	0.000414140415386169	0.00186363186923776	1.9e-03
Turtle_vs_Reptile	0.00167363596270264	0.00512773571551448	5.1e-03
Turtle_vs_Rodents	0.710106446210982	0.763099464584936	7.6e-01
