

TREE # 1

  0  0.0000   6277.792231  x:  0.04913   0.01391   0.10767   0.02276   0.09500   0.09959   0.01553   0.04835   0.04153   0.05159   0.09269   0.07857   0.03566   0.05434   0.03922   0.08850   0.01909   0.07747   0.10451   0.04855   0.02471   0.10224   0.06591   0.07485   0.05756   0.07997   0.02896   0.03900   0.10274   0.07078   0.07847   0.02296   0.07734   0.08615   0.08555   0.08015   0.01856   0.03376   0.04997   0.03860   0.07532   0.45601   0.44541   0.49436  
  1 99.0000   4908.560650  x:  0.14469   1.55713   0.23746   0.20892   0.20143   0.13071   0.58317   0.16487   0.11728   0.20010   0.05937   0.04901   0.05091   0.19170   0.14242   0.22086   1.67078   0.15096   0.23365   0.48091   0.00000   0.08790   0.04471   0.04554   0.03957   0.10404   0.19304   0.10151   0.15962   0.08365   0.05458   0.18701   0.11448   0.10881   0.17542   0.05718   0.12826   0.04066   0.03039   0.10612   0.09008   0.46986   0.47487   0.49617  
  2 8841.3699   4864.523602  x:  0.14516   1.54315   0.25446   0.20801   0.23220   0.13742   0.56723   0.16427   0.12718   0.22432   0.01193   0.00880   0.03833   0.21338   0.14634   0.21236   1.67270   0.13513   0.23682   0.53011   0.00000   0.07439   0.02193   0.00000   0.02066   0.11842   0.18880   0.09954   0.19153   0.09218   0.02850   0.17314   0.12605   0.12014   0.21007   0.02402   0.11243   0.02954   0.00270   0.11382   0.09372   0.46736   0.48936   0.49878  
  3 374.1674   4858.111059  x:  0.14502   1.53992   0.25833   0.20755   0.23887   0.13875   0.56341   0.16417   0.12899   0.22939   0.00000   0.00425   0.03554   0.21779   0.14710   0.21024   1.67350   0.13123   0.23735   0.54137   0.00000   0.07205   0.02043   0.00000   0.02035   0.12079   0.18765   0.09867   0.19739   0.09346   0.02398   0.17014   0.12813   0.12230   0.21713   0.01891   0.10926   0.02899   0.01133   0.11537   0.09434   0.46683   0.49273   0.49948  
  4 883.2256   4845.792625  x:  0.14381   1.52592   0.27499   0.20486   0.26679   0.14395   0.54643   0.16382   0.13562   0.25002   0.00000   0.02944   0.02391   0.23542   0.15001   0.20063   1.67795   0.11360   0.23910   0.58999   0.00000   0.06408   0.02324   0.00000   0.02667   0.12884   0.18222   0.09380   0.21968   0.09639   0.00985   0.15775   0.13574   0.13052   0.24521   0.00000   0.09682   0.03108   0.02415   0.12102   0.09582   0.46454   0.50737   0.50279  
  5 843.4618   4837.986131  x:  0.14282   1.51481   0.28817   0.20270   0.28884   0.14803   0.53297   0.16355   0.14083   0.26627   0.00000   0.04576   0.01483   0.24930   0.15230   0.19300   1.68150   0.09962   0.24045   0.62841   0.00000   0.05793   0.02479   0.00000   0.03059   0.13516   0.17792   0.08995   0.23728   0.09858   0.00000   0.14804   0.14172   0.13701   0.26739   0.00624   0.08719   0.03259   0.03146   0.12541   0.09694   0.46275   0.51894   0.50540  
  6 2492.3021   4826.689601  x:  0.14005   1.49396   0.31241   0.19777   0.32857   0.15481   0.50745   0.16325   0.14910   0.29486   0.00000   0.06546   0.00000   0.27319   0.15612   0.17839   1.68931   0.07293   0.24225   0.69928   0.00000   0.05030   0.02900   0.00000   0.03625   0.14447   0.16944   0.08213   0.26627   0.10147   0.03171   0.13212   0.15173   0.14858   0.30599   0.01201   0.07218   0.03603   0.04134   0.13224   0.09816   0.45960   0.54036   0.51050  
  7 1277.1442   4814.062024  x:  0.11317   1.43942   0.35988   0.16976   0.39113   0.15181   0.43785   0.16710   0.13985   0.32629   0.00000   0.05606   0.04868   0.28687   0.15679   0.14161   1.73162   0.00000   0.23140   0.84979   0.00000   0.12488   0.06352   0.00000   0.03609   0.11329   0.14177   0.05126   0.25700   0.05304   0.03295   0.13453   0.13253   0.12940   0.33146   0.01142   0.12109   0.05359   0.03652   0.11796   0.08381   0.44804   0.58669   0.52732  
  8 189.7585   4806.396387  x:  0.07538   1.37741   0.39557   0.14768   0.41840   0.13598   0.37216   0.17294   0.10367   0.30554   0.00000   0.05806   0.02704   0.25923   0.14415   0.13888   1.79415   0.00000   0.21898   0.96550   0.00000   0.11592   0.04368   0.00000   0.04439   0.09138   0.12949   0.08075   0.20992   0.07305   0.03236   0.16218   0.11056   0.10720   0.30648   0.01192   0.13363   0.02694   0.03632   0.10509   0.08952   0.44718   0.62129   0.54713  
  9 114.2584   4803.901972  x:  0.05868   1.33679   0.41188   0.14297   0.42194   0.13328   0.34256   0.17898   0.09640   0.28670   0.00000   0.05514   0.02233   0.23974   0.14349   0.14538   1.83448   0.00000   0.21150   1.01416   0.00000   0.10227   0.03594   0.00000   0.03802   0.10571   0.12980   0.07993   0.18831   0.07338   0.03063   0.17003   0.11565   0.11256   0.28038   0.01120   0.13204   0.06290   0.03433   0.10912   0.08898   0.45224   0.63464   0.56017  
 10 123.7677   4801.550071  x:  0.05203   1.27718   0.42744   0.14748   0.41210   0.13993   0.32164   0.18737   0.11033   0.26416   0.00000   0.05339   0.03905   0.22189   0.15197   0.15868   1.89025   0.00000   0.20238   1.05176   0.00000   0.08862   0.05161   0.00000   0.03549   0.11523   0.14021   0.06600   0.18701   0.06781   0.03011   0.16579   0.12886   0.12706   0.24592   0.01125   0.12256   0.04313   0.03367   0.11727   0.08522   0.46123   0.64283   0.57935  
 11 80.5945   4799.052052  x:  0.06630   1.16368   0.44005   0.15919   0.37873   0.14351   0.32334   0.18927   0.12049   0.24519   0.00000   0.05305   0.04547   0.22402   0.15889   0.17423   1.98941   0.00000   0.18912   1.07581   0.00000   0.10090   0.04115   0.00000   0.04285   0.09703   0.16050   0.07900   0.21987   0.07113   0.03108   0.14454   0.12023   0.11812   0.23447   0.01120   0.11408   0.05376   0.03334   0.10961   0.08968   0.46651   0.64260   0.61580  
 12 57.5571   4796.565144  x:  0.07804   1.02913   0.43641   0.15854   0.34543   0.13838   0.34400   0.18090   0.11005   0.25147   0.00000   0.05864   0.03441   0.23976   0.15097   0.17950   2.10737   0.00000   0.18033   1.08072   0.00000   0.10653   0.03745   0.00000   0.02804   0.11889   0.15949   0.07761   0.21775   0.05516   0.03223   0.14654   0.12016   0.11259   0.25372   0.01151   0.11923   0.04433   0.03717   0.11120   0.08548   0.45930   0.63425   0.66103  
 13 83.9900   4795.387047  x:  0.08141   0.95523   0.42727   0.15343   0.33909   0.13892   0.35584   0.17648   0.10883   0.26455   0.00000   0.05195   0.03437   0.24576   0.14674   0.17791   2.17360   0.00000   0.18114   1.07514   0.00000   0.10137   0.04540   0.00000   0.04623   0.11559   0.14985   0.07013   0.20922   0.06804   0.03050   0.15437   0.12590   0.12101   0.26639   0.01108   0.12336   0.04729   0.03246   0.11490   0.08607   0.45528   0.62766   0.68803  
 14 103.5038   4794.819594  x:  0.08308   0.92294   0.41786   0.15019   0.35247   0.14320   0.35756   0.17667   0.11533   0.27330   0.00000   0.05471   0.03665   0.24311   0.14849   0.17281   2.20533   0.00000   0.18715   1.06524   0.00000   0.09372   0.04487   0.00000   0.03387   0.10110   0.14236   0.06945   0.20387   0.06995   0.03054   0.15607   0.12558   0.12436   0.26894   0.01119   0.12106   0.04953   0.03423   0.11417   0.08868   0.45630   0.62381   0.70352  
 15 46.3786   4794.379796  x:  0.08733   0.89989   0.40640   0.14869   0.38052   0.14546   0.35136   0.17879   0.11899   0.27714   0.00000   0.05404   0.03613   0.23582   0.15266   0.16235   2.23271   0.00000   0.19583   1.04924   0.00000   0.09341   0.04037   0.00000   0.04072   0.10811   0.13827   0.07371   0.20483   0.06318   0.03086   0.15242   0.12147   0.11979   0.26564   0.01118   0.11752   0.04834   0.03377   0.11123   0.08651   0.45983   0.62121   0.72195  
 16 30.1888   4794.169976  x:  0.09073   0.89230   0.40222   0.14896   0.39506   0.14153   0.34369   0.17960   0.11263   0.27415   0.00000   0.05408   0.03236   0.23452   0.15262   0.15525   2.24453   0.00000   0.19809   1.03938   0.00000   0.09930   0.04531   0.00000   0.03678   0.11082   0.14025   0.07244   0.21056   0.07017   0.03053   0.15048   0.12384   0.11970   0.26339   0.01116   0.11854   0.04788   0.03389   0.11327   0.08677   0.46077   0.62170   0.73481  
 17 22.2656   4794.004746  x:  0.09206   0.89123   0.40309   0.15054   0.40141   0.13781   0.33439   0.18076   0.10707   0.26996   0.00000   0.05411   0.03091   0.23998   0.15071   0.15119   2.24929   0.00000   0.19639   1.03156   0.00000   0.09715   0.04176   0.00000   0.03892   0.10580   0.14537   0.06890   0.21204   0.06441   0.03048   0.15082   0.12729   0.12453   0.26561   0.01113   0.11870   0.04721   0.03387   0.11558   0.08852   0.45907   0.62518   0.75069  
 18 11.8084   4793.572564  x:  0.08651   0.89508   0.41252   0.15205   0.40525   0.13956   0.31328   0.18520   0.11177   0.26697   0.00000   0.05502   0.04008   0.25471   0.14764   0.14887   2.25109   0.00000   0.19070   1.01690   0.00000   0.08846   0.04209   0.00000   0.03713   0.11022   0.15264   0.07162   0.21046   0.06995   0.03089   0.15291   0.12318   0.12330   0.27771   0.01125   0.11848   0.04800   0.03426   0.11132   0.08394   0.45298   0.63931   0.80340  
 19 15.4833   4792.497482  x:  0.07015   0.90851   0.44010   0.14958   0.40423   0.15083   0.29797   0.18735   0.12469   0.27520   0.00000   0.05276   0.02177   0.25677   0.14873   0.15810   2.23789   0.00000   0.19203   1.00391   0.00000   0.09468   0.04624   0.00000   0.03758   0.11098   0.14103   0.06629   0.21019   0.06730   0.03052   0.14808   0.12508   0.11380   0.28944   0.01096   0.11046   0.04711   0.03235   0.11855   0.10274   0.45128   0.67493   0.94444  
 20 29.6825   4790.769520  x:  0.06358   0.92659   0.47673   0.14395   0.40542   0.15355   0.30500   0.18336   0.11912   0.29767   0.00000   0.05485   0.01052   0.24409   0.15550   0.16680   2.20328   0.00000   0.20270   1.00829   0.00000   0.09710   0.03470   0.00000   0.03632   0.10715   0.12395   0.07014   0.22253   0.06862   0.03051   0.14195   0.13168   0.13260   0.29399   0.01103   0.10765   0.04429   0.03319   0.11744   0.07670   0.45486   0.72228   1.16533  
 21 84.1043   4789.075610  x:  0.07424   0.94087   0.49776   0.14257   0.41625   0.14360   0.33396   0.17627   0.10067   0.31931   0.00000   0.05558   0.02794   0.23500   0.16021   0.16218   2.15582   0.00000   0.21402   1.03773   0.00000   0.07517   0.03592   0.00000   0.03422   0.11447   0.12683   0.07892   0.23502   0.06729   0.03167   0.14264   0.13274   0.13637   0.29359   0.01119   0.10544   0.04467   0.03287   0.11604   0.09755   0.45773   0.75552   1.39271  
 22 111.8981   4787.168859  x:  0.08341   0.95548   0.48269   0.15210   0.43656   0.14101   0.37527   0.17629   0.11496   0.31722   0.00000   0.05176   0.00993   0.24660   0.15640   0.14257   2.09738   0.00000   0.21503   1.09788   0.00000   0.05783   0.04149   0.00000   0.03370   0.10955   0.15182   0.06718   0.23252   0.06904   0.03134   0.14922   0.12972   0.12199   0.28884   0.01080   0.09732   0.04665   0.02997   0.12005   0.08637   0.45275   0.75788   1.63180  
 23 88.9952   4785.997775  x:  0.08049   0.96642   0.45760   0.15640   0.44740   0.14448   0.39237   0.17828   0.12742   0.30971   0.00000   0.05644   0.01266   0.25878   0.15366   0.13587   2.06244   0.00000   0.21447   1.14132   0.00000   0.07115   0.02529   0.00000   0.03334   0.11464   0.15984   0.06888   0.22510   0.07746   0.03230   0.15068   0.13632   0.13330   0.29070   0.01136   0.09136   0.04294   0.03180   0.12413   0.09366   0.45072   0.74209   1.77441  
 24 117.7905   4785.086566  x:  0.07586   0.98018   0.42591   0.15800   0.45070   0.14809   0.39030   0.17802   0.12694   0.29840   0.00000   0.05345   0.00714   0.26852   0.15319   0.14384   2.03694   0.00000   0.21473   1.18168   0.00000   0.06852   0.03656   0.00000   0.03259   0.11456   0.15194   0.08582   0.22724   0.07126   0.03176   0.13926   0.13837   0.14742   0.30165   0.01105   0.09063   0.04318   0.02984   0.11965   0.09654   0.45343   0.70776   1.88777  
 25 77.1094   4784.291871  x:  0.08113   0.99506   0.40074   0.15579   0.44741   0.15049   0.37429   0.17556   0.12080   0.29462   0.00000   0.05518   0.01102   0.27044   0.15500   0.15663   2.01875   0.00000   0.21385   1.21590   0.00000   0.05830   0.02911   0.00000   0.03266   0.11455   0.13411   0.07386   0.23855   0.07382   0.03285   0.13202   0.13890   0.13837   0.31129   0.01121   0.09308   0.04209   0.03048   0.12312   0.09509   0.45807   0.66294   1.97638  
 26 66.0212   4783.994956  x:  0.09493   1.00046   0.39976   0.15489   0.44449   0.15131   0.36067   0.17540   0.12101   0.30304   0.00000   0.05469   0.00937   0.26542   0.15575   0.16077   2.01207   0.00000   0.21112   1.22836   0.00000   0.06117   0.03038   0.00000   0.03243   0.11434   0.13449   0.07404   0.24020   0.07276   0.03265   0.14341   0.13858   0.13895   0.31589   0.01117   0.08301   0.04248   0.03013   0.12247   0.09477   0.45910   0.63687   2.00526  
 27 27.9943   4783.894032  x:  0.09838   1.00131   0.40394   0.15444   0.44365   0.15180   0.35575   0.17672   0.12447   0.30991   0.00000   0.05499   0.00599   0.26232   0.15632   0.15965   2.01013   0.00000   0.20904   1.23146   0.00000   0.06024   0.02946   0.00000   0.03241   0.11505   0.13871   0.07550   0.23951   0.07316   0.03272   0.14178   0.13910   0.14079   0.31555   0.01119   0.09060   0.04203   0.03021   0.12325   0.09635   0.45817   0.62489   2.01059  
 28 12.9790   4783.787620  x:  0.09160   1.00131   0.41227   0.15259   0.44366   0.14847   0.35478   0.17793   0.12243   0.31740   0.00000   0.05444   0.00662   0.26234   0.15563   0.15571   2.01054   0.00000   0.20785   1.23277   0.00000   0.06033   0.02955   0.00000   0.03243   0.11452   0.14260   0.07619   0.23701   0.07363   0.03264   0.13359   0.14019   0.13966   0.31326   0.01113   0.08604   0.04184   0.02981   0.12487   0.09545   0.45473   0.61167   2.00671  
 29  7.3062   4783.560907  x:  0.07454   0.99556   0.43140   0.15355   0.44932   0.14925   0.35793   0.17886   0.12074   0.31727   0.00000   0.05421   0.00496   0.26947   0.15777   0.15244   2.01152   0.00000   0.21334   1.23366   0.00000   0.05959   0.02918   0.00000   0.03233   0.11596   0.14346   0.07377   0.24539   0.07293   0.03250   0.14148   0.13985   0.14067   0.31063   0.01111   0.08668   0.04158   0.02971   0.11894   0.09690   0.45796   0.59413   1.98093  
 30  7.4974   4783.025749  x:  0.07557   0.98100   0.46404   0.15492   0.46330   0.15547   0.36171   0.17449   0.12207   0.30160   0.00000   0.05249   0.00931   0.27592   0.15301   0.15236   2.01640   0.00000   0.22522   1.23910   0.00000   0.05931   0.03000   0.00000   0.03265   0.11597   0.13820   0.08187   0.24479   0.07285   0.03219   0.14269   0.13896   0.13868   0.32104   0.01095   0.08821   0.04127   0.02823   0.13945   0.09310   0.46150   0.58364   1.89816  
 31 14.7029   4781.555813  x:  0.09379   0.95028   0.50518   0.15012   0.48300   0.16055   0.36153   0.16769   0.12685   0.27900   0.00000   0.04720   0.00509   0.27565   0.14897   0.14932   2.03729   0.00000   0.22927   1.25730   0.00000   0.05777   0.02880   0.00000   0.03230   0.12261   0.12779   0.06731   0.23825   0.07864   0.03029   0.12458   0.14189   0.14589   0.34469   0.01032   0.08217   0.03806   0.02440   0.11546   0.09863   0.45173   0.59431   1.66879  
 32 46.0630   4777.823370  x:  0.08210   0.89023   0.51123   0.14594   0.49838   0.15583   0.34114   0.17422   0.13310   0.29901   0.00000   0.03905   0.00000   0.27312   0.16587   0.14925   2.07768   0.00000   0.20805   1.29264   0.00000   0.05335   0.02716   0.00000   0.03239   0.12867   0.13180   0.07277   0.26587   0.07771   0.02829   0.12839   0.15827   0.14101   0.37176   0.00944   0.07755   0.03459   0.01836   0.12517   0.09831   0.44115   0.65085   1.22676  
 33 100.1536   4777.823370  x:  0.08210   0.89023   0.51123   0.14594   0.49838   0.15583   0.34114   0.17422   0.13310   0.29901   0.00000   0.03905   0.00000   0.27312   0.16587   0.14925   2.07768   0.00000   0.20805   1.29264   0.00000   0.05335   0.02716   0.00000   0.03239   0.12867   0.13180   0.07277   0.26587   0.07771   0.02829   0.12839   0.15827   0.14101   0.37176   0.00944   0.07755   0.03459   0.01836   0.12517   0.09831   0.44115   0.65085   1.22676  
 34 66.8703   4774.043339  x:  0.08234   0.89433   0.50895   0.14737   0.49933   0.15607   0.34189   0.17506   0.13358   0.30457   0.00000   0.00790   0.00640   0.27638   0.16512   0.14929   2.08106   0.00000   0.20894   1.29509   0.00000   0.05907   0.01946   0.00000   0.02141   0.12936   0.13351   0.07334   0.26939   0.08002   0.01268   0.12988   0.15548   0.14120   0.37267   0.00758   0.08179   0.03119   0.01068   0.12595   0.09736   0.44210   0.65187   1.22643  
 35 138.5458   4773.870951  x:  0.08240   0.89590   0.50808   0.14786   0.49969   0.15609   0.34218   0.17532   0.13357   0.30637   0.00000   0.00553   0.00666   0.27747   0.16474   0.14922   2.08239   0.00000   0.20923   1.29605   0.00000   0.05989   0.02059   0.00000   0.02192   0.12957   0.13404   0.07343   0.27054   0.08104   0.01175   0.13042   0.15463   0.14150   0.37305   0.01040   0.08278   0.03105   0.01340   0.12623   0.09715   0.44250   0.65226   1.22631  
 36 64.1581   4773.391622  x:  0.08276   0.90579   0.50261   0.15086   0.50195   0.15621   0.34396   0.17690   0.13356   0.31767   0.00000   0.00911   0.00882   0.28426   0.16244   0.14874   2.09081   0.00000   0.21103   1.30210   0.00000   0.06488   0.02270   0.00000   0.02177   0.13082   0.13724   0.07394   0.27761   0.08714   0.00609   0.13366   0.14943   0.14329   0.37542   0.01110   0.08862   0.02984   0.01538   0.12777   0.09578   0.44490   0.65470   1.22550  
 37 64.3197   4772.720672  x:  0.08327   0.92370   0.49272   0.15588   0.50603   0.15628   0.34707   0.17949   0.13326   0.33699   0.00000   0.00798   0.00951   0.29587   0.15838   0.14759   2.10628   0.00000   0.21408   1.31315   0.00000   0.07037   0.02452   0.00000   0.02392   0.13274   0.14236   0.07435   0.28934   0.09709   0.01348   0.13898   0.14126   0.14673   0.37969   0.00814   0.09657   0.02960   0.01487   0.13009   0.09376   0.44888   0.65906   1.22400  
 38 168.0170   4772.249424  x:  0.08332   0.94082   0.48349   0.15899   0.50955   0.15585   0.34949   0.18078   0.13231   0.35094   0.00000   0.00865   0.00190   0.30406   0.15557   0.14590   2.12198   0.00000   0.21609   1.32408   0.00000   0.06469   0.01854   0.00000   0.02444   0.13310   0.14459   0.07270   0.29654   0.09804   0.01343   0.14046   0.13832   0.14761   0.38297   0.01329   0.09474   0.03351   0.01096   0.13054   0.09385   0.45028   0.66275   1.22242  
 39 68.8870   4772.046792  x:  0.08327   0.94584   0.48086   0.15955   0.51051   0.15572   0.35006   0.18097   0.13211   0.35428   0.00000   0.00823   0.00000   0.30593   0.15513   0.14534   2.12680   0.00000   0.21654   1.32737   0.00000   0.06255   0.01939   0.00000   0.02429   0.13297   0.14478   0.07202   0.29788   0.09722   0.01275   0.14033   0.13833   0.14749   0.38378   0.01202   0.09316   0.03365   0.01153   0.13041   0.09417   0.45026   0.66372   1.22192  
 40 102.6268   4771.591584  x:  0.08293   0.97036   0.46903   0.15979   0.51473   0.15561   0.35166   0.18084   0.13332   0.36600   0.00000   0.00954   0.00699   0.31130   0.15663   0.14243   2.15242   0.00000   0.21781   1.34417   0.00000   0.06093   0.01704   0.00000   0.02134   0.13153   0.14290   0.06901   0.29968   0.08835   0.01540   0.13702   0.14318   0.14545   0.38679   0.01268   0.08495   0.02801   0.01452   0.12865   0.09595   0.44773   0.66741   1.21923  
 41 70.9733   4771.330435  x:  0.08293   0.98598   0.46230   0.15912   0.51706   0.15547   0.35210   0.18018   0.13408   0.37013   0.00000   0.00915   0.01056   0.31244   0.15835   0.14087   2.17013   0.00000   0.21809   1.35538   0.00000   0.06396   0.02072   0.00000   0.02520   0.13065   0.14082   0.06825   0.29895   0.08244   0.01508   0.13449   0.14705   0.14379   0.38818   0.01413   0.08265   0.02992   0.01059   0.12748   0.09648   0.44547   0.66907   1.21733  
 42 89.6023   4771.012011  x:  0.08363   1.00745   0.45499   0.15721   0.51950   0.15496   0.35166   0.17836   0.13433   0.36899   0.00000   0.00904   0.00857   0.30958   0.16107   0.13969   2.19768   0.00000   0.21748   1.37197   0.00000   0.07105   0.01721   0.00000   0.02637   0.12998   0.13699   0.07016   0.29499   0.07837   0.01482   0.13164   0.15183   0.14188   0.38910   0.01137   0.08686   0.03631   0.01429   0.12658   0.09604   0.44214   0.66987   1.21426  
 43 64.3308   4770.627859  x:  0.08529   1.03325   0.44848   0.15473   0.52174   0.15431   0.35028   0.17597   0.13412   0.36190   0.00000   0.00962   0.00229   0.30269   0.16394   0.13964   2.23470   0.00000   0.21597   1.39332   0.00000   0.07416   0.01998   0.00000   0.02068   0.12980   0.13251   0.07405   0.28880   0.07944   0.01641   0.13038   0.15491   0.14101   0.38921   0.01385   0.09415   0.03213   0.01242   0.12660   0.09466   0.43918   0.66908   1.21000  
 44 82.1680   4770.335792  x:  0.08709   1.05310   0.44560   0.15321   0.52290   0.15430   0.34867   0.17471   0.13444   0.35334   0.00000   0.00904   0.00266   0.29577   0.16576   0.14097   2.26722   0.00000   0.21438   1.41115   0.00000   0.07057   0.01775   0.00000   0.02662   0.13039   0.12987   0.07658   0.28369   0.08466   0.01488   0.13157   0.15414   0.14166   0.38838   0.01325   0.09717   0.02627   0.01185   0.12749   0.09391   0.43863   0.66677   1.20612  
 45 89.5165   4769.956732  x:  0.08962   1.07778   0.44504   0.15234   0.52363   0.15497   0.34620   0.17438   0.13549   0.33970   0.00000   0.00909   0.01158   0.28623   0.16701   0.14432   2.31437   0.00000   0.21179   1.43561   0.00000   0.06239   0.01906   0.00000   0.02447   0.13158   0.12820   0.07769   0.27757   0.09444   0.01442   0.13552   0.14914   0.14424   0.38616   0.01333   0.09565   0.03219   0.01191   0.12935   0.09387   0.44085   0.66123   1.20027  
 46 95.1425   4769.697937  x:  0.08959   1.08826   0.45144   0.15544   0.52208   0.15506   0.34514   0.17681   0.13421   0.32874   0.00000   0.00907   0.00993   0.28322   0.16272   0.14833   2.35352   0.00000   0.20852   1.45235   0.00000   0.07047   0.01874   0.00000   0.02433   0.13210   0.13151   0.07193   0.27681   0.09506   0.01434   0.13821   0.14229   0.14641   0.38268   0.01327   0.08560   0.03149   0.01207   0.12951   0.09589   0.44745   0.65178   1.19488  
 47 34.7065   4769.362234  x:  0.08287   1.08749   0.46940   0.16103   0.51595   0.15472   0.34557   0.18149   0.13209   0.32101   0.00000   0.00915   0.01259   0.28984   0.15537   0.15275   2.41830   0.00000   0.20181   1.47303   0.00000   0.06642   0.01894   0.00000   0.02458   0.13041   0.13989   0.06823   0.28294   0.08394   0.01514   0.13494   0.14343   0.14437   0.37684   0.01301   0.09483   0.03112   0.01237   0.12689   0.09430   0.45548   0.62846   1.18474  
 48 26.6203   4769.074050  x:  0.07410   1.07478   0.48606   0.15913   0.50822   0.15412   0.34737   0.17983   0.13201   0.32465   0.00000   0.00911   0.01156   0.29835   0.15806   0.15280   2.48374   0.00000   0.19696   1.48799   0.00000   0.06755   0.01887   0.00000   0.02456   0.13124   0.14090   0.07964   0.29128   0.08929   0.01502   0.13339   0.15071   0.14213   0.37427   0.01303   0.08917   0.03146   0.01230   0.12838   0.09445   0.44949   0.60324   1.17336  
 49 30.2932   4768.899019  x:  0.07498   1.05859   0.49295   0.15371   0.50448   0.15519   0.34928   0.17554   0.13417   0.33417   0.00000   0.00908   0.00989   0.29891   0.16326   0.15121   2.52914   0.00000   0.19905   1.49304   0.00000   0.06741   0.01884   0.00000   0.02454   0.13183   0.13376   0.07145   0.29013   0.08873   0.01493   0.13696   0.14586   0.14505   0.37494   0.01299   0.09128   0.03141   0.01229   0.12948   0.09566   0.44178   0.58995   1.16419  
 50 22.5370   4768.754706  x:  0.08545   1.03601   0.48985   0.15399   0.50587   0.15658   0.35123   0.17519   0.13596   0.34382   0.00000   0.00906   0.00917   0.29205   0.16152   0.15091   2.57456   0.00000   0.20739   1.49065   0.00000   0.06736   0.01885   0.00000   0.02453   0.13032   0.13461   0.07608   0.28288   0.08737   0.01487   0.13443   0.14394   0.14430   0.38166   0.01295   0.09009   0.03135   0.01235   0.12721   0.09297   0.44674   0.58745   1.15292  
 51 14.7950   4768.665058  x:  0.08599   1.01858   0.47898   0.15487   0.50894   0.15488   0.35127   0.17745   0.13379   0.34322   0.00000   0.00902   0.00960   0.28957   0.15951   0.14768   2.60641   0.00000   0.20818   1.48411   0.00000   0.06746   0.01887   0.00000   0.02451   0.13209   0.13590   0.07267   0.28207   0.09032   0.01458   0.13531   0.14961   0.14353   0.38427   0.01299   0.09124   0.03138   0.01212   0.12932   0.09864   0.44962   0.59236   1.14325  
 52 14.2912   4768.603797  x:  0.08449   1.00688   0.46888   0.15579   0.51183   0.15366   0.35024   0.17852   0.13246   0.33890   0.00000   0.00900   0.01004   0.29110   0.16023   0.14502   2.62912   0.00000   0.20582   1.47649   0.00000   0.06740   0.01890   0.00000   0.02448   0.13180   0.13643   0.07197   0.28402   0.08988   0.01449   0.13570   0.14788   0.14450   0.38408   0.01287   0.09032   0.03140   0.01228   0.12904   0.09264   0.44798   0.59856   1.13495  
 53 15.6929   4768.581030  x:  0.08606   1.00401   0.46609   0.15668   0.51313   0.15435   0.34931   0.17784   0.13346   0.33648   0.00000   0.00900   0.01005   0.29362   0.16141   0.14578   2.63813   0.00000   0.20456   1.47114   0.00000   0.06724   0.01894   0.00000   0.02449   0.13100   0.13619   0.07425   0.28581   0.08848   0.01462   0.13523   0.14487   0.14476   0.38267   0.01284   0.09071   0.03136   0.01231   0.12799   0.09577   0.44656   0.60201   1.13026  
 54  8.1751   4768.561014  x:  0.09014   1.00503   0.46691   0.15709   0.51383   0.15581   0.34841   0.17634   0.13515   0.33566   0.00000   0.00899   0.00971   0.29647   0.16122   0.14932   2.64634   0.00000   0.20384   1.46227   0.00000   0.06724   0.01896   0.00000   0.02445   0.13177   0.13441   0.07351   0.28761   0.08879   0.01466   0.13554   0.14695   0.14376   0.37973   0.01279   0.09050   0.03138   0.01233   0.12886   0.09475   0.44654   0.60571   1.12319  
 55  4.7848   4768.527445  x:  0.08708   1.01291   0.47068   0.15369   0.51230   0.15403   0.34901   0.17698   0.13256   0.33925   0.00000   0.00895   0.00992   0.29523   0.15841   0.15212   2.65949   0.00000   0.20140   1.44113   0.00000   0.06718   0.01902   0.00000   0.02443   0.13097   0.13327   0.07450   0.28578   0.08880   0.01457   0.13526   0.14666   0.14552   0.37718   0.01272   0.09036   0.03137   0.01234   0.12797   0.09503   0.44700   0.60976   1.10523  
 56  4.4516   4768.508002  x:  0.08437   1.01850   0.47277   0.15498   0.51128   0.15484   0.34954   0.17803   0.13414   0.34004   0.00000   0.00893   0.00929   0.29366   0.16190   0.15099   2.66618   0.00000   0.20193   1.42892   0.00000   0.06706   0.01907   0.00000   0.02438   0.13237   0.13619   0.07384   0.28492   0.08852   0.01464   0.13548   0.14580   0.14307   0.37881   0.01265   0.09038   0.03134   0.01235   0.12910   0.09495   0.44714   0.60993   1.09222  
 57  6.4170   4768.494470  x:  0.08434   1.02225   0.47341   0.15730   0.51086   0.15516   0.34927   0.17724   0.13490   0.33848   0.00000   0.00888   0.00921   0.29348   0.16200   0.14800   2.66931   0.00000   0.20482   1.42254   0.00000   0.06707   0.01908   0.00000   0.02438   0.13058   0.13679   0.07293   0.28620   0.08919   0.01444   0.13542   0.14712   0.14542   0.38182   0.01258   0.09040   0.03136   0.01235   0.12765   0.09499   0.44631   0.60769   1.08038  
 58  4.2003   4768.480381  x:  0.08499   1.02503   0.47259   0.15775   0.51101   0.15451   0.34882   0.17648   0.13384   0.33661   0.00000   0.00886   0.00965   0.29458   0.15943   0.14496   2.67099   0.00000   0.20786   1.41909   0.00000   0.06691   0.01915   0.00000   0.02436   0.13266   0.13469   0.07360   0.28714   0.08822   0.01446   0.13527   0.14610   0.14453   0.38412   0.01247   0.09027   0.03132   0.01241   0.12924   0.09502   0.44601   0.60421   1.06548  
 59  4.6260   4768.443629  x:  0.08600   1.02804   0.46726   0.15469   0.51325   0.15473   0.34915   0.17906   0.13316   0.33608   0.00000   0.00875   0.00917   0.29785   0.16054   0.14466   2.67171   0.00000   0.20933   1.41979   0.00000   0.06684   0.01924   0.00000   0.02433   0.12973   0.13238   0.07318   0.28659   0.08959   0.01435   0.13656   0.14558   0.14087   0.38282   0.01226   0.09005   0.03130   0.01243   0.12707   0.09503   0.44932   0.59666   1.02103  
 60  4.9785   4768.375624  x:  0.08833   1.03155   0.45902   0.15337   0.51691   0.15485   0.34998   0.17998   0.13391   0.33834   0.00000   0.00853   0.00814   0.29920   0.16229   0.14786   2.67194   0.00000   0.20738   1.42592   0.00000   0.06636   0.01946   0.00000   0.02419   0.13321   0.13584   0.07351   0.28481   0.08820   0.01399   0.13483   0.14673   0.14670   0.37876   0.01173   0.08961   0.03123   0.01255   0.12879   0.09510   0.45004   0.58747   0.93770  
 61 20.0891   4768.330237  x:  0.08883   1.03262   0.45805   0.15666   0.51696   0.15375   0.35022   0.17629   0.13392   0.34108   0.00000   0.00842   0.00820   0.29565   0.15886   0.14940   2.67209   0.00000   0.20387   1.43347   0.00000   0.06608   0.01963   0.00000   0.02416   0.13167   0.13823   0.07241   0.28610   0.08866   0.01403   0.13551   0.14615   0.14306   0.37823   0.01141   0.08932   0.03124   0.01266   0.12834   0.09524   0.44561   0.58852   0.88157  
 62 17.0914   4768.295483  x:  0.08661   1.03245   0.46321   0.15813   0.51396   0.15511   0.35044   0.17760   0.13388   0.34185   0.00000   0.00829   0.00773   0.29465   0.16055   0.14823   2.67273   0.00000   0.20307   1.44240   0.00000   0.06580   0.01976   0.00000   0.02407   0.13271   0.13344   0.07312   0.28906   0.08766   0.01380   0.13578   0.14628   0.14399   0.38187   0.01109   0.08908   0.03117   0.01275   0.12770   0.09523   0.44836   0.59777   0.83978  
 63  9.5703   4768.288055  x:  0.08659   1.03251   0.46537   0.15651   0.51314   0.15466   0.35005   0.17828   0.13317   0.34119   0.00000   0.00826   0.00767   0.29703   0.16069   0.14765   2.67318   0.00000   0.20521   1.44474   0.00000   0.06576   0.01979   0.00000   0.02407   0.13176   0.13507   0.07260   0.28765   0.08817   0.01375   0.13473   0.14610   0.14403   0.38252   0.01104   0.08903   0.03118   0.01274   0.12895   0.09526   0.44745   0.60108   0.83260  
 64  3.1669   4768.285494  x:  0.08614   1.03259   0.46595   0.15588   0.51319   0.15464   0.34975   0.17815   0.13353   0.34101   0.00000   0.00825   0.00758   0.29790   0.16028   0.14732   2.67348   0.00000   0.20625   1.44549   0.00000   0.06573   0.01981   0.00000   0.02405   0.13268   0.13589   0.07272   0.28685   0.08808   0.01371   0.13582   0.14634   0.14400   0.38231   0.01102   0.08900   0.03118   0.01275   0.12776   0.09527   0.44709   0.60205   0.83154  
 65  1.4827   4768.275596  x:  0.08317   1.03337   0.46642   0.15589   0.51534   0.15528   0.34887   0.17652   0.13649   0.34170   0.00000   0.00819   0.00709   0.29799   0.15890   0.14566   2.67531   0.00000   0.20839   1.44737   0.00000   0.06559   0.01986   0.00000   0.02401   0.13209   0.13561   0.07277   0.28631   0.08836   0.01360   0.13498   0.14607   0.14412   0.37955   0.01088   0.08888   0.03116   0.01277   0.12843   0.09529   0.44823   0.60306   0.83586  
 66  0.6515   4768.220392  x:  0.08498   1.03958   0.46962   0.15941   0.52432   0.15172   0.34902   0.17766   0.13187   0.34558   0.00000   0.00788   0.00621   0.29636   0.16217   0.13964   2.68598   0.00000   0.21105   1.45602   0.00000   0.06444   0.02027   0.00000   0.02380   0.13189   0.13562   0.07324   0.28857   0.08729   0.01322   0.13608   0.14633   0.14407   0.37259   0.01003   0.08805   0.03110   0.01307   0.12844   0.09548   0.44812   0.60467   0.86858  
 67  2.8055   4768.153433  x:  0.08510   1.04729   0.46750   0.15810   0.52688   0.15713   0.35111   0.18208   0.13223   0.34745   0.00000   0.00748   0.00469   0.29765   0.15896   0.14299   2.69899   0.00000   0.20716   1.46570   0.00000   0.06320   0.02076   0.00000   0.02351   0.13332   0.13507   0.07125   0.29000   0.08829   0.01272   0.13282   0.14594   0.14359   0.37995   0.00905   0.08718   0.03104   0.01335   0.12662   0.09572   0.44425   0.60428   0.91092  
 68  7.6646   4768.125057  x:  0.08453   1.05057   0.46487   0.15746   0.52438   0.15646   0.35120   0.17937   0.13268   0.34799   0.00000   0.00732   0.00409   0.29954   0.15895   0.14643   2.70452   0.00000   0.20513   1.46971   0.00000   0.06262   0.02096   0.00000   0.02342   0.13116   0.13559   0.07182   0.28969   0.08619   0.01248   0.13642   0.14651   0.14414   0.38517   0.00857   0.08672   0.03096   0.01351   0.12911   0.09578   0.44568   0.60389   0.92919  
 69 10.2668   4768.117115  x:  0.08470   1.05155   0.46323   0.15756   0.52088   0.15422   0.35079   0.17715   0.13282   0.34825   0.00000   0.00728   0.00399   0.30036   0.15982   0.14726   2.70608   0.00000   0.20484   1.47082   0.00000   0.06244   0.02103   0.00000   0.02338   0.13202   0.13572   0.07107   0.28977   0.08679   0.01243   0.13492   0.14614   0.14384   0.38588   0.00847   0.08661   0.03096   0.01353   0.12796   0.09579   0.44715   0.60379   0.93435  
 70  3.9451   4768.113064  x:  0.08563   1.05218   0.46129   0.15811   0.51555   0.15405   0.35075   0.17838   0.13378   0.34863   0.00000   0.00726   0.00383   0.30014   0.15938   0.14645   2.70695   0.00000   0.20527   1.47142   0.00000   0.06237   0.02106   0.00000   0.02337   0.13186   0.13567   0.07130   0.28985   0.08661   0.01243   0.13517   0.14621   0.14388   0.38406   0.00842   0.08654   0.03096   0.01356   0.12816   0.09581   0.44694   0.60382   0.93698  
 71  1.6392   4768.112718  x:  0.08543   1.05223   0.46100   0.15824   0.51504   0.15478   0.35087   0.17808   0.13313   0.34864   0.00000   0.00726   0.00385   0.30005   0.15948   0.14666   2.70709   0.00000   0.20571   1.47148   0.00000   0.06236   0.02107   0.00000   0.02337   0.13186   0.13573   0.07131   0.28993   0.08658   0.01245   0.13515   0.14621   0.14386   0.38375   0.00842   0.08653   0.03096   0.01356   0.12815   0.09581   0.44694   0.60382   0.93716  
 72  0.4337   4768.111243  x:  0.08600   1.05265   0.46093   0.15720   0.51489   0.15552   0.35162   0.17729   0.13304   0.34857   0.00000   0.00732   0.00376   0.29994   0.15937   0.14555   2.70825   0.00000   0.20499   1.47179   0.00000   0.06228   0.02113   0.00000   0.02341   0.13185   0.13631   0.07128   0.29028   0.08649   0.01249   0.13512   0.14624   0.14384   0.38365   0.00850   0.08648   0.03097   0.01361   0.12813   0.09582   0.44743   0.60372   0.93729  
 73  0.0676   4768.100617  x:  0.08557   1.05523   0.45994   0.15764   0.51546   0.15404   0.35397   0.17772   0.13376   0.34844   0.00000   0.00773   0.00296   0.29993   0.15945   0.14709   2.71715   0.00000   0.20594   1.47427   0.00000   0.06171   0.02166   0.00000   0.02371   0.13175   0.13563   0.07126   0.29028   0.08622   0.01290   0.13499   0.14649   0.14380   0.38376   0.00918   0.08618   0.03109   0.01391   0.12805   0.09593   0.44676   0.60224   0.93795  
 74  0.5869   4768.098940  x:  0.08563   1.05564   0.45987   0.15815   0.51549   0.15457   0.35124   0.17793   0.13330   0.34913   0.00000   0.00780   0.00279   0.30024   0.15949   0.14679   2.71854   0.00000   0.20525   1.47463   0.00000   0.06163   0.02173   0.00000   0.02375   0.13173   0.13549   0.07124   0.28957   0.08631   0.01295   0.13495   0.14654   0.14382   0.38400   0.00929   0.08613   0.03111   0.01394   0.12803   0.09595   0.44679   0.60181   0.93803  
 75  0.9108   4768.098908  x:  0.08563   1.05566   0.45985   0.15795   0.51549   0.15453   0.35104   0.17797   0.13332   0.34914   0.00000   0.00780   0.00279   0.30009   0.15951   0.14687   2.71861   0.00000   0.20535   1.47465   0.00000   0.06163   0.02173   0.00000   0.02375   0.13173   0.13556   0.07123   0.28980   0.08626   0.01295   0.13495   0.14654   0.14381   0.38401   0.00929   0.08613   0.03111   0.01395   0.12803   0.09595   0.44678   0.60179   0.93801  
 76  0.1032   4768.096810  x:  0.08591   1.05788   0.45913   0.15796   0.51605   0.15453   0.35125   0.17792   0.13331   0.34966   0.00000   0.00760   0.00293   0.30030   0.15945   0.14681   2.72895   0.00000   0.20524   1.47587   0.00000   0.06179   0.02183   0.00000   0.02361   0.13173   0.13556   0.07141   0.28989   0.08636   0.01282   0.13496   0.14651   0.14381   0.38371   0.00948   0.08649   0.03128   0.01365   0.12801   0.09590   0.44677   0.59950   0.93503  
 77  0.0181   4768.096722  x:  0.08590   1.05786   0.45938   0.15795   0.51603   0.15454   0.35125   0.17791   0.13331   0.34956   0.00000   0.00761   0.00294   0.30025   0.15946   0.14679   2.73108   0.00000   0.20523   1.47611   0.00000   0.06182   0.02187   0.00000   0.02367   0.13174   0.13554   0.07142   0.28986   0.08637   0.01282   0.13495   0.14651   0.14381   0.38364   0.00941   0.08650   0.03131   0.01373   0.12801   0.09588   0.44677   0.59916   0.93415  
 78  0.0025   4768.096720  x:  0.08589   1.05781   0.45942   0.15795   0.51598   0.15454   0.35124   0.17791   0.13331   0.34953   0.00000   0.00761   0.00296   0.30024   0.15946   0.14681   2.73132   0.00000   0.20521   1.47622   0.00000   0.06183   0.02186   0.00000   0.02366   0.13174   0.13554   0.07142   0.28986   0.08637   0.01282   0.13496   0.14650   0.14381   0.38366   0.00942   0.08649   0.03130   0.01372   0.12801   0.09588   0.44678   0.59918   0.93429  
 79  0.0003   4768.096720  x:  0.08589   1.05781   0.45941   0.15795   0.51598   0.15454   0.35124   0.17791   0.13331   0.34952   0.00000   0.00761   0.00296   0.30024   0.15946   0.14681   2.73136   0.00000   0.20521   1.47623   0.00000   0.06183   0.02186   0.00000   0.02366   0.13174   0.13554   0.07142   0.28986   0.08637   0.01282   0.13496   0.14650   0.14381   0.38366   0.00942   0.08649   0.03130   0.01372   0.12801   0.09588   0.44678   0.59917   0.93427  
 80  0.0000   4768.096720  x:  0.08589   1.05781   0.45941   0.15795   0.51598   0.15454   0.35124   0.17791   0.13331   0.34952   0.00000   0.00761   0.00296   0.30024   0.15946   0.14681   2.73136   0.00000   0.20521   1.47623   0.00000   0.06182   0.02186   0.00000   0.02366   0.13174   0.13554   0.07142   0.28986   0.08637   0.01282   0.13496   0.14650   0.14381   0.38366   0.00942   0.08650   0.03130   0.01372   0.12801   0.09588   0.44678   0.59917   0.93427  