

TREE # 1

  0  0.0000   5539.482676  x:  0.04304   0.10861   0.05766   0.04500   0.05583   0.05092   0.02599   0.01831   0.06630   0.05134   0.07261   0.02420   0.10558   0.10716   0.07787   0.02586   0.07393   0.02840   0.09147   0.06471   0.09511   0.07834   0.06644   0.06435   0.04064   0.10309   0.10606   0.03221   0.02853   0.01099   0.01563   0.05699   0.07625   0.03791   0.43299   0.53150   0.50512  
  1 99.0000   4518.436255  x:  0.07948   0.12560   0.36188   0.23381   0.12170   0.18948   0.13485   0.38975   0.11519   0.10139   0.14312   0.00000   0.08225   0.09761   0.14406   0.13586   0.14538   0.85898   0.12266   0.16566   0.27584   0.05818   0.06602   0.04906   0.02018   0.08566   0.11277   0.06865   0.24486   0.15285   0.03788   0.09081   0.10262   0.10934   0.43958   0.54472   0.50645  
  2 5414.8482   4484.309462  x:  0.08311   0.12498   0.37964   0.24430   0.12784   0.20643   0.13668   0.37614   0.12139   0.10817   0.16329   0.00000   0.06212   0.08914   0.16210   0.13592   0.14446   0.84713   0.11685   0.17481   0.32028   0.03811   0.06576   0.03776   0.00000   0.07060   0.11731   0.07228   0.24060   0.13880   0.02714   0.10168   0.11130   0.11240   0.44028   0.55228   0.50757  
  3 466.1784   4470.911062  x:  0.08139   0.12187   0.39691   0.25259   0.12641   0.21440   0.13506   0.36497   0.12378   0.10344   0.15834   0.00000   0.03348   0.07372   0.15721   0.13565   0.14230   0.84677   0.10640   0.17362   0.32556   0.00000   0.06681   0.04348   0.00000   0.05402   0.11789   0.07056   0.24141   0.12750   0.02831   0.08808   0.10470   0.11803   0.43978   0.56119   0.51014  
  4 293.3787   4467.451318  x:  0.08142   0.11713   0.40585   0.25428   0.12236   0.21497   0.13221   0.35189   0.12513   0.09988   0.15905   0.00000   0.00669   0.05837   0.15284   0.13758   0.14175   0.85342   0.09102   0.16887   0.31165   0.00000   0.06464   0.04010   0.00000   0.04692   0.11826   0.07058   0.24586   0.11931   0.02971   0.11179   0.11239   0.11454   0.44090   0.57240   0.51589  
  5 131.4425   4465.202346  x:  0.08179   0.10849   0.42456   0.25929   0.11688   0.21930   0.12756   0.32411   0.12913   0.09463   0.16276   0.00000   0.02420   0.02969   0.14835   0.14069   0.14169   0.86406   0.06086   0.16364   0.29733   0.00000   0.06307   0.03714   0.00000   0.03393   0.11928   0.07096   0.25332   0.10254   0.03121   0.13024   0.11837   0.11080   0.44302   0.59508   0.52796  
  6 114.8933   4463.100422  x:  0.08590   0.09911   0.42925   0.25648   0.11572   0.21859   0.12415   0.27944   0.13657   0.09724   0.18215   0.00000   0.02261   0.02950   0.15684   0.14529   0.15332   0.88247   0.01829   0.16885   0.29074   0.00000   0.06601   0.03813   0.00000   0.06591   0.11897   0.07507   0.26445   0.09356   0.03302   0.12086   0.11441   0.10420   0.44800   0.62974   0.55483  
  7 56.8703   4460.761386  x:  0.08558   0.10027   0.41079   0.24986   0.12196   0.21195   0.12584   0.24640   0.13924   0.09473   0.17186   0.00000   0.02243   0.03905   0.15168   0.14274   0.18381   0.89785   0.00000   0.18602   0.30387   0.00000   0.06020   0.03247   0.00000   0.05189   0.11767   0.07475   0.26822   0.10344   0.03539   0.12088   0.11853   0.11073   0.45051   0.66361   0.59701  
  8 38.4002   4460.761386  x:  0.08558   0.10027   0.41079   0.24986   0.12196   0.21195   0.12584   0.24640   0.13924   0.09473   0.17186   0.00000   0.02243   0.03905   0.15168   0.14274   0.18381   0.89785   0.00000   0.18602   0.30387   0.00000   0.06020   0.03247   0.00000   0.05189   0.11767   0.07475   0.26822   0.10344   0.03539   0.12088   0.11853   0.11073   0.45051   0.66361   0.59701  
  9 45.6912   4430.553250  x:  0.09107   0.10321   0.44401   0.27234   0.13380   0.23962   0.13494   0.25852   0.14808   0.10682   0.19823   0.00000   0.00000   0.03299   0.17832   0.14727   0.18632   0.92123   0.00379   0.20242   0.37035   0.00000   0.06278   0.02278   0.00000   0.03376   0.12344   0.08023   0.27066   0.09643   0.02188   0.12551   0.12593   0.11866   0.45019   0.66802   0.59818  
 10 406.1992   4430.553250  x:  0.09107   0.10321   0.44401   0.27234   0.13380   0.23962   0.13494   0.25852   0.14808   0.10682   0.19823   0.00000   0.00000   0.03299   0.17832   0.14727   0.18632   0.92123   0.00379   0.20242   0.37035   0.00000   0.06278   0.02278   0.00000   0.03376   0.12344   0.08023   0.27066   0.09643   0.02188   0.12551   0.12593   0.11866   0.45019   0.66802   0.59818  
 11 8733.3409   4424.036979  x:  0.09107   0.10321   0.44401   0.27234   0.13380   0.23962   0.13494   0.25852   0.14808   0.10682   0.19823   0.00016   0.00757   0.03298   0.17833   0.14727   0.18632   0.92123   0.00379   0.20242   0.37036   0.00000   0.06278   0.02278   0.00000   0.03376   0.12344   0.08023   0.27066   0.09643   0.02188   0.12551   0.12593   0.11866   0.45019   0.66802   0.59818  
 12 219295.7391   4423.902786  x:  0.09108   0.10322   0.44415   0.27243   0.13384   0.23973   0.13497   0.25857   0.14811   0.10686   0.19832   0.00000   0.00757   0.03296   0.17842   0.14729   0.18632   0.92134   0.00379   0.20248   0.37060   0.00000   0.06278   0.02278   0.00000   0.03371   0.12345   0.08025   0.27067   0.09641   0.02184   0.12553   0.12595   0.11869   0.45019   0.66804   0.59818  
 13 331.2997   4421.314288  x:  0.08998   0.10152   0.45215   0.27574   0.13249   0.24304   0.13427   0.26049   0.14809   0.10519   0.19885   0.00000   0.00765   0.03113   0.17775   0.14693   0.18454   0.93161   0.00000   0.20228   0.37644   0.00000   0.06175   0.02217   0.00000   0.04414   0.12282   0.07914   0.27135   0.09629   0.02756   0.12504   0.12544   0.11922   0.44893   0.66948   0.59887  
 14 172.5409   4421.314288  x:  0.08998   0.10152   0.45215   0.27574   0.13249   0.24304   0.13427   0.26049   0.14809   0.10519   0.19885   0.00000   0.00765   0.03113   0.17775   0.14693   0.18454   0.93161   0.00000   0.20228   0.37644   0.00000   0.06175   0.02217   0.00000   0.04414   0.12282   0.07914   0.27135   0.09629   0.02756   0.12504   0.12544   0.11922   0.44893   0.66948   0.59887  
 15 117.3950   4377.834003  x:  0.09872   0.10513   0.51941   0.31906   0.15206   0.29527   0.14983   0.28414   0.16392   0.12465   0.24567   0.00000   0.00731   0.01814   0.22316   0.15468   0.18718   0.98447   0.00254   0.23088   0.49695   0.00000   0.06556   0.02467   0.00000   0.00691   0.13245   0.08789   0.27637   0.08269   0.00000   0.13290   0.13813   0.13318   0.44722   0.67886   0.60173  
 16 305.1650   4339.730037  x:  0.10938   0.10840   0.61634   0.37997   0.17717   0.36837   0.17000   0.31728   0.18496   0.14946   0.30960   0.00000   0.00830   0.00000   0.28410   0.16470   0.18917   1.06372   0.00277   0.26924   0.66600   0.00000   0.06916   0.02564   0.00000   0.04063   0.14469   0.09855   0.28370   0.06655   0.04192   0.14383   0.15549   0.15349   0.44390   0.69255   0.60615  
 17 1482.1502   4338.635542  x:  0.10802   0.10664   0.61973   0.38094   0.17556   0.36938   0.16874   0.31749   0.18408   0.14796   0.30936   0.00000   0.00727   0.00146   0.28304   0.16411   0.18769   1.06906   0.00000   0.26831   0.66959   0.00000   0.06794   0.02383   0.00000   0.04162   0.14354   0.09718   0.28401   0.06758   0.04103   0.14271   0.15418   0.15185   0.44255   0.69305   0.60651  
 18 134.9328   4329.525043  x:  0.08013   0.06957   0.68904   0.39901   0.14036   0.38813   0.14159   0.32034   0.16459   0.11383   0.29915   0.00000   0.05192   0.01762   0.25624   0.15057   0.15697   1.18471   0.00000   0.24618   0.73913   0.00000   0.04833   0.01549   0.00000   0.05856   0.11981   0.06930   0.28988   0.08856   0.02414   0.12072   0.12711   0.11820   0.41571   0.70315   0.61456  
 19 761.0573   4326.332209  x:  0.07547   0.05560   0.72161   0.40426   0.12363   0.39337   0.13003   0.31836   0.15530   0.09774   0.28457   0.00000   0.04078   0.01188   0.23524   0.14455   0.14138   1.25514   0.00000   0.22818   0.76289   0.00000   0.06368   0.05425   0.00000   0.05712   0.11400   0.06464   0.29162   0.09656   0.02608   0.11876   0.11991   0.11166   0.40889   0.70740   0.62019  
 20 185.8583   4322.106362  x:  0.08758   0.05603   0.74796   0.40457   0.11699   0.39328   0.12911   0.31194   0.15227   0.09545   0.26195   0.00000   0.04226   0.00000   0.21145   0.14420   0.13236   1.34098   0.00000   0.20527   0.76807   0.00000   0.07174   0.04151   0.00000   0.04298   0.12127   0.07674   0.29111   0.09722   0.03883   0.13005   0.12624   0.12241   0.41616   0.70955   0.62779  
 21 115.3479   4319.524377  x:  0.09911   0.06260   0.77278   0.40242   0.11826   0.39143   0.13640   0.30369   0.15550   0.10658   0.24329   0.00000   0.04827   0.03874   0.19651   0.15052   0.13090   1.44921   0.00000   0.18380   0.76437   0.00000   0.07671   0.04411   0.00000   0.03462   0.13030   0.08827   0.28871   0.09039   0.04660   0.14055   0.13552   0.13224   0.43042   0.70967   0.63832  
 22 198.5260   4314.559776  x:  0.09456   0.07929   0.79067   0.38952   0.14374   0.38079   0.15471   0.29386   0.17122   0.12651   0.23113   0.00000   0.04380   0.02320   0.21897   0.16220   0.15759   1.65066   0.00000   0.17791   0.72987   0.00000   0.05423   0.05468   0.00000   0.06083   0.13249   0.08372   0.28048   0.06480   0.01818   0.13324   0.14043   0.12512   0.45645   0.70073   0.66103  
 23 105.1028   4311.236183  x:  0.07867   0.08271   0.78230   0.37516   0.15812   0.36924   0.15884   0.29650   0.17862   0.12792   0.26210   0.00000   0.04508   0.01912   0.25809   0.16169   0.18306   1.80682   0.00000   0.20204   0.69690   0.00000   0.08201   0.04611   0.00000   0.04519   0.12318   0.06784   0.27877   0.08436   0.03332   0.11924   0.13389   0.12794   0.45878   0.68593   0.68203  
 24 105.0293   4309.565157  x:  0.09121   0.07920   0.75743   0.37106   0.15400   0.36615   0.15032   0.30929   0.17236   0.11628   0.29572   0.00000   0.04345   0.01957   0.26924   0.15113   0.18279   1.87723   0.00000   0.22369   0.68927   0.00000   0.05892   0.05314   0.00000   0.03901   0.12819   0.08038   0.28107   0.08611   0.03902   0.13658   0.13628   0.13287   0.43857   0.67147   0.69658  
 25 52.2026   4308.492508  x:  0.09775   0.07883   0.72688   0.37745   0.14659   0.37111   0.14916   0.32240   0.16825   0.11842   0.31293   0.00000   0.04523   0.01949   0.26450   0.14962   0.17033   1.91336   0.00000   0.23528   0.69871   0.00000   0.07788   0.04745   0.00000   0.05074   0.13448   0.08692   0.28400   0.06959   0.02708   0.13971   0.14198   0.13190   0.42242   0.65712   0.71058  
 26 36.4124   4306.363480  x:  0.09096   0.08793   0.66003   0.40788   0.14101   0.39484   0.16232   0.34215   0.17206   0.14213   0.31719   0.00000   0.04361   0.01383   0.24814   0.16591   0.14023   1.95728   0.00000   0.24357   0.74514   0.00000   0.06596   0.05186   0.00000   0.04224   0.12925   0.08012   0.29442   0.06840   0.03622   0.11749   0.14573   0.13807   0.42144   0.62722   0.74455  
 27 33.6335   4303.742659  x:  0.09144   0.09102   0.61698   0.43966   0.16198   0.42723   0.15870   0.34026   0.17671   0.13138   0.30001   0.00000   0.04396   0.01546   0.26536   0.16633   0.14030   1.97785   0.00000   0.23976   0.81887   0.00000   0.07222   0.05005   0.00000   0.04835   0.12450   0.08061   0.29764   0.09394   0.02980   0.15642   0.13180   0.12433   0.45095   0.60469   0.79475  
 28 31.0464   4298.775521  x:  0.08932   0.07295   0.63835   0.45498   0.17560   0.46128   0.14234   0.31605   0.17875   0.09772   0.29006   0.00000   0.04351   0.02024   0.31431   0.14158   0.16422   1.97253   0.00000   0.22235   0.92849   0.00000   0.07169   0.04853   0.00000   0.03392   0.14318   0.07849   0.27792   0.04965   0.04554   0.13501   0.14159   0.14275   0.45966   0.59863   0.88639  
 29 38.3056   4291.938800  x:  0.12145   0.06669   0.75725   0.44917   0.16288   0.48442   0.16055   0.29767   0.18627   0.13703   0.32199   0.00000   0.04434   0.01023   0.35506   0.13986   0.19338   1.94083   0.00000   0.20290   1.06521   0.00000   0.07369   0.05334   0.00000   0.04870   0.14674   0.11062   0.26768   0.09548   0.02852   0.10517   0.17408   0.16129   0.42382   0.62070   1.02850  
 30 73.7495   4287.519777  x:  0.10407   0.07528   0.85270   0.44191   0.14727   0.48455   0.17973   0.31477   0.19387   0.16719   0.35546   0.00000   0.04349   0.00000   0.35390   0.16709   0.19787   1.91661   0.00000   0.21044   1.12581   0.00000   0.07295   0.05386   0.00000   0.03775   0.12799   0.09324   0.27122   0.07072   0.03932   0.15014   0.16431   0.15473   0.40797   0.64324   1.10598  
 31 86.7846   4286.282055  x:  0.10432   0.08919   0.89708   0.44787   0.16303   0.47958   0.17678   0.34364   0.19355   0.15761   0.37241   0.00000   0.04328   0.00000   0.33211   0.16709   0.18760   1.90765   0.00000   0.23676   1.13388   0.00000   0.07307   0.05472   0.00000   0.03822   0.14954   0.09349   0.29262   0.06891   0.03841   0.14176   0.14887   0.15071   0.43512   0.65407   1.12652  
 32 35.0130   4286.093611  x:  0.10426   0.08467   0.90656   0.45274   0.17417   0.47909   0.17547   0.34978   0.19360   0.15287   0.37208   0.00000   0.04341   0.00000   0.32867   0.16499   0.17802   1.90652   0.00000   0.24576   1.13071   0.00000   0.07341   0.05453   0.00000   0.03943   0.13742   0.09344   0.29402   0.06850   0.03662   0.14184   0.16066   0.15484   0.44066   0.65377   1.12644  
 33 13.7575   4285.978849  x:  0.10434   0.07357   0.91520   0.46195   0.18546   0.48083   0.17799   0.34960   0.19459   0.15512   0.36664   0.00000   0.04350   0.00000   0.33277   0.16701   0.16221   1.90670   0.00000   0.25336   1.12339   0.00000   0.07345   0.05455   0.00000   0.03879   0.14214   0.09351   0.28779   0.06980   0.03711   0.14319   0.15799   0.15516   0.43539   0.64898   1.12040  
 34  7.0069   4285.885479  x:  0.10760   0.07968   0.92213   0.47629   0.18162   0.48705   0.17653   0.34376   0.19273   0.15606   0.36536   0.00000   0.04343   0.00000   0.33737   0.16391   0.15749   1.90920   0.00000   0.25690   1.11619   0.00000   0.07388   0.05433   0.00000   0.03765   0.13777   0.09677   0.28856   0.06765   0.03826   0.14192   0.15463   0.15207   0.43398   0.64241   1.10501  
 35  3.7846   4285.691849  x:  0.10216   0.07694   0.93057   0.49398   0.16819   0.50015   0.17446   0.33912   0.19343   0.15527   0.36670   0.00000   0.04296   0.00000   0.34012   0.16450   0.15932   1.91665   0.00000   0.25872   1.10754   0.00000   0.07318   0.05411   0.00000   0.03930   0.14504   0.09134   0.29497   0.07023   0.03556   0.14585   0.16222   0.15689   0.43698   0.63150   1.06571  
 36  8.9392   4285.041918  x:  0.11105   0.04786   0.94074   0.50943   0.16001   0.53116   0.17672   0.35145   0.20293   0.15249   0.37389   0.00000   0.04118   0.00000   0.33169   0.17432   0.18095   1.94668   0.00000   0.25077   1.10613   0.00000   0.07383   0.05210   0.00000   0.03804   0.13823   0.10022   0.29990   0.06590   0.03558   0.14219   0.15341   0.15513   0.44175   0.61429   0.92482  
 37 16.0613   4283.460017  x:  0.10253   0.06537   0.94964   0.51361   0.18070   0.55486   0.17665   0.37307   0.19630   0.14762   0.38049   0.00000   0.03760   0.00000   0.32003   0.16360   0.19052   2.02026   0.00000   0.23016   1.13930   0.00000   0.07368   0.04924   0.00000   0.03501   0.14436   0.09171   0.28260   0.07058   0.03566   0.14334   0.16126   0.14751   0.42040   0.60765   0.60445  
 38 41.7427   4282.827782  x:  0.10361   0.06483   0.94899   0.50191   0.17378   0.54448   0.17333   0.36341   0.19048   0.14931   0.38139   0.00000   0.03655   0.00000   0.33097   0.16779   0.17333   2.05252   0.00000   0.23533   1.16423   0.00000   0.07368   0.04769   0.00000   0.03842   0.14055   0.09279   0.28869   0.06865   0.03061   0.14389   0.15155   0.16305   0.42963   0.61358   0.48125  
 39 42.4951   4282.607237  x:  0.10566   0.06028   0.94860   0.49766   0.16802   0.53568   0.17399   0.35650   0.19567   0.15042   0.37896   0.00000   0.03577   0.00000   0.33413   0.16808   0.16818   2.06399   0.00000   0.24369   1.17523   0.00000   0.07362   0.04691   0.00000   0.03503   0.14321   0.09485   0.29377   0.06733   0.03413   0.14309   0.15999   0.14736   0.43408   0.61552   0.45454  
 40 14.7055   4281.598927  x:  0.10467   0.05920   0.95367   0.51219   0.16078   0.49697   0.18195   0.34078   0.22834   0.14357   0.36003   0.00000   0.03240   0.00000   0.31369   0.15500   0.18540   2.11372   0.00000   0.27678   1.21634   0.00000   0.07299   0.04344   0.00000   0.03592   0.14068   0.09385   0.29492   0.06807   0.03037   0.14475   0.15301   0.15779   0.41734   0.60720   0.46887  
 41  5.0954   4277.506417  x:  0.10501   0.04890   0.98256   0.55077   0.16121   0.41397   0.15319   0.33512   0.17131   0.13637   0.37106   0.00000   0.02074   0.00000   0.31049   0.20808   0.19324   2.30354   0.00000   0.26959   1.33353   0.00000   0.06976   0.02893   0.00000   0.03014   0.13906   0.09422   0.28328   0.06825   0.02596   0.13927   0.15904   0.15319   0.42011   0.57575   0.62673  
 42 20.8392   4274.276694  x:  0.09763   0.03742   1.00222   0.53189   0.15051   0.41777   0.16776   0.35256   0.17462   0.15091   0.39002   0.00000   0.01228   0.00000   0.32943   0.15189   0.14732   2.44352   0.00000   0.22846   1.39803   0.00000   0.06667   0.01788   0.00000   0.02614   0.13486   0.08685   0.29998   0.06567   0.02196   0.14478   0.14927   0.15089   0.43977   0.56956   0.76193  
 43 51.1200   4273.259998  x:  0.09791   0.05488   1.00752   0.49265   0.14707   0.47131   0.15732   0.34814   0.18918   0.13241   0.37683   0.00000   0.00964   0.00000   0.33372   0.17053   0.12577   2.49176   0.00000   0.24174   1.41130   0.00000   0.06621   0.01393   0.00000   0.02551   0.13369   0.08713   0.30785   0.06797   0.01961   0.14269   0.14981   0.15179   0.42763   0.58380   0.81159  
 44 25.5194   4273.144783  x:  0.09677   0.05276   1.00747   0.48559   0.14785   0.48384   0.15697   0.34157   0.17872   0.13908   0.37479   0.00000   0.00903   0.00000   0.32728   0.16604   0.12822   2.49765   0.00000   0.25266   1.41343   0.00000   0.06580   0.01368   0.00000   0.02515   0.13368   0.08600   0.30479   0.06781   0.01972   0.14347   0.14910   0.15146   0.42962   0.58768   0.81739  
 45 10.2246   4273.115046  x:  0.09680   0.05309   1.00682   0.48707   0.14529   0.48573   0.15785   0.33956   0.18107   0.13718   0.37913   0.00000   0.00878   0.00000   0.32467   0.16637   0.12654   2.49912   0.00000   0.25322   1.41323   0.00000   0.06556   0.01390   0.00000   0.02560   0.13367   0.08602   0.29556   0.06877   0.01909   0.14326   0.14899   0.15108   0.43337   0.59142   0.81836  
 46  1.3220   4272.815614  x:  0.09582   0.04837   1.00232   0.50420   0.15517   0.49451   0.15432   0.33300   0.18431   0.13735   0.38420   0.00000   0.00623   0.00000   0.31993   0.16618   0.12887   2.51368   0.00000   0.24317   1.41033   0.00000   0.06402   0.01764   0.00000   0.02593   0.13387   0.08504   0.30565   0.06869   0.01752   0.14322   0.14846   0.15027   0.42519   0.62206   0.82498  
 47  1.1250   4272.662204  x:  0.09682   0.05028   1.00595   0.50166   0.14724   0.49703   0.16137   0.34957   0.17758   0.13429   0.37056   0.00000   0.00499   0.00000   0.32637   0.16449   0.13175   2.51977   0.00000   0.24554   1.41228   0.00000   0.06335   0.01932   0.00000   0.02621   0.13379   0.08605   0.30193   0.07051   0.01652   0.14220   0.14897   0.15021   0.42493   0.61701   0.82775  
 48  4.5601   4272.575612  x:  0.09629   0.05328   1.01302   0.49055   0.14883   0.49848   0.15118   0.35074   0.18153   0.13895   0.37050   0.00000   0.00446   0.00000   0.32373   0.16319   0.13061   2.52178   0.00000   0.24430   1.41689   0.00000   0.06285   0.02044   0.00000   0.02657   0.13352   0.08552   0.29945   0.07121   0.01589   0.14203   0.14841   0.14989   0.42646   0.59342   0.82938  
 49  4.4068   4272.547808  x:  0.09600   0.05445   1.01557   0.48630   0.15115   0.49949   0.15748   0.34647   0.17986   0.13474   0.37326   0.00000   0.00437   0.00000   0.32135   0.16390   0.12963   2.52225   0.00000   0.24294   1.41861   0.00000   0.06270   0.02075   0.00000   0.02684   0.13341   0.08523   0.30116   0.07132   0.01554   0.14181   0.14825   0.14943   0.42619   0.58398   0.82999  
 50  3.5521   4272.173395  x:  0.09556   0.05651   1.02657   0.48334   0.15388   0.51895   0.15537   0.35729   0.17806   0.13328   0.36336   0.00000   0.00852   0.00000   0.31459   0.15931   0.13429   2.53547   0.00000   0.23324   1.41539   0.00000   0.06108   0.02406   0.00000   0.02860   0.13290   0.08479   0.29615   0.07632   0.01152   0.13953   0.14698   0.14696   0.42237   0.57356   0.84464  
 51  0.2060   4272.172943  x:  0.09556   0.05651   1.02661   0.48335   0.15389   0.51901   0.15537   0.35732   0.17806   0.13327   0.36333   0.00000   0.00853   0.00059   0.31455   0.15929   0.13431   2.53553   0.00000   0.23320   1.41538   0.00000   0.06108   0.02406   0.00000   0.02861   0.13290   0.08479   0.29613   0.07634   0.01151   0.13952   0.14698   0.14695   0.42235   0.57353   0.84469  
 52  0.9570   4271.988690  x:  0.09521   0.05210   1.03561   0.50440   0.15825   0.52290   0.15617   0.35828   0.18009   0.13067   0.35998   0.00000   0.00775   0.00129   0.30231   0.15902   0.14578   2.56138   0.00000   0.21772   1.41484   0.00000   0.06197   0.02171   0.00000   0.02526   0.13238   0.08444   0.29014   0.07926   0.01142   0.13720   0.14571   0.14447   0.41923   0.57410   0.85215  
 53  0.1285   4271.924252  x:  0.09611   0.05030   1.04162   0.50351   0.15532   0.51963   0.15764   0.35004   0.18117   0.13271   0.35036   0.00000   0.00768   0.00176   0.30267   0.16019   0.14158   2.57975   0.00000   0.21819   1.41493   0.00000   0.06294   0.02222   0.00000   0.02320   0.13200   0.08534   0.29254   0.07843   0.01115   0.13623   0.14543   0.14598   0.42216   0.57948   0.89416  
 54  0.0423   4271.917078  x:  0.09624   0.05040   1.04344   0.50346   0.15540   0.51730   0.15730   0.34972   0.18065   0.13296   0.35048   0.00000   0.00758   0.00175   0.30221   0.16039   0.14212   2.58470   0.00000   0.21787   1.41428   0.00000   0.06320   0.02193   0.00000   0.02390   0.13241   0.08547   0.29257   0.07795   0.01007   0.13663   0.14618   0.14652   0.42240   0.57854   0.90379  
 55  0.0193   4271.909269  x:  0.09626   0.05178   1.04632   0.50094   0.15590   0.51440   0.15691   0.35050   0.17997   0.13293   0.35181   0.00000   0.00762   0.00173   0.30187   0.16066   0.14315   2.58981   0.00000   0.21772   1.41109   0.00000   0.06301   0.02206   0.00000   0.02353   0.13302   0.08549   0.29163   0.07715   0.01066   0.13737   0.14737   0.14671   0.42279   0.57475   0.92322  
 56  0.0221   4271.906534  x:  0.09660   0.05124   1.04614   0.50112   0.15605   0.51503   0.15722   0.35110   0.18037   0.13268   0.35210   0.00000   0.00763   0.00171   0.30224   0.16009   0.14340   2.59443   0.00000   0.21768   1.40715   0.00000   0.06279   0.02206   0.00000   0.02374   0.13267   0.08583   0.29183   0.07756   0.01070   0.13749   0.14649   0.14661   0.42225   0.57645   0.93934  
 57  0.0109   4271.906175  x:  0.09626   0.05119   1.04582   0.50176   0.15588   0.51544   0.15713   0.35096   0.18024   0.13275   0.35201   0.00000   0.00763   0.00167   0.30226   0.16043   0.14329   2.59482   0.00000   0.21784   1.40650   0.00000   0.06288   0.02202   0.00000   0.02378   0.13258   0.08549   0.29180   0.07768   0.01075   0.13725   0.14660   0.14660   0.42222   0.57605   0.94343  
 58  0.0032   4271.906124  x:  0.09630   0.05128   1.04547   0.50167   0.15596   0.51535   0.15714   0.35093   0.18029   0.13279   0.35209   0.00000   0.00762   0.00168   0.30223   0.16032   0.14318   2.59428   0.00000   0.21792   1.40723   0.00000   0.06289   0.02200   0.00000   0.02380   0.13258   0.08553   0.29179   0.07766   0.01077   0.13714   0.14659   0.14653   0.42228   0.57594   0.94497  
 59  0.0010   4271.906109  x:  0.09630   0.05124   1.04536   0.50173   0.15594   0.51541   0.15714   0.35099   0.18028   0.13275   0.35205   0.00000   0.00762   0.00168   0.30224   0.16038   0.14323   2.59382   0.00000   0.21786   1.40763   0.00000   0.06287   0.02201   0.00000   0.02379   0.13258   0.08552   0.29180   0.07765   0.01076   0.13719   0.14658   0.14660   0.42224   0.57598   0.94576  
 60  0.0006   4271.906107  x:  0.09630   0.05124   1.04539   0.50176   0.15593   0.51543   0.15713   0.35098   0.18027   0.13276   0.35205   0.00000   0.00762   0.00168   0.30224   0.16036   0.14323   2.59357   0.00000   0.21787   1.40759   0.00000   0.06288   0.02201   0.00000   0.02378   0.13258   0.08553   0.29181   0.07766   0.01076   0.13722   0.14659   0.14657   0.42224   0.57601   0.94591  
 61  0.0002   4271.906106  x:  0.09630   0.05124   1.04540   0.50176   0.15594   0.51542   0.15713   0.35097   0.18027   0.13276   0.35206   0.00000   0.00762   0.00168   0.30223   0.16036   0.14322   2.59338   0.00000   0.21787   1.40752   0.00000   0.06288   0.02201   0.00000   0.02378   0.13258   0.08553   0.29180   0.07766   0.01076   0.13721   0.14658   0.14658   0.42224   0.57602   0.94593  
 62  0.0001   4271.906106  x:  0.09630   0.05124   1.04540   0.50175   0.15594   0.51542   0.15713   0.35097   0.18027   0.13276   0.35206   0.00000   0.00762   0.00168   0.30224   0.16036   0.14323   2.59336   0.00000   0.21787   1.40752   0.00000   0.06287   0.02201   0.00000   0.02378   0.13258   0.08552   0.29180   0.07766   0.01076   0.13721   0.14659   0.14657   0.42224   0.57603   0.94593  
 63  0.0000   4271.906106  x:  0.09630   0.05124   1.04540   0.50175   0.15594   0.51542   0.15713   0.35097   0.18027   0.13276   0.35206   0.00000   0.00762   0.00168   0.30224   0.16036   0.14323   2.59336   0.00000   0.21787   1.40752   0.00000   0.06287   0.02201   0.00000   0.02378   0.13258   0.08552   0.29180   0.07766   0.01076   0.13721   0.14659   0.14657   0.42224   0.57603   0.94593  
 64  0.0000   4271.906106  x:  0.09630   0.05124   1.04540   0.50175   0.15594   0.51542   0.15713   0.35097   0.18027   0.13276   0.35206   0.00000   0.00762   0.00168   0.30224   0.16036   0.14323   2.59336   0.00000   0.21787   1.40752   0.00000   0.06287   0.02201   0.00000   0.02378   0.13258   0.08552   0.29180   0.07766   0.01076   0.13721   0.14659   0.14657   0.42224   0.57603   0.94593  