

TREE # 1

  0  0.0000   3051.348034  x:  0.03094   0.08427   0.04211   0.09086   0.09693   0.01762   0.10586   0.04312   0.01944   0.10715   0.07733   0.08713   0.01232   0.05416   0.02818   0.01942   0.04252   0.01099   0.02735   0.54887   0.59443   0.40238  
  1 99.0000   2584.785183  x:  0.28102   0.15158   0.10460   0.14053   0.07036   0.00232   0.10047   0.18726   0.16980   0.16039   0.13566   0.34245   0.00206   0.06166   0.01923   0.00000   0.03980   0.26969   0.42153   0.54074   0.59710   0.40536  
  2 3174.1756   2581.648240  x:  0.28098   0.15382   0.10531   0.14319   0.06742   0.00577   0.09941   0.18785   0.16877   0.16148   0.13712   0.34743   0.00000   0.06187   0.01967   0.00000   0.03876   0.26697   0.42071   0.53959   0.59739   0.40564  
  3 392.8401   2546.781093  x:  0.27876   0.18845   0.11574   0.18360   0.01868   0.00000   0.08233   0.19642   0.15141   0.17853   0.15947   0.42456   0.00000   0.06500   0.02550   0.00000   0.02364   0.22136   0.40537   0.52082   0.60197   0.41011  
  4 1722.1993   2540.704067  x:  0.28052   0.18989   0.11408   0.17958   0.00000   0.00049   0.07663   0.20009   0.14955   0.18229   0.15992   0.43703   0.00000   0.06349   0.01651   0.00000   0.03553   0.20892   0.40555   0.51323   0.60358   0.41211  
  5 324.7505   2533.966810  x:  0.29530   0.18168   0.09998   0.12824   0.00000   0.00249   0.05067   0.21968   0.14886   0.19770   0.14856   0.47599   0.00000   0.06226   0.04875   0.00000   0.04983   0.14982   0.41855   0.46665   0.61301   0.42473  
  6 235.7096   2531.093098  x:  0.30678   0.17042   0.09725   0.12421   0.00000   0.00282   0.05586   0.22948   0.15348   0.20426   0.12860   0.47812   0.00000   0.06411   0.03040   0.00000   0.02276   0.11668   0.43205   0.42053   0.62316   0.43893  
  7 85.1098   2529.628198  x:  0.31317   0.16795   0.10252   0.14239   0.00000   0.00257   0.06495   0.23174   0.15463   0.20913   0.11396   0.47214   0.00000   0.06558   0.03885   0.00000   0.03479   0.10330   0.43919   0.37017   0.63623   0.45752  
  8 70.5479   2528.584666  x:  0.31124   0.17709   0.10439   0.13414   0.00000   0.00231   0.05543   0.22596   0.14761   0.21635   0.12185   0.47273   0.00000   0.06249   0.03691   0.00000   0.03282   0.11713   0.43308   0.32524   0.65563   0.48502  
  9 41.7331   2526.432186  x:  0.31365   0.17703   0.08892   0.12392   0.00000   0.00089   0.06330   0.23548   0.15487   0.23989   0.14663   0.48956   0.00000   0.07741   0.03956   0.00000   0.03782   0.10263   0.42432   0.32883   0.73781   0.60072  
 10 22.5920   2524.690040  x:  0.31532   0.17829   0.10062   0.12603   0.00000   0.00044   0.05081   0.24154   0.15180   0.24675   0.13248   0.49992   0.00000   0.05018   0.04202   0.00000   0.03601   0.09932   0.41918   0.34424   0.80589   0.69957  
 11 71.8477   2521.177678  x:  0.31240   0.18210   0.12591   0.13637   0.00000   0.00118   0.03481   0.24444   0.13604   0.25070   0.09349   0.51769   0.00000   0.07403   0.03902   0.00000   0.03149   0.11801   0.40405   0.37318   0.97298   0.94961  
 12 136.5724   2518.589798  x:  0.30598   0.18046   0.12050   0.14620   0.00000   0.00243   0.07017   0.23350   0.13608   0.24043   0.11510   0.52604   0.00000   0.04635   0.03965   0.00000   0.02576   0.12588   0.40210   0.38121   1.07978   1.12371  
 13 118.8704   2517.401883  x:  0.30462   0.18803   0.11442   0.16244   0.00000   0.00280   0.04498   0.22079   0.15023   0.21495   0.14134   0.51183   0.00000   0.04346   0.03880   0.00000   0.02301   0.11178   0.41874   0.38380   1.10391   1.18735  
 14 41.3001   2515.853237  x:  0.29843   0.21759   0.12491   0.15284   0.00000   0.00269   0.05629   0.22676   0.13403   0.15976   0.14443   0.52892   0.00000   0.04835   0.03802   0.00000   0.02348   0.09930   0.42911   0.38351   1.06384   1.22966  
 15 13.7323   2510.069493  x:  0.28025   0.19572   0.07508   0.18809   0.00000   0.00222   0.03968   0.24765   0.10396   0.13230   0.13527   0.61062   0.00000   0.05024   0.04165   0.00000   0.01737   0.11335   0.40908   0.37450   0.84106   1.33723  
 16 35.7632   2501.048641  x:  0.26677   0.21047   0.11552   0.20304   0.00000   0.00213   0.03773   0.24524   0.13230   0.18886   0.14217   0.69285   0.00000   0.05921   0.04216   0.00000   0.01062   0.10416   0.36291   0.36934   0.49270   1.48375  
 17 171.4226   2500.165202  x:  0.27934   0.23065   0.10442   0.20541   0.00000   0.00214   0.04007   0.23130   0.10704   0.21248   0.13912   0.68984   0.00000   0.05899   0.04224   0.00000   0.00974   0.09810   0.37356   0.37456   0.47683   1.47649  
 18 23.9728   2498.007702  x:  0.27221   0.28233   0.07163   0.21129   0.00000   0.00210   0.04340   0.22681   0.13505   0.23228   0.11525   0.70933   0.00000   0.05746   0.04250   0.00000   0.00842   0.09882   0.35970   0.37055   0.53998   1.35754  
 19 17.0652   2489.802271  x:  0.25793   0.26658   0.12516   0.23583   0.00000   0.00185   0.03728   0.24387   0.10466   0.29152   0.16093   0.78757   0.00000   0.07343   0.04425   0.00000   0.00436   0.08576   0.33846   0.34862   0.86723   0.79689  
 20 80.9795   2489.353766  x:  0.27159   0.25787   0.12834   0.23522   0.00000   0.00175   0.03838   0.21339   0.10845   0.28597   0.15751   0.80468   0.00000   0.07545   0.04445   0.00000   0.00525   0.08448   0.33338   0.34836   0.88070   0.77254  
 21 17.9237   2487.788976  x:  0.32123   0.27297   0.12681   0.24327   0.00000   0.00186   0.03512   0.24988   0.10475   0.28692   0.17230   0.79997   0.00000   0.07483   0.04511   0.00000   0.00888   0.08586   0.29481   0.34580   0.89820   0.71865  
 22  3.5504   2485.614672  x:  0.24279   0.28445   0.13037   0.24832   0.00000   0.00184   0.03477   0.26251   0.09913   0.32041   0.17296   0.81784   0.00000   0.07652   0.04569   0.00000   0.01540   0.08458   0.33565   0.34507   0.91635   0.65713  
 23 15.0488   2465.720853  x:  0.29690   0.34893   0.13978   0.32803   0.00000   0.00358   0.04112   0.24692   0.15216   0.32627   0.20045   1.02679   0.00000   0.07243   0.00598   0.00000   0.02326   0.11959   0.37809   0.34633   0.88229   1.54199  
 24  0.5253   2456.925448  x:  0.36994   0.38718   0.14224   0.39846   0.00000   0.00504   0.02819   0.24706   0.18226   0.32327   0.19831   1.26720   0.00000   0.04956   0.05978   0.00000   0.03045   0.12747   0.44540   0.32765   0.84070   1.90455  
 25  0.4686   2447.750145  x:  0.46335   0.32805   0.11972   0.40795   0.00000   0.00477   0.00393   0.30248   0.14912   0.28157   0.14335   1.46152   0.00000   0.07231   0.03703   0.00000   0.03564   0.10130   0.61820   0.27931   0.79765   1.52061  
 26  0.1780   2444.732450  x:  0.48287   0.30819   0.12051   0.38657   0.00000   0.00459   0.04431   0.31399   0.13163   0.27220   0.11706   1.54045   0.00000   0.07979   0.02374   0.00000   0.03689   0.12262   0.68336   0.31489   0.78557   1.29575  
 27  0.2709   2443.244713  x:  0.47654   0.31449   0.12875   0.35351   0.00000   0.00471   0.03077   0.30562   0.14942   0.27702   0.10319   1.58769   0.00000   0.06473   0.01411   0.00000   0.03584   0.13539   0.70465   0.32899   0.75701   0.93836  
 28  0.2595   2442.874862  x:  0.46506   0.32451   0.13331   0.34336   0.00000   0.00483   0.02483   0.29644   0.16222   0.28712   0.11236   1.58977   0.00000   0.06227   0.02154   0.00000   0.03489   0.14026   0.69707   0.32426   0.74392   0.90078  
 29  0.0488   2442.669144  x:  0.46507   0.31975   0.13319   0.32548   0.00000   0.00494   0.02839   0.29876   0.16139   0.29210   0.11549   1.60697   0.00000   0.06806   0.02067   0.00000   0.03371   0.13697   0.71710   0.30996   0.72347   0.84172  
 30  0.0370   2442.569063  x:  0.46584   0.31964   0.13283   0.31660   0.00000   0.00527   0.02805   0.30078   0.15825   0.29326   0.11988   1.61377   0.00000   0.06864   0.02077   0.00000   0.03276   0.13365   0.72931   0.31577   0.70994   0.96149  
 31  0.0881   2442.526354  x:  0.46612   0.32362   0.13279   0.30925   0.00000   0.00552   0.02789   0.30058   0.15651   0.29270   0.11646   1.62430   0.00000   0.06451   0.02053   0.00000   0.03096   0.13508   0.73176   0.31775   0.71559   0.92853  
 32  0.0164   2442.471737  x:  0.46748   0.32817   0.13010   0.31375   0.00000   0.00584   0.03068   0.30191   0.15420   0.29067   0.11478   1.63112   0.00000   0.06599   0.02148   0.00000   0.02792   0.13706   0.72592   0.31533   0.73830   0.94991  
 33  0.0123   2442.450632  x:  0.46553   0.32596   0.13000   0.31459   0.00000   0.00604   0.02786   0.30240   0.15691   0.29237   0.11616   1.63377   0.00000   0.06765   0.02133   0.00000   0.02628   0.13634   0.72512   0.31711   0.73831   0.94104  
 34  0.0059   2442.442532  x:  0.46335   0.32288   0.13129   0.31728   0.00000   0.00617   0.02791   0.30320   0.15812   0.29329   0.11546   1.63220   0.00000   0.06631   0.02105   0.00000   0.02607   0.13498   0.72480   0.31569   0.73082   0.94611  
 35  0.0054   2442.437135  x:  0.46149   0.32192   0.13232   0.31852   0.00000   0.00634   0.02851   0.30258   0.15658   0.29490   0.11498   1.63213   0.00000   0.06633   0.02105   0.00000   0.02579   0.13652   0.72713   0.31717   0.72456   0.93711  
 36  0.0039   2442.433055  x:  0.46101   0.32370   0.13272   0.31849   0.00000   0.00655   0.02808   0.30172   0.15638   0.29575   0.11515   1.62931   0.00000   0.06691   0.02145   0.00000   0.02599   0.13603   0.72962   0.31543   0.71930   0.93697  
 37  0.0018   2442.427961  x:  0.46315   0.32540   0.13211   0.31960   0.00000   0.00693   0.02774   0.30198   0.15631   0.29388   0.11367   1.62534   0.00000   0.06650   0.02126   0.00000   0.02602   0.13536   0.72983   0.31652   0.72573   0.93134  
 38  0.0027   2442.424069  x:  0.46397   0.32320   0.13206   0.31803   0.00000   0.00725   0.02835   0.30223   0.15718   0.29325   0.11503   1.62277   0.00000   0.06695   0.02098   0.00000   0.02641   0.13602   0.73057   0.31605   0.72738   0.93586  
 39  0.0022   2442.423166  x:  0.46357   0.32333   0.13186   0.31785   0.00000   0.00737   0.02811   0.30204   0.15725   0.29321   0.11538   1.62384   0.00000   0.06663   0.02125   0.00000   0.02628   0.13650   0.72836   0.31613   0.72896   0.93557  
 40  0.0013   2442.422436  x:  0.46303   0.32292   0.13178   0.31791   0.00000   0.00743   0.02818   0.30226   0.15671   0.29350   0.11537   1.62631   0.00000   0.06674   0.02122   0.00000   0.02656   0.13601   0.72698   0.31645   0.72620   0.93430  
 41  0.0014   2442.422328  x:  0.46291   0.32329   0.13179   0.31775   0.00000   0.00744   0.02825   0.30224   0.15677   0.29358   0.11515   1.62762   0.00000   0.06684   0.02115   0.00000   0.02649   0.13600   0.72672   0.31633   0.72608   0.93441  
 42  0.0010   2442.422317  x:  0.46285   0.32332   0.13186   0.31780   0.00000   0.00744   0.02821   0.30216   0.15683   0.29368   0.11507   1.62762   0.00000   0.06684   0.02113   0.00000   0.02652   0.13605   0.72665   0.31637   0.72596   0.93482  
 43  0.0003   2442.422314  x:  0.46286   0.32327   0.13189   0.31777   0.00000   0.00744   0.02821   0.30216   0.15680   0.29381   0.11498   1.62763   0.00000   0.06684   0.02113   0.00000   0.02652   0.13604   0.72663   0.31636   0.72604   0.93518  
 44  0.0001   2442.422314  x:  0.46287   0.32327   0.13188   0.31777   0.00000   0.00744   0.02821   0.30217   0.15681   0.29384   0.11495   1.62764   0.00000   0.06684   0.02114   0.00000   0.02652   0.13604   0.72661   0.31637   0.72606   0.93497  
 45  0.0001   2442.422313  x:  0.46287   0.32328   0.13188   0.31777   0.00000   0.00744   0.02821   0.30217   0.15681   0.29385   0.11495   1.62764   0.00000   0.06684   0.02114   0.00000   0.02652   0.13604   0.72662   0.31636   0.72604   0.93499  
 46  0.0000   2442.422313  x:  0.46288   0.32328   0.13188   0.31777   0.00000   0.00744   0.02821   0.30217   0.15681   0.29385   0.11495   1.62764   0.00000   0.06684   0.02114   0.00000   0.02652   0.13604   0.72662   0.31636   0.72604   0.93500  
 47  0.0000   2442.422313  x:  0.46288   0.32328   0.13188   0.31777   0.00000   0.00744   0.02821   0.30217   0.15681   0.29385   0.11495   1.62764   0.00000   0.06684   0.02114   0.00000   0.02652   0.13604   0.72662   0.31636   0.72604   0.93500  
 48  0.0000   2442.422313  x:  0.46288   0.32328   0.13188   0.31777   0.00000   0.00744   0.02821   0.30217   0.15681   0.29385   0.11495   1.62764   0.00000   0.06684   0.02114   0.00000   0.02652   0.13604   0.72662   0.31636   0.72604   0.93500  
 49  0.0000   2442.422313  x:  0.46288   0.32328   0.13188   0.31777   0.00000   0.00744   0.02821   0.30217   0.15681   0.29385   0.11495   1.62764   0.00000   0.06684   0.02114   0.00000   0.02652   0.13604   0.72661   0.31636   0.72604   0.93500  
 50  0.0000   2442.422313  x:  0.46288   0.32328   0.13188   0.31777   0.00000   0.00744   0.02821   0.30217   0.15681   0.29385   0.11495   1.62764   0.00000   0.06684   0.02114   0.00000   0.02652   0.13604   0.72661   0.31636   0.72604   0.93500  