

TREE # 1

  0  0.0000   2475.008593  x:  0.03749   0.09498   0.03078   0.08957   0.08407   0.04646   0.04831   0.01007   0.06472   0.04702   0.02347   0.04653   0.04502   0.03851   0.05956   0.08604   0.06036   0.04455   0.06880   0.06696   0.04129   0.06776   0.09019   0.08225   0.05012   0.06428   0.01791   0.09976   0.09591   0.06896   0.09470   0.40125   0.52018   0.41933  
  1 99.0000   2345.520153  x:  0.14260   0.06527   0.10595   0.05694   0.07469   0.02903   0.03590   0.07363   0.07915   0.09094   0.44007   0.04192   0.05518   0.26884   0.14194   0.04368   0.03693   0.11976   0.07983   0.08452   0.00000   0.06463   0.09400   0.07769   0.18489   0.09398   0.17870   0.09245   0.09964   0.05277   0.07725   0.38809   0.53506   0.42116  
  2 1482.8614   2330.827992  x:  0.14051   0.03806   0.09827   0.02375   0.06515   0.02827   0.02833   0.04762   0.08586   0.09119   0.44268   0.02102   0.04879   0.27654   0.15216   0.00000   0.02221   0.12147   0.08201   0.09432   0.00000   0.06340   0.09655   0.07548   0.19651   0.09700   0.16741   0.08233   0.09702   0.04126   0.06945   0.37471   0.54653   0.42299  
  3 220.3224   2328.715225  x:  0.13947   0.02464   0.09405   0.00620   0.06670   0.03052   0.04027   0.03652   0.08574   0.09429   0.44301   0.03122   0.05476   0.28239   0.15804   0.00000   0.03277   0.12195   0.08274   0.09842   0.00000   0.06317   0.09744   0.07518   0.20495   0.09990   0.15692   0.07818   0.09681   0.04592   0.06986   0.36185   0.55826   0.42509  
  4 126.7829   2327.390254  x:  0.13799   0.01591   0.08959   0.02205   0.07108   0.02943   0.04203   0.02585   0.08457   0.09693   0.44188   0.03657   0.05934   0.29247   0.16722   0.00000   0.03424   0.12214   0.08305   0.10258   0.00000   0.06312   0.09858   0.07462   0.22091   0.10484   0.13699   0.07302   0.09682   0.04918   0.07028   0.33601   0.58251   0.42957  
  5 84.5096   2325.764164  x:  0.13711   0.02813   0.08533   0.01843   0.07595   0.02933   0.03846   0.04172   0.08121   0.09701   0.43596   0.03838   0.06046   0.30625   0.17711   0.00000   0.03093   0.12127   0.08235   0.10370   0.00000   0.06352   0.09928   0.07459   0.24078   0.11270   0.10758   0.07187   0.09819   0.05067   0.07168   0.29171   0.62692   0.43808  
  6 105.0996   2324.900834  x:  0.14066   0.03037   0.09625   0.01742   0.07253   0.03055   0.03681   0.03416   0.08328   0.09313   0.42960   0.03756   0.05325   0.31363   0.17036   0.00000   0.03600   0.12024   0.08078   0.09289   0.00000   0.06474   0.09699   0.07766   0.24191   0.10560   0.11462   0.08867   0.10255   0.05023   0.07391   0.26460   0.67777   0.44932  
  7 41.0751   2324.262868  x:  0.14361   0.01972   0.09965   0.01934   0.07013   0.02536   0.04145   0.04365   0.08308   0.09434   0.42225   0.04172   0.05091   0.31628   0.16340   0.00000   0.03028   0.12008   0.08188   0.09422   0.00000   0.06445   0.09769   0.07659   0.23473   0.09933   0.12680   0.08446   0.09967   0.05034   0.07037   0.25962   0.73466   0.46354  
  8 44.4836   2323.665427  x:  0.14716   0.02243   0.09945   0.02048   0.07049   0.03763   0.03795   0.04338   0.08292   0.09690   0.41770   0.04292   0.05407   0.31843   0.16004   0.00000   0.03030   0.12106   0.08310   0.10012   0.00000   0.06367   0.09928   0.07505   0.22527   0.10044   0.13891   0.07456   0.09557   0.05006   0.06841   0.26597   0.80032   0.48109  
  9 84.4513   2323.195155  x:  0.14834   0.02915   0.09625   0.01926   0.07280   0.02776   0.03525   0.03872   0.08242   0.09762   0.41737   0.04104   0.05831   0.31844   0.16129   0.00000   0.03358   0.12190   0.08267   0.10280   0.00000   0.06343   0.09972   0.07492   0.21818   0.10590   0.14393   0.07122   0.09527   0.04973   0.07122   0.27826   0.85125   0.49592  
 10 85.0772   2322.887478  x:  0.14496   0.02711   0.09141   0.01996   0.07581   0.03008   0.04092   0.03964   0.08230   0.09506   0.42256   0.03732   0.05831   0.31500   0.16616   0.00000   0.03017   0.12173   0.08066   0.09867   0.00000   0.06400   0.09806   0.07615   0.21534   0.11004   0.13968   0.07888   0.10003   0.04870   0.07547   0.29447   0.88848   0.50903  
 11 44.0154   2322.788642  x:  0.14167   0.02489   0.09222   0.01957   0.07522   0.03020   0.03575   0.04084   0.08206   0.09337   0.42760   0.03983   0.05611   0.31032   0.16692   0.00000   0.03274   0.12089   0.08151   0.09620   0.00000   0.06396   0.09713   0.07619   0.21586   0.10789   0.13456   0.08035   0.10044   0.04990   0.07280   0.30072   0.89998   0.51545  
 12 19.8722   2322.735187  x:  0.13981   0.02769   0.09458   0.01969   0.07296   0.02990   0.03832   0.03944   0.08284   0.09265   0.43245   0.04071   0.05366   0.30495   0.16614   0.00000   0.03248   0.12027   0.08198   0.09582   0.00000   0.06389   0.09722   0.07573   0.21706   0.10539   0.13070   0.07906   0.09899   0.04962   0.07045   0.30305   0.90569   0.52119  
 13 14.3725   2322.684970  x:  0.14033   0.02705   0.09564   0.01937   0.07269   0.03004   0.03784   0.03953   0.08211   0.09430   0.43791   0.03886   0.05582   0.29558   0.16336   0.00000   0.03232   0.12025   0.08053   0.09752   0.00000   0.06402   0.09825   0.07584   0.21820   0.10303   0.12898   0.07867   0.09782   0.04962   0.07480   0.30150   0.90862   0.53156  
 14  7.4052   2322.622949  x:  0.14265   0.02677   0.09302   0.01920   0.07461   0.02989   0.03769   0.03904   0.08290   0.09524   0.44209   0.03884   0.05858   0.28558   0.16202   0.00000   0.03107   0.12059   0.08244   0.09755   0.00000   0.06355   0.09744   0.07581   0.21809   0.10593   0.13030   0.08008   0.09939   0.04889   0.07090   0.29755   0.90949   0.54892  
 15  9.4197   2322.496281  x:  0.14247   0.02533   0.09005   0.01993   0.07245   0.03016   0.03825   0.03985   0.08233   0.09047   0.44363   0.03652   0.05293   0.28078   0.16654   0.00000   0.03394   0.12067   0.08044   0.09725   0.00000   0.06560   0.09714   0.07570   0.21582   0.11113   0.13370   0.07627   0.09996   0.05224   0.07118   0.29246   0.90697   0.59131  
 16 11.1040   2322.185320  x:  0.13713   0.02530   0.09082   0.01856   0.07201   0.03015   0.03581   0.03770   0.08241   0.08908   0.44021   0.04410   0.04952   0.28466   0.17554   0.00000   0.02932   0.11984   0.08002   0.09641   0.00000   0.06294   0.09815   0.07513   0.21208   0.11209   0.13587   0.07446   0.09885   0.04384   0.07675   0.28756   0.89841   0.69914  
 17 38.6941   2321.560104  x:  0.13035   0.02501   0.09658   0.01716   0.07392   0.02981   0.03722   0.03859   0.08669   0.09605   0.42648   0.02995   0.05575   0.30656   0.17883   0.00000   0.03132   0.11981   0.08664   0.10044   0.00000   0.06190   0.10035   0.07538   0.21366   0.10211   0.13032   0.07827   0.09708   0.04572   0.07074   0.28729   0.88099   0.91590  
 18 88.8797   2321.315614  x:  0.13604   0.02574   0.09567   0.01502   0.07214   0.02961   0.03556   0.03547   0.08410   0.09817   0.42012   0.03061   0.05488   0.31712   0.17005   0.00000   0.02513   0.12092   0.08225   0.10180   0.00000   0.06536   0.09883   0.07565   0.21967   0.10145   0.12560   0.07988   0.09813   0.05188   0.06838   0.29096   0.87456   0.99740  
 19 82.2031   2321.213886  x:  0.14140   0.02469   0.09356   0.01537   0.07014   0.02971   0.03589   0.03618   0.08385   0.09723   0.41684   0.02997   0.05305   0.32172   0.16269   0.00000   0.02812   0.12162   0.08092   0.10199   0.00000   0.06423   0.09775   0.07548   0.22512   0.10302   0.12258   0.07947   0.09841   0.04673   0.06814   0.29360   0.87232   1.02938  
 20 43.1235   2321.193530  x:  0.14248   0.02460   0.09310   0.01518   0.06991   0.02972   0.03573   0.03620   0.08571   0.09580   0.41581   0.03000   0.05296   0.32196   0.16151   0.00000   0.02763   0.12125   0.08363   0.10050   0.00000   0.06313   0.09849   0.07535   0.22781   0.10355   0.12284   0.07865   0.09803   0.04769   0.06987   0.29438   0.87244   1.03302  
 21  5.9533   2321.121109  x:  0.14129   0.02468   0.09397   0.01441   0.07121   0.02964   0.03556   0.03628   0.08470   0.09355   0.41146   0.02950   0.05460   0.31931   0.16416   0.00000   0.02734   0.11966   0.08268   0.09902   0.00000   0.06667   0.10138   0.07611   0.23852   0.10313   0.12754   0.07777   0.09709   0.04592   0.06869   0.29630   0.87577   1.03108  
 22  2.5710   2320.946840  x:  0.13802   0.02512   0.09455   0.01351   0.06999   0.02953   0.03508   0.03632   0.08414   0.09652   0.40541   0.02804   0.05162   0.31464   0.16914   0.00000   0.02687   0.12108   0.08032   0.10355   0.00000   0.05877   0.09708   0.07476   0.25059   0.10338   0.13297   0.07890   0.09859   0.04734   0.06831   0.29770   0.88457   1.01914  
 23  8.4924   2320.250538  x:  0.13439   0.02368   0.08997   0.01178   0.06133   0.02941   0.03243   0.03544   0.09201   0.10724   0.39809   0.02479   0.04454   0.30770   0.17668   0.00000   0.02509   0.13004   0.08962   0.11219   0.00000   0.07253   0.09026   0.07294   0.25435   0.10585   0.13057   0.07912   0.10151   0.04211   0.07225   0.29461   0.92116   0.95849  
 24 16.0319   2319.015187  x:  0.13630   0.01880   0.08441   0.00718   0.06114   0.02919   0.02985   0.02990   0.09203   0.10192   0.39607   0.01303   0.04608   0.30379   0.18247   0.00000   0.01860   0.13061   0.08500   0.10853   0.00000   0.06505   0.09926   0.07485   0.24286   0.10748   0.11867   0.07217   0.09769   0.03806   0.06719   0.28555   0.97937   0.85823  
 25 64.7830   2318.936911  x:  0.13672   0.01856   0.08355   0.00718   0.06102   0.02909   0.02928   0.03001   0.09590   0.09758   0.39663   0.01383   0.04594   0.30404   0.18242   0.00000   0.01821   0.12536   0.08391   0.11591   0.00000   0.06496   0.10233   0.07449   0.24187   0.10788   0.11803   0.07559   0.09760   0.03812   0.06666   0.28497   0.98346   0.85119  
 26 15.5184   2318.930466  x:  0.13644   0.01845   0.08408   0.00706   0.06167   0.02910   0.02939   0.02980   0.09474   0.09700   0.39690   0.01353   0.04591   0.30425   0.18195   0.00000   0.01806   0.12337   0.08480   0.11650   0.00000   0.06524   0.10100   0.07390   0.24177   0.10816   0.11808   0.07528   0.09795   0.03796   0.06692   0.28484   0.98381   0.85060  
 27  2.7444   2318.906513  x:  0.13382   0.01848   0.08342   0.00727   0.05922   0.02913   0.02927   0.02996   0.09525   0.09740   0.39710   0.01369   0.04761   0.30470   0.18059   0.00000   0.01787   0.12092   0.08427   0.11586   0.00000   0.06504   0.09982   0.07630   0.24173   0.10914   0.11857   0.07412   0.09905   0.03787   0.06683   0.28431   0.98542   0.84846  
 28  0.8232   2318.711481  x:  0.12291   0.01848   0.07960   0.00717   0.06595   0.02897   0.02886   0.02916   0.09843   0.10050   0.39612   0.01488   0.04298   0.30544   0.17285   0.00000   0.01822   0.11818   0.08150   0.11330   0.00000   0.06504   0.10160   0.07563   0.24106   0.11162   0.12019   0.07063   0.09968   0.03758   0.06648   0.28133   0.99857   0.83112  
 29  4.7986   2317.743081  x:  0.11196   0.01606   0.08169   0.00923   0.05902   0.02900   0.02802   0.02642   0.08616   0.08708   0.37863   0.02277   0.04721   0.30046   0.16909   0.00000   0.01688   0.12579   0.08551   0.11071   0.00000   0.06181   0.10508   0.06063   0.23284   0.11890   0.11683   0.07038   0.09578   0.03616   0.06347   0.27197   1.06374   0.74598  
 30 23.4016   2316.867152  x:  0.12484   0.01348   0.08854   0.01021   0.06514   0.02884   0.02733   0.02397   0.08196   0.08065   0.35880   0.03051   0.04076   0.29224   0.17913   0.00000   0.01585   0.12397   0.08949   0.11083   0.00000   0.05862   0.09920   0.07738   0.22395   0.11643   0.10946   0.06325   0.09229   0.03405   0.06125   0.26603   1.12487   0.66628  
 31 80.4388   2316.668351  x:  0.13329   0.01332   0.08782   0.01068   0.06373   0.02878   0.02672   0.02397   0.08624   0.08476   0.35395   0.03185   0.04079   0.29010   0.18566   0.00000   0.01664   0.11570   0.08561   0.10552   0.00000   0.05876   0.09692   0.07087   0.22174   0.11268   0.10755   0.06026   0.09354   0.03369   0.06073   0.26508   1.13829   0.64903  
 32 31.7582   2316.659033  x:  0.13377   0.01359   0.08617   0.01081   0.06293   0.02880   0.02679   0.02383   0.08474   0.08605   0.35391   0.03187   0.03991   0.29010   0.18609   0.00000   0.01686   0.11446   0.08650   0.10529   0.00000   0.05848   0.09814   0.07108   0.22173   0.11212   0.10778   0.06099   0.09294   0.03376   0.06070   0.26502   1.13893   0.64848  
 33  3.8399   2316.495855  x:  0.13268   0.01556   0.07775   0.01135   0.06400   0.02867   0.02711   0.02374   0.08561   0.08160   0.34983   0.03189   0.04199   0.29000   0.18567   0.00000   0.01699   0.11589   0.08566   0.10534   0.00000   0.05920   0.09187   0.07122   0.22143   0.10496   0.10943   0.06210   0.08740   0.03420   0.06098   0.26356   1.14892   0.65102  
 34  0.4000   2313.641426  x:  0.12807   0.02171   0.08491   0.01944   0.06634   0.02757   0.03100   0.03124   0.08914   0.08000   0.25501   0.02985   0.04538   0.27044   0.17225   0.00000   0.02125   0.11581   0.08284   0.10862   0.00000   0.06058   0.10458   0.07404   0.20682   0.10350   0.11021   0.06682   0.10231   0.04378   0.06174   0.25512   1.32196   0.69867  
 35 14.7118   2313.574088  x:  0.12789   0.02076   0.08731   0.01967   0.06619   0.02754   0.03098   0.03180   0.09032   0.08197   0.25240   0.02957   0.04543   0.26975   0.17191   0.00000   0.02135   0.11431   0.08182   0.10752   0.00000   0.06096   0.10305   0.07429   0.20638   0.10828   0.10985   0.06949   0.09455   0.04443   0.06153   0.25515   1.32608   0.69985  
 36 13.3381   2312.919594  x:  0.12419   0.02004   0.08239   0.01571   0.06668   0.02905   0.03103   0.02923   0.08906   0.09167   0.24687   0.02722   0.05208   0.24338   0.16265   0.00000   0.01828   0.11551   0.08275   0.10790   0.00000   0.06366   0.10075   0.07529   0.20608   0.10354   0.09862   0.07507   0.09729   0.04131   0.06716   0.27612   1.33117   0.75112  
 37  0.0642   2312.739666  x:  0.12291   0.01950   0.08147   0.01085   0.06568   0.02978   0.03048   0.02763   0.08869   0.08810   0.24608   0.02357   0.05104   0.24148   0.16296   0.00000   0.01951   0.11345   0.08295   0.10971   0.00000   0.06343   0.09961   0.07404   0.20121   0.10774   0.10197   0.07325   0.09686   0.04046   0.06634   0.27667   1.26131   0.76010  
 38  0.0485   2312.662118  x:  0.12387   0.01975   0.08136   0.01172   0.06721   0.02970   0.03140   0.02936   0.08846   0.08756   0.24364   0.02218   0.04980   0.24315   0.16503   0.00000   0.01712   0.11297   0.08333   0.10961   0.00000   0.06285   0.09997   0.07374   0.20107   0.10739   0.10035   0.07168   0.09639   0.04020   0.06561   0.27532   1.18876   0.76250  
 39  0.0523   2312.628062  x:  0.12394   0.02037   0.08250   0.01220   0.06753   0.02919   0.03073   0.02848   0.08857   0.08768   0.24305   0.02302   0.05029   0.24153   0.16527   0.00000   0.01902   0.11322   0.08324   0.10865   0.00000   0.06297   0.10004   0.07462   0.20243   0.10621   0.09911   0.07201   0.09671   0.04076   0.06590   0.27521   1.14484   0.74818  
 40  0.0421   2312.622962  x:  0.12371   0.02007   0.08171   0.01214   0.06692   0.02929   0.03087   0.02850   0.08866   0.08816   0.24198   0.02377   0.05058   0.24145   0.16408   0.00000   0.01877   0.11345   0.08301   0.10853   0.00000   0.06310   0.10010   0.07466   0.20237   0.10600   0.09993   0.07263   0.09676   0.04078   0.06610   0.27635   1.14112   0.73860  
 41  0.0109   2312.622622  x:  0.12345   0.02017   0.08170   0.01217   0.06673   0.02934   0.03091   0.02853   0.08873   0.08815   0.24258   0.02377   0.05055   0.24141   0.16383   0.00000   0.01880   0.11341   0.08296   0.10866   0.00000   0.06311   0.10014   0.07457   0.20219   0.10612   0.09958   0.07273   0.09671   0.04080   0.06603   0.27661   1.14078   0.73708  
 42  0.0027   2312.622602  x:  0.12341   0.02019   0.08172   0.01216   0.06668   0.02935   0.03089   0.02853   0.08872   0.08816   0.24245   0.02377   0.05053   0.24150   0.16383   0.00000   0.01881   0.11340   0.08296   0.10871   0.00000   0.06310   0.10014   0.07451   0.20226   0.10615   0.09958   0.07274   0.09670   0.04080   0.06600   0.27663   1.14073   0.73772  
 43  0.0009   2312.622601  x:  0.12341   0.02019   0.08172   0.01216   0.06668   0.02935   0.03088   0.02853   0.08871   0.08817   0.24246   0.02377   0.05053   0.24147   0.16385   0.00000   0.01882   0.11340   0.08296   0.10872   0.00000   0.06310   0.10014   0.07449   0.20225   0.10616   0.09960   0.07274   0.09670   0.04080   0.06600   0.27661   1.14067   0.73766  
 44  0.0001   2312.622601  x:  0.12341   0.02019   0.08172   0.01216   0.06668   0.02934   0.03089   0.02853   0.08871   0.08817   0.24246   0.02377   0.05053   0.24147   0.16385   0.00000   0.01882   0.11340   0.08296   0.10872   0.00000   0.06310   0.10014   0.07449   0.20225   0.10616   0.09960   0.07274   0.09670   0.04080   0.06600   0.27661   1.14067   0.73773  
 45  0.0001   2312.622601  x:  0.12341   0.02019   0.08172   0.01216   0.06668   0.02934   0.03089   0.02853   0.08871   0.08817   0.24246   0.02377   0.05053   0.24147   0.16385   0.00000   0.01882   0.11340   0.08296   0.10872   0.00000   0.06310   0.10014   0.07449   0.20225   0.10616   0.09960   0.07274   0.09670   0.04080   0.06600   0.27661   1.14067   0.73775  
 46  0.0000   2312.622601  x:  0.12341   0.02019   0.08172   0.01216   0.06668   0.02934   0.03089   0.02853   0.08871   0.08817   0.24246   0.02377   0.05053   0.24147   0.16385   0.00000   0.01882   0.11340   0.08296   0.10872   0.00000   0.06310   0.10014   0.07449   0.20225   0.10616   0.09960   0.07274   0.09670   0.04080   0.06600   0.27661   1.14067   0.73775  
 47  0.0000   2312.622601  x:  0.12341   0.02019   0.08172   0.01216   0.06668   0.02934   0.03089   0.02853   0.08871   0.08817   0.24246   0.02377   0.05053   0.24147   0.16385   0.00000   0.01882   0.11340   0.08296   0.10872   0.00000   0.06310   0.10014   0.07449   0.20225   0.10616   0.09960   0.07274   0.09670   0.04080   0.06600   0.27661   1.14067   0.73775  
 48  0.0000   2312.622601  x:  0.12341   0.02019   0.08172   0.01216   0.06668   0.02934   0.03089   0.02853   0.08871   0.08817   0.24246   0.02377   0.05053   0.24147   0.16385   0.00000   0.01882   0.11340   0.08296   0.10872   0.00000   0.06310   0.10014   0.07449   0.20225   0.10616   0.09960   0.07274   0.09670   0.04080   0.06600   0.27661   1.14067   0.73775  
 49  0.0000   2312.622601  x:  0.12341   0.02019   0.08172   0.01216   0.06668   0.02934   0.03089   0.02853   0.08871   0.08817   0.24246   0.02377   0.05053   0.24147   0.16385   0.00000   0.01882   0.11340   0.08296   0.10872   0.00000   0.06310   0.10014   0.07449   0.20225   0.10616   0.09960   0.07274   0.09670   0.04080   0.06600   0.27661   1.14067   0.73775  
check convergence!
