

TREE # 1

  0  0.0000   6662.788274  x:  0.08651   0.07643   0.05275   0.02836   0.10228   0.04685   0.02674   0.06572   0.01792   0.02993   0.06525   0.10647   0.09975   0.02703   0.02085   0.06652   0.02622   0.03334   0.05418   0.04026   0.06185   0.08233   0.06872   0.06468   0.01349   0.04168   0.07097   0.04361   0.07359   0.02168   0.04803   0.03041   0.03020   0.03183   0.02986   0.04263   0.09833   0.09689   0.07845   0.05701   0.10239   0.01797   0.02097   0.10831   0.01437   0.03993   0.01915   0.09037   0.02754   0.50151   0.46432   0.44574  
  1 99.0000   5265.427700  x:  0.12250   0.43718   0.30038   0.22265   0.21928   0.14842   0.42276   0.14478   0.24060   0.32867   0.02958   0.07181   0.09149   0.37872   0.28059   0.21858   1.57973   0.15654   0.32019   0.71220   0.03106   0.07130   0.04414   0.03651   0.05639   0.13059   0.13135   0.09852   0.18987   0.13694   0.03249   0.17822   0.19116   0.16444   0.19078   0.18285   0.06611   0.09218   0.05401   0.03494   0.11407   0.17519   0.34557   0.07889   0.03018   0.00000   0.04868   0.04955   0.00308   0.50861   0.49554   0.44875  
  2 6333.3483   5261.590382  x:  0.12268   0.44053   0.30214   0.22347   0.22087   0.14895   0.42443   0.14528   0.24114   0.32999   0.02756   0.06998   0.09043   0.37997   0.28105   0.21886   1.58733   0.15640   0.32112   0.71627   0.02911   0.07104   0.04315   0.03461   0.05554   0.13108   0.13176   0.09839   0.19119   0.13691   0.03142   0.17843   0.19144   0.16479   0.19126   0.18352   0.06447   0.09203   0.05310   0.03389   0.11423   0.17516   0.34642   0.07777   0.02995   0.02762   0.04804   0.04781   0.00908   0.50817   0.49647   0.44889  
  3 2124.5172   5227.313993  x:  0.12269   0.46469   0.31078   0.22189   0.23599   0.14958   0.42132   0.14708   0.23340   0.32846   0.00000   0.04529   0.07538   0.37382   0.26954   0.21224   1.59099   0.14560   0.31610   0.72938   0.00236   0.06804   0.03036   0.00832   0.04014   0.13202   0.13361   0.09244   0.20233   0.12835   0.01681   0.17109   0.18418   0.16073   0.18706   0.18362   0.04258   0.09026   0.04144   0.02018   0.11575   0.16361   0.33617   0.06098   0.01890   0.02486   0.03602   0.02450   0.02571   0.50131   0.50785   0.45075  
  4 443.9933   5225.155021  x:  0.12266   0.46652   0.31143   0.22172   0.23715   0.14960   0.42103   0.14722   0.23275   0.32834   0.00000   0.04331   0.07415   0.37330   0.26859   0.21167   1.59121   0.14468   0.31566   0.73043   0.00000   0.06789   0.02989   0.00601   0.03928   0.13208   0.13373   0.09200   0.20310   0.12772   0.01626   0.17056   0.18365   0.16048   0.18676   0.18366   0.04085   0.09017   0.04090   0.01985   0.11590   0.16268   0.33531   0.05999   0.01930   0.02514   0.03565   0.02335   0.02410   0.50085   0.50874   0.45094  
  5 1240.3163   5222.090375  x:  0.12245   0.47019   0.31271   0.22119   0.23949   0.14959   0.42031   0.14754   0.23125   0.32821   0.00000   0.03939   0.07140   0.37216   0.26645   0.21033   1.59176   0.14247   0.31458   0.73292   0.00000   0.06784   0.03071   0.00000   0.03912   0.13218   0.13391   0.09119   0.20441   0.12657   0.01741   0.16965   0.18269   0.16019   0.18633   0.18391   0.03725   0.09011   0.04114   0.02151   0.11632   0.16074   0.33334   0.05920   0.01772   0.02526   0.03666   0.02518   0.02357   0.50017   0.51060   0.45148  
  6 735.0390   5207.714509  x:  0.11898   0.50349   0.32397   0.21361   0.26092   0.14848   0.41141   0.15110   0.21470   0.32838   0.00000   0.00720   0.04233   0.36017   0.24364   0.19516   1.59776   0.11660   0.30172   0.76088   0.00000   0.06921   0.03822   0.00000   0.04938   0.13246   0.13492   0.08544   0.21335   0.11606   0.02768   0.16297   0.17523   0.15856   0.18484   0.18815   0.00000   0.09058   0.05007   0.02991   0.12049   0.14140   0.31081   0.06148   0.05347   0.02115   0.04729   0.04213   0.04310   0.49653   0.52824   0.45894  
  7 615.6082   5198.412247  x:  0.11209   0.54595   0.33777   0.19854   0.28913   0.14569   0.39527   0.15708   0.18830   0.33220   0.00000   0.05612   0.00000   0.34203   0.20872   0.17070   1.60812   0.07198   0.27942   0.80784   0.00000   0.07167   0.03718   0.00000   0.06515   0.13194   0.13522   0.08136   0.22043   0.10235   0.02853   0.15713   0.16818   0.15742   0.18943   0.19744   0.00000   0.09187   0.05921   0.04076   0.12682   0.11471   0.27192   0.07061   0.06984   0.01944   0.04872   0.04655   0.05077   0.49584   0.55200   0.47305  
  8 232.3412   5188.401801  x:  0.09621   0.55603   0.33763   0.16626   0.30762   0.14040   0.36069   0.16744   0.16168   0.35867   0.00000   0.03621   0.00000   0.32391   0.17985   0.14301   1.61605   0.00000   0.24293   0.88124   0.00000   0.07281   0.03185   0.00000   0.08789   0.12707   0.12870   0.09319   0.20105   0.10828   0.02238   0.17087   0.17924   0.16359   0.21505   0.21160   0.00000   0.09362   0.05850   0.00856   0.12125   0.12200   0.21445   0.10040   0.04994   0.02179   0.03152   0.04010   0.03859   0.51823   0.56451   0.50466  
  9 88.9403   5184.463094  x:  0.08783   0.55870   0.33664   0.14765   0.31877   0.13783   0.33832   0.17350   0.14689   0.37547   0.00000   0.01969   0.00000   0.31321   0.16511   0.13050   1.61897   0.00000   0.22190   0.92756   0.00000   0.07232   0.02364   0.00000   0.09532   0.12441   0.12486   0.09925   0.19015   0.11256   0.01112   0.17870   0.18557   0.16625   0.23058   0.21916   0.00000   0.09384   0.05267   0.03010   0.11808   0.12881   0.18107   0.11343   0.04209   0.02233   0.01987   0.02252   0.03609   0.53268   0.57057   0.52593  
 10 349.4534   5179.635460  x:  0.08952   0.56123   0.33778   0.14179   0.33416   0.13908   0.31738   0.17683   0.13849   0.38610   0.00000   0.01398   0.00000   0.30310   0.16029   0.13398   1.61264   0.00000   0.20991   0.97241   0.00000   0.06968   0.02758   0.00000   0.07945   0.12473   0.12372   0.09460   0.19520   0.11318   0.00994   0.17672   0.18288   0.16359   0.23779   0.22124   0.00000   0.09093   0.03797   0.03047   0.11903   0.12795   0.16635   0.10382   0.03809   0.02245   0.05411   0.00545   0.03588   0.54098   0.57558   0.55059  
 11 101.8802   5174.189682  x:  0.09308   0.56456   0.33960   0.13820   0.35155   0.14129   0.29589   0.17992   0.13139   0.39634   0.00000   0.01043   0.00000   0.29284   0.15781   0.14083   1.60416   0.00000   0.19920   1.02063   0.00000   0.06575   0.02171   0.00000   0.05177   0.12568   0.12330   0.08756   0.20372   0.11244   0.00000   0.17250   0.17807   0.15907   0.24352   0.22183   0.00000   0.08736   0.01958   0.03014   0.12004   0.12657   0.15466   0.08322   0.03931   0.02278   0.06868   0.01815   0.03417   0.54772   0.58076   0.57802  
 12 381.4772   5168.449940  x:  0.09807   0.57053   0.34259   0.13658   0.37244   0.14437   0.27335   0.18295   0.12495   0.40615   0.00000   0.00688   0.00000   0.28163   0.15687   0.14995   1.59219   0.00000   0.18894   1.07587   0.00000   0.06180   0.01574   0.00000   0.01586   0.12711   0.12363   0.07798   0.21542   0.11078   0.01973   0.16627   0.17136   0.15384   0.24762   0.22089   0.00000   0.08419   0.01931   0.02933   0.12111   0.12374   0.14644   0.05212   0.04049   0.02313   0.06495   0.02082   0.03295   0.55278   0.58726   0.61071  
 13 475.4031   5163.889508  x:  0.10348   0.57910   0.34648   0.13970   0.38932   0.14755   0.26116   0.18418   0.12309   0.40939   0.00000   0.00185   0.00000   0.27441   0.15904   0.15948   1.57915   0.00000   0.18523   1.11450   0.00000   0.06001   0.02934   0.00000   0.01433   0.12886   0.12516   0.06874   0.22828   0.10562   0.01253   0.15762   0.16274   0.14787   0.24521   0.21749   0.00000   0.08297   0.03320   0.02751   0.12219   0.11900   0.14971   0.02442   0.03734   0.02384   0.05497   0.01884   0.03013   0.55116   0.59303   0.63578  
 14 264.1685   5162.502125  x:  0.10490   0.58621   0.34902   0.14179   0.39699   0.14918   0.25985   0.18445   0.12458   0.40902   0.00000   0.00061   0.00000   0.27297   0.16144   0.16283   1.57191   0.00000   0.18559   1.12511   0.00000   0.05899   0.02747   0.00000   0.02140   0.12947   0.12616   0.06519   0.23436   0.10384   0.01571   0.15351   0.15877   0.14581   0.23986   0.21364   0.00000   0.08256   0.02693   0.02701   0.12036   0.12026   0.15450   0.02513   0.03622   0.02409   0.05039   0.01796   0.02876   0.54713   0.59627   0.64379  
 15 132.0800   5160.662006  x:  0.10450   0.60179   0.35374   0.14232   0.41356   0.15238   0.25613   0.18620   0.12862   0.41173   0.00000   0.00163   0.00000   0.27089   0.16677   0.16657   1.55750   0.00000   0.18432   1.14441   0.00000   0.05517   0.03598   0.00000   0.02742   0.12980   0.12719   0.06006   0.24353   0.10419   0.02025   0.14787   0.15303   0.14272   0.22765   0.20419   0.00000   0.08116   0.01527   0.02654   0.11129   0.13378   0.15986   0.02336   0.03631   0.02428   0.04113   0.01667   0.02766   0.53979   0.60325   0.65782  
 16 327.7780   5157.186311  x:  0.10180   0.64109   0.36521   0.14367   0.44979   0.15866   0.25489   0.18955   0.13906   0.41530   0.00000   0.00155   0.00000   0.26927   0.17915   0.17328   1.52401   0.00000   0.18420   1.18119   0.00000   0.05140   0.03497   0.00000   0.01842   0.12996   0.12991   0.05439   0.26216   0.10460   0.01458   0.13703   0.14228   0.13731   0.19636   0.18198   0.00000   0.07990   0.02473   0.02535   0.09309   0.16427   0.17425   0.04694   0.03351   0.02471   0.03425   0.01450   0.02447   0.51927   0.61964   0.68672  
 17 240.9315   5154.823370  x:  0.09396   0.67386   0.37286   0.14104   0.47146   0.15828   0.26548   0.19079   0.14465   0.41573   0.00000   0.00194   0.00000   0.27388   0.18518   0.17144   1.49538   0.00000   0.18654   1.19960   0.00000   0.06440   0.01796   0.00000   0.02504   0.12822   0.13167   0.06940   0.26289   0.10757   0.01307   0.14144   0.14706   0.14153   0.17532   0.17151   0.00000   0.08431   0.03070   0.02483   0.10088   0.18333   0.18144   0.03227   0.03173   0.02515   0.04024   0.01463   0.02223   0.50185   0.63178   0.70676  
 18 92.8667   5152.987641  x:  0.08739   0.70558   0.38039   0.14227   0.48255   0.15320   0.28732   0.18859   0.14593   0.40869   0.00000   0.00147   0.00000   0.28292   0.18558   0.16700   1.47027   0.00000   0.19515   1.20807   0.00000   0.06903   0.02641   0.00000   0.01514   0.12682   0.13422   0.08242   0.25533   0.10517   0.01115   0.14988   0.15689   0.14887   0.16482   0.17408   0.00000   0.08904   0.02309   0.02476   0.12203   0.17949   0.18998   0.03659   0.03091   0.02528   0.03483   0.01293   0.02126   0.48506   0.64170   0.72438  
 19 85.6727   5151.082339  x:  0.08391   0.73740   0.38846   0.14642   0.48756   0.14649   0.30873   0.18420   0.14559   0.40028   0.00000   0.00157   0.00000   0.29522   0.18340   0.16346   1.44660   0.00000   0.20788   1.21029   0.00000   0.04153   0.02104   0.00000   0.01604   0.12803   0.13573   0.07521   0.24479   0.10410   0.00971   0.15569   0.16470   0.15207   0.16894   0.18657   0.00000   0.08194   0.02490   0.02463   0.12176   0.16614   0.19058   0.03293   0.02960   0.02562   0.03560   0.01236   0.01938   0.47599   0.64953   0.74299  
 20 58.9076   5148.754570  x:  0.08390   0.77872   0.39970   0.15533   0.48802   0.14018   0.33124   0.17733   0.14520   0.38737   0.00000   0.00162   0.00000   0.31130   0.17849   0.16066   1.42107   0.00000   0.22658   1.20787   0.00000   0.06141   0.01698   0.00000   0.01465   0.13172   0.13686   0.05109   0.23729   0.10343   0.00769   0.15398   0.16539   0.14878   0.18689   0.20475   0.00000   0.07251   0.02372   0.02453   0.10244   0.13763   0.18577   0.03161   0.02705   0.02606   0.03280   0.01063   0.01698   0.47457   0.65750   0.76963  
 21 74.9571   5146.563753  x:  0.08903   0.80931   0.40746   0.16333   0.48092   0.14670   0.33029   0.17418   0.14550   0.37349   0.00000   0.00184   0.00000   0.31451   0.17143   0.16082   1.41320   0.00000   0.23632   1.19797   0.00000   0.05893   0.01421   0.00000   0.01570   0.13220   0.13793   0.06671   0.25923   0.10157   0.00753   0.13496   0.14513   0.13595   0.20792   0.20415   0.00000   0.09627   0.02347   0.02410   0.10855   0.10598   0.17808   0.03527   0.02470   0.02651   0.02727   0.00892   0.01444   0.48765   0.66037   0.79522  
 22 41.9274   5145.444995  x:  0.08872   0.81849   0.40763   0.16299   0.46942   0.15213   0.32024   0.17504   0.13885   0.35960   0.00000   0.00203   0.00000   0.30319   0.16199   0.15656   1.42384   0.00000   0.23134   1.18560   0.00000   0.05980   0.01268   0.00000   0.01755   0.12962   0.13377   0.06135   0.27714   0.08440   0.00776   0.13406   0.14029   0.13886   0.20504   0.19644   0.00000   0.07562   0.02482   0.02357   0.12885   0.09918   0.18032   0.03857   0.02356   0.02673   0.02396   0.00818   0.01320   0.48766   0.65996   0.80755  
 23 32.4499   5144.949717  x:  0.08806   0.82284   0.40718   0.16247   0.46013   0.15175   0.31621   0.17567   0.12947   0.34422   0.00000   0.00201   0.00000   0.28959   0.15379   0.15037   1.43685   0.00000   0.22359   1.17234   0.00000   0.05909   0.01209   0.00000   0.01698   0.13020   0.13395   0.05700   0.28323   0.07614   0.00767   0.13806   0.14663   0.14200   0.19500   0.19681   0.00000   0.08664   0.02426   0.02391   0.12158   0.09557   0.18541   0.03740   0.02340   0.02677   0.02495   0.00818   0.01297   0.47725   0.66166   0.81253  
 24 25.5028   5144.776752  x:  0.08860   0.82672   0.40801   0.16335   0.45806   0.15118   0.31558   0.17599   0.12634   0.33646   0.00000   0.00199   0.00916   0.28340   0.15205   0.14844   1.44251   0.00000   0.22026   1.16396   0.00000   0.05917   0.01260   0.00000   0.01692   0.13100   0.13637   0.06103   0.28420   0.08047   0.00781   0.13678   0.14734   0.14067   0.19116   0.19945   0.00000   0.08386   0.02414   0.02412   0.11844   0.09378   0.18444   0.03724   0.02363   0.02676   0.02531   0.00833   0.01300   0.47240   0.66463   0.81413  
 25 22.4127   5144.613873  x:  0.08889   0.83234   0.40963   0.16513   0.45851   0.15033   0.31589   0.17620   0.12368   0.32836   0.00000   0.00199   0.00320   0.27826   0.15163   0.14776   1.44762   0.00000   0.21765   1.15389   0.00000   0.05943   0.01327   0.00000   0.01711   0.13154   0.13919   0.06410   0.28272   0.08630   0.00807   0.13417   0.14592   0.13828   0.18865   0.20301   0.00000   0.08050   0.02423   0.02421   0.11805   0.09468   0.18103   0.03735   0.02402   0.02672   0.02576   0.00856   0.01313   0.47028   0.66958   0.81534  
 26 20.9681   5144.360889  x:  0.08609   0.84546   0.41313   0.16669   0.46530   0.15082   0.31519   0.17749   0.12565   0.32166   0.00000   0.00202   0.00603   0.27454   0.15491   0.14772   1.45356   0.00000   0.21467   1.13341   0.00000   0.05968   0.01387   0.00000   0.01792   0.13043   0.14031   0.05703   0.27514   0.08468   0.00869   0.13251   0.14122   0.13727   0.18770   0.20715   0.00000   0.08522   0.02481   0.02413   0.12455   0.09939   0.17273   0.03781   0.02490   0.02661   0.02721   0.00907   0.01360   0.47537   0.68224   0.81723  
 27 15.6655   5144.122047  x:  0.08095   0.85977   0.41610   0.16457   0.47625   0.15162   0.31060   0.17817   0.12755   0.32534   0.00000   0.00203   0.00483   0.27593   0.15382   0.14730   1.45476   0.00000   0.21370   1.11372   0.00000   0.05986   0.01536   0.00000   0.01828   0.12991   0.13695   0.06213   0.27245   0.07809   0.00941   0.13598   0.14168   0.14137   0.19163   0.20363   0.00000   0.08280   0.02488   0.02469   0.11973   0.09247   0.17521   0.03783   0.02612   0.02645   0.02895   0.00982   0.01425   0.48264   0.69645   0.81936  
 28 15.0750   5144.025202  x:  0.08090   0.86446   0.41701   0.16219   0.47947   0.14995   0.30825   0.17730   0.12373   0.33221   0.00000   0.00207   0.00491   0.27892   0.14869   0.14555   1.45245   0.00000   0.21552   1.10890   0.00000   0.06006   0.01585   0.00000   0.01896   0.13110   0.13444   0.05854   0.27652   0.08405   0.00951   0.13553   0.14493   0.14121   0.19483   0.20242   0.00000   0.08407   0.02541   0.02487   0.12271   0.09167   0.17911   0.03849   0.02669   0.02636   0.02936   0.01017   0.01458   0.48184   0.70109   0.82085  
 29  9.6507   5143.968328  x:  0.08359   0.86457   0.41689   0.16217   0.47769   0.14917   0.30961   0.17696   0.12080   0.33756   0.00000   0.00209   0.00488   0.28131   0.14738   0.14233   1.44865   0.00000   0.21849   1.11295   0.00000   0.06050   0.01635   0.00000   0.01943   0.13071   0.13639   0.05984   0.27869   0.07933   0.01022   0.13411   0.14353   0.13960   0.19688   0.20525   0.00000   0.08396   0.02566   0.02506   0.12276   0.09412   0.17812   0.03879   0.02713   0.02629   0.03008   0.01054   0.01487   0.47668   0.70095   0.82291  
 30  4.7961   5143.897614  x:  0.08303   0.86320   0.41601   0.16328   0.47393   0.15200   0.31185   0.17834   0.12331   0.33971   0.00000   0.00213   0.00399   0.28021   0.15026   0.13870   1.44173   0.00000   0.22020   1.12695   0.00000   0.06070   0.01699   0.00000   0.02016   0.12978   0.13727   0.05848   0.28084   0.08079   0.01057   0.13559   0.14197   0.14208   0.19320   0.20683   0.00000   0.08439   0.02603   0.02529   0.12327   0.08916   0.17516   0.03927   0.02754   0.02619   0.03052   0.01086   0.01526   0.47396   0.69851   0.82734  
 31  5.4569   5143.805970  x:  0.08077   0.86385   0.41674   0.16774   0.46966   0.15126   0.31445   0.17683   0.12361   0.33205   0.00000   0.00218   0.00521   0.27617   0.14714   0.13914   1.43188   0.00000   0.22085   1.15044   0.00000   0.06105   0.01750   0.00000   0.02076   0.13232   0.13624   0.05912   0.27892   0.07958   0.01103   0.13369   0.14406   0.14081   0.19219   0.20789   0.00000   0.08453   0.02644   0.02542   0.12391   0.09008   0.18037   0.03964   0.02786   0.02607   0.03107   0.01127   0.01570   0.48080   0.69522   0.83549  
 32  7.6156   5143.768542  x:  0.08302   0.86485   0.41787   0.16614   0.46875   0.14882   0.31392   0.17510   0.12151   0.32652   0.00000   0.00219   0.00581   0.27842   0.14826   0.14226   1.43037   0.00000   0.21904   1.15714   0.00000   0.06111   0.01777   0.00000   0.02102   0.12807   0.13535   0.05884   0.27728   0.08032   0.01114   0.13561   0.14207   0.14147   0.19452   0.20443   0.00000   0.08493   0.02659   0.02540   0.12383   0.08995   0.18140   0.03972   0.02786   0.02604   0.03117   0.01141   0.01580   0.47962   0.69365   0.84045  
 33  4.2655   5143.702047  x:  0.08509   0.86584   0.41780   0.16078   0.46852   0.15000   0.31284   0.17613   0.12399   0.32154   0.00000   0.00222   0.00557   0.28390   0.14916   0.14684   1.43081   0.00000   0.21447   1.16013   0.00000   0.06118   0.01823   0.00000   0.02138   0.13488   0.13503   0.05866   0.27553   0.07929   0.01138   0.13374   0.14420   0.14152   0.19659   0.20157   0.00000   0.08514   0.02681   0.02525   0.12466   0.08929   0.18016   0.03984   0.02764   0.02601   0.03115   0.01155   0.01581   0.47517   0.69069   0.85221  
 34  3.4427   5143.246405  x:  0.08181   0.87246   0.41212   0.15338   0.47082   0.15901   0.31583   0.18288   0.13438   0.32036   0.00000   0.00232   0.00453   0.29533   0.13857   0.16014   1.44069   0.00000   0.20334   1.15415   0.00000   0.06160   0.01959   0.00000   0.02227   0.12175   0.14130   0.05877   0.28037   0.07917   0.01173   0.13107   0.14588   0.13968   0.19065   0.21352   0.00000   0.08560   0.02781   0.02443   0.12439   0.09141   0.18777   0.03834   0.02513   0.02589   0.03080   0.01196   0.01532   0.47352   0.67649   0.93795  
 35  6.5735   5142.028620  x:  0.07928   0.88905   0.40530   0.16289   0.47443   0.14897   0.32311   0.17420   0.12304   0.33392   0.00000   0.00261   0.00409   0.29320   0.15499   0.16653   1.47171   0.00000   0.20427   1.13211   0.00000   0.06203   0.02336   0.00000   0.02459   0.13582   0.14442   0.06147   0.29129   0.07947   0.01157   0.14465   0.13497   0.14465   0.17294   0.21281   0.00000   0.08775   0.03014   0.02216   0.12494   0.09676   0.19517   0.03520   0.01794   0.02562   0.02894   0.01244   0.01383   0.48039   0.65148   1.16586  
 36 39.2698   5141.420203  x:  0.08276   0.89213   0.40838   0.17122   0.47233   0.14936   0.32714   0.17347   0.13021   0.33821   0.00000   0.00270   0.00275   0.28092   0.16416   0.15205   1.49022   0.00000   0.21725   1.12232   0.00000   0.06165   0.02517   0.00000   0.02498   0.12619   0.13684   0.06126   0.28529   0.07900   0.01144   0.13112   0.14787   0.14176   0.17581   0.19373   0.00000   0.08785   0.03078   0.02140   0.12544   0.09768   0.19681   0.03247   0.01457   0.02548   0.02944   0.01286   0.01319   0.47445   0.65057   1.27495  
 37 48.3287   5141.288366  x:  0.08386   0.88720   0.41290   0.17229   0.47078   0.15368   0.32581   0.17702   0.13628   0.33466   0.00000   0.00271   0.00259   0.27909   0.15901   0.14469   1.49361   0.00000   0.22393   1.12145   0.00000   0.06154   0.02533   0.00000   0.02469   0.12883   0.13605   0.06120   0.28294   0.08126   0.01112   0.13633   0.14049   0.14282   0.18037   0.19122   0.00000   0.08814   0.03085   0.02132   0.12558   0.10054   0.20150   0.03153   0.01386   0.02543   0.02978   0.01290   0.01310   0.47047   0.66039   1.29523  
 38 13.4704   5141.174159  x:  0.08030   0.87186   0.42058   0.17133   0.47150   0.15262   0.31990   0.17696   0.13513   0.32972   0.00000   0.00275   0.00258   0.28665   0.16248   0.14411   1.49658   0.00000   0.22964   1.12444   0.00000   0.06173   0.02547   0.00000   0.02503   0.12814   0.13926   0.06175   0.28621   0.08042   0.01099   0.13532   0.14325   0.14310   0.17603   0.19492   0.00000   0.08828   0.03115   0.02100   0.12584   0.10028   0.20259   0.03151   0.01316   0.02539   0.02921   0.01283   0.01297   0.47036   0.68514   1.30363  
 39  6.3698   5141.100576  x:  0.07920   0.86186   0.42253   0.17325   0.47422   0.15165   0.33092   0.17578   0.13443   0.33448   0.00000   0.00278   0.00271   0.28416   0.15985   0.15084   1.49841   0.00000   0.22160   1.12675   0.00000   0.06174   0.02560   0.00000   0.02526   0.12855   0.13739   0.06153   0.28578   0.07996   0.01114   0.13442   0.14146   0.14230   0.17586   0.19199   0.00000   0.08841   0.03131   0.02080   0.12586   0.09904   0.20218   0.03138   0.01291   0.02534   0.02893   0.01284   0.01298   0.46789   0.69832   1.29649  
 40  3.4162   5140.937791  x:  0.09378   0.86385   0.42307   0.17118   0.48163   0.15544   0.33571   0.17384   0.13631   0.33496   0.00000   0.00285   0.00229   0.27752   0.16561   0.14983   1.49830   0.00000   0.21263   1.13101   0.00000   0.06218   0.02569   0.00000   0.02580   0.12854   0.13857   0.06174   0.29116   0.07965   0.01086   0.13741   0.14645   0.14513   0.17992   0.19745   0.00000   0.08852   0.03193   0.02074   0.12680   0.10047   0.20613   0.03161   0.01293   0.02514   0.02830   0.01281   0.01321   0.47031   0.70590   1.25987  
 41  3.5601   5139.238003  x:  0.08733   0.90777   0.38760   0.15159   0.52030   0.15508   0.34184   0.17332   0.13533   0.32601   0.00000   0.00324   0.00162   0.27832   0.17937   0.13964   1.53207   0.00000   0.21225   1.17353   0.00000   0.06339   0.02726   0.00000   0.02665   0.13020   0.11988   0.06413   0.29410   0.07970   0.01152   0.12665   0.13357   0.13745   0.17299   0.20621   0.00000   0.08880   0.03411   0.01900   0.12886   0.10015   0.22534   0.02644   0.01321   0.02321   0.02896   0.01320   0.01584   0.46100   0.71235   0.86983  
 42 18.9946   5138.176566  x:  0.08889   0.93750   0.38668   0.16629   0.53755   0.15564   0.33652   0.17860   0.13799   0.32404   0.00000   0.00352   0.00202   0.28326   0.16682   0.15036   1.54977   0.00000   0.21971   1.19649   0.00000   0.06433   0.02930   0.00000   0.02865   0.13129   0.13756   0.06475   0.29804   0.07955   0.01171   0.13368   0.14138   0.13983   0.16543   0.19150   0.00000   0.08961   0.03594   0.01723   0.12970   0.10232   0.21627   0.02498   0.01341   0.02202   0.02825   0.01338   0.01731   0.45716   0.70885   0.62810  
 43 109.8109   5137.936642  x:  0.08254   0.94677   0.41806   0.16692   0.52608   0.15490   0.33472   0.17733   0.13972   0.32943   0.00000   0.00354   0.00141   0.28638   0.16792   0.14891   1.55184   0.00000   0.21090   1.19820   0.00000   0.06428   0.02944   0.00000   0.02831   0.13160   0.13415   0.06581   0.29919   0.07995   0.01161   0.12746   0.13821   0.14672   0.16268   0.19353   0.00000   0.08948   0.03602   0.01712   0.12934   0.10406   0.21883   0.02372   0.01365   0.02170   0.02883   0.01342   0.01782   0.45697   0.70204   0.58177  
 44 14.1538   5137.857457  x:  0.07783   0.95025   0.42798   0.16500   0.52189   0.15668   0.33458   0.17767   0.14021   0.33102   0.00000   0.00356   0.00101   0.28483   0.17101   0.15014   1.55249   0.00000   0.20939   1.19863   0.00000   0.06432   0.02958   0.00000   0.02842   0.13140   0.13320   0.06580   0.30128   0.07930   0.01192   0.13265   0.13982   0.13714   0.16351   0.19363   0.00000   0.08921   0.03610   0.01709   0.12991   0.10365   0.21923   0.02371   0.01381   0.02159   0.02906   0.01351   0.01797   0.45591   0.70072   0.57417  
 45  8.9290   5137.597099  x:  0.06604   0.95951   0.43495   0.15429   0.51334   0.16263   0.33876   0.18014   0.13559   0.33124   0.00000   0.00362   0.00120   0.27263   0.17576   0.16302   1.55721   0.00000   0.21984   1.19988   0.00000   0.06442   0.02973   0.00000   0.02853   0.13120   0.13924   0.06571   0.30837   0.07922   0.01201   0.13110   0.14145   0.14380   0.17262   0.19284   0.00000   0.08943   0.03649   0.01668   0.12937   0.10701   0.21839   0.02358   0.01466   0.02117   0.02942   0.01367   0.01875   0.45308   0.70449   0.59435  
 46  3.2145   5136.126935  x:  0.08071   0.98511   0.44501   0.14709   0.49082   0.15897   0.34092   0.17854   0.14311   0.34163   0.00000   0.00387   0.00000   0.27657   0.17029   0.16851   1.59373   0.00000   0.22968   1.20754   0.00000   0.06349   0.02931   0.00000   0.02818   0.13165   0.14332   0.06776   0.30315   0.08032   0.01275   0.12991   0.13917   0.13956   0.15118   0.18082   0.00000   0.08798   0.03708   0.01599   0.12950   0.10600   0.22012   0.02244   0.01818   0.01931   0.03155   0.01407   0.02233   0.46013   0.72115   0.72225  
 47 12.0294   5136.126935  x:  0.08071   0.98511   0.44501   0.14709   0.49082   0.15897   0.34092   0.17854   0.14311   0.34163   0.00000   0.00387   0.00000   0.27657   0.17029   0.16851   1.59373   0.00000   0.22968   1.20754   0.00000   0.06349   0.02931   0.00000   0.02818   0.13165   0.14332   0.06776   0.30315   0.08032   0.01275   0.12991   0.13917   0.13956   0.15118   0.18082   0.00000   0.08798   0.03708   0.01599   0.12950   0.10600   0.22012   0.02244   0.01818   0.01931   0.03155   0.01407   0.02233   0.46013   0.72115   0.72225  
 48 37.1884   5134.412726  x:  0.08027   0.98554   0.44532   0.14837   0.49114   0.15859   0.34114   0.17854   0.14263   0.34196   0.00000   0.01790   0.00030   0.27752   0.16959   0.16782   1.59692   0.00000   0.22957   1.20894   0.00000   0.06317   0.02588   0.00000   0.02583   0.13183   0.14324   0.06729   0.30275   0.08038   0.01297   0.13055   0.13980   0.14008   0.15358   0.18227   0.00000   0.08773   0.03472   0.02129   0.12938   0.10471   0.21924   0.02961   0.01953   0.00819   0.03302   0.01280   0.01545   0.46057   0.72098   0.72246  
 49 203.5312   5133.938160  x:  0.07991   0.98590   0.44558   0.14942   0.49141   0.15829   0.34132   0.17854   0.14224   0.34223   0.00000   0.01463   0.00050   0.27831   0.16902   0.16724   1.59964   0.00000   0.22948   1.21012   0.00000   0.06294   0.02392   0.00000   0.02457   0.13197   0.14317   0.06691   0.30243   0.08041   0.01303   0.13105   0.14028   0.14049   0.15550   0.18344   0.00000   0.08754   0.03322   0.02278   0.12925   0.10367   0.21851   0.03227   0.01986   0.00384   0.03337   0.01278   0.01256   0.46093   0.72084   0.72265  
 50 114.8400   5133.484775  x:  0.07912   0.98669   0.44614   0.15166   0.49200   0.15764   0.34173   0.17853   0.14139   0.34281   0.00000   0.01216   0.00089   0.27999   0.16780   0.16598   1.60556   0.00000   0.22928   1.21270   0.00000   0.06249   0.02034   0.00000   0.02228   0.13227   0.14300   0.06612   0.30173   0.08048   0.01311   0.13209   0.14131   0.14134   0.15958   0.18593   0.00000   0.08716   0.03035   0.02589   0.12899   0.10150   0.21693   0.03769   0.02060   0.00627   0.03403   0.01256   0.00852   0.46169   0.72053   0.72305  
 51 138.8667   5132.923418  x:  0.07743   0.98842   0.44737   0.15639   0.49327   0.15629   0.34259   0.17853   0.13960   0.34403   0.00000   0.01040   0.00155   0.28355   0.16523   0.16322   1.61859   0.00000   0.22884   1.21838   0.00000   0.06170   0.01686   0.00000   0.02000   0.13285   0.14258   0.06449   0.30024   0.08058   0.01304   0.13417   0.14336   0.14304   0.16797   0.19108   0.00000   0.08642   0.02632   0.02967   0.12844   0.09718   0.21357   0.04518   0.02109   0.00664   0.03426   0.01268   0.01504   0.46324   0.71983   0.72394  
 52 138.0655   5131.254876  x:  0.07052   0.99585   0.45254   0.17486   0.49866   0.15116   0.34613   0.17854   0.13256   0.34884   0.00000   0.01008   0.00304   0.29776   0.15529   0.15160   1.67449   0.00000   0.22699   1.24264   0.00000   0.05993   0.03128   0.00000   0.02738   0.13481   0.14044   0.05863   0.29437   0.08074   0.01148   0.14130   0.15040   0.14901   0.19926   0.21056   0.00000   0.08425   0.02712   0.02829   0.12633   0.08283   0.20011   0.05229   0.01800   0.00679   0.02892   0.01337   0.01429   0.46884   0.71676   0.72784  
 53 129.9052   5129.771608  x:  0.06463   1.00343   0.45765   0.18937   0.50397   0.14783   0.34924   0.17864   0.12753   0.35273   0.00000   0.01294   0.00302   0.30945   0.14846   0.14052   1.73194   0.00000   0.22530   1.26733   0.00000   0.06068   0.02174   0.00000   0.02251   0.13572   0.13772   0.05598   0.28969   0.08080   0.01178   0.14454   0.15357   0.15206   0.22095   0.22425   0.00000   0.08411   0.03519   0.01914   0.12528   0.08076   0.18961   0.03900   0.02421   0.00632   0.02881   0.01057   0.01306   0.47232   0.71339   0.73189  
 54 149.4223   5129.051198  x:  0.06197   1.00829   0.46080   0.19548   0.50723   0.14722   0.35080   0.17878   0.12617   0.35448   0.00000   0.01416   0.00288   0.31473   0.14686   0.13439   1.76920   0.00000   0.22445   1.28312   0.00000   0.06194   0.01846   0.00000   0.02215   0.13553   0.13584   0.05647   0.28779   0.08078   0.01110   0.14400   0.15297   0.15194   0.22781   0.22861   0.00000   0.08500   0.03486   0.02341   0.12545   0.08634   0.18570   0.02987   0.01955   0.00625   0.03323   0.01853   0.01227   0.47297   0.71100   0.73460  
 55 156.1333   5127.898890  x:  0.05933   1.01591   0.46556   0.20101   0.51212   0.14811   0.35265   0.17904   0.12633   0.35626   0.00000   0.01341   0.00268   0.32008   0.14775   0.12631   1.82840   0.00000   0.22347   1.30786   0.00000   0.06405   0.02095   0.00000   0.02333   0.13436   0.13286   0.05923   0.28624   0.08080   0.01089   0.14042   0.14925   0.14954   0.22994   0.23000   0.00000   0.08708   0.03021   0.02891   0.12654   0.09951   0.18326   0.02478   0.01664   0.00626   0.04021   0.00929   0.01254   0.47208   0.70689   0.73901  
 56 182.3553   5126.104975  x:  0.05623   1.03121   0.47482   0.20695   0.52160   0.15179   0.35546   0.17952   0.12913   0.35851   0.00000   0.01231   0.00213   0.32679   0.15310   0.11297   1.94900   0.00000   0.22213   1.35769   0.00000   0.06653   0.02769   0.00000   0.02520   0.13146   0.12723   0.06528   0.28503   0.08093   0.01250   0.13148   0.13985   0.14305   0.22369   0.22624   0.00000   0.09079   0.02668   0.02421   0.12910   0.12272   0.18317   0.03413   0.02989   0.00637   0.04379   0.01455   0.01313   0.46825   0.69801   0.74816  
 57 284.4360   5124.169825  x:  0.05607   1.04549   0.48287   0.20714   0.52981   0.15598   0.35681   0.17962   0.13309   0.35902   0.00000   0.01244   0.00151   0.32801   0.15983   0.10616   2.06558   0.00000   0.22191   1.40481   0.00000   0.06389   0.02198   0.00000   0.02350   0.12961   0.12352   0.06757   0.28614   0.08087   0.01135   0.12602   0.13360   0.13810   0.20851   0.21715   0.00000   0.09094   0.03363   0.01848   0.13073   0.12839   0.18804   0.04557   0.01614   0.00649   0.02892   0.01393   0.01323   0.46344   0.68855   0.75726  
 58 250.0952   5122.581695  x:  0.05889   1.05819   0.48882   0.20118   0.53601   0.15905   0.35627   0.17904   0.13650   0.35749   0.00000   0.01156   0.00027   0.32266   0.16524   0.10880   2.17703   0.00000   0.22306   1.44811   0.00000   0.05862   0.02122   0.00000   0.02566   0.13000   0.12332   0.06464   0.28959   0.08104   0.01357   0.12850   0.13519   0.13803   0.18687   0.20462   0.00000   0.08675   0.03562   0.03128   0.13060   0.11110   0.19725   0.03986   0.02287   0.00646   0.01885   0.01309   0.01344   0.45951   0.67807   0.76642  
 59 200.4499   5121.697344  x:  0.06025   1.06246   0.49046   0.19798   0.53778   0.15981   0.35574   0.17872   0.13750   0.35662   0.00000   0.01164   0.00000   0.31962   0.16674   0.11140   2.21660   0.00000   0.22358   1.46304   0.00000   0.05751   0.02157   0.00000   0.02514   0.13046   0.12399   0.06330   0.29115   0.08109   0.01342   0.13036   0.13687   0.13874   0.17881   0.19997   0.00000   0.08511   0.03535   0.03026   0.13018   0.10208   0.20104   0.03907   0.02252   0.00646   0.02419   0.01316   0.01340   0.45845   0.67400   0.76978  
 60 359.2049   5121.340513  x:  0.06146   1.06424   0.48962   0.19307   0.53722   0.15887   0.35447   0.17830   0.13708   0.35526   0.00000   0.01272   0.00085   0.31476   0.16581   0.11725   2.24217   0.00000   0.22364   1.47105   0.00000   0.06251   0.02206   0.00000   0.02320   0.13123   0.12688   0.06425   0.29261   0.08132   0.01242   0.13250   0.13976   0.14082   0.17624   0.19824   0.00000   0.08624   0.02631   0.02626   0.12936   0.09900   0.20335   0.03655   0.02182   0.00633   0.02161   0.01367   0.01281   0.45958   0.67014   0.77231  
 61 83.0784   5120.882092  x:  0.06372   1.06451   0.48364   0.17926   0.53212   0.15443   0.35058   0.17736   0.13422   0.35137   0.00000   0.01216   0.00308   0.30130   0.16047   0.13432   2.28124   0.00000   0.22237   1.47910   0.00000   0.07202   0.02024   0.00000   0.02708   0.13294   0.13572   0.06831   0.29549   0.08187   0.01442   0.13620   0.14618   0.14630   0.17907   0.19891   0.00000   0.09121   0.03058   0.02743   0.12757   0.10271   0.20595   0.03902   0.02167   0.00639   0.02200   0.01336   0.01309   0.46529   0.66118   0.77709  
 62 53.7871   5120.702665  x:  0.06451   1.06345   0.47925   0.17226   0.52814   0.15235   0.34871   0.17723   0.13300   0.34929   0.00000   0.01200   0.00305   0.29513   0.15815   0.14195   2.29685   0.00000   0.22040   1.48027   0.00000   0.06798   0.02248   0.00000   0.02294   0.13286   0.13882   0.06787   0.29637   0.08096   0.01039   0.13584   0.14667   0.14688   0.18190   0.20028   0.00000   0.09110   0.03199   0.02825   0.12738   0.10561   0.20591   0.03908   0.02213   0.00641   0.02183   0.01348   0.01320   0.46763   0.65621   0.77941  
 63 47.0743   5120.560321  x:  0.06518   1.06162   0.47403   0.16573   0.52330   0.15074   0.34703   0.17742   0.13230   0.34730   0.00000   0.01224   0.00304   0.28993   0.15663   0.14842   2.31069   0.00000   0.21746   1.47970   0.00000   0.06103   0.02243   0.00000   0.02322   0.13236   0.14068   0.06596   0.29679   0.08013   0.01425   0.13438   0.14549   0.14628   0.18517   0.20196   0.00000   0.08945   0.03034   0.02708   0.12764   0.10785   0.20505   0.03859   0.02160   0.00639   0.02183   0.01361   0.01307   0.46939   0.65086   0.78182  
 64 54.0200   5120.505079  x:  0.06567   1.06005   0.47078   0.16342   0.52015   0.15062   0.34648   0.17777   0.13266   0.34654   0.00000   0.01232   0.00358   0.28862   0.15693   0.15055   2.31671   0.00000   0.21520   1.47794   0.00000   0.06044   0.02086   0.00000   0.02607   0.13197   0.14047   0.06453   0.29670   0.07957   0.01225   0.13315   0.14381   0.14487   0.18652   0.20271   0.00000   0.08820   0.02954   0.02659   0.12805   0.10750   0.20408   0.03848   0.02202   0.00637   0.02198   0.01346   0.01300   0.46953   0.64773   0.78321  
 65 26.2269   5120.397726  x:  0.06744   1.05516   0.46221   0.16025   0.51167   0.15147   0.34578   0.17891   0.13450   0.34514   0.00000   0.01221   0.00449   0.28794   0.15921   0.15365   2.32984   0.00000   0.20886   1.47123   0.00000   0.06528   0.02158   0.00000   0.02456   0.13096   0.13832   0.06190   0.29605   0.07923   0.01356   0.13061   0.13939   0.14101   0.18891   0.20397   0.00000   0.08602   0.03034   0.02734   0.12919   0.10463   0.20130   0.03830   0.02189   0.00638   0.02210   0.01349   0.01305   0.46894   0.63956   0.78696  
 66 27.5679   5120.300724  x:  0.07177   1.04801   0.45263   0.16276   0.50177   0.15311   0.34628   0.17942   0.13610   0.34433   0.00000   0.01220   0.00000   0.29087   0.16159   0.15504   2.34405   0.00000   0.20285   1.45954   0.00000   0.06409   0.02144   0.00000   0.02475   0.13131   0.13575   0.06629   0.29547   0.08079   0.01334   0.13271   0.14026   0.14087   0.18856   0.20343   0.00000   0.09005   0.03017   0.02733   0.12895   0.10310   0.19997   0.03829   0.02187   0.00637   0.02211   0.01348   0.01304   0.46818   0.62969   0.79221  
 67 16.7982   5120.250127  x:  0.07467   1.04340   0.44764   0.16563   0.49662   0.15398   0.34690   0.17928   0.13702   0.34492   0.00000   0.01221   0.00444   0.29334   0.16235   0.15551   2.35243   0.00000   0.20103   1.45137   0.00000   0.06273   0.02154   0.00000   0.02454   0.13177   0.13473   0.06738   0.29522   0.08086   0.01327   0.13418   0.14208   0.14222   0.18714   0.20272   0.00000   0.09067   0.03026   0.02720   0.12846   0.10388   0.20025   0.03816   0.02190   0.00637   0.02212   0.01351   0.01303   0.46806   0.62417   0.79573  
 68 24.8420   5120.200009  x:  0.07750   1.03796   0.44392   0.16996   0.49289   0.15357   0.34811   0.17805   0.13578   0.34574   0.00000   0.01215   0.00295   0.29559   0.16025   0.15547   2.36168   0.00000   0.20241   1.44055   0.00000   0.06367   0.02155   0.00000   0.02464   0.13210   0.13486   0.06438   0.29517   0.07925   0.01329   0.13409   0.14396   0.14450   0.18438   0.20182   0.00000   0.08711   0.03027   0.02703   0.12798   0.10639   0.20218   0.03858   0.02182   0.00637   0.02204   0.01351   0.01304   0.46872   0.61942   0.80039  
 69 14.7079   5120.150146  x:  0.07759   1.03126   0.44345   0.17179   0.49333   0.15219   0.34984   0.17647   0.13364   0.34742   0.00000   0.01212   0.00357   0.29575   0.15661   0.15332   2.37328   0.00000   0.20914   1.42414   0.00000   0.06341   0.02151   0.00000   0.02460   0.13111   0.13751   0.06529   0.29581   0.08066   0.01334   0.13044   0.14106   0.14301   0.18367   0.20174   0.00000   0.08915   0.03023   0.02718   0.12888   0.10421   0.20484   0.03834   0.02184   0.00637   0.02215   0.01348   0.01303   0.46990   0.61757   0.80787  
 70  8.1892   5120.083928  x:  0.07383   1.02260   0.44693   0.16677   0.49858   0.15282   0.35106   0.17744   0.13517   0.34828   0.00000   0.01205   0.00293   0.29304   0.15911   0.14698   2.39062   0.00000   0.21638   1.39788   0.00000   0.06346   0.02152   0.00000   0.02453   0.13174   0.13853   0.06587   0.29605   0.07952   0.01328   0.13557   0.14173   0.14134   0.18513   0.20204   0.00000   0.08770   0.03025   0.02705   0.12843   0.10461   0.20361   0.03837   0.02180   0.00636   0.02223   0.01349   0.01302   0.46929   0.61998   0.82108  
 71  9.7562   5120.057702  x:  0.07420   1.02081   0.45037   0.16562   0.50168   0.15297   0.34982   0.17831   0.13621   0.34750   0.00000   0.01201   0.00270   0.29221   0.16077   0.14661   2.39764   0.00000   0.21512   1.38733   0.00000   0.06337   0.02152   0.00000   0.02449   0.13183   0.13750   0.06382   0.29602   0.08032   0.01312   0.13235   0.14344   0.14477   0.18544   0.20217   0.00000   0.08945   0.03024   0.02704   0.12813   0.10446   0.20190   0.03834   0.02179   0.00636   0.02231   0.01348   0.01302   0.46871   0.62361   0.82797  
 72  7.3311   5120.032277  x:  0.07546   1.02136   0.45437   0.16740   0.50477   0.15229   0.34731   0.17850   0.13580   0.34616   0.00000   0.01197   0.00299   0.29248   0.16023   0.14981   2.40416   0.00000   0.21033   1.37827   0.00000   0.06333   0.02151   0.00000   0.02445   0.13147   0.13687   0.06677   0.29573   0.08008   0.01315   0.13175   0.14293   0.14467   0.18562   0.20203   0.00000   0.08682   0.03027   0.02699   0.12850   0.10410   0.20177   0.03826   0.02178   0.00635   0.02239   0.01348   0.01301   0.46840   0.62949   0.83655  
 73  6.0991   5120.014751  x:  0.07469   1.02290   0.45590   0.16891   0.50594   0.15205   0.34604   0.17831   0.13494   0.34556   0.00000   0.01191   0.00325   0.29330   0.15915   0.15256   2.40819   0.00000   0.20702   1.37352   0.00000   0.06323   0.02152   0.00000   0.02443   0.13149   0.13612   0.06475   0.29553   0.07936   0.01325   0.13387   0.14201   0.14260   0.18486   0.20196   0.00000   0.08889   0.03026   0.02694   0.12856   0.10443   0.20268   0.03832   0.02175   0.00635   0.02243   0.01347   0.01300   0.46839   0.63379   0.84346  
 74  6.9482   5119.982981  x:  0.06901   1.02899   0.45319   0.16866   0.50344   0.15395   0.34759   0.17795   0.13428   0.34657   0.00000   0.01179   0.00311   0.29561   0.15906   0.15459   2.41333   0.00000   0.20588   1.37140   0.00000   0.06309   0.02151   0.00000   0.02437   0.13211   0.13601   0.06443   0.29607   0.08333   0.01301   0.13347   0.14278   0.14282   0.18419   0.20216   0.00000   0.08762   0.03028   0.02682   0.12772   0.10461   0.20462   0.03831   0.02171   0.00633   0.02256   0.01346   0.01299   0.46846   0.63946   0.85918  
 75  3.3071   5119.913343  x:  0.06778   1.04310   0.44885   0.16751   0.49666   0.15598   0.35149   0.17748   0.13461   0.34900   0.00000   0.01153   0.00268   0.29801   0.16000   0.15452   2.42264   0.00000   0.20770   1.37150   0.00000   0.06286   0.02144   0.00000   0.02422   0.13113   0.13859   0.06588   0.29554   0.07639   0.01334   0.13189   0.14304   0.14494   0.18429   0.20214   0.00000   0.08856   0.03031   0.02670   0.12857   0.10293   0.20455   0.03811   0.02162   0.00631   0.02296   0.01342   0.01295   0.46835   0.64744   0.89473  
 76 10.1045   5119.812006  x:  0.07800   1.06112   0.44785   0.16713   0.48902   0.15354   0.35364   0.17705   0.13610   0.35052   0.00000   0.01112   0.00255   0.29641   0.15988   0.15083   2.43467   0.00000   0.21264   1.37591   0.00000   0.06260   0.02137   0.00000   0.02404   0.13055   0.13966   0.06364   0.29577   0.08151   0.01304   0.13476   0.14226   0.14338   0.18501   0.20178   0.00000   0.08779   0.03031   0.02627   0.12915   0.10292   0.20066   0.03793   0.02149   0.00626   0.02358   0.01339   0.01289   0.46834   0.65113   0.94821  
 77 16.5882   5119.644665  x:  0.07453   1.07354   0.44951   0.17168   0.49153   0.14678   0.34629   0.17819   0.13764   0.34635   0.00000   0.01041   0.00345   0.28837   0.15711   0.14477   2.45041   0.00000   0.21571   1.39117   0.00000   0.06237   0.02124   0.00000   0.02374   0.13433   0.12798   0.06540   0.29489   0.07937   0.01313   0.13292   0.14431   0.14183   0.18496   0.20178   0.00000   0.08779   0.03030   0.02584   0.12423   0.10076   0.20355   0.03761   0.02124   0.00619   0.02453   0.01329   0.01279   0.46889   0.63502   1.03299  
 78 13.1588   5119.484033  x:  0.06916   1.07556   0.45439   0.17602   0.50170   0.15013   0.34140   0.17987   0.13706   0.34281   0.00000   0.00974   0.00344   0.28821   0.15989   0.14448   2.46488   0.00000   0.21420   1.40969   0.00000   0.06192   0.02103   0.00000   0.02352   0.12723   0.13206   0.06397   0.29528   0.08068   0.01279   0.13607   0.14297   0.14635   0.18464   0.20255   0.00000   0.08732   0.03039   0.02514   0.13268   0.09950   0.20444   0.03722   0.02099   0.00612   0.02553   0.01322   0.01269   0.47005   0.61362   1.11254  
 79 25.4020   5119.382589  x:  0.06994   1.06963   0.45943   0.17396   0.51043   0.15466   0.34391   0.17913   0.13398   0.34367   0.00000   0.00929   0.00319   0.29435   0.16111   0.14658   2.47432   0.00000   0.21029   1.42395   0.00000   0.06141   0.02099   0.00000   0.02330   0.13205   0.14029   0.06301   0.29548   0.08028   0.01292   0.13439   0.14310   0.14351   0.18426   0.20247   0.00000   0.08709   0.03043   0.02486   0.12668   0.09865   0.20199   0.03699   0.02086   0.00608   0.02619   0.01317   0.01263   0.46837   0.60152   1.15997  
 80 20.6913   5119.322110  x:  0.07204   1.05686   0.46144   0.16736   0.51406   0.15269   0.35102   0.17672   0.13259   0.34801   0.00000   0.00899   0.00316   0.29904   0.15740   0.14831   2.48121   0.00000   0.20731   1.43561   0.00000   0.06139   0.02093   0.00000   0.02324   0.12930   0.13498   0.06359   0.29537   0.08013   0.01288   0.13463   0.14540   0.14325   0.18406   0.20158   0.00000   0.08701   0.03042   0.02465   0.12842   0.09807   0.20197   0.03701   0.02074   0.00606   0.02654   0.01313   0.01260   0.46714   0.60154   1.18273  
 81  8.1227   5119.274883  x:  0.07369   1.04097   0.46058   0.16957   0.51406   0.15161   0.35428   0.17748   0.13683   0.35005   0.00000   0.00880   0.00256   0.29779   0.15936   0.15096   2.48832   0.00000   0.20806   1.44691   0.00000   0.06118   0.02093   0.00000   0.02313   0.13219   0.13332   0.06334   0.29564   0.08013   0.01277   0.13568   0.14146   0.14572   0.18531   0.20221   0.00000   0.08686   0.03044   0.02442   0.12836   0.09771   0.20381   0.03676   0.02068   0.00603   0.02689   0.01311   0.01257   0.46936   0.60854   1.19493  
 82  6.4065   5119.239277  x:  0.07375   1.02810   0.45823   0.17308   0.51180   0.15141   0.35220   0.17816   0.13696   0.34900   0.00000   0.00862   0.00272   0.29487   0.16057   0.14946   2.49474   0.00000   0.20840   1.45551   0.00000   0.06115   0.02089   0.00000   0.02310   0.12924   0.13567   0.06305   0.29554   0.08020   0.01280   0.13464   0.14511   0.14290   0.18482   0.20241   0.00000   0.08682   0.03047   0.02430   0.12737   0.09732   0.20291   0.03666   0.02063   0.00602   0.02714   0.01310   0.01255   0.46843   0.61627   1.19976  
 83  6.7571   5119.220742  x:  0.07368   1.02318   0.45701   0.17247   0.50974   0.15244   0.34851   0.17784   0.13353   0.34706   0.00000   0.00851   0.00331   0.29474   0.15905   0.14615   2.49884   0.00000   0.20810   1.45887   0.00000   0.06116   0.02091   0.00000   0.02307   0.13130   0.13634   0.06323   0.29532   0.08032   0.01273   0.13525   0.14398   0.14450   0.18364   0.20197   0.00000   0.08681   0.03046   0.02425   0.12867   0.09700   0.20175   0.03670   0.02058   0.00601   0.02727   0.01309   0.01255   0.46692   0.61985   1.19815  
 84  3.9386   5119.190882  x:  0.07544   1.02255   0.45768   0.17014   0.50808   0.15633   0.34356   0.17820   0.13244   0.34440   0.00000   0.00836   0.00331   0.29876   0.15865   0.14510   2.50730   0.00000   0.21047   1.46024   0.00000   0.06121   0.02091   0.00000   0.02308   0.12890   0.13455   0.06320   0.29521   0.08020   0.01265   0.13571   0.14313   0.14502   0.18457   0.20214   0.00000   0.08669   0.03045   0.02413   0.12573   0.09655   0.20382   0.03653   0.02052   0.00600   0.02753   0.01307   0.01253   0.47049   0.62130   1.18471  
 85  2.5023   5119.087946  x:  0.07561   1.02872   0.46013   0.16930   0.50628   0.15661   0.33924   0.17828   0.13528   0.34189   0.00000   0.00781   0.00279   0.30564   0.15971   0.14779   2.53840   0.00000   0.21551   1.46020   0.00000   0.06108   0.02104   0.00000   0.02298   0.13466   0.13336   0.06268   0.29525   0.07984   0.01271   0.13393   0.14828   0.14090   0.18639   0.20177   0.00000   0.08640   0.03051   0.02352   0.13279   0.09556   0.20515   0.03611   0.02031   0.00597   0.02844   0.01304   0.01248   0.47173   0.62015   1.12691  
 86  8.1506   5118.805602  x:  0.06957   1.04970   0.46431   0.17253   0.50455   0.14710   0.34275   0.17773   0.13938   0.34348   0.00000   0.00624   0.00258   0.30779   0.15896   0.15018   2.62161   0.00000   0.21616   1.45716   0.00000   0.06118   0.02125   0.00000   0.02296   0.13111   0.13532   0.06210   0.29583   0.08003   0.01256   0.13674   0.14484   0.14541   0.18436   0.20051   0.00000   0.08590   0.03063   0.02237   0.12713   0.09244   0.20156   0.03536   0.01974   0.00590   0.03085   0.01292   0.01241   0.46199   0.61359   0.96765  
 87 34.9060   5118.731496  x:  0.07074   1.05635   0.46448   0.17426   0.50625   0.15205   0.34905   0.17868   0.13617   0.34731   0.00000   0.00585   0.00290   0.29993   0.15823   0.14523   2.64392   0.00000   0.20965   1.45579   0.00000   0.06129   0.02131   0.00000   0.02294   0.13219   0.13500   0.06203   0.29568   0.08006   0.01244   0.13657   0.14602   0.14472   0.18251   0.20242   0.00000   0.08562   0.03060   0.02203   0.12785   0.09121   0.20352   0.03507   0.01957   0.00588   0.03148   0.01287   0.01238   0.46859   0.61182   0.92439  
 88 19.1704   5118.727652  x:  0.07143   1.05684   0.46307   0.17485   0.50770   0.15307   0.34930   0.17721   0.13439   0.34764   0.00000   0.00584   0.00297   0.29892   0.15958   0.14588   2.64518   0.00000   0.21020   1.45575   0.00000   0.06130   0.02131   0.00000   0.02294   0.13217   0.13401   0.06192   0.29522   0.08011   0.01243   0.13659   0.14600   0.14473   0.18366   0.20158   0.00000   0.08563   0.03061   0.02201   0.12783   0.09122   0.20358   0.03502   0.01957   0.00588   0.03153   0.01288   0.01238   0.46795   0.61186   0.92226  
 89  1.8608   5118.724923  x:  0.07245   1.05733   0.45964   0.17485   0.51082   0.15360   0.34890   0.17788   0.13510   0.34773   0.00000   0.00587   0.00291   0.29903   0.15852   0.14586   2.64628   0.00000   0.21044   1.45583   0.00000   0.06130   0.02133   0.00000   0.02295   0.13218   0.13387   0.06191   0.29501   0.08019   0.01242   0.13661   0.14599   0.14475   0.18360   0.20173   0.00000   0.08563   0.03061   0.02200   0.12784   0.09128   0.20328   0.03501   0.01957   0.00589   0.03156   0.01288   0.01239   0.46749   0.61216   0.92115  
 90  0.7139   5118.722551  x:  0.07288   1.05756   0.45776   0.17447   0.51241   0.15190   0.34862   0.17772   0.13472   0.34760   0.00000   0.00591   0.00292   0.29974   0.15961   0.14518   2.64734   0.00000   0.21000   1.45598   0.00000   0.06131   0.02134   0.00000   0.02296   0.13218   0.13422   0.06190   0.29524   0.08021   0.01241   0.13661   0.14595   0.14476   0.18325   0.20205   0.00000   0.08562   0.03061   0.02199   0.12781   0.09128   0.20359   0.03498   0.01957   0.00590   0.03159   0.01288   0.01240   0.46837   0.61229   0.92049  
 91  0.7619   5118.667442  x:  0.07159   1.05643   0.45955   0.17563   0.51174   0.15194   0.35248   0.17776   0.13548   0.34447   0.00000   0.00741   0.00335   0.29935   0.15786   0.14335   2.67514   0.00000   0.20772   1.46138   0.00000   0.06155   0.02171   0.00000   0.02333   0.13202   0.13501   0.06168   0.29739   0.08000   0.01236   0.13645   0.14563   0.14491   0.18633   0.19621   0.00000   0.08582   0.03062   0.02191   0.12757   0.09270   0.20301   0.03412   0.01959   0.00621   0.03237   0.01300   0.01279   0.46960   0.60804   0.91005  
 92  0.3510   5118.641851  x:  0.07184   1.05585   0.46145   0.17576   0.51079   0.15304   0.35245   0.17731   0.13437   0.34624   0.00000   0.00808   0.00323   0.29856   0.15877   0.14480   2.68779   0.00000   0.20868   1.46389   0.00000   0.06165   0.02187   0.00000   0.02350   0.13194   0.13395   0.06241   0.29543   0.08007   0.01241   0.13650   0.14547   0.14492   0.18333   0.20317   0.00000   0.08595   0.03065   0.02189   0.12755   0.09347   0.20273   0.03380   0.01960   0.00636   0.03269   0.01305   0.01297   0.46769   0.60583   0.90548  
 93  5.3630   5118.640200  x:  0.07157   1.05577   0.46160   0.17568   0.51061   0.15291   0.35107   0.17762   0.13433   0.34877   0.00000   0.00812   0.00301   0.29849   0.15882   0.14500   2.68865   0.00000   0.20864   1.46407   0.00000   0.06164   0.02188   0.00000   0.02351   0.13193   0.13405   0.06244   0.29454   0.08014   0.01240   0.13648   0.14542   0.14493   0.18319   0.20253   0.00000   0.08594   0.03065   0.02189   0.12752   0.09350   0.20224   0.03379   0.01960   0.00637   0.03271   0.01305   0.01299   0.46816   0.60558   0.90534  
 94  1.0080   5118.639999  x:  0.07169   1.05576   0.46163   0.17562   0.51057   0.15292   0.35082   0.17765   0.13441   0.34917   0.00000   0.00812   0.00297   0.29847   0.15884   0.14483   2.68882   0.00000   0.20847   1.46411   0.00000   0.06165   0.02188   0.00000   0.02351   0.13193   0.13416   0.06238   0.29479   0.08013   0.01240   0.13648   0.14545   0.14494   0.18349   0.20259   0.00000   0.08595   0.03065   0.02189   0.12754   0.09353   0.20274   0.03378   0.01960   0.00637   0.03271   0.01305   0.01299   0.46780   0.60553   0.90549  
 95  0.2455   5118.637768  x:  0.07167   1.05532   0.46146   0.17590   0.51073   0.15310   0.35047   0.17770   0.13408   0.34990   0.00000   0.00807   0.00294   0.29853   0.15889   0.14501   2.69158   0.00000   0.20855   1.46489   0.00000   0.06167   0.02190   0.00000   0.02353   0.13189   0.13369   0.06253   0.29761   0.07981   0.01244   0.13643   0.14534   0.14483   0.18347   0.20288   0.00000   0.08600   0.03065   0.02201   0.12754   0.09382   0.20180   0.03380   0.01961   0.00638   0.03275   0.01305   0.01301   0.46797   0.60488   0.90915  
 96  0.1235   5118.621852  x:  0.07194   1.05214   0.46047   0.17587   0.51175   0.15245   0.35162   0.17758   0.13428   0.34871   0.00000   0.00770   0.00311   0.29887   0.15875   0.14431   2.71174   0.00000   0.20770   1.47060   0.00000   0.06187   0.02197   0.00000   0.02371   0.13166   0.13426   0.06284   0.29475   0.08009   0.01245   0.13602   0.14482   0.14479   0.18462   0.20273   0.00000   0.08639   0.03062   0.02289   0.12761   0.09591   0.20191   0.03389   0.01973   0.00644   0.03303   0.01299   0.01317   0.46827   0.60030   0.93616  
 97  1.5897   5118.621471  x:  0.07204   1.05221   0.46045   0.17586   0.51161   0.15232   0.35168   0.17849   0.13385   0.34864   0.00000   0.00768   0.00314   0.29903   0.15889   0.14447   2.71425   0.00000   0.20790   1.47079   0.00000   0.06185   0.02194   0.00000   0.02370   0.13166   0.13416   0.06284   0.29475   0.08009   0.01246   0.13597   0.14480   0.14474   0.18468   0.20264   0.00000   0.08640   0.03065   0.02288   0.12765   0.09584   0.20202   0.03393   0.01971   0.00644   0.03299   0.01299   0.01317   0.46811   0.60004   0.93441  
 98  0.0138   5118.619928  x:  0.07210   1.05246   0.46028   0.17571   0.51115   0.15235   0.35109   0.17758   0.13447   0.34845   0.00000   0.00759   0.00312   0.29940   0.15881   0.14447   2.72446   0.00000   0.20808   1.47154   0.00000   0.06177   0.02181   0.00000   0.02366   0.13165   0.13421   0.06283   0.29483   0.08007   0.01249   0.13582   0.14470   0.14461   0.18467   0.20272   0.00000   0.08639   0.03073   0.02283   0.12775   0.09547   0.20193   0.03408   0.01966   0.00643   0.03282   0.01302   0.01316   0.46815   0.59901   0.92728  
 99  1.2788   5118.619742  x:  0.07207   1.05291   0.46038   0.17577   0.51118   0.15244   0.35117   0.17758   0.13439   0.34856   0.00000   0.00760   0.00312   0.29926   0.15879   0.14442   2.72589   0.00000   0.20802   1.47143   0.00000   0.06178   0.02181   0.00000   0.02365   0.13166   0.13420   0.06280   0.29478   0.08007   0.01250   0.13587   0.14476   0.14464   0.18463   0.20280   0.00000   0.08636   0.03069   0.02276   0.12773   0.09538   0.20195   0.03409   0.01972   0.00641   0.03266   0.01303   0.01313   0.46819   0.59907   0.93127  
100  0.0039   5118.619722  x:  0.07205   1.05298   0.46040   0.17580   0.51117   0.15243   0.35119   0.17758   0.13440   0.34857   0.00000   0.00760   0.00312   0.29927   0.15878   0.14441   2.72586   0.00000   0.20802   1.47126   0.00000   0.06179   0.02183   0.00000   0.02366   0.13167   0.13419   0.06280   0.29477   0.08007   0.01249   0.13589   0.14478   0.14465   0.18465   0.20281   0.00000   0.08636   0.03068   0.02280   0.12772   0.09544   0.20195   0.03411   0.01972   0.00641   0.03260   0.01303   0.01313   0.46819   0.59915   0.93026  
101  0.0010   5118.619721  x:  0.07206   1.05291   0.46039   0.17580   0.51119   0.15242   0.35119   0.17758   0.13440   0.34856   0.00000   0.00760   0.00312   0.29928   0.15879   0.14441   2.72581   0.00000   0.20802   1.47132   0.00000   0.06179   0.02183   0.00000   0.02366   0.13166   0.13419   0.06281   0.29478   0.08007   0.01249   0.13588   0.14477   0.14465   0.18466   0.20280   0.00000   0.08637   0.03068   0.02279   0.12772   0.09544   0.20194   0.03410   0.01972   0.00641   0.03259   0.01303   0.01313   0.46819   0.59912   0.93032  
102  0.0001   5118.619721  x:  0.07206   1.05291   0.46039   0.17580   0.51119   0.15242   0.35119   0.17758   0.13440   0.34856   0.00000   0.00760   0.00312   0.29928   0.15878   0.14441   2.72580   0.00000   0.20802   1.47133   0.00000   0.06179   0.02183   0.00000   0.02366   0.13166   0.13419   0.06280   0.29478   0.08007   0.01249   0.13588   0.14477   0.14465   0.18466   0.20280   0.00000   0.08637   0.03068   0.02279   0.12772   0.09544   0.20194   0.03410   0.01972   0.00641   0.03259   0.01303   0.01313   0.46819   0.59912   0.93029  
103  0.0000   5118.619721  x:  0.07206   1.05291   0.46039   0.17580   0.51119   0.15242   0.35119   0.17758   0.13440   0.34856   0.00000   0.00760   0.00312   0.29928   0.15878   0.14441   2.72580   0.00000   0.20802   1.47133   0.00000   0.06179   0.02183   0.00000   0.02366   0.13166   0.13419   0.06280   0.29478   0.08007   0.01249   0.13588   0.14477   0.14465   0.18466   0.20280   0.00000   0.08637   0.03068   0.02279   0.12772   0.09544   0.20194   0.03410   0.01972   0.00641   0.03259   0.01303   0.01313   0.46819   0.59912   0.93029  
104  0.0000   5118.619721  x:  0.07206   1.05291   0.46039   0.17580   0.51119   0.15242   0.35119   0.17758   0.13440   0.34856   0.00000   0.00760   0.00312   0.29928   0.15878   0.14441   2.72580   0.00000   0.20802   1.47133   0.00000   0.06179   0.02183   0.00000   0.02366   0.13166   0.13419   0.06280   0.29478   0.08007   0.01249   0.13588   0.14477   0.14465   0.18466   0.20280   0.00000   0.08637   0.03068   0.02279   0.12772   0.09544   0.20194   0.03410   0.01972   0.00641   0.03259   0.01303   0.01313   0.46819   0.59912   0.93029  