CODONML (in paml version 4.9f, October 2017)  upto_Opisthocomus_hoazin.aln
Model: several dN/dS ratios for branches for branches,  kappa = 1.000 fixed

Codon frequency model: F1x4
ns =  73  ls = 142

Codon usage in sequences
--------------------------------------------------------------------------------------------------------------------------------------
Phe TTT   2   1   2   2   2   4 | Ser TCT   2   3   1   2   2   2 | Tyr TAT   3   4   3   3   2   4 | Cys TGT   1   3   4   3   4   3
    TTC   2   3   3   4   3   2 |     TCC   2   1   0   0   0   1 |     TAC   2   2   2   1   3   1 |     TGC   4   1   3   2   3   2
Leu TTA   2   2   2   2   2   1 |     TCA   2   2   2   2   2   2 | *** TAA   0   0   0   0   0   0 | *** TGA   0   0   0   0   0   0
    TTG   3   4   2   1   3   2 |     TCG   0   0   0   0   0   0 |     TAG   0   0   0   0   0   0 | Trp TGG   1   2   0   1   1   2
--------------------------------------------------------------------------------------------------------------------------------------
Leu CTT   2   2   3   3   4   1 | Pro CCT   3   2   3   2   2   1 | His CAT   4   2   3   2   2   1 | Arg CGT   0   0   1   1   0   1
    CTC   0   0   0   0   0   0 |     CCC   0   0   0   0   0   1 |     CAC   1   3   2   3   1   4 |     CGC   0   1   0   1   1   0
    CTA   1   1   1   1   2   1 |     CCA   0   1   2   2   1   2 | Gln CAA   2   4   6   5   4   4 |     CGA   0   0   0   0   0   0
    CTG  11   8   9   9   9   7 |     CCG   0   1   1   1   1   0 |     CAG   9   7   6   5   7   7 |     CGG   0   1   0   0   0   0
--------------------------------------------------------------------------------------------------------------------------------------
Ile ATT   2   3   3   2   2   2 | Thr ACT   1   0   0   0   0   0 | Asn AAT   4   6   4   4   4   4 | Ser AGT   3   1   2   3   1   4
    ATC   1   1   1   1   1   1 |     ACC   1   1   1   1   1   1 |     AAC   3   3   3   3   3   3 |     AGC   3   4   2   1   2   2
    ATA   2   2   1   1   1   2 |     ACA   6   3   3   2   3   3 | Lys AAA   3   3   2   2   2   3 | Arg AGA   1   2   3   4   4   2
Met ATG   8   7   8   8   8   7 |     ACG   0   0   0   0   0   0 |     AAG   5   4   4   4   4   4 |     AGG   3   1   2   1   2   1
--------------------------------------------------------------------------------------------------------------------------------------
Val GTT   2   1   1   3   1   2 | Ala GCT   4   3   5   4   5   2 | Asp GAT   4   2   3   3   4   4 | Gly GGT   2   2   2   1   2   1
    GTC   2   3   2   2   2   3 |     GCC   5   3   3   4   3   2 |     GAC   2   3   4   3   4   1 |     GGC   0   1   2   1   1   1
    GTA   1   1   1   1   1   1 |     GCA   0   1   1   1   1   1 | Glu GAA   3   4   4   5   5   5 |     GGA   4   3   4   4   4   4
    GTG   4   5   4   5   5   5 |     GCG   0   0   1   0   0   1 |     GAG   1   1   1   2   1   1 |     GGG   0   2   1   1   1   2
--------------------------------------------------------------------------------------------------------------------------------------

--------------------------------------------------------------------------------------------------------------------------------------
Phe TTT   3   3   3   2   2   1 | Ser TCT   1   1   1   2   2   2 | Tyr TAT   4   4   4   3   3   2 | Cys TGT   3   4   3   2   3   1
    TTC   2   2   1   2   2   2 |     TCC   1   1   1   2   2   2 |     TAC   1   1   1   2   3   4 |     TGC   2   2   2   3   2   3
Leu TTA   1   2   1   2   2   1 |     TCA   2   2   2   2   2   3 | *** TAA   0   0   0   0   0   0 | *** TGA   0   0   0   0   0   0
    TTG   2   2   2   2   3   2 |     TCG   0   0   0   0   0   1 |     TAG   0   0   0   0   0   0 | Trp TGG   2   2   1   1   1   1
--------------------------------------------------------------------------------------------------------------------------------------
Leu CTT   2   3   2   3   2   2 | Pro CCT   2   3   3   2   3   3 | His CAT   1   2   1   1   2   0 | Arg CGT   1   0   1   2   1   1
    CTC   0   0   0   0   0   3 |     CCC   1   0   0   1   0   2 |     CAC   4   3   4   1   2   3 |     CGC   0   0   0   0   0   2
    CTA   1   1   1   2   3   0 |     CCA   2   2   2   1   1   1 | Gln CAA   3   4   4   3   4   5 |     CGA   0   0   0   0   0   0
    CTG   7   7   7   8   9   7 |     CCG   0   0   0   0   0   0 |     CAG   8   7   7   6   6   6 |     CGG   0   0   0   2   0   1
--------------------------------------------------------------------------------------------------------------------------------------
Ile ATT   3   3   3   2   3   2 | Thr ACT   0   0   0   0   0   0 | Asn AAT   3   4   3   4   4   2 | Ser AGT   3   2   3   1   3   3
    ATC   2   2   2   1   1   3 |     ACC   1   1   1   1   1   2 |     AAC   3   2   3   4   4   4 |     AGC   3   3   2   3   0   4
    ATA   2   2   2   1   1   1 |     ACA   3   3   3   3   4   2 | Lys AAA   1   1   1   3   2   4 | Arg AGA   2   3   3   3   4   2
Met ATG   7   7   7   9   8   6 |     ACG   0   0   0   0   0   1 |     AAG   5   5   5   3   4   2 |     AGG   1   1   1   1   2   1
--------------------------------------------------------------------------------------------------------------------------------------
Val GTT   1   1   1   1   1   3 | Ala GCT   3   3   3   4   4   3 | Asp GAT   5   5   5   4   4   4 | Gly GGT   1   1   1   3   4   3
    GTC   2   2   2   3   3   1 |     GCC   2   2   1   4   4   4 |     GAC   1   1   1   3   1   2 |     GGC   1   1   1   1   1   1
    GTA   1   1   1   0   2   1 |     GCA   1   1   3   1   0   2 | Glu GAA   5   6   6   4   3   4 |     GGA   4   3   3   4   3   3
    GTG   6   6   5   6   3   4 |     GCG   0   1   0   0   1   0 |     GAG   1   0   1   1   1   2 |     GGG   2   1   2   2   2   2
--------------------------------------------------------------------------------------------------------------------------------------

--------------------------------------------------------------------------------------------------------------------------------------
Phe TTT   1   1   1   1   1   1 | Ser TCT   2   2   1   2   2   3 | Tyr TAT   3   2   2   1   3   4 | Cys TGT   0   0   0   0   0   0
    TTC   2   2   2   2   2   2 |     TCC   2   3   2   2   1   1 |     TAC   3   4   4   5   2   2 |     TGC   3   3   3   2   4   2
Leu TTA   1   1   3   1   1   1 |     TCA   1   1   2   3   2   3 | *** TAA   0   0   0   0   0   0 | *** TGA   0   0   0   0   0   0
    TTG   2   2   0   2   2   3 |     TCG   1   0   0   0   1   0 |     TAG   0   0   0   0   0   0 | Trp TGG   1   1   1   1   1   1
--------------------------------------------------------------------------------------------------------------------------------------
Leu CTT   3   2   2   4   3   2 | Pro CCT   2   3   2   2   4   1 | His CAT   0   0   2   0   1   2 | Arg CGT   1   0   1   1   0   1
    CTC   1   1   2   2   1   2 |     CCC   2   1   2   2   0   1 |     CAC   4   3   2   4   3   2 |     CGC   2   1   1   3   1   1
    CTA   2   1   1   0   1   1 |     CCA   3   2   1   1   1   3 | Gln CAA   4   4   4   5   4   4 |     CGA   1   2   1   0   1   1
    CTG   6   8   7   7   7   7 |     CCG   0   1   2   0   1   0 |     CAG   8   7   8   7   8   6 |     CGG   0   0   1   0   0   1
--------------------------------------------------------------------------------------------------------------------------------------
Ile ATT   3   3   3   1   3   2 | Thr ACT   0   0   0   0   0   1 | Asn AAT   3   3   3   3   4   3 | Ser AGT   4   2   2   1   3   3
    ATC   2   2   2   3   3   3 |     ACC   2   2   2   2   2   2 |     AAC   3   3   3   3   4   4 |     AGC   2   3   3   4   2   3
    ATA   1   1   1   1   1   1 |     ACA   3   3   3   2   3   1 | Lys AAA   5   4   4   4   5   4 | Arg AGA   1   3   2   1   3   1
Met ATG   6   6   7   6   6   6 |     ACG   0   0   0   2   0   2 |     AAG   2   2   2   2   2   4 |     AGG   1   3   1   2   1   1
--------------------------------------------------------------------------------------------------------------------------------------
Val GTT   3   2   3   3   2   3 | Ala GCT   3   4   4   3   2   5 | Asp GAT   4   4   4   4   3   5 | Gly GGT   4   1   3   3   3   2
    GTC   1   2   1   1   1   1 |     GCC   4   3   4   4   5   3 |     GAC   1   2   2   3   3   1 |     GGC   2   2   2   2   1   0
    GTA   1   2   1   1   1   1 |     GCA   1   2   1   1   1   2 | Glu GAA   4   3   4   4   3   4 |     GGA   3   3   3   3   2   2
    GTG   4   3   3   4   3   3 |     GCG   1   0   1   1   3   2 |     GAG   2   2   2   2   2   2 |     GGG   2   3   3   3   4   4
--------------------------------------------------------------------------------------------------------------------------------------

--------------------------------------------------------------------------------------------------------------------------------------
Phe TTT   1   1   1   1   1   1 | Ser TCT   2   3   2   2   1   3 | Tyr TAT   2   3   2   2   2   2 | Cys TGT   0   0   1   0   0   0
    TTC   2   2   3   2   1   2 |     TCC   2   1   2   2   3   1 |     TAC   3   3   3   4   3   4 |     TGC   3   2   2   2   4   3
Leu TTA   1   0   1   1   1   1 |     TCA   2   0   1   2   2   2 | *** TAA   0   0   0   0   0   0 | *** TGA   0   0   0   0   0   0
    TTG   2   2   2   2   3   2 |     TCG   0   2   0   1   0   0 |     TAG   0   0   0   0   0   0 | Trp TGG   1   1   1   1   1   1
--------------------------------------------------------------------------------------------------------------------------------------
Leu CTT   3   2   3   3   4   3 | Pro CCT   3   1   4   3   2   2 | His CAT   0   2   0   0   1   0 | Arg CGT   1   1   0   0   1   1
    CTC   1   2   1   1   2   1 |     CCC   2   2   1   1   2   2 |     CAC   2   3   4   3   3   4 |     CGC   1   1   2   3   1   1
    CTA   1   2   2   1   1   0 |     CCA   3   3   2   3   1   4 | Gln CAA   5   5   3   5   6   5 |     CGA   1   0   0   1   0   0
    CTG   7   7   6   7   5   8 |     CCG   0   1   1   0   1   0 |     CAG   8   6   8   7   6   4 |     CGG   1   3   2   1   0   2
--------------------------------------------------------------------------------------------------------------------------------------
Ile ATT   2   2   2   2   3   5 | Thr ACT   0   1   0   1   2   0 | Asn AAT   4   2   1   3   2   3 | Ser AGT   2   1   2   1   0   2
    ATC   2   2   1   2   3   2 |     ACC   2   2   2   2   3   2 |     AAC   2   2   4   3   5   3 |     AGC   5   6   4   4   4   4
    ATA   1   1   1   1   0   1 |     ACA   2   2   2   1   2   3 | Lys AAA   2   5   4   4   5   4 | Arg AGA   2   1   2   2   2   1
Met ATG   6   6   6   6   6   6 |     ACG   1   0   0   2   0   0 |     AAG   4   2   3   2   2   5 |     AGG   1   1   0   1   1   1
--------------------------------------------------------------------------------------------------------------------------------------
Val GTT   3   2   4   3   1   1 | Ala GCT   4   3   2   4   3   3 | Asp GAT   3   5   4   3   3   4 | Gly GGT   3   3   2   5   3   3
    GTC   1   1   1   1   3   2 |     GCC   4   4   3   3   4   4 |     GAC   3   1   2   2   2   2 |     GGC   1   3   4   1   3   3
    GTA   1   0   1   1   1   0 |     GCA   2   3   3   2   0   0 | Glu GAA   3   3   3   3   5   4 |     GGA   2   2   2   3   3   3
    GTG   4   5   4   4   3   4 |     GCG   0   1   2   0   1   2 |     GAG   3   3   2   3   2   1 |     GGG   4   3   3   3   4   2
--------------------------------------------------------------------------------------------------------------------------------------

--------------------------------------------------------------------------------------------------------------------------------------
Phe TTT   1   1   1   1   1   1 | Ser TCT   3   3   3   3   3   3 | Tyr TAT   2   1   1   1   1   1 | Cys TGT   0   0   0   0   0   0
    TTC   2   2   2   2   2   2 |     TCC   1   1   1   1   1   1 |     TAC   4   4   4   5   5   5 |     TGC   3   4   4   3   3   3
Leu TTA   1   1   1   1   1   1 |     TCA   1   2   1   1   1   1 | *** TAA   0   0   0   0   0   0 | *** TGA   0   0   0   0   0   0
    TTG   2   2   2   2   2   2 |     TCG   1   0   0   0   0   0 |     TAG   0   0   0   0   0   0 | Trp TGG   1   1   1   1   1   1
--------------------------------------------------------------------------------------------------------------------------------------
Leu CTT   3   3   3   3   4   4 | Pro CCT   2   2   2   3   2   2 | His CAT   0   1   1   1   1   1 | Arg CGT   2   0   0   1   0   0
    CTC   1   1   1   1   1   1 |     CCC   2   2   2   1   2   2 |     CAC   4   4   4   4   5   5 |     CGC   0   1   1   1   0   0
    CTA   0   0   0   0   0   0 |     CCA   2   2   3   3   3   3 | Gln CAA   5   5   5   5   5   5 |     CGA   0   0   0   0   0   0
    CTG   8   8   8   8   8   8 |     CCG   2   1   0   0   0   0 |     CAG   6   6   6   5   7   7 |     CGG   1   2   2   2   1   1
--------------------------------------------------------------------------------------------------------------------------------------
Ile ATT   5   4   3   4   3   3 | Thr ACT   0   0   0   0   0   0 | Asn AAT   4   4   4   4   4   4 | Ser AGT   1   1   1   1   1   1
    ATC   2   2   2   2   1   1 |     ACC   2   2   2   2   2   2 |     AAC   3   3   2   2   2   2 |     AGC   4   4   4   4   4   4
    ATA   1   1   1   1   1   1 |     ACA   3   3   2   2   2   2 | Lys AAA   4   2   3   4   6   6 | Arg AGA   1   2   2   2   2   2
Met ATG   6   6   6   6   7   7 |     ACG   0   0   1   1   0   0 |     AAG   4   4   4   3   1   1 |     AGG   1   1   1   1   1   1
--------------------------------------------------------------------------------------------------------------------------------------
Val GTT   1   2   4   2   3   3 | Ala GCT   3   3   3   3   3   3 | Asp GAT   4   4   4   4   4   4 | Gly GGT   4   3   3   3   3   3
    GTC   2   2   1   2   2   2 |     GCC   4   4   4   4   4   4 |     GAC   2   2   2   2   2   2 |     GGC   2   3   3   3   3   3
    GTA   0   0   0   0   0   0 |     GCA   1   0   3   2   2   2 | Glu GAA   4   5   3   3   3   3 |     GGA   3   3   3   3   3   3
    GTG   4   4   4   4   3   3 |     GCG   1   2   1   2   3   3 |     GAG   1   1   2   2   2   2 |     GGG   2   2   2   2   2   2
--------------------------------------------------------------------------------------------------------------------------------------

--------------------------------------------------------------------------------------------------------------------------------------
Phe TTT   1   1   1   1   1   1 | Ser TCT   4   3   2   2   2   2 | Tyr TAT   1   2   2   2   2   2 | Cys TGT   0   0   0   0   0   0
    TTC   3   2   2   2   2   2 |     TCC   1   1   2   2   2   2 |     TAC   4   4   4   4   4   4 |     TGC   4   3   3   3   2   3
Leu TTA   1   1   0   0   0   0 |     TCA   0   1   2   1   1   1 | *** TAA   0   0   0   0   0   0 | *** TGA   0   0   0   0   0   0
    TTG   3   2   2   3   2   2 |     TCG   0   2   0   1   1   1 |     TAG   0   0   0   0   0   0 | Trp TGG   1   1   1   1   1   1
--------------------------------------------------------------------------------------------------------------------------------------
Leu CTT   3   3   4   4   4   4 | Pro CCT   2   2   2   2   2   1 | His CAT   1   0   0   0   0   0 | Arg CGT   1   1   1   1   1   2
    CTC   1   1   1   1   1   1 |     CCC   1   2   1   1   1   1 |     CAC   3   4   3   3   3   3 |     CGC   1   1   1   1   2   0
    CTA   0   0   2   2   2   2 |     CCA   3   1   2   2   2   3 | Gln CAA   5   5   5   5   5   6 |     CGA   0   0   1   1   1   1
    CTG   7   8   7   6   7   7 |     CCG   1   1   1   1   1   1 |     CAG   4   7   7   7   7   6 |     CGG   4   1   1   1   1   1
--------------------------------------------------------------------------------------------------------------------------------------
Ile ATT   3   3   1   2   2   2 | Thr ACT   0   0   1   0   0   1 | Asn AAT   4   4   5   4   4   3 | Ser AGT   1   1   2   3   3   3
    ATC   1   2   3   3   3   3 |     ACC   2   1   2   2   2   2 |     AAC   3   2   2   3   3   3 |     AGC   4   5   3   2   2   2
    ATA   1   1   1   1   1   1 |     ACA   3   3   3   3   3   3 | Lys AAA   3   4   5   5   5   5 | Arg AGA   3   2   1   1   1   1
Met ATG   6   6   6   6   6   6 |     ACG   0   1   0   0   0   0 |     AAG   2   2   2   2   2   2 |     AGG   1   1   1   1   1   1
--------------------------------------------------------------------------------------------------------------------------------------
Val GTT   4   3   3   3   3   3 | Ala GCT   2   3   3   3   3   3 | Asp GAT   4   4   4   4   4   4 | Gly GGT   3   3   4   3   3   3
    GTC   2   2   1   1   1   1 |     GCC   4   4   4   4   4   4 |     GAC   2   3   2   2   2   2 |     GGC   3   2   2   2   2   2
    GTA   0   0   2   2   2   2 |     GCA   1   2   1   1   1   1 | Glu GAA   3   2   4   4   4   4 |     GGA   3   4   4   5   4   4
    GTG   5   3   3   3   2   2 |     GCG   3   1   1   1   2   2 |     GAG   1   3   2   2   2   2 |     GGG   2   2   1   1   2   2
--------------------------------------------------------------------------------------------------------------------------------------

--------------------------------------------------------------------------------------------------------------------------------------
Phe TTT   1   1   1   1   1   2 | Ser TCT   2   2   2   4   3   3 | Tyr TAT   2   2   2   1   1   2 | Cys TGT   0   0   0   1   1   2
    TTC   2   2   3   2   2   2 |     TCC   2   2   2   0   2   2 |     TAC   4   4   4   5   4   4 |     TGC   2   2   3   3   3   1
Leu TTA   0   0   1   1   1   1 |     TCA   1   2   1   1   0   1 | *** TAA   0   0   0   0   0   0 | *** TGA   0   0   0   0   0   0
    TTG   2   2   2   3   2   3 |     TCG   1   0   1   1   2   1 |     TAG   0   0   0   0   0   0 | Trp TGG   1   1   1   1   1   1
--------------------------------------------------------------------------------------------------------------------------------------
Leu CTT   4   4   3   2   3   3 | Pro CCT   2   2   3   1   1   3 | His CAT   0   0   0   0   0   0 | Arg CGT   1   1   1   2   1   1
    CTC   1   1   1   1   1   1 |     CCC   1   1   2   2   1   1 |     CAC   3   3   2   3   3   2 |     CGC   2   2   1   1   2   3
    CTA   2   2   2   2   1   1 |     CCA   2   2   1   2   2   2 | Gln CAA   5   5   5   3   3   5 |     CGA   1   1   1   0   1   0
    CTG   7   7   6   6   7   6 |     CCG   1   1   2   1   1   0 |     CAG   7   7   7   7   8   6 |     CGG   1   1   1   2   2   2
--------------------------------------------------------------------------------------------------------------------------------------
Ile ATT   2   2   1   2   2   3 | Thr ACT   0   0   0   1   1   1 | Asn AAT   4   4   4   3   4   4 | Ser AGT   3   3   3   2   1   2
    ATC   3   3   3   2   2   1 |     ACC   2   2   2   2   2   2 |     AAC   3   3   3   3   2   3 |     AGC   2   2   2   4   4   3
    ATA   1   1   1   1   1   1 |     ACA   3   3   3   3   3   3 | Lys AAA   5   5   5   4   3   5 | Arg AGA   1   1   1   2   1   1
Met ATG   6   6   6   6   6   5 |     ACG   0   0   0   0   0   1 |     AAG   2   2   2   3   3   2 |     AGG   1   1   1   1   1   1
--------------------------------------------------------------------------------------------------------------------------------------
Val GTT   3   3   3   4   4   3 | Ala GCT   3   3   3   3   3   4 | Asp GAT   4   4   4   4   4   4 | Gly GGT   3   3   4   2   3   2
    GTC   1   1   1   2   2   2 |     GCC   4   4   4   4   4   4 |     GAC   2   2   2   2   3   2 |     GGC   2   2   2   2   3   2
    GTA   2   2   2   0   0   0 |     GCA   1   1   1   1   1   0 | Glu GAA   4   4   4   4   3   4 |     GGA   4   4   4   4   3   3
    GTG   3   3   3   4   4   4 |     GCG   1   1   1   1   1   2 |     GAG   2   2   2   2   3   2 |     GGG   2   2   1   2   2   2
--------------------------------------------------------------------------------------------------------------------------------------

--------------------------------------------------------------------------------------------------------------------------------------
Phe TTT   1   1   1   1   1   1 | Ser TCT   2   3   3   3   3   3 | Tyr TAT   2   2   3   2   2   2 | Cys TGT   0   0   0   0   0   0
    TTC   2   2   3   2   2   2 |     TCC   2   1   1   1   1   1 |     TAC   4   4   3   4   4   4 |     TGC   3   4   2   3   3   3
Leu TTA   1   1   1   1   1   1 |     TCA   1   1   1   1   1   1 | *** TAA   0   0   0   0   0   0 | *** TGA   0   0   0   0   0   0
    TTG   3   3   2   2   2   2 |     TCG   1   1   0   1   1   1 |     TAG   0   0   0   0   0   0 | Trp TGG   1   1   1   1   1   1
--------------------------------------------------------------------------------------------------------------------------------------
Leu CTT   4   3   3   3   3   3 | Pro CCT   2   1   3   2   2   2 | His CAT   0   1   2   1   1   1 | Arg CGT   1   0   0   1   1   1
    CTC   0   1   1   0   1   1 |     CCC   1   3   1   2   2   2 |     CAC   2   3   3   2   2   2 |     CGC   2   1   1   1   1   1
    CTA   1   1   2   1   1   1 |     CCA   3   2   3   1   1   2 | Gln CAA   5   6   3   5   5   5 |     CGA   2   0   1   0   0   0
    CTG   6   7   6   8   7   7 |     CCG   1   1   0   2   2   1 |     CAG   6   5   6   8   8   8 |     CGG   2   2   2   1   1   1
--------------------------------------------------------------------------------------------------------------------------------------
Ile ATT   2   3   3   3   3   2 | Thr ACT   0   0   0   0   0   0 | Asn AAT   3   3   4   4   4   4 | Ser AGT   5   3   2   1   1   1
    ATC   2   2   2   2   2   2 |     ACC   3   2   2   2   2   2 |     AAC   3   3   3   3   3   3 |     AGC   1   3   3   5   4   4
    ATA   1   1   1   1   1   2 |     ACA   3   2   3   3   3   3 | Lys AAA   4   4   4   4   4   4 | Arg AGA   2   2   2   2   2   2
Met ATG   6   6   6   6   6   6 |     ACG   0   1   0   0   0   0 |     AAG   2   2   2   2   2   2 |     AGG   0   1   1   1   1   1
--------------------------------------------------------------------------------------------------------------------------------------
Val GTT   3   3   4   3   3   3 | Ala GCT   2   3   4   3   3   3 | Asp GAT   4   3   4   4   4   4 | Gly GGT   4   4   3   3   3   3
    GTC   1   2   3   1   1   1 |     GCC   5   3   3   4   4   3 |     GAC   2   3   2   2   2   2 |     GGC   2   3   1   2   3   3
    GTA   1   0   0   0   0   0 |     GCA   2   0   2   2   2   2 | Glu GAA   3   3   3   4   4   4 |     GGA   2   2   3   3   3   3
    GTG   4   5   3   5   5   5 |     GCG   0   2   0   0   0   1 |     GAG   3   2   2   2   2   2 |     GGG   3   2   3   2   2   2
--------------------------------------------------------------------------------------------------------------------------------------

--------------------------------------------------------------------------------------------------------------------------------------
Phe TTT   1   0   1   1   1   1 | Ser TCT   3   3   3   2   2   2 | Tyr TAT   2   2   2   2   1   2 | Cys TGT   0   0   0   1   0   1
    TTC   2   3   2   2   2   2 |     TCC   1   1   1   2   2   2 |     TAC   3   4   4   2   5   4 |     TGC   3   3   3   3   3   2
Leu TTA   1   1   1   0   2   1 |     TCA   0   0   0   2   2   2 | *** TAA   0   0   0   0   0   0 | *** TGA   0   0   0   0   0   0
    TTG   4   3   3   2   1   2 |     TCG   2   2   2   0   1   0 |     TAG   0   0   0   0   0   0 | Trp TGG   1   1   1   1   1   1
--------------------------------------------------------------------------------------------------------------------------------------
Leu CTT   2   3   3   2   2   2 | Pro CCT   1   2   2   2   2   3 | His CAT   0   0   0   0   1   1 | Arg CGT   1   1   1   2   1   1
    CTC   1   1   1   2   2   2 |     CCC   2   2   2   2   2   1 |     CAC   3   2   2   3   3   2 |     CGC   2   2   2   0   1   1
    CTA   2   1   1   2   1   1 |     CCA   3   2   2   2   2   3 | Gln CAA   5   5   5   5   5   5 |     CGA   1   0   0   1   1   1
    CTG   5   7   7   7   7   7 |     CCG   0   0   0   1   0   0 |     CAG   8   8   8   7   7   7 |     CGG   1   1   1   0   1   1
--------------------------------------------------------------------------------------------------------------------------------------
Ile ATT   3   2   2   3   2   3 | Thr ACT   0   1   1   0   0   0 | Asn AAT   4   4   4   3   2   3 | Ser AGT   2   2   1   3   3   2
    ATC   2   3   3   3   3   3 |     ACC   2   2   2   2   2   2 |     AAC   3   2   2   4   4   4 |     AGC   3   4   5   3   2   2
    ATA   1   1   1   0   1   1 |     ACA   3   3   3   1   3   3 | Lys AAA   2   4   4   4   5   4 | Arg AGA   2   2   2   3   2   2
Met ATG   6   7   7   7   6   6 |     ACG   0   0   0   0   0   0 |     AAG   2   2   2   2   1   2 |     AGG   1   1   1   2   1   1
--------------------------------------------------------------------------------------------------------------------------------------
Val GTT   3   2   2   3   3   2 | Ala GCT   4   3   3   3   3   3 | Asp GAT   4   4   4   3   4   4 | Gly GGT   3   2   2   2   1   3
    GTC   2   2   2   1   1   1 |     GCC   4   4   4   4   5   4 |     GAC   2   2   2   3   2   2 |     GGC   2   3   3   2   2   2
    GTA   0   0   0   0   1   1 |     GCA   1   1   1   3   2   1 | Glu GAA   5   4   4   4   3   3 |     GGA   4   3   3   3   3   3
    GTG   4   3   3   5   4   4 |     GCG   1   1   1   0   0   1 |     GAG   2   2   2   2   3   3 |     GGG   2   3   3   3   4   4
--------------------------------------------------------------------------------------------------------------------------------------

--------------------------------------------------------------------------------------------------------------------------------------
Phe TTT   3   3   2   2   2   2 | Ser TCT   2   2   2   2   1   3 | Tyr TAT   2   2   2   2   2   2 | Cys TGT   1   1   2   1   1   0
    TTC   1   1   1   1   1   1 |     TCC   2   2   3   3   3   2 |     TAC   3   3   4   4   4   4 |     TGC   3   3   1   1   2   4
Leu TTA   2   2   2   2   2   2 |     TCA   2   2   2   2   2   2 | *** TAA   0   0   0   0   0   0 | *** TGA   0   0   0   0   0   0
    TTG   2   2   2   2   2   2 |     TCG   0   0   0   0   0   0 |     TAG   0   0   0   0   0   0 | Trp TGG   1   1   1   1   1   1
--------------------------------------------------------------------------------------------------------------------------------------
Leu CTT   2   2   2   2   2   1 | Pro CCT   3   3   2   2   1   3 | His CAT   1   1   2   2   2   2 | Arg CGT   1   1   0   1   0   1
    CTC   3   3   2   3   3   4 |     CCC   1   1   1   2   4   1 |     CAC   3   3   3   3   4   1 |     CGC   1   1   1   1   2   1
    CTA   0   0   0   0   0   0 |     CCA   3   3   2   2   1   2 | Gln CAA   4   4   4   4   1   4 |     CGA   1   1   0   1   2   2
    CTG   5   5   6   5   6   5 |     CCG   0   0   2   1   1   0 |     CAG   7   7   7   7   8   7 |     CGG   1   1   0   1   2   0
--------------------------------------------------------------------------------------------------------------------------------------
Ile ATT   3   3   2   3   3   4 | Thr ACT   2   2   2   2   1   2 | Asn AAT   3   3   4   4   1   3 | Ser AGT   2   2   2   2   1   2
    ATC   2   2   2   2   2   1 |     ACC   2   2   2   2   2   2 |     AAC   4   4   3   3   4   4 |     AGC   4   4   3   3   8   4
    ATA   1   1   2   2   1   2 |     ACA   1   1   1   1   0   2 | Lys AAA   3   3   3   3   1   4 | Arg AGA   2   2   2   2   1   2
Met ATG   8   8   8   8   6   7 |     ACG   0   0   0   0   2   1 |     AAG   3   3   2   2   4   2 |     AGG   2   2   2   2   1   2
--------------------------------------------------------------------------------------------------------------------------------------
Val GTT   2   2   4   3   2   3 | Ala GCT   5   5   4   4   3   5 | Asp GAT   3   3   3   3   2   3 | Gly GGT   2   2   2   2   1   2
    GTC   1   1   1   1   1   1 |     GCC   3   3   4   4   4   3 |     GAC   1   1   2   2   3   2 |     GGC   1   1   1   1   2   0
    GTA   2   2   1   1   2   0 |     GCA   2   2   2   2   1   2 | Glu GAA   5   5   6   5   4   5 |     GGA   3   3   3   3   4   4
    GTG   3   3   3   3   3   4 |     GCG   0   0   0   0   2   0 |     GAG   1   1   1   1   2   1 |     GGG   3   3   3   3   3   1
--------------------------------------------------------------------------------------------------------------------------------------

--------------------------------------------------------------------------------------------------------------------------------------
Phe TTT   2   2   2   2   2   2 | Ser TCT   2   2   2   2   2   2 | Tyr TAT   2   3   3   3   3   3 | Cys TGT   1   2   1   1   1   1
    TTC   1   2   1   1   1   1 |     TCC   1   1   2   2   2   2 |     TAC   4   3   3   3   3   3 |     TGC   2   1   2   2   2   1
Leu TTA   2   1   1   1   1   1 |     TCA   2   3   3   3   3   3 | *** TAA   0   0   0   0   0   0 | *** TGA   0   0   0   0   0   0
    TTG   2   2   2   2   2   2 |     TCG   1   0   0   0   0   0 |     TAG   0   0   0   0   0   0 | Trp TGG   1   1   1   1   1   1
--------------------------------------------------------------------------------------------------------------------------------------
Leu CTT   2   4   2   2   2   2 | Pro CCT   4   4   4   2   3   3 | His CAT   2   2   1   1   1   2 | Arg CGT   1   1   2   2   2   0
    CTC   3   2   4   4   4   3 |     CCC   1   1   1   2   2   2 |     CAC   3   2   2   2   2   2 |     CGC   2   0   0   0   0   2
    CTA   0   2   0   2   2   2 |     CCA   2   1   1   1   1   1 | Gln CAA   4   6   5   5   5   5 |     CGA   1   2   1   1   1   1
    CTG   5   4   6   4   4   4 |     CCG   0   0   0   1   0   0 |     CAG   7   5   6   6   6   6 |     CGG   1   1   2   2   2   2
--------------------------------------------------------------------------------------------------------------------------------------
Ile ATT   3   3   3   3   3   3 | Thr ACT   1   0   0   0   0   0 | Asn AAT   2   5   4   3   2   3 | Ser AGT   3   3   2   2   3   2
    ATC   2   2   2   2   2   2 |     ACC   2   2   2   2   2   2 |     AAC   3   4   4   4   3   4 |     AGC   3   3   1   2   2   2
    ATA   1   1   1   1   1   1 |     ACA   3   3   3   3   3   3 | Lys AAA   3   4   5   5   6   4 | Arg AGA   1   2   2   2   2   1
Met ATG   7   6   6   6   6   6 |     ACG   0   0   0   0   0   0 |     AAG   3   2   2   2   2   3 |     AGG   2   1   1   1   1   2
--------------------------------------------------------------------------------------------------------------------------------------
Val GTT   3   2   1   1   1   1 | Ala GCT   5   4   4   4   4   5 | Asp GAT   2   2   2   3   3   3 | Gly GGT   3   3   4   4   4   3
    GTC   1   2   1   1   1   2 |     GCC   2   3   4   3   3   3 |     GAC   3   2   4   3   3   3 |     GGC   0   0   1   1   1   2
    GTA   2   1   1   1   1   1 |     GCA   2   2   1   1   1   0 | Glu GAA   5   4   3   3   3   3 |     GGA   3   4   4   4   4   4
    GTG   3   4   6   6   6   6 |     GCG   1   1   0   1   1   1 |     GAG   1   1   1   1   1   1 |     GGG   3   3   4   4   4   4
--------------------------------------------------------------------------------------------------------------------------------------

--------------------------------------------------------------------------------------------------------------------------------------
Phe TTT   2   2   2   2   2   2 | Ser TCT   3   2   2   2   2   2 | Tyr TAT   3   2   3   3   3   3 | Cys TGT   1   1   1   1   1   1
    TTC   1   3   2   2   2   2 |     TCC   1   1   1   1   1   1 |     TAC   3   3   3   2   2   3 |     TGC   1   2   1   2   2   2
Leu TTA   1   1   1   0   0   1 |     TCA   3   1   2   2   2   2 | *** TAA   0   0   0   0   0   0 | *** TGA   0   0   0   0   0   0
    TTG   2   2   2   3   3   2 |     TCG   0   0   0   0   0   0 |     TAG   0   0   0   0   0   0 | Trp TGG   2   1   1   1   1   1
--------------------------------------------------------------------------------------------------------------------------------------
Leu CTT   2   2   3   2   2   2 | Pro CCT   3   3   3   3   3   3 | His CAT   1   3   3   2   2   2 | Arg CGT   1   1   0   1   1   1
    CTC   3   1   1   0   0   0 |     CCC   2   1   1   1   1   1 |     CAC   2   3   2   3   3   2 |     CGC   2   0   3   1   1   0
    CTA   2   1   1   2   2   2 |     CCA   1   3   1   3   2   2 | Gln CAA   5   3   2   3   3   3 |     CGA   1   1   1   0   0   0
    CTG   4   8   7   9   9   9 |     CCG   0   0   2   0   1   1 |     CAG   6   7   9   8   9   8 |     CGG   1   2   1   0   0   1
--------------------------------------------------------------------------------------------------------------------------------------
Ile ATT   3   2   4   3   3   4 | Thr ACT   1   0   0   1   1   1 | Asn AAT   3   3   4   2   3   4 | Ser AGT   2   1   2   4   3   3
    ATC   2   2   0   1   1   1 |     ACC   2   1   1   1   1   1 |     AAC   4   4   4   4   4   6 |     AGC   2   4   3   2   2   2
    ATA   1   1   1   1   1   1 |     ACA   3   3   4   4   4   4 | Lys AAA   4   3   3   4   5   4 | Arg AGA   2   1   2   4   4   3
Met ATG   6   6   6   6   6   5 |     ACG   0   1   0   0   0   0 |     AAG   3   3   3   4   3   2 |     AGG   1   2   1   2   1   0
--------------------------------------------------------------------------------------------------------------------------------------
Val GTT   1   1   2   2   2   3 | Ala GCT   4   4   5   5   5   4 | Asp GAT   3   3   4   3   3   3 | Gly GGT   3   3   1   3   4   3
    GTC   2   3   3   3   3   3 |     GCC   3   4   3   3   3   3 |     GAC   3   2   1   1   1   1 |     GGC   2   1   1   1   1   1
    GTA   1   2   1   1   1   1 |     GCA   0   2   0   1   1   1 | Glu GAA   3   4   4   3   2   2 |     GGA   4   4   4   3   3   4
    GTG   6   4   4   4   4   5 |     GCG   1   1   2   0   0   0 |     GAG   1   1   1   2   2   2 |     GGG   4   3   4   2   2   2
--------------------------------------------------------------------------------------------------------------------------------------

------------------------------------------------------
Phe TTT   2 | Ser TCT   3 | Tyr TAT   3 | Cys TGT   1
    TTC   2 |     TCC   1 |     TAC   2 |     TGC   3
Leu TTA   2 |     TCA   2 | *** TAA   0 | *** TGA   0
    TTG   2 |     TCG   0 |     TAG   0 | Trp TGG   0
------------------------------------------------------
Leu CTT   1 | Pro CCT   2 | His CAT   4 | Arg CGT   0
    CTC   0 |     CCC   0 |     CAC   4 |     CGC   0
    CTA   1 |     CCA   3 | Gln CAA   3 |     CGA   0
    CTG   7 |     CCG   1 |     CAG   6 |     CGG   1
------------------------------------------------------
Ile ATT   3 | Thr ACT   1 | Asn AAT   2 | Ser AGT   3
    ATC   1 |     ACC   1 |     AAC   4 |     AGC   3
    ATA   2 |     ACA   4 | Lys AAA   1 | Arg AGA   2
Met ATG   7 |     ACG   0 |     AAG   3 |     AGG   1
------------------------------------------------------
Val GTT   3 | Ala GCT   2 | Asp GAT   5 | Gly GGT   2
    GTC   3 |     GCC   4 |     GAC   0 |     GGC   1
    GTA   1 |     GCA   1 | Glu GAA   4 |     GGA   3
    GTG   6 |     GCG   0 |     GAG   0 |     GGG   3
------------------------------------------------------

Codon position x base (3x4) table for each sequence.

#1: Coturnix_japonica
position  1:    T:0.18705    C:0.23741    A:0.33094    G:0.24460
position  2:    T:0.32374    C:0.18705    A:0.33094    G:0.15827
position  3:    T:0.28058    C:0.20144    A:0.19424    G:0.32374
Average         T:0.26379    C:0.20863    A:0.28537    G:0.24221

#2: Meleagris_gallopavo
position  1:    T:0.20438    C:0.24088    A:0.29927    G:0.25547
position  2:    T:0.32117    C:0.15328    A:0.35036    G:0.17518
position  3:    T:0.25547    C:0.21898    A:0.21168    G:0.31387
Average         T:0.26034    C:0.20438    A:0.28710    G:0.24818

#3: Chrysolophus_pictus
position  1:    T:0.17266    C:0.26619    A:0.28058    G:0.28058
position  2:    T:0.30935    C:0.16547    A:0.33813    G:0.18705
position  3:    T:0.28777    C:0.20144    A:0.23022    G:0.28058
Average         T:0.25659    C:0.21103    A:0.28297    G:0.24940

#4: Syrmaticus_mikado
position  1:    T:0.17037    C:0.25926    A:0.27407    G:0.29630
position  2:    T:0.33333    C:0.15556    A:0.33333    G:0.17778
position  3:    T:0.28148    C:0.20000    A:0.23704    G:0.28148
Average         T:0.26173    C:0.20494    A:0.28148    G:0.25185

#5: Phasianus_colchicus
position  1:    T:0.19424    C:0.24460    A:0.27338    G:0.28777
position  2:    T:0.33094    C:0.15108    A:0.33094    G:0.18705
position  3:    T:0.26619    C:0.20144    A:0.23022    G:0.30216
Average         T:0.26379    C:0.19904    A:0.27818    G:0.25899

#6: Lyrurus_tetrix 
position  1:    T:0.19847    C:0.22901    A:0.29771    G:0.27481
position  2:    T:0.31298    C:0.14504    A:0.35115    G:0.19084
position  3:    T:0.27481    C:0.19084    A:0.23664    G:0.29771
Average         T:0.26209    C:0.18830    A:0.29517    G:0.25445

#7: Lagopus_muta   
position  1:    T:0.18321    C:0.24427    A:0.29771    G:0.27481
position  2:    T:0.32061    C:0.14504    A:0.34351    G:0.19084
position  3:    T:0.27481    C:0.19847    A:0.21374    G:0.31298
Average         T:0.25954    C:0.19593    A:0.28499    G:0.25954

#8: Tympanuchus_cupido
position  1:    T:0.19697    C:0.24242    A:0.29545    G:0.26515
position  2:    T:0.33333    C:0.15152    A:0.34091    G:0.17424
position  3:    T:0.29545    C:0.17424    A:0.23485    G:0.29545
Average         T:0.27525    C:0.18939    A:0.29040    G:0.24495

#9: Centrocercus_minimus
position  1:    T:0.17054    C:0.24806    A:0.30233    G:0.27907
position  2:    T:0.31008    C:0.15504    A:0.35659    G:0.17829
position  3:    T:0.28682    C:0.17054    A:0.24806    G:0.29457
Average         T:0.25581    C:0.19121    A:0.30233    G:0.25065

#10: Pavo_cristatus 
position  1:    T:0.18248    C:0.23358    A:0.28467    G:0.29927
position  2:    T:0.32117    C:0.16788    A:0.30657    G:0.20438
position  3:    T:0.26277    C:0.22628    A:0.21168    G:0.29927
Average         T:0.25547    C:0.20925    A:0.26764    G:0.26764

#11: Gallus_gallus  
position  1:    T:0.19565    C:0.23913    A:0.29710    G:0.26812
position  2:    T:0.32609    C:0.17391    A:0.31159    G:0.18841
position  3:    T:0.29710    C:0.18841    A:0.22464    G:0.28986
Average         T:0.27295    C:0.20048    A:0.27778    G:0.24879

#12: Corythaeola_cristata
position  1:    T:0.17986    C:0.25899    A:0.28058    G:0.28058
position  2:    T:0.28058    C:0.20144    A:0.31655    G:0.20144
position  3:    T:0.23022    C:0.30216    A:0.20863    G:0.25899
Average         T:0.23022    C:0.25420    A:0.26859    G:0.24700

#13: Leptosomus_discolor
position  1:    T:0.15827    C:0.28058    A:0.27338    G:0.28777
position  2:    T:0.28058    C:0.19424    A:0.33094    G:0.19424
position  3:    T:0.25899    C:0.25899    A:0.22302    G:0.25899
Average         T:0.23261    C:0.24460    A:0.27578    G:0.24700

#14: Acanthisitta_chloris
position  1:    T:0.16176    C:0.26471    A:0.29412    G:0.27941
position  2:    T:0.28676    C:0.19853    A:0.31618    G:0.19853
position  3:    T:0.21324    C:0.27206    A:0.23529    G:0.27941
Average         T:0.22059    C:0.24510    A:0.28186    G:0.25245

#15: Athene_cunicularia
position  1:    T:0.15108    C:0.28058    A:0.27338    G:0.29496
position  2:    T:0.28058    C:0.19424    A:0.33094    G:0.19424
position  3:    T:0.23741    C:0.26619    A:0.22302    G:0.27338
Average         T:0.22302    C:0.24700    A:0.27578    G:0.25420

#16: Tauraco_erythrolophus
position  1:    T:0.15827    C:0.27338    A:0.26619    G:0.30216
position  2:    T:0.28058    C:0.19424    A:0.33813    G:0.18705
position  3:    T:0.20863    C:0.31655    A:0.19424    G:0.28058
Average         T:0.21583    C:0.26139    A:0.26619    G:0.25659

#17: Apaloderma_vittatum
position  1:    T:0.15827    C:0.25899    A:0.30216    G:0.28058
position  2:    T:0.27338    C:0.20144    A:0.33813    G:0.18705
position  3:    T:0.24460    C:0.25180    A:0.20863    G:0.29496
Average         T:0.22542    C:0.23741    A:0.28297    G:0.25420

#18: Cuculus_canorus
position  1:    T:0.16547    C:0.25180    A:0.29496    G:0.28777
position  2:    T:0.28058    C:0.21583    A:0.33813    G:0.16547
position  3:    T:0.27338    C:0.21583    A:0.20863    G:0.30216
Average         T:0.23981    C:0.22782    A:0.28058    G:0.25180

#19: Merops_nubicus 
position  1:    T:0.15108    C:0.28058    A:0.27338    G:0.29496
position  2:    T:0.27338    C:0.20863    A:0.31655    G:0.20144
position  3:    T:0.23741    C:0.25899    A:0.20144    G:0.30216
Average         T:0.22062    C:0.24940    A:0.26379    G:0.26619

#20: Picoides_pubescens
position  1:    T:0.14388    C:0.29496    A:0.25899    G:0.30216
position  2:    T:0.26619    C:0.20863    A:0.32374    G:0.20144
position  3:    T:0.23022    C:0.26619    A:0.19424    G:0.30935
Average         T:0.21343    C:0.25659    A:0.25899    G:0.27098

#21: Buceros_rhinoceros
position  1:    T:0.15441    C:0.28676    A:0.25000    G:0.30882
position  2:    T:0.28676    C:0.19853    A:0.31618    G:0.19853
position  3:    T:0.22059    C:0.28676    A:0.19853    G:0.29412
Average         T:0.22059    C:0.25735    A:0.25490    G:0.26716

#22: Tyto_alba_alba 
position  1:    T:0.15827    C:0.28058    A:0.26619    G:0.29496
position  2:    T:0.27338    C:0.20863    A:0.31655    G:0.20144
position  3:    T:0.23741    C:0.25899    A:0.21583    G:0.28777
Average         T:0.22302    C:0.24940    A:0.26619    G:0.26139

#23: Colius_striatus
position  1:    T:0.15827    C:0.25899    A:0.28777    G:0.29496
position  2:    T:0.27338    C:0.19424    A:0.33813    G:0.19424
position  3:    T:0.20863    C:0.33094    A:0.20863    G:0.25180
Average         T:0.21343    C:0.26139    A:0.27818    G:0.24700

#24: Lonchura_Striata_domestica
position  1:    T:0.15827    C:0.26619    A:0.30216    G:0.27338
position  2:    T:0.28058    C:0.20144    A:0.32374    G:0.19424
position  3:    T:0.23741    C:0.28777    A:0.20144    G:0.27338
Average         T:0.22542    C:0.25180    A:0.27578    G:0.24700

#25: Taeniopygia_guttata
position  1:    T:0.15827    C:0.27338    A:0.29496    G:0.27338
position  2:    T:0.28058    C:0.20144    A:0.33813    G:0.17986
position  3:    T:0.25180    C:0.27338    A:0.18705    G:0.28777
Average         T:0.23022    C:0.24940    A:0.27338    G:0.24700

#26: Erythrura_gouldiae
position  1:    T:0.15827    C:0.27338    A:0.28058    G:0.28777
position  2:    T:0.28058    C:0.19424    A:0.33094    G:0.19424
position  3:    T:0.23022    C:0.29496    A:0.18705    G:0.28777
Average         T:0.22302    C:0.25420    A:0.26619    G:0.25659

#27: Zonotrichia_albicollis
position  1:    T:0.15108    C:0.27338    A:0.27338    G:0.30216
position  2:    T:0.28058    C:0.20144    A:0.32374    G:0.19424
position  3:    T:0.23741    C:0.28058    A:0.19424    G:0.28777
Average         T:0.22302    C:0.25180    A:0.26379    G:0.26139

#28: Molothrus_ater 
position  1:    T:0.15108    C:0.27338    A:0.28058    G:0.29496
position  2:    T:0.28058    C:0.20144    A:0.32374    G:0.19424
position  3:    T:0.24460    C:0.28058    A:0.19424    G:0.28058
Average         T:0.22542    C:0.25180    A:0.26619    G:0.25659

#29: Camarhynchus_parvulus
position  1:    T:0.15108    C:0.28058    A:0.26619    G:0.30216
position  2:    T:0.28058    C:0.20144    A:0.34532    G:0.17266
position  3:    T:0.23741    C:0.28058    A:0.20863    G:0.27338
Average         T:0.22302    C:0.25420    A:0.27338    G:0.24940

#30: Geospiza_fortis
position  1:    T:0.15108    C:0.28058    A:0.26619    G:0.30216
position  2:    T:0.28058    C:0.20144    A:0.34532    G:0.17266
position  3:    T:0.23741    C:0.28058    A:0.20863    G:0.27338
Average         T:0.22302    C:0.25420    A:0.27338    G:0.24940

#31: Serinus_canaria
position  1:    T:0.16547    C:0.26619    A:0.26619    G:0.30216
position  2:    T:0.29496    C:0.19424    A:0.28777    G:0.22302
position  3:    T:0.24460    C:0.28058    A:0.18705    G:0.28777
Average         T:0.23501    C:0.24700    A:0.24700    G:0.27098

#32: Passer_domesticus
position  1:    T:0.16547    C:0.26619    A:0.27338    G:0.29496
position  2:    T:0.27338    C:0.20144    A:0.33094    G:0.19424
position  3:    T:0.23741    C:0.28058    A:0.18705    G:0.29496
Average         T:0.22542    C:0.24940    A:0.26379    G:0.26139

#33: Corapipo_altera
position  1:    T:0.15108    C:0.28058    A:0.27338    G:0.29496
position  2:    T:0.28058    C:0.19424    A:0.33813    G:0.18705
position  3:    T:0.25180    C:0.25899    A:0.23741    G:0.25180
Average         T:0.22782    C:0.24460    A:0.28297    G:0.24460

#34: Chiroxiphia_lanceolata
position  1:    T:0.15827    C:0.27338    A:0.27338    G:0.29496
position  2:    T:0.28777    C:0.18705    A:0.33813    G:0.18705
position  3:    T:0.24460    C:0.25899    A:0.23741    G:0.25899
Average         T:0.23022    C:0.23981    A:0.28297    G:0.24700

#35: Pipra_filicauda
position  1:    T:0.14388    C:0.28777    A:0.27338    G:0.29496
position  2:    T:0.28058    C:0.19424    A:0.33813    G:0.18705
position  3:    T:0.24460    C:0.25899    A:0.23022    G:0.26619
Average         T:0.22302    C:0.24700    A:0.28058    G:0.24940

#36: Neopelma_chrysocephalum
position  1:    T:0.15108    C:0.28058    A:0.27338    G:0.29496
position  2:    T:0.28058    C:0.20144    A:0.33094    G:0.18705
position  3:    T:0.24460    C:0.25180    A:0.24460    G:0.25899
Average         T:0.22542    C:0.24460    A:0.28297    G:0.24700

#37: Lepidothrix_coronata
position  1:    T:0.14388    C:0.28777    A:0.27338    G:0.29496
position  2:    T:0.28777    C:0.18705    A:0.33813    G:0.18705
position  3:    T:0.24460    C:0.25899    A:0.23022    G:0.26619
Average         T:0.22542    C:0.24460    A:0.28058    G:0.24940

#38: Manacus_vitellinus
position  1:    T:0.14388    C:0.28777    A:0.27338    G:0.29496
position  2:    T:0.28777    C:0.18705    A:0.33813    G:0.18705
position  3:    T:0.24460    C:0.25899    A:0.23741    G:0.25899
Average         T:0.22542    C:0.24460    A:0.28297    G:0.24700

#39: Empidonax_traillii
position  1:    T:0.16547    C:0.27338    A:0.26619    G:0.29496
position  2:    T:0.28058    C:0.20144    A:0.33094    G:0.18705
position  3:    T:0.24460    C:0.26619    A:0.23022    G:0.25899
Average         T:0.23022    C:0.24700    A:0.27578    G:0.24700

#40: Catharus_ustulatus
position  1:    T:0.17266    C:0.25180    A:0.28058    G:0.29496
position  2:    T:0.28058    C:0.19424    A:0.31655    G:0.20863
position  3:    T:0.23741    C:0.27338    A:0.20144    G:0.28777
Average         T:0.23022    C:0.23981    A:0.26619    G:0.26379

#41: Ficedula_albicollis
position  1:    T:0.16547    C:0.26619    A:0.25899    G:0.30935
position  2:    T:0.28058    C:0.19424    A:0.31655    G:0.20863
position  3:    T:0.23741    C:0.28777    A:0.16547    G:0.30935
Average         T:0.22782    C:0.24940    A:0.24700    G:0.27578

#42: Sturnus_vulgaris
position  1:    T:0.17986    C:0.25899    A:0.27338    G:0.28777
position  2:    T:0.27338    C:0.21583    A:0.32374    G:0.18705
position  3:    T:0.28058    C:0.25180    A:0.19424    G:0.27338
Average         T:0.24460    C:0.24221    A:0.26379    G:0.24940

#43: Columba_livia  
position  1:    T:0.16547    C:0.27338    A:0.26619    G:0.29496
position  2:    T:0.27338    C:0.20144    A:0.30935    G:0.21583
position  3:    T:0.25180    C:0.25180    A:0.22302    G:0.27338
Average         T:0.23022    C:0.24221    A:0.26619    G:0.26139

#44: Stachyridopsis_ruficeps
position  1:    T:0.17266    C:0.26619    A:0.27338    G:0.28777
position  2:    T:0.29496    C:0.18705    A:0.31655    G:0.20144
position  3:    T:0.23741    C:0.28777    A:0.17986    G:0.29496
Average         T:0.23501    C:0.24700    A:0.25659    G:0.26139

#45: Malurus_cyaneus
position  1:    T:0.15441    C:0.27206    A:0.27941    G:0.29412
position  2:    T:0.30147    C:0.19118    A:0.32353    G:0.18382
position  3:    T:0.28676    C:0.25000    A:0.21324    G:0.25000
Average         T:0.24755    C:0.23775    A:0.27206    G:0.24265

#46: Parus_major    
position  1:    T:0.15827    C:0.27338    A:0.28058    G:0.28777
position  2:    T:0.28058    C:0.19424    A:0.33813    G:0.18705
position  3:    T:0.24460    C:0.25899    A:0.20144    G:0.29496
Average         T:0.22782    C:0.24221    A:0.27338    G:0.25659

#47: Cyanistes_caeruleus
position  1:    T:0.15827    C:0.27338    A:0.27338    G:0.29496
position  2:    T:0.28058    C:0.19424    A:0.33813    G:0.18705
position  3:    T:0.24460    C:0.26619    A:0.20144    G:0.28777
Average         T:0.22782    C:0.24460    A:0.27098    G:0.25659

#48: Pseudopodoces_humilis
position  1:    T:0.15827    C:0.27338    A:0.27338    G:0.29496
position  2:    T:0.28058    C:0.19424    A:0.33813    G:0.18705
position  3:    T:0.23741    C:0.25899    A:0.21583    G:0.28777
Average         T:0.22542    C:0.24221    A:0.27578    G:0.25659

#49: Oriolus_oriolus
position  1:    T:0.16547    C:0.26619    A:0.25899    G:0.30935
position  2:    T:0.28058    C:0.19424    A:0.32374    G:0.20144
position  3:    T:0.23741    C:0.26619    A:0.21583    G:0.28058
Average         T:0.22782    C:0.24221    A:0.26619    G:0.26379

#50: Corvus_brachyrhynchos
position  1:    T:0.16547    C:0.26619    A:0.28777    G:0.28058
position  2:    T:0.28058    C:0.19424    A:0.32374    G:0.20144
position  3:    T:0.22302    C:0.28777    A:0.19424    G:0.29496
Average         T:0.22302    C:0.24940    A:0.26859    G:0.25899

#51: Corvus_moneduloides
position  1:    T:0.16547    C:0.26619    A:0.28777    G:0.28058
position  2:    T:0.28058    C:0.19424    A:0.32374    G:0.20144
position  3:    T:0.22302    C:0.28777    A:0.19424    G:0.29496
Average         T:0.22302    C:0.24940    A:0.26859    G:0.25899

#52: Opisthocomus_hoazin
position  1:    T:0.14388    C:0.27338    A:0.28777    G:0.29496
position  2:    T:0.28777    C:0.18705    A:0.31655    G:0.20863
position  3:    T:0.23022    C:0.27338    A:0.21583    G:0.28058
Average         T:0.22062    C:0.24460    A:0.27338    G:0.26139

#53: Nestor_notabilis
position  1:    T:0.16547    C:0.27338    A:0.26619    G:0.29496
position  2:    T:0.28058    C:0.20144    A:0.33094    G:0.18705
position  3:    T:0.20144    C:0.29496    A:0.23741    G:0.26619
Average         T:0.21583    C:0.25659    A:0.27818    G:0.24940

#54: Melopsittacus_undulatus
position  1:    T:0.15827    C:0.27338    A:0.27338    G:0.29496
position  2:    T:0.28058    C:0.19424    A:0.33094    G:0.19424
position  3:    T:0.23741    C:0.25899    A:0.22302    G:0.28058
Average         T:0.22542    C:0.24221    A:0.27578    G:0.25659

#55: Apteryx_rowi   
position  1:    T:0.17266    C:0.25899    A:0.30216    G:0.26619
position  2:    T:0.28777    C:0.20144    A:0.30935    G:0.20144
position  3:    T:0.26619    C:0.25180    A:0.22302    G:0.25899
Average         T:0.24221    C:0.23741    A:0.27818    G:0.24221

#56: Apteryx_australis_mantelli
position  1:    T:0.17266    C:0.25899    A:0.30216    G:0.26619
position  2:    T:0.28777    C:0.20144    A:0.30935    G:0.20144
position  3:    T:0.26619    C:0.25180    A:0.22302    G:0.25899
Average         T:0.24221    C:0.23741    A:0.27818    G:0.24221

#57: Dromaius_novaehollandiae
position  1:    T:0.17391    C:0.24638    A:0.28986    G:0.28986
position  2:    T:0.28986    C:0.21014    A:0.33333    G:0.16667
position  3:    T:0.26812    C:0.24638    A:0.21739    G:0.26812
Average         T:0.24396    C:0.23430    A:0.28019    G:0.24155

#58: Casuarius_casuarius
position  1:    T:0.16547    C:0.26619    A:0.29496    G:0.27338
position  2:    T:0.28777    C:0.20863    A:0.32374    G:0.17986
position  3:    T:0.26619    C:0.25899    A:0.21583    G:0.25899
Average         T:0.23981    C:0.24460    A:0.27818    G:0.23741

#59: Nothoprocta_perdicaria
position  1:    T:0.16547    C:0.28058    A:0.27338    G:0.28058
position  2:    T:0.27338    C:0.20144    A:0.30216    G:0.22302
position  3:    T:0.17986    C:0.35252    A:0.15827    G:0.30935
Average         T:0.20624    C:0.27818    A:0.24460    G:0.27098

#60: Rhea_americana 
position  1:    T:0.17986    C:0.24460    A:0.31655    G:0.25899
position  2:    T:0.28058    C:0.21583    A:0.31655    G:0.18705
position  3:    T:0.27338    C:0.25180    A:0.23741    G:0.23741
Average         T:0.24460    C:0.23741    A:0.29017    G:0.22782

#61: Struthio_camelus_australis
position  1:    T:0.16547    C:0.27338    A:0.28058    G:0.28058
position  2:    T:0.28058    C:0.20863    A:0.31655    G:0.19424
position  3:    T:0.27338    C:0.23741    A:0.22302    G:0.26619
Average         T:0.23981    C:0.23981    A:0.27338    G:0.24700

#62: Anseranas_semipalmata
position  1:    T:0.16547    C:0.26619    A:0.29496    G:0.27338
position  2:    T:0.28777    C:0.19424    A:0.32374    G:0.19424
position  3:    T:0.30216    C:0.21583    A:0.25899    G:0.22302
Average         T:0.25180    C:0.22542    A:0.29257    G:0.23022

#63: Oxyura_jamaicensis
position  1:    T:0.16547    C:0.26619    A:0.27338    G:0.29496
position  2:    T:0.28058    C:0.19424    A:0.32374    G:0.20144
position  3:    T:0.26619    C:0.24460    A:0.22302    G:0.26619
Average         T:0.23741    C:0.23501    A:0.27338    G:0.25420

#64: Cygnus_atratus 
position  1:    T:0.16547    C:0.26619    A:0.27338    G:0.29496
position  2:    T:0.28058    C:0.19424    A:0.31655    G:0.20863
position  3:    T:0.25180    C:0.24460    A:0.23741    G:0.26619
Average         T:0.23261    C:0.23501    A:0.27578    G:0.25659

#65: Anser_cygnoides
position  1:    T:0.16547    C:0.26619    A:0.27338    G:0.29496
position  2:    T:0.28058    C:0.19424    A:0.30935    G:0.21583
position  3:    T:0.25899    C:0.23741    A:0.24460    G:0.25899
Average         T:0.23501    C:0.23261    A:0.27578    G:0.25659

#66: Aythya_fuligula
position  1:    T:0.15827    C:0.26619    A:0.27338    G:0.30216
position  2:    T:0.28058    C:0.19424    A:0.32374    G:0.20144
position  3:    T:0.25180    C:0.25899    A:0.21583    G:0.27338
Average         T:0.23022    C:0.23981    A:0.27098    G:0.25899

#67: Anas_platyrhynchos
position  1:    T:0.16547    C:0.25899    A:0.28058    G:0.29496
position  2:    T:0.28058    C:0.19424    A:0.31655    G:0.20863
position  3:    T:0.25899    C:0.25180    A:0.22302    G:0.26619
Average         T:0.23501    C:0.23501    A:0.27338    G:0.25659

#68: Alectura_lathami
position  1:    T:0.15108    C:0.28058    A:0.26619    G:0.30216
position  2:    T:0.29496    C:0.19424    A:0.31655    G:0.19424
position  3:    T:0.23741    C:0.25180    A:0.21583    G:0.29496
Average         T:0.22782    C:0.24221    A:0.26619    G:0.26379

#69: Penelope_pileata
position  1:    T:0.15108    C:0.28777    A:0.27338    G:0.28777
position  2:    T:0.28777    C:0.19424    A:0.33094    G:0.18705
position  3:    T:0.28058    C:0.21583    A:0.19424    G:0.30935
Average         T:0.23981    C:0.23261    A:0.26619    G:0.26139

#70: Colinus_virginianus
position  1:    T:0.15108    C:0.27338    A:0.30935    G:0.26619
position  2:    T:0.29496    C:0.19424    A:0.31655    G:0.19424
position  3:    T:0.28058    C:0.20144    A:0.22302    G:0.29496
Average         T:0.24221    C:0.22302    A:0.28297    G:0.25180

#71: Callipepla_squamata
position  1:    T:0.15108    C:0.28058    A:0.30216    G:0.26619
position  2:    T:0.29496    C:0.19424    A:0.32374    G:0.18705
position  3:    T:0.28777    C:0.20144    A:0.21583    G:0.29496
Average         T:0.24460    C:0.22542    A:0.28058    G:0.24940

#72: Odontophorus_gujanensis
position  1:    T:0.15942    C:0.26812    A:0.29710    G:0.27536
position  2:    T:0.31159    C:0.18841    A:0.32609    G:0.17391
position  3:    T:0.29710    C:0.21014    A:0.21739    G:0.27536
Average         T:0.25604    C:0.22222    A:0.28019    G:0.24155

#73: Numida_meleagris
position  1:    T:0.17424    C:0.25000    A:0.28788    G:0.28788
position  2:    T:0.32576    C:0.18939    A:0.31061    G:0.17424
position  3:    T:0.28030    C:0.21970    A:0.21970    G:0.28030
Average         T:0.26010    C:0.21970    A:0.27273    G:0.24747

Sums of codon usage counts
------------------------------------------------------------------------------
Phe F TTT     109 | Ser S TCT     167 | Tyr Y TAT     168 | Cys C TGT      61
      TTC     143 |       TCC     109 |       TAC     243 |       TGC     186
Leu L TTA      82 |       TCA     120 | *** * TAA       0 | *** * TGA       0
      TTG     161 |       TCG      31 |       TAG       0 | Trp W TGG      76
------------------------------------------------------------------------------
Leu L CTT     196 | Pro P CCT     172 | His H CAT      79 | Arg R CGT      62
      CTC      94 |       CCC      97 |       CAC     207 |       CGC      76
      CTA      80 |       CCA     145 | Gln Q CAA     321 |       CGA      40
      CTG     502 |       CCG      44 |       CAG     499 |       CGG      77
------------------------------------------------------------------------------
Ile I ATT     197 | Thr T ACT      30 | Asn N AAT     251 | Ser S AGT     155
      ATC     143 |       ACC     130 |       AAC     235 |       AGC     228
      ATA      82 |       ACA     198 | Lys K AAA     271 | Arg R AGA     145
Met M ATG     471 |       ACG      17 |       AAG     198 |       AGG      88
------------------------------------------------------------------------------
Val V GTT     175 | Ala A GCT     255 | Asp D GAT     267 | Gly G GGT     197
      GTC     123 |       GCC     263 |       GAC     152 |       GGC     126
      GTA      63 |       GCA      96 | Glu E GAA     279 |       GGA     241
      GTG     296 |       GCG      65 |       GAG     123 |       GGG     180
------------------------------------------------------------------------------

(Ambiguity data are not used in the counts.)


Codon position x base (3x4) table, overall

position  1:    T:0.16417    C:0.26678    A:0.28145    G:0.28760
position  2:    T:0.28918    C:0.19223    A:0.32646    G:0.19213
position  3:    T:0.25191    C:0.25330    A:0.21443    G:0.28036
Average         T:0.23509    C:0.23743    A:0.27412    G:0.25336

TREE #  1:  ((((((55, 56), (57, 58)), 60), 61), 59), (((68, (((((70, 71), 72), (1, ((2, ((6, (8, 9)), 7)), ((10, 11), ((3, 5), 4))))), 73), 69)), (62, ((63, (64, 65)), (66, 67)))), (((12, 16), 18), (((((((20, 17), 23), 21), (19, 13)), ((54, 53), (15, 22))), (14, (((((33, 34), (35, (37, 38))), 36), 39), ((((((40, 41), 42), 44), ((46, 47), 48)), ((27, (29, 30)), ((32, (28, 31)), ((24, 25), 26)))), ((49, (50, 51)), 45))))), (43, 52)))));   MP score: -1
This is a rooted tree.  Please check!
lnL(ntime:144  np:147):  -6038.160904      +0.000000
  74..75   75..76   76..77   77..78   78..79   79..55   79..56   78..80   80..57   80..58   77..60   76..61   75..59   74..81   81..82   82..83   83..68   83..84   84..85   85..86   86..87   87..88   88..70   88..71   87..72   86..89   89..1    89..90   90..91   91..2    91..92   92..93   93..6    93..94   94..8    94..9    92..7    90..95   95..96   96..10   96..11   95..97   97..98   98..3    98..5    97..4    85..73   84..69   82..99   99..62   99..100 100..101 101..63  101..102 102..64  102..65  100..103 103..66  103..67   81..104 104..105 105..106 106..12  106..16  105..18  104..107 107..108 108..109 109..110 110..111 111..112 112..113 113..20  113..17  112..23  111..21  110..114 114..19  114..13  109..115 115..116 116..54  116..53  115..117 117..15  117..22  108..118 118..14  118..119 119..120 120..121 121..122 122..123 123..33  123..34  122..124 124..35  124..125 125..37  125..38  121..36  120..39  119..126 126..127 127..128 128..129 129..130 130..131 131..40  131..41  130..42  129..44  128..132 132..133 133..46  133..47  132..48  127..134 134..135 135..27  135..136 136..29  136..30  134..137 137..138 138..32  138..139 139..28  139..31  137..140 140..141 141..24  141..25  140..26  126..142 142..143 143..49  143..144 144..50  144..51  142..45  107..145 145..43  145..52 
 0.058623 0.017133 0.015789 0.022611 0.042397 0.000004 0.000004 0.065328 0.045912 0.000004 0.118779 0.084447 0.335466 0.072659 0.017790 0.079573 0.139808 0.010190 0.090503 0.012483 0.066155 0.029719 0.031416 0.028506 0.087270 0.094612 0.224348 0.025492 0.057123 0.231872 0.091643 0.010666 0.082870 0.020062 0.040334 0.046794 0.009703 0.000004 0.016400 0.108427 0.086667 0.116870 0.000004 0.067182 0.100630 0.075178 0.197584 0.100575 0.042651 0.087644 0.078800 0.009859 0.058059 0.009600 0.007385 0.014872 0.041444 0.014232 0.022915 0.131200 0.004616 0.057925 0.055017 0.124123 0.242652 0.009426 0.000004 0.000004 0.000004 0.000004 0.000004 0.042222 0.264262 0.129412 0.320375 0.183531 0.002457 0.136992 0.128760 0.012184 0.049043 0.037958 0.100779 0.005198 0.093461 0.094874 0.039156 0.126427 0.000004 0.043364 0.022467 0.000004 0.000004 0.037431 0.014907 0.007402 0.007387 0.000004 0.000004 0.007399 0.045041 0.045768 0.047948 0.016042 0.000004 0.000004 0.026504 0.021446 0.099291 0.070660 0.098761 0.121843 0.057969 0.000004 0.014998 0.000004 0.022568 0.031262 0.027681 0.044969 0.061558 0.000004 0.000004 0.000004 0.000004 0.079252 0.025365 0.048197 0.092811 0.041049 0.025069 0.026006 0.042014 0.031875 0.000004 0.039216 0.069007 0.061819 0.014989 0.000004 0.125114 0.028072 0.117961 0.136082 0.207847 1.293904 0.402498

Note: Branch length is defined as number of nucleotide substitutions per codon (not per neucleotide site).

tree length =  8.055768

((((((55: 0.000004, 56: 0.000004): 0.042397, (57: 0.045912, 58: 0.000004): 0.065328): 0.022611, 60: 0.118779): 0.015789, 61: 0.084447): 0.017133, 59: 0.335466): 0.058623, (((68: 0.139808, (((((70: 0.031416, 71: 0.028506): 0.029719, 72: 0.087270): 0.066155, (1: 0.224348, ((2: 0.231872, ((6: 0.082870, (8: 0.040334, 9: 0.046794): 0.020062): 0.010666, 7: 0.009703): 0.091643): 0.057123, ((10: 0.108427, 11: 0.086667): 0.016400, ((3: 0.067182, 5: 0.100630): 0.000004, 4: 0.075178): 0.116870): 0.000004): 0.025492): 0.094612): 0.012483, 73: 0.197584): 0.090503, 69: 0.100575): 0.010190): 0.079573, (62: 0.087644, ((63: 0.058059, (64: 0.007385, 65: 0.014872): 0.009600): 0.009859, (66: 0.014232, 67: 0.022915): 0.041444): 0.078800): 0.042651): 0.017790, (((12: 0.055017, 16: 0.124123): 0.057925, 18: 0.242652): 0.004616, (((((((20: 0.264262, 17: 0.129412): 0.042222, 23: 0.320375): 0.000004, 21: 0.183531): 0.000004, (19: 0.136992, 13: 0.128760): 0.002457): 0.000004, ((54: 0.037958, 53: 0.100779): 0.049043, (15: 0.093461, 22: 0.094874): 0.005198): 0.012184): 0.000004, (14: 0.126427, (((((33: 0.037431, 34: 0.014907): 0.000004, (35: 0.007387, (37: 0.000004, 38: 0.007399): 0.000004): 0.007402): 0.000004, 36: 0.045041): 0.022467, 39: 0.045768): 0.043364, ((((((40: 0.099291, 41: 0.070660): 0.021446, 42: 0.098761): 0.026504, 44: 0.121843): 0.000004, ((46: 0.014998, 47: 0.000004): 0.000004, 48: 0.022568): 0.057969): 0.000004, ((27: 0.044969, (29: 0.000004, 30: 0.000004): 0.061558): 0.027681, ((32: 0.079252, (28: 0.048197, 31: 0.092811): 0.025365): 0.000004, ((24: 0.026006, 25: 0.042014): 0.025069, 26: 0.031875): 0.041049): 0.000004): 0.031262): 0.016042, ((49: 0.069007, (50: 0.014989, 51: 0.000004): 0.061819): 0.039216, 45: 0.125114): 0.000004): 0.047948): 0.000004): 0.039156): 0.000004, (43: 0.117961, 52: 0.136082): 0.028072): 0.009426): 0.131200): 0.072659);

((((((Apteryx_rowi: 0.000004, Apteryx_australis_mantelli: 0.000004): 0.042397, (Dromaius_novaehollandiae: 0.045912, Casuarius_casuarius: 0.000004): 0.065328): 0.022611, Rhea_americana: 0.118779): 0.015789, Struthio_camelus_australis: 0.084447): 0.017133, Nothoprocta_perdicaria: 0.335466): 0.058623, (((Alectura_lathami: 0.139808, (((((Colinus_virginianus: 0.031416, Callipepla_squamata: 0.028506): 0.029719, Odontophorus_gujanensis: 0.087270): 0.066155, (Coturnix_japonica: 0.224348, ((Meleagris_gallopavo: 0.231872, ((Lyrurus_tetrix: 0.082870, (Tympanuchus_cupido: 0.040334, Centrocercus_minimus: 0.046794): 0.020062): 0.010666, Lagopus_muta: 0.009703): 0.091643): 0.057123, ((Pavo_cristatus: 0.108427, Gallus_gallus: 0.086667): 0.016400, ((Chrysolophus_pictus: 0.067182, Phasianus_colchicus: 0.100630): 0.000004, Syrmaticus_mikado: 0.075178): 0.116870): 0.000004): 0.025492): 0.094612): 0.012483, Numida_meleagris: 0.197584): 0.090503, Penelope_pileata: 0.100575): 0.010190): 0.079573, (Anseranas_semipalmata: 0.087644, ((Oxyura_jamaicensis: 0.058059, (Cygnus_atratus: 0.007385, Anser_cygnoides: 0.014872): 0.009600): 0.009859, (Aythya_fuligula: 0.014232, Anas_platyrhynchos: 0.022915): 0.041444): 0.078800): 0.042651): 0.017790, (((Corythaeola_cristata: 0.055017, Tauraco_erythrolophus: 0.124123): 0.057925, Cuculus_canorus: 0.242652): 0.004616, (((((((Picoides_pubescens: 0.264262, Apaloderma_vittatum: 0.129412): 0.042222, Colius_striatus: 0.320375): 0.000004, Buceros_rhinoceros: 0.183531): 0.000004, (Merops_nubicus: 0.136992, Leptosomus_discolor: 0.128760): 0.002457): 0.000004, ((Melopsittacus_undulatus: 0.037958, Nestor_notabilis: 0.100779): 0.049043, (Athene_cunicularia: 0.093461, Tyto_alba_alba: 0.094874): 0.005198): 0.012184): 0.000004, (Acanthisitta_chloris: 0.126427, (((((Corapipo_altera: 0.037431, Chiroxiphia_lanceolata: 0.014907): 0.000004, (Pipra_filicauda: 0.007387, (Lepidothrix_coronata: 0.000004, Manacus_vitellinus: 0.007399): 0.000004): 0.007402): 0.000004, Neopelma_chrysocephalum: 0.045041): 0.022467, Empidonax_traillii: 0.045768): 0.043364, ((((((Catharus_ustulatus: 0.099291, Ficedula_albicollis: 0.070660): 0.021446, Sturnus_vulgaris: 0.098761): 0.026504, Stachyridopsis_ruficeps: 0.121843): 0.000004, ((Parus_major: 0.014998, Cyanistes_caeruleus: 0.000004): 0.000004, Pseudopodoces_humilis: 0.022568): 0.057969): 0.000004, ((Zonotrichia_albicollis: 0.044969, (Camarhynchus_parvulus: 0.000004, Geospiza_fortis: 0.000004): 0.061558): 0.027681, ((Passer_domesticus: 0.079252, (Molothrus_ater: 0.048197, Serinus_canaria: 0.092811): 0.025365): 0.000004, ((Lonchura_Striata_domestica: 0.026006, Taeniopygia_guttata: 0.042014): 0.025069, Erythrura_gouldiae: 0.031875): 0.041049): 0.000004): 0.031262): 0.016042, ((Oriolus_oriolus: 0.069007, (Corvus_brachyrhynchos: 0.014989, Corvus_moneduloides: 0.000004): 0.061819): 0.039216, Malurus_cyaneus: 0.125114): 0.000004): 0.047948): 0.000004): 0.039156): 0.000004, (Columba_livia: 0.117961, Opisthocomus_hoazin: 0.136082): 0.028072): 0.009426): 0.131200): 0.072659);

Detailed output identifying parameters

w (dN/dS) for branches:  0.20785 1.29390 0.40250

dN & dS for each branch

 branch          t       N       S   dN/dS      dN      dS  N*dN  S*dS

  74..75     0.059   321.3   104.7  0.2078  0.0101  0.0485   3.2   5.1
  75..76     0.017   321.3   104.7  0.2078  0.0029  0.0142   0.9   1.5
  76..77     0.016   321.3   104.7  0.2078  0.0027  0.0131   0.9   1.4
  77..78     0.023   321.3   104.7  0.2078  0.0039  0.0187   1.3   2.0
  78..79     0.042   321.3   104.7  0.2078  0.0073  0.0351   2.3   3.7
  79..55     0.000   321.3   104.7  0.2078  0.0000  0.0000   0.0   0.0
  79..56     0.000   321.3   104.7  0.2078  0.0000  0.0000   0.0   0.0
  78..80     0.065   321.3   104.7  0.2078  0.0112  0.0541   3.6   5.7
  80..57     0.046   321.3   104.7  0.2078  0.0079  0.0380   2.5   4.0
  80..58     0.000   321.3   104.7  0.2078  0.0000  0.0000   0.0   0.0
  77..60     0.119   321.3   104.7  0.2078  0.0204  0.0983   6.6  10.3
  76..61     0.084   321.3   104.7  0.2078  0.0145  0.0699   4.7   7.3
  75..59     0.335   321.3   104.7  0.2078  0.0577  0.2778  18.5  29.1
  74..81     0.073   321.3   104.7  0.2078  0.0125  0.0602   4.0   6.3
  81..82     0.018   321.3   104.7  0.2078  0.0031  0.0147   1.0   1.5
  82..83     0.080   321.3   104.7  0.2078  0.0137  0.0659   4.4   6.9
  83..68     0.140   321.3   104.7  0.2078  0.0241  0.1158   7.7  12.1
  83..84     0.010   321.3   104.7  0.2078  0.0018  0.0084   0.6   0.9
  84..85     0.091   321.3   104.7  0.2078  0.0156  0.0749   5.0   7.8
  85..86     0.012   321.3   104.7  0.2078  0.0021  0.0103   0.7   1.1
  86..87     0.066   321.3   104.7  0.2078  0.0114  0.0548   3.7   5.7
  87..88     0.030   321.3   104.7  0.2078  0.0051  0.0246   1.6   2.6
  88..70     0.031   321.3   104.7  0.2078  0.0054  0.0260   1.7   2.7
  88..71     0.029   321.3   104.7  0.2078  0.0049  0.0236   1.6   2.5
  87..72     0.087   321.3   104.7  1.2939  0.0308  0.0238   9.9   2.5
  86..89     0.095   321.3   104.7  0.2078  0.0163  0.0783   5.2   8.2
  89..1      0.224   321.3   104.7  1.2939  0.0792  0.0612  25.4   6.4
  89..90     0.025   321.3   104.7  0.2078  0.0044  0.0211   1.4   2.2
  90..91     0.057   321.3   104.7  0.2078  0.0098  0.0473   3.2   5.0
  91..2      0.232   321.3   104.7  1.2939  0.0819  0.0633  26.3   6.6
  91..92     0.092   321.3   104.7  1.2939  0.0324  0.0250  10.4   2.6
  92..93     0.011   321.3   104.7  0.4025  0.0026  0.0065   0.8   0.7
  93..6      0.083   321.3   104.7  0.4025  0.0202  0.0503   6.5   5.3
  93..94     0.020   321.3   104.7  0.4025  0.0049  0.0122   1.6   1.3
  94..8      0.040   321.3   104.7  0.4025  0.0099  0.0245   3.2   2.6
  94..9      0.047   321.3   104.7  0.4025  0.0114  0.0284   3.7   3.0
  92..7      0.010   321.3   104.7  0.4025  0.0024  0.0059   0.8   0.6
  90..95     0.000   321.3   104.7  0.2078  0.0000  0.0000   0.0   0.0
  95..96     0.016   321.3   104.7  0.2078  0.0028  0.0136   0.9   1.4
  96..10     0.108   321.3   104.7  1.2939  0.0383  0.0296  12.3   3.1
  96..11     0.087   321.3   104.7  1.2939  0.0306  0.0236   9.8   2.5
  95..97     0.117   321.3   104.7  0.2078  0.0201  0.0968   6.5  10.1
  97..98     0.000   321.3   104.7  0.2078  0.0000  0.0000   0.0   0.0
  98..3      0.067   321.3   104.7  0.2078  0.0116  0.0556   3.7   5.8
  98..5      0.101   321.3   104.7  0.2078  0.0173  0.0833   5.6   8.7
  97..4      0.075   321.3   104.7  1.2939  0.0265  0.0205   8.5   2.1
  85..73     0.198   321.3   104.7  1.2939  0.0698  0.0539  22.4   5.6
  84..69     0.101   321.3   104.7  0.2078  0.0173  0.0833   5.6   8.7
  82..99     0.043   321.3   104.7  0.2078  0.0073  0.0353   2.4   3.7
  99..62     0.088   321.3   104.7  0.2078  0.0151  0.0726   4.8   7.6
  99..100    0.079   321.3   104.7  0.2078  0.0136  0.0652   4.4   6.8
 100..101    0.010   321.3   104.7  0.2078  0.0017  0.0082   0.5   0.9
 101..63     0.058   321.3   104.7  0.2078  0.0100  0.0481   3.2   5.0
 101..102    0.010   321.3   104.7  0.2078  0.0017  0.0079   0.5   0.8
 102..64     0.007   321.3   104.7  0.2078  0.0013  0.0061   0.4   0.6
 102..65     0.015   321.3   104.7  0.2078  0.0026  0.0123   0.8   1.3
 100..103    0.041   321.3   104.7  0.2078  0.0071  0.0343   2.3   3.6
 103..66     0.014   321.3   104.7  0.2078  0.0024  0.0118   0.8   1.2
 103..67     0.023   321.3   104.7  0.2078  0.0039  0.0190   1.3   2.0
  81..104    0.131   321.3   104.7  0.2078  0.0226  0.1086   7.3  11.4
 104..105    0.005   321.3   104.7  0.2078  0.0008  0.0038   0.3   0.4
 105..106    0.058   321.3   104.7  0.2078  0.0100  0.0480   3.2   5.0
 106..12     0.055   321.3   104.7  0.2078  0.0095  0.0456   3.0   4.8
 106..16     0.124   321.3   104.7  0.2078  0.0214  0.1028   6.9  10.8
 105..18     0.243   321.3   104.7  0.2078  0.0418  0.2009  13.4  21.0
 104..107    0.009   321.3   104.7  0.2078  0.0016  0.0078   0.5   0.8
 107..108    0.000   321.3   104.7  0.2078  0.0000  0.0000   0.0   0.0
 108..109    0.000   321.3   104.7  0.2078  0.0000  0.0000   0.0   0.0
 109..110    0.000   321.3   104.7  0.2078  0.0000  0.0000   0.0   0.0
 110..111    0.000   321.3   104.7  0.2078  0.0000  0.0000   0.0   0.0
 111..112    0.000   321.3   104.7  0.2078  0.0000  0.0000   0.0   0.0
 112..113    0.042   321.3   104.7  0.2078  0.0073  0.0350   2.3   3.7
 113..20     0.264   321.3   104.7  0.2078  0.0455  0.2188  14.6  22.9
 113..17     0.129   321.3   104.7  0.2078  0.0223  0.1072   7.2  11.2
 112..23     0.320   321.3   104.7  0.2078  0.0551  0.2653  17.7  27.8
 111..21     0.184   321.3   104.7  0.2078  0.0316  0.1520  10.1  15.9
 110..114    0.002   321.3   104.7  0.2078  0.0004  0.0020   0.1   0.2
 114..19     0.137   321.3   104.7  0.2078  0.0236  0.1134   7.6  11.9
 114..13     0.129   321.3   104.7  0.2078  0.0222  0.1066   7.1  11.2
 109..115    0.012   321.3   104.7  0.2078  0.0021  0.0101   0.7   1.1
 115..116    0.049   321.3   104.7  0.2078  0.0084  0.0406   2.7   4.3
 116..54     0.038   321.3   104.7  0.2078  0.0065  0.0314   2.1   3.3
 116..53     0.101   321.3   104.7  0.2078  0.0173  0.0834   5.6   8.7
 115..117    0.005   321.3   104.7  0.2078  0.0009  0.0043   0.3   0.5
 117..15     0.093   321.3   104.7  0.2078  0.0161  0.0774   5.2   8.1
 117..22     0.095   321.3   104.7  0.2078  0.0163  0.0786   5.2   8.2
 108..118    0.039   321.3   104.7  0.2078  0.0067  0.0324   2.2   3.4
 118..14     0.126   321.3   104.7  0.2078  0.0218  0.1047   7.0  11.0
 118..119    0.000   321.3   104.7  0.2078  0.0000  0.0000   0.0   0.0
 119..120    0.043   321.3   104.7  0.2078  0.0075  0.0359   2.4   3.8
 120..121    0.022   321.3   104.7  0.2078  0.0039  0.0186   1.2   1.9
 121..122    0.000   321.3   104.7  0.2078  0.0000  0.0000   0.0   0.0
 122..123    0.000   321.3   104.7  0.2078  0.0000  0.0000   0.0   0.0
 123..33     0.037   321.3   104.7  0.2078  0.0064  0.0310   2.1   3.2
 123..34     0.015   321.3   104.7  0.2078  0.0026  0.0123   0.8   1.3
 122..124    0.007   321.3   104.7  0.2078  0.0013  0.0061   0.4   0.6
 124..35     0.007   321.3   104.7  0.2078  0.0013  0.0061   0.4   0.6
 124..125    0.000   321.3   104.7  0.2078  0.0000  0.0000   0.0   0.0
 125..37     0.000   321.3   104.7  0.2078  0.0000  0.0000   0.0   0.0
 125..38     0.007   321.3   104.7  0.2078  0.0013  0.0061   0.4   0.6
 121..36     0.045   321.3   104.7  0.2078  0.0078  0.0373   2.5   3.9
 120..39     0.046   321.3   104.7  0.2078  0.0079  0.0379   2.5   4.0
 119..126    0.048   321.3   104.7  0.2078  0.0083  0.0397   2.7   4.2
 126..127    0.016   321.3   104.7  0.2078  0.0028  0.0133   0.9   1.4
 127..128    0.000   321.3   104.7  0.2078  0.0000  0.0000   0.0   0.0
 128..129    0.000   321.3   104.7  0.2078  0.0000  0.0000   0.0   0.0
 129..130    0.027   321.3   104.7  0.2078  0.0046  0.0219   1.5   2.3
 130..131    0.021   321.3   104.7  0.2078  0.0037  0.0178   1.2   1.9
 131..40     0.099   321.3   104.7  0.2078  0.0171  0.0822   5.5   8.6
 131..41     0.071   321.3   104.7  0.2078  0.0122  0.0585   3.9   6.1
 130..42     0.099   321.3   104.7  0.2078  0.0170  0.0818   5.5   8.6
 129..44     0.122   321.3   104.7  0.2078  0.0210  0.1009   6.7  10.6
 128..132    0.058   321.3   104.7  0.2078  0.0100  0.0480   3.2   5.0
 132..133    0.000   321.3   104.7  0.2078  0.0000  0.0000   0.0   0.0
 133..46     0.015   321.3   104.7  0.2078  0.0026  0.0124   0.8   1.3
 133..47     0.000   321.3   104.7  0.2078  0.0000  0.0000   0.0   0.0
 132..48     0.023   321.3   104.7  0.2078  0.0039  0.0187   1.2   2.0
 127..134    0.031   321.3   104.7  0.2078  0.0054  0.0259   1.7   2.7
 134..135    0.028   321.3   104.7  0.2078  0.0048  0.0229   1.5   2.4
 135..27     0.045   321.3   104.7  0.2078  0.0077  0.0372   2.5   3.9
 135..136    0.062   321.3   104.7  0.2078  0.0106  0.0510   3.4   5.3
 136..29     0.000   321.3   104.7  0.2078  0.0000  0.0000   0.0   0.0
 136..30     0.000   321.3   104.7  0.2078  0.0000  0.0000   0.0   0.0
 134..137    0.000   321.3   104.7  0.2078  0.0000  0.0000   0.0   0.0
 137..138    0.000   321.3   104.7  0.2078  0.0000  0.0000   0.0   0.0
 138..32     0.079   321.3   104.7  0.2078  0.0136  0.0656   4.4   6.9
 138..139    0.025   321.3   104.7  0.2078  0.0044  0.0210   1.4   2.2
 139..28     0.048   321.3   104.7  0.2078  0.0083  0.0399   2.7   4.2
 139..31     0.093   321.3   104.7  0.2078  0.0160  0.0768   5.1   8.0
 137..140    0.041   321.3   104.7  0.2078  0.0071  0.0340   2.3   3.6
 140..141    0.025   321.3   104.7  0.2078  0.0043  0.0208   1.4   2.2
 141..24     0.026   321.3   104.7  0.2078  0.0045  0.0215   1.4   2.3
 141..25     0.042   321.3   104.7  0.2078  0.0072  0.0348   2.3   3.6
 140..26     0.032   321.3   104.7  0.2078  0.0055  0.0264   1.8   2.8
 126..142    0.000   321.3   104.7  0.2078  0.0000  0.0000   0.0   0.0
 142..143    0.039   321.3   104.7  0.2078  0.0067  0.0325   2.2   3.4
 143..49     0.069   321.3   104.7  0.2078  0.0119  0.0571   3.8   6.0
 143..144    0.062   321.3   104.7  0.2078  0.0106  0.0512   3.4   5.4
 144..50     0.015   321.3   104.7  0.2078  0.0026  0.0124   0.8   1.3
 144..51     0.000   321.3   104.7  0.2078  0.0000  0.0000   0.0   0.0
 142..45     0.125   321.3   104.7  0.2078  0.0215  0.1036   6.9  10.8
 107..145    0.028   321.3   104.7  0.2078  0.0048  0.0232   1.6   2.4
 145..43     0.118   321.3   104.7  0.2078  0.0203  0.0977   6.5  10.2
 145..52     0.136   321.3   104.7  0.2078  0.0234  0.1127   7.5  11.8

tree length for dN:       1.6011
tree length for dS:       6.0112

dS tree:
((((((Apteryx_rowi: 0.000003, Apteryx_australis_mantelli: 0.000003): 0.035104, (Dromaius_novaehollandiae: 0.038014, Casuarius_casuarius: 0.000003): 0.054090): 0.018722, Rhea_americana: 0.098347): 0.013073, Struthio_camelus_australis: 0.069921): 0.014186, Nothoprocta_perdicaria: 0.277759): 0.048539, (((Alectura_lathami: 0.115759, (((((Colinus_virginianus: 0.026012, Callipepla_squamata: 0.023602): 0.024606, Odontophorus_gujanensis: 0.023812): 0.054775, (Coturnix_japonica: 0.061214, ((Meleagris_gallopavo: 0.063267, ((Lyrurus_tetrix: 0.050280, (Tympanuchus_cupido: 0.024472, Centrocercus_minimus: 0.028392): 0.012172): 0.006471, Lagopus_muta: 0.005887): 0.025005): 0.047297, ((Pavo_cristatus: 0.029585, Gallus_gallus: 0.023647): 0.013579, ((Chrysolophus_pictus: 0.055625, Phasianus_colchicus: 0.083320): 0.000003, Syrmaticus_mikado: 0.020513): 0.096766): 0.000003): 0.021107): 0.078337): 0.010336, Numida_meleagris: 0.053912): 0.074935, Penelope_pileata: 0.083275): 0.008437): 0.065885, (Anseranas_semipalmata: 0.072568, ((Oxyura_jamaicensis: 0.048072, (Cygnus_atratus: 0.006115, Anser_cygnoides: 0.012314): 0.007949): 0.008163, (Aythya_fuligula: 0.011784, Anas_platyrhynchos: 0.018973): 0.034315): 0.065245): 0.035315): 0.014730, (((Corythaeola_cristata: 0.045553, Tauraco_erythrolophus: 0.102772): 0.047961, Cuculus_canorus: 0.200911): 0.003822, (((((((Picoides_pubescens: 0.218804, Apaloderma_vittatum: 0.107151): 0.034959, Colius_striatus: 0.265265): 0.000003, Buceros_rhinoceros: 0.151960): 0.000003, (Merops_nubicus: 0.113427, Leptosomus_discolor: 0.106611): 0.002035): 0.000003, ((Melopsittacus_undulatus: 0.031428, Nestor_notabilis: 0.083443): 0.040607, (Athene_cunicularia: 0.077384, Tyto_alba_alba: 0.078554): 0.004304): 0.010088): 0.000003, (Acanthisitta_chloris: 0.104679, (((((Corapipo_altera: 0.030992, Chiroxiphia_lanceolata: 0.012343): 0.000003, (Pipra_filicauda: 0.006117, (Lepidothrix_coronata: 0.000003, Manacus_vitellinus: 0.006126): 0.000003): 0.006129): 0.000003, Neopelma_chrysocephalum: 0.037293): 0.018602, Empidonax_traillii: 0.037895): 0.035904, ((((((Catharus_ustulatus: 0.082211, Ficedula_albicollis: 0.058505): 0.017757, Sturnus_vulgaris: 0.081773): 0.021945, Stachyridopsis_ruficeps: 0.100884): 0.000003, ((Parus_major: 0.012418, Cyanistes_caeruleus: 0.000003): 0.000003, Pseudopodoces_humilis: 0.018686): 0.047997): 0.000003, ((Zonotrichia_albicollis: 0.037233, (Camarhynchus_parvulus: 0.000003, Geospiza_fortis: 0.000003): 0.050969): 0.022920, ((Passer_domesticus: 0.065619, (Molothrus_ater: 0.039906, Serinus_canaria: 0.076845): 0.021001): 0.000003, ((Lonchura_Striata_domestica: 0.021533, Taeniopygia_guttata: 0.034787): 0.020756, Erythrura_gouldiae: 0.026392): 0.033988): 0.000003): 0.025885): 0.013283, ((Oriolus_oriolus: 0.057137, (Corvus_brachyrhynchos: 0.012411, Corvus_moneduloides: 0.000003): 0.051185): 0.032470, Malurus_cyaneus: 0.103592): 0.000003): 0.039700): 0.000003): 0.032420): 0.000003, (Columba_livia: 0.097669, Opisthocomus_hoazin: 0.112673): 0.023243): 0.007805): 0.108631): 0.060160);
dN tree:
((((((Apteryx_rowi: 0.000001, Apteryx_australis_mantelli: 0.000001): 0.007296, (Dromaius_novaehollandiae: 0.007901, Casuarius_casuarius: 0.000001): 0.011243): 0.003891, Rhea_americana: 0.020441): 0.002717, Struthio_camelus_australis: 0.014533): 0.002948, Nothoprocta_perdicaria: 0.057731): 0.010089, (((Alectura_lathami: 0.024060, (((((Colinus_virginianus: 0.005406, Callipepla_squamata: 0.004906): 0.005114, Odontophorus_gujanensis: 0.030811): 0.011385, (Coturnix_japonica: 0.079205, ((Meleagris_gallopavo: 0.081862, ((Lyrurus_tetrix: 0.020238, (Tympanuchus_cupido: 0.009850, Centrocercus_minimus: 0.011428): 0.004899): 0.002605, Lagopus_muta: 0.002369): 0.032354): 0.009830, ((Pavo_cristatus: 0.038280, Gallus_gallus: 0.030597): 0.002822, ((Chrysolophus_pictus: 0.011562, Phasianus_colchicus: 0.017318): 0.000001, Syrmaticus_mikado: 0.026541): 0.020113): 0.000001): 0.004387): 0.016282): 0.002148, Numida_meleagris: 0.069757): 0.015575, Penelope_pileata: 0.017308): 0.001754): 0.013694, (Anseranas_semipalmata: 0.015083, ((Oxyura_jamaicensis: 0.009992, (Cygnus_atratus: 0.001271, Anser_cygnoides: 0.002559): 0.001652): 0.001697, (Aythya_fuligula: 0.002449, Anas_platyrhynchos: 0.003944): 0.007132): 0.013561): 0.007340): 0.003062, (((Corythaeola_cristata: 0.009468, Tauraco_erythrolophus: 0.021361): 0.009969, Cuculus_canorus: 0.041759): 0.000794, (((((((Picoides_pubescens: 0.045478, Apaloderma_vittatum: 0.022271): 0.007266, Colius_striatus: 0.055134): 0.000001, Buceros_rhinoceros: 0.031584): 0.000001, (Merops_nubicus: 0.023575, Leptosomus_discolor: 0.022159): 0.000423): 0.000001, ((Melopsittacus_undulatus: 0.006532, Nestor_notabilis: 0.017343): 0.008440, (Athene_cunicularia: 0.016084, Tyto_alba_alba: 0.016327): 0.000895): 0.002097): 0.000001, (Acanthisitta_chloris: 0.021757, (((((Corapipo_altera: 0.006442, Chiroxiphia_lanceolata: 0.002565): 0.000001, (Pipra_filicauda: 0.001271, (Lepidothrix_coronata: 0.000001, Manacus_vitellinus: 0.001273): 0.000001): 0.001274): 0.000001, Neopelma_chrysocephalum: 0.007751): 0.003866, Empidonax_traillii: 0.007876): 0.007463, ((((((Catharus_ustulatus: 0.017087, Ficedula_albicollis: 0.012160): 0.003691, Sturnus_vulgaris: 0.016996): 0.004561, Stachyridopsis_ruficeps: 0.020968): 0.000001, ((Parus_major: 0.002581, Cyanistes_caeruleus: 0.000001): 0.000001, Pseudopodoces_humilis: 0.003884): 0.009976): 0.000001, ((Zonotrichia_albicollis: 0.007739, (Camarhynchus_parvulus: 0.000001, Geospiza_fortis: 0.000001): 0.010594): 0.004764, ((Passer_domesticus: 0.013639, (Molothrus_ater: 0.008294, Serinus_canaria: 0.015972): 0.004365): 0.000001, ((Lonchura_Striata_domestica: 0.004476, Taeniopygia_guttata: 0.007230): 0.004314, Erythrura_gouldiae: 0.005485): 0.007064): 0.000001): 0.005380): 0.002761, ((Oriolus_oriolus: 0.011876, (Corvus_brachyrhynchos: 0.002580, Corvus_moneduloides: 0.000001): 0.010639): 0.006749, Malurus_cyaneus: 0.021531): 0.000001): 0.008251): 0.000001): 0.006738): 0.000001, (Columba_livia: 0.020300, Opisthocomus_hoazin: 0.023419): 0.004831): 0.001622): 0.022579): 0.012504);

w ratios as labels for TreeView:
((((((Apteryx_rowi #0.207847 , Apteryx_australis_mantelli #0.207847 ) #0.207847 , (Dromaius_novaehollandiae #0.207847 , Casuarius_casuarius #0.207847 ) #0.207847 ) #0.207847 , Rhea_americana #0.207847 ) #0.207847 , Struthio_camelus_australis #0.207847 ) #0.207847 , Nothoprocta_perdicaria #0.207847 ) #0.207847 , (((Alectura_lathami #0.207847 , (((((Colinus_virginianus #0.207847 , Callipepla_squamata #0.207847 ) #0.207847 , Odontophorus_gujanensis #1.2939 ) #0.207847 , (Coturnix_japonica #1.2939 , ((Meleagris_gallopavo #1.2939 , ((Lyrurus_tetrix #0.402498 , (Tympanuchus_cupido #0.402498 , Centrocercus_minimus #0.402498 ) #0.402498 ) #0.402498 , Lagopus_muta #0.402498 ) #1.2939 ) #0.207847 , ((Pavo_cristatus #1.2939 , Gallus_gallus #1.2939 ) #0.207847 , ((Chrysolophus_pictus #0.207847 , Phasianus_colchicus #0.207847 ) #0.207847 , Syrmaticus_mikado #1.2939 ) #0.207847 ) #0.207847 ) #0.207847 ) #0.207847 ) #0.207847 , Numida_meleagris #1.2939 ) #0.207847 , Penelope_pileata #0.207847 ) #0.207847 ) #0.207847 , (Anseranas_semipalmata #0.207847 , ((Oxyura_jamaicensis #0.207847 , (Cygnus_atratus #0.207847 , Anser_cygnoides #0.207847 ) #0.207847 ) #0.207847 , (Aythya_fuligula #0.207847 , Anas_platyrhynchos #0.207847 ) #0.207847 ) #0.207847 ) #0.207847 ) #0.207847 , (((Corythaeola_cristata #0.207847 , Tauraco_erythrolophus #0.207847 ) #0.207847 , Cuculus_canorus #0.207847 ) #0.207847 , (((((((Picoides_pubescens #0.207847 , Apaloderma_vittatum #0.207847 ) #0.207847 , Colius_striatus #0.207847 ) #0.207847 , Buceros_rhinoceros #0.207847 ) #0.207847 , (Merops_nubicus #0.207847 , Leptosomus_discolor #0.207847 ) #0.207847 ) #0.207847 , ((Melopsittacus_undulatus #0.207847 , Nestor_notabilis #0.207847 ) #0.207847 , (Athene_cunicularia #0.207847 , Tyto_alba_alba #0.207847 ) #0.207847 ) #0.207847 ) #0.207847 , (Acanthisitta_chloris #0.207847 , (((((Corapipo_altera #0.207847 , Chiroxiphia_lanceolata #0.207847 ) #0.207847 , (Pipra_filicauda #0.207847 , (Lepidothrix_coronata #0.207847 , Manacus_vitellinus #0.207847 ) #0.207847 ) #0.207847 ) #0.207847 , Neopelma_chrysocephalum #0.207847 ) #0.207847 , Empidonax_traillii #0.207847 ) #0.207847 , ((((((Catharus_ustulatus #0.207847 , Ficedula_albicollis #0.207847 ) #0.207847 , Sturnus_vulgaris #0.207847 ) #0.207847 , Stachyridopsis_ruficeps #0.207847 ) #0.207847 , ((Parus_major #0.207847 , Cyanistes_caeruleus #0.207847 ) #0.207847 , Pseudopodoces_humilis #0.207847 ) #0.207847 ) #0.207847 , ((Zonotrichia_albicollis #0.207847 , (Camarhynchus_parvulus #0.207847 , Geospiza_fortis #0.207847 ) #0.207847 ) #0.207847 , ((Passer_domesticus #0.207847 , (Molothrus_ater #0.207847 , Serinus_canaria #0.207847 ) #0.207847 ) #0.207847 , ((Lonchura_Striata_domestica #0.207847 , Taeniopygia_guttata #0.207847 ) #0.207847 , Erythrura_gouldiae #0.207847 ) #0.207847 ) #0.207847 ) #0.207847 ) #0.207847 , ((Oriolus_oriolus #0.207847 , (Corvus_brachyrhynchos #0.207847 , Corvus_moneduloides #0.207847 ) #0.207847 ) #0.207847 , Malurus_cyaneus #0.207847 ) #0.207847 ) #0.207847 ) #0.207847 ) #0.207847 ) #0.207847 , (Columba_livia #0.207847 , Opisthocomus_hoazin #0.207847 ) #0.207847 ) #0.207847 ) #0.207847 ) #0.207847 );


Time used: 33:49
