

TREE # 1

  0  0.0000   6903.337821  x:  0.07973   0.04975   0.07867   0.03797   0.04099   0.06054   0.05635   0.09967   0.03211   0.02222   0.06695   0.01664   0.01025   0.10074   0.09826   0.10532   0.03766   0.04978   0.10395   0.01995   0.05609   0.08032   0.10841   0.09580   0.06385   0.04569   0.06975   0.07891   0.02521   0.02822   0.01800   0.06593   0.01683   0.08812   0.06088   0.05249   0.09084   0.01087   0.02418   0.06342   0.10932   0.06374   0.06901   0.01341   0.07990   0.04763   0.10311   0.02146   0.09704   0.10501   0.07839   0.07756   0.06887   0.01996   0.04183   0.03509   0.08403   0.02125   0.08208   0.07730   0.04847   0.07436   0.08878   0.08135   0.09666   0.02343   0.01691   0.07841   0.05705   0.01903   0.02324   0.54622   0.43283   0.46544  
  1 99.0000   5757.203977  x:  0.11250   0.39131   0.18346   0.12639   0.22825   0.10354   0.16726   0.12405   0.12067   0.31120   0.04131   0.00521   0.08265   0.14578   0.11452   0.19075   0.61770   0.11810   0.21336   0.59929   0.04497   0.07410   0.09049   0.08056   0.05028   0.09388   0.10633   0.08888   0.24997   0.09376   0.03285   0.09616   0.21705   0.10329   0.09776   0.11100   0.07047   0.18360   0.03394   0.04607   0.11299   0.07593   0.09011   0.11011   0.05503   0.02989   0.08320   0.03618   0.07279   0.07642   0.06004   0.05182   0.04372   0.00119   0.01319   0.00640   0.05551   0.00206   0.07229   0.05967   0.02812   0.04594   0.06253   0.05280   0.07249   0.00334   0.00000   0.04991   0.09867   0.00286   0.01963   0.54715   0.44873   0.46684  
  2 5271.9356   5732.023478  x:  0.11519   0.41923   0.19207   0.13361   0.24357   0.10707   0.17638   0.12608   0.12789   0.33473   0.03913   0.00429   0.08850   0.14954   0.11588   0.19771   0.66503   0.12364   0.22228   0.64651   0.04398   0.07358   0.08896   0.07923   0.04912   0.09785   0.10934   0.08969   0.26827   0.09908   0.03403   0.09865   0.23331   0.10456   0.10081   0.11583   0.06873   0.19761   0.03472   0.04460   0.11329   0.07694   0.09185   0.11797   0.05291   0.02842   0.08152   0.03737   0.07073   0.07398   0.05849   0.04964   0.04159   0.00000   0.01075   0.00395   0.05308   0.00077   0.07146   0.05817   0.02641   0.04352   0.06029   0.05036   0.07044   0.00199   0.01758   0.04749   0.10209   0.00170   0.01934   0.54721   0.45009   0.46696  
  3 113431.1192   5716.488999  x:  0.11650   0.42886   0.19662   0.13600   0.24923   0.10882   0.18112   0.12773   0.12978   0.34016   0.03566   0.00517   0.08837   0.15293   0.11721   0.19928   0.67951   0.12426   0.22477   0.65920   0.04089   0.07307   0.08635   0.07605   0.04736   0.09988   0.11075   0.09003   0.27257   0.09972   0.03323   0.10023   0.23594   0.10579   0.10299   0.11876   0.06579   0.19919   0.03441   0.04241   0.11364   0.07790   0.09284   0.11913   0.04938   0.02774   0.07927   0.03736   0.06763   0.07011   0.05637   0.04644   0.03858   0.04291   0.00681   0.00000   0.04916   0.02817   0.07040   0.05608   0.02452   0.03961   0.05681   0.04643   0.06730   0.00804   0.02084   0.04359   0.10368   0.01036   0.01976   0.54661   0.45218   0.46715  
  4 2630.1454   5697.560794  x:  0.11755   0.43249   0.20090   0.13666   0.25196   0.11029   0.18545   0.12990   0.12946   0.33774   0.02964   0.00653   0.08468   0.15762   0.11911   0.19847   0.68202   0.12228   0.22468   0.65811   0.03501   0.07234   0.08184   0.07016   0.04446   0.10168   0.11184   0.09022   0.27081   0.09795   0.03087   0.10195   0.23194   0.10756   0.10560   0.12189   0.06069   0.19432   0.03334   0.03881   0.11417   0.07922   0.09365   0.11724   0.04324   0.02595   0.07509   0.03725   0.06244   0.06348   0.05262   0.04116   0.03370   0.04355   0.00000   0.00000   0.04238   0.02688   0.06828   0.05207   0.02168   0.03286   0.05088   0.03964   0.06200   0.00799   0.02083   0.03683   0.10495   0.01121   0.01949   0.54529   0.45570   0.46749  
  5 690.8109   5687.097444  x:  0.11789   0.43494   0.20314   0.13690   0.25367   0.11096   0.18743   0.13079   0.12928   0.33605   0.02437   0.00000   0.08206   0.15948   0.11977   0.19784   0.68410   0.12077   0.22463   0.65754   0.03014   0.07219   0.07862   0.06520   0.04334   0.10228   0.11218   0.09014   0.26974   0.09700   0.03024   0.10256   0.22914   0.10833   0.10659   0.12301   0.05674   0.19078   0.03374   0.03728   0.11443   0.07947   0.09382   0.11620   0.03848   0.02647   0.07253   0.03796   0.05930   0.05842   0.05085   0.03856   0.03206   0.04424   0.00000   0.00000   0.03674   0.02637   0.06738   0.05012   0.02276   0.02726   0.04661   0.03399   0.05841   0.00852   0.02083   0.03120   0.10562   0.00928   0.01951   0.54467   0.45802   0.46783  
  6 2557.2656   5665.804822  x:  0.11771   0.44005   0.20621   0.13692   0.25696   0.11157   0.18924   0.13122   0.12905   0.33270   0.01185   0.00083   0.07651   0.16019   0.11963   0.19642   0.68948   0.11734   0.22464   0.65701   0.01808   0.07267   0.07165   0.05274   0.04309   0.10210   0.11192   0.08951   0.26796   0.09571   0.03122   0.10252   0.22333   0.10886   0.10683   0.12298   0.04751   0.18308   0.03711   0.03628   0.11472   0.07849   0.09329   0.11467   0.02730   0.03152   0.06797   0.04115   0.05375   0.04676   0.04910   0.03559   0.03266   0.04595   0.00000   0.00000   0.02273   0.02602   0.06681   0.04796   0.03182   0.01336   0.03734   0.01995   0.05109   0.01063   0.02085   0.01723   0.10659   0.00000   0.02012   0.54407   0.46257   0.46880  
  7 2638.1561   5644.920673  x:  0.11732   0.44470   0.20859   0.13683   0.25988   0.11194   0.19033   0.13128   0.12889   0.32973   0.00000   0.00142   0.07147   0.16007   0.11915   0.19511   0.69465   0.11416   0.22467   0.65675   0.00668   0.07330   0.06529   0.04093   0.04336   0.10159   0.11145   0.08882   0.26647   0.09472   0.03265   0.10217   0.21809   0.10910   0.10659   0.12241   0.03891   0.17604   0.04074   0.03592   0.11493   0.07726   0.09261   0.11346   0.01689   0.03695   0.06404   0.04442   0.04899   0.03594   0.04797   0.03350   0.03416   0.04621   0.00000   0.00000   0.00950   0.02499   0.06660   0.04647   0.04154   0.00023   0.02887   0.00668   0.04452   0.01246   0.02083   0.00403   0.10740   0.00039   0.02113   0.54370   0.46662   0.46974  
  8 10500.9160   5644.661202  x:  0.11731   0.44475   0.20859   0.13682   0.25990   0.11193   0.19031   0.13126   0.12889   0.32969   0.00000   0.00142   0.07142   0.16004   0.11914   0.19509   0.69472   0.11412   0.22467   0.65676   0.00649   0.07331   0.06522   0.04072   0.04339   0.10157   0.11144   0.08881   0.26646   0.09472   0.03265   0.10216   0.21803   0.10909   0.10658   0.12239   0.03878   0.17596   0.04072   0.03595   0.11493   0.07724   0.09261   0.11345   0.01674   0.03694   0.06402   0.04438   0.04898   0.03582   0.04799   0.03353   0.03420   0.04622   0.00000   0.00000   0.00928   0.02500   0.06660   0.04649   0.04155   0.00000   0.02881   0.00646   0.04447   0.01233   0.02083   0.00381   0.10741   0.00039   0.02115   0.54371   0.46666   0.46976  
  9 1797.5022   5641.289735  x:  0.11709   0.44531   0.20839   0.13666   0.26016   0.11180   0.18995   0.13108   0.12895   0.32914   0.00000   0.00148   0.07076   0.15966   0.11899   0.19482   0.69582   0.11344   0.22469   0.65689   0.00315   0.07356   0.06431   0.03718   0.04388   0.10133   0.11124   0.08877   0.26641   0.09481   0.03251   0.10205   0.21728   0.10896   0.10651   0.12221   0.03698   0.17474   0.04027   0.03651   0.11494   0.07721   0.09248   0.11336   0.01456   0.03628   0.06402   0.04373   0.04917   0.03453   0.04831   0.03403   0.03451   0.04610   0.00000   0.00000   0.00547   0.02503   0.06663   0.04724   0.04092   0.00000   0.02852   0.00263   0.04423   0.01307   0.02083   0.00000   0.10764   0.00039   0.02091   0.54402   0.46707   0.47015  
 10 2654.1622   5639.566519  x:  0.11705   0.44547   0.20827   0.13658   0.26022   0.11177   0.18985   0.13108   0.12900   0.32891   0.00000   0.00149   0.07054   0.15965   0.11902   0.19467   0.69633   0.11307   0.22469   0.65695   0.00082   0.07364   0.06394   0.03470   0.04398   0.10129   0.11119   0.08880   0.26641   0.09485   0.03237   0.10209   0.21695   0.10901   0.10662   0.12224   0.03604   0.17416   0.04046   0.03664   0.11496   0.07723   0.09232   0.11325   0.01333   0.03629   0.06411   0.04416   0.04931   0.03434   0.04839   0.03398   0.03440   0.04607   0.00000   0.00000   0.00286   0.02507   0.06671   0.04778   0.04058   0.00000   0.02871   0.00000   0.04434   0.01311   0.02083   0.00000   0.10779   0.00037   0.02125   0.54432   0.46719   0.47045  
 11 2671.9574   5639.110591  x:  0.11705   0.44551   0.20824   0.13656   0.26024   0.11176   0.18983   0.13109   0.12901   0.32884   0.00000   0.00149   0.07048   0.15966   0.11903   0.19462   0.69648   0.11295   0.22469   0.65698   0.00000   0.07367   0.06384   0.03382   0.04400   0.10128   0.11118   0.08880   0.26641   0.09485   0.03233   0.10211   0.21686   0.10904   0.10665   0.12226   0.03576   0.17399   0.04052   0.03666   0.11496   0.07722   0.09226   0.11321   0.01293   0.03632   0.06414   0.04423   0.04933   0.03432   0.04838   0.03395   0.03437   0.04607   0.00000   0.00000   0.00195   0.02507   0.06674   0.04794   0.04055   0.00000   0.02876   0.00000   0.04437   0.01309   0.02083   0.00000   0.10785   0.00038   0.02114   0.54442   0.46722   0.47057  
 12 9192.1799   5638.373062  x:  0.11707   0.44556   0.20822   0.13652   0.26025   0.11176   0.18984   0.13111   0.12903   0.32875   0.00000   0.00149   0.07041   0.15969   0.11905   0.19455   0.69674   0.11274   0.22469   0.65703   0.00000   0.07371   0.06366   0.03192   0.04405   0.10126   0.11116   0.08880   0.26642   0.09485   0.03229   0.10212   0.21672   0.10908   0.10671   0.12228   0.03526   0.17371   0.04054   0.03670   0.11497   0.07721   0.09213   0.11312   0.01215   0.03634   0.06415   0.04412   0.04932   0.03434   0.04832   0.03390   0.03435   0.04607   0.00000   0.00000   0.00000   0.02506   0.06676   0.04817   0.04059   0.00000   0.02880   0.00000   0.04440   0.01309   0.02083   0.00000   0.10797   0.00038   0.02118   0.54461   0.46724   0.47083  
 13 9091.5993   5631.328620  x:  0.11736   0.44624   0.20855   0.13628   0.26063   0.11183   0.19014   0.13098   0.12896   0.32771   0.00000   0.00148   0.06963   0.15942   0.11870   0.19386   0.69939   0.11015   0.22471   0.65775   0.00000   0.07433   0.06128   0.00000   0.04359   0.10148   0.11057   0.08865   0.26660   0.09434   0.03122   0.10181   0.21531   0.10901   0.10686   0.12207   0.02991   0.17093   0.03917   0.03803   0.11508   0.07737   0.09122   0.11210   0.00200   0.03431   0.06334   0.04734   0.04865   0.03324   0.04975   0.03513   0.03496   0.04603   0.00000   0.00000   0.00000   0.02520   0.06636   0.05037   0.04055   0.00000   0.02696   0.00000   0.04315   0.01311   0.02085   0.00000   0.10952   0.00037   0.02089   0.54633   0.46764   0.47545  
 14 2735.8957   5630.390466  x:  0.11712   0.44677   0.20881   0.13635   0.26099   0.11178   0.18990   0.13058   0.12879   0.32735   0.00000   0.00148   0.06922   0.15901   0.11850   0.19391   0.69980   0.10963   0.22477   0.65793   0.00000   0.07462   0.06011   0.00000   0.04341   0.10160   0.11026   0.08874   0.26662   0.09425   0.03101   0.10188   0.21501   0.10902   0.10690   0.12188   0.02933   0.17060   0.04110   0.03858   0.11506   0.07746   0.09112   0.11196   0.00000   0.03482   0.06292   0.04712   0.04892   0.03107   0.04986   0.03517   0.03465   0.04599   0.00000   0.00000   0.00000   0.02522   0.06653   0.05186   0.03910   0.00000   0.02647   0.00000   0.04229   0.01320   0.02085   0.00000   0.10993   0.00036   0.02086   0.54582   0.46809   0.47772  
 15 208.8924   5620.239766  x:  0.10983   0.46316   0.20725   0.13526   0.27006   0.11055   0.18403   0.13055   0.12941   0.31570   0.00000   0.00183   0.05396   0.16045   0.12254   0.19260   0.71603   0.09876   0.22575   0.65882   0.00000   0.07333   0.03980   0.00000   0.05325   0.09578   0.10802   0.08997   0.26505   0.09749   0.03303   0.10482   0.20093   0.11391   0.11161   0.12414   0.00534   0.15318   0.01780   0.03516   0.11507   0.07413   0.08284   0.10971   0.00000   0.04551   0.06490   0.05535   0.05337   0.00272   0.04605   0.02258   0.03103   0.04484   0.00000   0.00000   0.00000   0.02675   0.07347   0.07147   0.04063   0.00000   0.03740   0.00000   0.04363   0.01273   0.02092   0.00000   0.11446   0.00035   0.02005   0.53578   0.48275   0.51361  
 16 122.8659   5617.939491  x:  0.10833   0.46720   0.20730   0.13501   0.27232   0.11033   0.18302   0.13054   0.12956   0.31281   0.00000   0.00196   0.05006   0.16046   0.12304   0.19210   0.72006   0.09631   0.22594   0.65873   0.00000   0.07329   0.03536   0.00000   0.05512   0.09473   0.10758   0.09002   0.26437   0.09792   0.03318   0.10506   0.19720   0.11435   0.11228   0.12443   0.00000   0.14852   0.01657   0.03535   0.11517   0.07369   0.08187   0.10922   0.00000   0.04569   0.06462   0.05647   0.05361   0.00544   0.04594   0.02176   0.03103   0.04465   0.00000   0.00000   0.00000   0.02702   0.07419   0.07387   0.04076   0.00000   0.03754   0.00000   0.04268   0.01268   0.02093   0.00000   0.11509   0.00035   0.01994   0.53362   0.48638   0.51984  
 17 381.3015   5610.853449  x:  0.10154   0.50700   0.20057   0.12759   0.29124   0.11065   0.18327   0.14727   0.13835   0.27859   0.00000   0.00331   0.01214   0.17826   0.13703   0.17974   0.77812   0.06178   0.22711   0.65448   0.00000   0.06823   0.01909   0.00000   0.07766   0.08410   0.11148   0.08810   0.25638   0.10195   0.02806   0.10490   0.14934   0.11929   0.12878   0.13955   0.00000   0.08037   0.04425   0.04716   0.11972   0.07144   0.06690   0.09597   0.00000   0.00000   0.07512   0.06690   0.04605   0.00423   0.04480   0.03504   0.03887   0.04365   0.00000   0.00000   0.00000   0.02984   0.07236   0.06915   0.06907   0.00000   0.05759   0.00000   0.06246   0.01121   0.02104   0.00000   0.12014   0.00040   0.01887   0.53170   0.52194   0.58143  
 18 328.7038   5608.494467  x:  0.10116   0.51696   0.19889   0.12535   0.29571   0.11117   0.18516   0.15322   0.14125   0.26920   0.00000   0.00367   0.00327   0.18442   0.14098   0.17577   0.79490   0.05181   0.22733   0.65308   0.00000   0.06670   0.01873   0.00000   0.08270   0.08240   0.11330   0.08729   0.25418   0.10233   0.02351   0.10404   0.13623   0.11934   0.13365   0.14469   0.00000   0.06101   0.04815   0.05298   0.12137   0.07273   0.06452   0.09169   0.00000   0.00165   0.07848   0.06821   0.04284   0.00411   0.04745   0.04509   0.04213   0.04317   0.00000   0.00000   0.00000   0.03057   0.06866   0.06265   0.07136   0.00000   0.06189   0.00000   0.06918   0.01110   0.02106   0.00000   0.12137   0.00040   0.01866   0.53350   0.53075   0.59667  
 19 734.8670   5605.364619  x:  0.10363   0.52952   0.19566   0.11725   0.30031   0.11076   0.18461   0.15722   0.14742   0.24965   0.00000   0.00446   0.03706   0.18505   0.14083   0.16258   0.83156   0.02539   0.22650   0.63979   0.00000   0.07526   0.03360   0.00000   0.08421   0.08971   0.11264   0.08336   0.24523   0.10009   0.02528   0.10491   0.11173   0.11649   0.13584   0.14403   0.00000   0.04862   0.04914   0.05975   0.12262   0.07529   0.07229   0.08302   0.00000   0.00177   0.07903   0.07057   0.03935   0.00465   0.04499   0.04422   0.03996   0.04545   0.00000   0.00000   0.00000   0.02704   0.06853   0.05980   0.07326   0.00000   0.05866   0.00000   0.07144   0.01126   0.02110   0.00000   0.12369   0.00036   0.01864   0.55084   0.54566   0.61518  
 20 126.3528   5602.872008  x:  0.11180   0.53212   0.19135   0.11188   0.29843   0.10843   0.18688   0.15999   0.15027   0.22710   0.00000   0.00528   0.03034   0.18325   0.13627   0.14789   0.87216   0.00000   0.22518   0.61809   0.00000   0.07786   0.03459   0.00000   0.07830   0.09440   0.11329   0.07804   0.23498   0.09665   0.02398   0.10631   0.10434   0.11310   0.13671   0.14087   0.00000   0.07802   0.05017   0.06375   0.12301   0.07639   0.07661   0.07618   0.00000   0.00187   0.08056   0.07149   0.03825   0.00488   0.04248   0.04217   0.03635   0.04811   0.00000   0.00000   0.00000   0.02298   0.06723   0.05307   0.07510   0.00000   0.05449   0.00000   0.07740   0.01155   0.02114   0.00000   0.12466   0.00032   0.01874   0.58256   0.55464   0.62799  
 21 104.1242   5600.357746  x:  0.12651   0.51763   0.19054   0.11673   0.28894   0.10646   0.19116   0.15674   0.15032   0.21448   0.00000   0.00633   0.02604   0.17742   0.12646   0.14397   0.92566   0.00727   0.22876   0.58044   0.00000   0.07407   0.03496   0.00000   0.05613   0.09432   0.11512   0.07315   0.22489   0.09321   0.02794   0.10763   0.13448   0.11199   0.13438   0.13196   0.00000   0.06343   0.05004   0.05935   0.12065   0.07457   0.07928   0.08063   0.00000   0.00177   0.07784   0.07061   0.04096   0.00501   0.04053   0.03333   0.03106   0.04927   0.00000   0.00000   0.00000   0.02112   0.06665   0.04770   0.07365   0.00000   0.04064   0.00000   0.08096   0.01225   0.02117   0.00000   0.12287   0.00027   0.01907   0.63504   0.55375   0.63714  
 22 67.6959   5599.257356  x:  0.12614   0.50326   0.19181   0.11967   0.28346   0.10921   0.19203   0.15383   0.14838   0.22671   0.00000   0.00699   0.03047   0.18258   0.13107   0.14942   0.94845   0.01884   0.23002   0.55985   0.00000   0.07147   0.03095   0.00000   0.05263   0.09168   0.11543   0.08012   0.22646   0.09465   0.01656   0.10327   0.12515   0.11669   0.13468   0.13562   0.00000   0.06760   0.05177   0.05120   0.12008   0.07549   0.07312   0.08283   0.00000   0.00196   0.07267   0.07014   0.03521   0.00512   0.04086   0.03519   0.03638   0.04623   0.00000   0.00000   0.00000   0.02562   0.06660   0.05456   0.07369   0.00000   0.03171   0.00000   0.07698   0.01253   0.02117   0.00000   0.12029   0.00026   0.01898   0.65758   0.54621   0.63953  
 23 40.3869   5598.665499  x:  0.12305   0.49275   0.19477   0.12002   0.28038   0.11150   0.19385   0.15304   0.14591   0.23855   0.00000   0.00741   0.02718   0.18709   0.13501   0.15297   0.95900   0.02181   0.22940   0.54968   0.00000   0.07191   0.03299   0.00000   0.05457   0.09338   0.11455   0.08374   0.23029   0.09569   0.03169   0.10390   0.11735   0.11941   0.13488   0.14061   0.00000   0.06905   0.05275   0.04796   0.12037   0.07674   0.07305   0.08245   0.00000   0.00203   0.06831   0.07098   0.03543   0.00530   0.04209   0.03802   0.03562   0.04556   0.00000   0.00000   0.00000   0.02656   0.06522   0.05396   0.07067   0.00000   0.02796   0.00000   0.07137   0.01295   0.02117   0.00000   0.11994   0.00022   0.01899   0.66812   0.53802   0.64046  
 24 46.1093   5597.445603  x:  0.11261   0.47670   0.20243   0.11718   0.27816   0.11354   0.19602   0.15339   0.14026   0.26061   0.00000   0.00840   0.01966   0.18820   0.13646   0.15752   0.96562   0.01403   0.22593   0.54331   0.00000   0.07684   0.04049   0.00000   0.06319   0.09847   0.11022   0.08221   0.24065   0.09138   0.02262   0.11046   0.11711   0.11185   0.13037   0.14402   0.00000   0.06586   0.05455   0.04989   0.12107   0.07372   0.07880   0.08103   0.00000   0.00194   0.06164   0.07290   0.04247   0.00583   0.03938   0.03379   0.02786   0.04896   0.00000   0.00000   0.00000   0.02156   0.06607   0.04328   0.07319   0.00000   0.03032   0.00000   0.05405   0.01326   0.02123   0.00000   0.12105   0.00013   0.01919   0.67338   0.51901   0.63918  
 25 28.3871   5595.454822  x:  0.11021   0.46900   0.21092   0.11556   0.28101   0.11402   0.20042   0.15962   0.13761   0.26757   0.00000   0.00967   0.02578   0.18931   0.13512   0.16145   0.95877   0.00238   0.22376   0.54664   0.00000   0.07194   0.03462   0.00000   0.05833   0.09562   0.11362   0.07672   0.24491   0.08544   0.02460   0.10994   0.12778   0.11210   0.13283   0.14335   0.00000   0.06682   0.05806   0.05347   0.12184   0.07956   0.07584   0.07813   0.00000   0.00206   0.06405   0.07453   0.03046   0.00664   0.03817   0.03263   0.03157   0.04940   0.00000   0.00000   0.00000   0.02081   0.06133   0.04004   0.07199   0.00000   0.03563   0.00000   0.04218   0.01403   0.02128   0.00000   0.12242   0.00000   0.01974   0.66716   0.50418   0.63365  
 26 24.1295   5595.454822  x:  0.11021   0.46900   0.21092   0.11556   0.28101   0.11402   0.20042   0.15962   0.13761   0.26757   0.00000   0.00967   0.02578   0.18931   0.13512   0.16145   0.95877   0.00238   0.22376   0.54664   0.00000   0.07194   0.03462   0.00000   0.05833   0.09562   0.11362   0.07672   0.24491   0.08544   0.02460   0.10994   0.12778   0.11210   0.13283   0.14335   0.00000   0.06682   0.05806   0.05347   0.12184   0.07956   0.07584   0.07813   0.00000   0.00206   0.06405   0.07453   0.03046   0.00664   0.03817   0.03263   0.03157   0.04940   0.00000   0.00000   0.00000   0.02081   0.06133   0.04004   0.07199   0.00000   0.03563   0.00000   0.04218   0.01403   0.02128   0.00000   0.12242   0.00000   0.01974   0.66716   0.50418   0.63365  
 27 43.5731   5589.116050  x:  0.11088   0.47153   0.21303   0.11651   0.28270   0.11468   0.20232   0.16005   0.13772   0.26819   0.00000   0.00901   0.02540   0.19075   0.13557   0.16196   0.96083   0.00294   0.22432   0.54903   0.00000   0.07176   0.03321   0.00000   0.05669   0.09672   0.11412   0.07695   0.24526   0.08512   0.02383   0.11063   0.12812   0.11281   0.13367   0.14442   0.00000   0.06762   0.05659   0.05174   0.12191   0.08004   0.07673   0.07830   0.00000   0.01808   0.06235   0.07301   0.02915   0.00635   0.03662   0.03041   0.02940   0.04715   0.00000   0.00000   0.00000   0.01857   0.06068   0.03904   0.06931   0.00000   0.03293   0.00000   0.03993   0.01230   0.01902   0.00000   0.12307   0.04385   0.02116   0.66584   0.50533   0.63373  
 28 2023.6784   5562.996614  x:  0.11612   0.49181   0.22995   0.12399   0.29610   0.11988   0.21745   0.16342   0.13857   0.27318   0.00000   0.00501   0.02245   0.20222   0.13911   0.16601   0.97747   0.00730   0.22877   0.56827   0.00000   0.07029   0.02231   0.00000   0.04376   0.10526   0.11797   0.07907   0.24811   0.08259   0.01794   0.11604   0.13084   0.11844   0.14050   0.15250   0.00000   0.07375   0.04497   0.03804   0.12247   0.08384   0.08213   0.08121   0.00000   0.02320   0.04788   0.06074   0.01934   0.00522   0.02526   0.01325   0.01265   0.02758   0.00000   0.00000   0.00000   0.00147   0.05468   0.02998   0.04774   0.00000   0.01138   0.00000   0.02223   0.00000   0.00168   0.00000   0.12726   0.04188   0.01549   0.65541   0.51450   0.63439  
 29 459.9355   5562.112104  x:  0.11639   0.49288   0.23084   0.12438   0.29681   0.12016   0.21824   0.16360   0.13861   0.27344   0.00000   0.00482   0.02230   0.20282   0.13930   0.16622   0.97834   0.00753   0.22901   0.56929   0.00000   0.07022   0.02174   0.00000   0.04308   0.10571   0.11817   0.07918   0.24826   0.08245   0.01763   0.11632   0.13098   0.11874   0.14086   0.15292   0.00000   0.07407   0.04436   0.03732   0.12250   0.08404   0.08242   0.08137   0.00000   0.02347   0.04713   0.06010   0.01883   0.00517   0.02467   0.01237   0.01179   0.02655   0.00000   0.00000   0.00000   0.00073   0.05437   0.02951   0.04661   0.00000   0.01026   0.00000   0.02130   0.00039   0.00091   0.00000   0.12748   0.04178   0.01520   0.65486   0.51498   0.63442  
 30 7468.5102   5554.163232  x:  0.11860   0.50157   0.23804   0.12754   0.30254   0.12236   0.22467   0.16503   0.13897   0.27557   0.00000   0.00376   0.02106   0.20770   0.14080   0.16792   0.98550   0.00934   0.23090   0.57754   0.00000   0.06960   0.01731   0.00000   0.03764   0.10929   0.11979   0.08006   0.24948   0.08138   0.01525   0.11860   0.13214   0.12112   0.14375   0.15634   0.00000   0.07661   0.03949   0.03156   0.12274   0.08563   0.08467   0.08260   0.00000   0.02559   0.04103   0.05493   0.01499   0.00494   0.02011   0.00563   0.00526   0.01828   0.00000   0.00000   0.00000   0.00337   0.05185   0.02582   0.03744   0.00000   0.00143   0.00000   0.01397   0.00114   0.00135   0.00000   0.12925   0.04104   0.01301   0.65038   0.51891   0.63471  
 31 3932.3867   5548.936407  x:  0.12074   0.51035   0.24520   0.13063   0.30829   0.12453   0.23106   0.16643   0.13932   0.27773   0.00000   0.00482   0.01986   0.21254   0.14227   0.16958   0.99282   0.01103   0.23277   0.58593   0.00000   0.06902   0.01368   0.00000   0.03248   0.11273   0.12135   0.08089   0.25071   0.08034   0.01330   0.12082   0.13327   0.12346   0.14659   0.15971   0.00000   0.07900   0.03488   0.02611   0.12297   0.08716   0.08681   0.08381   0.00000   0.02750   0.03520   0.04998   0.01240   0.00531   0.01657   0.00337   0.00360   0.01052   0.00000   0.00000   0.00000   0.00073   0.04944   0.02251   0.02831   0.00000   0.00436   0.00000   0.00781   0.00153   0.00678   0.00000   0.13098   0.04039   0.01156   0.64583   0.52288   0.63500  
 32 1614.4691   5543.290071  x:  0.12308   0.52024   0.25320   0.13404   0.31474   0.12693   0.23818   0.16799   0.13970   0.28017   0.00000   0.00628   0.01856   0.21795   0.14391   0.17140   1.00112   0.01285   0.23485   0.59539   0.00000   0.06840   0.01039   0.00000   0.02698   0.11648   0.12307   0.08178   0.25209   0.07919   0.01145   0.12326   0.13453   0.12606   0.14973   0.16344   0.00000   0.08156   0.02998   0.02033   0.12324   0.08883   0.08913   0.08514   0.00000   0.02956   0.02896   0.04461   0.01057   0.00583   0.01359   0.00592   0.00628   0.00268   0.00000   0.00000   0.00000   0.00297   0.04683   0.01916   0.01827   0.00000   0.00851   0.00000   0.00279   0.00189   0.00518   0.00000   0.13290   0.03968   0.01048   0.64068   0.52735   0.63534  
 33 2740.5767   5536.903185  x:  0.12637   0.53487   0.26482   0.13889   0.32421   0.13036   0.24852   0.17021   0.14023   0.28377   0.00000   0.00771   0.01676   0.22580   0.14625   0.17397   1.01356   0.01529   0.23786   0.60946   0.00000   0.06755   0.00835   0.00000   0.01994   0.12171   0.12547   0.08300   0.25412   0.07757   0.00969   0.12671   0.13634   0.12978   0.15423   0.16879   0.00000   0.08503   0.02368   0.01314   0.12363   0.09116   0.09231   0.08702   0.00000   0.03250   0.02091   0.03721   0.01073   0.00650   0.01276   0.00869   0.00897   0.00126   0.00000   0.00000   0.00000   0.00317   0.04331   0.01544   0.00477   0.00000   0.00906   0.00000   0.01183   0.00222   0.00599   0.00000   0.13563   0.03861   0.01025   0.63301   0.53397   0.63585  
 34 1453.0453   5534.645869  x:  0.12793   0.54212   0.27051   0.14122   0.32888   0.13202   0.25356   0.17128   0.14049   0.28555   0.00000   0.00819   0.01592   0.22963   0.14738   0.17519   1.01978   0.01642   0.23932   0.61646   0.00000   0.06715   0.00849   0.00000   0.01715   0.12419   0.12661   0.08356   0.25513   0.07681   0.00919   0.12835   0.13722   0.13157   0.15640   0.17138   0.00000   0.08664   0.02111   0.01060   0.12383   0.09226   0.09380   0.08792   0.00000   0.03387   0.01772   0.03389   0.01125   0.00668   0.01326   0.00955   0.00988   0.00631   0.00000   0.00000   0.00000   0.00340   0.04172   0.01421   0.00196   0.00000   0.00956   0.00000   0.01150   0.00233   0.00615   0.00000   0.13694   0.03806   0.01044   0.62919   0.53724   0.63611  
 35 1643.4308   5528.162305  x:  0.13276   0.56504   0.28836   0.14847   0.34358   0.13719   0.26939   0.17462   0.14127   0.29118   0.00000   0.00939   0.01336   0.24165   0.15091   0.17899   1.03956   0.01983   0.24389   0.63862   0.00000   0.06593   0.01031   0.00000   0.00958   0.13185   0.13012   0.08526   0.25829   0.07444   0.00821   0.13345   0.13995   0.13715   0.16315   0.17945   0.00000   0.09151   0.01403   0.00453   0.12447   0.09568   0.09835   0.09069   0.00000   0.03789   0.00912   0.02420   0.01371   0.00710   0.01567   0.01210   0.01249   0.01138   0.00000   0.00000   0.00000   0.00363   0.03695   0.01135   0.01040   0.00000   0.01017   0.00000   0.01370   0.00256   0.00705   0.00000   0.14101   0.03649   0.01160   0.61706   0.54760   0.63694  
 36 2325.5373   5508.629641  x:  0.14703   0.63942   0.34480   0.17052   0.39074   0.15306   0.31920   0.18481   0.14358   0.30941   0.00000   0.00974   0.00625   0.27947   0.16173   0.19030   1.10506   0.02914   0.25809   0.71107   0.00000   0.06208   0.02513   0.00000   0.01198   0.15466   0.14042   0.08991   0.26847   0.06748   0.01133   0.14870   0.14831   0.15412   0.18385   0.20431   0.00000   0.10509   0.01064   0.03285   0.12690   0.10608   0.11139   0.09879   0.00000   0.04826   0.01843   0.00631   0.02340   0.00640   0.02917   0.01550   0.01619   0.01214   0.00000   0.00000   0.00000   0.00365   0.02560   0.01637   0.01289   0.00000   0.01062   0.00000   0.01470   0.00297   0.00934   0.00000   0.15330   0.03219   0.01810   0.57714   0.58115   0.63972  
 37 1417.3431   5492.907905  x:  0.16151   0.72325   0.40691   0.19378   0.44323   0.16987   0.37373   0.19550   0.14589   0.32984   0.00000   0.00914   0.00000   0.32079   0.17315   0.20190   1.18039   0.03782   0.27329   0.79329   0.00000   0.05826   0.03510   0.00000   0.01766   0.17816   0.15073   0.09408   0.27981   0.06039   0.01464   0.16425   0.15699   0.17169   0.20578   0.23083   0.00000   0.11811   0.02289   0.04298   0.12926   0.11603   0.12425   0.10655   0.00000   0.05784   0.02303   0.04502   0.02984   0.00666   0.04163   0.01747   0.01842   0.01396   0.00000   0.00000   0.00000   0.00448   0.02115   0.02083   0.01536   0.00000   0.01301   0.00000   0.01679   0.00341   0.01068   0.00000   0.16599   0.02820   0.02300   0.53154   0.61882   0.64295  
 38 2190.1570   5482.836129  x:  0.15904   0.78635   0.44188   0.19831   0.47740   0.17368   0.40175   0.19658   0.14505   0.34387   0.00000   0.00518   0.01054   0.34126   0.17524   0.20093   1.24954   0.02960   0.27775   0.85971   0.00000   0.06146   0.02642   0.00000   0.03957   0.17749   0.14761   0.08818   0.28698   0.06267   0.01861   0.16249   0.15704   0.17199   0.21059   0.23837   0.00000   0.10939   0.04330   0.02440   0.12922   0.11092   0.11888   0.10115   0.00000   0.04499   0.03932   0.03412   0.01834   0.00382   0.03415   0.01460   0.01435   0.01888   0.00000   0.00000   0.00000   0.00834   0.08317   0.02775   0.01920   0.00000   0.02271   0.00000   0.02345   0.00375   0.00767   0.00000   0.16568   0.03249   0.01749   0.49408   0.64580   0.64610  
 39 371.0965   5478.955298  x:  0.14963   0.82270   0.45511   0.19393   0.49381   0.17044   0.40996   0.19307   0.14239   0.34993   0.00000   0.02328   0.01376   0.34621   0.17204   0.19468   1.29752   0.01642   0.27582   0.90090   0.00000   0.06539   0.02170   0.00000   0.04201   0.16664   0.13983   0.08076   0.28993   0.06686   0.01845   0.15439   0.15357   0.16496   0.20694   0.23551   0.00000   0.09595   0.04556   0.02222   0.12858   0.10259   0.10822   0.09270   0.00000   0.02869   0.04346   0.03289   0.02306   0.03199   0.03017   0.01841   0.01811   0.01919   0.00000   0.00000   0.00000   0.00504   0.09562   0.03043   0.01947   0.00000   0.01260   0.00000   0.02053   0.00324   0.00954   0.00000   0.16049   0.03825   0.01834   0.47347   0.66024   0.64842  
 40 334.6686   5471.159068  x:  0.13640   0.85428   0.46214   0.18610   0.50593   0.16435   0.41175   0.18761   0.13886   0.35361   0.00000   0.01826   0.01353   0.34592   0.16667   0.18594   1.34508   0.00000   0.27128   0.93873   0.00000   0.06873   0.02130   0.00000   0.03631   0.15129   0.12984   0.07320   0.29154   0.07131   0.01712   0.14387   0.14886   0.15498   0.20022   0.22869   0.00000   0.08165   0.03980   0.02620   0.12780   0.09364   0.09578   0.08336   0.00000   0.01486   0.04046   0.03535   0.02637   0.02403   0.02934   0.01969   0.02009   0.01853   0.00000   0.00000   0.00000   0.00400   0.09133   0.03080   0.01870   0.00000   0.01072   0.00000   0.01919   0.00320   0.01080   0.00000   0.15366   0.04304   0.01968   0.45838   0.67189   0.65083  
 41 372.4951   5464.637179  x:  0.10877   0.90460   0.46665   0.16979   0.52208   0.15129   0.40585   0.17684   0.13311   0.35706   0.00000   0.02275   0.01296   0.33840   0.15610   0.16955   1.43179   0.00000   0.26083   1.00263   0.00000   0.07038   0.02288   0.00000   0.03328   0.12340   0.11222   0.06557   0.29232   0.07760   0.02106   0.12687   0.14112   0.13711   0.18681   0.21294   0.00000   0.06780   0.03573   0.02676   0.12659   0.08332   0.07898   0.07181   0.00000   0.04568   0.04082   0.03550   0.02126   0.02246   0.02588   0.01049   0.01029   0.01934   0.00000   0.00000   0.00000   0.00910   0.07488   0.03632   0.01933   0.00000   0.02213   0.00000   0.02367   0.00330   0.00469   0.00000   0.14299   0.03265   0.01427   0.44541   0.68849   0.65557  
 42 388.6513   5461.108506  x:  0.09046   0.93248   0.46483   0.15959   0.52876   0.14304   0.39653   0.17067   0.13090   0.35730   0.00000   0.01897   0.01453   0.32961   0.15026   0.15938   1.48812   0.00000   0.25301   1.04061   0.00000   0.06859   0.02099   0.00000   0.03876   0.11060   0.10372   0.06727   0.29150   0.07933   0.02290   0.12060   0.13796   0.12854   0.17917   0.20240   0.00000   0.07180   0.04095   0.02045   0.12616   0.08335   0.07654   0.07308   0.00000   0.06637   0.04377   0.03304   0.01522   0.01669   0.02711   0.02176   0.02037   0.01820   0.00000   0.00000   0.00000   0.00362   0.06822   0.03468   0.01884   0.00000   0.01002   0.00000   0.01925   0.00317   0.01136   0.00000   0.13946   0.02538   0.01685   0.44812   0.69596   0.65897  
 43 325.0590   5457.313912  x:  0.06713   0.96420   0.45569   0.14761   0.53217   0.13328   0.37579   0.16459   0.13062   0.35459   0.00000   0.01507   0.01886   0.31212   0.14486   0.14648   1.56707   0.00000   0.24100   1.08824   0.00000   0.06533   0.01520   0.00000   0.04574   0.10572   0.09868   0.07750   0.28853   0.07832   0.01936   0.12077   0.13688   0.12344   0.17114   0.18890   0.00000   0.08858   0.04847   0.01473   0.12612   0.09139   0.08569   0.08629   0.00000   0.07000   0.04289   0.02947   0.03685   0.01615   0.03407   0.01747   0.01782   0.01549   0.00000   0.00000   0.00000   0.00428   0.06616   0.02129   0.01703   0.00000   0.01164   0.00000   0.01680   0.00324   0.01017   0.00000   0.13954   0.02384   0.02541   0.46636   0.70110   0.66427  
 44 238.0430   5452.865267  x:  0.04589   0.99802   0.43942   0.13800   0.53072   0.12476   0.34341   0.16130   0.13319   0.34797   0.00000   0.01783   0.02278   0.28642   0.14230   0.13376   1.66983   0.00000   0.22622   1.14412   0.00000   0.06449   0.02382   0.00000   0.04300   0.11376   0.10169   0.09101   0.28308   0.07461   0.01696   0.12900   0.13883   0.12607   0.16485   0.17575   0.00000   0.10547   0.04695   0.02645   0.12657   0.10257   0.10176   0.10332   0.00000   0.05726   0.03070   0.03130   0.01865   0.02033   0.03048   0.01628   0.01597   0.01761   0.00000   0.00000   0.00000   0.00578   0.06856   0.02180   0.01822   0.00000   0.01493   0.00000   0.02017   0.00330   0.00847   0.00000   0.14240   0.02880   0.01546   0.49822   0.70188   0.67182  
 45 249.5495   5450.521289  x:  0.04964   1.01362   0.42576   0.14063   0.52318   0.12499   0.31839   0.16509   0.13691   0.34023   0.00000   0.02025   0.01955   0.26870   0.14588   0.13236   1.74329   0.00000   0.21938   1.17663   0.00000   0.06560   0.01935   0.00000   0.03553   0.12645   0.11274   0.09228   0.27816   0.07210   0.02731   0.13673   0.14194   0.13487   0.16528   0.17397   0.00000   0.10156   0.03784   0.01694   0.12666   0.10265   0.10481   0.10441   0.00000   0.05163   0.04383   0.03259   0.01925   0.01680   0.02675   0.01594   0.01485   0.01746   0.00000   0.00000   0.00000   0.00582   0.06460   0.04167   0.01786   0.00000   0.01477   0.00000   0.01997   0.00307   0.00807   0.00000   0.14345   0.03048   0.01922   0.52042   0.69536   0.67797  
 46 153.4864   5447.867836  x:  0.07214   1.02252   0.40736   0.15244   0.50698   0.13157   0.29098   0.17509   0.14180   0.32927   0.00000   0.01893   0.01581   0.25243   0.15482   0.13931   1.83393   0.00000   0.21629   1.20781   0.00000   0.06614   0.01922   0.00000   0.03472   0.13823   0.12869   0.08387   0.27241   0.07006   0.01839   0.14170   0.14470   0.14442   0.16995   0.18000   0.00000   0.08496   0.03814   0.01938   0.12658   0.09545   0.09900   0.09249   0.00000   0.05879   0.04659   0.03312   0.02402   0.01560   0.03004   0.01598   0.01885   0.01726   0.00000   0.00000   0.00000   0.00487   0.06752   0.02842   0.01808   0.00000   0.01261   0.00000   0.01902   0.00317   0.00926   0.00000   0.14255   0.02847   0.00967   0.53961   0.67916   0.68650  
 47 138.6636   5447.043565  x:  0.08189   1.02411   0.39954   0.15744   0.49943   0.13466   0.28199   0.17930   0.14329   0.32511   0.00000   0.01830   0.01548   0.24788   0.15846   0.14291   1.87072   0.00000   0.21569   1.21881   0.00000   0.06601   0.02108   0.00000   0.03560   0.14108   0.13380   0.08000   0.27046   0.07010   0.01567   0.14254   0.14541   0.14721   0.17225   0.18319   0.00000   0.07991   0.03958   0.02088   0.12648   0.09289   0.09635   0.08799   0.00000   0.06085   0.04396   0.03282   0.02030   0.01646   0.03020   0.01642   0.01707   0.01699   0.00000   0.00000   0.00000   0.00506   0.06838   0.02262   0.01786   0.00000   0.01314   0.00000   0.01898   0.00320   0.00895   0.00000   0.14250   0.02723   0.02072   0.54498   0.67117   0.69015  
 48 280.7596   5445.670749  x:  0.09883   1.01664   0.38430   0.16525   0.48193   0.14086   0.27960   0.18604   0.14259   0.32022   0.00000   0.01415   0.02059   0.25165   0.16346   0.15177   1.93530   0.00000   0.21730   1.22968   0.00000   0.06329   0.02275   0.00000   0.04242   0.13530   0.13376   0.07431   0.26945   0.07470   0.02451   0.13815   0.14450   0.14561   0.17766   0.19119   0.00000   0.08713   0.04651   0.02078   0.12606   0.09340   0.09529   0.08546   0.00000   0.05895   0.02941   0.02968   0.02272   0.01824   0.03106   0.01964   0.01259   0.01557   0.00000   0.00000   0.00000   0.00490   0.06344   0.02914   0.01646   0.00000   0.01337   0.00000   0.01790   0.00313   0.00906   0.00000   0.14472   0.02796   0.01964   0.54133   0.65034   0.69751  
 49 91.3826   5444.449005  x:  0.11210   1.00543   0.36997   0.17114   0.46467   0.14570   0.28405   0.19066   0.14016   0.31704   0.00000   0.01593   0.02306   0.25975   0.16614   0.15969   1.99664   0.00000   0.21895   1.23648   0.00000   0.06210   0.01958   0.00000   0.04348   0.12824   0.12980   0.07259   0.26979   0.07732   0.02309   0.13370   0.14323   0.14189   0.18248   0.19794   0.00000   0.09715   0.04645   0.02028   0.12583   0.09661   0.09722   0.08766   0.00000   0.05585   0.03126   0.02931   0.01894   0.01686   0.03019   0.01047   0.02089   0.01652   0.00000   0.00000   0.00000   0.00557   0.05840   0.02981   0.01718   0.00000   0.01414   0.00000   0.01910   0.00312   0.00817   0.00000   0.14776   0.02901   0.01986   0.53291   0.62829   0.70496  
 50 167.6870   5443.185403  x:  0.12415   0.99005   0.35456   0.17626   0.44554   0.14986   0.29337   0.19387   0.13654   0.31475   0.00000   0.01916   0.02291   0.27098   0.16717   0.16746   2.06619   0.00000   0.22026   1.24175   0.00000   0.06297   0.01795   0.00000   0.03986   0.12193   0.12331   0.07406   0.27105   0.07788   0.01634   0.13039   0.14216   0.13766   0.18707   0.20391   0.00000   0.10661   0.04102   0.01995   0.12583   0.10107   0.10107   0.09254   0.00000   0.05403   0.04094   0.03125   0.01683   0.01405   0.02747   0.01723   0.01369   0.01785   0.00000   0.00000   0.00000   0.00577   0.05664   0.02661   0.01829   0.00000   0.01487   0.00000   0.02012   0.00316   0.00800   0.00000   0.15124   0.02968   0.01809   0.52111   0.60229   0.71381  
 51 256.0959   5442.300913  x:  0.12776   0.97385   0.34585   0.17702   0.43324   0.15022   0.30625   0.19193   0.13359   0.31580   0.00000   0.01664   0.01810   0.28090   0.16415   0.17035   2.12040   0.00000   0.21953   1.24153   0.00000   0.06652   0.02850   0.00000   0.03305   0.12435   0.11686   0.07998   0.27330   0.07417   0.02070   0.13349   0.14314   0.13783   0.18808   0.20425   0.00000   0.10477   0.03500   0.02003   0.12645   0.10288   0.10394   0.09685   0.00000   0.05854   0.04116   0.03361   0.02118   0.01480   0.02680   0.01614   0.01579   0.01577   0.00000   0.00000   0.00000   0.00501   0.06571   0.02562   0.01655   0.00000   0.01318   0.00000   0.01825   0.00311   0.00869   0.00000   0.15240   0.02805   0.01927   0.51096   0.58168   0.72153  
 52 113.2383   5441.516079  x:  0.12710   0.95646   0.34355   0.17585   0.42665   0.14883   0.32147   0.18680   0.13263   0.31982   0.00000   0.01411   0.01314   0.28977   0.15937   0.17035   2.16857   0.00000   0.21777   1.23742   0.00000   0.06603   0.01915   0.00000   0.03070   0.13362   0.11252   0.08649   0.27649   0.06821   0.02100   0.14024   0.14544   0.14146   0.18679   0.20149   0.00000   0.09660   0.03762   0.02336   0.12742   0.10236   0.10496   0.09911   0.00000   0.06083   0.03704   0.03276   0.01948   0.01593   0.03425   0.01652   0.01566   0.01573   0.00000   0.00000   0.00000   0.00497   0.06646   0.02802   0.01676   0.00000   0.01331   0.00000   0.01800   0.00309   0.00880   0.00000   0.15150   0.02724   0.02000   0.50351   0.56468   0.72920  
 53 99.5198   5440.927199  x:  0.12454   0.94027   0.34805   0.17436   0.42646   0.14744   0.33523   0.18106   0.13484   0.32585   0.00000   0.01703   0.01496   0.29606   0.15580   0.16888   2.20791   0.00000   0.21623   1.23051   0.00000   0.06336   0.02273   0.00000   0.03813   0.14298   0.11248   0.08979   0.27987   0.06493   0.01814   0.14630   0.14775   0.14651   0.18461   0.19822   0.00000   0.08979   0.04175   0.01959   0.12806   0.10067   0.10414   0.09857   0.00000   0.05904   0.03610   0.03076   0.01979   0.01259   0.02927   0.01620   0.01557   0.01597   0.00000   0.00000   0.00000   0.00506   0.05848   0.02723   0.01676   0.00000   0.01327   0.00000   0.01834   0.00308   0.00858   0.00000   0.14959   0.02792   0.01931   0.50118   0.55354   0.73632  
 54 82.8943   5440.449376  x:  0.12134   0.92457   0.36100   0.17372   0.43380   0.14691   0.34592   0.17642   0.14025   0.33292   0.00000   0.01171   0.02116   0.29878   0.15531   0.16692   2.24194   0.00000   0.21595   1.21974   0.00000   0.06224   0.02090   0.00000   0.03733   0.14585   0.11784   0.08700   0.28291   0.06924   0.02248   0.14735   0.14862   0.15038   0.18273   0.19662   0.00000   0.09281   0.03848   0.02087   0.12793   0.09952   0.10160   0.09545   0.00000   0.05914   0.03882   0.03183   0.01908   0.01547   0.02643   0.01664   0.01583   0.01673   0.00000   0.00000   0.00000   0.00518   0.05619   0.02239   0.01734   0.00000   0.01406   0.00000   0.01890   0.00317   0.00872   0.00000   0.14793   0.02790   0.01885   0.50593   0.54950   0.74366  
 55 49.4988   5439.862424  x:  0.11690   0.90387   0.38190   0.17373   0.44716   0.14648   0.35743   0.17189   0.14715   0.34122   0.00000   0.01610   0.02342   0.30003   0.15613   0.16438   2.28588   0.00000   0.21653   1.20295   0.00000   0.06298   0.02256   0.00000   0.03377   0.14493   0.12648   0.08085   0.28587   0.07435   0.01779   0.14534   0.14836   0.15269   0.18115   0.19620   0.00000   0.09936   0.03639   0.02140   0.12734   0.09885   0.09891   0.09186   0.00000   0.06044   0.03738   0.03279   0.01987   0.01165   0.03253   0.01630   0.01550   0.01541   0.00000   0.00000   0.00000   0.00490   0.05949   0.02613   0.01643   0.00000   0.01298   0.00000   0.01779   0.00307   0.00869   0.00000   0.14689   0.02740   0.01972   0.51433   0.54830   0.75400  
 56 95.3766   5439.421392  x:  0.11351   0.89020   0.39954   0.17461   0.46005   0.14629   0.36154   0.17238   0.14843   0.34375   0.00000   0.01231   0.01040   0.29837   0.15794   0.16303   2.31727   0.00000   0.21843   1.18793   0.00000   0.06474   0.02297   0.00000   0.03280   0.14003   0.13153   0.07773   0.28530   0.07188   0.01527   0.14168   0.14699   0.15050   0.18279   0.19885   0.00000   0.10001   0.04045   0.02111   0.12687   0.10013   0.10138   0.09274   0.00000   0.05965   0.03716   0.03170   0.02036   0.01343   0.02831   0.01629   0.01575   0.01584   0.00000   0.00000   0.00000   0.00501   0.05885   0.02797   0.01663   0.00000   0.01358   0.00000   0.01817   0.00309   0.00872   0.00000   0.14918   0.02762   0.01977   0.51846   0.55316   0.76262  
 57 54.9756   5439.197349  x:  0.11151   0.88404   0.40908   0.17475   0.46783   0.14661   0.36124   0.17473   0.14751   0.34392   0.00000   0.01553   0.00646   0.29683   0.15973   0.16261   2.33387   0.00000   0.22028   1.17853   0.00000   0.06475   0.02233   0.00000   0.03427   0.13725   0.13250   0.07810   0.28377   0.06897   0.02070   0.14025   0.14634   0.14848   0.18493   0.20122   0.00000   0.09756   0.03991   0.02097   0.12680   0.10099   0.10404   0.09416   0.00000   0.05857   0.03689   0.03164   0.01926   0.01108   0.02958   0.01623   0.01514   0.01576   0.00000   0.00000   0.00000   0.00503   0.05827   0.02439   0.01659   0.00000   0.01335   0.00000   0.01812   0.00308   0.00849   0.00000   0.15120   0.02803   0.01931   0.51830   0.55852   0.76792  
 58 58.3188   5438.851342  x:  0.10824   0.87765   0.42240   0.17418   0.48031   0.14805   0.35639   0.18147   0.14372   0.34250   0.00000   0.01297   0.01353   0.29413   0.16362   0.16264   2.35823   0.00000   0.22447   1.16225   0.00000   0.06340   0.02237   0.00000   0.03608   0.13510   0.13040   0.08228   0.28002   0.06311   0.01898   0.14024   0.14589   0.14478   0.18966   0.20567   0.00000   0.09092   0.03534   0.02053   0.12716   0.10215   0.10854   0.09734   0.00000   0.05956   0.03630   0.03243   0.01914   0.01186   0.03129   0.01614   0.01532   0.01533   0.00000   0.00000   0.00000   0.00494   0.05692   0.02597   0.01627   0.00000   0.01335   0.00000   0.01775   0.00306   0.00860   0.00000   0.15450   0.02765   0.01947   0.51326   0.57121   0.77717  
 59 49.8393   5438.639527  x:  0.10648   0.87774   0.42791   0.17365   0.48695   0.14886   0.35108   0.18569   0.13932   0.33985   0.00000   0.01432   0.01581   0.29342   0.16459   0.16282   2.37128   0.00000   0.22702   1.15172   0.00000   0.06324   0.02127   0.00000   0.03160   0.13852   0.12624   0.08514   0.27859   0.06648   0.01887   0.14337   0.14703   0.14579   0.19189   0.20748   0.00000   0.09221   0.03873   0.02264   0.12771   0.10199   0.10788   0.09713   0.00000   0.06078   0.03577   0.03225   0.02067   0.00957   0.02768   0.01635   0.01575   0.01570   0.00000   0.00000   0.00000   0.00478   0.05660   0.02600   0.01650   0.00000   0.01284   0.00000   0.01781   0.00304   0.00873   0.00000   0.15441   0.02719   0.01996   0.50672   0.58172   0.78378  
 60 31.7059   5438.445215  x:  0.10528   0.88045   0.43142   0.17345   0.49230   0.14944   0.34585   0.18867   0.13486   0.33674   0.00000   0.01262   0.01384   0.29375   0.16428   0.16289   2.38226   0.00000   0.22897   1.14194   0.00000   0.06322   0.02374   0.00000   0.03080   0.14314   0.12160   0.08647   0.27812   0.07093   0.01825   0.14681   0.14843   0.14830   0.19295   0.20836   0.00000   0.09617   0.03951   0.02031   0.12815   0.10148   0.10534   0.09586   0.00000   0.05991   0.03737   0.03161   0.01896   0.01047   0.03127   0.01605   0.01513   0.01502   0.00000   0.00000   0.00000   0.00491   0.05462   0.02513   0.01601   0.00000   0.01332   0.00000   0.01756   0.00305   0.00856   0.00000   0.15320   0.02753   0.01930   0.49977   0.59249   0.79055  
 61 48.8498   5438.324055  x:  0.10550   0.88577   0.43149   0.17424   0.49434   0.15002   0.34373   0.18868   0.13363   0.33515   0.00000   0.01253   0.01111   0.29581   0.16309   0.16298   2.38728   0.00000   0.22945   1.13657   0.00000   0.06286   0.02230   0.00000   0.03503   0.14577   0.11958   0.08515   0.27900   0.07054   0.01743   0.14801   0.14904   0.15066   0.19230   0.20807   0.00000   0.09975   0.03474   0.02119   0.12818   0.10184   0.10328   0.09542   0.00000   0.06059   0.03575   0.03262   0.01956   0.00991   0.02997   0.01616   0.01539   0.01528   0.00000   0.00000   0.00000   0.00485   0.05525   0.02553   0.01620   0.00000   0.01319   0.00000   0.01763   0.00304   0.00863   0.00000   0.15223   0.02727   0.01960   0.49676   0.59950   0.79549  
 62 22.7762   5437.993121  x:  0.10933   0.91176   0.42571   0.17909   0.49561   0.15294   0.34428   0.18328   0.13805   0.33459   0.00000   0.01179   0.01299   0.30727   0.15915   0.16353   2.39460   0.00000   0.22845   1.12560   0.00000   0.06381   0.02315   0.00000   0.03142   0.14649   0.11971   0.07902   0.28462   0.05876   0.01848   0.14615   0.14886   0.15537   0.18833   0.20601   0.00000   0.10266   0.03645   0.02113   0.12753   0.10459   0.10178   0.09793   0.00000   0.06066   0.03603   0.03227   0.01920   0.00883   0.03029   0.01602   0.01507   0.01490   0.00000   0.00000   0.00000   0.00482   0.05321   0.02468   0.01587   0.00000   0.01317   0.00000   0.01734   0.00302   0.00854   0.00000   0.15164   0.02725   0.01944   0.49594   0.61757   0.81115  
 63 17.9133   5437.649515  x:  0.11313   0.94455   0.41894   0.18417   0.49457   0.15457   0.35142   0.17795   0.14383   0.33675   0.00000   0.01066   0.01087   0.31830   0.15765   0.16449   2.39813   0.00000   0.22638   1.11871   0.00000   0.06108   0.02334   0.00000   0.03125   0.14407   0.12437   0.08531   0.29118   0.06860   0.01768   0.14450   0.14859   0.15437   0.18854   0.20582   0.00000   0.09616   0.03532   0.02108   0.12766   0.10465   0.10758   0.10139   0.00000   0.06129   0.03512   0.03240   0.01899   0.00769   0.03065   0.01589   0.01503   0.01453   0.00000   0.00000   0.00000   0.00472   0.05145   0.02480   0.01556   0.00000   0.01302   0.00000   0.01700   0.00299   0.00854   0.00000   0.15338   0.02700   0.01954   0.50065   0.63235   0.82931  
 64 27.5546   5437.394863  x:  0.11039   0.96963   0.41901   0.18224   0.49208   0.15125   0.36473   0.18205   0.14237   0.34229   0.00000   0.00984   0.01048   0.31574   0.16369   0.16506   2.39381   0.00000   0.22539   1.12510   0.00000   0.06757   0.02292   0.00000   0.03176   0.14517   0.12615   0.08777   0.28625   0.06610   0.01757   0.15018   0.14975   0.14704   0.19344   0.20894   0.00000   0.10004   0.03481   0.02104   0.12890   0.10036   0.10895   0.09365   0.00000   0.06128   0.03448   0.03239   0.01885   0.00661   0.03071   0.01576   0.01495   0.01439   0.00000   0.00000   0.00000   0.00471   0.04921   0.02461   0.01543   0.00000   0.01305   0.00000   0.01687   0.00298   0.00850   0.00000   0.15348   0.02693   0.01973   0.50493   0.62969   0.84453  
 65 13.1070   5437.219665  x:  0.10768   0.98471   0.42260   0.17994   0.49107   0.14932   0.37249   0.18562   0.14009   0.34559   0.00000   0.00933   0.00915   0.31037   0.16647   0.16577   2.38849   0.00000   0.22574   1.13443   0.00000   0.05768   0.02387   0.00000   0.02965   0.14601   0.12555   0.08455   0.28153   0.06509   0.01734   0.15119   0.14971   0.14739   0.19568   0.21097   0.00000   0.10056   0.03433   0.02113   0.12860   0.10210   0.10728   0.09326   0.00000   0.06115   0.03480   0.03261   0.01893   0.00611   0.03070   0.01569   0.01484   0.01414   0.00000   0.00000   0.00000   0.00466   0.04942   0.02455   0.01521   0.00000   0.01297   0.00000   0.01667   0.00296   0.00848   0.00000   0.15435   0.02695   0.01971   0.50544   0.62245   0.85527  
 66 21.3779   5437.045647  x:  0.10552   0.99715   0.43081   0.17841   0.49195   0.14984   0.37598   0.18789   0.13845   0.34719   0.00000   0.00864   0.00980   0.30346   0.16613   0.16723   2.38070   0.00000   0.22761   1.14985   0.00000   0.06260   0.02355   0.00000   0.03014   0.14713   0.12431   0.08084   0.27827   0.06800   0.01686   0.14800   0.14895   0.15448   0.19627   0.21219   0.00000   0.09828   0.03403   0.02105   0.12745   0.10708   0.10539   0.10010   0.00000   0.06187   0.03409   0.03256   0.01881   0.00524   0.03102   0.01563   0.01483   0.01397   0.00000   0.00000   0.00000   0.00461   0.04748   0.02410   0.01507   0.00000   0.01290   0.00000   0.01649   0.00295   0.00848   0.00000   0.15611   0.02672   0.01954   0.50296   0.60998   0.86711  
 67 20.1623   5436.888252  x:  0.10601   1.00166   0.44300   0.18116   0.49685   0.15456   0.36926   0.18482   0.13993   0.34377   0.00000   0.00816   0.00958   0.30286   0.16190   0.16869   2.37149   0.00000   0.23027   1.17190   0.00000   0.06145   0.02376   0.00000   0.02936   0.14510   0.12531   0.08848   0.28139   0.06508   0.01687   0.14531   0.14968   0.15639   0.19497   0.21106   0.00000   0.10139   0.03354   0.02127   0.12862   0.10189   0.10703   0.09925   0.00000   0.06156   0.03382   0.03268   0.01865   0.00463   0.03093   0.01549   0.01468   0.01383   0.00000   0.00000   0.00000   0.00463   0.04665   0.02420   0.01494   0.00000   0.01296   0.00000   0.01641   0.00294   0.00841   0.00000   0.15396   0.02680   0.01958   0.49849   0.59537   0.87885  
 68 12.6235   5436.806883  x:  0.10498   0.99879   0.44769   0.18322   0.50079   0.15556   0.36358   0.18314   0.13972   0.34029   0.00000   0.00785   0.00959   0.30969   0.16296   0.16748   2.36644   0.00000   0.22996   1.18740   0.00000   0.06148   0.02376   0.00000   0.02913   0.14605   0.12385   0.08546   0.28536   0.06592   0.01694   0.15035   0.15069   0.15056   0.19370   0.21125   0.00000   0.10002   0.03328   0.02115   0.12854   0.10675   0.10834   0.09721   0.00000   0.06156   0.03378   0.03273   0.01867   0.00432   0.03100   0.01546   0.01468   0.01375   0.00000   0.00000   0.00000   0.00460   0.04614   0.02420   0.01487   0.00000   0.01291   0.00000   0.01632   0.00293   0.00842   0.00000   0.15461   0.02677   0.01961   0.49885   0.59041   0.88574  
 69  9.7796   5436.742125  x:  0.10341   0.99048   0.44587   0.18401   0.50370   0.15308   0.36255   0.18563   0.13751   0.33863   0.00000   0.00763   0.00968   0.31802   0.16554   0.16434   2.36335   0.00000   0.22692   1.20281   0.00000   0.06125   0.02379   0.00000   0.02896   0.14717   0.12338   0.08426   0.28561   0.06590   0.01679   0.14914   0.14876   0.15247   0.19570   0.21259   0.00000   0.10011   0.03314   0.02123   0.12798   0.10165   0.10690   0.09967   0.00000   0.06167   0.03368   0.03276   0.01869   0.00414   0.03104   0.01543   0.01465   0.01367   0.00000   0.00000   0.00000   0.00458   0.04578   0.02399   0.01481   0.00000   0.01288   0.00000   0.01625   0.00293   0.00840   0.00000   0.15722   0.02672   0.01951   0.50146   0.59391   0.89238  
 70  5.9801   5436.673390  x:  0.10500   0.97955   0.44119   0.18459   0.50571   0.15198   0.36507   0.18790   0.13770   0.33938   0.00000   0.00745   0.00966   0.31990   0.16390   0.16295   2.36162   0.00000   0.22465   1.21893   0.00000   0.06139   0.02374   0.00000   0.02879   0.14577   0.12483   0.08779   0.28297   0.06539   0.01664   0.14669   0.14983   0.15529   0.19756   0.21291   0.00000   0.09977   0.03304   0.02120   0.12862   0.10687   0.10490   0.09632   0.00000   0.06124   0.03346   0.03276   0.01868   0.00407   0.03103   0.01534   0.01456   0.01361   0.00000   0.00000   0.00000   0.00459   0.04553   0.02402   0.01475   0.00000   0.01288   0.00000   0.01619   0.00292   0.00836   0.00000   0.15446   0.02684   0.01952   0.50186   0.60273   0.90036  
 71  7.4884   5436.578961  x:  0.11049   0.96645   0.43523   0.18485   0.50652   0.15386   0.37002   0.18569   0.14083   0.34254   0.00000   0.00721   0.00958   0.31259   0.16010   0.16532   2.36165   0.00000   0.22520   1.23699   0.00000   0.06120   0.02376   0.00000   0.02850   0.14553   0.12410   0.08424   0.28063   0.06644   0.01662   0.14993   0.15194   0.15245   0.19502   0.21178   0.00000   0.10018   0.03272   0.02131   0.12863   0.10384   0.10835   0.09896   0.00000   0.06106   0.03325   0.03282   0.01861   0.00397   0.03099   0.01526   0.01448   0.01352   0.00000   0.00000   0.00000   0.00459   0.04505   0.02395   0.01467   0.00000   0.01286   0.00000   0.01613   0.00291   0.00832   0.00000   0.15361   0.02685   0.01951   0.49907   0.61591   0.91218  
 72  8.2409   5436.467032  x:  0.11347   0.96176   0.43438   0.18306   0.50373   0.15448   0.37177   0.17826   0.13864   0.34430   0.00000   0.00704   0.00927   0.30578   0.16803   0.16919   2.36641   0.00000   0.22748   1.24550   0.00000   0.06115   0.02377   0.00000   0.02820   0.14831   0.12173   0.08712   0.28674   0.06565   0.01683   0.14802   0.14442   0.15152   0.19248   0.20903   0.00000   0.10043   0.03256   0.02138   0.12734   0.10515   0.10624   0.09665   0.00000   0.06027   0.03306   0.03287   0.01861   0.00407   0.03086   0.01514   0.01435   0.01347   0.00000   0.00000   0.00000   0.00461   0.04475   0.02395   0.01462   0.00000   0.01287   0.00000   0.01609   0.00291   0.00825   0.00000   0.15826   0.02705   0.01942   0.49837   0.62237   0.92712  
 73  4.3594   5435.830410  x:  0.10643   0.96442   0.44241   0.17267   0.48508   0.15590   0.36870   0.17488   0.12953   0.34514   0.00000   0.00637   0.00894   0.29872   0.17609   0.17315   2.40432   0.00000   0.22654   1.25996   0.00000   0.06170   0.02291   0.00000   0.02707   0.13573   0.11367   0.08465   0.30890   0.06388   0.01651   0.14446   0.16631   0.15647   0.19301   0.21086   0.00000   0.09617   0.03160   0.02184   0.13419   0.10175   0.10236   0.09641   0.00000   0.05577   0.03205   0.03320   0.01880   0.00518   0.03029   0.01438   0.01365   0.01320   0.00000   0.00000   0.00000   0.00474   0.04397   0.02407   0.01435   0.00000   0.01286   0.00000   0.01587   0.00286   0.00785   0.00000   0.15597   0.02820   0.01878   0.50501   0.62639   1.01411  
 74  7.5217   5434.206120  x:  0.08550   0.98230   0.45839   0.16427   0.45406   0.15509   0.35347   0.18887   0.13543   0.34180   0.00000   0.00451   0.00947   0.29835   0.15094   0.16711   2.50117   0.00000   0.21327   1.28126   0.00000   0.06234   0.02163   0.00000   0.02411   0.13581   0.12148   0.07866   0.30981   0.06650   0.01747   0.13971   0.14284   0.14163   0.19421   0.21132   0.00000   0.09041   0.02977   0.02319   0.11772   0.09786   0.09870   0.09448   0.00000   0.04662   0.02987   0.03407   0.01956   0.00766   0.02941   0.01280   0.01221   0.01251   0.00000   0.00000   0.00000   0.00501   0.04169   0.02378   0.01372   0.00000   0.01278   0.00000   0.01534   0.00279   0.00705   0.00000   0.14028   0.03029   0.01770   0.50072   0.61677   1.22603  
 75 41.6720   5433.555963  x:  0.08504   0.99276   0.45514   0.17279   0.46205   0.14494   0.34666   0.18114   0.14103   0.33812   0.00000   0.00388   0.00983   0.30237   0.15131   0.16018   2.54175   0.00000   0.21043   1.28588   0.00000   0.06280   0.02098   0.00000   0.02299   0.13003   0.12137   0.07692   0.28214   0.07053   0.01728   0.13939   0.13982   0.14064   0.18550   0.20016   0.00000   0.08830   0.02899   0.02355   0.13779   0.09699   0.09527   0.09110   0.00000   0.04244   0.02886   0.03442   0.01983   0.00875   0.02903   0.01210   0.01154   0.01225   0.00000   0.00000   0.00000   0.00514   0.04088   0.02371   0.01347   0.00000   0.01278   0.00000   0.01514   0.00275   0.00668   0.00000   0.15178   0.03123   0.01718   0.49472   0.60348   1.30983  
 76 39.0110   5433.325943  x:  0.08859   0.99751   0.44630   0.17651   0.47791   0.14177   0.34627   0.17514   0.14001   0.33615   0.00000   0.00372   0.00995   0.30295   0.15660   0.15554   2.55610   0.00000   0.21250   1.28611   0.00000   0.06297   0.02077   0.00000   0.02256   0.12821   0.11636   0.07769   0.27153   0.07171   0.01713   0.13656   0.14600   0.14167   0.18214   0.19691   0.00000   0.08743   0.02872   0.02389   0.12396   0.09583   0.09770   0.08879   0.00000   0.04090   0.02852   0.03456   0.01989   0.00911   0.02885   0.01185   0.01132   0.01216   0.00000   0.00000   0.00000   0.00519   0.04061   0.02380   0.01339   0.00000   0.01277   0.00000   0.01508   0.00274   0.00655   0.00000   0.15025   0.03157   0.01711   0.49502   0.59427   1.33579  
 77 20.7766   5433.179569  x:  0.09356   1.00141   0.43067   0.17456   0.50208   0.14499   0.34897   0.17640   0.13588   0.33537   0.00000   0.00372   0.01013   0.29878   0.15530   0.14942   2.56603   0.00000   0.21673   1.28534   0.00000   0.06301   0.02072   0.00000   0.02230   0.12861   0.11344   0.07731   0.27721   0.07161   0.01742   0.13596   0.14216   0.13946   0.18346   0.19968   0.00000   0.08675   0.02852   0.02397   0.12824   0.09555   0.09549   0.09121   0.00000   0.03985   0.02825   0.03464   0.01983   0.00932   0.02864   0.01167   0.01114   0.01210   0.00000   0.00000   0.00000   0.00522   0.04045   0.02378   0.01333   0.00000   0.01277   0.00000   0.01504   0.00273   0.00644   0.00000   0.14401   0.03185   0.01694   0.49876   0.58385   1.34752  
 78 10.3156   5433.145847  x:  0.09354   1.00204   0.42631   0.17181   0.50689   0.14394   0.34841   0.17851   0.13642   0.33620   0.00000   0.00376   0.01007   0.29730   0.15317   0.14818   2.56866   0.00000   0.21720   1.28529   0.00000   0.06304   0.02063   0.00000   0.02229   0.12711   0.11667   0.07712   0.28099   0.07143   0.01729   0.13719   0.14309   0.14009   0.18390   0.19948   0.00000   0.08695   0.02849   0.02399   0.12665   0.09561   0.09478   0.08940   0.00000   0.03970   0.02813   0.03462   0.01988   0.00931   0.02866   0.01163   0.01112   0.01207   0.00000   0.00000   0.00000   0.00521   0.04037   0.02370   0.01330   0.00000   0.01272   0.00000   0.01500   0.00272   0.00643   0.00000   0.14967   0.03185   0.01692   0.49624   0.58167   1.34631  
 79  4.4812   5433.064151  x:  0.09216   1.00294   0.42317   0.16633   0.50902   0.13854   0.34485   0.18048   0.14035   0.34010   0.00000   0.00402   0.00911   0.29822   0.15675   0.15085   2.57666   0.00000   0.21839   1.28674   0.00000   0.06296   0.02068   0.00000   0.02215   0.13056   0.11953   0.07441   0.28349   0.07174   0.01722   0.13198   0.14429   0.13997   0.18404   0.19816   0.00000   0.08688   0.02836   0.02397   0.12880   0.09559   0.10036   0.08784   0.00000   0.03949   0.02798   0.03466   0.01996   0.00910   0.02871   0.01159   0.01113   0.01197   0.00000   0.00000   0.00000   0.00518   0.04021   0.02356   0.01323   0.00000   0.01255   0.00000   0.01490   0.00272   0.00644   0.00000   0.14718   0.03178   0.01703   0.49143   0.58035   1.32915  
 80  2.5154   5432.727477  x:  0.09328   1.00743   0.42355   0.15810   0.50884   0.13305   0.33765   0.18096   0.14543   0.35076   0.00000   0.00580   0.00680   0.30284   0.16187   0.16079   2.61218   0.00000   0.22116   1.29395   0.00000   0.06339   0.02056   0.00000   0.02220   0.12257   0.12055   0.07720   0.28144   0.07143   0.01697   0.14068   0.14160   0.14013   0.18430   0.19389   0.00000   0.08583   0.02792   0.02412   0.12662   0.09502   0.09134   0.09449   0.00000   0.03636   0.02716   0.03484   0.01966   0.00857   0.02825   0.01114   0.01076   0.01180   0.00000   0.00000   0.00000   0.00521   0.03993   0.02335   0.01306   0.00000   0.01218   0.00000   0.01476   0.00269   0.00620   0.00000   0.14001   0.03254   0.01644   0.49095   0.58012   1.24575  
 81 12.0833   5432.125696  x:  0.09035   1.01556   0.42965   0.16110   0.50178   0.14548   0.33929   0.17554   0.13604   0.35264   0.00000   0.00900   0.00856   0.30127   0.14823   0.15816   2.67548   0.00000   0.21522   1.30661   0.00000   0.06375   0.02058   0.00000   0.02220   0.12783   0.10700   0.07615   0.27582   0.07290   0.01646   0.13153   0.14283   0.13747   0.18192   0.19763   0.00000   0.08347   0.02712   0.02422   0.12689   0.09346   0.09137   0.08434   0.00000   0.03125   0.02650   0.03540   0.01961   0.00747   0.02778   0.01053   0.01042   0.01153   0.00000   0.00000   0.00000   0.00522   0.03988   0.02297   0.01285   0.00000   0.01140   0.00000   0.01450   0.00266   0.00594   0.00000   0.15070   0.03343   0.01605   0.50094   0.58300   1.09261  
 82 35.1613   5431.935057  x:  0.08647   1.01760   0.43121   0.17121   0.49661   0.14675   0.34593   0.17227   0.13056   0.33991   0.00000   0.00991   0.01081   0.29385   0.15352   0.14490   2.69527   0.00000   0.20855   1.31011   0.00000   0.06374   0.02047   0.00000   0.02239   0.12518   0.11404   0.07421   0.27901   0.07326   0.01637   0.13309   0.14203   0.13891   0.17949   0.19780   0.00000   0.08332   0.02705   0.02431   0.12714   0.09332   0.09376   0.08466   0.00000   0.03037   0.02603   0.03550   0.01961   0.00704   0.02779   0.01037   0.01037   0.01142   0.00000   0.00000   0.00000   0.00520   0.03956   0.02270   0.01277   0.00000   0.01112   0.00000   0.01439   0.00265   0.00589   0.00000   0.14682   0.03346   0.01601   0.49440   0.58444   1.04218  
 83 22.3862   5431.916148  x:  0.08589   1.01787   0.43165   0.17333   0.49600   0.14491   0.34795   0.17383   0.13388   0.33577   0.00000   0.00999   0.01097   0.29259   0.15376   0.14372   2.69751   0.00000   0.21057   1.31065   0.00000   0.06372   0.02051   0.00000   0.02239   0.12651   0.11305   0.07485   0.28035   0.07309   0.01649   0.13181   0.14350   0.13702   0.18029   0.19615   0.00000   0.08334   0.02705   0.02431   0.12694   0.09333   0.09140   0.08574   0.00000   0.03019   0.02599   0.03551   0.01959   0.00702   0.02776   0.01035   0.01036   0.01141   0.00000   0.00000   0.00000   0.00520   0.03956   0.02267   0.01276   0.00000   0.01110   0.00000   0.01439   0.00265   0.00588   0.00000   0.14721   0.03352   0.01593   0.49458   0.58477   1.03560  
 84  4.9872   5431.905685  x:  0.08593   1.01815   0.43203   0.17339   0.49560   0.14272   0.34904   0.17430   0.13546   0.33318   0.00000   0.01000   0.01117   0.29237   0.15306   0.14338   2.69903   0.00000   0.21324   1.31112   0.00000   0.06376   0.02048   0.00000   0.02242   0.12554   0.11131   0.07445   0.28104   0.07309   0.01641   0.13278   0.14223   0.13868   0.18085   0.19611   0.00000   0.08313   0.02703   0.02431   0.12697   0.09319   0.09278   0.08457   0.00000   0.03008   0.02600   0.03553   0.01961   0.00701   0.02775   0.01036   0.01038   0.01141   0.00000   0.00000   0.00000   0.00520   0.03960   0.02270   0.01276   0.00000   0.01108   0.00000   0.01438   0.00265   0.00589   0.00000   0.14711   0.03352   0.01596   0.49545   0.58504   1.02999  
 85  2.8677   5431.847697  x:  0.08920   1.02010   0.43342   0.16621   0.49390   0.13958   0.34979   0.17070   0.13353   0.32964   0.00000   0.00981   0.01154   0.29455   0.15132   0.14008   2.70863   0.00000   0.22178   1.31366   0.00000   0.06385   0.02054   0.00000   0.02254   0.12686   0.11548   0.07475   0.27925   0.07300   0.01638   0.13231   0.14317   0.13759   0.17948   0.20024   0.00000   0.08327   0.02709   0.02429   0.12703   0.09327   0.09183   0.08556   0.00000   0.02992   0.02588   0.03556   0.01956   0.00694   0.02766   0.01044   0.01052   0.01137   0.00000   0.00000   0.00000   0.00516   0.03974   0.02264   0.01274   0.00000   0.01092   0.00000   0.01433   0.00267   0.00598   0.00000   0.14687   0.03341   0.01595   0.49614   0.58606   0.98857  
 86  2.8074   5431.655635  x:  0.08470   1.02541   0.43253   0.16078   0.49350   0.15179   0.34967   0.17443   0.13813   0.33477   0.00000   0.00893   0.00899   0.29793   0.15743   0.13655   2.73956   0.00000   0.22906   1.32063   0.00000   0.06419   0.02048   0.00000   0.02300   0.12668   0.11562   0.07495   0.27843   0.07321   0.01604   0.13338   0.14304   0.13976   0.17800   0.19729   0.00000   0.08302   0.02729   0.02404   0.12716   0.09296   0.09198   0.08489   0.00000   0.02955   0.02565   0.03561   0.01965   0.00675   0.02740   0.01071   0.01109   0.01122   0.00000   0.00000   0.00000   0.00499   0.04021   0.02256   0.01265   0.00000   0.01033   0.00000   0.01412   0.00270   0.00633   0.00000   0.14665   0.03299   0.01596   0.49457   0.58677   0.85039  
 87 17.2281   5431.519206  x:  0.08615   1.02940   0.43394   0.16868   0.49627   0.14402   0.34763   0.17442   0.13358   0.34283   0.00000   0.00839   0.00963   0.29608   0.15506   0.14288   2.76135   0.00000   0.22346   1.32478   0.00000   0.06444   0.02053   0.00000   0.02323   0.12733   0.11460   0.07443   0.28296   0.07270   0.01608   0.13353   0.14337   0.13896   0.18258   0.19543   0.00000   0.08327   0.02737   0.02398   0.12689   0.09313   0.09184   0.08586   0.00000   0.02907   0.02548   0.03571   0.01962   0.00662   0.02717   0.01091   0.01146   0.01114   0.00000   0.00000   0.00000   0.00489   0.04056   0.02255   0.01262   0.00000   0.00995   0.00000   0.01401   0.00273   0.00656   0.00000   0.14570   0.03277   0.01597   0.49373   0.58634   0.75360  
 88 30.5917   5431.499512  x:  0.08833   1.03015   0.43492   0.16635   0.49780   0.14278   0.34822   0.17456   0.13647   0.34080   0.00000   0.00834   0.00961   0.29538   0.15576   0.14512   2.76443   0.00000   0.21681   1.32511   0.00000   0.06448   0.02054   0.00000   0.02328   0.12735   0.11257   0.07535   0.28342   0.07257   0.01605   0.13372   0.14328   0.13911   0.18073   0.19899   0.00000   0.08345   0.02739   0.02397   0.12689   0.09323   0.09140   0.08601   0.00000   0.02902   0.02547   0.03573   0.01959   0.00661   0.02711   0.01094   0.01152   0.01114   0.00000   0.00000   0.00000   0.00488   0.04065   0.02258   0.01262   0.00000   0.00990   0.00000   0.01401   0.00273   0.00659   0.00000   0.14590   0.03272   0.01597   0.49320   0.58602   0.74310  
 89  4.4877   5431.478703  x:  0.08613   1.03089   0.43439   0.16422   0.50009   0.14403   0.35045   0.17400   0.13506   0.33529   0.00000   0.00832   0.01009   0.29601   0.15537   0.15274   2.76764   0.00000   0.21401   1.32573   0.00000   0.06450   0.02048   0.00000   0.02338   0.12735   0.11463   0.07471   0.28248   0.07272   0.01602   0.13363   0.14332   0.13914   0.18091   0.19729   0.00000   0.08319   0.02749   0.02393   0.12692   0.09306   0.09155   0.08578   0.00000   0.02891   0.02553   0.03575   0.01963   0.00660   0.02710   0.01101   0.01161   0.01114   0.00000   0.00000   0.00000   0.00486   0.04085   0.02257   0.01263   0.00000   0.00981   0.00000   0.01399   0.00274   0.00665   0.00000   0.14573   0.03267   0.01598   0.49367   0.58580   0.74310  
 90  1.3037   5431.159702  x:  0.09958   1.04315   0.43901   0.15834   0.50404   0.14509   0.35088   0.17461   0.13425   0.33546   0.00000   0.00843   0.01066   0.29661   0.15594   0.14792   2.81451   0.00000   0.20570   1.33471   0.00000   0.06467   0.01996   0.00000   0.02474   0.12755   0.11288   0.07223   0.28231   0.07314   0.01574   0.13397   0.14289   0.13880   0.19502   0.18315   0.00000   0.08437   0.02895   0.02342   0.12682   0.09359   0.09454   0.08664   0.00000   0.02873   0.02617   0.03594   0.01954   0.00657   0.02642   0.01204   0.01307   0.01121   0.00000   0.00000   0.00000   0.00455   0.04424   0.02282   0.01285   0.00000   0.00845   0.00000   0.01392   0.00288   0.00759   0.00000   0.14543   0.03125   0.01633   0.49147   0.58072   0.82430  
 91  1.5055   5430.745740  x:  0.08929   1.05761   0.43470   0.17270   0.50910   0.14010   0.34912   0.17646   0.13699   0.34432   0.00000   0.00846   0.01079   0.29546   0.15679   0.15193   2.87542   0.00000   0.21080   1.34734   0.00000   0.06497   0.01909   0.00000   0.02644   0.12816   0.11301   0.07552   0.28363   0.07316   0.01570   0.13472   0.14261   0.13966   0.18381   0.19966   0.00000   0.08467   0.03079   0.02254   0.12652   0.09353   0.09221   0.08717   0.00000   0.02825   0.02724   0.03612   0.01964   0.00648   0.02556   0.01338   0.01499   0.01127   0.00000   0.00000   0.00000   0.00413   0.04843   0.02312   0.01310   0.00000   0.00661   0.00000   0.01377   0.00305   0.00882   0.00000   0.14500   0.02947   0.01661   0.48814   0.57430   0.93242  
 92 26.9008   5430.742711  x:  0.09020   1.05776   0.43510   0.17276   0.50911   0.13981   0.34947   0.17823   0.13608   0.34439   0.00000   0.00846   0.01085   0.29571   0.15680   0.15199   2.87603   0.00000   0.21091   1.34745   0.00000   0.06497   0.01909   0.00000   0.02644   0.12813   0.11313   0.07579   0.28389   0.07319   0.01572   0.13462   0.14259   0.13959   0.18164   0.19873   0.00000   0.08467   0.03080   0.02254   0.12650   0.09353   0.09256   0.08716   0.00000   0.02822   0.02724   0.03613   0.01963   0.00648   0.02555   0.01339   0.01499   0.01127   0.00000   0.00000   0.00000   0.00414   0.04844   0.02314   0.01310   0.00000   0.00662   0.00000   0.01378   0.00305   0.00882   0.00000   0.14495   0.02945   0.01663   0.48854   0.57427   0.93282  
 93  0.8475   5430.203974  x:  0.09071   1.07538   0.43894   0.17357   0.51054   0.14442   0.35537   0.17890   0.13759   0.34517   0.00000   0.00753   0.01098   0.30208   0.15891   0.15089   3.01313   0.00000   0.21575   1.36818   0.00000   0.06487   0.01922   0.00000   0.02614   0.12999   0.11599   0.07593   0.28437   0.07257   0.01593   0.13613   0.14381   0.14195   0.18576   0.20065   0.00000   0.08570   0.03159   0.02108   0.12693   0.09483   0.09519   0.08811   0.00000   0.02527   0.03318   0.03817   0.02098   0.00576   0.02657   0.01390   0.01300   0.01181   0.00000   0.00000   0.00000   0.00636   0.04739   0.02480   0.01406   0.00000   0.01019   0.00000   0.01623   0.00390   0.00945   0.00000   0.14577   0.02419   0.01821   0.48535   0.56272   0.94504  
 94  0.2129   5429.737527  x:  0.09016   1.07942   0.44452   0.17598   0.51124   0.14800   0.35957   0.17780   0.13645   0.33843   0.00000   0.00785   0.01161   0.30521   0.15680   0.14569   3.10518   0.00000   0.21584   1.40058   0.00000   0.06466   0.02105   0.00000   0.02547   0.13148   0.11608   0.07551   0.28085   0.07215   0.01626   0.13693   0.14402   0.14183   0.18652   0.19964   0.00000   0.08603   0.03129   0.02276   0.12723   0.09533   0.09792   0.08648   0.00000   0.03164   0.02904   0.04014   0.01965   0.00749   0.02750   0.01333   0.01261   0.01015   0.00000   0.00000   0.00000   0.00679   0.04632   0.02444   0.01334   0.00000   0.00846   0.00000   0.01530   0.00420   0.00966   0.00000   0.14845   0.01423   0.01992   0.48840   0.54927   0.92581  
 95  0.0715   5429.434811  x:  0.08981   1.06293   0.43645   0.17108   0.50072   0.14451   0.35323   0.17546   0.13561   0.33982   0.00000   0.00703   0.01108   0.29839   0.15613   0.14743   3.15080   0.00000   0.21232   1.37856   0.00000   0.06383   0.02095   0.00000   0.02612   0.12744   0.11394   0.07530   0.28334   0.07152   0.01674   0.13445   0.14429   0.14015   0.18412   0.19739   0.00000   0.08473   0.03123   0.02311   0.12740   0.09418   0.09580   0.08360   0.00000   0.02686   0.02704   0.04104   0.01906   0.00564   0.02749   0.01251   0.01300   0.00939   0.00000   0.00000   0.00000   0.00712   0.04485   0.02429   0.01308   0.00000   0.00730   0.00000   0.01476   0.00439   0.00959   0.00000   0.14661   0.01020   0.02007   0.49346   0.54857   0.94319  
 96  0.0720   5429.235919  x:  0.09067   1.05063   0.43450   0.17296   0.50177   0.14338   0.35064   0.17602   0.13614   0.33982   0.00000   0.00761   0.01066   0.29648   0.15598   0.14900   3.07111   0.00000   0.21131   1.37198   0.00000   0.06411   0.01941   0.00000   0.02587   0.12909   0.11454   0.07578   0.28226   0.07195   0.01619   0.13553   0.14339   0.14042   0.18352   0.19854   0.00000   0.08631   0.03091   0.02289   0.12688   0.09473   0.09767   0.08428   0.00000   0.02066   0.02835   0.04092   0.01898   0.00711   0.02578   0.01199   0.01240   0.00965   0.00000   0.00000   0.00000   0.00727   0.04515   0.02373   0.01338   0.00000   0.00688   0.00000   0.01450   0.00432   0.00872   0.00000   0.14729   0.01007   0.01958   0.49310   0.55310   0.93305  
 97  0.0801   5429.116974  x:  0.09143   1.04309   0.43258   0.17388   0.50172   0.14301   0.35053   0.17683   0.13629   0.34081   0.00000   0.00800   0.01071   0.29596   0.15650   0.15029   2.97497   0.00000   0.21246   1.34939   0.00000   0.06444   0.01865   0.00000   0.02553   0.12971   0.11457   0.07613   0.28250   0.07240   0.01577   0.13574   0.14337   0.14082   0.18315   0.19971   0.00000   0.08595   0.03085   0.02274   0.12673   0.09474   0.09776   0.08426   0.00000   0.02340   0.03001   0.04059   0.01984   0.00678   0.02533   0.01236   0.01236   0.01008   0.00000   0.00000   0.00000   0.00745   0.04602   0.02392   0.01385   0.00000   0.00719   0.00000   0.01456   0.00434   0.00834   0.00000   0.14716   0.00802   0.01975   0.49146   0.56318   0.92116  
 98  0.1185   5429.079517  x:  0.09106   1.04654   0.43425   0.17301   0.50327   0.14357   0.35166   0.17751   0.13664   0.34206   0.00000   0.00779   0.01080   0.29803   0.15718   0.15070   2.91853   0.00000   0.21400   1.34248   0.00000   0.06439   0.01972   0.00000   0.02583   0.12950   0.11495   0.07592   0.28308   0.07242   0.01611   0.13567   0.14371   0.14114   0.18396   0.19990   0.00000   0.08561   0.03112   0.02267   0.12691   0.09472   0.09737   0.08416   0.00000   0.02257   0.02902   0.04007   0.01965   0.00641   0.02585   0.01263   0.01262   0.01015   0.00000   0.00000   0.00000   0.00743   0.04631   0.02450   0.01385   0.00000   0.00740   0.00000   0.01450   0.00433   0.00821   0.00000   0.14676   0.00895   0.01971   0.49066   0.56898   0.92174  
 99  0.0669   5429.068038  x:  0.09060   1.05192   0.43638   0.17268   0.50488   0.14415   0.35277   0.17746   0.13660   0.34177   0.00000   0.00763   0.01086   0.29932   0.15715   0.14983   2.91734   0.00000   0.21448   1.34825   0.00000   0.06436   0.01996   0.00000   0.02586   0.12941   0.11516   0.07566   0.28293   0.07233   0.01618   0.13565   0.14377   0.14110   0.18443   0.19949   0.00000   0.08553   0.03110   0.02262   0.12701   0.09466   0.09744   0.08394   0.00000   0.02224   0.02865   0.04011   0.01953   0.00641   0.02619   0.01277   0.01281   0.01000   0.00000   0.00000   0.00000   0.00751   0.04605   0.02452   0.01383   0.00000   0.00718   0.00000   0.01437   0.00440   0.00823   0.00000   0.14676   0.00804   0.01994   0.49046   0.56870   0.92220  
100  0.0106   5429.059810  x:  0.08985   1.05579   0.43774   0.17263   0.50601   0.14404   0.35317   0.17667   0.13613   0.34071   0.00000   0.00757   0.01085   0.29902   0.15653   0.14848   2.91740   0.00000   0.21398   1.35367   0.00000   0.06444   0.01956   0.00000   0.02548   0.12906   0.11478   0.07550   0.28254   0.07224   0.01597   0.13537   0.14358   0.14060   0.18411   0.19884   0.00000   0.08529   0.03064   0.02263   0.12701   0.09437   0.09714   0.08360   0.00000   0.02228   0.02890   0.03993   0.01967   0.00622   0.02623   0.01305   0.01313   0.01011   0.00000   0.00000   0.00000   0.00755   0.04582   0.02422   0.01398   0.00000   0.00714   0.00000   0.01432   0.00448   0.00817   0.00000   0.14687   0.00840   0.02016   0.49057   0.56827   0.92313  
101  0.0037   5429.041518  x:  0.08989   1.05310   0.43659   0.17373   0.50575   0.14354   0.35217   0.17647   0.13613   0.34070   0.00000   0.00743   0.01094   0.29767   0.15620   0.14928   2.91919   0.00000   0.21313   1.35720   0.00000   0.06442   0.01977   0.00000   0.02574   0.12944   0.11429   0.07579   0.28224   0.07231   0.01596   0.13541   0.14339   0.14080   0.18346   0.19939   0.00000   0.08577   0.03068   0.02235   0.12682   0.09462   0.09764   0.08403   0.00000   0.02253   0.02798   0.03902   0.01976   0.00643   0.02584   0.01338   0.01313   0.01018   0.00000   0.00000   0.00000   0.00803   0.04585   0.02397   0.01429   0.00000   0.00745   0.00000   0.01418   0.00477   0.00751   0.00000   0.14729   0.00817   0.02040   0.49065   0.56713   0.92934  
102  0.0022   5429.028542  x:  0.09065   1.05035   0.43533   0.17311   0.50382   0.14411   0.35218   0.17722   0.13637   0.34099   0.00000   0.00757   0.01106   0.29831   0.15688   0.14940   2.92839   0.00000   0.21389   1.35135   0.00000   0.06437   0.01994   0.00000   0.02488   0.12936   0.11493   0.07580   0.28260   0.07244   0.01622   0.13551   0.14373   0.14102   0.18406   0.19935   0.00000   0.08570   0.03049   0.02180   0.12695   0.09478   0.09757   0.08407   0.00000   0.02253   0.02860   0.03861   0.01963   0.00635   0.02623   0.01343   0.01336   0.01002   0.00000   0.00000   0.00000   0.00819   0.04605   0.02434   0.01439   0.00000   0.00709   0.00000   0.01385   0.00497   0.00717   0.00000   0.14701   0.00832   0.02022   0.49110   0.56726   0.92539  
103  0.0075   5429.019195  x:  0.09089   1.05186   0.43607   0.17244   0.50430   0.14415   0.35290   0.17751   0.13657   0.34162   0.00000   0.00773   0.01075   0.29963   0.15720   0.14955   2.93617   0.00000   0.21449   1.34788   0.00000   0.06427   0.01954   0.00000   0.02604   0.12926   0.11522   0.07559   0.28296   0.07234   0.01591   0.13566   0.14377   0.14083   0.18460   0.19931   0.00000   0.08533   0.03054   0.02211   0.12707   0.09452   0.09721   0.08385   0.00000   0.02268   0.02839   0.03865   0.01975   0.00641   0.02662   0.01337   0.01341   0.01001   0.00000   0.00000   0.00000   0.00835   0.04575   0.02431   0.01456   0.00000   0.00696   0.00000   0.01390   0.00520   0.00714   0.00000   0.14658   0.00861   0.01982   0.49069   0.56701   0.92178  
104  0.0049   5429.006756  x:  0.09001   1.05453   0.43753   0.17219   0.50570   0.14359   0.35315   0.17692   0.13645   0.34206   0.00000   0.00779   0.01048   0.29914   0.15694   0.14998   2.93341   0.00000   0.21404   1.34841   0.00000   0.06450   0.02011   0.00000   0.02535   0.12939   0.11500   0.07554   0.28331   0.07210   0.01608   0.13571   0.14360   0.14094   0.18428   0.19931   0.00000   0.08533   0.03068   0.02313   0.12697   0.09436   0.09703   0.08392   0.00000   0.02264   0.02856   0.03928   0.01956   0.00642   0.02607   0.01324   0.01316   0.00987   0.00000   0.00000   0.00000   0.00860   0.04633   0.02446   0.01468   0.00000   0.00687   0.00000   0.01408   0.00560   0.00722   0.00000   0.14659   0.00865   0.01972   0.49001   0.56800   0.92009  
105  0.0023   5428.997336  x:  0.09022   1.05213   0.43663   0.17288   0.50542   0.14388   0.35222   0.17687   0.13645   0.34135   0.00000   0.00759   0.01098   0.29821   0.15666   0.14955   2.91706   0.00000   0.21389   1.35151   0.00000   0.06437   0.01982   0.00000   0.02580   0.12923   0.11468   0.07578   0.28262   0.07225   0.01624   0.13537   0.14363   0.14098   0.18381   0.19926   0.00000   0.08566   0.03099   0.02280   0.12693   0.09472   0.09736   0.08409   0.00000   0.02283   0.02909   0.03943   0.01978   0.00638   0.02630   0.01306   0.01294   0.00958   0.00000   0.00000   0.00000   0.00868   0.04558   0.02441   0.01463   0.00000   0.00673   0.00000   0.01399   0.00593   0.00725   0.00000   0.14691   0.00862   0.01995   0.49065   0.56863   0.92094  
106  0.0084   5428.991358  x:  0.09048   1.05121   0.43545   0.17323   0.50409   0.14417   0.35239   0.17744   0.13631   0.34087   0.00000   0.00737   0.01092   0.29888   0.15701   0.14903   2.92132   0.00000   0.21413   1.35191   0.00000   0.06439   0.01960   0.00000   0.02581   0.12941   0.11503   0.07576   0.28252   0.07242   0.01588   0.13569   0.14374   0.14079   0.18425   0.19945   0.00000   0.08549   0.03076   0.02267   0.12701   0.09465   0.09750   0.08405   0.00000   0.02289   0.02876   0.03963   0.01934   0.00626   0.02624   0.01293   0.01296   0.00943   0.00000   0.00000   0.00000   0.00860   0.04638   0.02447   0.01447   0.00000   0.00683   0.00000   0.01403   0.00614   0.00738   0.00000   0.14698   0.00874   0.02011   0.49102   0.56755   0.92687  
107  0.0032   5428.979894  x:  0.09109   1.05216   0.43621   0.17336   0.50429   0.14416   0.35340   0.17704   0.13615   0.34060   0.00000   0.00760   0.01090   0.29928   0.15664   0.14917   2.92180   0.00000   0.21388   1.34878   0.00000   0.06431   0.01951   0.00000   0.02539   0.12948   0.11508   0.07540   0.28266   0.07251   0.01627   0.13559   0.14351   0.14088   0.18450   0.19929   0.00000   0.08551   0.03122   0.02205   0.12700   0.09425   0.09700   0.08363   0.00000   0.02291   0.02838   0.03970   0.01948   0.00640   0.02571   0.01318   0.01308   0.00935   0.00000   0.00000   0.00000   0.00817   0.04577   0.02424   0.01413   0.00000   0.00694   0.00000   0.01404   0.00651   0.00762   0.00000   0.14680   0.00882   0.01982   0.49016   0.56685   0.92960  
108  0.0013   5428.970579  x:  0.09031   1.05158   0.43688   0.17244   0.50525   0.14381   0.35262   0.17676   0.13657   0.34175   0.00000   0.00776   0.01080   0.29843   0.15674   0.14994   2.91450   0.00000   0.21405   1.34732   0.00000   0.06447   0.01957   0.00000   0.02546   0.12909   0.11482   0.07572   0.28298   0.07224   0.01583   0.13533   0.14367   0.14093   0.18392   0.19923   0.00000   0.08547   0.03026   0.02185   0.12692   0.09477   0.09738   0.08423   0.00000   0.02266   0.02845   0.03993   0.01969   0.00646   0.02607   0.01318   0.01316   0.00947   0.00000   0.00000   0.00000   0.00784   0.04605   0.02404   0.01401   0.00000   0.00716   0.00000   0.01403   0.00678   0.00751   0.00000   0.14678   0.00854   0.01974   0.49058   0.56905   0.92362  
109  0.0047   5428.961103  x:  0.08952   1.05161   0.43649   0.17205   0.50528   0.14378   0.35178   0.17735   0.13649   0.34180   0.00000   0.00778   0.01082   0.29853   0.15717   0.14941   2.92262   0.00000   0.21436   1.35083   0.00000   0.06443   0.01945   0.00000   0.02547   0.12943   0.11476   0.07601   0.28269   0.07210   0.01603   0.13576   0.14379   0.14090   0.18398   0.19922   0.00000   0.08575   0.03098   0.02227   0.12697   0.09476   0.09761   0.08418   0.00000   0.02262   0.02836   0.03981   0.01944   0.00639   0.02611   0.01315   0.01320   0.00989   0.00000   0.00000   0.00000   0.00739   0.04574   0.02459   0.01410   0.00000   0.00719   0.00000   0.01413   0.00702   0.00725   0.00000   0.14685   0.00849   0.01998   0.49122   0.56943   0.91403  
110  0.0050   5428.957029  x:  0.09039   1.05231   0.43616   0.17267   0.50482   0.14383   0.35230   0.17730   0.13640   0.34139   0.00000   0.00764   0.01082   0.29879   0.15699   0.14955   2.92570   0.00000   0.21399   1.35143   0.00000   0.06435   0.01983   0.00000   0.02564   0.12933   0.11495   0.07573   0.28277   0.07228   0.01611   0.13563   0.14365   0.14092   0.18424   0.19928   0.00000   0.08566   0.03084   0.02242   0.12698   0.09458   0.09732   0.08399   0.00000   0.02264   0.02863   0.03979   0.01964   0.00634   0.02612   0.01307   0.01301   0.00998   0.00000   0.00000   0.00000   0.00713   0.04601   0.02428   0.01407   0.00000   0.00706   0.00000   0.01406   0.00707   0.00707   0.00000   0.14678   0.00856   0.02003   0.49069   0.56794   0.91831  
111  0.0041   5428.956614  x:  0.09049   1.05220   0.43627   0.17291   0.50481   0.14392   0.35259   0.17707   0.13641   0.34129   0.00000   0.00760   0.01085   0.29873   0.15681   0.14955   2.92335   0.00000   0.21394   1.35062   0.00000   0.06438   0.01973   0.00000   0.02563   0.12931   0.11491   0.07566   0.28277   0.07232   0.01607   0.13553   0.14365   0.14091   0.18413   0.19934   0.00000   0.08546   0.03082   0.02247   0.12697   0.09459   0.09730   0.08399   0.00000   0.02258   0.02869   0.03973   0.01960   0.00636   0.02610   0.01303   0.01302   0.01002   0.00000   0.00000   0.00000   0.00712   0.04595   0.02441   0.01411   0.00000   0.00706   0.00000   0.01409   0.00704   0.00705   0.00000   0.14685   0.00853   0.02000   0.49057   0.56773   0.92282  
112  0.0045   5428.956517  x:  0.09037   1.05213   0.43639   0.17287   0.50486   0.14401   0.35263   0.17706   0.13638   0.34126   0.00000   0.00760   0.01088   0.29874   0.15683   0.14938   2.92377   0.00000   0.21408   1.35046   0.00000   0.06441   0.01973   0.00000   0.02561   0.12933   0.11488   0.07570   0.28271   0.07231   0.01607   0.13554   0.14367   0.14088   0.18410   0.19932   0.00000   0.08557   0.03083   0.02248   0.12697   0.09458   0.09736   0.08391   0.00000   0.02260   0.02867   0.03964   0.01962   0.00637   0.02616   0.01304   0.01300   0.01000   0.00000   0.00000   0.00000   0.00710   0.04599   0.02439   0.01411   0.00000   0.00706   0.00000   0.01412   0.00703   0.00706   0.00000   0.14688   0.00852   0.01996   0.49064   0.56788   0.92461  
113  0.0009   5428.956440  x:  0.09033   1.05213   0.43639   0.17282   0.50490   0.14395   0.35257   0.17711   0.13637   0.34126   0.00000   0.00760   0.01086   0.29873   0.15684   0.14937   2.92404   0.00000   0.21402   1.35055   0.00000   0.06439   0.01976   0.00000   0.02563   0.12933   0.11490   0.07569   0.28270   0.07231   0.01609   0.13555   0.14366   0.14091   0.18414   0.19928   0.00000   0.08552   0.03078   0.02247   0.12697   0.09460   0.09737   0.08398   0.00000   0.02262   0.02868   0.03953   0.01961   0.00637   0.02613   0.01302   0.01301   0.00996   0.00000   0.00000   0.00000   0.00709   0.04596   0.02440   0.01413   0.00000   0.00705   0.00000   0.01417   0.00704   0.00707   0.00000   0.14687   0.00852   0.01995   0.49066   0.56796   0.92442  
114  0.0002   5428.956407  x:  0.09041   1.05217   0.43634   0.17285   0.50486   0.14394   0.35256   0.17710   0.13639   0.34128   0.00000   0.00760   0.01086   0.29872   0.15684   0.14947   2.92366   0.00000   0.21399   1.35059   0.00000   0.06438   0.01974   0.00000   0.02561   0.12931   0.11491   0.07568   0.28274   0.07231   0.01607   0.13554   0.14365   0.14090   0.18414   0.19930   0.00000   0.08551   0.03080   0.02249   0.12697   0.09460   0.09734   0.08397   0.00000   0.02261   0.02867   0.03948   0.01962   0.00636   0.02616   0.01301   0.01300   0.00994   0.00000   0.00000   0.00000   0.00709   0.04597   0.02439   0.01414   0.00000   0.00705   0.00000   0.01418   0.00705   0.00707   0.00000   0.14685   0.00852   0.01997   0.49063   0.56789   0.92352  
115  0.0007   5428.956398  x:  0.09042   1.05218   0.43632   0.17287   0.50484   0.14396   0.35259   0.17708   0.13640   0.34129   0.00000   0.00761   0.01087   0.29874   0.15684   0.14947   2.92370   0.00000   0.21401   1.35062   0.00000   0.06439   0.01974   0.00000   0.02562   0.12933   0.11490   0.07569   0.28274   0.07232   0.01608   0.13555   0.14366   0.14089   0.18411   0.19933   0.00000   0.08554   0.03078   0.02249   0.12697   0.09458   0.09733   0.08394   0.00000   0.02261   0.02868   0.03949   0.01961   0.00637   0.02616   0.01302   0.01300   0.00993   0.00000   0.00000   0.00000   0.00709   0.04597   0.02440   0.01415   0.00000   0.00706   0.00000   0.01418   0.00705   0.00708   0.00000   0.14686   0.00852   0.01999   0.49063   0.56779   0.92319  
116  0.0002   5428.956384  x:  0.09040   1.05216   0.43634   0.17287   0.50484   0.14396   0.35261   0.17709   0.13639   0.34129   0.00000   0.00760   0.01086   0.29875   0.15683   0.14945   2.92393   0.00000   0.21403   1.35057   0.00000   0.06440   0.01975   0.00000   0.02562   0.12933   0.11488   0.07569   0.28274   0.07231   0.01606   0.13554   0.14366   0.14090   0.18412   0.19934   0.00000   0.08551   0.03080   0.02249   0.12697   0.09459   0.09735   0.08396   0.00000   0.02262   0.02868   0.03950   0.01962   0.00637   0.02616   0.01302   0.01301   0.00991   0.00000   0.00000   0.00000   0.00708   0.04596   0.02439   0.01418   0.00000   0.00706   0.00000   0.01416   0.00704   0.00707   0.00000   0.14687   0.00851   0.01999   0.49063   0.56782   0.92325  
117  0.0001   5428.956379  x:  0.09040   1.05215   0.43634   0.17286   0.50485   0.14395   0.35258   0.17709   0.13639   0.34128   0.00000   0.00760   0.01086   0.29873   0.15683   0.14945   2.92379   0.00000   0.21400   1.35055   0.00000   0.06439   0.01974   0.00000   0.02562   0.12932   0.11490   0.07568   0.28274   0.07231   0.01607   0.13554   0.14366   0.14090   0.18413   0.19931   0.00000   0.08553   0.03079   0.02250   0.12697   0.09459   0.09734   0.08396   0.00000   0.02261   0.02868   0.03951   0.01961   0.00637   0.02616   0.01302   0.01301   0.00991   0.00000   0.00000   0.00000   0.00708   0.04597   0.02440   0.01419   0.00000   0.00706   0.00000   0.01415   0.00704   0.00707   0.00000   0.14686   0.00852   0.01998   0.49063   0.56787   0.92344  
118  0.0002   5428.956379  x:  0.09040   1.05218   0.43634   0.17286   0.50486   0.14395   0.35257   0.17709   0.13639   0.34128   0.00000   0.00761   0.01086   0.29873   0.15684   0.14945   2.92376   0.00000   0.21400   1.35061   0.00000   0.06439   0.01974   0.00000   0.02562   0.12932   0.11490   0.07568   0.28273   0.07231   0.01607   0.13555   0.14366   0.14090   0.18413   0.19931   0.00000   0.08552   0.03080   0.02249   0.12697   0.09459   0.09734   0.08395   0.00000   0.02262   0.02868   0.03951   0.01961   0.00637   0.02616   0.01302   0.01301   0.00991   0.00000   0.00000   0.00000   0.00707   0.04597   0.02440   0.01419   0.00000   0.00706   0.00000   0.01416   0.00704   0.00707   0.00000   0.14685   0.00852   0.01998   0.49063   0.56785   0.92350  
119  0.0001   5428.956378  x:  0.09040   1.05218   0.43633   0.17285   0.50485   0.14395   0.35258   0.17709   0.13639   0.34128   0.00000   0.00761   0.01086   0.29874   0.15684   0.14946   2.92378   0.00000   0.21401   1.35062   0.00000   0.06439   0.01974   0.00000   0.02562   0.12932   0.11490   0.07568   0.28274   0.07231   0.01607   0.13554   0.14366   0.14090   0.18413   0.19932   0.00000   0.08552   0.03079   0.02249   0.12697   0.09459   0.09734   0.08396   0.00000   0.02262   0.02868   0.03952   0.01961   0.00637   0.02616   0.01302   0.01300   0.00991   0.00000   0.00000   0.00000   0.00707   0.04597   0.02440   0.01420   0.00000   0.00706   0.00000   0.01416   0.00704   0.00707   0.00000   0.14686   0.00852   0.01998   0.49063   0.56784   0.92349  
120  0.0000   5428.956378  x:  0.09040   1.05217   0.43633   0.17286   0.50485   0.14395   0.35258   0.17709   0.13639   0.34128   0.00000   0.00760   0.01086   0.29873   0.15684   0.14945   2.92377   0.00000   0.21401   1.35060   0.00000   0.06439   0.01974   0.00000   0.02562   0.12932   0.11490   0.07568   0.28274   0.07231   0.01607   0.13554   0.14366   0.14090   0.18413   0.19932   0.00000   0.08552   0.03079   0.02249   0.12697   0.09459   0.09734   0.08396   0.00000   0.02262   0.02867   0.03952   0.01961   0.00637   0.02616   0.01302   0.01300   0.00991   0.00000   0.00000   0.00000   0.00707   0.04597   0.02440   0.01420   0.00000   0.00706   0.00000   0.01416   0.00704   0.00707   0.00000   0.14686   0.00852   0.01998   0.49063   0.56785   0.92347  
121  0.0000   5428.956378  x:  0.09040   1.05217   0.43633   0.17286   0.50485   0.14395   0.35258   0.17709   0.13639   0.34128   0.00000   0.00760   0.01086   0.29873   0.15684   0.14945   2.92377   0.00000   0.21401   1.35060   0.00000   0.06439   0.01974   0.00000   0.02562   0.12932   0.11490   0.07568   0.28274   0.07231   0.01607   0.13554   0.14366   0.14090   0.18413   0.19932   0.00000   0.08552   0.03079   0.02249   0.12697   0.09459   0.09734   0.08396   0.00000   0.02262   0.02867   0.03952   0.01961   0.00637   0.02616   0.01302   0.01300   0.00991   0.00000   0.00000   0.00000   0.00707   0.04597   0.02440   0.01420   0.00000   0.00706   0.00000   0.01416   0.00704   0.00707   0.00000   0.14686   0.00852   0.01998   0.49063   0.56785   0.92347  
122  0.0000   5428.956378  x:  0.09040   1.05217   0.43633   0.17286   0.50485   0.14395   0.35258   0.17709   0.13639   0.34128   0.00000   0.00760   0.01086   0.29873   0.15684   0.14945   2.92377   0.00000   0.21401   1.35060   0.00000   0.06439   0.01974   0.00000   0.02562   0.12932   0.11490   0.07568   0.28274   0.07231   0.01607   0.13554   0.14366   0.14090   0.18413   0.19932   0.00000   0.08552   0.03079   0.02249   0.12697   0.09459   0.09734   0.08396   0.00000   0.02262   0.02867   0.03952   0.01961   0.00637   0.02616   0.01302   0.01300   0.00991   0.00000   0.00000   0.00000   0.00707   0.04597   0.02440   0.01420   0.00000   0.00706   0.00000   0.01416   0.00704   0.00707   0.00000   0.14686   0.00852   0.01998   0.49063   0.56785   0.92347  
check convergence!
