

TREE # 1

  0  0.0000   1789.978161  x:  0.03137   0.08849   0.03839   0.09126   0.08084   0.03572   0.56988   0.43201  
  1 99.0000   1387.590132  x:  0.22828   0.05132   0.00000   0.28817   0.25298   0.89836   0.56110   0.43939  
  2 2922.8040   1381.412027  x:  0.24627   0.00555   0.00000   0.30616   0.26110   0.88919   0.54816   0.44515  
  3 138.3282   1372.741174  x:  0.42749   0.02872   0.00000   0.48739   0.34154   0.79787   0.39752   0.51042  
  4 94.3707   1367.300921  x:  0.43267   0.02907   0.00000   0.49256   0.33244   0.79766   0.19682   0.57395  
  5 48.7070   1366.369334  x:  0.41699   0.02821   0.00000   0.47688   0.35859   0.79900   0.20504   0.80965  
  6  9.8729   1366.291259  x:  0.42569   0.02745   0.00000   0.48558   0.32781   0.80175   0.20718   0.81976  
  7  1.2149   1364.079246  x:  0.44695   0.00648   0.00000   0.50684   0.34109   0.80679   0.16978   0.86062  
  8  0.3073   1364.010622  x:  0.45236   0.00114   0.00718   0.51226   0.34447   0.80808   0.16028   0.87101  
  9 50.8603   1363.946008  x:  0.45340   0.00000   0.00831   0.51329   0.34505   0.80873   0.16025   0.87162  
 10  0.1586   1363.833852  x:  0.45844   0.00000   0.01372   0.51834   0.34893   0.81173   0.16034   0.87404  
 11 16.0623   1359.331866  x:  0.50329   0.00000   0.00204   0.56355   0.18943   1.14584   0.41956   0.69150  
 12  0.0615   1359.273773  x:  0.50380   0.00211   0.00191   0.56406   0.18763   1.14963   0.42250   0.68943  
 13 178.0993   1358.960960  x:  0.50364   0.00000   0.00295   0.56391   0.19040   1.14980   0.41896   0.69148  
 14  0.1010   1357.123385  x:  0.47797   0.00959   0.00000   0.53825   0.21937   1.13721   0.35506   0.73912  
 15  0.1832   1357.123385  x:  0.47797   0.00959   0.00000   0.53825   0.21937   1.13721   0.35506   0.73912  
 16  1.2731   1356.646412  x:  0.47806   0.00000   0.02114   0.53834   0.22266   1.14476   0.34379   0.73828  
 17 83.0251   1350.931461  x:  0.47963   0.00000   0.01901   0.53991   0.26449   1.25687   0.17824   0.72649  
 18 59.8012   1349.063445  x:  0.54180   0.00000   0.01727   0.60209   0.33929   1.41698   0.19175   0.71283  
 19 25.7144   1348.347736  x:  0.59624   0.00000   0.01991   0.65652   0.20760   1.52193   0.18982   0.68603  
 20  8.6847   1348.199717  x:  0.56940   0.00000   0.01945   0.62968   0.19269   1.55752   0.20507   0.59945  
 21  1.9990   1348.042124  x:  0.59684   0.00000   0.01714   0.65712   0.20293   1.54656   0.18633   0.54858  
 22  0.6434   1347.386292  x:  0.57901   0.00000   0.00855   0.63929   0.21228   1.62733   0.16871   0.57412  
 23  0.9998   1347.322617  x:  0.57481   0.00000   0.00684   0.63509   0.20013   1.63945   0.17947   0.57496  
 24  0.0383   1347.309149  x:  0.57655   0.00000   0.00771   0.63683   0.19181   1.64406   0.18241   0.58340  
 25  0.0246   1347.307647  x:  0.58049   0.00000   0.00754   0.64077   0.18903   1.64430   0.18152   0.58806  
 26  0.0097   1347.307631  x:  0.58041   0.00000   0.00752   0.64069   0.18897   1.64526   0.18152   0.58784  
 27  0.0009   1347.307631  x:  0.58047   0.00000   0.00752   0.64075   0.18899   1.64530   0.18151   0.58778  
 28  0.0001   1347.307631  x:  0.58047   0.00000   0.00752   0.64075   0.18898   1.64531   0.18151   0.58777  