

TREE # 1

  0  0.0000   2985.277123  x:  0.04107   0.05724   0.02128   0.08886   0.04697   0.10775   0.10592   0.10282   0.10503   0.06307   0.08920   0.08360   0.05039   0.04655   0.07522   0.03835   0.07742   0.07957   0.49993   0.57608   0.41473  
  1 99.0000   2443.574383  x:  0.35367   0.36984   0.80197   0.25640   0.17436   0.21195   0.04070   0.04261   0.09198   0.27622   0.14284   0.25682   0.31196   1.27699   0.05552   0.08187   0.03284   0.11476   0.49348   0.58687   0.42168  
  2 3017.5554   2431.199681  x:  0.35212   0.36829   0.79427   0.26219   0.16974   0.22613   0.00000   0.00895   0.07861   0.28003   0.14473   0.25214   0.30186   1.28449   0.04040   0.07734   0.01280   0.10944   0.47781   0.58925   0.42553  
  3 211.3533   2427.929612  x:  0.35000   0.36617   0.78149   0.27121   0.16219   0.24598   0.00000   0.00188   0.05928   0.28570   0.14757   0.24500   0.28547   1.29704   0.02361   0.07409   0.02852   0.10574   0.45284   0.59326   0.43230  
  4 154.5624   2424.513889  x:  0.34703   0.36320   0.76373   0.28377   0.15174   0.27389   0.00000   0.00704   0.03246   0.29362   0.15154   0.23506   0.26269   1.31441   0.00000   0.06888   0.03543   0.10020   0.41815   0.59883   0.44164  
  5 1184.7872   2420.704422  x:  0.34312   0.35929   0.73460   0.30243   0.13635   0.31187   0.00000   0.00895   0.00465   0.30467   0.15752   0.22102   0.22738   1.34098   0.02038   0.06631   0.03800   0.10939   0.36681   0.60820   0.45698  
  6 248.2458   2417.982640  x:  0.34049   0.35666   0.69904   0.32288   0.12355   0.34859   0.00000   0.01004   0.03554   0.31611   0.16533   0.20903   0.18852   1.37035   0.02405   0.07094   0.03982   0.11622   0.31795   0.61935   0.47582  
  7 173.5068   2414.839239  x:  0.36365   0.37982   0.57194   0.35948   0.10424   0.33635   0.00000   0.00954   0.03451   0.31734   0.15389   0.23239   0.11093   1.45122   0.01727   0.10503   0.03687   0.12693   0.35970   0.65879   0.54604  
  8 40.0556   2413.307527  x:  0.37247   0.38864   0.50037   0.36757   0.10811   0.32256   0.00000   0.00976   0.03901   0.31390   0.15349   0.25801   0.09115   1.49541   0.01905   0.06660   0.03836   0.12502   0.36925   0.68082   0.58785  
  9 72.1792   2412.319070  x:  0.36834   0.38451   0.43526   0.35258   0.12669   0.30877   0.00000   0.00955   0.03654   0.30645   0.15984   0.29874   0.11050   1.53145   0.01976   0.07734   0.03724   0.11428   0.34859   0.70163   0.63547  
 10 39.0842   2412.044707  x:  0.35337   0.36954   0.42912   0.33086   0.12049   0.31977   0.00000   0.00944   0.03707   0.31100   0.15243   0.31340   0.11509   1.54168   0.01569   0.07578   0.03675   0.12857   0.35531   0.71121   0.67231  
 11 12.8317   2411.812249  x:  0.33626   0.35243   0.44031   0.32159   0.12839   0.32366   0.00000   0.00967   0.03699   0.31326   0.15925   0.31840   0.10446   1.54461   0.02003   0.07571   0.03688   0.11458   0.36475   0.72232   0.72747  
 12 12.5026   2411.478465  x:  0.33113   0.34730   0.46944   0.33076   0.13086   0.30502   0.00000   0.00915   0.03631   0.30123   0.15130   0.32063   0.09857   1.53139   0.01598   0.07381   0.03477   0.12153   0.35203   0.73814   0.83880  
 13 13.9834   2411.167999  x:  0.34704   0.36321   0.48722   0.34042   0.11727   0.31163   0.00000   0.00911   0.03627   0.30712   0.16462   0.31734   0.11773   1.50609   0.01671   0.07176   0.03372   0.11851   0.35198   0.74937   0.95448  
 14 21.0434   2411.069519  x:  0.35519   0.37136   0.48883   0.33814   0.12639   0.31870   0.00000   0.00918   0.03639   0.31148   0.15394   0.30505   0.12489   1.49967   0.01794   0.07137   0.03351   0.11512   0.35270   0.74867   0.99140  
 15 12.9981   2411.008541  x:  0.35887   0.37504   0.48715   0.32795   0.12922   0.31433   0.00000   0.00901   0.03598   0.31187   0.15914   0.28539   0.12832   1.50196   0.01653   0.07112   0.03270   0.11822   0.35267   0.74082   1.01327  
 16  6.0279   2410.974521  x:  0.35729   0.37346   0.48522   0.32774   0.12290   0.31310   0.00000   0.00900   0.03674   0.30730   0.15617   0.27759   0.13293   1.50609   0.01781   0.07084   0.03231   0.11339   0.35322   0.72979   1.02338  
 17  3.5282   2410.903554  x:  0.35093   0.36710   0.47929   0.33957   0.12575   0.31626   0.00000   0.00889   0.03644   0.30306   0.15810   0.27176   0.14062   1.51096   0.01703   0.07049   0.03109   0.11649   0.35785   0.69902   1.04161  
 18  5.1664   2410.766350  x:  0.35059   0.36676   0.47384   0.33957   0.12434   0.31172   0.00000   0.00857   0.03586   0.31866   0.15598   0.28354   0.13247   1.51323   0.01712   0.07026   0.02822   0.11408   0.35439   0.63981   1.06927  
 19  5.6606   2410.686363  x:  0.35621   0.37238   0.47361   0.33212   0.12610   0.32077   0.00000   0.00842   0.03540   0.30502   0.15847   0.29326   0.12298   1.51375   0.01694   0.07032   0.02651   0.11389   0.35357   0.61962   1.08023  
 20  4.3535   2410.156919  x:  0.35311   0.36928   0.46705   0.33513   0.12538   0.32642   0.00000   0.00724   0.03361   0.30871   0.15843   0.29483   0.12058   1.51879   0.01368   0.06943   0.01451   0.11286   0.35223   0.67279   1.09588  
 21  0.9133   2410.078955  x:  0.34999   0.36616   0.45899   0.33337   0.12643   0.32492   0.00000   0.00754   0.03514   0.31011   0.15729   0.30553   0.11568   1.52636   0.01411   0.06898   0.01631   0.11156   0.35793   0.72202   1.11515  
 22  0.0514   2410.064724  x:  0.34879   0.36496   0.45881   0.33306   0.12640   0.32399   0.00000   0.00753   0.03576   0.31069   0.15681   0.30583   0.11575   1.52879   0.01363   0.06982   0.01484   0.11220   0.35877   0.72985   1.15562  
 23  0.0362   2410.054749  x:  0.34885   0.36502   0.46079   0.33352   0.12623   0.32422   0.00000   0.00768   0.03612   0.31056   0.15713   0.30404   0.11613   1.53164   0.01315   0.06942   0.01552   0.11287   0.35631   0.72851   1.21670  
 24  0.0298   2410.049513  x:  0.34957   0.36574   0.46062   0.33327   0.12647   0.32397   0.00000   0.00776   0.03602   0.30979   0.15717   0.30757   0.11390   1.53740   0.01370   0.06929   0.01522   0.11148   0.35822   0.71951   1.24184  
 25  0.0094   2410.035324  x:  0.34961   0.36578   0.46303   0.33349   0.12609   0.32626   0.00000   0.00774   0.03425   0.31171   0.15675   0.30803   0.11270   1.55719   0.01281   0.07044   0.01542   0.11364   0.35741   0.71308   1.23484  
 26  0.0039   2410.028273  x:  0.35050   0.36667   0.46554   0.33340   0.12672   0.32478   0.00000   0.00770   0.03465   0.31107   0.15727   0.30716   0.11328   1.56582   0.01315   0.06887   0.01532   0.11289   0.35673   0.71684   1.21074  
 27  0.0174   2410.027023  x:  0.35110   0.36727   0.46650   0.33374   0.12652   0.32445   0.00000   0.00770   0.03534   0.31083   0.15730   0.30685   0.11287   1.56713   0.01326   0.06962   0.01537   0.11255   0.35696   0.71731   1.20309  
 28  0.0067   2410.026810  x:  0.35100   0.36717   0.46616   0.33378   0.12647   0.32470   0.00000   0.00768   0.03567   0.31101   0.15722   0.30723   0.11269   1.56786   0.01309   0.06949   0.01534   0.11280   0.35686   0.71601   1.20375  
 29  0.0013   2410.026804  x:  0.35099   0.36716   0.46619   0.33373   0.12651   0.32469   0.00000   0.00767   0.03567   0.31099   0.15725   0.30719   0.11273   1.56783   0.01305   0.06950   0.01535   0.11276   0.35684   0.71587   1.20355  
 30  0.0002   2410.026804  x:  0.35100   0.36717   0.46619   0.33373   0.12650   0.32469   0.00000   0.00767   0.03566   0.31099   0.15724   0.30719   0.11273   1.56783   0.01305   0.06950   0.01535   0.11277   0.35685   0.71590   1.20358  
 31  0.0000   2410.026804  x:  0.35099   0.36717   0.46619   0.33373   0.12650   0.32469   0.00000   0.00767   0.03566   0.31099   0.15724   0.30719   0.11273   1.56783   0.01305   0.06950   0.01535   0.11277   0.35685   0.71591   1.20361  
 32  0.0000   2410.026804  x:  0.35099   0.36717   0.46619   0.33373   0.12650   0.32469   0.00000   0.00767   0.03566   0.31099   0.15724   0.30719   0.11273   1.56783   0.01305   0.06950   0.01535   0.11277   0.35685   0.71590   1.20361  
 33  0.0000   2410.026804  x:  0.35099   0.36717   0.46619   0.33373   0.12650   0.32469   0.00000   0.00767   0.03566   0.31099   0.15724   0.30719   0.11273   1.56783   0.01305   0.06950   0.01535   0.11277   0.35685   0.71590   1.20361  
 34  0.0000   2410.026804  x:  0.35099   0.36717   0.46619   0.33373   0.12650   0.32469   0.00000   0.00767   0.03566   0.31099   0.15724   0.30719   0.11273   1.56783   0.01305   0.06950   0.01535   0.11277   0.35685   0.71590   1.20361  