

TREE # 1

  0  0.0000   2109.422145  x:  0.02493   0.05631   0.03738   0.02100   0.02754   0.03060   0.07979   0.06024   0.01512   0.02977   0.10713   0.10073   0.50734   0.46529   0.45518  
  1 99.0000   1554.810591  x:  0.61521   0.01975   0.00000   0.61129   0.53514   1.20319   0.04751   0.06533   0.02374   0.00469   0.08064   0.11150   0.49925   0.47261   0.45849  
  2 4517.4778   1552.964753  x:  0.61477   0.01668   0.00000   0.61085   0.53428   1.20414   0.04280   0.06548   0.02257   0.00000   0.07755   0.11227   0.49772   0.47284   0.45883  
  3 223.9055   1544.958779  x:  0.61085   0.01783   0.00000   0.60693   0.52665   1.21235   0.00000   0.06600   0.02731   0.00000   0.05497   0.11632   0.48391   0.47492   0.46206  
  4 550.0911   1541.877364  x:  0.59734   0.02849   0.00000   0.59341   0.49922   1.24046   0.00000   0.05245   0.00826   0.00000   0.04090   0.11418   0.43040   0.48242   0.47514  
  5 114.7244   1532.801303  x:  0.55163   0.01914   0.00000   0.54771   0.40579   1.33365   0.00000   0.02038   0.01560   0.00000   0.03651   0.10240   0.24509   0.50791   0.52013  
  6 417.0887   1529.360985  x:  0.53176   0.01781   0.00000   0.52784   0.36441   1.37450   0.00000   0.02979   0.01425   0.00000   0.03736   0.09841   0.16272   0.51933   0.54031  
  7 1118.5397   1528.598277  x:  0.52266   0.01898   0.00000   0.51873   0.32386   1.40221   0.00000   0.02990   0.01387   0.00000   0.04639   0.12982   0.17146   0.53504   0.56690  
  8 28.3523   1526.902494  x:  0.50292   0.01547   0.00000   0.49900   0.21266   1.47275   0.00000   0.03761   0.01435   0.00000   0.04879   0.11200   0.22380   0.57844   0.64464  
  9 57.6032   1525.736260  x:  0.58135   0.00978   0.00000   0.57742   0.16741   1.41623   0.00000   0.03581   0.01492   0.00000   0.03717   0.11411   0.20061   0.60812   0.87236  
 10  7.9933   1525.514923  x:  0.59639   0.00868   0.00423   0.59247   0.15882   1.40535   0.00000   0.03547   0.01503   0.00000   0.03492   0.11452   0.19615   0.61385   0.91641  
 11 1587.8876   1524.452422  x:  0.55373   0.00000   0.00678   0.54981   0.26791   1.40600   0.00000   0.03768   0.01583   0.00000   0.02628   0.11650   0.20108   0.62567   1.16261  
 12  9.2084   1524.284456  x:  0.55010   0.00000   0.00758   0.54618   0.25427   1.41778   0.00000   0.03910   0.01627   0.00000   0.02428   0.11925   0.20646   0.54410   1.17239  
 13  1.4756   1523.853142  x:  0.55687   0.00000   0.00883   0.55295   0.22835   1.42695   0.00000   0.04254   0.01812   0.00000   0.01677   0.12671   0.20578   0.59535   1.05323  
 14  0.8216   1523.094250  x:  0.55575   0.00000   0.00599   0.55183   0.18427   1.44777   0.00000   0.05278   0.02186   0.00000   0.02496   0.13629   0.20977   0.60515   0.88209  
 15  0.4196   1523.000848  x:  0.55654   0.00000   0.00906   0.55261   0.18865   1.45165   0.00000   0.05514   0.02163   0.00000   0.02682   0.13674   0.20759   0.61351   0.89882  
 16  0.0665   1522.821717  x:  0.54860   0.00000   0.00808   0.54467   0.19708   1.46904   0.00000   0.06398   0.02030   0.00000   0.02613   0.12823   0.20462   0.57757   0.95908  
 17  0.0419   1522.768375  x:  0.56475   0.00000   0.00776   0.56083   0.19439   1.46670   0.00000   0.06726   0.01946   0.00000   0.02554   0.12965   0.20158   0.59627   0.89255  
 18  0.0437   1522.661235  x:  0.56712   0.00000   0.00740   0.56321   0.18779   1.52356   0.00000   0.06953   0.01866   0.00000   0.02499   0.13642   0.19668   0.59049   0.96012  
 19  0.0138   1522.526549  x:  0.59256   0.00000   0.00776   0.58865   0.17127   1.57411   0.00000   0.06544   0.02004   0.00000   0.02535   0.13263   0.20335   0.55952   0.96640  
 20  0.0241   1522.502380  x:  0.59477   0.00000   0.00760   0.59086   0.16671   1.58983   0.00000   0.06406   0.02017   0.00000   0.02555   0.13031   0.19720   0.56323   0.93074  
 21  0.0298   1522.501321  x:  0.59399   0.00000   0.00752   0.59008   0.16992   1.59143   0.00000   0.06417   0.02005   0.00000   0.02571   0.13038   0.19719   0.56035   0.92494  
 22  0.0051   1522.501298  x:  0.59363   0.00000   0.00755   0.58972   0.16996   1.59129   0.00000   0.06413   0.02005   0.00000   0.02573   0.13044   0.19732   0.56028   0.92412  
 23  0.0009   1522.501298  x:  0.59358   0.00000   0.00755   0.58967   0.16998   1.59128   0.00000   0.06413   0.02005   0.00000   0.02573   0.13043   0.19733   0.56032   0.92413  
 24  0.0001   1522.501298  x:  0.59358   0.00000   0.00755   0.58967   0.16998   1.59129   0.00000   0.06413   0.02005   0.00000   0.02573   0.13043   0.19733   0.56032   0.92413  
 25  0.0000   1522.501298  x:  0.59358   0.00000   0.00755   0.58967   0.16998   1.59129   0.00000   0.06413   0.02005   0.00000   0.02573   0.13043   0.19733   0.56032   0.92413  
 26  0.0000   1522.501298  x:  0.59358   0.00000   0.00755   0.58967   0.16998   1.59129   0.00000   0.06413   0.02005   0.00000   0.02573   0.13043   0.19733   0.56032   0.92413  