

TREE # 1

  0  0.0000   1547.321353  x:  0.02129   0.02040   0.08767   0.01227   0.05454   0.04636   0.09260   0.05526   0.06949   0.08380   0.09905   0.06225   0.09214   0.05719   0.09446   0.09416   0.04956   0.40274   0.44673  
  1 99.0000   1517.882681  x:  0.11710   0.03414   0.08916   0.12785   0.04307   0.04101   0.10398   0.07972   0.06968   0.08215   0.09646   0.07395   0.09339   0.06430   0.09497   0.08265   0.05429   0.39709   0.44676  
  2 890.3512   1513.092780  x:  0.12567   0.02730   0.08538   0.11581   0.01503   0.02904   0.12157   0.11073   0.07054   0.07947   0.08966   0.09001   0.09290   0.07699   0.09402   0.05213   0.06338   0.38008   0.44694  
  3 131.6985   1511.849775  x:  0.13228   0.02520   0.08374   0.10859   0.02815   0.03503   0.13078   0.12484   0.06898   0.07884   0.08556   0.09745   0.09306   0.08092   0.09307   0.03495   0.06670   0.36550   0.44698  
  4 114.6530   1510.853670  x:  0.14677   0.02706   0.08212   0.09573   0.02961   0.03748   0.14109   0.13469   0.05756   0.08231   0.08109   0.10174   0.09572   0.07308   0.09112   0.04969   0.06618   0.31825   0.44674  
  5 44.7326   1510.365786  x:  0.14852   0.02266   0.08534   0.09614   0.02908   0.03339   0.13967   0.12753   0.05650   0.08451   0.08541   0.09594   0.09590   0.07106   0.09215   0.04297   0.06167   0.28190   0.44624  
  6 43.0358   1510.284920  x:  0.14646   0.02634   0.08592   0.09739   0.02774   0.03635   0.13885   0.12543   0.05944   0.08343   0.08615   0.09625   0.09611   0.07409   0.09271   0.04275   0.06461   0.27340   0.44611  
  7 21.9367   1510.273574  x:  0.14529   0.02492   0.08541   0.09844   0.02838   0.03573   0.13879   0.12540   0.06077   0.08252   0.08565   0.09726   0.09599   0.07490   0.09278   0.04384   0.06554   0.27185   0.44608  
  8  7.1561   1510.271949  x:  0.14453   0.02524   0.08491   0.09896   0.02842   0.03559   0.13877   0.12545   0.06077   0.08230   0.08530   0.09800   0.09601   0.07460   0.09263   0.04377   0.06489   0.27153   0.44609  
  9  2.1638   1510.271708  x:  0.14431   0.02508   0.08477   0.09914   0.02832   0.03583   0.13879   0.12551   0.06062   0.08245   0.08534   0.09806   0.09605   0.07446   0.09264   0.04374   0.06496   0.27150   0.44611  
 10  0.6729   1510.271327  x:  0.14400   0.02523   0.08472   0.09933   0.02842   0.03559   0.13885   0.12568   0.06041   0.08276   0.08547   0.09803   0.09618   0.07439   0.09272   0.04371   0.06524   0.27149   0.44618  
 11  0.4311   1510.265216  x:  0.14263   0.02518   0.08559   0.09992   0.02833   0.03577   0.13948   0.12729   0.06069   0.08270   0.08556   0.09678   0.09706   0.07518   0.09343   0.04397   0.06419   0.27181   0.44744  
 12  0.2673   1510.190859  x:  0.13768   0.02504   0.08715   0.10019   0.02623   0.03473   0.13855   0.12811   0.06148   0.07858   0.08387   0.09528   0.09464   0.07457   0.09163   0.04062   0.06690   0.27666   0.46235  
 13  1.7033   1510.140167  x:  0.13637   0.02430   0.08509   0.09886   0.02501   0.03408   0.13760   0.12665   0.06407   0.08140   0.08633   0.09881   0.09447   0.07799   0.09267   0.03917   0.06595   0.28037   0.47239  
 14 11.0106   1510.139356  x:  0.13647   0.02425   0.08483   0.09877   0.02496   0.03405   0.13760   0.12634   0.06389   0.08103   0.08618   0.09887   0.09523   0.07797   0.09322   0.03903   0.06607   0.28046   0.47224  
 15  1.2671   1510.138732  x:  0.13645   0.02425   0.08493   0.09873   0.02493   0.03406   0.13810   0.12624   0.06439   0.08100   0.08642   0.09894   0.09561   0.07748   0.09307   0.03898   0.06614   0.28054   0.47039  
 16  0.4035   1510.132266  x:  0.13580   0.02422   0.08488   0.09867   0.02479   0.03401   0.13996   0.12563   0.06340   0.08074   0.08655   0.09874   0.09514   0.07843   0.09266   0.03902   0.06603   0.28105   0.44855  
 17  2.1911   1510.127350  x:  0.13566   0.02431   0.08505   0.09827   0.02469   0.03398   0.13801   0.12700   0.06382   0.08112   0.08612   0.09878   0.09484   0.07790   0.09359   0.03895   0.06610   0.28123   0.43183  
 18  7.9818   1510.126970  x:  0.13566   0.02426   0.08507   0.09823   0.02468   0.03398   0.13761   0.12714   0.06376   0.08117   0.08609   0.09877   0.09527   0.07806   0.09304   0.03895   0.06611   0.28122   0.43077  
 19  1.1876   1510.070450  x:  0.13219   0.02355   0.09017   0.09307   0.02379   0.03388   0.13837   0.12617   0.06232   0.08311   0.08336   0.10159   0.09623   0.07784   0.09370   0.04047   0.06610   0.27833   0.43897  
 20  0.0177   1510.021076  x:  0.12990   0.02403   0.08577   0.08810   0.02343   0.03335   0.13867   0.12787   0.06245   0.08151   0.08587   0.09925   0.09581   0.07746   0.09334   0.04199   0.06594   0.27556   0.44621  
 21  7.5131   1510.020924  x:  0.12990   0.02406   0.08560   0.08809   0.02342   0.03334   0.13874   0.12780   0.06258   0.08171   0.08554   0.09906   0.09582   0.07747   0.09331   0.04197   0.06595   0.27555   0.44623  
 22  0.5478   1509.998559  x:  0.12622   0.02457   0.08518   0.08773   0.02516   0.03412   0.13749   0.12500   0.06258   0.08172   0.08595   0.09813   0.09571   0.07645   0.09316   0.04164   0.06554   0.27812   0.44584  
 23  0.0051   1509.997753  x:  0.12662   0.02445   0.08537   0.08723   0.02527   0.03426   0.13758   0.12517   0.06255   0.08165   0.08592   0.09816   0.09565   0.07653   0.09312   0.04109   0.06556   0.27791   0.44603  
 24  0.0010   1509.997741  x:  0.12656   0.02444   0.08534   0.08728   0.02528   0.03427   0.13760   0.12523   0.06259   0.08163   0.08591   0.09818   0.09566   0.07658   0.09314   0.04107   0.06558   0.27795   0.44613  
 25  0.0002   1509.997741  x:  0.12657   0.02445   0.08534   0.08728   0.02529   0.03427   0.13760   0.12523   0.06259   0.08163   0.08591   0.09818   0.09567   0.07658   0.09314   0.04107   0.06558   0.27795   0.44612  
 26  0.0000   1509.997741  x:  0.12657   0.02445   0.08534   0.08728   0.02529   0.03427   0.13760   0.12523   0.06259   0.08163   0.08591   0.09818   0.09567   0.07658   0.09314   0.04107   0.06558   0.27795   0.44612  
 27  0.0000   1509.997741  x:  0.12657   0.02445   0.08534   0.08728   0.02529   0.03427   0.13760   0.12523   0.06259   0.08163   0.08591   0.09818   0.09567   0.07658   0.09314   0.04107   0.06558   0.27795   0.44612  