

TREE # 1

  0  0.0000   2753.859451  x:  0.01074   0.06973   0.07419   0.09739   0.05387   0.06841   0.10018   0.02388   0.08567   0.05921   0.05639   0.10195   0.02453   0.04729   0.49669   0.56810  
  1 99.0000   2338.967593  x:  0.20786   0.26685   0.19287   0.16794   0.11877   0.16833   0.06386   0.00000   0.08209   0.18544   0.11752   0.17228   0.29971   0.57496   0.48442   0.57183  
  2 2488.3048   2336.438888  x:  0.21177   0.27076   0.19985   0.17508   0.12253   0.17597   0.05374   0.04438   0.07929   0.19092   0.12070   0.17520   0.29970   0.58142   0.48005   0.57243  
  3 592.1534   2321.622671  x:  0.21541   0.27440   0.22404   0.20306   0.13468   0.20190   0.00000   0.04413   0.06544   0.20706   0.13068   0.18375   0.27794   0.57257   0.45849   0.57518  
  4 222.0578   2317.112010  x:  0.23210   0.29108   0.26016   0.18236   0.09981   0.19185   0.00000   0.04545   0.04216   0.21116   0.11160   0.20802   0.21394   0.59432   0.35899   0.59324  
  5 69.5813   2316.402220  x:  0.23219   0.29118   0.26089   0.17959   0.10830   0.18846   0.00000   0.04554   0.06689   0.20715   0.11977   0.21508   0.19383   0.60397   0.33282   0.60412  
  6 45.2179   2316.074256  x:  0.22637   0.28536   0.24894   0.18551   0.11956   0.18351   0.00000   0.04530   0.05704   0.19797   0.12089   0.22814   0.17611   0.61957   0.33362   0.63264  
  7 13.6648   2315.669304  x:  0.21893   0.27792   0.24153   0.18423   0.10702   0.19520   0.00000   0.04430   0.06163   0.20720   0.12099   0.25079   0.15999   0.63011   0.34579   0.68941  
  8 18.8393   2314.833904  x:  0.22114   0.28013   0.26634   0.18822   0.11436   0.17884   0.00000   0.04171   0.06698   0.21074   0.11252   0.27777   0.18118   0.61089   0.34617   0.84081  
  9 19.3101   2313.981573  x:  0.22976   0.28875   0.26371   0.17694   0.11424   0.19520   0.00000   0.03846   0.05461   0.20290   0.13671   0.25138   0.20403   0.59459   0.32771   0.99075  
 10 37.8025   2313.506385  x:  0.23737   0.29636   0.25950   0.18652   0.11584   0.20365   0.00000   0.03651   0.05780   0.20593   0.11965   0.21601   0.20435   0.59310   0.32185   1.06224  
 11 35.6342   2313.294157  x:  0.24005   0.29904   0.26668   0.19109   0.11231   0.19279   0.00000   0.03549   0.05749   0.21392   0.12744   0.19856   0.19614   0.59578   0.32785   1.08126  
 12 12.3525   2312.432330  x:  0.23326   0.29225   0.31299   0.17495   0.12197   0.20676   0.00000   0.02927   0.05716   0.19590   0.12648   0.17996   0.17844   0.60828   0.34728   1.08867  
 13  5.0752   2307.698638  x:  0.20392   0.26291   0.33900   0.20587   0.11654   0.21877   0.00000   0.00448   0.05086   0.20824   0.13194   0.18779   0.18379   0.62310   0.32814   1.05810  
 14  7.2502   2307.367722  x:  0.21472   0.27371   0.33512   0.20311   0.12111   0.22030   0.00000   0.00241   0.05030   0.21051   0.13218   0.19362   0.17804   0.61826   0.33194   1.05412  
 15 19.6513   2303.539654  x:  0.26975   0.32874   0.34342   0.26400   0.10315   0.24652   0.00000   0.00626   0.05246   0.18336   0.14978   0.25083   0.14401   0.60417   0.34281   0.97091  
 16  0.8041   2300.630168  x:  0.28333   0.34232   0.34132   0.24004   0.15695   0.26198   0.00000   0.00952   0.03309   0.25416   0.14699   0.28238   0.12136   0.59803   0.33773   0.90769  
 17 37.6057   2293.359094  x:  0.22526   0.28426   0.42239   0.35626   0.14275   0.32117   0.00000   0.00723   0.02090   0.28763   0.16931   0.30919   0.16912   0.66912   0.28076   0.70259  
 18  0.2447   2284.573499  x:  0.30245   0.36149   0.45957   0.41518   0.16222   0.37500   0.00000   0.00930   0.04840   0.31988   0.16441   0.22472   0.20316   0.82853   0.35257   1.12871  
 19  0.1432   2276.538526  x:  0.35063   0.40972   0.47396   0.39545   0.15088   0.36304   0.00000   0.00961   0.00873   0.31690   0.14916   0.22945   0.15599   1.05901   0.26493   1.05888  
 20  0.1196   2271.931954  x:  0.37316   0.43231   0.46493   0.34584   0.15064   0.33260   0.00000   0.00951   0.05251   0.30910   0.14841   0.26257   0.16144   1.27016   0.29110   0.63430  
 21  0.3013   2270.717142  x:  0.37227   0.43144   0.46269   0.31217   0.14855   0.31685   0.00000   0.00859   0.02825   0.30026   0.16147   0.25624   0.17991   1.39145   0.30467   0.71168  
 22  0.0911   2270.589036  x:  0.36114   0.42031   0.46773   0.31434   0.14667   0.31771   0.00000   0.00785   0.02873   0.30324   0.16383   0.25990   0.17729   1.42868   0.29181   0.67847  
 23  0.0372   2270.561633  x:  0.35366   0.41284   0.46704   0.31916   0.14811   0.32166   0.00000   0.00754   0.02801   0.30584   0.16354   0.25946   0.17691   1.43923   0.29679   0.67998  
 24  0.0114   2270.557850  x:  0.35305   0.41222   0.46248   0.31717   0.14892   0.32122   0.00000   0.00752   0.02901   0.30570   0.16201   0.26054   0.17534   1.44287   0.29700   0.68157  
 25  0.0040   2270.557262  x:  0.35313   0.41231   0.46086   0.31720   0.14897   0.32140   0.00000   0.00753   0.02842   0.30546   0.16209   0.26192   0.17475   1.44355   0.29705   0.68021  
 26  0.0019   2270.557121  x:  0.35324   0.41242   0.46052   0.31777   0.14886   0.32171   0.00000   0.00753   0.02852   0.30545   0.16223   0.26247   0.17440   1.44308   0.29687   0.68194  
 27  0.0018   2270.557106  x:  0.35325   0.41243   0.46055   0.31777   0.14879   0.32168   0.00000   0.00753   0.02858   0.30541   0.16231   0.26268   0.17424   1.44337   0.29693   0.68125  
 28  0.0006   2270.557103  x:  0.35325   0.41243   0.46061   0.31774   0.14877   0.32165   0.00000   0.00753   0.02857   0.30540   0.16232   0.26271   0.17417   1.44354   0.29694   0.68154  
 29  0.0002   2270.557103  x:  0.35324   0.41242   0.46064   0.31774   0.14878   0.32165   0.00000   0.00753   0.02857   0.30541   0.16231   0.26274   0.17413   1.44353   0.29693   0.68152  
 30  0.0000   2270.557103  x:  0.35324   0.41242   0.46064   0.31774   0.14878   0.32165   0.00000   0.00754   0.02857   0.30541   0.16231   0.26274   0.17413   1.44353   0.29693   0.68152  
 31  0.0000   2270.557103  x:  0.35324   0.41242   0.46064   0.31774   0.14878   0.32165   0.00000   0.00754   0.02857   0.30541   0.16231   0.26274   0.17414   1.44353   0.29693   0.68152  