

TREE # 1

  0  0.0000   2613.886073  x:  0.07078   0.08389   0.06640   0.03224   0.03181   0.04997   0.04273   0.02958   0.09962   0.08847   0.10761   0.02482   0.01513   0.04835   0.03218   0.03189   0.06174   0.02735   0.05238   0.03969   0.08526   0.04818   0.06265   0.05053   0.03754   0.07442   0.03255   0.09812   0.01095   0.03960   0.10096   0.05613   0.10610   0.03797   0.07777   0.02315   0.04973   0.10020   0.49469   0.47034   0.49025  
  1 99.0000   2476.351560  x:  0.06830   0.09772   0.04749   0.07450   0.01648   0.05544   0.03128   0.02945   0.07287   0.08869   0.10632   0.31235   0.04907   0.05749   0.23398   0.08724   0.03619   0.08294   0.03508   0.04145   0.06768   0.02314   0.03533   0.03436   0.10619   0.08046   0.09507   0.06735   0.16993   0.09545   0.09339   0.14501   0.10511   0.03548   0.07762   0.11609   0.04339   0.08749   0.47974   0.48541   0.49140  
  2 1578.6052   2457.523448  x:  0.06468   0.10549   0.03148   0.07686   0.00327   0.05838   0.02798   0.03034   0.04702   0.08867   0.09949   0.31444   0.03021   0.05376   0.24145   0.09009   0.00690   0.08239   0.01928   0.03993   0.05421   0.00174   0.00000   0.02410   0.11056   0.08201   0.09777   0.03159   0.15230   0.09456   0.08402   0.16443   0.10259   0.03186   0.07378   0.11203   0.03956   0.07632   0.46370   0.49891   0.49205  
  3 288.6711   2449.499609  x:  0.06253   0.11092   0.02130   0.07892   0.00687   0.06090   0.02665   0.03097   0.02841   0.08857   0.09466   0.31637   0.01787   0.05260   0.24736   0.09263   0.00000   0.08207   0.01353   0.03890   0.04547   0.01383   0.00000   0.01825   0.11360   0.08321   0.10040   0.00270   0.13845   0.09420   0.07742   0.17862   0.10090   0.02971   0.07132   0.10913   0.03765   0.06850   0.45065   0.50970   0.49271  
  4 579.6898   2448.946908  x:  0.06254   0.11125   0.02139   0.07905   0.00677   0.06109   0.02683   0.03106   0.02794   0.08852   0.09436   0.31650   0.01799   0.05262   0.24787   0.09271   0.00000   0.08214   0.01465   0.03887   0.04535   0.01372   0.00000   0.01857   0.11380   0.08322   0.10069   0.00000   0.13715   0.09425   0.07714   0.17954   0.10086   0.02972   0.07126   0.10891   0.03777   0.06814   0.44937   0.51071   0.49279  
  5 303.5146   2444.720448  x:  0.06468   0.11985   0.03212   0.08283   0.01029   0.06619   0.03184   0.03359   0.03135   0.08623   0.08584   0.32100   0.03206   0.05389   0.26592   0.09523   0.00000   0.08398   0.00575   0.03846   0.04894   0.00883   0.00000   0.02802   0.11930   0.08243   0.11176   0.00000   0.08945   0.09780   0.07367   0.20782   0.10051   0.03186   0.07132   0.10209   0.04369   0.06074   0.39934   0.54892   0.49640  
  6 265.8527   2442.909684  x:  0.06505   0.12069   0.03229   0.08306   0.00174   0.06473   0.02756   0.03228   0.04258   0.08544   0.08415   0.32328   0.03434   0.05187   0.27366   0.09572   0.00000   0.08394   0.00650   0.03911   0.05259   0.01272   0.00000   0.02082   0.12009   0.08138   0.11500   0.00000   0.07126   0.10043   0.07671   0.21597   0.10058   0.03223   0.07269   0.10092   0.04338   0.06273   0.37211   0.56832   0.49865  
  7 217.7090   2441.876561  x:  0.06503   0.12003   0.03053   0.08305   0.00742   0.06251   0.02354   0.03047   0.05182   0.08519   0.08407   0.32467   0.03359   0.04971   0.27900   0.09554   0.00000   0.08368   0.00937   0.03973   0.05526   0.01034   0.00000   0.01366   0.11988   0.08051   0.11646   0.00000   0.06062   0.10258   0.08031   0.22008   0.10068   0.03221   0.07406   0.10082   0.04197   0.06600   0.34932   0.58407   0.50063  
  8 337.6065   2439.695146  x:  0.06425   0.11382   0.02119   0.08059   0.00845   0.05489   0.02925   0.02654   0.06168   0.08722   0.08948   0.32346   0.02145   0.04762   0.28743   0.09268   0.00000   0.08190   0.00961   0.04013   0.05711   0.00953   0.00000   0.02879   0.11571   0.07963   0.11539   0.00000   0.05940   0.10671   0.09010   0.21846   0.10168   0.03143   0.07733   0.10310   0.03673   0.07731   0.28383   0.62769   0.50687  
  9 141.2129   2438.553054  x:  0.06512   0.11143   0.02461   0.07950   0.00823   0.05423   0.03046   0.02997   0.05866   0.08873   0.09360   0.31944   0.02493   0.04718   0.28873   0.09117   0.01604   0.08117   0.00948   0.03941   0.05531   0.00962   0.00000   0.02589   0.11269   0.07964   0.11241   0.00000   0.06772   0.10683   0.09194   0.21327   0.10319   0.03230   0.07771   0.10402   0.03842   0.07971   0.24486   0.65530   0.51116  
 10 158.7884   2437.642498  x:  0.06597   0.11070   0.02611   0.07935   0.00661   0.05600   0.02858   0.03056   0.05148   0.08955   0.09709   0.31569   0.02731   0.04969   0.28880   0.09155   0.00982   0.08054   0.00904   0.03976   0.05219   0.00724   0.00000   0.01927   0.11009   0.08118   0.11074   0.00000   0.07523   0.10601   0.09135   0.20772   0.10442   0.03316   0.07733   0.10512   0.04018   0.07902   0.21143   0.68287   0.51560  
 11 152.9926   2437.152621  x:  0.06611   0.11456   0.02189   0.08308   0.00565   0.06224   0.02295   0.02425   0.05049   0.08740   0.09661   0.31430   0.02440   0.05293   0.28630   0.09653   0.01502   0.08125   0.00884   0.04032   0.05436   0.00509   0.00000   0.01908   0.11176   0.08375   0.11475   0.00000   0.07725   0.10329   0.08832   0.19924   0.10483   0.03330   0.07630   0.10843   0.03703   0.07293   0.21109   0.71604   0.52192  
 12 31.8036   2436.645035  x:  0.06560   0.11785   0.01766   0.08634   0.00502   0.06478   0.02913   0.03091   0.05228   0.08605   0.09602   0.31416   0.01999   0.05436   0.28323   0.10147   0.01683   0.08085   0.00898   0.04067   0.05495   0.00356   0.00000   0.01460   0.11319   0.08581   0.11980   0.00000   0.07896   0.10115   0.08642   0.18965   0.10530   0.03278   0.07552   0.11242   0.03586   0.06942   0.21570   0.75994   0.53056  
 13 95.7524   2435.790963  x:  0.06391   0.11806   0.02484   0.08617   0.00635   0.05792   0.02477   0.03195   0.05218   0.08777   0.09663   0.31571   0.02277   0.05190   0.27603   0.10359   0.01231   0.07655   0.00897   0.03953   0.04731   0.00622   0.00000   0.01683   0.11249   0.08611   0.12515   0.00000   0.08449   0.10068   0.08729   0.17673   0.10612   0.03109   0.07521   0.11654   0.04174   0.07515   0.23229   0.84463   0.54827  
 14 84.2744   2435.489178  x:  0.06466   0.11482   0.02349   0.08270   0.00655   0.05776   0.02933   0.02675   0.04891   0.08903   0.09716   0.31711   0.02813   0.05041   0.27307   0.09941   0.01080   0.07818   0.00854   0.03974   0.04960   0.00723   0.00000   0.01456   0.11101   0.08381   0.12176   0.00000   0.08710   0.10180   0.08781   0.17767   0.10493   0.03184   0.07573   0.11464   0.03899   0.07712   0.23973   0.87535   0.55557  
 15 64.2106   2435.292949  x:  0.06594   0.11120   0.02257   0.07959   0.00661   0.05966   0.02547   0.03096   0.04704   0.08950   0.09713   0.31882   0.02790   0.05062   0.27119   0.09414   0.00989   0.08129   0.00812   0.04002   0.05302   0.00750   0.00000   0.01534   0.10988   0.08174   0.11572   0.00000   0.08937   0.10296   0.08821   0.18206   0.10382   0.03313   0.07599   0.11135   0.03710   0.07725   0.24464   0.89520   0.56116  
 16 50.7679   2435.216270  x:  0.06595   0.11004   0.02459   0.07961   0.00646   0.06052   0.02615   0.02950   0.04804   0.08880   0.09657   0.31999   0.02424   0.05178   0.27038   0.09219   0.01006   0.08225   0.00802   0.03968   0.05207   0.00743   0.00000   0.01440   0.10988   0.08188   0.11138   0.00000   0.09053   0.10298   0.08843   0.18576   0.10402   0.03314   0.07551   0.10934   0.03972   0.07622   0.24627   0.90146   0.56410  
 17 19.3468   2435.128384  x:  0.06429   0.11005   0.02218   0.08117   0.00670   0.05947   0.02600   0.02972   0.05005   0.08764   0.09626   0.32073   0.02630   0.05359   0.26830   0.09230   0.00975   0.08060   0.00801   0.03966   0.04793   0.00791   0.00000   0.01480   0.11047   0.08367   0.10711   0.00000   0.09131   0.10160   0.08899   0.19048   0.10463   0.03148   0.07480   0.10733   0.03884   0.07407   0.24669   0.90492   0.56902  
 18  9.4028   2434.767430  x:  0.06567   0.11559   0.02457   0.08607   0.00781   0.05505   0.02620   0.02992   0.04434   0.08844   0.09466   0.32286   0.02430   0.04841   0.26024   0.09748   0.00557   0.07510   0.00725   0.04031   0.05282   0.01140   0.00000   0.01490   0.11306   0.08458   0.10549   0.00000   0.09119   0.09716   0.08953   0.20264   0.10654   0.03285   0.07631   0.10628   0.03531   0.07226   0.24429   0.90941   0.59323  
 19  9.9531   2434.322391  x:  0.06558   0.11860   0.01756   0.08428   0.00958   0.05978   0.02598   0.02999   0.03878   0.08969   0.09327   0.32374   0.02468   0.04591   0.25463   0.09992   0.00091   0.07931   0.00617   0.03827   0.05221   0.01599   0.00000   0.01539   0.11426   0.08110   0.10956   0.00000   0.08659   0.09725   0.08753   0.20908   0.10469   0.03277   0.07647   0.10716   0.04437   0.07404   0.24158   0.91191   0.62343  
 20 33.5199   2434.203233  x:  0.06541   0.11847   0.01838   0.08355   0.00991   0.06070   0.02621   0.03006   0.03840   0.08965   0.09288   0.32359   0.02437   0.04663   0.25493   0.09952   0.00000   0.08047   0.00603   0.03835   0.05118   0.01686   0.00000   0.01537   0.11424   0.08061   0.11032   0.00000   0.08563   0.09792   0.08675   0.20880   0.10433   0.03260   0.07622   0.10727   0.04325   0.07367   0.24120   0.91212   0.62780  
 21 39.6822   2434.203233  x:  0.06541   0.11847   0.01838   0.08355   0.00991   0.06070   0.02621   0.03006   0.03840   0.08965   0.09288   0.32359   0.02437   0.04663   0.25493   0.09952   0.00000   0.08047   0.00603   0.03835   0.05118   0.01686   0.00000   0.01537   0.11424   0.08061   0.11032   0.00000   0.08563   0.09792   0.08675   0.20880   0.10433   0.03260   0.07622   0.10727   0.04325   0.07367   0.24120   0.91212   0.62780  
 22 18.0895   2432.745810  x:  0.06532   0.11878   0.01945   0.08341   0.01022   0.06128   0.02729   0.03024   0.03578   0.08946   0.09227   0.32121   0.02380   0.04738   0.25435   0.09873   0.00047   0.08063   0.02396   0.03844   0.05028   0.01897   0.00000   0.01772   0.11405   0.08084   0.11002   0.00000   0.08327   0.09745   0.08528   0.20857   0.10427   0.03251   0.07578   0.10621   0.04267   0.07238   0.24100   0.91249   0.62771  
 23 252.7303   2432.570224  x:  0.06528   0.11893   0.01983   0.08333   0.01028   0.06154   0.02766   0.03033   0.03463   0.08935   0.09198   0.31996   0.02361   0.04770   0.25403   0.09843   0.00000   0.08056   0.02389   0.03841   0.04983   0.01880   0.00000   0.01839   0.11394   0.08094   0.10987   0.00000   0.08210   0.09723   0.08456   0.20845   0.10424   0.03247   0.07557   0.10569   0.04242   0.07176   0.24091   0.91268   0.62766  
 24 72.6931   2431.889381  x:  0.06483   0.12043   0.01919   0.08220   0.00885   0.06340   0.02620   0.03113   0.02983   0.08797   0.08823   0.30226   0.02477   0.04831   0.24992   0.09524   0.00000   0.08005   0.02250   0.03797   0.04731   0.03006   0.00000   0.01289   0.11303   0.08090   0.10748   0.00000   0.06952   0.09520   0.07669   0.20699   0.10353   0.03202   0.07362   0.09974   0.04159   0.06604   0.24037   0.91542   0.62707  
 25 93.7867   2431.511883  x:  0.06505   0.12130   0.01686   0.08200   0.01147   0.06432   0.02438   0.03081   0.03871   0.08703   0.08567   0.28079   0.02601   0.04835   0.24562   0.09229   0.00000   0.08078   0.02231   0.03821   0.04955   0.03084   0.00000   0.01729   0.11299   0.08037   0.10678   0.00000   0.06408   0.09519   0.07357   0.20541   0.10294   0.03224   0.07342   0.09603   0.04373   0.06525   0.24051   0.91934   0.62623  
 26 49.1855   2431.232407  x:  0.06543   0.12176   0.01791   0.08234   0.00886   0.06353   0.02720   0.03002   0.04091   0.08709   0.08474   0.25988   0.02653   0.04753   0.24180   0.09073   0.00000   0.08160   0.02321   0.03839   0.05113   0.02593   0.00000   0.01278   0.11310   0.07980   0.10669   0.00000   0.06515   0.09615   0.07403   0.20390   0.10312   0.03262   0.07420   0.09477   0.04458   0.06666   0.24079   0.92394   0.62525  
 27 54.7811   2431.076825  x:  0.06543   0.12148   0.01838   0.08313   0.01036   0.06245   0.02427   0.03027   0.03722   0.08785   0.08587   0.24495   0.02635   0.04793   0.23970   0.09169   0.00000   0.08167   0.02294   0.03815   0.05087   0.02746   0.00000   0.01352   0.11350   0.07975   0.10760   0.00000   0.07029   0.09729   0.07722   0.20307   0.10337   0.03261   0.07520   0.09632   0.04366   0.06867   0.24105   0.92868   0.62427  
 28 37.7143   2431.059450  x:  0.06529   0.12127   0.01741   0.08316   0.00950   0.06256   0.02556   0.03051   0.03711   0.08797   0.08643   0.24331   0.02652   0.04818   0.23972   0.09227   0.00000   0.08152   0.02276   0.03818   0.05054   0.02836   0.00000   0.01429   0.11360   0.07988   0.10784   0.00000   0.07083   0.09723   0.07776   0.20303   0.10336   0.03248   0.07516   0.09707   0.04348   0.06870   0.24106   0.93026   0.62394  
 29 14.4137   2431.043750  x:  0.06513   0.12089   0.01747   0.08327   0.01078   0.06322   0.02653   0.03061   0.03759   0.08801   0.08745   0.24229   0.02669   0.04850   0.24025   0.09334   0.00000   0.08119   0.02268   0.03831   0.04986   0.02850   0.00000   0.01373   0.11366   0.08018   0.10812   0.00000   0.07055   0.09670   0.07806   0.20321   0.10337   0.03232   0.07476   0.09848   0.04334   0.06812   0.24098   0.93409   0.62313  
 30  9.1383   2431.008881  x:  0.06495   0.12007   0.01794   0.08328   0.00946   0.06428   0.02495   0.03038   0.03844   0.08794   0.08922   0.24088   0.02657   0.04885   0.24180   0.09531   0.00000   0.08060   0.02264   0.03843   0.04901   0.02770   0.00000   0.01350   0.11376   0.08075   0.10869   0.00000   0.06933   0.09546   0.07821   0.20355   0.10353   0.03213   0.07379   0.10131   0.04335   0.06682   0.24059   0.94504   0.62080  
 31 19.6817   2430.863940  x:  0.06604   0.11851   0.01720   0.08288   0.01025   0.06291   0.02564   0.02997   0.03613   0.08759   0.08806   0.23994   0.02487   0.04553   0.24775   0.09571   0.00000   0.08107   0.02134   0.03707   0.05447   0.02805   0.00000   0.01377   0.11373   0.07996   0.10954   0.00000   0.06773   0.09477   0.07615   0.20456   0.10379   0.03323   0.07312   0.10373   0.04540   0.06776   0.23864   1.00253   0.60865  
 32 21.0189   2430.700611  x:  0.06580   0.11897   0.01836   0.08269   0.01025   0.06220   0.02556   0.03171   0.03684   0.08750   0.08504   0.24088   0.03022   0.04673   0.25137   0.09318   0.00000   0.08237   0.01984   0.03959   0.05179   0.02816   0.00000   0.01392   0.11342   0.07928   0.10910   0.00000   0.06946   0.09673   0.07550   0.20458   0.10423   0.03299   0.07429   0.10031   0.04291   0.06906   0.23713   1.07021   0.59428  
 33 70.8089   2430.635851  x:  0.06518   0.12016   0.01667   0.08311   0.01049   0.06300   0.02539   0.02973   0.03769   0.08764   0.08470   0.24191   0.02732   0.04815   0.24989   0.09183   0.00000   0.08258   0.01933   0.03838   0.04892   0.02810   0.00000   0.01321   0.11327   0.07968   0.10829   0.00000   0.07060   0.09770   0.07670   0.20377   0.10410   0.03237   0.07490   0.09739   0.04254   0.06884   0.23732   1.09617   0.58874  
 34 52.0768   2430.609975  x:  0.06526   0.12142   0.01813   0.08368   0.01016   0.06387   0.02565   0.03109   0.03806   0.08791   0.08597   0.24300   0.02646   0.04874   0.24605   0.09160   0.00000   0.08228   0.01898   0.03801   0.04961   0.02881   0.00000   0.01325   0.11334   0.08021   0.10795   0.00000   0.07082   0.09768   0.07802   0.20249   0.10404   0.03245   0.07512   0.09618   0.04374   0.06824   0.23827   1.10699   0.58644  
 35 19.3672   2430.593909  x:  0.06525   0.12211   0.01705   0.08385   0.01040   0.06406   0.02540   0.03057   0.03733   0.08798   0.08708   0.24401   0.02761   0.04878   0.24186   0.09173   0.00000   0.08210   0.01894   0.03857   0.05058   0.02831   0.00000   0.01313   0.11344   0.08038   0.10795   0.00000   0.07055   0.09729   0.07843   0.20130   0.10366   0.03244   0.07517   0.09612   0.04389   0.06782   0.23924   1.11358   0.58504  
 36 15.5304   2430.587624  x:  0.06526   0.12192   0.01748   0.08370   0.01039   0.06321   0.02552   0.03029   0.03765   0.08782   0.08679   0.24451   0.02741   0.04827   0.23928   0.09209   0.00000   0.08223   0.01887   0.03847   0.05020   0.02847   0.00000   0.01332   0.11349   0.08000   0.10818   0.00000   0.07045   0.09706   0.07774   0.20074   0.10352   0.03245   0.07516   0.09708   0.04305   0.06821   0.23964   1.11600   0.58455  
 37  5.7371   2430.586220  x:  0.06524   0.12162   0.01722   0.08355   0.01043   0.06319   0.02544   0.03080   0.03760   0.08780   0.08645   0.24460   0.02731   0.04842   0.23870   0.09219   0.00000   0.08231   0.01890   0.03840   0.04996   0.02830   0.00000   0.01322   0.11345   0.07995   0.10823   0.00000   0.07051   0.09711   0.07747   0.20075   0.10352   0.03243   0.07503   0.09736   0.04332   0.06838   0.23962   1.11641   0.58449  
 38  2.1900   2430.583804  x:  0.06527   0.12092   0.01745   0.08332   0.01039   0.06371   0.02550   0.03035   0.03749   0.08780   0.08578   0.24469   0.02745   0.04891   0.23802   0.09228   0.00000   0.08238   0.01888   0.03845   0.04994   0.02842   0.00000   0.01325   0.11337   0.08004   0.10831   0.00000   0.07073   0.09734   0.07730   0.20101   0.10376   0.03246   0.07477   0.09765   0.04389   0.06849   0.23941   1.11680   0.58450  
 39  1.5532   2430.574694  x:  0.06543   0.11924   0.01731   0.08322   0.01035   0.06488   0.02548   0.03068   0.03750   0.08789   0.08494   0.24470   0.02707   0.04895   0.23689   0.09192   0.00000   0.08228   0.01896   0.03856   0.05078   0.02828   0.00000   0.01317   0.11321   0.08040   0.10853   0.00000   0.07080   0.09769   0.07780   0.20208   0.10466   0.03262   0.07448   0.09760   0.04247   0.06779   0.23859   1.11762   0.58479  
 40  1.4976   2430.504987  x:  0.06615   0.11651   0.01741   0.08435   0.01052   0.06314   0.02580   0.03060   0.03625   0.08786   0.08675   0.24407   0.02820   0.04703   0.23419   0.09004   0.00000   0.08137   0.01967   0.03710   0.04808   0.02717   0.00000   0.01396   0.11334   0.08018   0.10903   0.00000   0.06854   0.09664   0.07975   0.20666   0.10819   0.03334   0.07457   0.09588   0.04374   0.06738   0.23517   1.12244   0.58734  
 41  2.2077   2430.315290  x:  0.06449   0.11950   0.01823   0.08459   0.01066   0.06075   0.02661   0.03053   0.03336   0.08741   0.08942   0.24178   0.02445   0.05137   0.23196   0.09099   0.00000   0.08133   0.02138   0.04307   0.04831   0.02476   0.00000   0.01470   0.11332   0.07982   0.10763   0.00000   0.06663   0.09484   0.07645   0.21205   0.10857   0.03169   0.07522   0.09409   0.04352   0.06763   0.23109   1.13502   0.59451  
 42  9.2820   2430.098327  x:  0.06403   0.12523   0.01945   0.08326   0.01073   0.06379   0.02730   0.03088   0.03014   0.08717   0.08903   0.23926   0.02617   0.05395   0.23187   0.09242   0.00000   0.08162   0.02349   0.03642   0.04852   0.02108   0.00000   0.01585   0.11267   0.08088   0.10686   0.00000   0.06658   0.09467   0.07212   0.21229   0.10427   0.03124   0.07517   0.09407   0.04099   0.06602   0.23099   1.14844   0.60229  
 43 23.1999   2430.040309  x:  0.06439   0.12654   0.01979   0.08286   0.01079   0.06506   0.02753   0.03101   0.02898   0.08715   0.08807   0.23845   0.02625   0.05353   0.23230   0.09240   0.00404   0.08148   0.02412   0.03581   0.04784   0.01996   0.00000   0.01630   0.11231   0.08141   0.10709   0.00000   0.06630   0.09488   0.07164   0.21082   0.10262   0.03160   0.07477   0.09432   0.04067   0.06515   0.23197   1.15266   0.60474  
 44 32.8363   2429.955545  x:  0.06575   0.12646   0.02009   0.08242   0.01099   0.06666   0.02784   0.03115   0.02737   0.08718   0.08534   0.23753   0.02536   0.05081   0.23390   0.09136   0.00338   0.08032   0.02476   0.03819   0.04561   0.01880   0.00000   0.01692   0.11076   0.08312   0.10914   0.00000   0.06525   0.09584   0.07288   0.20500   0.10035   0.03296   0.07345   0.09482   0.04127   0.06368   0.23525   1.15739   0.60754  
 45 21.8362   2429.923139  x:  0.06457   0.12347   0.02031   0.08291   0.01116   0.06548   0.02799   0.03113   0.02689   0.08706   0.08522   0.23729   0.02539   0.05286   0.23536   0.09081   0.00384   0.07959   0.02491   0.03743   0.04621   0.01829   0.00000   0.01684   0.10982   0.08323   0.11032   0.00000   0.06391   0.09569   0.07327   0.19937   0.10206   0.03179   0.07282   0.09413   0.04087   0.06406   0.23739   1.15864   0.60830  
 46  8.6384   2429.916110  x:  0.06543   0.12256   0.02014   0.08280   0.01121   0.06607   0.02799   0.03114   0.02679   0.08705   0.08616   0.23722   0.02523   0.05303   0.23567   0.09071   0.00389   0.08004   0.02478   0.03753   0.04599   0.01819   0.00000   0.01686   0.11010   0.08285   0.11006   0.00000   0.06449   0.09530   0.07204   0.19772   0.10310   0.03265   0.07346   0.09379   0.04082   0.06385   0.23737   1.15824   0.60810  
 47  3.2169   2429.896253  x:  0.06395   0.12275   0.02030   0.08146   0.01136   0.06710   0.02804   0.03121   0.02641   0.08704   0.08615   0.23697   0.02526   0.05136   0.23565   0.09101   0.00402   0.08075   0.02377   0.03769   0.04582   0.01772   0.00000   0.01714   0.11131   0.08303   0.10878   0.00000   0.06467   0.09472   0.07214   0.19568   0.10406   0.03117   0.07328   0.09377   0.04104   0.06389   0.23467   1.15412   0.60579  
 48  1.4462   2429.847879  x:  0.06587   0.12410   0.02012   0.08162   0.01144   0.06562   0.02821   0.03119   0.02598   0.08697   0.08504   0.23631   0.02528   0.05336   0.23547   0.09186   0.00480   0.07978   0.02117   0.03730   0.04587   0.01663   0.00000   0.01712   0.11103   0.08384   0.10826   0.00000   0.06337   0.09490   0.07326   0.19467   0.10361   0.03309   0.07275   0.09444   0.04053   0.06350   0.23060   1.14322   0.59962  
 49  6.7493   2429.816493  x:  0.06500   0.12363   0.02040   0.08339   0.01121   0.06640   0.02826   0.03125   0.02553   0.08704   0.08626   0.23572   0.02509   0.05306   0.23538   0.09059   0.00536   0.07930   0.01935   0.03731   0.04574   0.01602   0.00000   0.01723   0.10890   0.08358   0.11094   0.00000   0.06366   0.09537   0.07120   0.19736   0.10255   0.03222   0.07272   0.09418   0.04062   0.06345   0.23255   1.13586   0.59543  
 50  7.8063   2429.811702  x:  0.06505   0.12317   0.02052   0.08220   0.01121   0.06619   0.02829   0.03126   0.02540   0.08691   0.08620   0.23557   0.02502   0.05321   0.23551   0.09083   0.00533   0.08022   0.01905   0.03731   0.04571   0.01591   0.00000   0.01727   0.10951   0.08375   0.11078   0.00000   0.06332   0.09494   0.07165   0.19856   0.10264   0.03227   0.07312   0.09387   0.04059   0.06332   0.23463   1.13474   0.59476  
 51  3.1410   2429.811213  x:  0.06506   0.12314   0.02051   0.08219   0.01121   0.06614   0.02829   0.03126   0.02540   0.08694   0.08613   0.23554   0.02503   0.05315   0.23553   0.09082   0.00530   0.07976   0.01904   0.03733   0.04571   0.01587   0.00000   0.01730   0.10972   0.08371   0.11029   0.00000   0.06346   0.09493   0.07156   0.19874   0.10283   0.03229   0.07284   0.09387   0.04057   0.06331   0.23506   1.13466   0.59468  
 52  0.9291   2429.810640  x:  0.06506   0.12317   0.02049   0.08262   0.01120   0.06632   0.02829   0.03127   0.02538   0.08696   0.08606   0.23554   0.02504   0.05311   0.23554   0.09085   0.00529   0.08001   0.01903   0.03735   0.04569   0.01583   0.00000   0.01734   0.10950   0.08362   0.10979   0.00000   0.06324   0.09505   0.07167   0.19877   0.10301   0.03228   0.07294   0.09413   0.04055   0.06351   0.23526   1.13476   0.59457  
 53  0.1993   2429.799019  x:  0.06478   0.12312   0.02062   0.08304   0.01122   0.06528   0.02848   0.03124   0.02592   0.08658   0.08602   0.23550   0.02513   0.05321   0.23534   0.09082   0.00585   0.08092   0.01914   0.03738   0.04575   0.01500   0.00000   0.01758   0.10797   0.08391   0.10920   0.00000   0.06420   0.09501   0.07171   0.19864   0.10326   0.03200   0.07283   0.09472   0.04099   0.06122   0.23534   1.13749   0.59228  
 54  0.2937   2429.715285  x:  0.06504   0.12261   0.02169   0.08160   0.01093   0.06703   0.02946   0.03132   0.02919   0.08655   0.08856   0.23545   0.02472   0.05469   0.23377   0.09162   0.01023   0.07873   0.02010   0.03781   0.04536   0.00896   0.00000   0.01827   0.10546   0.08642   0.11186   0.00000   0.06385   0.09413   0.07216   0.19781   0.10198   0.03227   0.07315   0.09486   0.04048   0.06386   0.23489   1.15732   0.57618  
 55  5.8268   2429.707024  x:  0.06496   0.12287   0.02172   0.08270   0.01086   0.06721   0.02957   0.03132   0.02943   0.08692   0.08840   0.23549   0.02466   0.05495   0.23365   0.09227   0.01053   0.07898   0.02018   0.03789   0.04531   0.00829   0.00000   0.01829   0.10758   0.08545   0.11314   0.00000   0.06347   0.09541   0.07216   0.19767   0.10220   0.03219   0.07290   0.09484   0.04058   0.06324   0.23501   1.15937   0.57506  
 56  4.9434   2429.706148  x:  0.06493   0.12313   0.02167   0.08299   0.01086   0.06720   0.02958   0.03133   0.02946   0.08659   0.08820   0.23550   0.02467   0.05497   0.23363   0.09219   0.01060   0.07891   0.02017   0.03789   0.04530   0.00823   0.00000   0.01826   0.10786   0.08614   0.11340   0.00000   0.06352   0.09527   0.07200   0.19767   0.10260   0.03216   0.07316   0.09501   0.04060   0.06328   0.23507   1.15988   0.57661  
 57  0.7385   2429.698767  x:  0.06500   0.12378   0.02165   0.08260   0.01087   0.06747   0.02965   0.03133   0.02972   0.08699   0.08822   0.23546   0.02465   0.05522   0.23333   0.09222   0.01106   0.07874   0.01997   0.03790   0.04521   0.00756   0.00000   0.01828   0.10717   0.08541   0.11396   0.00000   0.06360   0.09472   0.07232   0.19756   0.10325   0.03224   0.07272   0.09514   0.04055   0.06335   0.23501   1.16507   0.59505  
 58  2.1459   2429.696717  x:  0.06495   0.12297   0.02177   0.08273   0.01084   0.06726   0.02967   0.03133   0.02978   0.08684   0.08866   0.23545   0.02468   0.05512   0.23322   0.09251   0.01122   0.07862   0.01993   0.03790   0.04518   0.00735   0.00000   0.01832   0.10731   0.08586   0.11348   0.00000   0.06349   0.09540   0.07220   0.19749   0.10235   0.03218   0.07302   0.09494   0.04060   0.06330   0.23483   1.16653   0.60017  
 59  4.8934   2429.696587  x:  0.06494   0.12286   0.02178   0.08291   0.01083   0.06728   0.02967   0.03133   0.02978   0.08683   0.08856   0.23545   0.02469   0.05515   0.23321   0.09249   0.01121   0.07861   0.01993   0.03790   0.04518   0.00734   0.00000   0.01832   0.10741   0.08580   0.11345   0.00000   0.06355   0.09510   0.07225   0.19749   0.10216   0.03217   0.07306   0.09490   0.04061   0.06329   0.23480   1.16662   0.60030  
 60  0.2306   2429.676313  x:  0.06505   0.12266   0.02176   0.08316   0.01081   0.06643   0.02969   0.03121   0.02868   0.08844   0.09055   0.23457   0.02472   0.05614   0.23103   0.09149   0.01263   0.07899   0.02084   0.03851   0.04532   0.00553   0.00000   0.01828   0.10765   0.08728   0.11394   0.00000   0.06420   0.09481   0.07251   0.19889   0.10232   0.03229   0.07189   0.09567   0.04073   0.06378   0.23341   1.18018   0.60089  
 61  0.0703   2429.664920  x:  0.06489   0.12267   0.02169   0.08303   0.01082   0.06649   0.02970   0.03123   0.02795   0.08690   0.09088   0.23405   0.02477   0.05627   0.22976   0.09316   0.01346   0.07745   0.02143   0.03886   0.04539   0.00430   0.00000   0.01833   0.10678   0.08649   0.11448   0.00000   0.06450   0.09496   0.07305   0.19971   0.10297   0.03213   0.07341   0.09536   0.04108   0.06357   0.23271   1.18788   0.60116  
 62  7.9124   2429.664677  x:  0.06491   0.12266   0.02168   0.08315   0.01082   0.06646   0.02970   0.03122   0.02794   0.08705   0.09082   0.23403   0.02479   0.05616   0.22973   0.09359   0.01349   0.07751   0.02145   0.03887   0.04538   0.00426   0.00000   0.01834   0.10666   0.08663   0.11453   0.00000   0.06453   0.09490   0.07300   0.19973   0.10306   0.03215   0.07329   0.09508   0.04107   0.06362   0.23271   1.18804   0.60117  
 63  0.8090   2429.664608  x:  0.06489   0.12266   0.02167   0.08312   0.01082   0.06644   0.02969   0.03121   0.02795   0.08727   0.09077   0.23401   0.02479   0.05615   0.22972   0.09360   0.01348   0.07743   0.02146   0.03887   0.04538   0.00427   0.00000   0.01834   0.10666   0.08664   0.11452   0.00000   0.06450   0.09489   0.07297   0.19974   0.10308   0.03213   0.07345   0.09512   0.04109   0.06357   0.23270   1.18804   0.60121  
 64  0.0160   2429.661399  x:  0.06490   0.12263   0.02127   0.08306   0.01093   0.06623   0.02931   0.03120   0.02781   0.08707   0.09079   0.23333   0.02473   0.05581   0.22958   0.09360   0.01280   0.07734   0.02160   0.03908   0.04525   0.00483   0.00000   0.01804   0.10736   0.08636   0.11403   0.00000   0.06412   0.09479   0.07294   0.19993   0.10343   0.03213   0.07313   0.09503   0.04108   0.06380   0.23240   1.18781   0.60352  
 65  0.0909   2429.661066  x:  0.06490   0.12267   0.02115   0.08306   0.01096   0.06625   0.02919   0.03120   0.02784   0.08707   0.09083   0.23315   0.02472   0.05583   0.22944   0.09357   0.01294   0.07736   0.02152   0.03905   0.04521   0.00452   0.00000   0.01789   0.10723   0.08646   0.11414   0.00000   0.06404   0.09478   0.07289   0.19973   0.10342   0.03213   0.07314   0.09499   0.04106   0.06378   0.23226   1.18911   0.60316  
 66  0.0016   2429.661039  x:  0.06489   0.12266   0.02114   0.08308   0.01096   0.06629   0.02917   0.03121   0.02785   0.08707   0.09086   0.23324   0.02472   0.05586   0.22947   0.09359   0.01294   0.07736   0.02153   0.03904   0.04522   0.00456   0.00000   0.01783   0.10720   0.08647   0.11419   0.00000   0.06408   0.09479   0.07292   0.19973   0.10339   0.03212   0.07314   0.09501   0.04105   0.06376   0.23231   1.18955   0.60310  
 67  0.0004   2429.661038  x:  0.06490   0.12266   0.02115   0.08307   0.01095   0.06629   0.02918   0.03121   0.02785   0.08707   0.09085   0.23323   0.02472   0.05586   0.22948   0.09358   0.01294   0.07736   0.02153   0.03905   0.04523   0.00455   0.00000   0.01782   0.10720   0.08647   0.11418   0.00000   0.06408   0.09479   0.07291   0.19974   0.10339   0.03212   0.07314   0.09501   0.04106   0.06376   0.23231   1.18963   0.60307  
 68  0.0001   2429.661038  x:  0.06490   0.12266   0.02115   0.08307   0.01095   0.06629   0.02918   0.03121   0.02785   0.08707   0.09085   0.23323   0.02472   0.05586   0.22948   0.09359   0.01294   0.07736   0.02153   0.03905   0.04523   0.00456   0.00000   0.01782   0.10721   0.08647   0.11418   0.00000   0.06408   0.09479   0.07291   0.19974   0.10339   0.03212   0.07314   0.09501   0.04106   0.06376   0.23231   1.18964   0.60307  
 69  0.0000   2429.661038  x:  0.06490   0.12266   0.02115   0.08307   0.01095   0.06629   0.02918   0.03121   0.02785   0.08707   0.09085   0.23323   0.02472   0.05586   0.22948   0.09358   0.01294   0.07736   0.02153   0.03905   0.04523   0.00456   0.00000   0.01782   0.10721   0.08647   0.11418   0.00000   0.06408   0.09479   0.07291   0.19974   0.10339   0.03212   0.07314   0.09501   0.04106   0.06376   0.23231   1.18964   0.60307  
 70  0.0000   2429.661038  x:  0.06490   0.12266   0.02115   0.08307   0.01095   0.06629   0.02918   0.03121   0.02785   0.08707   0.09085   0.23323   0.02472   0.05586   0.22948   0.09358   0.01294   0.07736   0.02153   0.03905   0.04523   0.00456   0.00000   0.01782   0.10721   0.08647   0.11418   0.00000   0.06408   0.09479   0.07291   0.19974   0.10339   0.03212   0.07314   0.09501   0.04106   0.06376   0.23231   1.18964   0.60307  
 71  0.0000   2429.661038  x:  0.06490   0.12266   0.02115   0.08307   0.01095   0.06629   0.02918   0.03121   0.02785   0.08707   0.09085   0.23323   0.02472   0.05586   0.22948   0.09358   0.01294   0.07736   0.02153   0.03905   0.04523   0.00456   0.00000   0.01782   0.10721   0.08647   0.11418   0.00000   0.06408   0.09479   0.07291   0.19974   0.10339   0.03212   0.07314   0.09501   0.04106   0.06376   0.23231   1.18964   0.60307  
 72  0.0000   2429.661038  x:  0.06490   0.12266   0.02115   0.08307   0.01095   0.06629   0.02918   0.03121   0.02785   0.08707   0.09085   0.23323   0.02472   0.05586   0.22948   0.09358   0.01294   0.07736   0.02153   0.03905   0.04523   0.00456   0.00000   0.01782   0.10721   0.08647   0.11418   0.00000   0.06408   0.09479   0.07291   0.19974   0.10339   0.03212   0.07314   0.09501   0.04106   0.06376   0.23231   1.18964   0.60307  
check convergence!
