

TREE # 1

  0  0.0000   6515.722943  x:  0.01959   0.04157   0.09794   0.09903   0.02056   0.01466   0.02823   0.03943   0.03419   0.07751   0.02577   0.03651   0.09187   0.02594   0.08482   0.08757   0.03745   0.03852   0.03124   0.05827   0.01584   0.04653   0.03494   0.06474   0.08538   0.04359   0.04522   0.03541   0.02116   0.10855   0.10381   0.06324   0.05138   0.08990   0.06515   0.03451   0.04407   0.07534   0.02880   0.09498   0.03624   0.04478   0.06343   0.08935   0.07269   0.08030   0.53451   0.55012   0.57357  
  1 99.0000   5188.100688  x:  0.11783   0.13000   0.37969   0.22378   0.37812   0.68656   0.21807   0.33324   0.19375   0.13985   0.39153   0.00000   0.05576   0.06845   0.17595   0.11927   0.32626   1.15296   0.17315   0.33138   1.60421   0.03268   0.05904   0.04284   0.06131   0.03590   0.11809   0.13365   0.12976   0.17055   0.10433   0.03611   0.11930   0.11696   0.11112   0.16733   0.16342   0.04583   0.10539   0.06847   0.01672   0.10804   0.09048   0.16228   0.03775   0.03624   0.53491   0.56932   0.57513  
  2 6967.3412   5149.343610  x:  0.10746   0.12655   0.41819   0.24595   0.36569   0.67954   0.21015   0.33444   0.19086   0.13492   0.38695   0.00000   0.02677   0.05214   0.19481   0.12885   0.31308   1.16788   0.15826   0.32079   1.60241   0.00000   0.06102   0.02713   0.02908   0.02470   0.12244   0.12329   0.11792   0.18942   0.10130   0.02002   0.12381   0.12448   0.11969   0.16452   0.16978   0.01987   0.09929   0.05017   0.01644   0.11277   0.09296   0.17684   0.01855   0.00447   0.52474   0.57581   0.57617  
  3 410.9641   5131.410130  x:  0.09942   0.12399   0.44626   0.26127   0.35519   0.67388   0.20408   0.33547   0.18886   0.13156   0.38358   0.00000   0.00615   0.03950   0.20683   0.13433   0.30188   1.18107   0.14556   0.31194   1.60140   0.00000   0.06180   0.02297   0.00058   0.02482   0.12499   0.11525   0.10854   0.20162   0.09895   0.01318   0.12637   0.12878   0.12524   0.16337   0.17425   0.00000   0.09565   0.03940   0.01980   0.11588   0.09382   0.18589   0.02431   0.02007   0.51712   0.58112   0.57728  
  4 831.1718   5131.157209  x:  0.09929   0.12395   0.44671   0.26150   0.35499   0.67378   0.20398   0.33549   0.18883   0.13152   0.38353   0.00000   0.00636   0.03929   0.20699   0.13439   0.30166   1.18133   0.14532   0.31177   1.60139   0.00000   0.06180   0.02307   0.00000   0.02492   0.12502   0.11512   0.10838   0.20178   0.09891   0.01324   0.12640   0.12883   0.12530   0.16338   0.17432   0.00000   0.09562   0.03934   0.01993   0.11592   0.09381   0.18598   0.02443   0.02010   0.51700   0.58122   0.57730  
  5 652.7133   5125.938249  x:  0.09337   0.12252   0.46463   0.26869   0.34319   0.66802   0.19946   0.33649   0.18804   0.13072   0.38138   0.00000   0.00089   0.03076   0.20972   0.13382   0.28890   1.19725   0.13082   0.30228   1.60093   0.00000   0.06076   0.03564   0.00000   0.03422   0.12444   0.10920   0.10124   0.20503   0.09706   0.02572   0.12587   0.12828   0.12601   0.16701   0.17652   0.00000   0.09612   0.04633   0.02315   0.11669   0.09168   0.18568   0.03113   0.01448   0.51178   0.58650   0.57911  
  6 473.0176   5120.730852  x:  0.08668   0.12139   0.48376   0.27420   0.32557   0.65964   0.19421   0.33776   0.18769   0.13134   0.37916   0.00000   0.00173   0.02260   0.20895   0.13048   0.26985   1.22133   0.10916   0.28849   1.60019   0.00000   0.05900   0.03986   0.00000   0.03417   0.12226   0.10251   0.09330   0.20504   0.09420   0.03332   0.12364   0.12514   0.12321   0.17373   0.17804   0.00000   0.09868   0.06163   0.00526   0.11590   0.08831   0.18154   0.02923   0.01631   0.50587   0.59380   0.58206  
  7 390.2979   5109.255050  x:  0.07014   0.11999   0.52888   0.28151   0.27020   0.63390   0.18079   0.34132   0.18817   0.13688   0.37430   0.00000   0.00261   0.00666   0.19786   0.11622   0.20991   1.29837   0.04093   0.24607   1.59817   0.00000   0.05391   0.03289   0.00000   0.01531   0.11361   0.08596   0.07400   0.19637   0.08562   0.04088   0.11466   0.11189   0.10833   0.19732   0.17966   0.00000   0.10955   0.11401   0.01620   0.11121   0.07919   0.16215   0.00744   0.02787   0.49166   0.61554   0.59185  
  8 622.5775   5105.229644  x:  0.06501   0.12081   0.54513   0.28144   0.24100   0.62005   0.17558   0.34257   0.18902   0.14164   0.37278   0.00000   0.00267   0.00760   0.19110   0.11108   0.17879   1.33970   0.00565   0.22521   1.59558   0.00000   0.05405   0.01658   0.00000   0.01044   0.11049   0.08084   0.06869   0.19075   0.08278   0.03059   0.11158   0.10710   0.10121   0.20971   0.17937   0.00000   0.11402   0.13568   0.01858   0.10873   0.07814   0.15318   0.02715   0.02083   0.48765   0.62619   0.59746  
  9 492.3527   5104.135823  x:  0.06487   0.12123   0.54666   0.28089   0.23604   0.61750   0.17498   0.34263   0.18921   0.14268   0.37262   0.00000   0.00267   0.00925   0.19012   0.11097   0.17373   1.34702   0.00000   0.22215   1.59461   0.00000   0.05461   0.01517   0.00000   0.01500   0.11041   0.08069   0.06871   0.18995   0.08279   0.02659   0.11157   0.10704   0.10074   0.21166   0.17917   0.00000   0.11435   0.13787   0.01872   0.10846   0.07876   0.15235   0.02690   0.02043   0.48768   0.62789   0.59855  
 10 343.4183   5101.443586  x:  0.06772   0.12462   0.54871   0.27639   0.21201   0.60363   0.17315   0.34207   0.19013   0.14830   0.37184   0.00000   0.00258   0.02219   0.18748   0.11504   0.15108   1.38493   0.00000   0.21074   1.58639   0.00000   0.05984   0.03232   0.00000   0.01341   0.11249   0.08355   0.07276   0.18816   0.08615   0.00671   0.11476   0.11142   0.10456   0.22025   0.17782   0.00000   0.11303   0.14022   0.01842   0.10870   0.08516   0.15307   0.02726   0.01922   0.49173   0.63578   0.60475  
 11 232.1553   5097.613876  x:  0.07915   0.13350   0.54118   0.26477   0.16742   0.57349   0.17137   0.33934   0.19152   0.15867   0.36939   0.00000   0.00254   0.04710   0.18718   0.12882   0.11274   1.46610   0.00000   0.19694   1.56247   0.00000   0.06677   0.02746   0.00000   0.01037   0.12056   0.09498   0.08486   0.18886   0.09968   0.02484   0.12538   0.12608   0.12304   0.23406   0.17434   0.00000   0.10512   0.12575   0.01705   0.11165   0.09886   0.16399   0.02259   0.02111   0.50772   0.65031   0.61910  
 12 183.2942   5091.894326  x:  0.09152   0.14596   0.51037   0.25434   0.13648   0.52079   0.16713   0.33306   0.18870   0.15922   0.35607   0.00000   0.00204   0.02494   0.19347   0.12492   0.10939   1.61381   0.00000   0.21618   1.50051   0.00000   0.03338   0.02980   0.00000   0.01139   0.11869   0.10735   0.07942   0.19315   0.09855   0.02157   0.11864   0.11656   0.11581   0.23795   0.16879   0.00000   0.09624   0.08034   0.01513   0.11455   0.07367   0.17741   0.02172   0.01610   0.53634   0.66787   0.64894  
 13 90.5806   5088.498599  x:  0.09550   0.15227   0.48995   0.25206   0.12671   0.48237   0.16466   0.32873   0.18625   0.15764   0.34624   0.00000   0.00172   0.00350   0.19722   0.11851   0.11850   1.72452   0.00000   0.23431   1.44766   0.00000   0.06407   0.02961   0.00000   0.01216   0.11531   0.11133   0.07096   0.19506   0.09359   0.02161   0.11305   0.10911   0.10820   0.23656   0.16578   0.00000   0.09527   0.05302   0.01378   0.11409   0.06693   0.18000   0.02076   0.01274   0.55278   0.67866   0.67288  
 14 265.0622   5082.938768  x:  0.08240   0.14930   0.48148   0.27608   0.15735   0.42154   0.16512   0.32316   0.18187   0.15440   0.33667   0.00000   0.00165   0.02157   0.20943   0.11711   0.16454   1.92126   0.00000   0.26986   1.32439   0.00000   0.05776   0.02442   0.00000   0.01165   0.11246   0.09822   0.05382   0.20351   0.07910   0.02129   0.11711   0.11812   0.11186   0.21654   0.16913   0.00000   0.10734   0.05436   0.01318   0.10872   0.11947   0.16843   0.01943   0.00861   0.55730   0.68830   0.72188  
 15 135.5038   5079.115743  x:  0.07500   0.13472   0.49794   0.29207   0.19584   0.40566   0.17299   0.32550   0.18229   0.15306   0.33878   0.00000   0.00176   0.02777   0.20967   0.12945   0.18877   2.04397   0.00000   0.27707   1.22490   0.00000   0.06220   0.01730   0.00000   0.01117   0.12366   0.09082   0.09789   0.21027   0.09286   0.01553   0.12697   0.12870   0.12735   0.19990   0.17701   0.00000   0.10246   0.07722   0.01455   0.11526   0.08695   0.17013   0.01936   0.00578   0.53803   0.68235   0.76027  
 16 106.5020   5076.487102  x:  0.08219   0.11937   0.52362   0.28548   0.21974   0.44243   0.18515   0.33533   0.18831   0.15662   0.35596   0.00000   0.00152   0.03108   0.20051   0.13183   0.17656   2.10244   0.00000   0.25156   1.15953   0.00000   0.06100   0.01738   0.00000   0.01011   0.11938   0.09801   0.09692   0.19969   0.09220   0.01820   0.12132   0.12014   0.11161   0.18688   0.17826   0.00000   0.09258   0.05337   0.01342   0.11145   0.09192   0.18369   0.01809   0.00179   0.50697   0.65980   0.79128  
 17 47.5368   5075.570392  x:  0.08703   0.12309   0.52678   0.28269   0.21888   0.46680   0.18458   0.33665   0.18741   0.15293   0.36121   0.00000   0.00153   0.02210   0.21089   0.13059   0.16879   2.11368   0.00000   0.24323   1.13993   0.00000   0.06057   0.01517   0.00000   0.00991   0.11937   0.10285   0.08273   0.20804   0.09119   0.01466   0.12370   0.12620   0.12176   0.19165   0.17558   0.00000   0.10119   0.05944   0.01362   0.11648   0.09099   0.18159   0.01843   0.00047   0.51028   0.64568   0.80610  
 18 30.7298   5075.029079  x:  0.08786   0.12879   0.53188   0.29022   0.21229   0.48427   0.18194   0.33499   0.18538   0.14978   0.36325   0.00000   0.00160   0.02925   0.22587   0.13466   0.16612   2.12067   0.00000   0.24278   1.12534   0.00000   0.06271   0.01415   0.00000   0.00935   0.11949   0.10367   0.07943   0.22024   0.08616   0.01549   0.12177   0.12381   0.10814   0.20459   0.17706   0.00000   0.09464   0.06649   0.01400   0.11610   0.08812   0.18146   0.01841   0.00079   0.51787   0.63389   0.82043  
 19 25.8297   5074.240645  x:  0.07332   0.13032   0.54207   0.30629   0.19220   0.50403   0.17388   0.33108   0.18265   0.14437   0.35823   0.00000   0.00157   0.02897   0.22073   0.12631   0.16505   2.12703   0.00000   0.24839   1.11398   0.00000   0.06163   0.01329   0.00000   0.00884   0.11932   0.08914   0.09045   0.21926   0.08420   0.01498   0.12056   0.11529   0.11470   0.22246   0.18143   0.00000   0.09201   0.05978   0.01399   0.10631   0.09276   0.17610   0.01866   0.00044   0.52494   0.61893   0.84907  
 20 17.8105   5072.810795  x:  0.06505   0.12192   0.56304   0.32111   0.16762   0.51908   0.16678   0.32795   0.18490   0.14686   0.34421   0.00000   0.00166   0.02508   0.20326   0.12968   0.16382   2.14336   0.00000   0.25505   1.09612   0.00000   0.06047   0.01174   0.00000   0.00811   0.11454   0.08086   0.08391   0.20627   0.08199   0.01461   0.12424   0.13468   0.10592   0.22956   0.18412   0.00000   0.10666   0.05627   0.01427   0.12775   0.09096   0.17667   0.01963   0.00090   0.51832   0.60536   0.91179  
 21 22.8335   5069.921973  x:  0.07765   0.10810   0.60253   0.32906   0.15175   0.52009   0.15874   0.32785   0.19062   0.15639   0.32334   0.00000   0.00207   0.01032   0.20164   0.13633   0.15344   2.17153   0.00000   0.24944   1.07388   0.00000   0.05935   0.00841   0.00000   0.00735   0.12150   0.09344   0.05768   0.20734   0.09152   0.01009   0.11960   0.11788   0.12890   0.21436   0.17914   0.00000   0.10351   0.07183   0.01632   0.10852   0.09302   0.17581   0.02258   0.00226   0.49297   0.60409   1.04084  
 22 43.6321   5067.039635  x:  0.06835   0.11201   0.63501   0.32082   0.17031   0.49873   0.15164   0.33230   0.18602   0.15494   0.32943   0.00000   0.00226   0.00554   0.23288   0.10227   0.12598   2.17883   0.00000   0.21148   1.07344   0.00000   0.05697   0.00924   0.00000   0.00642   0.11302   0.08414   0.07348   0.22648   0.08168   0.01167   0.12720   0.12180   0.12871   0.19049   0.17024   0.00000   0.11924   0.05845   0.01674   0.10340   0.09253   0.16119   0.02362   0.00318   0.48798   0.62844   1.16813  
 23 50.5484   5064.796133  x:  0.04466   0.12306   0.65444   0.31395   0.19083   0.47143   0.15064   0.33703   0.17574   0.14517   0.34733   0.00000   0.00239   0.00650   0.23529   0.12280   0.11797   2.16079   0.00000   0.18289   1.09228   0.00000   0.05703   0.00904   0.00000   0.00605   0.11712   0.06043   0.06077   0.22516   0.07819   0.01105   0.11512   0.11165   0.13636   0.19055   0.18177   0.00000   0.11630   0.05200   0.01693   0.11611   0.08785   0.16980   0.02364   0.00306   0.50356   0.66046   1.26586  
 24 50.3878   5063.455952  x:  0.04824   0.12672   0.66675   0.31856   0.19362   0.46083   0.15043   0.33793   0.17276   0.13999   0.35189   0.00000   0.00246   0.00000   0.23208   0.12425   0.12132   2.14752   0.00000   0.17868   1.10146   0.00000   0.05594   0.00889   0.00000   0.00629   0.11694   0.06401   0.06104   0.22531   0.07957   0.01038   0.11766   0.11667   0.13381   0.19739   0.18656   0.00000   0.11183   0.05126   0.01709   0.11443   0.09136   0.17395   0.02372   0.00295   0.50682   0.67362   1.30148  
 25 63.3725   5060.639615  x:  0.06039   0.12566   0.71622   0.34041   0.18199   0.42988   0.15186   0.33907   0.17128   0.13250   0.35878   0.00000   0.00264   0.02382   0.22984   0.11279   0.14103   2.09159   0.00000   0.18599   1.14110   0.00000   0.05847   0.00920   0.00000   0.00667   0.11377   0.07614   0.04202   0.23414   0.08131   0.01140   0.12500   0.12234   0.13883   0.20897   0.18743   0.00000   0.11124   0.03350   0.01743   0.11115   0.07185   0.18168   0.02258   0.00248   0.50243   0.71775   1.42706  
 26 119.1406   5056.941792  x:  0.06326   0.10099   0.76001   0.35165   0.13945   0.41220   0.16143   0.33799   0.18488   0.14461   0.34515   0.00000   0.00302   0.01900   0.25854   0.12470   0.15814   2.01577   0.00000   0.21980   1.20094   0.00000   0.05784   0.01058   0.00000   0.00833   0.11847   0.07900   0.06234   0.25549   0.07459   0.01269   0.11381   0.10868   0.13481   0.19269   0.16231   0.00000   0.11267   0.02889   0.01776   0.13645   0.08729   0.20069   0.02181   0.00161   0.48673   0.76156   1.58790  
 27 95.1380   5055.500784  x:  0.05134   0.09142   0.75675   0.35265   0.13192   0.42436   0.16083   0.33379   0.18876   0.15711   0.32871   0.00000   0.00319   0.01503   0.27136   0.12791   0.14957   1.99580   0.00000   0.23617   1.22308   0.00000   0.05798   0.01215   0.00000   0.00941   0.11952   0.06707   0.05596   0.25680   0.07499   0.01235   0.12507   0.12782   0.13022   0.17145   0.16870   0.00000   0.09498   0.02977   0.01812   0.12076   0.08400   0.20990   0.02132   0.00117   0.48473   0.76269   1.64559  
 28 47.6948   5054.044459  x:  0.05716   0.09712   0.74972   0.37129   0.15172   0.45349   0.14504   0.32528   0.18243   0.16321   0.30137   0.00000   0.00331   0.01563   0.28115   0.13161   0.12542   1.98889   0.00000   0.24731   1.22848   0.00000   0.05771   0.01529   0.00000   0.01102   0.11730   0.07288   0.05766   0.25616   0.07645   0.01272   0.12254   0.12405   0.13995   0.16242   0.19333   0.00000   0.10144   0.02067   0.01789   0.12640   0.08515   0.21523   0.02030   0.00160   0.48407   0.74083   1.69889  
 29 30.6972   5053.463832  x:  0.05598   0.09534   0.74651   0.37523   0.15816   0.46643   0.14381   0.32734   0.17899   0.15130   0.30589   0.00000   0.00345   0.01683   0.27889   0.11749   0.12136   1.99321   0.00000   0.24948   1.22323   0.00000   0.05845   0.01660   0.00000   0.01196   0.11786   0.07169   0.05442   0.25863   0.07530   0.01208   0.12442   0.12217   0.14875   0.16248   0.18258   0.00000   0.09444   0.02484   0.01806   0.13506   0.08767   0.23781   0.02013   0.00198   0.48728   0.72069   1.71586  
 30 21.9958   5053.053338  x:  0.05363   0.09251   0.74627   0.37377   0.15863   0.47476   0.14896   0.33280   0.17900   0.14019   0.31850   0.00000   0.00349   0.01398   0.27821   0.12346   0.12592   1.99942   0.00000   0.24635   1.21523   0.00000   0.05769   0.01837   0.00000   0.01273   0.12109   0.06934   0.05280   0.26324   0.07770   0.01236   0.12437   0.12556   0.15201   0.16792   0.16809   0.00000   0.09996   0.02000   0.01802   0.12869   0.08693   0.23797   0.01994   0.00237   0.48845   0.69934   1.72351  
 31 21.7045   5052.848833  x:  0.05493   0.09602   0.75074   0.36893   0.14949   0.47504   0.15374   0.33687   0.18002   0.13740   0.33042   0.00000   0.00354   0.01265   0.27954   0.12514   0.13481   2.00328   0.00000   0.24302   1.21003   0.00000   0.05772   0.01909   0.00000   0.01313   0.11400   0.07063   0.05424   0.26402   0.07202   0.01278   0.12440   0.12548   0.15747   0.16126   0.17719   0.00000   0.09948   0.02039   0.01813   0.12839   0.08638   0.23660   0.02001   0.00260   0.49038   0.68380   1.72099  
 32 11.5436   5052.705226  x:  0.05454   0.09952   0.75647   0.36437   0.14547   0.47212   0.15290   0.33792   0.17947   0.14036   0.33497   0.00000   0.00358   0.01179   0.28123   0.12075   0.14132   2.00624   0.00000   0.24029   1.20762   0.00000   0.05750   0.01979   0.00000   0.01330   0.12193   0.07025   0.05262   0.26424   0.07913   0.01300   0.12410   0.12438   0.15561   0.15854   0.18321   0.00000   0.09874   0.02008   0.01815   0.13167   0.08772   0.23335   0.02012   0.00262   0.49089   0.67203   1.71342  
 33 10.0445   5052.114659  x:  0.05509   0.10538   0.78326   0.35081   0.15156   0.45178   0.13537   0.33427   0.17289   0.15741   0.32651   0.00000   0.00379   0.01098   0.28478   0.12604   0.15304   2.01953   0.00000   0.23324   1.20535   0.00000   0.05761   0.02220   0.00000   0.01391   0.12419   0.07078   0.05279   0.25839   0.07147   0.01497   0.12698   0.12476   0.15689   0.16851   0.17578   0.00000   0.09728   0.02213   0.01884   0.12943   0.08565   0.23362   0.02119   0.00252   0.48931   0.63401   1.66340  
 34 10.0605   5051.592283  x:  0.05431   0.10240   0.79856   0.35413   0.15674   0.43962   0.14280   0.33383   0.17711   0.15254   0.31545   0.00000   0.00401   0.01159   0.28283   0.12996   0.14881   2.03220   0.00000   0.23196   1.20073   0.00000   0.05785   0.02441   0.00000   0.01452   0.10964   0.07001   0.05099   0.26567   0.08664   0.01584   0.11940   0.12567   0.15458   0.17171   0.17537   0.00000   0.09814   0.02548   0.01953   0.12816   0.08596   0.23108   0.02235   0.00238   0.49180   0.61809   1.61112  
 35 20.0334   5050.773891  x:  0.05797   0.09229   0.81168   0.37026   0.16086   0.43140   0.16349   0.33584   0.18549   0.13270   0.30461   0.00000   0.00430   0.01122   0.27367   0.13597   0.13370   2.05248   0.00000   0.23246   1.18673   0.00000   0.05787   0.02829   0.00000   0.01518   0.12627   0.07365   0.04833   0.27272   0.07459   0.01869   0.12133   0.12359   0.15128   0.17235   0.18170   0.00000   0.09877   0.02914   0.02043   0.12874   0.08389   0.21715   0.02398   0.00222   0.49169   0.61472   1.52355  
 36 36.6453   5049.905036  x:  0.05880   0.08278   0.80950   0.39335   0.15535   0.45576   0.14999   0.33851   0.17179   0.13626   0.33043   0.00000   0.00462   0.00634   0.27811   0.14457   0.13398   2.07811   0.00000   0.23508   1.15372   0.00000   0.05790   0.03209   0.00000   0.01620   0.12389   0.07447   0.04530   0.26934   0.07992   0.02043   0.12488   0.12099   0.15230   0.17969   0.18266   0.00000   0.09601   0.03279   0.02144   0.13255   0.08317   0.20331   0.02587   0.00220   0.47193   0.66141   1.41922  
 37 22.3827   5049.726013  x:  0.05829   0.08517   0.81315   0.39629   0.15476   0.46502   0.14940   0.33898   0.17816   0.14304   0.33191   0.00000   0.00470   0.00575   0.27838   0.14313   0.13844   2.08307   0.00000   0.23231   1.14329   0.00000   0.05807   0.03289   0.00000   0.01644   0.12747   0.07395   0.04612   0.26945   0.07859   0.02091   0.11699   0.12468   0.15306   0.18190   0.18444   0.00000   0.10257   0.03452   0.02175   0.12722   0.08239   0.20997   0.02627   0.00224   0.47457   0.67612   1.39503  
 38 19.6502   5049.630222  x:  0.05728   0.08790   0.81883   0.39318   0.15574   0.47313   0.15060   0.33833   0.18543   0.14539   0.32635   0.00000   0.00472   0.00537   0.27701   0.14385   0.14431   2.08618   0.00000   0.22783   1.13697   0.00000   0.05799   0.03316   0.00000   0.01658   0.12617   0.07295   0.04554   0.27052   0.07925   0.02091   0.12368   0.12125   0.15340   0.18368   0.18335   0.00000   0.10160   0.03423   0.02177   0.12874   0.08278   0.20871   0.02633   0.00231   0.47971   0.68574   1.37813  
 39 10.5568   5049.532833  x:  0.05769   0.08835   0.82551   0.38553   0.15550   0.48046   0.14876   0.33580   0.18358   0.13888   0.31889   0.00000   0.00471   0.00722   0.27601   0.14367   0.14981   2.08971   0.00000   0.22468   1.13419   0.00000   0.05813   0.03310   0.00000   0.01664   0.12658   0.07336   0.04639   0.27150   0.07846   0.02087   0.11885   0.12503   0.15483   0.18320   0.18259   0.00000   0.09645   0.03371   0.02174   0.13025   0.08343   0.20443   0.02623   0.00237   0.48106   0.69283   1.35594  
 40  8.4781   5049.340129  x:  0.05727   0.08892   0.83401   0.37633   0.15346   0.48521   0.14986   0.33096   0.17285   0.12893   0.31346   0.00000   0.00473   0.00957   0.27704   0.14577   0.15269   2.09366   0.00000   0.22501   1.13209   0.00000   0.05858   0.03292   0.00000   0.01676   0.12776   0.07293   0.04845   0.27281   0.08055   0.02073   0.12397   0.12295   0.15181   0.18153   0.18635   0.00000   0.10364   0.03503   0.02181   0.12590   0.08435   0.21160   0.02607   0.00237   0.47945   0.69755   1.30433  
 41 10.9310   5047.583456  x:  0.05363   0.10430   0.88216   0.38324   0.16500   0.47973   0.18301   0.31692   0.15824   0.14164   0.32497   0.00000   0.00458   0.00620   0.28703   0.14544   0.13759   2.11330   0.00000   0.23968   1.11462   0.00000   0.05986   0.03043   0.00000   0.01783   0.12932   0.06929   0.05428   0.28003   0.07934   0.01678   0.12754   0.13266   0.15765   0.19694   0.19053   0.00000   0.09181   0.03274   0.02121   0.12781   0.08944   0.21682   0.02371   0.00288   0.46670   0.69366   0.83777  
 42 27.3426   5046.731696  x:  0.05631   0.09156   0.89842   0.39779   0.16800   0.47320   0.15969   0.32648   0.17338   0.13440   0.33414   0.00000   0.00452   0.00803   0.29005   0.15007   0.13350   2.12130   0.00000   0.23526   1.11195   0.00000   0.06083   0.02931   0.00000   0.01822   0.13098   0.07197   0.05886   0.28151   0.08193   0.01518   0.13083   0.13495   0.15509   0.18918   0.19284   0.00000   0.08976   0.03289   0.02093   0.12618   0.09118   0.22041   0.02247   0.00292   0.47692   0.68696   0.61557  
 43 90.2783   5046.626779  x:  0.05694   0.08773   0.89191   0.40827   0.16531   0.47296   0.16216   0.33145   0.16566   0.13927   0.32803   0.00000   0.00451   0.00852   0.28738   0.15013   0.14124   2.12208   0.00000   0.21948   1.11563   0.00000   0.06082   0.02933   0.00000   0.01822   0.13110   0.07259   0.05951   0.28714   0.08119   0.01525   0.13101   0.13520   0.15457   0.18704   0.19206   0.00000   0.08915   0.03272   0.02084   0.12647   0.09117   0.22222   0.02222   0.00290   0.47662   0.68447   0.60202  
 44  5.6250   5046.483814  x:  0.05609   0.09248   0.88532   0.41434   0.16401   0.47097   0.16181   0.33034   0.17443   0.13242   0.32453   0.00000   0.00450   0.00929   0.29503   0.15029   0.14715   2.12035   0.00000   0.20884   1.12040   0.00000   0.06079   0.02920   0.00000   0.01830   0.13128   0.07174   0.06044   0.28293   0.08209   0.01499   0.13199   0.13647   0.15507   0.19078   0.19349   0.00000   0.08788   0.03266   0.02078   0.12679   0.09142   0.22585   0.02192   0.00291   0.46445   0.68205   0.61892  
 45  2.7914   5045.337024  x:  0.06192   0.06466   0.91417   0.44059   0.17626   0.47096   0.15678   0.31367   0.17734   0.13397   0.34479   0.00000   0.00450   0.00947   0.30559   0.15642   0.14714   2.09700   0.00000   0.19523   1.14351   0.00000   0.06111   0.02768   0.00000   0.01940   0.13423   0.07757   0.06802   0.28063   0.08597   0.01252   0.13646   0.14162   0.15400   0.18161   0.19590   0.00000   0.08208   0.03296   0.02033   0.12527   0.09418   0.22987   0.01943   0.00319   0.48580   0.67320   0.84100  
 46  8.7550   5044.984521  x:  0.06091   0.07879   0.92270   0.44244   0.17922   0.47119   0.14675   0.34001   0.17657   0.13487   0.34572   0.00000   0.00450   0.01056   0.29413   0.16081   0.14203   2.08751   0.00000   0.20316   1.14781   0.00000   0.06132   0.02713   0.00000   0.01971   0.13530   0.07655   0.07111   0.29624   0.08552   0.01220   0.13838   0.14390   0.15140   0.17534   0.19451   0.00000   0.08019   0.03342   0.02022   0.12405   0.09603   0.23117   0.01871   0.00320   0.48229   0.67196   0.90892  
 47 23.3844   5044.956866  x:  0.06064   0.07418   0.92268   0.43942   0.18017   0.47061   0.14657   0.34635   0.17663   0.13575   0.34458   0.00000   0.00449   0.01060   0.29544   0.15983   0.14183   2.08669   0.00000   0.20444   1.14741   0.00000   0.06131   0.02700   0.00000   0.01975   0.13511   0.07629   0.07099   0.29805   0.08500   0.01201   0.13865   0.14412   0.15202   0.18004   0.19815   0.00000   0.08005   0.03312   0.02021   0.12441   0.09649   0.23160   0.01865   0.00324   0.48147   0.67215   0.91393  
 48  5.3458   5044.942189  x:  0.06094   0.07467   0.92488   0.44075   0.18001   0.47075   0.14838   0.35134   0.17481   0.13522   0.34287   0.00000   0.00450   0.01071   0.29902   0.15970   0.14167   2.08616   0.00000   0.20507   1.14721   0.00000   0.06134   0.02696   0.00000   0.01979   0.13519   0.07658   0.07104   0.29285   0.08571   0.01193   0.13860   0.14423   0.15217   0.17957   0.19709   0.00000   0.08002   0.03320   0.02023   0.12430   0.09634   0.23153   0.01866   0.00325   0.48327   0.67245   0.91468  
 49  0.7570   5043.623928  x:  0.06096   0.06960   1.00634   0.45691   0.18271   0.47359   0.15393   0.33969   0.17598   0.13422   0.33931   0.00000   0.00534   0.00000   0.31220   0.16115   0.14340   2.07033   0.00000   0.21462   1.18541   0.00000   0.06170   0.02421   0.00000   0.02312   0.13250   0.07656   0.06267   0.29977   0.07924   0.01131   0.13725   0.14960   0.14729   0.17738   0.20055   0.00000   0.08833   0.03025   0.02193   0.13041   0.09954   0.24587   0.01909   0.00364   0.46781   0.67860   0.92798  
 50  0.3500   5043.623928  x:  0.06096   0.06960   1.00634   0.45691   0.18271   0.47359   0.15393   0.33969   0.17598   0.13422   0.33931   0.00000   0.00534   0.00000   0.31220   0.16115   0.14340   2.07033   0.00000   0.21462   1.18541   0.00000   0.06170   0.02421   0.00000   0.02312   0.13250   0.07656   0.06267   0.29977   0.07924   0.01131   0.13725   0.14960   0.14729   0.17738   0.20055   0.00000   0.08833   0.03025   0.02193   0.13041   0.09954   0.24587   0.01909   0.00364   0.46781   0.67860   0.92798  
 51  0.0544   5043.477376  x:  0.06095   0.06960   1.00643   0.45695   0.18269   0.47382   0.15396   0.33980   0.17604   0.13427   0.33945   0.00000   0.00757   0.00015   0.31204   0.16109   0.14347   2.07078   0.00000   0.21464   1.18598   0.00000   0.06168   0.02376   0.00000   0.02318   0.13249   0.07656   0.06267   0.29969   0.07931   0.01157   0.13719   0.14945   0.14723   0.17755   0.20057   0.00000   0.08822   0.03034   0.02210   0.13031   0.09934   0.24572   0.01967   0.00633   0.46784   0.67861   0.92798  
 52 92.3801   5043.344066  x:  0.06091   0.06960   1.00718   0.45731   0.18252   0.47578   0.15416   0.34078   0.17656   0.13467   0.34065   0.00000   0.00957   0.00242   0.31067   0.16058   0.14403   2.07462   0.00000   0.21485   1.19085   0.00000   0.06156   0.02056   0.00000   0.02357   0.13241   0.07651   0.06269   0.29895   0.07983   0.01322   0.13670   0.14817   0.14664   0.17891   0.20073   0.00000   0.08731   0.03098   0.02325   0.12951   0.09768   0.24434   0.02176   0.00462   0.46809   0.67865   0.92798  
 53 30.3355   5043.143367  x:  0.06081   0.06959   1.00872   0.45802   0.18218   0.47974   0.15449   0.34274   0.17756   0.13531   0.34295   0.00000   0.00665   0.00572   0.30788   0.15951   0.14512   2.08254   0.00000   0.21522   1.20083   0.00000   0.06140   0.01770   0.00000   0.02404   0.13225   0.07641   0.06267   0.29749   0.08069   0.01441   0.13575   0.14571   0.14545   0.18155   0.20104   0.00000   0.08569   0.03175   0.02441   0.12799   0.09466   0.24165   0.02339   0.00642   0.46855   0.67873   0.92799  
 54 83.7743   5042.424239  x:  0.06031   0.06946   1.01541   0.46105   0.18074   0.49657   0.15549   0.35095   0.18136   0.13712   0.35195   0.00000   0.00795   0.01268   0.29612   0.15486   0.14950   2.11718   0.00000   0.21644   1.24428   0.00000   0.06121   0.02417   0.00000   0.02446   0.13151   0.07592   0.06234   0.29147   0.08334   0.01177   0.13219   0.13633   0.14071   0.19196   0.20230   0.00000   0.08033   0.03241   0.02430   0.12233   0.08414   0.23071   0.01937   0.00639   0.47033   0.67894   0.92802  
 55 123.8397   5041.669488  x:  0.05947   0.06886   1.02309   0.46411   0.17901   0.51409   0.15467   0.35842   0.18316   0.13591   0.35844   0.00000   0.00771   0.00000   0.28538   0.15137   0.15213   2.15871   0.00000   0.21589   1.29465   0.00000   0.06167   0.02138   0.00000   0.02023   0.13130   0.07508   0.06095   0.28639   0.08359   0.01206   0.13200   0.13390   0.13931   0.19890   0.20320   0.00000   0.08295   0.02764   0.01850   0.12131   0.08759   0.22262   0.02177   0.00576   0.47182   0.67852   0.92806  
 56 90.3107   5041.669488  x:  0.05947   0.06886   1.02309   0.46411   0.17901   0.51409   0.15467   0.35842   0.18316   0.13591   0.35844   0.00000   0.00771   0.00000   0.28538   0.15137   0.15213   2.15871   0.00000   0.21589   1.29465   0.00000   0.06167   0.02138   0.00000   0.02023   0.13130   0.07508   0.06095   0.28639   0.08359   0.01206   0.13200   0.13390   0.13931   0.19890   0.20320   0.00000   0.08295   0.02764   0.01850   0.12131   0.08759   0.22262   0.02177   0.00576   0.47182   0.67852   0.92806  
 57 139.7923   5041.419314  x:  0.05948   0.06872   1.02331   0.46404   0.17884   0.51387   0.15441   0.35774   0.18250   0.13578   0.35797   0.00000   0.00728   0.00162   0.28667   0.15274   0.15136   2.16076   0.00000   0.21528   1.29635   0.00000   0.06161   0.02238   0.00000   0.02504   0.13148   0.07509   0.06097   0.28708   0.08296   0.01240   0.13298   0.13629   0.14048   0.19732   0.20303   0.00000   0.08416   0.03097   0.02511   0.12286   0.09023   0.22426   0.01963   0.00535   0.47152   0.67818   0.92807  
 58 48.0923   5041.309970  x:  0.05951   0.06852   1.02368   0.46392   0.17862   0.51351   0.15399   0.35668   0.18148   0.13546   0.35710   0.00000   0.00874   0.00278   0.28861   0.15466   0.15019   2.16417   0.00000   0.21434   1.29917   0.00000   0.06162   0.02214   0.00000   0.02493   0.13169   0.07512   0.06106   0.28815   0.08207   0.01225   0.13430   0.13959   0.14211   0.19488   0.20276   0.00000   0.08563   0.03215   0.02503   0.12491   0.09338   0.22676   0.02044   0.00814   0.47101   0.67761   0.92808  
 59 33.9148   5041.034789  x:  0.05963   0.06803   1.02471   0.46362   0.17807   0.51251   0.15287   0.35379   0.17876   0.13451   0.35465   0.00000   0.00803   0.00489   0.29383   0.15959   0.14705   2.17373   0.00000   0.21179   1.30705   0.00000   0.06166   0.02139   0.00000   0.02305   0.13223   0.07524   0.06134   0.29107   0.07982   0.01183   0.13761   0.14799   0.14628   0.18837   0.20205   0.00000   0.08912   0.03350   0.02249   0.13006   0.10096   0.23340   0.02160   0.00531   0.46961   0.67599   0.92810  
 60 103.9824   5040.968147  x:  0.05973   0.06796   1.02508   0.46356   0.17805   0.51220   0.15262   0.35295   0.17813   0.13415   0.35378   0.00000   0.00654   0.00391   0.29521   0.16046   0.14628   2.17726   0.00000   0.21111   1.30990   0.00000   0.06166   0.02194   0.00000   0.02321   0.13230   0.07533   0.06154   0.29188   0.07964   0.01206   0.13796   0.14919   0.14694   0.18675   0.20185   0.00000   0.08911   0.03184   0.02224   0.13071   0.10125   0.23507   0.02044   0.00610   0.46921   0.67540   0.92810  
 61 36.3278   5040.875655  x:  0.05995   0.06789   1.02585   0.46346   0.17810   0.51159   0.15221   0.35134   0.17704   0.13347   0.35206   0.00000   0.00834   0.00154   0.29774   0.16175   0.14494   2.18460   0.00000   0.20987   1.31580   0.00000   0.06165   0.02286   0.00000   0.02382   0.13237   0.07556   0.06199   0.29341   0.07957   0.01242   0.13822   0.15063   0.14779   0.18389   0.20150   0.00000   0.08847   0.02857   0.02240   0.13137   0.10062   0.23803   0.01857   0.00571   0.46847   0.67416   0.92812  
 62 82.3989   5040.751658  x:  0.06018   0.06793   1.02669   0.46340   0.17829   0.51099   0.15206   0.34984   0.17632   0.13304   0.35049   0.00000   0.00819   0.00000   0.29998   0.16242   0.14394   2.19277   0.00000   0.20886   1.32225   0.00000   0.06162   0.02246   0.00000   0.02417   0.13234   0.07579   0.06242   0.29474   0.07989   0.01213   0.13781   0.15060   0.14789   0.18169   0.20120   0.00000   0.08720   0.02835   0.02336   0.13109   0.09854   0.24034   0.02052   0.00556   0.46787   0.67279   0.92813  
 63 52.1855   5040.478952  x:  0.06080   0.06825   1.02994   0.46326   0.17924   0.50895   0.15239   0.34489   0.17490   0.13272   0.34576   0.00000   0.00833   0.00184   0.30712   0.16359   0.14144   2.22498   0.00000   0.20600   1.34733   0.00000   0.06163   0.02095   0.00000   0.02247   0.13204   0.07641   0.06348   0.29875   0.08138   0.01221   0.13552   0.14786   0.14686   0.17594   0.20034   0.00000   0.08334   0.03415   0.02204   0.12853   0.09078   0.24675   0.01712   0.00590   0.46622   0.66734   0.92818  
 64 88.5627   5040.219296  x:  0.06072   0.06880   1.03354   0.46323   0.18061   0.50718   0.15385   0.34140   0.17560   0.13384   0.34274   0.00000   0.00840   0.01008   0.31158   0.16226   0.14129   2.26258   0.00000   0.20470   1.37558   0.00000   0.06180   0.02636   0.00000   0.02448   0.13164   0.07633   0.06303   0.30068   0.08206   0.01416   0.13358   0.14317   0.14450   0.17500   0.20002   0.00000   0.08449   0.03218   0.02031   0.12554   0.08986   0.24883   0.01925   0.00559   0.46611   0.66095   0.92826  
 65 67.5736   5039.839958  x:  0.06001   0.06964   1.03865   0.46322   0.18274   0.50510   0.15584   0.33867   0.17788   0.13504   0.33958   0.00000   0.00822   0.01451   0.31415   0.15788   0.14323   2.31795   0.00000   0.20410   1.41596   0.00000   0.06183   0.02117   0.00000   0.02224   0.13129   0.07562   0.06159   0.30110   0.08151   0.01107   0.13233   0.13749   0.14108   0.17810   0.20015   0.00000   0.08902   0.02722   0.02395   0.12288   0.09506   0.24745   0.01836   0.00577   0.46735   0.65156   0.92835  
 66 112.0574   5039.395711  x:  0.05880   0.07051   1.04482   0.46312   0.18508   0.50315   0.15713   0.33837   0.18107   0.13501   0.33687   0.00000   0.00828   0.00588   0.31255   0.15101   0.14728   2.38881   0.00000   0.20415   1.46562   0.00000   0.06176   0.02012   0.00000   0.02426   0.13120   0.07440   0.06034   0.29897   0.08039   0.01656   0.13361   0.13529   0.13925   0.18589   0.20087   0.00000   0.09305   0.03135   0.02134   0.12305   0.10324   0.24122   0.01825   0.00576   0.47009   0.63958   0.92849  
 67 126.5413   5039.234210  x:  0.05846   0.07066   1.04688   0.46298   0.18520   0.50282   0.15706   0.33983   0.18196   0.13491   0.33745   0.00000   0.00831   0.00348   0.30994   0.14985   0.14908   2.41530   0.00000   0.20429   1.48275   0.00000   0.06186   0.02430   0.00000   0.02314   0.13130   0.07407   0.06057   0.29719   0.07966   0.01179   0.13493   0.13742   0.13993   0.18925   0.20131   0.00000   0.09203   0.03318   0.02118   0.12478   0.10384   0.23750   0.01793   0.00579   0.47101   0.63509   0.92854  
 68 93.9831   5038.979599  x:  0.05830   0.07044   1.04980   0.46243   0.18328   0.50335   0.15569   0.34584   0.18237   0.13498   0.34263   0.00000   0.00828   0.00682   0.30127   0.15241   0.15213   2.46120   0.00000   0.20445   1.50852   0.00000   0.06181   0.02289   0.00000   0.02257   0.13188   0.07391   0.06220   0.29222   0.07957   0.01346   0.13853   0.14696   0.14483   0.19493   0.20227   0.00000   0.08525   0.03138   0.02223   0.13043   0.09845   0.22905   0.01819   0.00580   0.47212   0.62735   0.92865  
 69 63.5593   5038.944466  x:  0.05844   0.07032   1.04992   0.46223   0.18224   0.50388   0.15493   0.34781   0.18169   0.13478   0.34455   0.00000   0.00827   0.00686   0.29892   0.15409   0.15214   2.46881   0.00000   0.20407   1.51065   0.00000   0.06178   0.02176   0.00000   0.02493   0.13190   0.07405   0.06174   0.29133   0.07972   0.01212   0.13807   0.14734   0.14532   0.19446   0.20234   0.00000   0.08619   0.03123   0.02081   0.13019   0.09755   0.22847   0.01808   0.00581   0.47181   0.62609   0.92867  
 70 21.2298   5038.859316  x:  0.05906   0.06999   1.04967   0.46157   0.17857   0.50609   0.15227   0.35438   0.17887   0.13394   0.35107   0.00000   0.00828   0.00557   0.29152   0.15986   0.15143   2.48966   0.00000   0.20247   1.51284   0.00000   0.06199   0.02253   0.00000   0.02343   0.13168   0.07467   0.05991   0.28903   0.08068   0.01297   0.13557   0.14632   0.14599   0.19119   0.20237   0.00000   0.09092   0.03159   0.02174   0.12789   0.09628   0.22847   0.01813   0.00582   0.47048   0.62272   0.92874  
 71 28.8486   5038.807958  x:  0.05955   0.07052   1.04850   0.46118   0.17692   0.50887   0.15179   0.35873   0.17766   0.13429   0.35592   0.00000   0.00827   0.00537   0.28816   0.16047   0.15096   2.50650   0.00000   0.20160   1.50799   0.00000   0.06152   0.02254   0.00000   0.02353   0.13158   0.07516   0.06264   0.28889   0.08059   0.01302   0.13564   0.14363   0.14418   0.18842   0.20207   0.00000   0.08644   0.03163   0.02156   0.12720   0.10046   0.23145   0.01814   0.00580   0.47028   0.62030   0.92882  
 72 11.3142   5038.712654  x:  0.05792   0.07241   1.04433   0.46058   0.17777   0.51537   0.15405   0.36290   0.17868   0.13616   0.36142   0.00000   0.00827   0.00505   0.28943   0.15420   0.15152   2.54639   0.00000   0.20189   1.48597   0.00000   0.06348   0.02244   0.00000   0.02357   0.13188   0.07353   0.06042   0.29150   0.07909   0.01312   0.13931   0.14392   0.14237   0.18612   0.20128   0.00000   0.08795   0.03158   0.02163   0.13035   0.09749   0.23738   0.01819   0.00578   0.47210   0.61552   0.92904  
 73 11.4775   5038.630718  x:  0.05930   0.07329   1.04043   0.45990   0.17949   0.51911   0.15441   0.36206   0.17930   0.13595   0.36105   0.00000   0.00826   0.00489   0.29382   0.15366   0.15184   2.58340   0.00000   0.20255   1.46264   0.00000   0.05813   0.02256   0.00000   0.02343   0.13176   0.07490   0.06267   0.29329   0.08117   0.01291   0.13709   0.14590   0.14479   0.18859   0.20119   0.00000   0.08965   0.03157   0.02167   0.12888   0.09719   0.23668   0.01821   0.00578   0.47199   0.61227   0.92925  
 74 21.5803   5038.566074  x:  0.05976   0.07299   1.03737   0.45922   0.18034   0.52036   0.15356   0.35914   0.17929   0.13483   0.35801   0.00000   0.00825   0.00487   0.29744   0.15617   0.15136   2.61425   0.00000   0.20293   1.44236   0.00000   0.06324   0.02247   0.00000   0.02352   0.13170   0.07537   0.06230   0.29345   0.08136   0.01283   0.13455   0.14651   0.14654   0.19103   0.20139   0.00000   0.08840   0.03157   0.02165   0.12693   0.09852   0.23336   0.01822   0.00578   0.47071   0.61051   0.92945  
 75 33.1392   5038.540398  x:  0.05859   0.07204   1.03653   0.45902   0.17971   0.51872   0.15267   0.35655   0.17894   0.13418   0.35489   0.00000   0.00825   0.00510   0.29720   0.15816   0.15031   2.62681   0.00000   0.20286   1.43386   0.00000   0.06150   0.02252   0.00000   0.02349   0.13173   0.07420   0.06002   0.29209   0.07938   0.01298   0.13573   0.14507   0.14514   0.19083   0.20169   0.00000   0.08723   0.03157   0.02167   0.12772   0.09858   0.23120   0.01824   0.00579   0.46983   0.61103   0.92954  
 76 13.2390   5038.528840  x:  0.05892   0.07175   1.03672   0.45933   0.17913   0.51594   0.15241   0.35474   0.17888   0.13430   0.35250   0.00000   0.00825   0.00534   0.29515   0.15837   0.14962   2.63289   0.00000   0.20291   1.42976   0.00000   0.06194   0.02251   0.00000   0.02349   0.13183   0.07453   0.06219   0.29094   0.08005   0.01298   0.13727   0.14435   0.14388   0.19014   0.20207   0.00000   0.08836   0.03156   0.02168   0.12883   0.09803   0.23081   0.01824   0.00580   0.47011   0.61269   0.92960  
 77  6.3068   5038.521973  x:  0.05929   0.07185   1.03757   0.46002   0.17908   0.51233   0.15279   0.35387   0.17920   0.13491   0.35114   0.00000   0.00824   0.00553   0.29273   0.15728   0.14965   2.63676   0.00000   0.20334   1.42734   0.00000   0.06186   0.02251   0.00000   0.02349   0.13181   0.07490   0.06120   0.29036   0.08080   0.01290   0.13657   0.14515   0.14466   0.18905   0.20224   0.00000   0.08791   0.03155   0.02167   0.12824   0.09833   0.23185   0.01826   0.00579   0.47113   0.61525   0.92966  
 78  3.4876   5038.519665  x:  0.05891   0.07159   1.03844   0.46040   0.17943   0.51022   0.15289   0.35436   0.17921   0.13489   0.35160   0.00000   0.00824   0.00548   0.29279   0.15742   0.15011   2.63817   0.00000   0.20360   1.42667   0.00000   0.06186   0.02250   0.00000   0.02349   0.13178   0.07452   0.06184   0.29062   0.07958   0.01297   0.13606   0.14512   0.14502   0.18932   0.20186   0.00000   0.08804   0.03155   0.02169   0.12803   0.09813   0.23237   0.01827   0.00579   0.47111   0.61705   0.92971  
 79  1.5879   5038.517710  x:  0.05896   0.07134   1.03961   0.46081   0.17976   0.50826   0.15287   0.35517   0.17904   0.13473   0.35261   0.00000   0.00824   0.00535   0.29369   0.15783   0.15055   2.63939   0.00000   0.20358   1.42627   0.00000   0.06186   0.02250   0.00000   0.02349   0.13181   0.07457   0.06148   0.29130   0.08036   0.01294   0.13649   0.14492   0.14468   0.18973   0.20159   0.00000   0.08796   0.03155   0.02169   0.12833   0.09821   0.23234   0.01828   0.00579   0.47072   0.61895   0.92978  
 80  1.6022   5038.516357  x:  0.05947   0.07129   1.04081   0.46104   0.17940   0.50807   0.15296   0.35533   0.17888   0.13501   0.35316   0.00000   0.00823   0.00528   0.29445   0.15728   0.15023   2.64011   0.00000   0.20284   1.42633   0.00000   0.06186   0.02249   0.00000   0.02349   0.13181   0.07508   0.06144   0.29117   0.07989   0.01296   0.13661   0.14514   0.14448   0.18929   0.20219   0.00000   0.08797   0.03155   0.02170   0.12807   0.09816   0.23163   0.01830   0.00579   0.47056   0.61978   0.92989  
 81  0.5214   5038.513334  x:  0.05846   0.07078   1.04338   0.46135   0.17874   0.50885   0.15302   0.35505   0.17877   0.13534   0.35346   0.00000   0.00822   0.00517   0.29522   0.15685   0.15009   2.64156   0.00000   0.20198   1.42677   0.00000   0.06185   0.02247   0.00000   0.02349   0.13179   0.07407   0.06184   0.29079   0.08057   0.01290   0.13613   0.14509   0.14491   0.18858   0.20290   0.00000   0.08794   0.03153   0.02173   0.12820   0.09821   0.23113   0.01834   0.00579   0.47076   0.62059   0.93016  
 82  0.9081   5038.497595  x:  0.05935   0.07015   1.05523   0.46285   0.17924   0.51442   0.15252   0.35288   0.17889   0.13492   0.35231   0.00000   0.00813   0.00483   0.29555   0.15854   0.15212   2.64879   0.00000   0.20168   1.42981   0.00000   0.06184   0.02237   0.00000   0.02351   0.13179   0.07496   0.06147   0.28972   0.08034   0.01281   0.13617   0.14407   0.14551   0.18820   0.20234   0.00000   0.08765   0.03149   0.02186   0.12904   0.09770   0.23307   0.01864   0.00577   0.47191   0.62192   0.93166  
 83  1.8526   5038.485581  x:  0.05884   0.06940   1.06070   0.46298   0.17938   0.51588   0.15233   0.35238   0.17908   0.13398   0.35097   0.00000   0.00806   0.00484   0.29452   0.15817   0.15122   2.65398   0.00000   0.20170   1.43246   0.00000   0.06182   0.02228   0.00000   0.02352   0.13178   0.07445   0.06167   0.29114   0.08051   0.01277   0.13691   0.14617   0.14374   0.18859   0.20079   0.00000   0.08753   0.03144   0.02200   0.12684   0.09745   0.23409   0.01888   0.00575   0.46966   0.62050   0.93280  
 84  2.8876   5038.461300  x:  0.05950   0.06957   1.06414   0.46224   0.17983   0.51316   0.15320   0.35330   0.17894   0.13360   0.34900   0.00000   0.00793   0.00463   0.29360   0.15713   0.14676   2.66409   0.00000   0.20211   1.43859   0.00000   0.06182   0.02210   0.00000   0.02356   0.13173   0.07511   0.06156   0.29536   0.08016   0.01266   0.13512   0.14475   0.14536   0.18838   0.20034   0.00000   0.08721   0.03135   0.02223   0.12963   0.09694   0.23415   0.01937   0.00573   0.46697   0.61389   0.93505  
 85  2.9215   5038.428059  x:  0.05917   0.07067   1.06222   0.46107   0.18123   0.50686   0.15356   0.35403   0.17756   0.13464   0.34830   0.00000   0.00774   0.00357   0.29663   0.15965   0.14500   2.67786   0.00000   0.20416   1.44786   0.00000   0.06180   0.02186   0.00000   0.02361   0.13173   0.07477   0.06207   0.29618   0.08012   0.01243   0.13712   0.14468   0.14568   0.18588   0.20282   0.00000   0.08665   0.03124   0.02257   0.12720   0.09604   0.23481   0.02000   0.00570   0.47141   0.60434   0.93803  
 86  5.0495   5038.412441  x:  0.05950   0.07075   1.05732   0.46023   0.18080   0.50443   0.15211   0.35273   0.17704   0.13417   0.34896   0.00000   0.00765   0.00329   0.29898   0.15882   0.14739   2.68453   0.00000   0.20356   1.45296   0.00000   0.06178   0.02174   0.00000   0.02363   0.13165   0.07510   0.06220   0.29284   0.08048   0.01244   0.13479   0.14588   0.14361   0.18446   0.20176   0.00000   0.08642   0.03117   0.02271   0.12856   0.09571   0.23617   0.02031   0.00568   0.47079   0.60223   0.93930  
 87  3.8638   5038.403472  x:  0.05959   0.07115   1.05215   0.45988   0.17968   0.50430   0.15219   0.35129   0.17759   0.13420   0.34920   0.00000   0.00760   0.00307   0.29957   0.15834   0.14914   2.68863   0.00000   0.20121   1.45648   0.00000   0.06179   0.02167   0.00000   0.02364   0.13170   0.07519   0.06222   0.29170   0.08073   0.01230   0.13637   0.14493   0.14573   0.18435   0.20051   0.00000   0.08630   0.03115   0.02281   0.12775   0.09548   0.23713   0.02050   0.00566   0.46897   0.60359   0.93991  
 88  3.3232   5038.397131  x:  0.05943   0.07207   1.04673   0.46001   0.17930   0.50602   0.15325   0.35044   0.17795   0.13447   0.34867   0.00000   0.00756   0.00282   0.29888   0.15954   0.14966   2.69182   0.00000   0.19886   1.45957   0.00000   0.06177   0.02163   0.00000   0.02365   0.13167   0.07503   0.06221   0.29390   0.08051   0.01230   0.13575   0.14536   0.14485   0.18479   0.20114   0.00000   0.08619   0.03112   0.02287   0.12800   0.09531   0.23724   0.02062   0.00566   0.46954   0.60740   0.94014  
 89  2.4314   5038.395779  x:  0.05942   0.07173   1.04521   0.46006   0.17987   0.50693   0.15252   0.35069   0.17727   0.13366   0.34833   0.00000   0.00755   0.00303   0.29880   0.15901   0.14931   2.69262   0.00000   0.19959   1.46042   0.00000   0.06177   0.02163   0.00000   0.02365   0.13169   0.07502   0.06226   0.29440   0.08048   0.01228   0.13585   0.14525   0.14504   0.18432   0.20141   0.00000   0.08617   0.03111   0.02288   0.12793   0.09528   0.23692   0.02064   0.00566   0.46975   0.60898   0.94004  
 90  1.1990   5038.395378  x:  0.05944   0.07158   1.04466   0.46021   0.18009   0.50740   0.15269   0.35103   0.17749   0.13407   0.34817   0.00000   0.00755   0.00295   0.29903   0.15914   0.14847   2.69293   0.00000   0.20041   1.46076   0.00000   0.06177   0.02162   0.00000   0.02365   0.13166   0.07504   0.06227   0.29393   0.08055   0.01227   0.13583   0.14527   0.14502   0.18424   0.20126   0.00000   0.08617   0.03111   0.02289   0.12794   0.09528   0.23695   0.02065   0.00566   0.46954   0.60974   0.93984  
 91  0.5658   5038.395338  x:  0.05943   0.07168   1.04462   0.46034   0.17998   0.50742   0.15263   0.35095   0.17747   0.13397   0.34826   0.00000   0.00755   0.00295   0.29907   0.15912   0.14824   2.69299   0.00000   0.20048   1.46080   0.00000   0.06177   0.02162   0.00000   0.02365   0.13171   0.07503   0.06225   0.29386   0.08056   0.01226   0.13583   0.14526   0.14502   0.18441   0.20129   0.00000   0.08617   0.03111   0.02289   0.12794   0.09527   0.23706   0.02065   0.00566   0.46960   0.60980   0.93967  
 92  0.1582   5038.395274  x:  0.05945   0.07152   1.04458   0.46056   0.17989   0.50743   0.15271   0.35068   0.17748   0.13393   0.34851   0.00000   0.00755   0.00293   0.29904   0.15913   0.14816   2.69320   0.00000   0.20064   1.46085   0.00000   0.06177   0.02163   0.00000   0.02365   0.13149   0.07505   0.06225   0.29395   0.08055   0.01226   0.13584   0.14527   0.14502   0.18440   0.20124   0.00000   0.08617   0.03110   0.02288   0.12794   0.09528   0.23703   0.02065   0.00566   0.46963   0.60974   0.93888  
 93  0.0966   5038.395146  x:  0.05947   0.07133   1.04455   0.46092   0.17990   0.50745   0.15278   0.35041   0.17754   0.13397   0.34874   0.00000   0.00755   0.00291   0.29900   0.15915   0.14818   2.69364   0.00000   0.20079   1.46094   0.00000   0.06177   0.02164   0.00000   0.02365   0.13187   0.07507   0.06226   0.29407   0.08054   0.01227   0.13582   0.14525   0.14501   0.18430   0.20122   0.00000   0.08618   0.03109   0.02288   0.12793   0.09529   0.23696   0.02064   0.00566   0.46957   0.60961   0.93712  
 94  0.4472   5038.394558  x:  0.05938   0.07155   1.04462   0.46179   0.18034   0.50749   0.15248   0.35076   0.17763   0.13411   0.34844   0.00000   0.00756   0.00302   0.29905   0.15912   0.14839   2.69578   0.00000   0.20043   1.46130   0.00000   0.06179   0.02169   0.00000   0.02366   0.13168   0.07498   0.06229   0.29403   0.08055   0.01230   0.13582   0.14521   0.14498   0.18424   0.20153   0.00000   0.08621   0.03102   0.02287   0.12791   0.09530   0.23708   0.02062   0.00567   0.46927   0.60913   0.92863  
 95  0.7688   5038.394227  x:  0.05946   0.07124   1.04473   0.46126   0.18009   0.50751   0.15271   0.35110   0.17745   0.13401   0.34814   0.00000   0.00756   0.00310   0.29920   0.15902   0.14833   2.69704   0.00000   0.20017   1.46151   0.00000   0.06180   0.02171   0.00000   0.02366   0.13175   0.07506   0.06225   0.29398   0.08056   0.01230   0.13580   0.14516   0.14496   0.18441   0.20116   0.00000   0.08622   0.03098   0.02286   0.12788   0.09530   0.23717   0.02061   0.00567   0.46967   0.60900   0.92390  
 96  1.2681   5038.394087  x:  0.05943   0.07172   1.04488   0.46046   0.17992   0.50752   0.15282   0.35097   0.17746   0.13396   0.34824   0.00000   0.00756   0.00310   0.29923   0.15904   0.14842   2.69762   0.00000   0.20047   1.46163   0.00000   0.06180   0.02173   0.00000   0.02366   0.13175   0.07503   0.06227   0.29404   0.08056   0.01231   0.13580   0.14516   0.14495   0.18431   0.20120   0.00000   0.08623   0.03096   0.02286   0.12787   0.09531   0.23712   0.02060   0.00567   0.46958   0.60908   0.92214  
 97  0.4475   5038.394052  x:  0.05943   0.07167   1.04492   0.46016   0.18007   0.50752   0.15266   0.35085   0.17754   0.13406   0.34837   0.00000   0.00757   0.00310   0.29919   0.15904   0.14834   2.69779   0.00000   0.20043   1.46166   0.00000   0.06180   0.02173   0.00000   0.02366   0.13175   0.07503   0.06226   0.29405   0.08056   0.01231   0.13580   0.14515   0.14495   0.18437   0.20129   0.00000   0.08623   0.03096   0.02286   0.12787   0.09531   0.23719   0.02060   0.00567   0.46957   0.60910   0.92193  
 98  0.1317   5038.393959  x:  0.05939   0.07187   1.04496   0.46010   0.18042   0.50753   0.15270   0.35074   0.17752   0.13401   0.34852   0.00000   0.00757   0.00312   0.29915   0.15903   0.14816   2.69838   0.00000   0.20024   1.46175   0.00000   0.06180   0.02174   0.00000   0.02366   0.13175   0.07499   0.06227   0.29398   0.08058   0.01231   0.13579   0.14513   0.14494   0.18427   0.20098   0.00000   0.08624   0.03094   0.02285   0.12786   0.09532   0.23705   0.02059   0.00568   0.46969   0.60903   0.92251  
 99  0.0559   5038.393130  x:  0.05939   0.07168   1.04513   0.46013   0.18068   0.50771   0.15343   0.35083   0.17741   0.13359   0.34856   0.00000   0.00759   0.00334   0.29925   0.15894   0.14828   2.70382   0.00000   0.20017   1.46260   0.00000   0.06178   0.02184   0.00000   0.02365   0.13171   0.07499   0.06226   0.29384   0.08061   0.01237   0.13577   0.14500   0.14484   0.18439   0.20147   0.00000   0.08632   0.03077   0.02281   0.12779   0.09538   0.23738   0.02052   0.00569   0.46946   0.60827   0.92897  
100  0.3619   5038.392781  x:  0.05941   0.07178   1.04521   0.46027   0.18018   0.50779   0.15283   0.35095   0.17760   0.13408   0.34841   0.00000   0.00760   0.00340   0.29942   0.15884   0.14843   2.70612   0.00000   0.20032   1.46297   0.00000   0.06177   0.02189   0.00000   0.02365   0.13169   0.07501   0.06225   0.29422   0.08058   0.01240   0.13575   0.14493   0.14480   0.18439   0.20117   0.00000   0.08636   0.03070   0.02279   0.12775   0.09541   0.23734   0.02048   0.00570   0.46960   0.60796   0.93174  
101  1.1116   5038.392780  x:  0.05940   0.07178   1.04521   0.46028   0.18018   0.50779   0.15283   0.35095   0.17757   0.13410   0.34841   0.00000   0.00760   0.00340   0.29942   0.15884   0.14843   2.70612   0.00000   0.20033   1.46297   0.00000   0.06177   0.02189   0.00000   0.02365   0.13169   0.07501   0.06225   0.29422   0.08058   0.01240   0.13575   0.14493   0.14480   0.18439   0.20117   0.00000   0.08636   0.03070   0.02279   0.12775   0.09541   0.23734   0.02048   0.00570   0.46960   0.60796   0.93175  
102  0.0104   5038.392741  x:  0.05940   0.07178   1.04525   0.46028   0.18019   0.50781   0.15282   0.35102   0.17761   0.13407   0.34845   0.00000   0.00761   0.00331   0.29936   0.15880   0.14847   2.70751   0.00000   0.20032   1.46309   0.00000   0.06177   0.02185   0.00000   0.02364   0.13169   0.07500   0.06225   0.29419   0.08057   0.01239   0.13576   0.14494   0.14480   0.18444   0.20118   0.00000   0.08636   0.03074   0.02277   0.12777   0.09544   0.23728   0.02046   0.00569   0.46963   0.60779   0.93161  
103  0.0025   5038.392741  x:  0.05940   0.07178   1.04524   0.46028   0.18019   0.50780   0.15282   0.35102   0.17759   0.13409   0.34845   0.00000   0.00761   0.00332   0.29935   0.15880   0.14847   2.70758   0.00000   0.20032   1.46310   0.00000   0.06177   0.02185   0.00000   0.02364   0.13169   0.07500   0.06225   0.29418   0.08057   0.01239   0.13576   0.14494   0.14480   0.18444   0.20119   0.00000   0.08636   0.03075   0.02277   0.12777   0.09543   0.23728   0.02046   0.00570   0.46963   0.60779   0.93160  
104  0.0001   5038.392741  x:  0.05940   0.07178   1.04524   0.46028   0.18019   0.50780   0.15282   0.35102   0.17759   0.13409   0.34845   0.00000   0.00761   0.00332   0.29935   0.15881   0.14847   2.70758   0.00000   0.20032   1.46310   0.00000   0.06177   0.02185   0.00000   0.02364   0.13169   0.07500   0.06225   0.29418   0.08057   0.01239   0.13576   0.14494   0.14480   0.18444   0.20119   0.00000   0.08636   0.03075   0.02277   0.12777   0.09543   0.23728   0.02045   0.00569   0.46963   0.60779   0.93161  
105  0.0000   5038.392741  x:  0.05940   0.07178   1.04524   0.46028   0.18019   0.50780   0.15282   0.35102   0.17759   0.13409   0.34845   0.00000   0.00761   0.00332   0.29935   0.15881   0.14847   2.70758   0.00000   0.20032   1.46310   0.00000   0.06177   0.02185   0.00000   0.02364   0.13169   0.07500   0.06225   0.29418   0.08057   0.01239   0.13576   0.14494   0.14480   0.18444   0.20119   0.00000   0.08636   0.03075   0.02277   0.12777   0.09543   0.23728   0.02045   0.00569   0.46963   0.60779   0.93161  
106  0.0000   5038.392741  x:  0.05940   0.07178   1.04524   0.46028   0.18019   0.50780   0.15282   0.35102   0.17759   0.13409   0.34845   0.00000   0.00761   0.00332   0.29935   0.15881   0.14847   2.70758   0.00000   0.20032   1.46310   0.00000   0.06177   0.02185   0.00000   0.02364   0.13169   0.07500   0.06225   0.29418   0.08057   0.01239   0.13576   0.14494   0.14480   0.18444   0.20119   0.00000   0.08636   0.03075   0.02277   0.12777   0.09543   0.23728   0.02045   0.00569   0.46963   0.60779   0.93161  
107  0.0000   5038.392741  x:  0.05940   0.07178   1.04524   0.46028   0.18019   0.50780   0.15282   0.35102   0.17759   0.13409   0.34845   0.00000   0.00761   0.00332   0.29935   0.15881   0.14847   2.70758   0.00000   0.20032   1.46310   0.00000   0.06177   0.02185   0.00000   0.02364   0.13169   0.07500   0.06225   0.29418   0.08057   0.01239   0.13576   0.14494   0.14480   0.18444   0.20119   0.00000   0.08636   0.03075   0.02277   0.12777   0.09543   0.23728   0.02045   0.00569   0.46963   0.60779   0.93161  
108  0.0000   5038.392741  x:  0.05940   0.07178   1.04524   0.46028   0.18019   0.50780   0.15282   0.35102   0.17759   0.13409   0.34845   0.00000   0.00761   0.00332   0.29935   0.15881   0.14847   2.70758   0.00000   0.20032   1.46310   0.00000   0.06177   0.02185   0.00000   0.02364   0.13169   0.07500   0.06225   0.29418   0.08057   0.01239   0.13576   0.14494   0.14480   0.18444   0.20119   0.00000   0.08636   0.03075   0.02277   0.12777   0.09543   0.23728   0.02045   0.00569   0.46963   0.60779   0.93161  
check convergence!
