

TREE # 1

  0  0.0000   6670.683069  x:  0.05151   0.07887   0.02785   0.08667   0.09423   0.06434   0.06393   0.05588   0.01706   0.03180   0.01986   0.03642   0.04234   0.05854   0.07335   0.03219   0.02374   0.04730   0.01804   0.10750   0.02141   0.05601   0.10039   0.09653   0.09235   0.10554   0.02714   0.06209   0.02561   0.05143   0.06065   0.02684   0.02695   0.08052   0.09410   0.07552   0.03271   0.06839   0.07395   0.10162   0.10763   0.10864   0.01176   0.04696   0.05616   0.09980   0.10243   0.05750   0.05207   0.05100   0.04136   0.05397   0.06602   0.04209   0.10735   0.09063   0.04577   0.04946   0.05373   0.05070   0.07864   0.42626   0.42942   0.58360  
  1 99.0000   5590.317349  x:  0.09352   0.25744   0.24247   0.12300   0.16431   0.10010   0.14313   0.09884   0.11375   0.18157   0.00000   0.02048   0.05230   0.13013   0.09709   0.13031   0.89067   0.10056   0.26482   0.24068   0.00522   0.05562   0.08618   0.07968   0.07781   0.11120   0.08052   0.08171   0.19633   0.07161   0.05053   0.11203   0.12245   0.09497   0.11443   0.11176   0.01692   0.07431   0.06158   0.08697   0.11012   0.10737   0.20987   0.03051   0.04155   0.08446   0.08860   0.04163   0.03094   0.03796   0.02489   0.03575   0.04821   0.01989   0.08532   0.06854   0.02702   0.04870   0.04747   0.03173   0.05658   0.43785   0.44576   0.58395  
  2 6509.6297   5567.547501  x:  0.09536   0.26725   0.24413   0.12509   0.17166   0.10255   0.14982   0.10269   0.11447   0.18394   0.00000   0.01686   0.05083   0.13594   0.10025   0.13186   0.88607   0.09940   0.26314   0.25312   0.00000   0.05614   0.08211   0.07447   0.07401   0.11235   0.08337   0.08210   0.19684   0.07197   0.04724   0.11237   0.12256   0.09766   0.11674   0.11532   0.01262   0.07517   0.05880   0.08288   0.11086   0.10682   0.20681   0.02570   0.03863   0.08053   0.08522   0.03811   0.02564   0.03534   0.02175   0.03153   0.04372   0.01370   0.07917   0.06238   0.02248   0.04818   0.04536   0.02696   0.05041   0.43957   0.44945   0.58408  
  3 734.9435   5551.679073  x:  0.09490   0.27259   0.24688   0.12469   0.17355   0.10194   0.14785   0.10052   0.11444   0.18717   0.00000   0.02324   0.04881   0.13413   0.09853   0.13135   0.88528   0.09594   0.26056   0.25789   0.00000   0.05695   0.07461   0.06201   0.06855   0.11273   0.08151   0.08094   0.19892   0.07182   0.04367   0.11318   0.12349   0.09702   0.11721   0.11630   0.00411   0.07488   0.05662   0.07644   0.11197   0.10558   0.20345   0.01884   0.03949   0.07500   0.08186   0.03952   0.02276   0.03854   0.03059   0.03242   0.03894   0.00000   0.06556   0.04874   0.02266   0.04910   0.04866   0.02393   0.03674   0.44225   0.45436   0.58461  
  4 609.7339   5545.475582  x:  0.09446   0.27273   0.24784   0.12418   0.17314   0.10150   0.14690   0.10002   0.11425   0.18811   0.00000   0.02243   0.04819   0.13337   0.09811   0.13077   0.88585   0.09406   0.25926   0.25769   0.00000   0.05733   0.07097   0.05425   0.06657   0.11272   0.08079   0.08055   0.19983   0.07162   0.04292   0.11334   0.12372   0.09681   0.11721   0.11669   0.00000   0.07480   0.05636   0.07400   0.11250   0.10487   0.20201   0.01552   0.04028   0.07296   0.08072   0.03998   0.02309   0.03905   0.02794   0.03291   0.03748   0.00000   0.05724   0.04041   0.02325   0.04904   0.05023   0.02404   0.02838   0.44344   0.45624   0.58503  
  5 1182.6229   5528.328962  x:  0.09451   0.26975   0.24865   0.12365   0.17212   0.10174   0.14819   0.10183   0.11371   0.18812   0.00000   0.02051   0.04800   0.13463   0.09950   0.13007   0.88810   0.08970   0.25616   0.25626   0.00000   0.05852   0.06302   0.02761   0.06496   0.11271   0.08184   0.08095   0.20088   0.07069   0.04382   0.11284   0.12339   0.09761   0.11763   0.11894   0.00000   0.07505   0.05719   0.07251   0.11382   0.10301   0.19843   0.00790   0.04045   0.07110   0.07973   0.03892   0.02437   0.03849   0.02970   0.03223   0.03699   0.00000   0.02901   0.01211   0.02270   0.04888   0.05234   0.02542   0.00000   0.44606   0.45885   0.58684  
  6 2446.6009   5522.921861  x:  0.09458   0.26931   0.24872   0.12365   0.17217   0.10187   0.14831   0.10184   0.11357   0.18796   0.00000   0.02071   0.04803   0.13469   0.09953   0.13013   0.88876   0.08839   0.25521   0.25664   0.00000   0.05901   0.06060   0.01623   0.06493   0.11278   0.08192   0.08102   0.20099   0.07049   0.04405   0.11275   0.12327   0.09761   0.11741   0.11925   0.00000   0.07504   0.05731   0.07242   0.11389   0.10282   0.19738   0.00583   0.04027   0.07095   0.07969   0.03885   0.02430   0.03846   0.02931   0.03213   0.03712   0.00000   0.01692   0.00000   0.02260   0.04893   0.05321   0.02535   0.00000   0.44684   0.45935   0.58772  
  7 8816.1018   5517.790905  x:  0.09459   0.26904   0.24883   0.12360   0.17215   0.10194   0.14838   0.10190   0.11340   0.18790   0.00000   0.02029   0.04803   0.13474   0.09960   0.13016   0.88949   0.08676   0.25404   0.25710   0.00000   0.05964   0.05756   0.00036   0.06481   0.11285   0.08189   0.08106   0.20114   0.07034   0.04415   0.11271   0.12320   0.09764   0.11717   0.11968   0.00000   0.07505   0.05736   0.07215   0.11398   0.10263   0.19619   0.00342   0.04022   0.07066   0.07957   0.03880   0.02436   0.03837   0.02913   0.03210   0.03708   0.00000   0.00000   0.00000   0.02260   0.04892   0.05429   0.02540   0.00000   0.44780   0.45995   0.58901  
  8 70959.1312   5517.733062  x:  0.09459   0.26903   0.24884   0.12359   0.17215   0.10194   0.14839   0.10192   0.11339   0.18791   0.00000   0.02034   0.04802   0.13476   0.09961   0.13015   0.88949   0.08674   0.25403   0.25709   0.00000   0.05965   0.05752   0.00000   0.06479   0.11285   0.08190   0.08106   0.20115   0.07034   0.04415   0.11270   0.12320   0.09764   0.11718   0.11969   0.00000   0.07505   0.05736   0.07213   0.11400   0.10262   0.19619   0.00340   0.04022   0.07064   0.07955   0.03879   0.02437   0.03838   0.02910   0.03209   0.03707   0.00000   0.00000   0.00000   0.02259   0.04892   0.05429   0.02541   0.00000   0.44779   0.45996   0.58905  
  9 1613.5539   5513.319876  x:  0.09675   0.24026   0.25767   0.12454   0.17887   0.11040   0.15058   0.09210   0.11028   0.18838   0.00000   0.01266   0.04197   0.13188   0.09465   0.12894   0.88950   0.08678   0.25694   0.26643   0.00000   0.07329   0.02639   0.00000   0.04950   0.11945   0.09499   0.07919   0.20944   0.05702   0.05731   0.10614   0.11794   0.09432   0.11976   0.11443   0.00000   0.07292   0.06826   0.04863   0.11894   0.09270   0.20020   0.00513   0.03184   0.05772   0.06944   0.04180   0.01084   0.04756   0.03007   0.02859   0.03745   0.00000   0.00000   0.00000   0.01751   0.04706   0.05160   0.01282   0.00000   0.42493   0.47420   0.63425  
 10 64.6467   5510.645603  x:  0.09838   0.24015   0.26182   0.12473   0.18291   0.11318   0.15075   0.09093   0.10945   0.18713   0.00000   0.01350   0.04205   0.13238   0.09393   0.12972   0.88863   0.08521   0.25564   0.27413   0.00000   0.07118   0.02379   0.00000   0.04834   0.11938   0.09484   0.07895   0.21222   0.05780   0.06200   0.10593   0.11731   0.09449   0.11892   0.11421   0.00000   0.07335   0.06994   0.04394   0.11899   0.09212   0.19692   0.00000   0.03249   0.05553   0.06801   0.04280   0.01809   0.04644   0.03119   0.02991   0.03891   0.00000   0.00000   0.00000   0.01985   0.04776   0.05399   0.01677   0.00000   0.42383   0.48291   0.65704  
 11 70.0986   5501.202483  x:  0.10080   0.24696   0.28127   0.11945   0.18569   0.11622   0.14922   0.09888   0.10588   0.18496   0.00000   0.01475   0.04506   0.13591   0.09797   0.12675   0.89405   0.06165   0.23574   0.28448   0.00000   0.05947   0.02606   0.00000   0.04535   0.11322   0.08544   0.07992   0.22515   0.06312   0.07644   0.10898   0.11899   0.09672   0.11485   0.12621   0.00000   0.07573   0.07259   0.03427   0.12167   0.08959   0.16771   0.00000   0.04097   0.04626   0.06414   0.04085   0.00000   0.03926   0.03476   0.03359   0.03922   0.00000   0.00000   0.00000   0.02281   0.04984   0.07786   0.01304   0.00000   0.44062   0.52981   0.77196  
 12 248.3033   5497.551183  x:  0.10116   0.25020   0.28839   0.11731   0.18599   0.11647   0.14857   0.10196   0.10470   0.18496   0.00000   0.01465   0.04595   0.13670   0.09945   0.12523   0.89688   0.05137   0.22699   0.28711   0.00000   0.05707   0.02801   0.00000   0.04391   0.11101   0.08180   0.08039   0.22971   0.06369   0.08049   0.11029   0.11994   0.09688   0.11338   0.13155   0.00000   0.07612   0.07275   0.03224   0.12282   0.08864   0.15572   0.00000   0.04242   0.04289   0.06295   0.03978   0.00116   0.03801   0.03624   0.03348   0.03814   0.00000   0.00000   0.00000   0.02062   0.05007   0.08763   0.00233   0.00000   0.44814   0.54781   0.81701  
 13 1610.7393   5491.415951  x:  0.09940   0.25961   0.29675   0.11539   0.18664   0.11330   0.14690   0.10194   0.10423   0.18906   0.00000   0.01238   0.04501   0.13362   0.09845   0.12325   0.90383   0.03123   0.20886   0.29092   0.00000   0.06597   0.03042   0.00000   0.03990   0.11004   0.07715   0.08114   0.23377   0.05629   0.07826   0.11242   0.12210   0.09249   0.11183   0.13973   0.00000   0.07359   0.06777   0.03780   0.12401   0.08821   0.13465   0.00000   0.03288   0.04002   0.06210   0.03787   0.00199   0.04551   0.03856   0.02610   0.03057   0.00000   0.00000   0.00000   0.00286   0.04772   0.10257   0.00755   0.00000   0.46349   0.57441   0.88935  
 14 522.5860   5487.161916  x:  0.09641   0.27025   0.30202   0.11539   0.18755   0.10838   0.14943   0.10274   0.10495   0.19608   0.00000   0.01163   0.04225   0.13210   0.09871   0.12217   0.91200   0.00926   0.18748   0.29319   0.00000   0.08147   0.02990   0.00000   0.03512   0.11119   0.07689   0.08293   0.23513   0.04442   0.06947   0.11372   0.12396   0.08808   0.11379   0.14896   0.00000   0.07009   0.05935   0.04870   0.12563   0.08767   0.11351   0.00000   0.01654   0.03972   0.06136   0.03327   0.00250   0.05621   0.04084   0.01320   0.01878   0.00000   0.00000   0.00000   0.01674   0.04464   0.11313   0.01060   0.00000   0.48045   0.59906   0.96367  
 15 681.9923   5483.444853  x:  0.09153   0.27602   0.29573   0.12068   0.18944   0.10237   0.15571   0.10109   0.10725   0.20459   0.00000   0.01229   0.03671   0.13382   0.09954   0.12858   0.91844   0.00000   0.16947   0.29320   0.00000   0.09336   0.01308   0.00000   0.03549   0.11600   0.08324   0.08456   0.22946   0.04222   0.04808   0.11195   0.12302   0.09056   0.12353   0.15080   0.00000   0.06938   0.04758   0.05874   0.12598   0.08810   0.10780   0.00000   0.02713   0.04641   0.06069   0.03181   0.00236   0.06272   0.04181   0.02912   0.01504   0.00000   0.00000   0.00000   0.01723   0.04800   0.10862   0.00964   0.00000   0.49453   0.60758   1.01117  
 16 163.5392   5483.444853  x:  0.09153   0.27602   0.29573   0.12068   0.18944   0.10237   0.15571   0.10109   0.10725   0.20459   0.00000   0.01229   0.03671   0.13382   0.09954   0.12858   0.91844   0.00000   0.16947   0.29320   0.00000   0.09336   0.01308   0.00000   0.03549   0.11600   0.08324   0.08456   0.22946   0.04222   0.04808   0.11195   0.12302   0.09056   0.12353   0.15080   0.00000   0.06938   0.04758   0.05874   0.12598   0.08810   0.10780   0.00000   0.02713   0.04641   0.06069   0.03181   0.00236   0.06272   0.04181   0.02912   0.01504   0.00000   0.00000   0.00000   0.01723   0.04800   0.10862   0.00964   0.00000   0.49453   0.60758   1.01117  
 17 116.3399   5439.234997  x:  0.10076   0.32305   0.30695   0.13156   0.22064   0.11420   0.18468   0.11964   0.11521   0.21847   0.00000   0.00189   0.03374   0.16187   0.11412   0.14297   0.93849   0.01087   0.18210   0.34610   0.00000   0.08534   0.02235   0.00000   0.02955   0.11913   0.09513   0.08590   0.23599   0.05596   0.03362   0.11761   0.12753   0.10548   0.13399   0.16078   0.00000   0.07569   0.03793   0.04310   0.12611   0.08988   0.11887   0.00000   0.02121   0.03539   0.04967   0.02040   0.04642   0.04496   0.02006   0.01147   0.00484   0.00000   0.00000   0.00000   0.00000   0.04755   0.09056   0.00182   0.00000   0.49558   0.61264   1.01105  
 18 607.7363   5434.063461  x:  0.10214   0.33008   0.30863   0.13319   0.22530   0.11597   0.18901   0.12241   0.11640   0.22055   0.00000   0.00034   0.03330   0.16606   0.11629   0.14512   0.94149   0.01249   0.18399   0.35401   0.00000   0.08414   0.02373   0.00000   0.02866   0.11960   0.09691   0.08610   0.23696   0.05801   0.03145   0.11845   0.12820   0.10771   0.13555   0.16227   0.00000   0.07664   0.03649   0.04076   0.12612   0.09015   0.12052   0.00000   0.02033   0.03374   0.04802   0.01869   0.05301   0.04230   0.01681   0.00884   0.00331   0.00000   0.00000   0.00000   0.00003   0.04749   0.08786   0.00066   0.00000   0.49574   0.61340   1.01103  
 19 31590.5589   5421.742783  x:  0.10544   0.34698   0.31267   0.13708   0.23649   0.12020   0.19938   0.12903   0.11924   0.22554   0.00000   0.00438   0.03222   0.17609   0.12150   0.15026   0.94873   0.01634   0.18852   0.37301   0.00000   0.08126   0.02692   0.00000   0.02656   0.12073   0.10116   0.08657   0.23931   0.06288   0.02626   0.12047   0.12982   0.11304   0.13929   0.16585   0.00000   0.07888   0.03306   0.03515   0.12617   0.09079   0.12449   0.00000   0.01831   0.02983   0.04408   0.01471   0.06810   0.03596   0.00911   0.00285   0.00029   0.00000   0.00000   0.00000   0.00008   0.04733   0.08135   0.00164   0.00000   0.49612   0.61522   1.01098  
 20 15769.2929   5416.677729  x:  0.10706   0.35536   0.31467   0.13900   0.24204   0.12228   0.20451   0.13230   0.12065   0.22803   0.00000   0.00577   0.03168   0.18104   0.12406   0.15280   0.95235   0.01822   0.19076   0.38244   0.00000   0.07983   0.02841   0.00000   0.02553   0.12129   0.10325   0.08679   0.24047   0.06526   0.02370   0.12147   0.13062   0.11566   0.14114   0.16762   0.00000   0.07999   0.03138   0.03238   0.12619   0.09110   0.12644   0.00000   0.01740   0.02794   0.04214   0.01285   0.07526   0.03286   0.00550   0.00072   0.00300   0.00000   0.00000   0.00000   0.00010   0.04725   0.07812   0.00246   0.00000   0.49630   0.61613   1.01096  
 21 14693.0677   5408.525457  x:  0.10939   0.36746   0.31758   0.14175   0.25004   0.12528   0.21188   0.13697   0.12267   0.23162   0.00000   0.00739   0.03090   0.18815   0.12773   0.15643   0.95763   0.02088   0.19399   0.39605   0.00000   0.07776   0.03044   0.00000   0.02409   0.12209   0.10625   0.08709   0.24215   0.06864   0.02003   0.12291   0.13177   0.11940   0.14380   0.17017   0.00000   0.08156   0.02903   0.02842   0.12622   0.09156   0.12925   0.00000   0.01621   0.02530   0.03940   0.01041   0.08508   0.02845   0.00101   0.00464   0.00529   0.00000   0.00000   0.00000   0.00012   0.04715   0.07343   0.00380   0.00000   0.49656   0.61745   1.01093  
 22 10637.8400   5386.385152  x:  0.11931   0.42020   0.33030   0.15358   0.28476   0.13809   0.24368   0.15697   0.13134   0.24731   0.00000   0.01316   0.02738   0.21873   0.14342   0.17197   0.98103   0.03197   0.20795   0.45537   0.00000   0.06876   0.03811   0.00000   0.01823   0.12562   0.11909   0.08825   0.24944   0.08278   0.00445   0.12910   0.13675   0.13537   0.15521   0.18119   0.00000   0.08819   0.01937   0.01162   0.12636   0.09352   0.14136   0.00000   0.01208   0.01469   0.02806   0.00270   0.12368   0.01009   0.02124   0.01603   0.01336   0.00000   0.00000   0.00000   0.00022   0.04671   0.05290   0.01003   0.00000   0.49767   0.62328   1.01078  
 23 5951.0134   5372.738282  x:  0.12876   0.47658   0.34411   0.16515   0.32122   0.15055   0.27604   0.17638   0.13984   0.26422   0.00000   0.01766   0.02318   0.24938   0.15849   0.18709   1.00831   0.04132   0.22222   0.51886   0.00000   0.05967   0.04097   0.00000   0.01597   0.12933   0.13145   0.08858   0.25709   0.09520   0.00000   0.13532   0.14190   0.15070   0.16650   0.19241   0.00000   0.09403   0.01577   0.00431   0.12660   0.09556   0.15338   0.00000   0.01399   0.01459   0.02431   0.05599   0.14915   0.00713   0.03248   0.02320   0.01876   0.00000   0.00000   0.00000   0.00029   0.04638   0.03176   0.01354   0.00000   0.49850   0.62986   1.01061  
 24 1898.2267   5356.317642  x:  0.13781   0.54213   0.36029   0.17684   0.36261   0.16303   0.31126   0.19600   0.14839   0.28389   0.00000   0.02193   0.01768   0.28213   0.17344   0.20240   1.04349   0.04861   0.23759   0.59291   0.00000   0.05125   0.03785   0.00000   0.02014   0.13332   0.14366   0.08770   0.26557   0.10628   0.03423   0.14207   0.14773   0.16611   0.17818   0.20439   0.00000   0.09883   0.02422   0.04539   0.12728   0.09811   0.16585   0.00000   0.02077   0.02673   0.03101   0.07135   0.16111   0.03585   0.04149   0.02895   0.02311   0.00000   0.00000   0.00000   0.00035   0.04576   0.01459   0.01451   0.00000   0.49867   0.63796   1.01038  
 25 1260.3732   5329.541279  x:  0.14078   0.64067   0.38459   0.18414   0.41923   0.17072   0.35137   0.20983   0.15360   0.31272   0.00000   0.02321   0.00714   0.31619   0.18210   0.21309   1.11498   0.04055   0.25369   0.70557   0.00000   0.05588   0.00394   0.00000   0.03630   0.13680   0.15007   0.07839   0.27586   0.09946   0.02807   0.14500   0.15130   0.17084   0.18703   0.21616   0.00000   0.09535   0.04714   0.04546   0.12747   0.09832   0.17602   0.00000   0.04049   0.04508   0.05445   0.06828   0.09088   0.04110   0.04037   0.02801   0.02239   0.00000   0.00000   0.00000   0.00031   0.04288   0.09928   0.00584   0.00000   0.49176   0.65208   1.00991  
 26 465.5438   5312.448893  x:  0.13935   0.72149   0.40419   0.18643   0.46374   0.17326   0.37977   0.21595   0.15530   0.33575   0.00000   0.01684   0.00000   0.33904   0.18478   0.21761   1.18072   0.02728   0.26404   0.79872   0.00000   0.06395   0.05391   0.00000   0.04532   0.13768   0.15131   0.06900   0.28335   0.08796   0.02285   0.14531   0.15264   0.16947   0.19152   0.22341   0.00000   0.08987   0.05962   0.04465   0.12755   0.09762   0.18103   0.00000   0.04757   0.05525   0.06818   0.06431   0.00353   0.04518   0.03724   0.02497   0.01910   0.00000   0.00000   0.00000   0.00025   0.04225   0.14508   0.01104   0.00000   0.48383   0.66411   1.00946  
 27 1068.9761   5311.667255  x:  0.13850   0.72441   0.40479   0.18575   0.46494   0.17260   0.37986   0.21512   0.15486   0.33642   0.00000   0.01660   0.00039   0.33884   0.18402   0.21692   1.18460   0.02544   0.26380   0.80228   0.00000   0.06427   0.05262   0.00000   0.04417   0.13747   0.15056   0.06852   0.28342   0.08664   0.02299   0.14493   0.15237   0.16845   0.19116   0.22316   0.00000   0.08933   0.05880   0.04451   0.12754   0.09745   0.18052   0.00000   0.04621   0.05456   0.06752   0.06407   0.00071   0.04515   0.03699   0.02478   0.01894   0.00000   0.00000   0.00000   0.00025   0.04258   0.14344   0.01108   0.00000   0.48314   0.66460   1.00943  
 28 231.4941   5301.857116  x:  0.12623   0.75541   0.41126   0.17546   0.47601   0.16229   0.37680   0.20150   0.14795   0.34326   0.00000   0.01488   0.00389   0.33191   0.17182   0.20582   1.23162   0.00000   0.25909   0.84036   0.00000   0.07188   0.04982   0.00000   0.03539   0.13428   0.13904   0.06126   0.28344   0.06618   0.02465   0.13906   0.14828   0.15255   0.18479   0.21863   0.00000   0.08062   0.05468   0.04401   0.12737   0.09491   0.17253   0.00000   0.03449   0.05156   0.06669   0.06432   0.00125   0.04845   0.03675   0.02443   0.01849   0.00000   0.00000   0.00000   0.00024   0.04595   0.14108   0.01444   0.00000   0.47398   0.67038   1.00900  
 29 599.7664   5298.570242  x:  0.11866   0.76881   0.41436   0.17021   0.47889   0.15633   0.37082   0.19265   0.14407   0.34430   0.00000   0.02028   0.00105   0.32376   0.16478   0.19939   1.26244   0.00000   0.25498   0.85834   0.00000   0.06818   0.05108   0.00000   0.04082   0.13333   0.13333   0.06522   0.28368   0.06908   0.02558   0.13767   0.14698   0.14689   0.18289   0.21560   0.00000   0.08326   0.05370   0.04304   0.12743   0.09515   0.16789   0.00000   0.03771   0.05097   0.06585   0.06363   0.00130   0.04550   0.03689   0.02511   0.01979   0.00000   0.00000   0.00000   0.00025   0.04267   0.13610   0.00256   0.00000   0.47239   0.67288   1.00870  
 30 227.8686   5297.278128  x:  0.11625   0.77275   0.41532   0.16865   0.47954   0.15451   0.36858   0.18984   0.14291   0.34440   0.00000   0.01985   0.00000   0.32085   0.16265   0.19737   1.27271   0.00000   0.25356   0.86381   0.00000   0.06634   0.05071   0.00000   0.04329   0.13313   0.13166   0.06715   0.28378   0.07131   0.02587   0.13744   0.14669   0.14551   0.18247   0.21464   0.00000   0.08475   0.05360   0.04273   0.12747   0.09539   0.16647   0.00000   0.03957   0.05094   0.06563   0.06333   0.00132   0.04423   0.03670   0.02495   0.01961   0.00000   0.00000   0.00000   0.00025   0.04133   0.13448   0.00329   0.00000   0.47227   0.67360   1.00860  
 31 679.1450   5292.340969  x:  0.10028   0.79819   0.42523   0.16341   0.47629   0.15223   0.33678   0.17536   0.14782   0.34083   0.00000   0.01905   0.05710   0.28695   0.16226   0.18108   1.39804   0.00000   0.23726   0.90735   0.00000   0.06542   0.05025   0.00000   0.04334   0.13626   0.12766   0.08259   0.28332   0.10327   0.01306   0.14652   0.15008   0.15737   0.18504   0.21146   0.00000   0.09640   0.06414   0.04083   0.12797   0.10043   0.16412   0.00000   0.05611   0.05921   0.07109   0.05899   0.00153   0.04446   0.03529   0.02399   0.01874   0.00000   0.00000   0.00000   0.00024   0.06765   0.12336   0.00320   0.00000   0.48960   0.67684   1.00718  
 32 167.7417   5286.998192  x:  0.10260   0.80348   0.43512   0.18215   0.45999   0.16643   0.30448   0.18637   0.15938   0.31942   0.00000   0.01839   0.05690   0.25603   0.18129   0.17382   1.55491   0.00000   0.21920   0.93536   0.00000   0.07879   0.04980   0.00000   0.02329   0.14208   0.14242   0.07265   0.27800   0.11322   0.03442   0.16012   0.15743   0.18985   0.19259   0.21782   0.00000   0.08822   0.06712   0.02534   0.12747   0.10047   0.17752   0.00000   0.04425   0.05662   0.06844   0.05814   0.00176   0.04195   0.03463   0.02344   0.01830   0.00000   0.00000   0.00000   0.00023   0.03952   0.12474   0.00296   0.00000   0.51785   0.67298   1.00505  
 33 112.7910   5282.307135  x:  0.11239   0.79878   0.44202   0.20646   0.44089   0.18290   0.28555   0.20710   0.16823   0.29648   0.00000   0.01732   0.03283   0.24174   0.20265   0.17346   1.71085   0.00000   0.20481   0.95301   0.00000   0.07831   0.04620   0.00000   0.04521   0.14492   0.15956   0.05442   0.27176   0.10089   0.01080   0.16463   0.15995   0.21208   0.19858   0.22517   0.00000   0.07874   0.05976   0.04448   0.12692   0.09788   0.19184   0.00000   0.02710   0.04820   0.06142   0.05863   0.00194   0.04323   0.03338   0.02250   0.01758   0.00000   0.00000   0.00000   0.00022   0.04952   0.11850   0.00295   0.00000   0.53695   0.66512   1.00267  
 34 190.0760   5279.195618  x:  0.12403   0.78360   0.44104   0.22413   0.42603   0.19292   0.29715   0.22844   0.16844   0.28953   0.00000   0.01606   0.01344   0.26288   0.21518   0.18283   1.83485   0.00000   0.20149   0.95444   0.00000   0.06488   0.04535   0.00000   0.02990   0.13936   0.16939   0.05666   0.26967   0.07846   0.01624   0.15385   0.15567   0.20968   0.20110   0.22700   0.00000   0.08881   0.04956   0.03745   0.12632   0.09547   0.19590   0.00000   0.05495   0.04905   0.06399   0.05459   0.00206   0.04171   0.03157   0.02117   0.01631   0.00000   0.00000   0.00000   0.00020   0.07480   0.11090   0.00286   0.00000   0.53183   0.65345   1.00018  
 35 105.1581   5275.435384  x:  0.13959   0.75642   0.43214   0.23814   0.41439   0.20047   0.33837   0.25320   0.16417   0.30376   0.00000   0.01468   0.03192   0.31755   0.22278   0.20468   1.98487   0.00000   0.20889   0.94439   0.00000   0.06369   0.04253   0.00000   0.03978   0.13353   0.17277   0.07205   0.27529   0.07361   0.00853   0.13636   0.14994   0.18913   0.20189   0.22585   0.00000   0.09611   0.05391   0.03111   0.12673   0.09817   0.19278   0.00000   0.04855   0.05519   0.06339   0.05053   0.00225   0.04923   0.02993   0.01994   0.01525   0.00000   0.00000   0.00000   0.00018   0.04882   0.09846   0.00288   0.00000   0.50441   0.63321   0.99654  
 36 103.4466   5274.275153  x:  0.14409   0.74791   0.42710   0.23875   0.41564   0.20042   0.35686   0.25703   0.16174   0.31288   0.00000   0.01433   0.03360   0.33714   0.22038   0.21349   2.03243   0.00000   0.21369   0.93904   0.00000   0.06850   0.04221   0.00000   0.04536   0.13539   0.16937   0.06959   0.27985   0.08778   0.02085   0.13929   0.15198   0.18308   0.20108   0.22582   0.00000   0.09233   0.05503   0.03268   0.12733   0.09952   0.19082   0.00000   0.03859   0.04959   0.05932   0.05246   0.00238   0.03575   0.02975   0.01977   0.01514   0.00000   0.00000   0.00000   0.00017   0.05757   0.10127   0.00286   0.00000   0.49372   0.62505   0.99503  
 37 92.4175   5273.241674  x:  0.14634   0.74438   0.42133   0.23416   0.42407   0.19723   0.37382   0.25320   0.15962   0.32310   0.00000   0.01393   0.02331   0.35007   0.21257   0.22084   2.06441   0.00000   0.21909   0.93386   0.00000   0.07051   0.04194   0.00000   0.03010   0.14015   0.16256   0.06235   0.28501   0.10692   0.01147   0.15131   0.15741   0.18331   0.20027   0.22660   0.00000   0.08806   0.05587   0.04040   0.12806   0.10030   0.18910   0.00000   0.03649   0.04616   0.06134   0.05267   0.00241   0.03719   0.02931   0.01941   0.01484   0.00000   0.00000   0.00000   0.00017   0.05877   0.10150   0.00271   0.00000   0.48812   0.61770   0.99342  
 38 59.9384   5272.394479  x:  0.14872   0.75008   0.41541   0.22438   0.44396   0.19373   0.38817   0.24323   0.16320   0.33432   0.00000   0.01317   0.02017   0.35529   0.20453   0.22615   2.07879   0.00000   0.22477   0.93019   0.00000   0.06655   0.04052   0.00000   0.03743   0.14480   0.15673   0.05286   0.28688   0.10630   0.01251   0.16412   0.16207   0.19547   0.20161   0.22993   0.00000   0.08570   0.04942   0.02762   0.12776   0.09766   0.19204   0.00000   0.03668   0.04827   0.06183   0.04915   0.00251   0.04862   0.02836   0.01869   0.01420   0.00000   0.00000   0.00000   0.00016   0.06156   0.09572   0.00268   0.00000   0.49360   0.61122   0.99136  
 39 29.0714   5270.945511  x:  0.15411   0.77126   0.40688   0.20546   0.48604   0.18917   0.40809   0.22505   0.17395   0.35002   0.00000   0.01174   0.02112   0.35694   0.19622   0.23191   2.08861   0.00000   0.23333   0.92851   0.00000   0.06758   0.03890   0.00000   0.03789   0.14587   0.15419   0.05967   0.28620   0.08660   0.01133   0.17124   0.16291   0.21889   0.20810   0.23628   0.00000   0.08941   0.04714   0.03708   0.12695   0.09583   0.20076   0.00000   0.04171   0.04887   0.05349   0.04854   0.00277   0.03277   0.02658   0.01736   0.01302   0.00000   0.00000   0.00000   0.00014   0.05540   0.08969   0.00253   0.00000   0.50988   0.60183   0.98706  
 40 41.3288   5269.672052  x:  0.15916   0.80151   0.40437   0.19407   0.51928   0.18830   0.41650   0.21974   0.18057   0.35024   0.00000   0.01062   0.01166   0.35267   0.20166   0.23186   2.08203   0.00000   0.23717   0.93790   0.00000   0.06725   0.03742   0.00000   0.03521   0.13851   0.16226   0.07450   0.28435   0.09090   0.01120   0.15395   0.15550   0.22508   0.21303   0.23811   0.00000   0.09340   0.05618   0.03210   0.12689   0.10177   0.20425   0.00000   0.02908   0.03526   0.05902   0.04710   0.00284   0.03826   0.02542   0.01644   0.01228   0.00000   0.00000   0.00000   0.00012   0.06209   0.08579   0.00236   0.00000   0.51716   0.59751   0.98252  
 41 32.5739   5267.820958  x:  0.16439   0.85504   0.40589   0.18636   0.55781   0.19123   0.41931   0.22909   0.18443   0.33938   0.00000   0.00858   0.00871   0.34576   0.22196   0.22692   2.05780   0.00000   0.23940   0.96581   0.00000   0.06916   0.03437   0.00000   0.03387   0.13181   0.17718   0.06102   0.28093   0.11158   0.00892   0.12803   0.14821   0.21580   0.21117   0.23576   0.00000   0.08413   0.04690   0.02931   0.12757   0.10378   0.20113   0.00000   0.03158   0.05424   0.05429   0.04231   0.00315   0.03249   0.02289   0.01454   0.01059   0.00000   0.00000   0.00000   0.00009   0.06188   0.07333   0.00211   0.00000   0.51261   0.59540   0.97501  
 42 46.8171   5266.373485  x:  0.16361   0.89503   0.40953   0.18966   0.57325   0.19424   0.41538   0.24503   0.18042   0.32890   0.00000   0.00703   0.01811   0.34514   0.23679   0.22160   2.03322   0.00000   0.23839   0.99658   0.00000   0.06339   0.03330   0.00000   0.03550   0.13623   0.18627   0.05158   0.27809   0.11568   0.00950   0.13815   0.15299   0.20098   0.20710   0.23085   0.00000   0.09048   0.03951   0.03137   0.12770   0.09805   0.19720   0.00000   0.04128   0.03348   0.05018   0.04152   0.00338   0.03405   0.02119   0.01318   0.00935   0.00000   0.00000   0.00000   0.00007   0.05488   0.07052   0.00198   0.00000   0.50101   0.59683   0.96912  
 43 53.3751   5265.475768  x:  0.15833   0.91959   0.41304   0.19954   0.57200   0.19500   0.40967   0.25832   0.17116   0.32247   0.00000   0.00604   0.01525   0.34958   0.24017   0.21848   2.01326   0.00000   0.23560   1.02560   0.00000   0.06111   0.03194   0.00000   0.03443   0.14328   0.18801   0.06160   0.27792   0.11134   0.00874   0.16039   0.16082   0.19300   0.20622   0.22744   0.00000   0.09754   0.04544   0.02783   0.12744   0.09546   0.19685   0.00000   0.03289   0.04308   0.04748   0.03916   0.00351   0.03140   0.01999   0.01228   0.00860   0.00000   0.00000   0.00000   0.00006   0.05785   0.06434   0.00184   0.00000   0.49242   0.59950   0.96489  
 44 49.1623   5264.915303  x:  0.14923   0.92856   0.41585   0.21285   0.55578   0.19458   0.40485   0.26472   0.16193   0.32637   0.00000   0.00542   0.01464   0.36016   0.23139   0.21947   1.99846   0.00000   0.23218   1.05423   0.00000   0.06972   0.03047   0.00000   0.03683   0.14221   0.17936   0.06920   0.28174   0.11095   0.00804   0.16253   0.16029   0.20172   0.20872   0.22923   0.00000   0.09050   0.03625   0.02739   0.12762   0.10421   0.20017   0.00000   0.03574   0.04096   0.05398   0.03793   0.00349   0.03042   0.01924   0.01172   0.00811   0.00000   0.00000   0.00000   0.00005   0.05782   0.05951   0.00178   0.00000   0.49455   0.60210   0.96184  
 45 25.9527   5264.377946  x:  0.13959   0.93298   0.41881   0.22607   0.53401   0.19448   0.40090   0.26732   0.15536   0.33356   0.00000   0.00492   0.01615   0.37200   0.21909   0.22179   1.98424   0.00000   0.22782   1.08605   0.00000   0.06141   0.03028   0.00000   0.03511   0.13819   0.16673   0.06419   0.28553   0.11168   0.00782   0.15510   0.15673   0.21441   0.21056   0.23283   0.00000   0.08814   0.04274   0.02700   0.12772   0.10513   0.20284   0.00000   0.03548   0.03883   0.04468   0.03749   0.00368   0.03086   0.01865   0.01126   0.00769   0.00000   0.00000   0.00000   0.00004   0.05771   0.05881   0.00170   0.00000   0.50031   0.60429   0.95859  
 46 42.8593   5264.186418  x:  0.13861   0.93144   0.42017   0.22854   0.52461   0.19542   0.40163   0.26412   0.15818   0.33633   0.00000   0.00486   0.01627   0.37498   0.21533   0.22367   1.98009   0.00000   0.22532   1.09974   0.00000   0.06111   0.03019   0.00000   0.03421   0.13843   0.16362   0.06132   0.28522   0.11328   0.00800   0.15079   0.15612   0.21728   0.21106   0.23411   0.00000   0.09683   0.03857   0.02814   0.12746   0.09739   0.20184   0.00000   0.03101   0.03985   0.04855   0.03759   0.00364   0.02958   0.01861   0.01123   0.00769   0.00000   0.00000   0.00000   0.00004   0.05735   0.05943   0.00166   0.00000   0.50294   0.60419   0.95717  
 47 20.5021   5263.919046  x:  0.14317   0.92390   0.42215   0.22664   0.51149   0.19786   0.40743   0.25293   0.16980   0.33825   0.00000   0.00471   0.01303   0.37545   0.21388   0.22794   1.97677   0.00000   0.22054   1.12185   0.00000   0.07010   0.02921   0.00000   0.03564   0.14178   0.16493   0.06179   0.28153   0.11400   0.00732   0.14888   0.15778   0.21483   0.21130   0.23467   0.00000   0.09794   0.04197   0.02666   0.12695   0.09154   0.19723   0.00000   0.03439   0.03844   0.04445   0.03701   0.00370   0.03119   0.01837   0.01105   0.00752   0.00000   0.00000   0.00000   0.00004   0.05799   0.05598   0.00166   0.00000   0.50426   0.60205   0.95470  
 48 15.1546   5263.432091  x:  0.15308   0.90752   0.42419   0.21908   0.49139   0.20113   0.41901   0.23166   0.18967   0.33912   0.00000   0.00465   0.01301   0.37261   0.21502   0.23580   1.97364   0.00000   0.21240   1.15999   0.00000   0.06036   0.02916   0.00000   0.03437   0.14412   0.17018   0.06438   0.27478   0.11241   0.00802   0.15152   0.16040   0.20802   0.21100   0.23428   0.00000   0.08979   0.03861   0.02706   0.12678   0.09883   0.19093   0.00000   0.03221   0.03854   0.04644   0.03686   0.00369   0.02975   0.01823   0.01096   0.00747   0.00000   0.00000   0.00000   0.00003   0.05676   0.05579   0.00159   0.00000   0.50496   0.59684   0.94985  
 49 33.4121   5262.749112  x:  0.15687   0.88430   0.41654   0.20371   0.48650   0.19368   0.43044   0.22252   0.18246   0.32930   0.00000   0.00482   0.01324   0.36098   0.22029   0.24432   1.97946   0.00000   0.20971   1.19788   0.00000   0.06549   0.02808   0.00000   0.03484   0.12770   0.17265   0.05658   0.28011   0.11090   0.00827   0.15996   0.15167   0.20590   0.20741   0.23009   0.00000   0.10185   0.03765   0.02656   0.12954   0.11127   0.20300   0.00000   0.03152   0.03968   0.04258   0.03691   0.00372   0.03067   0.01834   0.01107   0.00757   0.00000   0.00000   0.00000   0.00004   0.05568   0.05424   0.00157   0.00000   0.50137   0.58716   0.94206  
 50 12.2185   5261.618188  x:  0.15708   0.85207   0.40227   0.18506   0.49288   0.18099   0.44000   0.22363   0.15991   0.31648   0.00000   0.00514   0.01621   0.34304   0.22411   0.25274   1.99455   0.00000   0.20918   1.24361   0.00000   0.06157   0.02643   0.00000   0.03540   0.12976   0.17322   0.05935   0.29053   0.10839   0.00852   0.15672   0.14773   0.20586   0.20472   0.22407   0.00000   0.08951   0.04334   0.02563   0.12837   0.09225   0.21737   0.00000   0.03342   0.03681   0.05211   0.03623   0.00357   0.02606   0.01835   0.01118   0.00774   0.00000   0.00000   0.00000   0.00004   0.05377   0.04591   0.00149   0.00000   0.49816   0.57341   0.92920  
 51 29.6803   5260.741239  x:  0.15527   0.83343   0.39398   0.17765   0.50286   0.17462   0.44026   0.22848   0.14675   0.31287   0.00000   0.00556   0.01683   0.33293   0.22168   0.25428   2.00895   0.00000   0.20894   1.26805   0.00000   0.06038   0.02641   0.00000   0.03308   0.14009   0.17174   0.06998   0.29419   0.10857   0.00926   0.14864   0.15206   0.20409   0.20465   0.22080   0.00000   0.08796   0.03189   0.02666   0.12640   0.08790   0.21768   0.00000   0.03140   0.03741   0.03919   0.03733   0.00372   0.03298   0.01884   0.01153   0.00803   0.00000   0.00000   0.00000   0.00005   0.05441   0.05128   0.00148   0.00000   0.49901   0.56594   0.91936  
 52 43.2824   5258.197477  x:  0.14805   0.79811   0.38189   0.17884   0.54082   0.17039   0.42150   0.24930   0.13266   0.32222   0.00000   0.00648   0.01383   0.31896   0.20100   0.24325   2.05738   0.00000   0.20745   1.30887   0.00000   0.06251   0.02276   0.00000   0.03287   0.16631   0.15810   0.05985   0.28819   0.09698   0.01032   0.12803   0.17352   0.19165   0.20083   0.21814   0.00000   0.10164   0.03761   0.02483   0.12327   0.11352   0.18700   0.00000   0.02934   0.03513   0.04311   0.03680   0.00359   0.02846   0.01917   0.01198   0.00857   0.00000   0.00000   0.00000   0.00006   0.05226   0.03876   0.00134   0.00000   0.50674   0.55445   0.89000  
 53 38.7102   5253.968570  x:  0.13799   0.78086   0.38784   0.19976   0.58777   0.17451   0.37559   0.25892   0.14705   0.34877   0.00000   0.00812   0.00687   0.32528   0.16919   0.20668   2.14113   0.00000   0.20150   1.33049   0.00000   0.06092   0.01725   0.00000   0.03224   0.12210   0.13632   0.07028   0.27193   0.09702   0.01176   0.14723   0.15169   0.16799   0.19961   0.22235   0.00000   0.09072   0.03115   0.02383   0.13372   0.09635   0.14602   0.00000   0.02704   0.03308   0.03899   0.03699   0.00352   0.02916   0.02010   0.01293   0.00956   0.00000   0.00000   0.00000   0.00008   0.04905   0.02700   0.00118   0.00000   0.50405   0.55567   0.84378  
 54 44.4262   5251.212889  x:  0.12900   0.81412   0.41243   0.20747   0.57804   0.16381   0.35449   0.21681   0.15281   0.35413   0.00000   0.00915   0.00244   0.34924   0.17212   0.17368   2.20168   0.00000   0.19627   1.30809   0.00000   0.05966   0.01374   0.00000   0.03091   0.14164   0.12216   0.06887   0.27100   0.09647   0.01277   0.14311   0.13829   0.15766   0.19379   0.22404   0.00000   0.09262   0.02893   0.02290   0.11879   0.09969   0.18257   0.00000   0.02636   0.03141   0.03641   0.03681   0.00345   0.02886   0.02058   0.01347   0.01016   0.00000   0.00000   0.00000   0.00010   0.04603   0.01728   0.00106   0.00000   0.47725   0.57553   0.81524  
 55 35.5707   5249.984259  x:  0.11959   0.85557   0.42314   0.20310   0.54876   0.15469   0.36708   0.19349   0.14007   0.34006   0.00000   0.00965   0.00278   0.35597   0.17432   0.17440   2.23189   0.00000   0.20079   1.28397   0.00000   0.06012   0.01215   0.00000   0.03122   0.13294   0.12887   0.06868   0.27809   0.09128   0.01294   0.13708   0.16222   0.16830   0.18980   0.21213   0.00000   0.09145   0.02814   0.02273   0.13758   0.09752   0.16852   0.00000   0.02462   0.03019   0.03546   0.03702   0.00342   0.02841   0.02090   0.01379   0.01049   0.00000   0.00000   0.00000   0.00011   0.04497   0.01401   0.00106   0.00000   0.47779   0.58841   0.80396  
 56 30.9172   5249.803314  x:  0.11611   0.86812   0.42351   0.19981   0.53942   0.15464   0.37298   0.19261   0.13828   0.33575   0.00000   0.00976   0.00307   0.35464   0.17195   0.17788   2.23866   0.00000   0.20155   1.27741   0.00000   0.06034   0.01187   0.00000   0.03117   0.13307   0.12962   0.06841   0.27897   0.09036   0.01310   0.13776   0.16068   0.16896   0.18960   0.20997   0.00000   0.09120   0.02799   0.02275   0.13422   0.09763   0.16342   0.00703   0.02419   0.03003   0.03526   0.03708   0.00341   0.02833   0.02098   0.01387   0.01057   0.00000   0.00000   0.00000   0.00011   0.04466   0.01349   0.00107   0.00000   0.48070   0.58993   0.80204  
 57 31.6451   5249.315724  x:  0.10870   0.89321   0.42123   0.19122   0.52015   0.15742   0.38664   0.19747   0.13711   0.32788   0.00000   0.00993   0.00378   0.34798   0.16390   0.18824   2.24971   0.00000   0.20241   1.26505   0.00000   0.06081   0.01153   0.00000   0.03091   0.13607   0.12958   0.06758   0.27943   0.08919   0.01352   0.14145   0.14930   0.16693   0.19125   0.20689   0.00000   0.09081   0.02775   0.02284   0.11959   0.09860   0.15347   0.00246   0.02345   0.02992   0.03497   0.03719   0.00341   0.02825   0.02111   0.01399   0.01069   0.00000   0.00000   0.00000   0.00011   0.04406   0.01289   0.00110   0.00000   0.48911   0.59037   0.79985  
 58 86.3632   5249.063995  x:  0.10559   0.91065   0.41468   0.18453   0.50732   0.15939   0.39167   0.20592   0.14170   0.33026   0.00000   0.00998   0.00358   0.33879   0.15721   0.19638   2.25611   0.00000   0.19777   1.25743   0.00000   0.06060   0.01141   0.00000   0.03057   0.13877   0.12378   0.06797   0.27597   0.08878   0.01386   0.14085   0.14850   0.15856   0.19376   0.21137   0.00000   0.09063   0.02756   0.02246   0.13185   0.09888   0.16090   0.00287   0.02362   0.02982   0.03494   0.03713   0.00340   0.02834   0.02114   0.01402   0.01072   0.00000   0.00000   0.00000   0.00011   0.04370   0.01251   0.00115   0.00000   0.49067   0.58412   0.80039  
 59 13.8403   5248.693361  x:  0.11274   0.93124   0.40123   0.18305   0.49475   0.15126   0.38497   0.20913   0.14204   0.34621   0.00000   0.00999   0.00245   0.32912   0.16070   0.20615   2.26437   0.00000   0.18625   1.25068   0.00000   0.06058   0.01145   0.00000   0.03038   0.13017   0.11947   0.06909   0.27203   0.08794   0.01393   0.13897   0.15897   0.15936   0.19271   0.21451   0.00000   0.09040   0.02747   0.02258   0.12130   0.09793   0.16244   0.00215   0.02368   0.02961   0.03510   0.03714   0.00336   0.02842   0.02119   0.01406   0.01075   0.00000   0.00000   0.00000   0.00011   0.04385   0.01320   0.00127   0.00000   0.48045   0.56478   0.80536  
 60  8.5651   5248.124373  x:  0.12332   0.94897   0.38828   0.18930   0.48728   0.14426   0.37073   0.19934   0.13551   0.35833   0.00000   0.00993   0.00200   0.32870   0.16505   0.21252   2.27685   0.00000   0.18077   1.24587   0.00000   0.06067   0.01195   0.00000   0.02944   0.14069   0.12437   0.06853   0.27692   0.08530   0.01452   0.14082   0.14216   0.16141   0.18623   0.20857   0.00000   0.09099   0.02762   0.02261   0.13113   0.09866   0.15348   0.00000   0.02311   0.02943   0.03513   0.03716   0.00332   0.02837   0.02121   0.01408   0.01076   0.00000   0.00000   0.00000   0.00011   0.04406   0.01517   0.00148   0.00000   0.47760   0.54234   0.81631  
 61 11.2301   5246.566310  x:  0.11944   0.96378   0.38007   0.19343   0.48599   0.16441   0.35339   0.17174   0.13188   0.34239   0.00000   0.00958   0.00426   0.34294   0.14933   0.19744   2.31428   0.00000   0.19436   1.23923   0.00000   0.06113   0.01310   0.00000   0.02754   0.13380   0.12351   0.06806   0.29493   0.08186   0.01591   0.13827   0.15173   0.13277   0.17708   0.20034   0.00000   0.08852   0.02741   0.02262   0.12411   0.09696   0.16487   0.00000   0.02202   0.02830   0.03528   0.03687   0.00324   0.02826   0.02107   0.01396   0.01064   0.00000   0.00000   0.00000   0.00011   0.04303   0.02049   0.00213   0.00000   0.49690   0.52648   0.85212  
 62 10.8110   5244.489906  x:  0.09717   0.95772   0.40452   0.16757   0.48305   0.16297   0.36569   0.17260   0.14033   0.32179   0.00000   0.00914   0.00466   0.34153   0.14347   0.15064   2.36480   0.00000   0.20403   1.23156   0.00000   0.06136   0.01491   0.00000   0.02553   0.13632   0.10681   0.06988   0.28134   0.07679   0.01691   0.13599   0.14661   0.15100   0.18402   0.20964   0.00000   0.08826   0.02780   0.02347   0.12791   0.09831   0.15464   0.00000   0.01981   0.02667   0.03557   0.03683   0.00309   0.02768   0.02099   0.01388   0.01054   0.00000   0.00000   0.00000   0.00011   0.04205   0.02873   0.00299   0.00000   0.46388   0.55669   0.90192  
 63 21.9471   5243.584336  x:  0.08895   0.94668   0.43955   0.17234   0.48230   0.13227   0.37632   0.17458   0.13408   0.34179   0.00000   0.00881   0.00517   0.32181   0.14607   0.15336   2.38785   0.00000   0.21199   1.22372   0.00000   0.06139   0.01533   0.00000   0.02384   0.13515   0.11486   0.06818   0.27270   0.07537   0.01743   0.13648   0.14405   0.13700   0.18635   0.21557   0.00000   0.08772   0.02734   0.02331   0.12716   0.09735   0.15767   0.00000   0.01921   0.02600   0.03537   0.03632   0.00307   0.02742   0.02070   0.01367   0.01035   0.00000   0.00000   0.00000   0.00011   0.04229   0.03087   0.00337   0.00000   0.47184   0.59858   0.92361  
 64 24.6962   5243.423959  x:  0.08475   0.94336   0.44837   0.17130   0.48529   0.14100   0.37642   0.17536   0.13545   0.35088   0.00000   0.00874   0.00360   0.31379   0.14932   0.16370   2.39228   0.00000   0.20645   1.22121   0.00000   0.06112   0.01538   0.00000   0.02369   0.13491   0.11118   0.06958   0.28024   0.07369   0.01750   0.13564   0.14378   0.13822   0.17835   0.20570   0.00000   0.08772   0.02719   0.02329   0.12743   0.09735   0.15904   0.00000   0.01910   0.02575   0.03529   0.03621   0.00307   0.02737   0.02064   0.01363   0.01031   0.00000   0.00000   0.00000   0.00011   0.04245   0.03116   0.00345   0.00000   0.46857   0.61353   0.92720  
 65 11.5110   5243.387893  x:  0.08695   0.94305   0.44933   0.16813   0.48728   0.14382   0.37382   0.17435   0.13215   0.35075   0.00000   0.00874   0.00408   0.31517   0.14652   0.16842   2.39369   0.00000   0.19862   1.22072   0.00000   0.06113   0.01541   0.00000   0.02364   0.13488   0.11394   0.06868   0.28245   0.07346   0.01752   0.13558   0.14387   0.13779   0.18249   0.20776   0.00000   0.08784   0.02723   0.02326   0.12746   0.09733   0.15854   0.00000   0.01919   0.02583   0.03533   0.03617   0.00307   0.02735   0.02064   0.01363   0.01031   0.00000   0.00000   0.00000   0.00011   0.04244   0.03123   0.00347   0.00000   0.46689   0.61960   0.92751  
 66  3.8974   5243.347092  x:  0.08571   0.94362   0.44532   0.16632   0.48983   0.14104   0.37085   0.17380   0.13307   0.34718   0.00000   0.00876   0.00418   0.31999   0.15086   0.17424   2.39613   0.00000   0.19344   1.22179   0.00000   0.06135   0.01552   0.00000   0.02363   0.13499   0.10978   0.06882   0.28041   0.07356   0.01753   0.13588   0.14368   0.13683   0.18233   0.20906   0.00000   0.08756   0.02739   0.02326   0.12763   0.09726   0.15734   0.00000   0.01920   0.02590   0.03547   0.03617   0.00309   0.02736   0.02067   0.01366   0.01034   0.00000   0.00000   0.00000   0.00011   0.04233   0.03147   0.00350   0.00000   0.46958   0.62525   0.92697  
 67  2.1897   5243.185196  x:  0.09015   0.94860   0.43285   0.17041   0.49352   0.13455   0.36637   0.17523   0.13987   0.34026   0.00000   0.00885   0.00640   0.32150   0.14163   0.18009   2.40704   0.00000   0.19407   1.22787   0.00000   0.06137   0.01587   0.00000   0.02351   0.13456   0.11397   0.06918   0.27491   0.07445   0.01741   0.13490   0.14370   0.14033   0.17408   0.20517   0.00000   0.08727   0.02776   0.02304   0.12740   0.09713   0.16046   0.00000   0.02005   0.02641   0.03601   0.03588   0.00318   0.02741   0.02072   0.01372   0.01040   0.00000   0.00000   0.00000   0.00011   0.04250   0.03175   0.00365   0.00000   0.46615   0.63771   0.92318  
 68  2.6279   5242.261269  x:  0.10401   0.97520   0.39587   0.17493   0.49321   0.14488   0.36319   0.17356   0.13679   0.35466   0.00000   0.00920   0.01001   0.30718   0.15646   0.15329   2.46933   0.00000   0.20923   1.25939   0.00000   0.06097   0.01749   0.00000   0.02353   0.13149   0.11231   0.06737   0.28247   0.07280   0.01674   0.13567   0.14222   0.13864   0.18944   0.19999   0.00000   0.08689   0.02911   0.02108   0.12769   0.09546   0.15809   0.00000   0.02547   0.02943   0.03865   0.03352   0.00375   0.02731   0.02066   0.01389   0.01060   0.00000   0.00000   0.00000   0.00012   0.04364   0.03134   0.00444   0.00000   0.47068   0.66576   0.89897  
 69  6.3454   5241.336631  x:  0.09155   0.99792   0.44028   0.16569   0.50604   0.15007   0.35756   0.17847   0.12878   0.35328   0.00000   0.00958   0.01595   0.30579   0.16015   0.14817   2.52874   0.00000   0.20231   1.28565   0.00000   0.06106   0.01925   0.00000   0.02374   0.12862   0.11909   0.07087   0.28180   0.07234   0.01617   0.13618   0.14146   0.14199   0.16314   0.22091   0.00000   0.08637   0.03069   0.01924   0.12750   0.09396   0.15604   0.00000   0.03054   0.03232   0.04139   0.03128   0.00432   0.02716   0.02066   0.01410   0.01084   0.00000   0.00000   0.00000   0.00014   0.04447   0.03139   0.00523   0.00000   0.47785   0.62875   0.87599  
 70 11.8216   5240.951116  x:  0.07613   1.00688   0.46723   0.17110   0.51633   0.14517   0.35288   0.17743   0.13424   0.34577   0.00000   0.00975   0.01918   0.30404   0.15911   0.15756   2.55380   0.00000   0.20124   1.29553   0.00000   0.06122   0.02000   0.00000   0.02357   0.12714   0.11828   0.06796   0.27983   0.07112   0.01599   0.13511   0.14203   0.14293   0.18209   0.20625   0.00000   0.08569   0.03145   0.01859   0.12764   0.09341   0.15714   0.00000   0.03244   0.03348   0.04255   0.03041   0.00456   0.02712   0.02069   0.01420   0.01095   0.00000   0.00000   0.00000   0.00014   0.04489   0.03162   0.00557   0.00000   0.47325   0.60308   0.86709  
 71 20.0683   5240.937089  x:  0.07944   1.00754   0.46871   0.17196   0.51695   0.14326   0.35490   0.17880   0.13492   0.34467   0.00000   0.00976   0.01948   0.30411   0.15837   0.15528   2.55534   0.00000   0.19761   1.29559   0.00000   0.06123   0.02003   0.00000   0.02363   0.12705   0.11636   0.06804   0.28144   0.07126   0.01596   0.13516   0.14212   0.14283   0.18205   0.20374   0.00000   0.08565   0.03148   0.01861   0.12766   0.09343   0.15744   0.00000   0.03245   0.03348   0.04257   0.03037   0.00457   0.02709   0.02068   0.01420   0.01095   0.00000   0.00000   0.00000   0.00014   0.04484   0.03167   0.00558   0.00000   0.47495   0.60228   0.86852  
 72  1.7636   5240.804959  x:  0.07399   1.01111   0.46284   0.18698   0.52312   0.14312   0.36481   0.17366   0.13577   0.33977   0.00000   0.00969   0.02036   0.29648   0.15879   0.15336   2.57715   0.00000   0.18691   1.29682   0.00000   0.06129   0.02025   0.00000   0.02424   0.12690   0.11665   0.06831   0.28547   0.07173   0.01561   0.13491   0.14170   0.14207   0.18119   0.21056   0.00000   0.08574   0.03148   0.01897   0.12750   0.09344   0.15617   0.00000   0.03207   0.03311   0.04251   0.02978   0.00467   0.02671   0.02048   0.01409   0.01088   0.00000   0.00000   0.00000   0.00014   0.04480   0.03204   0.00562   0.00000   0.47281   0.59853   0.89541  
 73  1.2271   5239.866880  x:  0.09302   1.03961   0.45649   0.18221   0.53408   0.15196   0.35319   0.17074   0.12328   0.33332   0.00000   0.00917   0.01663   0.28461   0.15960   0.16112   2.74171   0.00000   0.19540   1.31439   0.00000   0.06324   0.02150   0.00000   0.02801   0.12412   0.11077   0.06909   0.26309   0.07723   0.01260   0.13524   0.14119   0.14248   0.18137   0.20667   0.00000   0.08454   0.03152   0.02182   0.12789   0.09298   0.16000   0.00000   0.02733   0.03020   0.04184   0.02547   0.00546   0.02383   0.01891   0.01325   0.01033   0.00000   0.00000   0.00000   0.00014   0.04533   0.03420   0.00595   0.00000   0.47535   0.58183   1.09239  
 74 11.0942   5239.577017  x:  0.08496   1.04678   0.45011   0.16907   0.53378   0.14323   0.34355   0.17880   0.13546   0.33772   0.00000   0.00901   0.01267   0.28839   0.16097   0.15756   2.79231   0.00000   0.19545   1.32013   0.00000   0.06353   0.02184   0.00000   0.02934   0.12376   0.12432   0.06789   0.27686   0.07712   0.01168   0.13560   0.14258   0.14177   0.18197   0.20468   0.00000   0.08413   0.03145   0.02276   0.12744   0.09320   0.16082   0.00000   0.02570   0.02927   0.04149   0.02414   0.00571   0.02286   0.01841   0.01298   0.01015   0.00000   0.00000   0.00000   0.00014   0.04550   0.03482   0.00604   0.00000   0.47808   0.57667   1.15028  
 75 28.9767   5239.567761  x:  0.08692   1.04713   0.45096   0.16935   0.53353   0.14230   0.34235   0.17885   0.13683   0.33629   0.00000   0.00900   0.01275   0.28734   0.16082   0.15892   2.79423   0.00000   0.19760   1.32032   0.00000   0.06349   0.02184   0.00000   0.02932   0.12393   0.12241   0.06814   0.28025   0.07668   0.01171   0.13549   0.14261   0.14153   0.18231   0.20709   0.00000   0.08425   0.03140   0.02272   0.12744   0.09334   0.15984   0.00000   0.02566   0.02921   0.04145   0.02406   0.00572   0.02287   0.01838   0.01296   0.01014   0.00000   0.00000   0.00000   0.00014   0.04550   0.03480   0.00605   0.00000   0.47709   0.57673   1.14613  
 76  1.3027   5239.159059  x:  0.08810   1.05479   0.44676   0.17398   0.52767   0.14385   0.34680   0.17690   0.13620   0.33721   0.00000   0.00901   0.01060   0.28932   0.15972   0.16048   2.87529   0.00000   0.19334   1.32937   0.00000   0.06470   0.02213   0.00000   0.02828   0.12801   0.12187   0.06773   0.27888   0.07739   0.01131   0.13601   0.14320   0.14342   0.18262   0.20798   0.00000   0.08473   0.03122   0.02265   0.12733   0.09437   0.16209   0.00000   0.02259   0.02803   0.04091   0.02188   0.00611   0.02396   0.01784   0.01277   0.01008   0.00000   0.00000   0.00000   0.00014   0.04548   0.03720   0.00642   0.00000   0.47870   0.57050   0.84262  
 77  2.1743   5238.916668  x:  0.08699   1.05167   0.44688   0.17679   0.51460   0.14525   0.35144   0.17626   0.13667   0.34153   0.00000   0.00943   0.01030   0.30024   0.15716   0.16256   2.94629   0.00000   0.19127   1.34688   0.00000   0.06400   0.02105   0.00000   0.02380   0.13025   0.11958   0.06715   0.28075   0.07564   0.01240   0.13646   0.14466   0.14615   0.18316   0.20828   0.00000   0.08598   0.03020   0.02093   0.12700   0.09556   0.16181   0.00000   0.02220   0.02838   0.03992   0.01979   0.00648   0.02644   0.01761   0.01287   0.01028   0.00000   0.00000   0.00000   0.00015   0.04532   0.03760   0.00695   0.00000   0.48039   0.56047   0.96594  
 78  0.2625   5238.808329  x:  0.08467   1.04300   0.45018   0.17582   0.50238   0.14500   0.35455   0.17589   0.13665   0.34340   0.00000   0.01023   0.01137   0.30332   0.15580   0.16387   3.00035   0.00000   0.19027   1.34618   0.00000   0.06393   0.02010   0.00000   0.02533   0.13099   0.11785   0.06733   0.28127   0.07475   0.01400   0.13618   0.14436   0.14340   0.18265   0.20645   0.00000   0.08661   0.02972   0.02217   0.12720   0.09577   0.15983   0.00000   0.02445   0.02868   0.03853   0.01921   0.00669   0.02499   0.01765   0.01321   0.01071   0.00000   0.00000   0.00000   0.00017   0.04488   0.03848   0.00718   0.00000   0.47785   0.55334   0.92479  
 79  0.0823   5238.736866  x:  0.08701   1.02364   0.44691   0.17453   0.51024   0.14546   0.35528   0.17789   0.13578   0.34056   0.00000   0.01048   0.01237   0.30048   0.15736   0.16202   3.03274   0.00000   0.19177   1.33909   0.00000   0.06354   0.01865   0.00000   0.02568   0.12896   0.11912   0.06739   0.28070   0.07433   0.01442   0.13611   0.14359   0.14157   0.18221   0.20550   0.00000   0.08585   0.03060   0.02227   0.12736   0.09487   0.15925   0.00000   0.02275   0.02865   0.03999   0.01855   0.00673   0.02575   0.01729   0.01324   0.01085   0.00000   0.00000   0.00000   0.00018   0.04537   0.03758   0.00789   0.00000   0.47595   0.55211   0.90956  
 80  0.0397   5238.684627  x:  0.08817   1.02064   0.44564   0.17529   0.51050   0.14527   0.35380   0.17750   0.13541   0.34199   0.00000   0.01155   0.00958   0.29880   0.15733   0.16343   3.03731   0.00000   0.19226   1.32931   0.00000   0.06306   0.01871   0.00000   0.02602   0.12861   0.11933   0.06782   0.28119   0.07636   0.01405   0.13648   0.14347   0.14385   0.18302   0.20692   0.00000   0.08599   0.03134   0.02355   0.12728   0.09468   0.16055   0.00000   0.02356   0.02884   0.04118   0.01922   0.00681   0.02636   0.01737   0.01370   0.01142   0.00000   0.00000   0.00000   0.00020   0.04525   0.03791   0.00810   0.00000   0.47788   0.55670   0.92494  
 81  0.0190   5238.591719  x:  0.09090   1.01709   0.44079   0.17212   0.51869   0.14377   0.34998   0.17495   0.13599   0.34069   0.00000   0.01201   0.01103   0.29207   0.15844   0.16284   3.02848   0.00000   0.19234   1.29983   0.00000   0.06362   0.01950   0.00000   0.02553   0.12996   0.12027   0.06814   0.27973   0.07579   0.01458   0.13510   0.14420   0.14458   0.18250   0.20706   0.00000   0.08690   0.02966   0.02405   0.12712   0.09584   0.16100   0.00000   0.02436   0.02926   0.03968   0.01897   0.00672   0.02576   0.01556   0.01316   0.01128   0.00000   0.00000   0.00000   0.00022   0.04477   0.03720   0.00860   0.00000   0.48014   0.55697   0.93055  
 82  0.0186   5238.484466  x:  0.09031   1.02732   0.44271   0.17757   0.51318   0.14542   0.34846   0.17935   0.13545   0.34073   0.00000   0.01345   0.01303   0.29802   0.15884   0.16278   2.98366   0.00000   0.19170   1.30694   0.00000   0.06454   0.02076   0.00000   0.02628   0.13114   0.12000   0.06774   0.27992   0.07562   0.01504   0.13631   0.14531   0.14345   0.18272   0.20771   0.00000   0.08608   0.03080   0.02401   0.12737   0.09608   0.16122   0.00000   0.02227   0.02815   0.03902   0.01978   0.00673   0.02559   0.01398   0.01311   0.01171   0.00000   0.00000   0.00000   0.00026   0.04508   0.03683   0.00933   0.00000   0.47858   0.56080   0.94168  
 83  0.0380   5238.417207  x:  0.08787   1.02892   0.44392   0.17431   0.50891   0.14416   0.35165   0.17701   0.13529   0.34023   0.00000   0.01381   0.01110   0.29889   0.15660   0.16291   2.96588   0.00000   0.19208   1.31204   0.00000   0.06381   0.02143   0.00000   0.02557   0.13011   0.11869   0.06739   0.28083   0.07580   0.01449   0.13672   0.14410   0.14187   0.18206   0.20620   0.00000   0.08605   0.03053   0.02263   0.12739   0.09541   0.16012   0.00000   0.02346   0.02850   0.04012   0.01899   0.00663   0.02634   0.01227   0.01254   0.01149   0.00000   0.00000   0.00000   0.00028   0.04542   0.03703   0.00956   0.00000   0.47741   0.55930   0.92296  
 84  0.0336   5238.395626  x:  0.08738   1.02628   0.44599   0.17391   0.50995   0.14492   0.35467   0.17628   0.13639   0.34167   0.00000   0.01392   0.01083   0.29982   0.15697   0.16304   2.95383   0.00000   0.19232   1.32571   0.00000   0.06345   0.02045   0.00000   0.02491   0.12923   0.11908   0.06752   0.28083   0.07517   0.01412   0.13606   0.14340   0.14366   0.18263   0.20655   0.00000   0.08603   0.03015   0.02317   0.12725   0.09491   0.16021   0.00000   0.02320   0.02903   0.03995   0.01944   0.00657   0.02553   0.01203   0.01249   0.01149   0.00000   0.00000   0.00000   0.00029   0.04501   0.03733   0.00965   0.00000   0.47786   0.55952   0.91835  
 85  0.0178   5238.373322  x:  0.08660   1.02602   0.44638   0.17353   0.51023   0.14476   0.35348   0.17685   0.13567   0.34265   0.00000   0.01391   0.01075   0.29811   0.15740   0.16311   2.95413   0.00000   0.19191   1.33045   0.00000   0.06333   0.01912   0.00000   0.02641   0.12907   0.11950   0.06829   0.28062   0.07511   0.01403   0.13520   0.14345   0.14361   0.18256   0.20611   0.00000   0.08677   0.03057   0.02231   0.12722   0.09511   0.15994   0.00000   0.02334   0.02843   0.04008   0.01982   0.00641   0.02602   0.01183   0.01238   0.01136   0.00000   0.00000   0.00000   0.00029   0.04450   0.03850   0.00927   0.00000   0.47762   0.55998   0.92982  
 86  0.0073   5238.340654  x:  0.08748   1.02889   0.44520   0.17535   0.51230   0.14506   0.35062   0.17819   0.13459   0.34011   0.00000   0.01376   0.01090   0.29826   0.15752   0.16264   2.97065   0.00000   0.19172   1.32509   0.00000   0.06410   0.01824   0.00000   0.02543   0.12985   0.11915   0.06772   0.28080   0.07612   0.01363   0.13637   0.14467   0.14178   0.18201   0.20638   0.00000   0.08600   0.03097   0.02257   0.12732   0.09548   0.15984   0.00000   0.02337   0.02915   0.04024   0.02038   0.00615   0.02531   0.01158   0.01221   0.01108   0.00000   0.00000   0.00000   0.00030   0.04615   0.03974   0.00864   0.00000   0.47716   0.55787   0.92548  
 87  0.0084   5238.268462  x:  0.09063   1.03279   0.44346   0.17481   0.51157   0.14514   0.35326   0.17336   0.13763   0.33967   0.00000   0.01343   0.01263   0.30059   0.15689   0.16328   3.00977   0.00000   0.19290   1.31656   0.00000   0.06445   0.01957   0.00000   0.02572   0.12942   0.11937   0.06641   0.28173   0.07532   0.01367   0.13772   0.14394   0.14364   0.18253   0.20721   0.00000   0.08471   0.03016   0.02215   0.12703   0.09512   0.16145   0.00000   0.02290   0.02884   0.04068   0.02108   0.00576   0.02602   0.01134   0.01199   0.01055   0.00000   0.00000   0.00000   0.00032   0.04469   0.04040   0.00736   0.00000   0.48016   0.55369   0.91883  
 88  0.0140   5238.128132  x:  0.08848   1.02043   0.44431   0.17644   0.51746   0.14582   0.35445   0.18085   0.13519   0.34005   0.00000   0.01267   0.01129   0.30091   0.15631   0.16017   3.04992   0.00000   0.19341   1.33989   0.00000   0.06313   0.02166   0.00000   0.02469   0.12930   0.11932   0.06683   0.28028   0.07365   0.01416   0.13508   0.14422   0.14461   0.18384   0.20718   0.00000   0.08695   0.03003   0.02253   0.12699   0.09499   0.15938   0.00000   0.02436   0.02785   0.03868   0.02180   0.00544   0.02664   0.01144   0.01197   0.00972   0.00000   0.00000   0.00000   0.00037   0.04565   0.03785   0.00616   0.00000   0.47970   0.55592   0.92536  
 89  0.0175   5237.993877  x:  0.08618   1.01528   0.45111   0.17405   0.50939   0.14511   0.35541   0.17713   0.13710   0.34394   0.00000   0.01255   0.01067   0.29817   0.15887   0.16220   3.05184   0.00000   0.19090   1.35257   0.00000   0.06323   0.02157   0.00000   0.02608   0.13035   0.12004   0.06787   0.27965   0.07711   0.01428   0.13494   0.14379   0.14366   0.18275   0.20566   0.00000   0.08659   0.03100   0.02276   0.12731   0.09529   0.16031   0.00000   0.02276   0.03157   0.03963   0.02127   0.00554   0.02650   0.01169   0.01241   0.00946   0.00000   0.00000   0.00000   0.00044   0.04525   0.03419   0.00617   0.00000   0.47507   0.55657   0.93418  
 90  0.0117   5237.771876  x:  0.08456   1.02894   0.45398   0.17487   0.50677   0.14417   0.35209   0.17555   0.13563   0.34067   0.00000   0.01181   0.01157   0.29754   0.16091   0.16587   3.03186   0.00000   0.18802   1.34331   0.00000   0.06400   0.01844   0.00000   0.02524   0.12904   0.11956   0.06920   0.28063   0.07632   0.01451   0.13829   0.14263   0.14438   0.18186   0.20690   0.00000   0.08524   0.03093   0.02428   0.12776   0.09545   0.16279   0.00000   0.02509   0.02676   0.04149   0.02019   0.00583   0.02662   0.01144   0.01279   0.00860   0.00000   0.00000   0.00000   0.00057   0.04474   0.03106   0.00647   0.00000   0.47615   0.55292   0.89876  
 91  0.0203   5237.504840  x:  0.08514   1.05606   0.44743   0.17692   0.51042   0.14373   0.35075   0.17992   0.13463   0.33827   0.00000   0.01043   0.00955   0.29829   0.15647   0.16630   3.00926   0.00000   0.18996   1.31538   0.00000   0.06400   0.01654   0.00000   0.02726   0.12922   0.11750   0.06667   0.27998   0.07402   0.01502   0.13751   0.14441   0.14415   0.18296   0.20910   0.00000   0.08497   0.03010   0.02313   0.12785   0.09506   0.16139   0.00000   0.02465   0.03051   0.03861   0.01912   0.00613   0.02741   0.01179   0.01342   0.00720   0.00000   0.00000   0.00000   0.00074   0.04461   0.03405   0.00554   0.00000   0.48144   0.56032   0.89410  
 92  0.0255   5237.200588  x:  0.08735   1.04919   0.44704   0.17169   0.51460   0.14486   0.35893   0.17510   0.14010   0.34173   0.00000   0.00967   0.01179   0.29998   0.15499   0.15972   2.93608   0.00000   0.19481   1.31664   0.00000   0.06337   0.01995   0.00000   0.02493   0.13178   0.11979   0.06631   0.27798   0.07711   0.01491   0.13346   0.14554   0.14128   0.18342   0.20549   0.00000   0.08819   0.03147   0.02452   0.12693   0.09553   0.15697   0.00000   0.02440   0.02851   0.03755   0.01882   0.00705   0.02869   0.01277   0.01517   0.00645   0.00000   0.00000   0.00000   0.00100   0.04590   0.03608   0.00661   0.00000   0.47736   0.56532   0.94896  
 93  0.0418   5237.046452  x:  0.08615   1.02219   0.44601   0.17519   0.51248   0.14427   0.35264   0.17799   0.13289   0.34201   0.00000   0.00915   0.01168   0.30124   0.15628   0.15986   2.93273   0.00000   0.19397   1.32827   0.00000   0.06413   0.02034   0.00000   0.02575   0.12868   0.11884   0.06798   0.28246   0.07403   0.01519   0.13621   0.14335   0.14489   0.18253   0.20574   0.00000   0.08591   0.03016   0.02434   0.12697   0.09517   0.16105   0.00000   0.02415   0.02903   0.03979   0.01878   0.00732   0.02757   0.01299   0.01625   0.00581   0.00000   0.00000   0.00000   0.00120   0.04484   0.03769   0.00721   0.00000   0.47653   0.56238   0.93258  
 94  0.0257   5236.975334  x:  0.08930   1.01785   0.44596   0.17450   0.50801   0.14593   0.35226   0.17594   0.13786   0.34054   0.00000   0.00954   0.01040   0.29788   0.15920   0.16507   2.95738   0.00000   0.19049   1.32833   0.00000   0.06336   0.01954   0.00000   0.02547   0.12908   0.12035   0.06813   0.27988   0.07539   0.01480   0.13699   0.14334   0.14229   0.18190   0.20721   0.00000   0.08526   0.03117   0.02323   0.12747   0.09505   0.16087   0.00000   0.02501   0.02869   0.03866   0.01964   0.00729   0.02776   0.01302   0.01729   0.00570   0.00000   0.00000   0.00000   0.00138   0.04509   0.03952   0.00723   0.00000   0.47771   0.55743   0.91212  
 95  0.0204   5236.912102  x:  0.08737   1.02487   0.44370   0.17479   0.51101   0.14487   0.35100   0.17719   0.13522   0.34215   0.00000   0.01015   0.01168   0.29778   0.15607   0.16405   2.98059   0.00000   0.19151   1.32190   0.00000   0.06327   0.01985   0.00000   0.02585   0.13026   0.11743   0.06671   0.28128   0.07645   0.01351   0.13551   0.14472   0.14260   0.18272   0.20685   0.00000   0.08671   0.02996   0.02245   0.12733   0.09509   0.15930   0.00000   0.02463   0.02900   0.03850   0.02015   0.00710   0.02715   0.01258   0.01842   0.00572   0.00000   0.00000   0.00000   0.00160   0.04557   0.03869   0.00776   0.00000   0.47970   0.55865   0.92645  
 96  0.0136   5236.877845  x:  0.08788   1.03076   0.44480   0.17394   0.51193   0.14429   0.35422   0.17700   0.13531   0.34021   0.00000   0.01016   0.01072   0.29915   0.15746   0.16204   2.99163   0.00000   0.19256   1.32251   0.00000   0.06414   0.02011   0.00000   0.02534   0.12941   0.11992   0.06788   0.28067   0.07444   0.01380   0.13610   0.14373   0.14316   0.18256   0.20582   0.00000   0.08639   0.03071   0.02182   0.12715   0.09533   0.16058   0.00000   0.02471   0.02874   0.03863   0.02038   0.00677   0.02643   0.01271   0.01912   0.00573   0.00000   0.00000   0.00000   0.00173   0.04444   0.03720   0.00779   0.00000   0.47694   0.55803   0.93138  
 97  0.0088   5236.825584  x:  0.08687   1.02893   0.44949   0.17409   0.50873   0.14512   0.35415   0.17634   0.13714   0.34220   0.00000   0.00981   0.01135   0.30027   0.15789   0.16172   2.98866   0.00000   0.19214   1.32828   0.00000   0.06352   0.01927   0.00000   0.02578   0.12863   0.12024   0.06840   0.27989   0.07659   0.01330   0.13597   0.14247   0.14460   0.18233   0.20683   0.00000   0.08509   0.02950   0.02237   0.12736   0.09517   0.16098   0.00000   0.02471   0.02788   0.03917   0.02011   0.00596   0.02725   0.01307   0.01988   0.00601   0.00000   0.00000   0.00000   0.00190   0.04610   0.03605   0.00766   0.00000   0.47640   0.55652   0.90562  
 98  0.0077   5236.730803  x:  0.08644   1.02463   0.44719   0.17458   0.50899   0.14524   0.35123   0.17741   0.13598   0.34312   0.00000   0.00912   0.01118   0.29722   0.15646   0.16374   2.96402   0.00000   0.19174   1.32432   0.00000   0.06306   0.01957   0.00000   0.02537   0.12991   0.11852   0.06769   0.28061   0.07625   0.01390   0.13641   0.14436   0.14333   0.18182   0.20733   0.00000   0.08586   0.03160   0.02330   0.12750   0.09489   0.16006   0.00000   0.02432   0.02847   0.03870   0.01845   0.00476   0.02685   0.01255   0.02019   0.00666   0.00000   0.00000   0.00000   0.00213   0.04390   0.03689   0.00747   0.00000   0.47884   0.55804   0.90673  
 99  0.0104   5236.670168  x:  0.08895   1.02645   0.44338   0.17449   0.51299   0.14482   0.35380   0.17708   0.13584   0.33864   0.00000   0.00860   0.01035   0.29973   0.15819   0.16405   2.94747   0.00000   0.19205   1.32420   0.00000   0.06388   0.02030   0.00000   0.02605   0.12998   0.11987   0.06732   0.28101   0.07479   0.01500   0.13647   0.14445   0.14234   0.18293   0.20615   0.00000   0.08727   0.02957   0.02324   0.12717   0.09563   0.16052   0.00000   0.02407   0.02897   0.03878   0.01806   0.00477   0.02673   0.01238   0.01992   0.00728   0.00000   0.00000   0.00000   0.00219   0.04608   0.03908   0.00740   0.00000   0.47813   0.56173   0.94487  
100  0.0230   5236.517474  x:  0.08783   1.03074   0.44246   0.17371   0.51577   0.14367   0.35435   0.17637   0.13287   0.34221   0.00000   0.00681   0.01265   0.30111   0.15669   0.15971   2.97613   0.00000   0.19357   1.32879   0.00000   0.06458   0.02065   0.00000   0.02436   0.12760   0.11838   0.06785   0.28300   0.07589   0.01438   0.13372   0.14197   0.14397   0.18404   0.20469   0.00000   0.08534   0.03096   0.02302   0.12670   0.09478   0.15997   0.00000   0.02395   0.02881   0.03881   0.01926   0.00566   0.02683   0.01237   0.01891   0.00897   0.00000   0.00000   0.00000   0.00237   0.04434   0.04150   0.00666   0.00000   0.47596   0.55553   0.94190  
101  0.0074   5236.390197  x:  0.08774   1.02749   0.44642   0.17466   0.51128   0.14560   0.35348   0.17667   0.13704   0.34294   0.00000   0.00625   0.01081   0.29930   0.15635   0.16160   2.98711   0.00000   0.19231   1.32838   0.00000   0.06336   0.01998   0.00000   0.02597   0.13021   0.11915   0.06750   0.27916   0.07366   0.01366   0.13622   0.14461   0.14376   0.18273   0.20704   0.00000   0.08574   0.03071   0.02249   0.12717   0.09529   0.15921   0.00000   0.02333   0.02884   0.04050   0.01996   0.00626   0.02562   0.01106   0.01824   0.01106   0.00000   0.00000   0.00000   0.00265   0.04521   0.03862   0.00740   0.00000   0.47818   0.55659   0.91272  
102  0.0195   5236.364524  x:  0.08712   1.03050   0.44601   0.17456   0.50883   0.14476   0.35281   0.17756   0.13563   0.34056   0.00000   0.00638   0.01098   0.29837   0.15771   0.16400   2.98325   0.00000   0.19178   1.32476   0.00000   0.06347   0.01975   0.00000   0.02562   0.12920   0.11948   0.06783   0.28105   0.07668   0.01417   0.13653   0.14358   0.14269   0.18204   0.20657   0.00000   0.08657   0.03024   0.02264   0.12749   0.09515   0.16081   0.00000   0.02321   0.02883   0.04013   0.02037   0.00634   0.02580   0.01114   0.01830   0.01188   0.00000   0.00000   0.00000   0.00277   0.04492   0.03749   0.00720   0.00000   0.47743   0.55849   0.92400  
103  0.0107   5236.336335  x:  0.08775   1.02742   0.44495   0.17440   0.51087   0.14415   0.35209   0.17474   0.13533   0.34170   0.00000   0.00616   0.01102   0.29930   0.15683   0.16305   2.97705   0.00000   0.19137   1.32575   0.00000   0.06407   0.01976   0.00000   0.02545   0.12990   0.11847   0.06771   0.28193   0.07486   0.01451   0.13566   0.14384   0.14344   0.18270   0.20612   0.00000   0.08596   0.03106   0.02311   0.12703   0.09524   0.16042   0.00000   0.02316   0.02866   0.04005   0.02006   0.00650   0.02584   0.01149   0.01815   0.01282   0.00000   0.00000   0.00000   0.00299   0.04590   0.03717   0.00647   0.00000   0.47823   0.55822   0.93955  
104  0.0057   5236.291749  x:  0.08836   1.02454   0.44500   0.17516   0.51370   0.14528   0.35324   0.17790   0.13579   0.34187   0.00000   0.00731   0.01122   0.29976   0.15737   0.16184   2.96527   0.00000   0.19185   1.32734   0.00000   0.06396   0.01985   0.00000   0.02525   0.13012   0.11920   0.06704   0.28009   0.07455   0.01415   0.13529   0.14443   0.14324   0.18346   0.20636   0.00000   0.08558   0.03027   0.02315   0.12708   0.09540   0.15909   0.00000   0.02319   0.02890   0.04060   0.01909   0.00700   0.02582   0.01117   0.01795   0.01365   0.00000   0.00000   0.00000   0.00329   0.04428   0.03771   0.00624   0.00000   0.47736   0.55802   0.92447  
105  0.0084   5236.227204  x:  0.08735   1.01852   0.44603   0.17261   0.51279   0.14524   0.35511   0.17815   0.13644   0.33945   0.00000   0.00705   0.01163   0.29792   0.15768   0.16230   2.95372   0.00000   0.19421   1.32060   0.00000   0.06317   0.01947   0.00000   0.02604   0.12782   0.12023   0.06748   0.27990   0.07622   0.01364   0.13666   0.14293   0.14399   0.18208   0.20686   0.00000   0.08676   0.03033   0.02202   0.12745   0.09471   0.16123   0.00000   0.02250   0.02840   0.03986   0.01800   0.00729   0.02450   0.01115   0.01737   0.01256   0.00000   0.00000   0.00000   0.00370   0.04623   0.03751   0.00573   0.00000   0.47806   0.56313   0.89965  
106  0.0106   5236.103817  x:  0.08621   1.01693   0.44953   0.17430   0.50974   0.14419   0.35023   0.17642   0.13592   0.33848   0.00000   0.00753   0.01106   0.29878   0.15738   0.16225   2.93690   0.00000   0.19269   1.31622   0.00000   0.06411   0.01936   0.00000   0.02533   0.13029   0.11953   0.06806   0.28043   0.07490   0.01234   0.13692   0.14446   0.14206   0.18049   0.20636   0.00000   0.08583   0.02943   0.02143   0.12750   0.09532   0.16030   0.00000   0.02289   0.02809   0.04022   0.01947   0.00764   0.02490   0.01278   0.01688   0.00978   0.00000   0.00000   0.00000   0.00429   0.04523   0.03668   0.00596   0.00000   0.47699   0.56653   0.93044  
107  0.0109   5235.931808  x:  0.08796   1.02340   0.44523   0.17620   0.51227   0.14433   0.35267   0.17769   0.13461   0.34317   0.00000   0.00777   0.01070   0.30046   0.15740   0.16385   2.95360   0.00000   0.18999   1.32052   0.00000   0.06477   0.02026   0.00000   0.02471   0.13053   0.11820   0.06713   0.28205   0.07474   0.01466   0.13391   0.14387   0.14467   0.18456   0.20721   0.00000   0.08486   0.03109   0.02231   0.12679   0.09536   0.15997   0.00000   0.02386   0.02889   0.03844   0.01929   0.00799   0.02645   0.01256   0.01344   0.00956   0.00000   0.00000   0.00000   0.00552   0.04437   0.03723   0.00690   0.00000   0.47867   0.55786   0.93709  
108  0.0085   5235.867764  x:  0.08779   1.02959   0.44502   0.17410   0.51043   0.14512   0.35398   0.17696   0.13610   0.34188   0.00000   0.00755   0.01137   0.29866   0.15740   0.16324   2.98027   0.00000   0.19170   1.32791   0.00000   0.06334   0.01975   0.00000   0.02556   0.12932   0.11932   0.06758   0.28048   0.07530   0.01437   0.13688   0.14398   0.14271   0.18302   0.20604   0.00000   0.08708   0.03039   0.02343   0.12731   0.09543   0.16002   0.00000   0.02360   0.02879   0.04056   0.01993   0.00702   0.02642   0.01285   0.01265   0.01001   0.00000   0.00000   0.00000   0.00626   0.04488   0.03783   0.00672   0.00000   0.47723   0.55713   0.92385  
109  0.0216   5235.851176  x:  0.08750   1.02767   0.44565   0.17418   0.51088   0.14498   0.35287   0.17660   0.13598   0.34067   0.00000   0.00767   0.01104   0.29892   0.15714   0.16244   2.97902   0.00000   0.19266   1.32660   0.00000   0.06347   0.01965   0.00000   0.02594   0.12910   0.11940   0.06768   0.28055   0.07562   0.01420   0.13626   0.14366   0.14311   0.18205   0.20642   0.00000   0.08596   0.03051   0.02295   0.12734   0.09497   0.16043   0.00000   0.02362   0.02881   0.03980   0.01979   0.00634   0.02616   0.01300   0.01308   0.00997   0.00000   0.00000   0.00000   0.00666   0.04550   0.03757   0.00716   0.00000   0.47772   0.55921   0.91961  
110  0.0049   5235.847720  x:  0.08758   1.02703   0.44568   0.17451   0.51104   0.14478   0.35286   0.17715   0.13571   0.34107   0.00000   0.00758   0.01106   0.29885   0.15729   0.16279   2.97369   0.00000   0.19207   1.32483   0.00000   0.06375   0.01983   0.00000   0.02554   0.12970   0.11926   0.06761   0.28068   0.07544   0.01410   0.13591   0.14394   0.14320   0.18241   0.20657   0.00000   0.08608   0.03042   0.02273   0.12726   0.09523   0.16020   0.00000   0.02358   0.02877   0.03977   0.01961   0.00629   0.02607   0.01307   0.01294   0.01011   0.00000   0.00000   0.00000   0.00693   0.04502   0.03779   0.00711   0.00000   0.47776   0.55859   0.92417  
111  0.0056   5235.847368  x:  0.08756   1.02691   0.44560   0.17440   0.51081   0.14480   0.35299   0.17690   0.13577   0.34130   0.00000   0.00764   0.01107   0.29890   0.15721   0.16291   2.97362   0.00000   0.19200   1.32464   0.00000   0.06367   0.01984   0.00000   0.02555   0.12951   0.11919   0.06764   0.28075   0.07534   0.01405   0.13610   0.14384   0.14321   0.18254   0.20650   0.00000   0.08620   0.03049   0.02268   0.12726   0.09521   0.16024   0.00000   0.02351   0.02873   0.03978   0.01966   0.00635   0.02600   0.01311   0.01297   0.01018   0.00000   0.00000   0.00000   0.00700   0.04512   0.03779   0.00710   0.00000   0.47777   0.55863   0.92415  
112  0.0006   5235.847239  x:  0.08760   1.02679   0.44559   0.17438   0.51094   0.14489   0.35304   0.17693   0.13584   0.34118   0.00000   0.00760   0.01106   0.29897   0.15728   0.16287   2.97413   0.00000   0.19209   1.32478   0.00000   0.06364   0.01983   0.00000   0.02560   0.12948   0.11927   0.06760   0.28069   0.07547   0.01403   0.13608   0.14385   0.14314   0.18252   0.20646   0.00000   0.08614   0.03043   0.02269   0.12727   0.09518   0.16022   0.00000   0.02354   0.02872   0.03981   0.01966   0.00637   0.02599   0.01311   0.01299   0.01015   0.00000   0.00000   0.00000   0.00706   0.04510   0.03776   0.00708   0.00000   0.47770   0.55873   0.92347  
113  0.0005   5235.847164  x:  0.08758   1.02705   0.44557   0.17439   0.51084   0.14482   0.35296   0.17695   0.13579   0.34118   0.00000   0.00760   0.01108   0.29887   0.15725   0.16286   2.97410   0.00000   0.19207   1.32492   0.00000   0.06367   0.01982   0.00000   0.02558   0.12954   0.11924   0.06764   0.28071   0.07541   0.01407   0.13606   0.14386   0.14318   0.18248   0.20648   0.00000   0.08615   0.03046   0.02272   0.12727   0.09520   0.16025   0.00000   0.02354   0.02875   0.03980   0.01966   0.00638   0.02604   0.01307   0.01303   0.01013   0.00000   0.00000   0.00000   0.00709   0.04513   0.03777   0.00708   0.00000   0.47774   0.55862   0.92359  
114  0.0002   5235.847160  x:  0.08758   1.02698   0.44560   0.17441   0.51089   0.14483   0.35298   0.17693   0.13580   0.34121   0.00000   0.00760   0.01107   0.29892   0.15724   0.16285   2.97402   0.00000   0.19206   1.32490   0.00000   0.06367   0.01982   0.00000   0.02558   0.12952   0.11923   0.06762   0.28071   0.07541   0.01408   0.13607   0.14386   0.14318   0.18250   0.20649   0.00000   0.08615   0.03047   0.02273   0.12726   0.09520   0.16023   0.00000   0.02354   0.02874   0.03980   0.01967   0.00638   0.02604   0.01305   0.01303   0.01013   0.00000   0.00000   0.00000   0.00709   0.04511   0.03776   0.00708   0.00000   0.47774   0.55866   0.92380  
115  0.0002   5235.847160  x:  0.08757   1.02698   0.44561   0.17441   0.51088   0.14484   0.35299   0.17694   0.13580   0.34121   0.00000   0.00760   0.01107   0.29892   0.15724   0.16286   2.97403   0.00000   0.19206   1.32489   0.00000   0.06366   0.01982   0.00000   0.02558   0.12952   0.11923   0.06762   0.28071   0.07541   0.01408   0.13607   0.14386   0.14318   0.18250   0.20649   0.00000   0.08615   0.03047   0.02273   0.12726   0.09519   0.16023   0.00000   0.02354   0.02874   0.03980   0.01967   0.00638   0.02604   0.01305   0.01304   0.01013   0.00000   0.00000   0.00000   0.00709   0.04511   0.03776   0.00708   0.00000   0.47774   0.55866   0.92377  
116  0.0000   5235.847160  x:  0.08757   1.02698   0.44561   0.17441   0.51088   0.14484   0.35299   0.17694   0.13580   0.34121   0.00000   0.00760   0.01107   0.29892   0.15724   0.16286   2.97403   0.00000   0.19206   1.32489   0.00000   0.06366   0.01982   0.00000   0.02558   0.12952   0.11923   0.06762   0.28071   0.07541   0.01408   0.13607   0.14386   0.14318   0.18250   0.20649   0.00000   0.08615   0.03047   0.02273   0.12726   0.09519   0.16023   0.00000   0.02354   0.02874   0.03980   0.01967   0.00638   0.02604   0.01305   0.01304   0.01013   0.00000   0.00000   0.00000   0.00709   0.04511   0.03776   0.00708   0.00000   0.47774   0.55866   0.92377  
117  0.0000   5235.847160  x:  0.08757   1.02698   0.44561   0.17441   0.51088   0.14484   0.35299   0.17694   0.13580   0.34121   0.00000   0.00760   0.01107   0.29892   0.15724   0.16286   2.97403   0.00000   0.19206   1.32489   0.00000   0.06366   0.01982   0.00000   0.02558   0.12952   0.11923   0.06762   0.28071   0.07541   0.01408   0.13607   0.14386   0.14318   0.18250   0.20649   0.00000   0.08615   0.03047   0.02273   0.12726   0.09519   0.16023   0.00000   0.02354   0.02874   0.03980   0.01967   0.00638   0.02604   0.01305   0.01304   0.01013   0.00000   0.00000   0.00000   0.00709   0.04511   0.03776   0.00708   0.00000   0.47774   0.55866   0.92377  
check convergence!
