

TREE # 1

  0  0.0000   2915.409097  x:  0.07008   0.06359   0.07802   0.06025   0.04454   0.02359   0.09673   0.08076   0.10242   0.02500   0.09643   0.01816   0.04804   0.03507   0.07954   0.09867   0.52999   0.41126   0.51144  
  1 99.0000   2408.839237  x:  0.24833   0.24184   0.26894   0.24036   0.19068   0.49566   0.04873   0.03907   0.10177   0.46629   0.14374   0.38851   0.31118   0.99565   0.07496   0.11917   0.51101   0.42273   0.51349  
  2 3153.6422   2395.372663  x:  0.25904   0.25255   0.28148   0.24801   0.18526   0.48376   0.00448   0.00218   0.08086   0.45528   0.14174   0.38261   0.30456   1.00605   0.06467   0.11800   0.49011   0.42829   0.51526  
  3 215.6363   2394.238805  x:  0.26013   0.25364   0.28277   0.24879   0.18470   0.48251   0.00000   0.00261   0.07870   0.45411   0.14157   0.38198   0.30385   1.00715   0.06367   0.11792   0.48790   0.42888   0.51544  
  4 553.4016   2380.927133  x:  0.27678   0.27028   0.31690   0.27034   0.18319   0.38198   0.00000   0.00187   0.02235   0.38646   0.19410   0.33806   0.25444   1.10441   0.14126   0.18371   0.31625   0.47087   0.53214  
  5 104.7430   2378.412384  x:  0.28246   0.27597   0.32743   0.27458   0.18536   0.35396   0.00000   0.00045   0.04456   0.36520   0.19571   0.32421   0.23925   1.13366   0.12248   0.16092   0.29601   0.48575   0.53929  
  6 60.1836   2377.295490  x:  0.28008   0.27359   0.33001   0.27350   0.19264   0.31520   0.00000   0.00131   0.07733   0.34531   0.20386   0.30975   0.22350   1.17190   0.12269   0.14403   0.28644   0.50353   0.54913  
  7 76.1802   2376.229069  x:  0.27671   0.27021   0.32837   0.26767   0.19344   0.27332   0.00000   0.00116   0.06755   0.32259   0.20241   0.29299   0.20696   1.21816   0.12800   0.13476   0.32711   0.52822   0.56594  
  8 39.2417   2375.835903  x:  0.26661   0.26011   0.31492   0.25313   0.18681   0.28682   0.00000   0.00115   0.06215   0.31300   0.18211   0.27844   0.19808   1.23508   0.12508   0.13194   0.32285   0.55223   0.59148  
  9 10.9570   2373.928273  x:  0.29196   0.28546   0.32006   0.28097   0.17367   0.33699   0.00000   0.00122   0.07363   0.29280   0.20506   0.23928   0.20838   1.21619   0.09885   0.16237   0.33811   0.72530   0.81716  
 10 11.1901   2371.214748  x:  0.29007   0.28357   0.34487   0.26875   0.17908   0.30953   0.00000   0.00124   0.03956   0.34706   0.20524   0.27015   0.26066   1.17566   0.06957   0.12866   0.31554   0.91518   1.11805  
 11 45.8746   2370.474062  x:  0.30006   0.29356   0.36884   0.27669   0.18383   0.29896   0.00000   0.00129   0.04684   0.35077   0.16091   0.29293   0.25112   1.16467   0.07813   0.13647   0.31456   0.93587   1.19278  
 12 25.6097   2368.860982  x:  0.30378   0.29728   0.39426   0.28859   0.17301   0.31244   0.00000   0.00133   0.03480   0.33331   0.16952   0.35280   0.14596   1.16671   0.06212   0.12494   0.31404   0.86042   1.33053  
 13 14.0167   2367.789940  x:  0.32087   0.31436   0.38946   0.27746   0.13935   0.30181   0.00000   0.00137   0.03758   0.29951   0.16667   0.35308   0.16260   1.18643   0.03690   0.13954   0.31068   0.75812   1.41016  
 14 17.8786   2366.896588  x:  0.33899   0.33249   0.38963   0.29437   0.15400   0.30558   0.00000   0.00141   0.02587   0.28492   0.15754   0.29717   0.18113   1.19865   0.04533   0.11325   0.30711   0.65556   1.47250  
 15 26.9480   2366.625516  x:  0.34046   0.33395   0.40785   0.29049   0.15085   0.30264   0.00000   0.00141   0.02650   0.30585   0.15549   0.25998   0.17712   1.20361   0.03825   0.11952   0.30827   0.62282   1.48740  
 16 15.9399   2366.586915  x:  0.33904   0.33253   0.42075   0.28612   0.14579   0.30604   0.00000   0.00142   0.02708   0.30352   0.15695   0.25526   0.17960   1.20385   0.04235   0.11609   0.30928   0.62042   1.48530  
 17  4.6882   2366.564993  x:  0.33511   0.32860   0.42878   0.28514   0.15051   0.30793   0.00000   0.00142   0.02636   0.29923   0.15745   0.25360   0.18243   1.20408   0.03990   0.11830   0.30973   0.62118   1.47893  
 18  3.3544   2366.266909  x:  0.33207   0.32556   0.43727   0.31298   0.13479   0.31130   0.00000   0.00151   0.02509   0.30050   0.15297   0.23969   0.19207   1.20249   0.03716   0.11931   0.30897   0.70475   1.25751  
 19  2.0810   2366.015396  x:  0.35313   0.34662   0.44204   0.29314   0.14581   0.31775   0.00000   0.00159   0.02326   0.29978   0.15449   0.22883   0.19227   1.19792   0.03633   0.12137   0.30859   0.77640   1.07103  
 20 27.6514   2365.636597  x:  0.36675   0.36024   0.45052   0.31325   0.14563   0.30995   0.00000   0.00194   0.03306   0.28661   0.16003   0.22346   0.18942   1.20636   0.04096   0.13617   0.30456   0.74259   1.02737  
 21  0.0920   2365.333536  x:  0.37834   0.37183   0.46727   0.31688   0.14162   0.30711   0.00000   0.00276   0.02482   0.29293   0.16399   0.24895   0.18035   1.20754   0.03702   0.13674   0.30705   0.69206   1.10804  
 22  0.0480   2365.129475  x:  0.38171   0.37520   0.47207   0.31678   0.14668   0.30943   0.00000   0.00349   0.03394   0.29865   0.15952   0.24488   0.18253   1.21999   0.03433   0.12488   0.30602   0.68912   1.05589  
 23  0.0519   2364.707998  x:  0.37514   0.36864   0.47309   0.31014   0.15415   0.30835   0.00000   0.00523   0.02678   0.30730   0.15453   0.22058   0.18808   1.27369   0.04396   0.12705   0.29862   0.69075   0.93389  
 24  0.0919   2364.371946  x:  0.36863   0.36213   0.45487   0.30849   0.14405   0.31995   0.00000   0.00731   0.02818   0.29707   0.16254   0.25452   0.17467   1.32917   0.03925   0.13301   0.30646   0.65761   1.05985  
 25  0.0712   2364.310891  x:  0.37186   0.36535   0.45877   0.31331   0.14681   0.31687   0.00000   0.00832   0.02803   0.30228   0.16026   0.25454   0.17397   1.35445   0.03744   0.13196   0.30438   0.69702   1.03033  
 26  0.0362   2364.306092  x:  0.37315   0.36664   0.46050   0.31449   0.14638   0.31840   0.00000   0.00852   0.02798   0.30224   0.15957   0.25156   0.17400   1.36057   0.03783   0.13236   0.30435   0.68762   1.06066  
 27  0.0275   2364.305214  x:  0.37369   0.36718   0.46127   0.31439   0.14562   0.31957   0.00000   0.00854   0.02788   0.30157   0.16061   0.25173   0.17376   1.36216   0.03777   0.13249   0.30437   0.68877   1.05375  
 28  0.0038   2364.299694  x:  0.37418   0.36767   0.46290   0.31299   0.14623   0.31962   0.00000   0.00822   0.02808   0.30201   0.16026   0.25458   0.17337   1.36618   0.03827   0.13251   0.30393   0.69205   1.06709  
 29  0.0019   2364.292442  x:  0.37433   0.36782   0.46289   0.31403   0.14642   0.31987   0.00000   0.00743   0.02789   0.30279   0.15991   0.25514   0.17228   1.37556   0.03801   0.13240   0.30407   0.68929   1.06633  
 30  0.0056   2364.291644  x:  0.37399   0.36749   0.46151   0.31487   0.14607   0.31985   0.00000   0.00748   0.02784   0.30278   0.16007   0.25376   0.17248   1.37658   0.03767   0.13251   0.30418   0.68594   1.05776  
 31  0.0079   2364.291633  x:  0.37396   0.36745   0.46142   0.31475   0.14610   0.31983   0.00000   0.00747   0.02785   0.30280   0.16005   0.25387   0.17252   1.37666   0.03769   0.13253   0.30419   0.68548   1.05616  
 32  0.0012   2364.291632  x:  0.37397   0.36746   0.46145   0.31474   0.14611   0.31982   0.00000   0.00748   0.02785   0.30281   0.16006   0.25388   0.17250   1.37673   0.03770   0.13251   0.30417   0.68538   1.05621  
 33  0.0001   2364.291632  x:  0.37397   0.36746   0.46146   0.31474   0.14611   0.31982   0.00000   0.00748   0.02785   0.30282   0.16006   0.25389   0.17249   1.37674   0.03770   0.13251   0.30417   0.68538   1.05618  
 34  0.0000   2364.291632  x:  0.37397   0.36746   0.46146   0.31475   0.14611   0.31982   0.00000   0.00748   0.02785   0.30282   0.16006   0.25389   0.17249   1.37674   0.03770   0.13251   0.30417   0.68537   1.05618  