

TREE # 1

  0  0.0000   2496.659540  x:  0.09971   0.03861   0.01110   0.03721   0.08181   0.03091   0.04677   0.01658   0.07572   0.05951   0.06304   0.10305   0.05952   0.07843   0.10256   0.03795   0.04371   0.01816   0.06431   0.01310   0.07974   0.09454   0.07876   0.10047   0.09688   0.01834   0.09822   0.06002   0.10970   0.05393   0.03205   0.01133   0.01335   0.05053   0.44262   0.44064   0.49768  
  1 99.0000   2423.894630  x:  0.09148   0.10447   0.03313   0.07225   0.05875   0.06392   0.03494   0.04337   0.05437   0.07745   0.07650   0.14555   0.04055   0.07230   0.14714   0.06719   0.07384   0.09056   0.03353   0.02264   0.09459   0.09056   0.08690   0.07134   0.09144   0.12905   0.09194   0.13277   0.11084   0.04571   0.07916   0.23255   0.07892   0.06264   0.43178   0.45581   0.49771  
  2 1184.8547   2403.309554  x:  0.08146   0.11243   0.02346   0.07704   0.03330   0.06692   0.02839   0.03478   0.03446   0.08385   0.08134   0.17173   0.02409   0.06565   0.17234   0.07278   0.07892   0.08369   0.00000   0.01915   0.10317   0.08743   0.09321   0.03721   0.07955   0.12725   0.08435   0.15517   0.10966   0.03568   0.07730   0.22728   0.06663   0.06332   0.41909   0.47134   0.49751  
  3 299.9003   2396.296998  x:  0.07976   0.11670   0.03137   0.07804   0.01549   0.06962   0.03908   0.04287   0.03959   0.08311   0.08095   0.18122   0.03901   0.06613   0.18187   0.07248   0.07946   0.08001   0.00000   0.02341   0.10385   0.08723   0.09723   0.00000   0.07492   0.12746   0.08179   0.16358   0.10928   0.03399   0.07828   0.22290   0.06100   0.06437   0.40589   0.48641   0.49728  
  4 239.0241   2394.082419  x:  0.08415   0.12133   0.04608   0.07842   0.02126   0.07151   0.02282   0.04346   0.05045   0.07669   0.07562   0.18500   0.04343   0.06707   0.18853   0.06821   0.07720   0.07813   0.00000   0.01174   0.09825   0.08799   0.10367   0.00000   0.07721   0.13344   0.08795   0.17354   0.10470   0.03837   0.08287   0.21463   0.05957   0.06683   0.36090   0.53485   0.49649  
  5 69.3028   2392.260240  x:  0.08803   0.12335   0.05063   0.07801   0.03118   0.07142   0.02559   0.03780   0.05339   0.07410   0.07293   0.18245   0.03498   0.06851   0.19015   0.06584   0.07617   0.07858   0.00000   0.03049   0.09392   0.08898   0.10780   0.00000   0.08210   0.14077   0.09504   0.17838   0.09983   0.04225   0.08621   0.20709   0.06222   0.06786   0.30473   0.59436   0.49546  
  6 168.8922   2390.976184  x:  0.08784   0.12169   0.04256   0.07700   0.03267   0.06777   0.04057   0.03814   0.04850   0.07911   0.07711   0.17552   0.03311   0.06772   0.18418   0.06896   0.07672   0.08249   0.00000   0.01878   0.09514   0.08864   0.10396   0.00000   0.08460   0.14553   0.09586   0.17354   0.10011   0.04206   0.08584   0.20607   0.06701   0.06612   0.26606   0.63952   0.49454  
  7 114.7369   2390.306400  x:  0.08563   0.11923   0.03224   0.07718   0.02646   0.06646   0.03000   0.04218   0.04468   0.08187   0.08097   0.16982   0.04029   0.06772   0.17705   0.07200   0.07792   0.08431   0.00000   0.02210   0.09900   0.08815   0.09974   0.00000   0.08356   0.14590   0.09204   0.16384   0.10481   0.03986   0.08361   0.20867   0.06897   0.06417   0.25337   0.67019   0.49371  
  8 58.4331   2389.351620  x:  0.08376   0.11852   0.02885   0.08384   0.02654   0.07455   0.03289   0.03238   0.04597   0.07582   0.07584   0.17022   0.03845   0.06377   0.17090   0.07074   0.07734   0.08125   0.00000   0.02072   0.10101   0.08684   0.09818   0.00000   0.07658   0.13918   0.08229   0.14828   0.11715   0.03799   0.08043   0.21958   0.06467   0.06556   0.27373   0.73910   0.49117  
  9 31.5419   2388.748567  x:  0.08482   0.11624   0.02644   0.08030   0.03054   0.07143   0.03398   0.04715   0.04222   0.08216   0.07579   0.17147   0.03194   0.06482   0.17226   0.07190   0.07767   0.07911   0.00000   0.02085   0.09952   0.08713   0.09986   0.00000   0.07750   0.13208   0.08456   0.14764   0.11728   0.03904   0.07831   0.22341   0.06198   0.06511   0.29568   0.78643   0.48895  
 10 52.8983   2388.313995  x:  0.08546   0.11415   0.02569   0.07341   0.02875   0.06549   0.03407   0.03874   0.03760   0.08556   0.08159   0.17029   0.03821   0.06773   0.17488   0.07401   0.07889   0.08172   0.00000   0.02089   0.09943   0.08776   0.09925   0.00000   0.08263   0.12915   0.09044   0.15526   0.11025   0.03968   0.07797   0.22356   0.06487   0.06399   0.31108   0.81239   0.48700  
 11 33.3082   2387.704288  x:  0.07979   0.11388   0.02864   0.07833   0.01939   0.06329   0.03274   0.03870   0.04552   0.08341   0.08767   0.16603   0.02888   0.06339   0.17461   0.07407   0.07907   0.08793   0.00000   0.02080   0.10552   0.08641   0.09056   0.00000   0.08408   0.13085   0.08914   0.16542   0.10003   0.03401   0.07881   0.21489   0.07050   0.06211   0.31907   0.82552   0.48321  
 12 12.8630   2385.664866  x:  0.07022   0.12264   0.02933   0.09353   0.02777   0.07397   0.03183   0.04139   0.02348   0.08578   0.08969   0.17382   0.03173   0.05499   0.17932   0.07674   0.08064   0.09343   0.00000   0.02152   0.11184   0.08372   0.09249   0.00000   0.07407   0.14157   0.07704   0.18173   0.09190   0.02444   0.08728   0.18999   0.07484   0.06128   0.32262   0.83833   0.46995  
 13 19.0664   2382.895525  x:  0.07260   0.13367   0.00710   0.09387   0.02225   0.07262   0.02999   0.03463   0.03106   0.09622   0.08853   0.19577   0.02277   0.05583   0.19482   0.08561   0.08570   0.09040   0.00000   0.01974   0.11215   0.08349   0.10589   0.00000   0.06302   0.15301   0.07236   0.19087   0.10106   0.02682   0.09289   0.17636   0.07063   0.06082   0.31739   0.84480   0.45257  
 14 48.0706   2381.530724  x:  0.07421   0.13631   0.01713   0.08983   0.01350   0.06671   0.02752   0.02930   0.02574   0.10374   0.09130   0.20755   0.01262   0.05631   0.20347   0.09108   0.08894   0.08517   0.00000   0.01901   0.11464   0.08335   0.10859   0.00000   0.06081   0.15422   0.07216   0.18869   0.11304   0.02843   0.08893   0.17575   0.06430   0.06013   0.31017   0.84602   0.44286  
 15 85.5571   2380.442636  x:  0.06745   0.13184   0.01544   0.08766   0.01975   0.06502   0.02719   0.02820   0.02626   0.10073   0.09723   0.22159   0.01298   0.04684   0.21947   0.08783   0.08915   0.07455   0.00000   0.01966   0.12183   0.08158   0.09953   0.00000   0.06903   0.14341   0.07765   0.19094   0.11664   0.02168   0.07259   0.18994   0.05125   0.06416   0.29870   0.84463   0.43535  
 16 49.9767   2380.221618  x:  0.07189   0.12797   0.01338   0.08860   0.01697   0.06769   0.02706   0.02906   0.02271   0.09590   0.09642   0.22303   0.01176   0.04808   0.22369   0.08496   0.08744   0.07300   0.00000   0.01911   0.12245   0.08161   0.09659   0.00000   0.06817   0.13308   0.07691   0.19213   0.11271   0.02612   0.07114   0.19603   0.05191   0.06493   0.29459   0.84365   0.43410  
 17 26.9580   2380.151945  x:  0.07118   0.12549   0.01432   0.08964   0.01836   0.06812   0.02682   0.02831   0.02420   0.09810   0.09633   0.22315   0.01184   0.04919   0.22541   0.08633   0.08793   0.07381   0.00000   0.01914   0.12292   0.08157   0.09791   0.00000   0.06558   0.12500   0.07495   0.19277   0.11088   0.02540   0.07192   0.19898   0.05324   0.06336   0.29240   0.84321   0.43403  
 18 15.6148   2380.137137  x:  0.07027   0.12549   0.01417   0.09026   0.01740   0.06762   0.02677   0.02822   0.02389   0.09817   0.09502   0.22242   0.01185   0.04788   0.22516   0.08623   0.08791   0.07425   0.00000   0.01906   0.12207   0.08171   0.09963   0.00000   0.06671   0.12274   0.07562   0.19280   0.11084   0.02450   0.07330   0.19975   0.05320   0.06361   0.29194   0.84311   0.43440  
 19  5.2627   2380.070261  x:  0.07089   0.13083   0.01381   0.09356   0.01729   0.06786   0.02685   0.02819   0.02383   0.09789   0.09528   0.21923   0.01232   0.05051   0.22446   0.08881   0.08950   0.07262   0.00000   0.01892   0.12156   0.08074   0.09842   0.00000   0.06925   0.11932   0.07562   0.19645   0.11306   0.02512   0.07394   0.19972   0.04997   0.06343   0.29142   0.84416   0.43991  
 20  1.3853   2379.663859  x:  0.07231   0.14178   0.01460   0.08844   0.01525   0.06917   0.02665   0.02876   0.02436   0.09775   0.09688   0.21470   0.01480   0.04410   0.22522   0.08728   0.08880   0.06691   0.00000   0.01892   0.11987   0.08364   0.10034   0.00000   0.06162   0.11389   0.07601   0.20642   0.11823   0.02654   0.06696   0.19693   0.05530   0.06818   0.28949   0.85170   0.47489  
 21  7.9678   2378.393869  x:  0.06629   0.13827   0.01738   0.07339   0.00745   0.07528   0.02689   0.03105   0.02408   0.08874   0.09380   0.22472   0.01892   0.05611   0.23614   0.07748   0.08199   0.06931   0.00000   0.01695   0.12064   0.08431   0.10718   0.00000   0.06018   0.11742   0.06917   0.21352   0.11643   0.02053   0.06961   0.18904   0.04618   0.06311   0.28455   0.87541   0.58042  
 22 38.5263   2377.700710  x:  0.07331   0.12768   0.02015   0.08418   0.00454   0.07031   0.02679   0.03143   0.02563   0.08887   0.09489   0.24157   0.02522   0.04953   0.24627   0.08060   0.08545   0.06898   0.00000   0.01736   0.12528   0.08178   0.10720   0.00000   0.06316   0.12033   0.06970   0.21018   0.11313   0.02754   0.07685   0.18035   0.04514   0.06626   0.28310   0.88979   0.63970  
 23 65.1291   2377.656876  x:  0.07188   0.12862   0.02020   0.08540   0.00443   0.06909   0.02689   0.03186   0.02531   0.08648   0.09412   0.24453   0.02545   0.05152   0.24779   0.08288   0.08610   0.06829   0.00000   0.01726   0.12377   0.08323   0.10547   0.00000   0.06265   0.11981   0.07188   0.20811   0.11282   0.02612   0.07714   0.17914   0.04812   0.06674   0.28305   0.89078   0.64202  
 24 11.3706   2377.640088  x:  0.07208   0.13143   0.02030   0.08450   0.00456   0.06911   0.02679   0.03186   0.02538   0.08644   0.09467   0.24623   0.02558   0.05014   0.24852   0.08319   0.08594   0.06947   0.00000   0.01744   0.12190   0.08385   0.10367   0.00000   0.06278   0.11896   0.07159   0.20619   0.11142   0.02632   0.07789   0.17868   0.04781   0.06509   0.28296   0.89126   0.63999  
 25  3.8638   2377.600042  x:  0.07175   0.13503   0.02056   0.08439   0.00429   0.06967   0.02667   0.03166   0.02578   0.08832   0.09633   0.24752   0.02544   0.05155   0.24885   0.08164   0.08502   0.06938   0.00000   0.01734   0.12127   0.08138   0.10421   0.00000   0.06370   0.11816   0.07093   0.20333   0.10829   0.02598   0.07792   0.17793   0.04827   0.06874   0.28277   0.89263   0.62753  
 26  3.6478   2377.285590  x:  0.07222   0.14285   0.02127   0.08744   0.00578   0.06388   0.02767   0.03269   0.02575   0.08342   0.10029   0.24838   0.02639   0.05337   0.24998   0.07661   0.08579   0.06777   0.00000   0.01671   0.12764   0.08334   0.11309   0.00000   0.05931   0.11808   0.07393   0.20171   0.10171   0.02646   0.07784   0.17464   0.04522   0.06629   0.28164   0.90382   0.51990  
 27 16.2463   2376.771231  x:  0.07266   0.14159   0.02251   0.08652   0.00516   0.07264   0.02812   0.03334   0.02691   0.08537   0.09547   0.25029   0.02760   0.05291   0.25368   0.07914   0.08693   0.06497   0.00000   0.01607   0.12533   0.08613   0.11459   0.00000   0.06361   0.11884   0.07415   0.20779   0.10171   0.02691   0.07609   0.16621   0.04694   0.06460   0.28006   0.92064   0.35865  
 28 102.0905   2376.692136  x:  0.07243   0.14004   0.02258   0.08555   0.00601   0.06940   0.02820   0.03355   0.02667   0.08457   0.09389   0.25048   0.02815   0.05293   0.25478   0.07862   0.08688   0.06796   0.00000   0.01646   0.12197   0.08350   0.11164   0.00000   0.06095   0.11862   0.07300   0.21078   0.10420   0.02668   0.07755   0.16476   0.04538   0.06779   0.27962   0.92359   0.33274  
 29 37.2731   2376.667155  x:  0.07214   0.13930   0.02246   0.08778   0.00575   0.06916   0.02817   0.03330   0.02660   0.08590   0.09486   0.25127   0.02831   0.05348   0.25444   0.07584   0.08621   0.06713   0.00000   0.01648   0.11884   0.08216   0.11123   0.00000   0.06038   0.11899   0.07404   0.21173   0.10508   0.02640   0.07710   0.16454   0.04601   0.06575   0.27956   0.92475   0.33269  
 30  2.0777   2376.277840  x:  0.07190   0.13470   0.02327   0.09045   0.00830   0.07056   0.02881   0.03431   0.02766   0.08414   0.10241   0.26206   0.02716   0.05436   0.24834   0.07682   0.08518   0.06594   0.00000   0.01644   0.10775   0.08972   0.11492   0.00000   0.06440   0.11908   0.06812   0.22038   0.10505   0.02615   0.07669   0.15662   0.04483   0.07043   0.27777   0.94446   0.37259  
 31  3.4224   2375.616806  x:  0.07218   0.13468   0.02470   0.08727   0.01163   0.07843   0.02999   0.03481   0.02873   0.08839   0.08826   0.27266   0.02755   0.05336   0.24611   0.08122   0.08468   0.06511   0.00000   0.01645   0.10975   0.07853   0.11219   0.00000   0.06104   0.11975   0.07976   0.22892   0.10066   0.02645   0.07746   0.14222   0.04292   0.07011   0.27528   0.97763   0.44337  
 32 39.3685   2375.484437  x:  0.07222   0.13655   0.02463   0.08772   0.01316   0.07541   0.03026   0.03462   0.02867   0.09086   0.08214   0.26977   0.02828   0.05383   0.25583   0.07760   0.08459   0.06330   0.00000   0.01632   0.11210   0.07923   0.11062   0.00000   0.06425   0.12092   0.07538   0.22874   0.10192   0.02649   0.07811   0.13840   0.04638   0.06897   0.27527   0.98450   0.45781  
 33 20.1460   2375.424864  x:  0.07198   0.13567   0.02462   0.08918   0.01332   0.07795   0.03033   0.03468   0.02869   0.09128   0.08393   0.26249   0.02822   0.05346   0.26646   0.07829   0.08439   0.06422   0.00000   0.01602   0.11021   0.08030   0.11125   0.00000   0.06297   0.12269   0.07704   0.22576   0.10248   0.02626   0.07884   0.13626   0.04512   0.06999   0.27559   0.98762   0.46441  
 34 10.6957   2375.421212  x:  0.07196   0.13551   0.02466   0.08891   0.01335   0.07779   0.03036   0.03480   0.02867   0.09053   0.08416   0.26192   0.02818   0.05311   0.26707   0.07899   0.08473   0.06359   0.00000   0.01600   0.10958   0.07910   0.11179   0.00000   0.06306   0.12297   0.07648   0.22556   0.10216   0.02624   0.07866   0.13627   0.04538   0.06958   0.27562   0.98784   0.46471  
 35  2.5236   2375.386183  x:  0.07178   0.13518   0.02476   0.08975   0.01273   0.07646   0.03022   0.03425   0.02858   0.09169   0.08172   0.26057   0.02825   0.05306   0.26638   0.07970   0.08626   0.06234   0.00000   0.01595   0.10765   0.08069   0.11146   0.00000   0.06177   0.12418   0.07551   0.22561   0.09872   0.02605   0.07639   0.13624   0.04337   0.07001   0.27557   0.99114   0.46484  
 36  0.2972   2374.157645  x:  0.07163   0.13781   0.02340   0.08547   0.00980   0.06895   0.02995   0.03240   0.03056   0.08816   0.08834   0.25756   0.02402   0.05073   0.26359   0.08252   0.08591   0.06443   0.00000   0.01645   0.11258   0.08501   0.11857   0.00000   0.06112   0.11096   0.07227   0.23563   0.10452   0.02596   0.07102   0.09835   0.04084   0.06555   0.27664   1.10485   0.46551  
 37  4.7548   2374.104503  x:  0.07101   0.13733   0.02342   0.08371   0.00982   0.06874   0.02991   0.03211   0.03076   0.08862   0.08977   0.25673   0.02368   0.05017   0.26285   0.08229   0.08560   0.05944   0.00000   0.01649   0.11313   0.08605   0.11684   0.00000   0.05992   0.11083   0.07226   0.23617   0.10422   0.02535   0.07624   0.09759   0.04041   0.06580   0.27664   1.11000   0.46548  
 38 14.4595   2374.099025  x:  0.07098   0.13712   0.02340   0.08327   0.00983   0.06920   0.02992   0.03218   0.03076   0.08849   0.08996   0.25664   0.02359   0.05026   0.26271   0.08126   0.08813   0.05959   0.00000   0.01640   0.11309   0.08603   0.11675   0.00000   0.05999   0.11049   0.07240   0.23582   0.10434   0.02531   0.07641   0.09744   0.04052   0.06594   0.27663   1.11040   0.46548  
 39  0.2972   2373.534891  x:  0.07219   0.12272   0.02125   0.08018   0.01123   0.06786   0.02877   0.02940   0.02818   0.09100   0.09110   0.24372   0.02337   0.05175   0.25388   0.08015   0.08473   0.05817   0.00000   0.01619   0.11474   0.08464   0.11367   0.00000   0.06378   0.09487   0.07488   0.21167   0.10510   0.02656   0.07212   0.10364   0.04082   0.06491   0.27725   1.14958   0.46251  
 40  0.6717   2373.413972  x:  0.07243   0.12231   0.02046   0.08174   0.01132   0.06882   0.02898   0.03120   0.02829   0.08935   0.08897   0.23942   0.02291   0.05185   0.24662   0.07839   0.08292   0.05882   0.00000   0.01602   0.11402   0.08325   0.11101   0.00000   0.06368   0.10128   0.07549   0.20139   0.10536   0.02681   0.07254   0.09750   0.04119   0.06588   0.27739   1.15400   0.46148  
 41  0.0202   2373.405340  x:  0.07269   0.12389   0.02031   0.08235   0.01126   0.06907   0.02946   0.03097   0.02846   0.08852   0.08787   0.24075   0.02319   0.05199   0.24509   0.07849   0.08306   0.05865   0.00000   0.01608   0.11347   0.08296   0.11059   0.00000   0.06309   0.10014   0.07482   0.20076   0.10649   0.02707   0.07288   0.09749   0.04083   0.06608   0.27667   1.14509   0.46116  
 42  0.0081   2373.401496  x:  0.07273   0.12332   0.02036   0.08231   0.01153   0.06926   0.02925   0.03077   0.02845   0.08887   0.08812   0.24108   0.02357   0.05204   0.24539   0.07875   0.08327   0.05827   0.00000   0.01631   0.11360   0.08317   0.11114   0.00000   0.06300   0.10036   0.07441   0.20029   0.10644   0.02710   0.07267   0.09689   0.04100   0.06597   0.27732   1.13168   0.45915  
 43  0.0069   2373.399496  x:  0.07266   0.12304   0.02032   0.08205   0.01142   0.06897   0.02933   0.03102   0.02871   0.08866   0.08815   0.24033   0.02336   0.05192   0.24559   0.07847   0.08307   0.05838   0.00000   0.01617   0.11356   0.08322   0.11108   0.00000   0.06309   0.09997   0.07458   0.20070   0.10636   0.02703   0.07261   0.09698   0.04076   0.06604   0.27773   1.12184   0.46001  
 44  0.0093   2373.399169  x:  0.07262   0.12319   0.02031   0.08199   0.01138   0.06891   0.02934   0.03088   0.02853   0.08876   0.08822   0.24041   0.02328   0.05198   0.24542   0.07845   0.08304   0.05848   0.00000   0.01611   0.11357   0.08316   0.11094   0.00000   0.06314   0.09998   0.07480   0.20078   0.10625   0.02699   0.07266   0.09675   0.04082   0.06601   0.27757   1.12001   0.46051  
 45  0.0020   2373.399136  x:  0.07263   0.12319   0.02033   0.08204   0.01135   0.06894   0.02931   0.03094   0.02849   0.08877   0.08820   0.24046   0.02324   0.05199   0.24544   0.07846   0.08306   0.05842   0.00000   0.01615   0.11359   0.08314   0.11089   0.00000   0.06317   0.09996   0.07482   0.20076   0.10624   0.02699   0.07265   0.09680   0.04082   0.06599   0.27753   1.11965   0.46070  
 46  0.0005   2373.399132  x:  0.07265   0.12316   0.02035   0.08204   0.01134   0.06895   0.02932   0.03092   0.02849   0.08876   0.08819   0.24048   0.02323   0.05199   0.24548   0.07847   0.08306   0.05842   0.00000   0.01615   0.11359   0.08313   0.11089   0.00000   0.06317   0.09998   0.07481   0.20076   0.10624   0.02701   0.07265   0.09680   0.04083   0.06599   0.27755   1.11960   0.46078  
 47  0.0001   2373.399132  x:  0.07265   0.12316   0.02035   0.08204   0.01134   0.06895   0.02932   0.03092   0.02849   0.08876   0.08819   0.24048   0.02323   0.05199   0.24548   0.07847   0.08306   0.05842   0.00000   0.01614   0.11359   0.08314   0.11090   0.00000   0.06317   0.09997   0.07480   0.20075   0.10624   0.02701   0.07265   0.09679   0.04083   0.06599   0.27755   1.11961   0.46078  
 48  0.0000   2373.399132  x:  0.07265   0.12317   0.02035   0.08204   0.01134   0.06895   0.02932   0.03092   0.02849   0.08876   0.08819   0.24048   0.02323   0.05199   0.24548   0.07846   0.08306   0.05842   0.00000   0.01614   0.11359   0.08314   0.11090   0.00000   0.06317   0.09997   0.07480   0.20075   0.10624   0.02700   0.07265   0.09680   0.04083   0.06599   0.27755   1.11960   0.46077  
 49  0.0000   2373.399132  x:  0.07265   0.12317   0.02035   0.08204   0.01134   0.06895   0.02932   0.03092   0.02849   0.08876   0.08819   0.24048   0.02323   0.05199   0.24548   0.07846   0.08306   0.05842   0.00000   0.01614   0.11359   0.08314   0.11090   0.00000   0.06317   0.09997   0.07480   0.20075   0.10624   0.02700   0.07265   0.09680   0.04083   0.06599   0.27755   1.11960   0.46077  