

TREE # 1

  0  0.0000   2618.595249  x:  0.08868   0.06472   0.03171   0.02452   0.08484   0.09988   0.10990   0.07017   0.02917   0.10651   0.03487   0.08430   0.03734   0.05141   0.01387   0.08657   0.08961   0.01082   0.06240   0.04656   0.04490   0.04547   0.05758   0.07413   0.03474   0.04651   0.02078   0.07064   0.10450   0.02598   0.08420   0.05190   0.04392   0.10008   0.07091   0.02894   0.02417   0.08876   0.56650   0.59466   0.44734  
  1 99.0000   2490.454407  x:  0.07516   0.08784   0.02608   0.09193   0.06192   0.09028   0.08553   0.05290   0.02193   0.09929   0.07284   0.14395   0.04341   0.05998   0.42056   0.09360   0.06560   0.16425   0.04670   0.04570   0.04116   0.02072   0.03028   0.06279   0.10755   0.07341   0.09103   0.04423   0.09621   0.09432   0.08212   0.13774   0.09058   0.08656   0.07236   0.09306   0.04377   0.08018   0.55405   0.60224   0.44669  
  2 1914.0191   2466.191759  x:  0.06196   0.09829   0.02014   0.08951   0.03747   0.08085   0.06182   0.03987   0.02430   0.09359   0.07790   0.16789   0.03164   0.05264   0.41887   0.09169   0.03714   0.15147   0.02691   0.04196   0.04365   0.00154   0.00000   0.04263   0.11072   0.07864   0.09533   0.01347   0.08481   0.09560   0.07716   0.15478   0.09683   0.07335   0.07042   0.09500   0.04064   0.07287   0.54065   0.60897   0.44545  
  3 329.3574   2460.876327  x:  0.05820   0.10046   0.02198   0.08892   0.02825   0.07827   0.05353   0.03843   0.02410   0.09247   0.07925   0.17396   0.03074   0.05412   0.41877   0.09261   0.02903   0.14628   0.02738   0.04170   0.04386   0.01315   0.00000   0.03644   0.11125   0.07989   0.09810   0.00000   0.08148   0.09642   0.07650   0.15986   0.09807   0.06960   0.07040   0.09558   0.04117   0.07134   0.53421   0.61210   0.44511  
  4 412.2006   2457.585018  x:  0.05785   0.09739   0.03117   0.08913   0.01667   0.07906   0.04640   0.04876   0.02384   0.09465   0.07638   0.17477   0.03697   0.06132   0.42044   0.09121   0.00000   0.13733   0.03239   0.04411   0.04235   0.01311   0.00000   0.03569   0.11236   0.07495   0.10398   0.00000   0.08104   0.09883   0.08209   0.16392   0.09439   0.06924   0.07310   0.09561   0.04570   0.07348   0.51545   0.62083   0.44413  
  5 145.8385   2455.745396  x:  0.06036   0.08914   0.02969   0.09116   0.00961   0.08549   0.04310   0.05912   0.02497   0.09941   0.06714   0.17365   0.03723   0.06388   0.42766   0.08099   0.00000   0.11807   0.02168   0.04122   0.04590   0.02540   0.00000   0.04005   0.11772   0.06207   0.11023   0.00000   0.08361   0.10300   0.09413   0.17125   0.08299   0.07176   0.07796   0.09515   0.04654   0.07745   0.45819   0.64631   0.44099  
  6 109.2050   2452.410331  x:  0.06147   0.08744   0.02960   0.09514   0.03402   0.09313   0.04236   0.05586   0.01824   0.10186   0.06783   0.17297   0.03352   0.06765   0.43625   0.07275   0.00000   0.08777   0.03334   0.04073   0.04443   0.02568   0.00000   0.03550   0.12144   0.07024   0.11362   0.00000   0.08477   0.10509   0.10165   0.18000   0.07988   0.07287   0.07945   0.09430   0.04318   0.07779   0.33447   0.70051   0.43429  
  7 126.9798   2450.949859  x:  0.06315   0.09088   0.02543   0.09501   0.03071   0.09367   0.04860   0.05159   0.03562   0.10078   0.07091   0.16945   0.03526   0.06797   0.43725   0.07740   0.00000   0.08774   0.03099   0.04161   0.04445   0.02389   0.00000   0.03520   0.11952   0.07148   0.11108   0.00000   0.08619   0.10372   0.09945   0.17569   0.08520   0.07454   0.07792   0.09430   0.04365   0.07731   0.27674   0.72796   0.43098  
  8 141.8875   2449.954697  x:  0.06458   0.09333   0.02180   0.09421   0.02256   0.09154   0.05153   0.04738   0.02338   0.10016   0.07137   0.16710   0.03575   0.06491   0.43558   0.08138   0.00000   0.09544   0.02345   0.04089   0.04564   0.02098   0.00000   0.03639   0.11738   0.06871   0.10812   0.00000   0.08755   0.10238   0.09608   0.16952   0.08884   0.07598   0.07676   0.09480   0.04390   0.07707   0.24730   0.74744   0.42860  
  9 93.1380   2449.135107  x:  0.06413   0.09232   0.02322   0.09560   0.02586   0.08939   0.04402   0.04816   0.02643   0.09924   0.06627   0.17376   0.02750   0.04933   0.43253   0.07411   0.00000   0.10348   0.01987   0.03656   0.04746   0.01606   0.00000   0.03686   0.11985   0.06565   0.10701   0.00000   0.08786   0.10381   0.09460   0.16882   0.08498   0.07553   0.07786   0.09689   0.03909   0.07660   0.24759   0.77804   0.42424  
 10 27.0611   2448.592774  x:  0.06284   0.09209   0.01381   0.09586   0.02795   0.08965   0.04481   0.04547   0.02677   0.09911   0.06800   0.18082   0.03449   0.04531   0.43034   0.07277   0.00000   0.10143   0.01600   0.04138   0.04737   0.01392   0.00000   0.03908   0.12371   0.06681   0.10603   0.00000   0.08693   0.10497   0.09596   0.17340   0.08292   0.07423   0.07782   0.09700   0.04214   0.07638   0.25449   0.80864   0.41927  
 11 41.6131   2447.395259  x:  0.06147   0.09862   0.02374   0.09627   0.02426   0.08963   0.05842   0.03443   0.02628   0.09861   0.07146   0.19335   0.03552   0.04254   0.42727   0.07788   0.00000   0.09537   0.01516   0.03717   0.05031   0.01317   0.00000   0.05062   0.13235   0.06333   0.09800   0.00000   0.08448   0.10557   0.09870   0.18491   0.09082   0.07287   0.07622   0.09507   0.04300   0.07432   0.26742   0.90095   0.40315  
 12 64.3415   2446.138693  x:  0.05977   0.10163   0.01401   0.09398   0.01588   0.08424   0.05991   0.04284   0.02492   0.09715   0.07118   0.19658   0.02867   0.04116   0.42531   0.08371   0.00000   0.09922   0.02735   0.03654   0.04795   0.01457   0.00000   0.05351   0.13295   0.06591   0.09155   0.00000   0.08262   0.10362   0.09512   0.18937   0.09495   0.07117   0.07446   0.09455   0.03826   0.07233   0.27474   1.00366   0.38455  
 13 120.7147   2443.891524  x:  0.05742   0.10304   0.02197   0.08993   0.02256   0.07360   0.04429   0.05466   0.02503   0.09315   0.07176   0.19067   0.03152   0.04650   0.42131   0.09324   0.00000   0.11300   0.01470   0.04371   0.04156   0.02257   0.00000   0.04042   0.12197   0.07697   0.09177   0.00000   0.08019   0.09852   0.08163   0.18632   0.09861   0.06882   0.07229   0.09614   0.03867   0.07111   0.28467   1.18124   0.35178  
 14 197.5130   2442.856668  x:  0.05625   0.10113   0.02122   0.08905   0.02208   0.07369   0.03470   0.04220   0.02627   0.09189   0.07421   0.18384   0.03677   0.04880   0.41917   0.09016   0.00000   0.12082   0.02060   0.03939   0.04975   0.02407   0.00000   0.02646   0.11318   0.07336   0.10227   0.00000   0.07980   0.09853   0.07735   0.17795   0.09579   0.06765   0.07331   0.09807   0.04490   0.07221   0.28900   1.25922   0.33720  
 15 141.1094   2442.535590  x:  0.05388   0.10108   0.02103   0.09094   0.01855   0.07656   0.03686   0.03648   0.02647   0.09263   0.07745   0.18146   0.03088   0.05470   0.41786   0.08544   0.00000   0.12161   0.01958   0.04211   0.04420   0.02426   0.00000   0.02321   0.11007   0.07546   0.11267   0.00000   0.07797   0.10118   0.07923   0.17131   0.09398   0.06527   0.07474   0.09911   0.04183   0.07115   0.29181   1.27700   0.33382  
 16 37.1720   2442.352021  x:  0.05200   0.10531   0.01974   0.09301   0.01887   0.07847   0.03796   0.04127   0.02611   0.09258   0.07981   0.18381   0.02922   0.05897   0.41619   0.08326   0.00000   0.12048   0.01788   0.03849   0.04931   0.02423   0.00000   0.02216   0.11153   0.07820   0.11857   0.00000   0.07510   0.10284   0.07896   0.16685   0.09649   0.06339   0.07369   0.09914   0.04289   0.06912   0.29242   1.27643   0.33394  
 17 11.6305   2441.471048  x:  0.05160   0.11851   0.01943   0.09758   0.01769   0.07991   0.02883   0.04006   0.02590   0.08880   0.07337   0.20190   0.03174   0.05715   0.41174   0.07956   0.00000   0.11516   0.01994   0.04595   0.04504   0.02639   0.00000   0.02111   0.12455   0.07279   0.12519   0.00000   0.06914   0.10543   0.07347   0.16119   0.10555   0.06299   0.07108   0.09852   0.04164   0.06601   0.28510   1.24268   0.34045  
 18 12.6315   2439.949471  x:  0.04646   0.11478   0.02102   0.09435   0.01059   0.07041   0.02935   0.03788   0.02594   0.08732   0.07411   0.22358   0.02809   0.05421   0.40853   0.08692   0.00000   0.10618   0.01873   0.03893   0.04099   0.02648   0.00000   0.00887   0.12520   0.08155   0.12659   0.00000   0.06911   0.10593   0.07227   0.17761   0.10145   0.05785   0.07475   0.10170   0.04542   0.07056   0.27685   1.17843   0.35252  
 19 48.0737   2439.366020  x:  0.04255   0.11215   0.02176   0.09121   0.00801   0.06525   0.02298   0.03452   0.02649   0.08641   0.07789   0.23168   0.02568   0.05477   0.40681   0.08999   0.00000   0.10345   0.01846   0.03783   0.04322   0.02633   0.00000   0.01657   0.12061   0.08654   0.12888   0.00000   0.06805   0.10542   0.07092   0.18726   0.09844   0.05394   0.07615   0.10366   0.04582   0.07038   0.27240   1.14955   0.35782  
 20 142.0570   2439.103020  x:  0.04087   0.11261   0.02292   0.08814   0.00842   0.06363   0.02430   0.03580   0.02634   0.08664   0.08242   0.23454   0.02527   0.05446   0.40602   0.08926   0.00000   0.10436   0.01867   0.04306   0.04797   0.02636   0.00000   0.01543   0.11366   0.08179   0.13021   0.00000   0.06513   0.10482   0.07090   0.19704   0.09728   0.05226   0.07576   0.10422   0.04134   0.06479   0.27047   1.13664   0.35999  
 21 42.1358   2439.050924  x:  0.04197   0.11487   0.02222   0.08747   0.00874   0.06485   0.02341   0.03625   0.02633   0.08682   0.08402   0.23390   0.02527   0.05490   0.40524   0.08747   0.00000   0.10528   0.01839   0.04098   0.04535   0.02646   0.00000   0.01549   0.11077   0.08019   0.13061   0.00000   0.06423   0.10468   0.07105   0.20165   0.09809   0.05336   0.07482   0.10368   0.04238   0.06307   0.27036   1.13390   0.36008  
 22 15.2603   2439.038914  x:  0.04201   0.11629   0.02230   0.08782   0.00820   0.06513   0.02376   0.03613   0.02628   0.08660   0.08311   0.23252   0.02523   0.05486   0.40452   0.08569   0.00000   0.10602   0.01839   0.04154   0.04578   0.02654   0.00000   0.01550   0.11050   0.08120   0.13104   0.00000   0.06464   0.10476   0.07054   0.20418   0.09866   0.05340   0.07447   0.10325   0.04270   0.06416   0.27030   1.13316   0.35963  
 23  5.7609   2439.034328  x:  0.04166   0.11669   0.02200   0.08824   0.00847   0.06485   0.02350   0.03588   0.02635   0.08657   0.08264   0.23140   0.02535   0.05558   0.40387   0.08607   0.00000   0.10656   0.01830   0.04128   0.04585   0.02643   0.00000   0.01536   0.11133   0.08094   0.13139   0.00000   0.06478   0.10497   0.07081   0.20541   0.09900   0.05305   0.07464   0.10315   0.04204   0.06443   0.27036   1.13273   0.35893  
 24  3.1391   2439.027101  x:  0.04189   0.11631   0.02209   0.08882   0.00841   0.06454   0.02367   0.03584   0.02635   0.08648   0.08297   0.23003   0.02496   0.05487   0.40293   0.08664   0.00000   0.10694   0.01836   0.04151   0.04585   0.02644   0.00000   0.01541   0.11304   0.08109   0.13220   0.00000   0.06412   0.10522   0.07055   0.20650   0.09884   0.05329   0.07488   0.10360   0.04284   0.06331   0.27019   1.13195   0.35653  
 25  1.9733   2439.006875  x:  0.04169   0.11601   0.02246   0.08908   0.00786   0.06550   0.02388   0.03614   0.02626   0.08652   0.08437   0.22969   0.02660   0.05312   0.40217   0.08664   0.00000   0.10689   0.01844   0.04071   0.04549   0.02652   0.00000   0.01567   0.11396   0.08177   0.13258   0.00000   0.06427   0.10559   0.07026   0.20701   0.09890   0.05309   0.07462   0.10421   0.04120   0.06326   0.26995   1.12963   0.34849  
 26  3.3366   2438.903160  x:  0.04135   0.11684   0.02220   0.08861   0.00869   0.06708   0.02395   0.03625   0.02632   0.08696   0.08695   0.23249   0.02448   0.05220   0.40062   0.08809   0.00000   0.10577   0.01842   0.04190   0.04587   0.02631   0.00000   0.01587   0.11403   0.08011   0.13131   0.00000   0.06565   0.10661   0.07139   0.20802   0.10047   0.05275   0.07296   0.10504   0.04225   0.06676   0.27017   1.11791   0.30849  
 27 17.9744   2438.844495  x:  0.04252   0.11717   0.02191   0.08823   0.00855   0.06520   0.02486   0.03493   0.02657   0.08683   0.08405   0.23468   0.02517   0.05444   0.40080   0.08680   0.00000   0.10504   0.01840   0.04112   0.04637   0.02594   0.00000   0.01601   0.11333   0.08137   0.12955   0.00000   0.06463   0.10590   0.07170   0.20814   0.10008   0.05392   0.07388   0.10393   0.04172   0.06419   0.27063   1.11146   0.28753  
 28 26.2059   2438.813232  x:  0.04011   0.11701   0.02213   0.08892   0.00840   0.06667   0.02487   0.03478   0.02661   0.08706   0.08418   0.23413   0.02512   0.05437   0.40130   0.08581   0.00000   0.10513   0.01842   0.04107   0.04601   0.02585   0.00000   0.01597   0.11396   0.08123   0.12696   0.00000   0.06467   0.10396   0.07178   0.20791   0.10003   0.05150   0.07526   0.10089   0.04293   0.06259   0.27085   1.10959   0.28562  
 29  2.8859   2438.640721  x:  0.04350   0.11961   0.02188   0.09188   0.00722   0.06676   0.02322   0.03344   0.02689   0.08675   0.09096   0.23362   0.02367   0.05460   0.40097   0.08571   0.00000   0.10115   0.01794   0.04164   0.04802   0.02484   0.00000   0.01512   0.11679   0.08226   0.12141   0.00000   0.06424   0.10084   0.07330   0.20876   0.10006   0.05489   0.07892   0.09453   0.04084   0.06398   0.27362   1.10295   0.29375  
 30  3.8828   2437.993404  x:  0.04144   0.12923   0.02105   0.09268   0.01062   0.05728   0.03210   0.03008   0.02796   0.08415   0.09684   0.24114   0.02488   0.05099   0.39314   0.08650   0.00000   0.09069   0.01904   0.03719   0.04497   0.02240   0.00000   0.01919   0.11973   0.07931   0.11629   0.00000   0.06230   0.10071   0.07203   0.21401   0.09971   0.05283   0.07822   0.09163   0.04144   0.06797   0.27912   1.08042   0.33345  
 31 21.5601   2437.603217  x:  0.04234   0.13013   0.02058   0.08925   0.01062   0.06683   0.03313   0.02621   0.02859   0.08813   0.09278   0.24753   0.02373   0.05108   0.38602   0.09164   0.00000   0.08799   0.01928   0.03697   0.04697   0.02061   0.00000   0.01919   0.12141   0.08413   0.11023   0.00000   0.06736   0.10432   0.07726   0.21895   0.10422   0.05372   0.07296   0.09682   0.04140   0.06189   0.28264   1.06743   0.35846  
 32 37.2703   2437.566498  x:  0.04277   0.12571   0.02032   0.08915   0.01098   0.06846   0.03365   0.02604   0.02863   0.08772   0.09254   0.25017   0.02379   0.05194   0.38402   0.09064   0.00000   0.08985   0.01935   0.03678   0.04700   0.02065   0.00000   0.01935   0.12163   0.08444   0.11008   0.00000   0.06457   0.10356   0.07769   0.22017   0.10841   0.05416   0.07422   0.09728   0.04133   0.06341   0.28237   1.06641   0.36090  
 33  9.0563   2437.562383  x:  0.04291   0.12454   0.02027   0.08951   0.01100   0.06793   0.03370   0.02608   0.02863   0.08755   0.09291   0.25077   0.02375   0.05223   0.38365   0.09011   0.00000   0.08999   0.01935   0.03676   0.04695   0.02067   0.00000   0.01935   0.12180   0.08430   0.11046   0.00000   0.06590   0.10350   0.07746   0.22038   0.10938   0.05430   0.07381   0.09676   0.04135   0.06298   0.28234   1.06636   0.36114  
 34  3.0187   2437.542191  x:  0.04310   0.12378   0.02037   0.09023   0.01093   0.06800   0.03373   0.02589   0.02872   0.09008   0.09248   0.25159   0.02367   0.05217   0.38290   0.09106   0.00000   0.09064   0.01936   0.03666   0.04699   0.02053   0.00000   0.01933   0.12197   0.08447   0.11137   0.00000   0.06477   0.10273   0.07646   0.22074   0.10845   0.05449   0.07091   0.09454   0.04100   0.06354   0.28247   1.06699   0.36123  
 35  0.2647   2436.694590  x:  0.04357   0.13304   0.02108   0.09216   0.01241   0.07132   0.03520   0.03225   0.02732   0.08727   0.08913   0.27006   0.02339   0.04366   0.34547   0.10437   0.00000   0.10266   0.01898   0.03799   0.04747   0.01860   0.00000   0.02122   0.11773   0.08787   0.11866   0.00000   0.07032   0.09658   0.07046   0.22608   0.10515   0.05494   0.08041   0.09079   0.04092   0.06219   0.28920   1.09574   0.36321  
 36  1.9261   2435.657131  x:  0.04039   0.13264   0.02266   0.08696   0.01116   0.06145   0.03225   0.03748   0.02630   0.08364   0.09239   0.27017   0.02346   0.04062   0.30769   0.09790   0.00000   0.10684   0.01718   0.03980   0.04825   0.01590   0.00000   0.02052   0.12132   0.08992   0.10119   0.00000   0.06433   0.10058   0.07034   0.22531   0.11074   0.05175   0.06551   0.10259   0.04098   0.06119   0.30096   1.12764   0.36597  
 37 31.6986   2435.614035  x:  0.04036   0.13188   0.02214   0.08359   0.01121   0.06175   0.03208   0.03765   0.02629   0.08570   0.09163   0.26821   0.02291   0.04027   0.30775   0.09815   0.00000   0.10390   0.01677   0.03970   0.04833   0.01539   0.00000   0.02044   0.12146   0.08927   0.10179   0.00000   0.06425   0.10115   0.06608   0.22539   0.11362   0.05172   0.06686   0.10272   0.04051   0.06112   0.30260   1.12878   0.36607  
 38  9.7899   2435.607430  x:  0.04035   0.13181   0.02209   0.08329   0.01121   0.06172   0.03205   0.03767   0.02628   0.08574   0.09149   0.26797   0.02288   0.04008   0.30781   0.09825   0.00131   0.10360   0.01673   0.03970   0.04834   0.01535   0.00000   0.02044   0.12140   0.08926   0.10198   0.00000   0.06420   0.10109   0.06601   0.22537   0.11399   0.05171   0.06688   0.10262   0.04048   0.06109   0.30275   1.12886   0.36607  
 39 10.2664   2435.602605  x:  0.04034   0.13156   0.02195   0.08285   0.01120   0.06164   0.03199   0.03771   0.02624   0.08498   0.09089   0.26720   0.02286   0.03922   0.30822   0.09876   0.00121   0.10275   0.01664   0.03971   0.04838   0.01528   0.00000   0.02044   0.12095   0.08937   0.10283   0.00000   0.06396   0.10047   0.06679   0.22523   0.11500   0.05169   0.06644   0.10210   0.04041   0.06100   0.30312   1.12897   0.36607  
 40  3.2028   2435.589190  x:  0.04035   0.13089   0.02177   0.08490   0.01098   0.06278   0.03204   0.03769   0.02618   0.08305   0.09029   0.26681   0.02264   0.03989   0.30812   0.09935   0.00148   0.10149   0.01655   0.03959   0.04844   0.01506   0.00000   0.02037   0.12018   0.08881   0.10276   0.00000   0.06382   0.09935   0.06536   0.22549   0.11463   0.05170   0.06558   0.10314   0.04015   0.06098   0.30348   1.12951   0.36607  
 41  0.5494   2435.186421  x:  0.03963   0.13144   0.02060   0.09786   0.01053   0.05881   0.03053   0.03666   0.02661   0.09412   0.08808   0.26435   0.02436   0.03904   0.29220   0.09785   0.00144   0.09380   0.01684   0.04042   0.04832   0.01592   0.00000   0.02044   0.11293   0.08763   0.10477   0.00000   0.06394   0.09354   0.06807   0.22281   0.11969   0.05097   0.07004   0.11050   0.04123   0.06056   0.30162   1.14978   0.36612  
 42  1.5352   2433.515134  x:  0.04037   0.12725   0.02140   0.08514   0.01023   0.06221   0.02742   0.03245   0.02716   0.08379   0.08664   0.26062   0.02616   0.05164   0.23015   0.09206   0.00236   0.08217   0.01824   0.04140   0.04817   0.01859   0.00000   0.01880   0.11308   0.08485   0.11670   0.00000   0.06158   0.10057   0.06881   0.21433   0.11182   0.05168   0.07263   0.09857   0.04227   0.06284   0.29101   1.22946   0.36662  
 43 27.1427   2433.508598  x:  0.04043   0.12758   0.02146   0.08396   0.01023   0.06225   0.02747   0.03240   0.02717   0.08396   0.08690   0.26074   0.02607   0.05213   0.23001   0.09156   0.00238   0.08233   0.01826   0.04137   0.04812   0.01860   0.00000   0.01874   0.11409   0.08476   0.11723   0.00000   0.06199   0.09811   0.06896   0.21433   0.11147   0.05173   0.07234   0.09954   0.04220   0.06298   0.29099   1.22974   0.36662  
 44  3.6936   2433.077473  x:  0.04235   0.12209   0.02149   0.08159   0.01012   0.06623   0.02821   0.03137   0.02739   0.08611   0.08554   0.24115   0.02415   0.05521   0.23976   0.08888   0.00480   0.08011   0.01881   0.03910   0.04643   0.01678   0.00000   0.01848   0.11049   0.08199   0.11018   0.00000   0.06485   0.09714   0.07372   0.20167   0.10293   0.05365   0.07346   0.09269   0.04042   0.06369   0.28101   1.20309   0.36422  
 45  0.0449   2433.029179  x:  0.04256   0.12128   0.02179   0.08270   0.01059   0.06632   0.02885   0.03087   0.02756   0.08706   0.08710   0.23729   0.02438   0.05385   0.23233   0.08956   0.00549   0.08360   0.01913   0.03899   0.04670   0.01566   0.00000   0.01863   0.11007   0.08293   0.10975   0.00000   0.06587   0.09717   0.07312   0.20103   0.10151   0.05386   0.07292   0.09439   0.04083   0.06367   0.28023   1.17601   0.36323  
 46  0.0283   2433.018457  x:  0.04249   0.12112   0.02166   0.08221   0.01066   0.06615   0.02917   0.03160   0.02758   0.08714   0.08747   0.23609   0.02438   0.05434   0.23278   0.09016   0.00571   0.08189   0.01942   0.03934   0.04675   0.01492   0.00000   0.01858   0.10976   0.08395   0.11047   0.00000   0.06566   0.09713   0.07302   0.20108   0.10274   0.05379   0.07241   0.09477   0.04088   0.06350   0.28083   1.15486   0.36512  
 47  0.0215   2433.016949  x:  0.04238   0.12144   0.02168   0.08200   0.01046   0.06589   0.02918   0.03125   0.02751   0.08679   0.08766   0.23637   0.02434   0.05464   0.23297   0.09040   0.00591   0.08220   0.01945   0.03938   0.04667   0.01453   0.00000   0.01849   0.10937   0.08378   0.11093   0.00000   0.06553   0.09712   0.07294   0.20075   0.10268   0.05368   0.07263   0.09449   0.04090   0.06349   0.28115   1.15165   0.36571  
 48  0.0037   2433.016068  x:  0.04240   0.12152   0.02183   0.08209   0.01065   0.06595   0.02900   0.03118   0.02750   0.08664   0.08786   0.23658   0.02439   0.05478   0.23280   0.09006   0.00627   0.08191   0.01956   0.03944   0.04663   0.01404   0.00000   0.01840   0.10922   0.08426   0.11110   0.00000   0.06543   0.09706   0.07279   0.20062   0.10237   0.05370   0.07274   0.09429   0.04087   0.06353   0.28092   1.15336   0.36655  
 49  0.0017   2433.014857  x:  0.04243   0.12159   0.02179   0.08230   0.01050   0.06615   0.02900   0.03139   0.02754   0.08685   0.08811   0.23648   0.02431   0.05520   0.23197   0.09022   0.00694   0.08174   0.01962   0.03941   0.04645   0.01312   0.00000   0.01832   0.10912   0.08421   0.11131   0.00000   0.06541   0.09718   0.07297   0.20067   0.10247   0.05373   0.07274   0.09437   0.04083   0.06360   0.28055   1.15846   0.36807  
 50  0.0036   2433.014508  x:  0.04243   0.12146   0.02177   0.08218   0.01053   0.06608   0.02904   0.03132   0.02755   0.08687   0.08821   0.23601   0.02441   0.05509   0.23225   0.09039   0.00713   0.08175   0.01969   0.03947   0.04655   0.01284   0.00000   0.01834   0.10905   0.08429   0.11146   0.00000   0.06552   0.09719   0.07294   0.20076   0.10254   0.05373   0.07266   0.09449   0.04095   0.06356   0.28034   1.16157   0.36782  
 51  0.0029   2433.014482  x:  0.04241   0.12145   0.02177   0.08215   0.01054   0.06603   0.02907   0.03133   0.02753   0.08685   0.08821   0.23604   0.02438   0.05504   0.23218   0.09041   0.00714   0.08174   0.01970   0.03948   0.04654   0.01283   0.00000   0.01837   0.10902   0.08434   0.11148   0.00000   0.06552   0.09718   0.07297   0.20079   0.10251   0.05372   0.07266   0.09448   0.04091   0.06353   0.28032   1.16182   0.36753  
 52  0.0004   2433.014481  x:  0.04241   0.12146   0.02176   0.08216   0.01053   0.06603   0.02907   0.03133   0.02753   0.08685   0.08821   0.23605   0.02439   0.05503   0.23218   0.09040   0.00714   0.08173   0.01970   0.03948   0.04654   0.01283   0.00000   0.01837   0.10902   0.08434   0.11148   0.00000   0.06551   0.09718   0.07298   0.20078   0.10251   0.05372   0.07266   0.09448   0.04092   0.06354   0.28032   1.16180   0.36742  
 53  0.0001   2433.014480  x:  0.04241   0.12146   0.02176   0.08216   0.01053   0.06603   0.02907   0.03133   0.02753   0.08686   0.08821   0.23605   0.02438   0.05503   0.23218   0.09040   0.00714   0.08173   0.01970   0.03948   0.04654   0.01283   0.00000   0.01837   0.10902   0.08434   0.11148   0.00000   0.06551   0.09718   0.07298   0.20078   0.10251   0.05372   0.07266   0.09448   0.04092   0.06354   0.28032   1.16180   0.36740  
 54  0.0000   2433.014480  x:  0.04241   0.12146   0.02176   0.08216   0.01053   0.06603   0.02907   0.03133   0.02753   0.08686   0.08821   0.23605   0.02438   0.05503   0.23218   0.09040   0.00714   0.08173   0.01970   0.03948   0.04654   0.01283   0.00000   0.01837   0.10902   0.08434   0.11148   0.00000   0.06551   0.09718   0.07298   0.20078   0.10251   0.05372   0.07266   0.09448   0.04092   0.06353   0.28032   1.16179   0.36739  
 55  0.0000   2433.014480  x:  0.04241   0.12146   0.02176   0.08216   0.01053   0.06603   0.02907   0.03133   0.02753   0.08686   0.08821   0.23605   0.02438   0.05503   0.23218   0.09040   0.00714   0.08173   0.01970   0.03948   0.04654   0.01283   0.00000   0.01837   0.10902   0.08434   0.11148   0.00000   0.06551   0.09718   0.07298   0.20078   0.10251   0.05372   0.07266   0.09448   0.04092   0.06353   0.28032   1.16180   0.36739  
 56  0.0000   2433.014480  x:  0.04241   0.12146   0.02176   0.08216   0.01053   0.06603   0.02907   0.03133   0.02753   0.08686   0.08821   0.23605   0.02438   0.05503   0.23218   0.09040   0.00714   0.08173   0.01970   0.03948   0.04654   0.01283   0.00000   0.01837   0.10902   0.08434   0.11148   0.00000   0.06551   0.09718   0.07298   0.20078   0.10251   0.05372   0.07266   0.09448   0.04092   0.06353   0.28032   1.16180   0.36739  
 57  0.0000   2433.014480  x:  0.04241   0.12146   0.02176   0.08216   0.01053   0.06603   0.02907   0.03133   0.02753   0.08686   0.08821   0.23605   0.02438   0.05503   0.23218   0.09040   0.00714   0.08173   0.01970   0.03948   0.04654   0.01283   0.00000   0.01837   0.10902   0.08434   0.11148   0.00000   0.06551   0.09718   0.07298   0.20078   0.10251   0.05372   0.07266   0.09448   0.04092   0.06353   0.28032   1.16180   0.36739  
check convergence!
