

TREE # 1

  0  0.0000   2694.221119  x:  0.05666   0.08500   0.10067   0.07728   0.02496   0.07365   0.03175   0.04122   0.05954   0.09386   0.07777   0.05388   0.10321   0.05360   0.48283   0.58286  
  1 99.0000   2376.964604  x:  0.14567   0.17401   0.18289   0.15992   0.15149   0.16110   0.00000   0.01521   0.06362   0.15361   0.10722   0.14134   0.16701   0.45545   0.47202   0.58520  
  2 1962.6454   2368.728011  x:  0.16104   0.18938   0.20315   0.17230   0.14136   0.17358   0.00000   0.00144   0.05910   0.17225   0.11685   0.14938   0.17546   0.44133   0.46139   0.58668  
  3 223.1434   2348.736578  x:  0.24512   0.27346   0.31419   0.24026   0.08631   0.24222   0.00000   0.02003   0.03417   0.27355   0.16887   0.19352   0.22218   0.36625   0.40196   0.59501  
  4 1683.2499   2345.964094  x:  0.24242   0.27076   0.34310   0.24764   0.09245   0.24701   0.00000   0.02000   0.04447   0.26387   0.13980   0.17519   0.23810   0.36264   0.31192   0.61140  
  5 50.0561   2345.804574  x:  0.24051   0.26885   0.34940   0.24555   0.08752   0.24298   0.00000   0.01993   0.03424   0.26060   0.14380   0.16893   0.24260   0.36610   0.30793   0.62173  
  6 15.6336   2345.576645  x:  0.23697   0.26532   0.36627   0.24236   0.08719   0.23789   0.00000   0.02002   0.04199   0.25581   0.15605   0.15491   0.25252   0.36777   0.31075   0.65344  
  7 17.7507   2345.354814  x:  0.23770   0.26604   0.37846   0.24159   0.09774   0.24083   0.00000   0.02007   0.03687   0.25312   0.14589   0.14992   0.25547   0.36369   0.31997   0.70032  
  8 15.9821   2345.048269  x:  0.24012   0.26846   0.37582   0.23623   0.08429   0.24558   0.00000   0.01997   0.04159   0.25519   0.13433   0.15830   0.24863   0.36807   0.32174   0.77536  
  9 22.0078   2344.657281  x:  0.24063   0.26897   0.35420   0.24004   0.09224   0.24532   0.00000   0.01997   0.03938   0.26203   0.14776   0.17589   0.23288   0.36664   0.30909   0.87538  
 10 33.5539   2344.556220  x:  0.24150   0.26984   0.34178   0.25249   0.09059   0.24112   0.00000   0.01990   0.04015   0.26061   0.14588   0.17815   0.24773   0.36589   0.30962   0.88960  
 11  4.9730   2343.847669  x:  0.24343   0.27177   0.31934   0.22217   0.09818   0.26602   0.00000   0.01976   0.03732   0.27641   0.14910   0.17001   0.28133   0.36969   0.30591   0.89783  
 12  1.6366   2301.861893  x:  0.45126   0.47962   0.50955   0.19977   0.20099   0.15618   0.00000   0.00997   0.04613   0.23829   0.14181   0.21570   0.28816   0.83760   0.28673   0.99295  
 13  2.9582   2288.273008  x:  0.40065   0.42901   0.55644   0.34842   0.17981   0.34296   0.00000   0.00621   0.03015   0.22333   0.16482   0.14095   0.22974   1.00131   0.30181   1.02314  
 14 91.7153   2286.699909  x:  0.35752   0.38589   0.57535   0.36803   0.18055   0.32831   0.00000   0.00616   0.02825   0.29911   0.14800   0.14321   0.23031   1.02419   0.30571   1.02557  
 15 32.7898   2286.494882  x:  0.34015   0.36852   0.58755   0.36493   0.18119   0.33317   0.00000   0.00603   0.02727   0.29412   0.14964   0.17391   0.24140   1.02363   0.30608   1.02457  
 16 10.0925   2281.250190  x:  0.40075   0.42913   0.52479   0.30189   0.16753   0.34494   0.00000   0.00387   0.02124   0.32499   0.18484   0.22773   0.20338   1.24367   0.26134   0.65918  
 17  0.1538   2279.859214  x:  0.38780   0.41618   0.50025   0.31342   0.15085   0.34197   0.00000   0.00640   0.02397   0.33547   0.17987   0.25380   0.17273   1.35103   0.30771   0.55078  
 18  0.1155   2278.946934  x:  0.36207   0.39045   0.48460   0.33843   0.14041   0.33564   0.00000   0.00794   0.02908   0.33033   0.15827   0.27638   0.15758   1.43714   0.30229   0.70836  
 19  0.1442   2278.596367  x:  0.36371   0.39210   0.47151   0.32736   0.13731   0.32991   0.00000   0.00807   0.02915   0.31430   0.15620   0.28540   0.15228   1.51334   0.28648   0.62491  
 20  0.0809   2278.497836  x:  0.36701   0.39540   0.47178   0.31919   0.14328   0.32341   0.00000   0.00751   0.02772   0.30384   0.16339   0.27745   0.15674   1.53546   0.29591   0.62015  
 21  0.0187   2278.476336  x:  0.36228   0.39066   0.47730   0.31987   0.14700   0.31958   0.00000   0.00742   0.02914   0.30499   0.16107   0.26867   0.15989   1.54307   0.29508   0.62430  
 22  0.0100   2278.474374  x:  0.36283   0.39122   0.47659   0.31836   0.14755   0.32059   0.00000   0.00747   0.02843   0.30628   0.16146   0.26549   0.16164   1.54277   0.29452   0.62312  
 23  0.0028   2278.474108  x:  0.36249   0.39087   0.47624   0.31828   0.14732   0.32133   0.00000   0.00752   0.02859   0.30608   0.16134   0.26513   0.16236   1.54302   0.29485   0.62333  
 24  0.0009   2278.474101  x:  0.36246   0.39084   0.47622   0.31835   0.14727   0.32131   0.00000   0.00753   0.02858   0.30596   0.16134   0.26502   0.16236   1.54302   0.29484   0.62306  
 25  0.0002   2278.474101  x:  0.36247   0.39085   0.47622   0.31836   0.14726   0.32129   0.00000   0.00753   0.02858   0.30596   0.16135   0.26498   0.16240   1.54287   0.29484   0.62312  
 26  0.0001   2278.474101  x:  0.36246   0.39085   0.47622   0.31836   0.14726   0.32128   0.00000   0.00753   0.02858   0.30596   0.16135   0.26498   0.16241   1.54288   0.29484   0.62311  
 27  0.0000   2278.474101  x:  0.36246   0.39085   0.47622   0.31836   0.14725   0.32128   0.00000   0.00753   0.02858   0.30596   0.16135   0.26498   0.16241   1.54288   0.29484   0.62311  
 28  0.0000   2278.474101  x:  0.36246   0.39085   0.47622   0.31836   0.14725   0.32128   0.00000   0.00753   0.02858   0.30596   0.16135   0.26498   0.16241   1.54288   0.29484   0.62311  
 29  0.0000   2278.474101  x:  0.36246   0.39085   0.47622   0.31836   0.14725   0.32128   0.00000   0.00753   0.02858   0.30596   0.16135   0.26498   0.16241   1.54288   0.29484   0.62311  