

TREE # 1

  0  0.0000  37889.790959  x:  0.01948   0.02464   0.03994   0.05801   0.08433   0.02392   0.01576   0.04150   0.03935   0.08841   0.06965   0.02372   0.06457   0.04200   0.10517   0.01659   0.05730   0.05606   0.01916   0.06643   0.10787   0.07682   0.08569   0.09044   0.04290   0.06118   0.05663   0.01155   0.10317   0.09446   0.03367   0.10246   0.09837   0.03857   0.04138   0.02494   0.05592   0.03396   0.10602   0.02532   0.05600   0.05376   0.01984   0.02202   0.01995   0.08373   0.04545   0.09610   0.09440   0.07620   0.09013   0.07079   0.04803   0.10166   0.05451   0.04098   0.07346   0.09630   0.03554   0.08843   0.06120   0.07899   0.36534   0.45420   0.44486  
  1 99.0000  35683.377736  x:  0.00250   0.05854   0.06690   0.07511   0.07336   0.04233   0.10260   0.03350   0.06866   0.08892   0.05534   0.05972   0.06141   0.05040   0.09562   0.07392   0.05172   0.04683   0.02172   0.05367   0.09437   0.06546   0.08457   0.08195   0.03290   0.04321   0.07909   0.18443   0.10918   0.07747   0.02982   0.09223   0.09046   0.04533   0.03168   0.03759   0.04449   0.03290   0.09097   0.01965   0.04086   0.03251   0.00592   0.00000   0.00142   0.06368   0.02522   0.07514   0.07366   0.05337   0.06690   0.05393   0.02768   0.08064   0.03873   0.02516   0.05333   0.07490   0.02119   0.07113   0.08251   0.09126   0.44722   0.39044   0.43234  
  2 20152.9830  35499.078224  x:  0.00000   0.06193   0.06977   0.07707   0.07167   0.04388   0.11029   0.03229   0.07174   0.08897   0.05317   0.06279   0.06070   0.05134   0.09420   0.07906   0.05077   0.04559   0.02201   0.05190   0.09246   0.06379   0.08443   0.08078   0.03165   0.04069   0.08175   0.19970   0.10987   0.07498   0.02925   0.09081   0.08934   0.04612   0.03037   0.03886   0.04297   0.03280   0.08881   0.01907   0.03880   0.02947   0.00534   0.01448   0.00244   0.06078   0.02241   0.07208   0.07065   0.05000   0.06346   0.05156   0.02482   0.07756   0.03658   0.02308   0.05043   0.07176   0.01942   0.06864   0.08500   0.09289   0.45818   0.38068   0.43052  
  3 50053.5811  33988.969198  x:  0.00000   0.06839   0.07871   0.08599   0.05534   0.04044   0.10608   0.02137   0.08059   0.08900   0.03285   0.05782   0.05067   0.05515   0.08152   0.07721   0.04055   0.03642   0.02325   0.03782   0.07656   0.04896   0.08349   0.07165   0.02452   0.02032   0.09531   0.19193   0.11319   0.05285   0.02431   0.07931   0.07985   0.04987   0.02061   0.04085   0.03207   0.03279   0.07021   0.01839   0.02351   0.00354   0.02028   0.01104   0.02609   0.03544   0.00000   0.04488   0.04394   0.01957   0.03210   0.03230   0.00178   0.04997   0.02033   0.00920   0.02548   0.04374   0.00999   0.04741   0.09716   0.10458   0.53911   0.28587   0.41447  
  4 15869.7947  33896.163681  x:  0.00000   0.06892   0.07944   0.08671   0.05401   0.04017   0.10575   0.02048   0.08131   0.08900   0.03120   0.05742   0.04985   0.05546   0.08049   0.07707   0.03972   0.03568   0.02335   0.03668   0.07526   0.04775   0.08341   0.07091   0.02394   0.01866   0.09641   0.19132   0.11346   0.05104   0.02391   0.07837   0.07907   0.05018   0.01983   0.04101   0.03119   0.03279   0.06870   0.01834   0.02228   0.00147   0.02145   0.01077   0.02797   0.03339   0.00036   0.04266   0.04176   0.01709   0.02954   0.03074   0.00000   0.04772   0.01902   0.00810   0.02345   0.04146   0.00924   0.04568   0.09815   0.10553   0.54570   0.27811   0.41316  
  5 423178.2026  33819.521762  x:  0.00000   0.06932   0.07999   0.08726   0.05300   0.03997   0.10551   0.01982   0.08186   0.08901   0.02995   0.05713   0.04924   0.05569   0.07971   0.07697   0.03909   0.03512   0.02342   0.03582   0.07429   0.04684   0.08336   0.07035   0.02352   0.01743   0.09724   0.19087   0.11367   0.04968   0.02361   0.07767   0.07849   0.05041   0.01924   0.04114   0.03053   0.03279   0.06756   0.01830   0.02136   0.00000   0.02231   0.01057   0.02935   0.03184   0.00054   0.04099   0.04012   0.01522   0.02760   0.02956   0.00031   0.04603   0.01805   0.00729   0.02192   0.03973   0.00870   0.04438   0.09890   0.10625   0.55067   0.27224   0.41217  
  6 408571.3199  33227.111954  x:  0.00000   0.07259   0.08443   0.09168   0.04486   0.03836   0.10360   0.01452   0.08628   0.08903   0.01984   0.05475   0.04428   0.05759   0.07340   0.07618   0.03406   0.03064   0.02404   0.02888   0.06638   0.03947   0.08291   0.06582   0.02010   0.00745   0.10398   0.18734   0.11535   0.03862   0.02120   0.07196   0.07376   0.05226   0.01449   0.04214   0.02519   0.03279   0.05828   0.01800   0.01398   0.00148   0.02917   0.00901   0.04030   0.01927   0.00179   0.02737   0.02677   0.00000   0.01186   0.02008   0.00190   0.03226   0.01025   0.00096   0.00955   0.02571   0.00447   0.03381   0.10492   0.11206   0.59102   0.22432   0.40412  
  7 394969.9041  33144.353502  x:  0.00000   0.07325   0.08533   0.09258   0.04321   0.03804   0.10322   0.01346   0.08717   0.08903   0.01779   0.05427   0.04328   0.05798   0.07212   0.07603   0.03304   0.02974   0.02417   0.02748   0.06477   0.03797   0.08282   0.06490   0.01943   0.00547   0.10535   0.18663   0.11569   0.03637   0.02072   0.07080   0.07280   0.05263   0.01354   0.04235   0.02412   0.03279   0.05640   0.01794   0.01252   0.00176   0.03052   0.00870   0.04248   0.01673   0.00203   0.02460   0.02406   0.00046   0.00867   0.01817   0.00220   0.02946   0.00871   0.00009   0.00707   0.02286   0.00371   0.03167   0.10614   0.11324   0.59922   0.21453   0.40248  
  8 220509.5007  32926.049006  x:  0.00000   0.07489   0.08754   0.09477   0.03916   0.03728   0.10232   0.01089   0.08938   0.08905   0.01278   0.05312   0.04082   0.05893   0.06898   0.07568   0.03056   0.02755   0.02448   0.02407   0.06084   0.03432   0.08260   0.06266   0.01780   0.00071   0.10869   0.18496   0.11653   0.03086   0.01955   0.06797   0.07046   0.05354   0.01124   0.04285   0.02152   0.03279   0.05179   0.01781   0.00901   0.00237   0.03380   0.00796   0.04775   0.01051   0.00257   0.01783   0.01744   0.00115   0.00084   0.01351   0.00288   0.02260   0.00499   0.00133   0.00105   0.01587   0.00199   0.02645   0.10913   0.11613   0.61930   0.19047   0.39846  
  9 1410913.9070  32889.178601  x:  0.00000   0.07511   0.08781   0.09505   0.03865   0.03720   0.10223   0.01062   0.08965   0.08905   0.01216   0.05299   0.04052   0.05905   0.06859   0.07565   0.03027   0.02730   0.02452   0.02367   0.06035   0.03386   0.08258   0.06238   0.01767   0.00124   0.10911   0.18477   0.11664   0.03017   0.01942   0.06762   0.07016   0.05365   0.01099   0.04292   0.02123   0.03280   0.05121   0.01781   0.00873   0.00242   0.03413   0.00788   0.04832   0.00979   0.00262   0.01698   0.01661   0.00119   0.00007   0.01299   0.00294   0.02173   0.00478   0.00138   0.00116   0.01500   0.00235   0.02581   0.10950   0.11650   0.62185   0.18726   0.39794  
 10 95719.5637  32531.876309  x:  0.00000   0.07780   0.09129   0.09851   0.03221   0.03623   0.10097   0.00722   0.09316   0.08912   0.00437   0.05131   0.03670   0.06057   0.06360   0.07527   0.02654   0.02413   0.02503   0.01864   0.05413   0.02811   0.08231   0.05891   0.01598   0.00622   0.11444   0.18232   0.11807   0.02131   0.01777   0.06317   0.06641   0.05506   0.00792   0.04373   0.01755   0.03284   0.04382   0.01772   0.00511   0.00305   0.03843   0.00690   0.05558   0.00067   0.00320   0.00619   0.00618   0.00171   0.00113   0.00637   0.00366   0.01074   0.00212   0.00216   0.00212   0.00391   0.00648   0.01775   0.11420   0.12114   0.65427   0.14642   0.39131  
 11 308209.4917  32408.116546  x:  0.00000   0.07878   0.09253   0.09975   0.02992   0.03594   0.10055   0.00625   0.09442   0.08916   0.00178   0.05074   0.03537   0.06113   0.06183   0.07516   0.02527   0.02309   0.02521   0.01699   0.05193   0.02609   0.08223   0.05769   0.01551   0.00680   0.11635   0.18145   0.11860   0.01816   0.01726   0.06160   0.06507   0.05555   0.00706   0.04403   0.01639   0.03286   0.04119   0.01772   0.00470   0.00322   0.03983   0.00657   0.05800   0.00274   0.00336   0.00262   0.00284   0.00184   0.00129   0.00458   0.00386   0.00696   0.00337   0.00234   0.00265   0.00041   0.00752   0.01501   0.11586   0.12281   0.66598   0.13119   0.38889  
 12 123476.5108  32323.262997  x:  0.00000   0.07954   0.09347   0.10070   0.02819   0.03576   0.10023   0.00565   0.09539   0.08920   0.00000   0.05033   0.03437   0.06155   0.06047   0.07509   0.02434   0.02236   0.02536   0.01583   0.05025   0.02457   0.08218   0.05675   0.01522   0.00693   0.11782   0.18077   0.11903   0.01576   0.01692   0.06041   0.06404   0.05592   0.00654   0.04426   0.01558   0.03288   0.03918   0.01775   0.00485   0.00334   0.04083   0.00633   0.05977   0.00338   0.00347   0.00050   0.00097   0.00192   0.00136   0.00374   0.00399   0.00424   0.00451   0.00245   0.00308   0.00199   0.00820   0.01301   0.11714   0.12410   0.67505   0.11914   0.38700  
 13 122062.5721  32323.262997  x:  0.00000   0.07954   0.09347   0.10070   0.02819   0.03576   0.10023   0.00565   0.09539   0.08920   0.00000   0.05033   0.03437   0.06155   0.06047   0.07509   0.02434   0.02236   0.02536   0.01583   0.05025   0.02457   0.08218   0.05675   0.01522   0.00693   0.11782   0.18077   0.11903   0.01576   0.01692   0.06041   0.06404   0.05592   0.00654   0.04426   0.01558   0.03288   0.03918   0.01775   0.00485   0.00334   0.04083   0.00633   0.05977   0.00338   0.00347   0.00050   0.00097   0.00192   0.00136   0.00374   0.00399   0.00424   0.00451   0.00245   0.00308   0.00199   0.00820   0.01301   0.11714   0.12410   0.67505   0.11914   0.38700  
 14 140911.4715  32001.198576  x:  0.00000   0.08005   0.09354   0.10088   0.02822   0.03713   0.10027   0.01082   0.09567   0.08957   0.01089   0.05093   0.03477   0.06179   0.06022   0.07546   0.02550   0.02440   0.02556   0.01902   0.05021   0.02494   0.08259   0.05686   0.01861   0.01130   0.11840   0.18001   0.11981   0.01552   0.01856   0.06055   0.06373   0.05578   0.01152   0.04446   0.01868   0.03308   0.03876   0.01866   0.01941   0.00657   0.03782   0.00705   0.05600   0.01474   0.00936   0.06215   0.04470   0.00497   0.00398   0.02069   0.00753   0.01115   0.01888   0.02166   0.01490   0.01427   0.01262   0.01619   0.11724   0.12480   0.68069   0.10092   0.38510  
 15 36678.1474  31653.215598  x:  0.00000   0.08113   0.09370   0.10136   0.02802   0.03919   0.10024   0.01552   0.09624   0.09014   0.01181   0.05155   0.03531   0.06249   0.05977   0.07627   0.02764   0.02783   0.02586   0.02353   0.05011   0.02573   0.08347   0.05713   0.02287   0.01425   0.11957   0.17844   0.12106   0.01475   0.02079   0.06069   0.06312   0.05545   0.01600   0.04473   0.02308   0.03337   0.03797   0.01977   0.02199   0.00616   0.03127   0.00039   0.04779   0.01496   0.00761   0.06202   0.04380   0.00206   0.00000   0.02172   0.00707   0.01167   0.02050   0.02155   0.01463   0.01180   0.01515   0.01930   0.11738   0.12635   0.69214   0.06183   0.38089  
 16 9198.0162  31632.224687  x:  0.00000   0.08119   0.09371   0.10139   0.02801   0.03931   0.10024   0.01579   0.09627   0.09017   0.01186   0.05159   0.03534   0.06253   0.05974   0.07632   0.02777   0.02803   0.02587   0.02379   0.05011   0.02577   0.08352   0.05715   0.02312   0.01443   0.11964   0.17835   0.12113   0.01470   0.02093   0.06070   0.06308   0.05543   0.01626   0.04474   0.02334   0.03339   0.03792   0.01984   0.02214   0.00614   0.03088   0.00000   0.04730   0.01497   0.00750   0.06200   0.04374   0.00189   0.00002   0.02178   0.00704   0.01170   0.02060   0.02154   0.01461   0.01165   0.01530   0.01948   0.11738   0.12644   0.69281   0.05954   0.38064  
 17 1008655.9453  31452.781822  x:  0.00000   0.08243   0.09412   0.10210   0.02800   0.04104   0.10035   0.01727   0.09696   0.09082   0.01220   0.05229   0.03592   0.06343   0.05953   0.07724   0.02935   0.03016   0.02603   0.02581   0.05008   0.02654   0.08455   0.05758   0.02481   0.01475   0.12101   0.17708   0.12256   0.01407   0.02230   0.06092   0.06257   0.05514   0.01776   0.04502   0.02536   0.03356   0.03728   0.02042   0.02355   0.00670   0.02495   0.00664   0.03919   0.01492   0.00749   0.06103   0.04263   0.01449   0.00001   0.02204   0.00717   0.01167   0.02115   0.02122   0.01439   0.01008   0.01569   0.02035   0.11747   0.12813   0.70357   0.02511   0.37622  
 18 30256.9941  31318.187464  x:  0.00000   0.08841   0.09695   0.10612   0.02875   0.04755   0.10176   0.01806   0.10066   0.09427   0.01337   0.05573   0.03863   0.06803   0.05968   0.08168   0.03444   0.03595   0.02666   0.02944   0.05051   0.02978   0.08956   0.06015   0.02730   0.01296   0.12776   0.17317   0.12939   0.01236   0.02618   0.06245   0.06085   0.05422   0.01928   0.04663   0.02908   0.03401   0.03524   0.02191   0.02790   0.00739   0.00285   0.01280   0.00517   0.01533   0.00953   0.05908   0.04115   0.01581   0.00002   0.02321   0.00834   0.01131   0.02231   0.02157   0.01526   0.00890   0.01449   0.01990   0.11769   0.13596   0.74506   0.02940   0.35698  
 19 3202.5037  31304.169602  x:  0.00000   0.08931   0.09738   0.10674   0.02879   0.04838   0.10195   0.01790   0.10122   0.09478   0.01338   0.05620   0.03895   0.06869   0.05966   0.08231   0.03497   0.03650   0.02667   0.02963   0.05052   0.03013   0.09029   0.06049   0.02740   0.01276   0.12881   0.17251   0.13045   0.01212   0.02654   0.06265   0.06062   0.05411   0.01922   0.04681   0.02929   0.03405   0.03502   0.02196   0.02828   0.00728   0.00501   0.01349   0.00123   0.01534   0.00952   0.05886   0.04101   0.01570   0.00002   0.02349   0.00833   0.01129   0.02240   0.02162   0.01534   0.00912   0.01437   0.01977   0.11772   0.13717   0.75200   0.02970   0.35360  
 20 7033.0548  31048.842959  x:  0.00000   0.12360   0.11372   0.13029   0.03001   0.07940   0.10925   0.01125   0.12264   0.11409   0.01326   0.07378   0.05071   0.09341   0.05876   0.10592   0.05409   0.05599   0.02636   0.03568   0.05034   0.04256   0.11831   0.07328   0.03017   0.00613   0.16910   0.14703   0.17123   0.00324   0.03894   0.06999   0.05204   0.04999   0.01592   0.05345   0.03580   0.03565   0.02710   0.02320   0.04197   0.00274   0.03127   0.03960   0.01658   0.01574   0.00880   0.05198   0.03533   0.01003   0.00009   0.03328   0.00685   0.01101   0.02510   0.02362   0.01788   0.01716   0.01076   0.01480   0.11899   0.18386   1.02216   0.04033   0.22074  
 21 8597.3251  30946.725196  x:  0.00000   0.13087   0.11602   0.13496   0.02607   0.07940   0.10922   0.00297   0.12673   0.11688   0.00483   0.07436   0.04717   0.09571   0.05506   0.10777   0.04695   0.04597   0.02252   0.02252   0.04656   0.03683   0.12257   0.07199   0.02116   0.03077   0.17998   0.13680   0.18223   0.01926   0.03117   0.06892   0.05493   0.05252   0.00651   0.05043   0.02227   0.03508   0.03588   0.01702   0.03407   0.02553   0.03241   0.04590   0.01737   0.01498   0.00943   0.05514   0.03666   0.00521   0.00011   0.03014   0.00801   0.01343   0.02072   0.02243   0.01479   0.01478   0.02074   0.02226   0.12004   0.19709   1.14181   0.04244   0.14992  
 22 7154.2789  30854.900943  x:  0.00000   0.12924   0.11366   0.13346   0.02060   0.07050   0.10746   0.01455   0.12579   0.11509   0.00000   0.07053   0.03961   0.09110   0.05147   0.10314   0.03309   0.02974   0.02259   0.01496   0.04381   0.02706   0.11933   0.06630   0.01335   0.02720   0.18169   0.13184   0.18416   0.02113   0.01910   0.06622   0.05975   0.05624   0.01552   0.04625   0.01376   0.03430   0.04201   0.01575   0.02198   0.01994   0.03066   0.04420   0.01651   0.01500   0.00889   0.06111   0.03945   0.00753   0.00011   0.02393   0.00420   0.01104   0.01916   0.02097   0.01211   0.01131   0.01604   0.02120   0.12169   0.19964   1.22084   0.04486   0.09509  
 23 6619.5641  30831.678085  x:  0.00000   0.12711   0.11177   0.13180   0.01867   0.06450   0.10609   0.01462   0.12425   0.11319   0.01064   0.06812   0.03549   0.08779   0.05008   0.09994   0.02593   0.02217   0.02303   0.01457   0.04312   0.02224   0.11660   0.06306   0.01318   0.02509   0.18123   0.13025   0.18385   0.02217   0.01352   0.06452   0.06230   0.05808   0.01535   0.04398   0.01315   0.03408   0.04483   0.01611   0.01639   0.01663   0.03005   0.04311   0.01619   0.01468   0.00878   0.06260   0.03956   0.00875   0.00010   0.02081   0.00676   0.01066   0.01842   0.01980   0.01127   0.01014   0.01466   0.02083   0.12259   0.19938   1.25620   0.04599   0.06996  
 24 11984.0319  30805.670265  x:  0.00000   0.12243   0.10846   0.12845   0.01861   0.05562   0.10388   0.00783   0.12087   0.10946   0.00558   0.06414   0.03103   0.08296   0.05001   0.09529   0.02076   0.01973   0.02393   0.01957   0.04429   0.01900   0.11183   0.05936   0.01868   0.02181   0.17814   0.13037   0.18061   0.02311   0.01113   0.06243   0.06495   0.05974   0.00987   0.04193   0.01857   0.03427   0.04681   0.01786   0.01577   0.01217   0.02945   0.04206   0.01588   0.01460   0.00944   0.06403   0.03917   0.01054   0.00010   0.01984   0.00735   0.01184   0.01890   0.01921   0.01260   0.01159   0.01559   0.02069   0.12375   0.19626   1.28475   0.04740   0.05238  
 25 4093.9347  30782.149125  x:  0.00000   0.11293   0.10248   0.12182   0.02233   0.04247   0.10072   0.00358   0.11459   0.10313   0.00620   0.05877   0.02703   0.07501   0.05251   0.08792   0.02322   0.02595   0.02354   0.01524   0.04754   0.01995   0.10314   0.05472   0.01473   0.01714   0.17089   0.13294   0.17300   0.02565   0.01814   0.06009   0.06802   0.06154   0.00880   0.04095   0.01411   0.03454   0.04772   0.01661   0.02035   0.00826   0.02889   0.04108   0.01563   0.01445   0.00921   0.06459   0.03678   0.01177   0.00010   0.02234   0.00753   0.01184   0.01919   0.01901   0.01236   0.01245   0.01655   0.02118   0.12605   0.18845   1.32112   0.04882   0.04852  
 26 2125.4613  30761.863768  x:  0.00000   0.10138   0.09593   0.11398   0.02547   0.03129   0.09794   0.01430   0.10775   0.09667   0.00756   0.05379   0.02561   0.06661   0.05550   0.07995   0.02632   0.02801   0.02326   0.01716   0.04979   0.02293   0.09330   0.05131   0.01772   0.01842   0.16171   0.13683   0.16316   0.02862   0.01998   0.05783   0.07050   0.06286   0.00691   0.04093   0.01623   0.03505   0.04825   0.01615   0.02144   0.01122   0.03041   0.04394   0.01631   0.01440   0.00985   0.06454   0.03352   0.01500   0.00010   0.02437   0.00776   0.01274   0.01833   0.01878   0.01224   0.01290   0.01746   0.02161   0.12865   0.17803   1.36362   0.05291   0.05483  
 27 3528.1971  30746.809163  x:  0.00000   0.09196   0.09169   0.10781   0.02577   0.03065   0.09632   0.00846   0.10180   0.09162   0.00788   0.05189   0.02852   0.06156   0.05702   0.07486   0.02683   0.02418   0.02333   0.01910   0.04922   0.02497   0.08636   0.05149   0.01792   0.02019   0.15313   0.14106   0.15378   0.02860   0.01571   0.05715   0.07078   0.06274   0.01405   0.04199   0.01831   0.03497   0.04724   0.01712   0.01875   0.01248   0.03083   0.04700   0.01648   0.01476   0.00955   0.06566   0.03219   0.01482   0.00011   0.02373   0.00616   0.01188   0.01889   0.01938   0.01277   0.01228   0.01567   0.02086   0.13039   0.16766   1.39742   0.05478   0.06621  
 28 2557.3916  30739.805657  x:  0.00000   0.08727   0.09034   0.10490   0.02530   0.03534   0.09612   0.00797   0.09910   0.08981   0.00682   0.05203   0.03096   0.06015   0.05699   0.07345   0.02544   0.02232   0.02344   0.01768   0.04806   0.02441   0.08374   0.05294   0.01677   0.01868   0.14747   0.14392   0.14768   0.02678   0.01298   0.05707   0.07004   0.06184   0.00863   0.04183   0.01665   0.03443   0.04595   0.01732   0.01787   0.01025   0.03020   0.04801   0.01618   0.01462   0.00923   0.06674   0.03230   0.01292   0.00011   0.02225   0.00851   0.01146   0.01946   0.01972   0.01277   0.01213   0.01503   0.02014   0.13060   0.16064   1.41294   0.05447   0.07192  
 29 1740.6137  30737.353400  x:  0.00000   0.08560   0.09062   0.10392   0.02459   0.03855   0.09636   0.00824   0.09819   0.08969   0.00747   0.05265   0.03158   0.06051   0.05612   0.07404   0.02318   0.02299   0.02352   0.01733   0.04719   0.02215   0.08351   0.05421   0.01768   0.01852   0.14316   0.14599   0.14324   0.02625   0.01568   0.05771   0.06920   0.06099   0.00845   0.04162   0.01651   0.03405   0.04569   0.01680   0.01793   0.00990   0.03027   0.04926   0.01618   0.01417   0.00972   0.06698   0.03257   0.01271   0.00012   0.02114   0.00597   0.01231   0.01847   0.01919   0.01252   0.01232   0.01685   0.02057   0.13001   0.15537   1.41806   0.05490   0.07202  
 30 704.6958  30736.202373  x:  0.00000   0.08508   0.09125   0.10359   0.02401   0.03966   0.09658   0.00855   0.09791   0.08996   0.00704   0.05298   0.03152   0.06128   0.05550   0.07502   0.02271   0.02373   0.02354   0.01766   0.04680   0.02110   0.08391   0.05496   0.01744   0.01881   0.13985   0.14748   0.13992   0.02599   0.01691   0.05821   0.06858   0.06048   0.00973   0.04144   0.01693   0.03397   0.04579   0.01671   0.01851   0.01045   0.03057   0.05009   0.01632   0.01415   0.00958   0.06681   0.03266   0.01260   0.00012   0.02112   0.00826   0.01227   0.01814   0.01882   0.01238   0.01215   0.01687   0.02092   0.12937   0.15128   1.42034   0.05522   0.07095  
 31 701.5260  30735.042533  x:  0.00000   0.08539   0.09252   0.10365   0.02361   0.03924   0.09690   0.00864   0.09803   0.09072   0.00733   0.05324   0.03105   0.06289   0.05505   0.07678   0.02430   0.02405   0.02347   0.01804   0.04671   0.02168   0.08508   0.05552   0.01672   0.01948   0.13556   0.14930   0.13582   0.02563   0.01633   0.05864   0.06784   0.06011   0.00924   0.04115   0.01713   0.03417   0.04610   0.01703   0.01876   0.01124   0.03061   0.05080   0.01635   0.01462   0.00917   0.06643   0.03274   0.01209   0.00012   0.02215   0.00715   0.01148   0.01880   0.01877   0.01257   0.01178   0.01532   0.02091   0.12833   0.14580   1.42224   0.05525   0.06904  
 32 525.5982  30734.736105  x:  0.00000   0.08613   0.09315   0.10399   0.02394   0.03849   0.09706   0.00860   0.09838   0.09120   0.00729   0.05330   0.03095   0.06368   0.05505   0.07735   0.02471   0.02357   0.02339   0.01748   0.04686   0.02259   0.08574   0.05540   0.01746   0.01934   0.13423   0.14983   0.13468   0.02555   0.01590   0.05870   0.06770   0.06020   0.00951   0.04130   0.01666   0.03430   0.04612   0.01693   0.01838   0.01086   0.03053   0.05095   0.01631   0.01445   0.00959   0.06621   0.03274   0.01191   0.00012   0.02224   0.00734   0.01207   0.01895   0.01904   0.01250   0.01223   0.01603   0.02066   0.12794   0.14404   1.42289   0.05517   0.06885  
 33 264.7232  30734.600506  x:  0.00000   0.08706   0.09360   0.10445   0.02442   0.03783   0.09722   0.00857   0.09885   0.09165   0.00728   0.05332   0.03096   0.06416   0.05506   0.07743   0.02415   0.02327   0.02344   0.01785   0.04707   0.02280   0.08622   0.05493   0.01687   0.01918   0.13363   0.15003   0.13436   0.02576   0.01603   0.05861   0.06781   0.06047   0.00938   0.04156   0.01689   0.03434   0.04612   0.01683   0.01829   0.01061   0.03048   0.05095   0.01629   0.01428   0.00940   0.06626   0.03291   0.01185   0.00012   0.02194   0.00734   0.01191   0.01860   0.01933   0.01252   0.01224   0.01640   0.02075   0.12770   0.14324   1.42338   0.05512   0.06933  
 34 125.2368  30734.507562  x:  0.00000   0.08790   0.09389   0.10488   0.02456   0.03749   0.09737   0.00845   0.09929   0.09201   0.00727   0.05330   0.03098   0.06438   0.05505   0.07727   0.02366   0.02343   0.02346   0.01757   0.04725   0.02238   0.08652   0.05437   0.01733   0.01920   0.13326   0.15012   0.13431   0.02594   0.01610   0.05845   0.06803   0.06075   0.00931   0.04170   0.01683   0.03427   0.04611   0.01689   0.01841   0.01060   0.03049   0.05079   0.01629   0.01447   0.00942   0.06629   0.03304   0.01189   0.00012   0.02173   0.00736   0.01184   0.01862   0.01927   0.01250   0.01193   0.01582   0.02078   0.12752   0.14276   1.42377   0.05510   0.06987  
 35 96.1004  30734.369205  x:  0.00000   0.08880   0.09399   0.10535   0.02400   0.03770   0.09757   0.00839   0.09981   0.09234   0.00732   0.05318   0.03094   0.06428   0.05512   0.07678   0.02397   0.02370   0.02356   0.01784   0.04735   0.02154   0.08665   0.05365   0.01705   0.01900   0.13283   0.15020   0.13451   0.02599   0.01581   0.05816   0.06845   0.06105   0.00934   0.04156   0.01673   0.03411   0.04610   0.01702   0.01838   0.01079   0.03047   0.05030   0.01629   0.01442   0.00957   0.06617   0.03306   0.01222   0.00012   0.02193   0.00732   0.01224   0.01908   0.01870   0.01254   0.01227   0.01606   0.02058   0.12727   0.14228   1.42415   0.05514   0.07033  
 36 57.3271  30734.015955  x:  0.00000   0.08994   0.09370   0.10597   0.02289   0.03868   0.09787   0.00823   0.10056   0.09261   0.00732   0.05283   0.03090   0.06378   0.05551   0.07567   0.02486   0.02321   0.02336   0.01731   0.04720   0.02166   0.08657   0.05311   0.01747   0.01891   0.13207   0.15035   0.13508   0.02597   0.01614   0.05776   0.06916   0.06127   0.00933   0.04109   0.01719   0.03403   0.04608   0.01682   0.01850   0.01077   0.03043   0.04918   0.01629   0.01420   0.00918   0.06610   0.03329   0.01307   0.00012   0.02234   0.00737   0.01110   0.01855   0.01865   0.01267   0.01252   0.01652   0.02073   0.12682   0.14152   1.42461   0.05527   0.07045  
 37 78.7507  30732.951343  x:  0.00000   0.09178   0.09246   0.10701   0.02183   0.04072   0.09835   0.00795   0.10189   0.09274   0.00723   0.05205   0.03109   0.06257   0.05645   0.07336   0.02531   0.02267   0.02315   0.01839   0.04667   0.02397   0.08610   0.05340   0.01730   0.01914   0.13043   0.15078   0.13672   0.02601   0.01743   0.05732   0.07026   0.06122   0.00917   0.04032   0.01666   0.03424   0.04600   0.01658   0.01840   0.01075   0.03052   0.04659   0.01633   0.01466   0.00978   0.06568   0.03374   0.01469   0.00011   0.02220   0.00747   0.01274   0.01778   0.01979   0.01228   0.01157   0.01546   0.02112   0.12582   0.13998   1.42557   0.05542   0.06996  
 38 170.4075  30728.966635  x:  0.00000   0.09438   0.08883   0.10864   0.02423   0.04244   0.09883   0.00849   0.10424   0.09206   0.00746   0.05101   0.03288   0.06034   0.05755   0.07026   0.02251   0.02630   0.02346   0.01665   0.04579   0.02700   0.08461   0.05715   0.01648   0.02052   0.12710   0.15196   0.14168   0.02615   0.01616   0.05781   0.07067   0.05983   0.00972   0.04100   0.01808   0.03515   0.04576   0.01828   0.01835   0.01168   0.03044   0.04130   0.01634   0.01441   0.00904   0.06388   0.03487   0.01747   0.00009   0.02010   0.00731   0.01220   0.02133   0.02124   0.01303   0.01265   0.01613   0.01984   0.12375   0.13673   1.42882   0.05541   0.06832  
 39 213.0955  30716.296562  x:  0.00000   0.09689   0.08220   0.11116   0.02939   0.03965   0.09864   0.00818   0.10763   0.08988   0.00726   0.05093   0.03713   0.05822   0.05746   0.07083   0.02249   0.02719   0.02510   0.02107   0.04481   0.02386   0.08191   0.06507   0.01872   0.01989   0.12203   0.15432   0.15301   0.02483   0.01403   0.06061   0.06828   0.05632   0.00980   0.04477   0.01278   0.03509   0.04476   0.01494   0.01846   0.01280   0.02952   0.03068   0.01604   0.01474   0.01053   0.06146   0.03928   0.02001   0.00006   0.02242   0.00745   0.00772   0.01962   0.01944   0.01251   0.01358   0.01670   0.01994   0.12038   0.13205   1.43973   0.05392   0.06782  
 40 482.1219  30694.077464  x:  0.00000   0.09854   0.07402   0.11437   0.03380   0.03348   0.09774   0.00781   0.11154   0.08659   0.00682   0.05163   0.04197   0.05703   0.05643   0.07546   0.02676   0.02288   0.02455   0.01667   0.04405   0.01657   0.07854   0.07475   0.01722   0.01749   0.11573   0.15780   0.17007   0.02229   0.01409   0.06487   0.06374   0.05201   0.00860   0.04988   0.01854   0.03444   0.04379   0.01470   0.01883   0.01320   0.02756   0.01426   0.01531   0.01461   0.00881   0.05814   0.04666   0.02225   0.00000   0.02629   0.00733   0.01400   0.01476   0.01587   0.01182   0.01213   0.01534   0.02174   0.11611   0.12659   1.46053   0.05086   0.06913  
 41 1916.0804  30694.077464  x:  0.00000   0.09854   0.07402   0.11437   0.03380   0.03348   0.09774   0.00781   0.11154   0.08659   0.00682   0.05163   0.04197   0.05703   0.05643   0.07546   0.02676   0.02288   0.02455   0.01667   0.04405   0.01657   0.07854   0.07475   0.01722   0.01749   0.11573   0.15780   0.17007   0.02229   0.01409   0.06487   0.06374   0.05201   0.00860   0.04988   0.01854   0.03444   0.04379   0.01470   0.01883   0.01320   0.02756   0.01426   0.01531   0.01461   0.00881   0.05814   0.04666   0.02225   0.00000   0.02629   0.00733   0.01400   0.01476   0.01587   0.01182   0.01213   0.01534   0.02174   0.11611   0.12659   1.46053   0.05086   0.06913  
 42 1098.3898  30684.804300  x:  0.00000   0.09854   0.07403   0.11437   0.03380   0.03349   0.09774   0.00783   0.11154   0.08659   0.00682   0.05163   0.04197   0.05703   0.05643   0.07546   0.02676   0.02289   0.02455   0.01669   0.04405   0.01658   0.07854   0.07475   0.01723   0.01749   0.11573   0.15780   0.17007   0.02229   0.01410   0.06487   0.06374   0.05201   0.00862   0.04988   0.01855   0.03444   0.04379   0.01471   0.01883   0.01318   0.02754   0.01423   0.01529   0.01461   0.00880   0.05811   0.04663   0.02222   0.00226   0.02628   0.00732   0.01400   0.01477   0.01587   0.01181   0.01212   0.01534   0.02174   0.11611   0.12660   1.46054   0.05079   0.06914  
 43 123163.5171  30534.940904  x:  0.00000   0.09790   0.07646   0.11380   0.03172   0.03718   0.09777   0.01513   0.11073   0.08765   0.00671   0.05228   0.04123   0.05877   0.05654   0.07647   0.02879   0.02824   0.02512   0.02481   0.04535   0.02101   0.08011   0.07263   0.02306   0.01575   0.11758   0.15677   0.16817   0.01877   0.01841   0.06428   0.06346   0.05296   0.01581   0.04899   0.02402   0.03476   0.04186   0.01872   0.02047   0.00610   0.01942   0.00322   0.00633   0.01325   0.00619   0.04785   0.03722   0.01129   0.00228   0.02302   0.00562   0.01135   0.01846   0.01463   0.01088   0.00804   0.01562   0.02246   0.11728   0.12856   1.46302   0.02493   0.07124  
 44 5939.9293  30508.380904  x:  0.00000   0.09772   0.07733   0.11365   0.03108   0.03829   0.09778   0.01640   0.11045   0.08798   0.00665   0.05252   0.04101   0.05939   0.05657   0.07682   0.02940   0.02956   0.02519   0.02635   0.04570   0.02215   0.08066   0.07191   0.02426   0.01523   0.11827   0.15646   0.16754   0.01759   0.01942   0.06406   0.06336   0.05325   0.01696   0.04861   0.02519   0.03482   0.04123   0.01948   0.02089   0.00497   0.01688   0.00000   0.00429   0.01304   0.00623   0.04413   0.03390   0.00761   0.00229   0.02211   0.00579   0.01092   0.01905   0.01436   0.01079   0.00749   0.01572   0.02261   0.11768   0.12926   1.46386   0.02707   0.07198  
 45 5527.6041  30482.675661  x:  0.00000   0.09743   0.07876   0.11338   0.03002   0.04009   0.09780   0.01841   0.10996   0.08853   0.00654   0.05292   0.04064   0.06039   0.05661   0.07739   0.03039   0.03168   0.02528   0.02882   0.04627   0.02400   0.08157   0.07072   0.02619   0.01441   0.11941   0.15593   0.16648   0.01566   0.02106   0.06369   0.06320   0.05374   0.01879   0.04798   0.02707   0.03492   0.04021   0.02069   0.02158   0.00343   0.01282   0.00130   0.00146   0.01272   0.00632   0.03797   0.02846   0.00168   0.00229   0.02065   0.00605   0.01028   0.01999   0.01393   0.01066   0.00668   0.01587   0.02285   0.11833   0.13043   1.46528   0.02991   0.07321  
 46 17662.6036  30468.625812  x:  0.00000   0.09719   0.07996   0.11315   0.02917   0.04151   0.09779   0.01975   0.10953   0.08896   0.00644   0.05324   0.04032   0.06121   0.05662   0.07785   0.03114   0.03322   0.02530   0.03048   0.04668   0.02536   0.08232   0.06970   0.02751   0.01380   0.12037   0.15548   0.16556   0.01410   0.02226   0.06336   0.06306   0.05412   0.01997   0.04742   0.02837   0.03499   0.03938   0.02146   0.02206   0.00376   0.00989   0.00154   0.00444   0.01257   0.00652   0.03269   0.02386   0.00044   0.00230   0.01964   0.00627   0.01001   0.02054   0.01364   0.01062   0.00652   0.01598   0.02300   0.11887   0.13140   1.46653   0.03105   0.07423  
 47 7644.2288  30447.978354  x:  0.00000   0.09671   0.08227   0.11270   0.02752   0.04426   0.09777   0.02235   0.10870   0.08979   0.00625   0.05387   0.03970   0.06279   0.05663   0.07875   0.03260   0.03620   0.02534   0.03373   0.04748   0.02799   0.08376   0.06774   0.03007   0.01264   0.12223   0.15459   0.16379   0.01110   0.02458   0.06272   0.06280   0.05487   0.02225   0.04634   0.03088   0.03512   0.03778   0.02297   0.02299   0.00397   0.00430   0.00217   0.00728   0.01227   0.00685   0.02251   0.01504   0.00234   0.00230   0.01770   0.00668   0.00946   0.02162   0.01309   0.01053   0.00616   0.01619   0.02329   0.11993   0.13329   1.46895   0.03349   0.07620  
 48 36232.2700  30434.620927  x:  0.00000   0.09630   0.08437   0.11223   0.02630   0.04632   0.09766   0.02290   0.10780   0.09043   0.00604   0.05441   0.03911   0.06412   0.05647   0.07945   0.03352   0.03770   0.02503   0.03466   0.04783   0.02940   0.08504   0.06584   0.03089   0.01230   0.12401   0.15368   0.16197   0.00916   0.02579   0.06201   0.06254   0.05546   0.02249   0.04520   0.03172   0.03515   0.03659   0.02312   0.02325   0.00690   0.00886   0.00219   0.00693   0.01258   0.00721   0.01306   0.00864   0.00242   0.00230   0.01773   0.00696   0.01016   0.02147   0.01308   0.01073   0.00818   0.01615   0.02331   0.12091   0.13505   1.47158   0.03369   0.07794  
 49 3667.3034  30429.283490  x:  0.00000   0.09594   0.08646   0.11166   0.02561   0.04781   0.09742   0.02152   0.10672   0.09096   0.00591   0.05494   0.03850   0.06531   0.05608   0.08000   0.03389   0.03778   0.02445   0.03347   0.04774   0.02966   0.08627   0.06385   0.03008   0.01281   0.12590   0.15262   0.15986   0.00892   0.02605   0.06120   0.06225   0.05591   0.02083   0.04397   0.03103   0.03510   0.03587   0.02205   0.02280   0.00559   0.00819   0.00216   0.00692   0.01310   0.00719   0.00732   0.01058   0.00236   0.00230   0.01886   0.00632   0.01093   0.02030   0.01344   0.01098   0.00826   0.01590   0.02313   0.12192   0.13691   1.47489   0.03322   0.07957  
 50 1312.6780  30419.364905  x:  0.00000   0.09444   0.09493   0.10925   0.02307   0.05381   0.09651   0.01758   0.10234   0.09326   0.00572   0.05717   0.03602   0.07009   0.05449   0.08225   0.03529   0.03860   0.02300   0.03033   0.04752   0.03098   0.09131   0.05584   0.02793   0.01357   0.13375   0.14809   0.15088   0.00835   0.02762   0.05819   0.06107   0.05767   0.01622   0.03955   0.02941   0.03501   0.03337   0.01936   0.02196   0.00593   0.00663   0.00203   0.00623   0.01333   0.00677   0.01028   0.00846   0.00214   0.00230   0.02060   0.00725   0.01129   0.01753   0.01405   0.01106   0.00761   0.01543   0.02270   0.12615   0.14470   1.48956   0.03192   0.08604  
 51 1215.7197  30415.112272  x:  0.00238   0.09374   0.09895   0.10787   0.02274   0.05627   0.09607   0.01773   0.10020   0.09452   0.00605   0.05833   0.03488   0.07224   0.05363   0.08323   0.03550   0.03896   0.02358   0.03067   0.04744   0.03146   0.09380   0.05250   0.02813   0.01308   0.13788   0.14549   0.14577   0.00913   0.02858   0.05725   0.06049   0.05832   0.01723   0.03871   0.02985   0.03508   0.03330   0.02034   0.02222   0.00471   0.00906   0.00215   0.00709   0.01253   0.00713   0.01157   0.01134   0.00245   0.00230   0.01935   0.00627   0.01000   0.01926   0.01364   0.01069   0.00769   0.01585   0.02281   0.12837   0.14884   1.49936   0.03276   0.08872  
 52 1479.8107  30412.062398  x:  0.00276   0.09325   0.10126   0.10658   0.02375   0.05623   0.09564   0.01810   0.09870   0.09535   0.00630   0.05904   0.03424   0.07312   0.05278   0.08345   0.03437   0.03748   0.02476   0.03067   0.04698   0.03024   0.09534   0.05165   0.02800   0.01319   0.14111   0.14299   0.14103   0.00775   0.02759   0.05737   0.06014   0.05821   0.01888   0.03993   0.02979   0.03512   0.03520   0.02170   0.02255   0.00842   0.00785   0.00206   0.00629   0.01275   0.00693   0.01153   0.01366   0.00228   0.00230   0.01826   0.00663   0.01107   0.02088   0.01338   0.01085   0.00824   0.01617   0.02296   0.12995   0.15202   1.51145   0.03275   0.08953  
 53 1053.2652  30405.155309  x:  0.00277   0.09248   0.10396   0.10401   0.02697   0.05311   0.09478   0.01848   0.09634   0.09647   0.00655   0.06002   0.03358   0.07344   0.05134   0.08313   0.03104   0.03293   0.02650   0.02980   0.04597   0.02623   0.09733   0.05304   0.02726   0.01386   0.14688   0.13783   0.13140   0.00355   0.02352   0.05871   0.05983   0.05705   0.02085   0.04385   0.02875   0.03497   0.03965   0.02308   0.02246   0.00520   0.00834   0.00210   0.00678   0.01370   0.00703   0.01137   0.01106   0.00234   0.00230   0.01815   0.00653   0.01118   0.02162   0.01348   0.01114   0.00780   0.01584   0.02309   0.13238   0.15764   1.54200   0.03291   0.08896  
 54 1602.6358  30401.027707  x:  0.00828   0.09233   0.10404   0.10275   0.02907   0.04980   0.09447   0.01906   0.09561   0.09673   0.00693   0.06035   0.03378   0.07272   0.05127   0.08265   0.02986   0.03149   0.02632   0.02979   0.04609   0.02460   0.09758   0.05559   0.02740   0.01349   0.14964   0.13491   0.12615   0.00548   0.02175   0.06002   0.06011   0.05593   0.02090   0.04589   0.02828   0.03470   0.04074   0.02269   0.02232   0.00545   0.00739   0.00208   0.00651   0.01294   0.00684   0.01051   0.00907   0.00223   0.00230   0.01915   0.00660   0.01018   0.02021   0.01355   0.01082   0.00757   0.01562   0.02293   0.13311   0.16040   1.56626   0.03284   0.08731  
 55 2090.3668  30389.398873  x:  0.01118   0.09204   0.10226   0.10139   0.02923   0.04411   0.09447   0.02062   0.09547   0.09666   0.00733   0.06061   0.03461   0.07072   0.05288   0.08198   0.03133   0.03418   0.02383   0.03167   0.04803   0.02582   0.09663   0.06047   0.02930   0.01192   0.15300   0.13083   0.11933   0.00000   0.02101   0.06200   0.06113   0.05438   0.01879   0.04665   0.02915   0.03421   0.03783   0.02034   0.02220   0.00599   0.00770   0.00208   0.00653   0.01124   0.00722   0.01109   0.01101   0.00226   0.00230   0.02033   0.00693   0.00941   0.01723   0.01340   0.01028   0.00790   0.01573   0.02255   0.13308   0.16378   1.61710   0.03325   0.08386  
 56 2323.0687  30380.293176  x:  0.01738   0.09230   0.09839   0.10116   0.02842   0.04034   0.09511   0.02004   0.09630   0.09581   0.00826   0.06064   0.03556   0.06768   0.05482   0.08098   0.03354   0.03669   0.02278   0.03168   0.04909   0.02746   0.09391   0.06406   0.02923   0.01425   0.15450   0.12822   0.11602   0.00000   0.02266   0.06317   0.06221   0.05374   0.01627   0.04520   0.02939   0.03435   0.03420   0.01964   0.02209   0.00524   0.00799   0.00211   0.00669   0.01623   0.00569   0.01218   0.01099   0.00230   0.00230   0.01888   0.00497   0.01416   0.02094   0.01376   0.01200   0.00737   0.01585   0.02280   0.13175   0.16542   1.68310   0.03380   0.08089  
 57 3933.3766  30368.873522  x:  0.02076   0.09301   0.09256   0.10248   0.02587   0.04125   0.09649   0.01660   0.09810   0.09410   0.00846   0.06038   0.03610   0.06382   0.05614   0.07957   0.03497   0.03678   0.02479   0.02873   0.04784   0.02818   0.08919   0.06421   0.02562   0.01591   0.15338   0.12787   0.11811   0.00000   0.02491   0.06255   0.06271   0.05480   0.01524   0.04138   0.02840   0.03536   0.03277   0.02154   0.02216   0.00449   0.00763   0.00203   0.00644   0.01652   0.01098   0.01124   0.01111   0.00223   0.00230   0.01666   0.01173   0.01157   0.02552   0.01395   0.01103   0.00764   0.01577   0.02331   0.12897   0.16449   1.77523   0.03313   0.08015  
 58 4188.9892  30349.145013  x:  0.01987   0.09405   0.08551   0.10518   0.02208   0.04666   0.09843   0.01321   0.10073   0.09183   0.00742   0.05980   0.03619   0.05978   0.05659   0.07796   0.03518   0.03503   0.02774   0.02521   0.04490   0.02826   0.08314   0.06094   0.02160   0.01525   0.14981   0.12965   0.12513   0.00000   0.02679   0.06024   0.06240   0.05718   0.01674   0.03643   0.02714   0.03654   0.03396   0.02407   0.02180   0.00633   0.00715   0.00203   0.00621   0.01189   0.00591   0.01034   0.01014   0.00214   0.00230   0.01789   0.00701   0.00584   0.02704   0.01338   0.00961   0.00700   0.01542   0.02340   0.12504   0.16105   1.90314   0.03429   0.08222  
 59 7907.6677  30336.229191  x:  0.01750   0.09492   0.08197   0.10779   0.02057   0.05333   0.09962   0.01429   0.10269   0.09049   0.00605   0.05915   0.03586   0.05861   0.05574   0.07730   0.03388   0.03322   0.02875   0.02544   0.04275   0.02796   0.07995   0.05619   0.02282   0.01243   0.14537   0.13293   0.13353   0.00000   0.02722   0.05756   0.06128   0.05915   0.01971   0.03457   0.02715   0.03665   0.03655   0.02509   0.02149   0.00507   0.00694   0.00207   0.00638   0.00843   0.00798   0.01103   0.00942   0.00216   0.00230   0.01999   0.00482   0.01299   0.02344   0.01271   0.00936   0.00822   0.01539   0.02299   0.12235   0.15659   2.00092   0.03511   0.08642  
 60 8162.3172  30325.362795  x:  0.01363   0.09558   0.08118   0.11012   0.02110   0.05941   0.09999   0.01705   0.10397   0.08977   0.00521   0.05842   0.03542   0.05964   0.05422   0.07739   0.03209   0.03216   0.02783   0.02776   0.04192   0.02766   0.07926   0.05154   0.02665   0.01176   0.14047   0.13703   0.14226   0.00000   0.02664   0.05510   0.05980   0.06034   0.02195   0.03539   0.02784   0.03586   0.03879   0.02426   0.02175   0.00479   0.00784   0.00217   0.00682   0.01508   0.00600   0.01120   0.01032   0.00232   0.00230   0.02070   0.00764   0.01287   0.01819   0.01291   0.01125   0.00719   0.01539   0.02261   0.12068   0.15150   2.08114   0.03618   0.09148  
 61 7661.2399  30320.426819  x:  0.01059   0.09572   0.08326   0.11102   0.02323   0.06089   0.09910   0.01744   0.10388   0.08973   0.00579   0.05784   0.03523   0.06217   0.05305   0.07814   0.03128   0.03242   0.02569   0.02876   0.04304   0.02739   0.08145   0.05038   0.02789   0.01501   0.13720   0.14006   0.14727   0.00000   0.02555   0.05448   0.05895   0.05987   0.02065   0.03803   0.02790   0.03475   0.03866   0.02202   0.02189   0.00551   0.00738   0.00214   0.00657   0.01573   0.00867   0.01119   0.00983   0.00226   0.00230   0.01860   0.00497   0.01122   0.01892   0.01381   0.01154   0.00815   0.01554   0.02250   0.12069   0.14795   2.11485   0.03622   0.09457  
 62 2814.7415  30317.121798  x:  0.00891   0.09565   0.08615   0.11147   0.02521   0.06084   0.09776   0.01713   0.10338   0.08988   0.00599   0.05721   0.03510   0.06511   0.05206   0.07909   0.03094   0.03296   0.02412   0.02918   0.04445   0.02719   0.08445   0.05043   0.02755   0.01583   0.13415   0.14298   0.15143   0.00000   0.02477   0.05461   0.05843   0.05889   0.01904   0.04072   0.02797   0.03392   0.03796   0.02057   0.02192   0.00506   0.00775   0.00216   0.00675   0.01340   0.00635   0.01073   0.00963   0.00230   0.00230   0.01707   0.00673   0.01217   0.02142   0.01387   0.01090   0.00764   0.01553   0.02258   0.12117   0.14467   2.13754   0.03638   0.09709  
 63 2422.0471  30315.154729  x:  0.00975   0.09528   0.08948   0.11134   0.02585   0.05914   0.09599   0.01655   0.10248   0.09024   0.00512   0.05647   0.03497   0.06813   0.05142   0.08016   0.03120   0.03336   0.02474   0.02892   0.04545   0.02710   0.08782   0.05160   0.02576   0.01288   0.13123   0.14587   0.15478   0.00000   0.02496   0.05562   0.05846   0.05758   0.01844   0.04239   0.02817   0.03401   0.03705   0.02153   0.02190   0.00532   0.00771   0.00215   0.00668   0.01422   0.00717   0.01079   0.00964   0.00228   0.00230   0.01864   0.00626   0.01198   0.02224   0.01299   0.01116   0.00675   0.01542   0.02279   0.12206   0.14165   2.15249   0.03630   0.09890  
 64 1003.3286  30314.637865  x:  0.01058   0.09500   0.09075   0.11107   0.02555   0.05816   0.09528   0.01659   0.10204   0.09045   0.00516   0.05622   0.03491   0.06915   0.05130   0.08052   0.03134   0.03328   0.02532   0.02868   0.04549   0.02701   0.08899   0.05210   0.02568   0.01308   0.13015   0.14700   0.15589   0.00000   0.02530   0.05612   0.05864   0.05714   0.01868   0.04240   0.02815   0.03429   0.03689   0.02210   0.02191   0.00498   0.00744   0.00214   0.00666   0.01430   0.00678   0.01098   0.00974   0.00227   0.00230   0.01882   0.00638   0.01184   0.02159   0.01314   0.01113   0.00838   0.01550   0.02275   0.12247   0.14058   2.15700   0.03628   0.09937  
 65 705.1042  30314.246534  x:  0.01145   0.09458   0.09191   0.11057   0.02482   0.05698   0.09461   0.01690   0.10152   0.09074   0.00549   0.05600   0.03483   0.06995   0.05129   0.08080   0.03142   0.03296   0.02588   0.02836   0.04520   0.02683   0.08992   0.05249   0.02614   0.01420   0.12915   0.14811   0.15678   0.00000   0.02568   0.05661   0.05893   0.05684   0.01914   0.04180   0.02801   0.03466   0.03696   0.02247   0.02187   0.00512   0.00765   0.00215   0.00669   0.01388   0.00684   0.01100   0.00989   0.00228   0.00230   0.01856   0.00641   0.01195   0.02051   0.01348   0.01096   0.00756   0.01541   0.02264   0.12294   0.13963   2.16050   0.03635   0.09958  
 66 486.4504  30314.145551  x:  0.01151   0.09417   0.09237   0.10994   0.02430   0.05621   0.09435   0.01718   0.10112   0.09097   0.00549   0.05588   0.03476   0.07005   0.05138   0.08080   0.03125   0.03265   0.02560   0.02827   0.04477   0.02661   0.09002   0.05233   0.02641   0.01375   0.12873   0.14873   0.15695   0.00000   0.02563   0.05666   0.05913   0.05693   0.01916   0.04088   0.02778   0.03466   0.03728   0.02192   0.02183   0.00512   0.00763   0.00214   0.00667   0.01390   0.00686   0.01095   0.00985   0.00227   0.00230   0.01807   0.00638   0.01188   0.02073   0.01329   0.01115   0.00759   0.01556   0.02258   0.12326   0.13930   2.16124   0.03633   0.09936  
 67 115.9185  30314.117798  x:  0.01140   0.09390   0.09255   0.10947   0.02432   0.05593   0.09429   0.01726   0.10086   0.09111   0.00550   0.05584   0.03472   0.07000   0.05147   0.08076   0.03121   0.03269   0.02549   0.02842   0.04466   0.02658   0.08992   0.05213   0.02642   0.01385   0.12856   0.14911   0.15693   0.00000   0.02561   0.05658   0.05918   0.05708   0.01918   0.04055   0.02789   0.03458   0.03738   0.02194   0.02190   0.00513   0.00761   0.00215   0.00668   0.01397   0.00687   0.01095   0.00984   0.00228   0.00230   0.01844   0.00639   0.01189   0.02097   0.01342   0.01088   0.00762   0.01543   0.02263   0.12348   0.13920   2.16138   0.03637   0.09913  
 68 64.7979  30314.104003  x:  0.01131   0.09369   0.09265   0.10904   0.02450   0.05583   0.09430   0.01720   0.10063   0.09122   0.00550   0.05581   0.03470   0.06991   0.05155   0.08071   0.03122   0.03280   0.02552   0.02849   0.04466   0.02662   0.08976   0.05197   0.02629   0.01392   0.12845   0.14947   0.15688   0.00000   0.02563   0.05648   0.05916   0.05721   0.01917   0.04049   0.02799   0.03453   0.03737   0.02209   0.02189   0.00512   0.00761   0.00215   0.00668   0.01390   0.00687   0.01095   0.00982   0.00228   0.00230   0.01845   0.00641   0.01189   0.02091   0.01339   0.01115   0.00761   0.01546   0.02268   0.12366   0.13916   2.16143   0.03637   0.09889  
 69 48.8340  30314.098124  x:  0.01129   0.09358   0.09269   0.10878   0.02461   0.05585   0.09434   0.01715   0.10051   0.09127   0.00548   0.05581   0.03470   0.06984   0.05158   0.08068   0.03125   0.03284   0.02556   0.02845   0.04469   0.02666   0.08965   0.05192   0.02624   0.01388   0.12840   0.14971   0.15684   0.00000   0.02565   0.05641   0.05913   0.05726   0.01917   0.04056   0.02798   0.03453   0.03734   0.02212   0.02185   0.00512   0.00762   0.00215   0.00668   0.01395   0.00686   0.01094   0.00982   0.00228   0.00230   0.01831   0.00638   0.01192   0.02081   0.01335   0.01100   0.00761   0.01549   0.02265   0.12377   0.13915   2.16147   0.03637   0.09875  
 70 38.9179  30314.095035  x:  0.01133   0.09353   0.09271   0.10860   0.02460   0.05599   0.09441   0.01717   0.10045   0.09131   0.00547   0.05581   0.03471   0.06979   0.05157   0.08065   0.03126   0.03280   0.02559   0.02837   0.04473   0.02670   0.08958   0.05195   0.02633   0.01385   0.12838   0.14995   0.15679   0.00000   0.02569   0.05639   0.05909   0.05726   0.01918   0.04071   0.02790   0.03458   0.03729   0.02204   0.02188   0.00512   0.00762   0.00215   0.00668   0.01393   0.00686   0.01095   0.00982   0.00228   0.00230   0.01835   0.00639   0.01190   0.02085   0.01341   0.01103   0.00761   0.01546   0.02263   0.12385   0.13916   2.16153   0.03637   0.09867  
 71 17.7634  30314.094035  x:  0.01135   0.09353   0.09271   0.10855   0.02454   0.05606   0.09445   0.01718   0.10044   0.09132   0.00548   0.05580   0.03471   0.06977   0.05154   0.08065   0.03126   0.03278   0.02557   0.02839   0.04473   0.02669   0.08956   0.05200   0.02633   0.01388   0.12839   0.15007   0.15676   0.00000   0.02568   0.05640   0.05908   0.05723   0.01916   0.04073   0.02791   0.03459   0.03730   0.02203   0.02187   0.00512   0.00762   0.00215   0.00668   0.01393   0.00687   0.01095   0.00983   0.00228   0.00230   0.01838   0.00640   0.01190   0.02085   0.01333   0.01102   0.00761   0.01549   0.02264   0.12386   0.13918   2.16155   0.03637   0.09865  
 72  9.6983  30314.092835  x:  0.01136   0.09356   0.09272   0.10852   0.02447   0.05615   0.09449   0.01717   0.10046   0.09131   0.00548   0.05578   0.03471   0.06975   0.05151   0.08065   0.03124   0.03276   0.02553   0.02845   0.04474   0.02666   0.08956   0.05208   0.02629   0.01387   0.12843   0.15025   0.15670   0.00000   0.02565   0.05644   0.05909   0.05718   0.01912   0.04071   0.02795   0.03457   0.03732   0.02207   0.02187   0.00512   0.00762   0.00215   0.00668   0.01394   0.00686   0.01095   0.00983   0.00228   0.00230   0.01834   0.00639   0.01191   0.02084   0.01339   0.01103   0.00761   0.01547   0.02266   0.12387   0.13921   2.16157   0.03637   0.09864  
 73  9.5527  30314.089880  x:  0.01130   0.09371   0.09271   0.10857   0.02456   0.05617   0.09451   0.01713   0.10054   0.09126   0.00547   0.05570   0.03466   0.06977   0.05151   0.08068   0.03127   0.03284   0.02557   0.02839   0.04472   0.02663   0.08960   0.05212   0.02632   0.01387   0.12855   0.15065   0.15652   0.00000   0.02564   0.05654   0.05914   0.05715   0.01920   0.04060   0.02794   0.03452   0.03733   0.02205   0.02186   0.00512   0.00762   0.00215   0.00668   0.01395   0.00687   0.01095   0.00982   0.00228   0.00230   0.01836   0.00639   0.01191   0.02085   0.01338   0.01103   0.00761   0.01548   0.02256   0.12383   0.13929   2.16159   0.03637   0.09868  
 74  6.1862  30314.085280  x:  0.01129   0.09385   0.09266   0.10870   0.02463   0.05604   0.09448   0.01720   0.10065   0.09120   0.00554   0.05563   0.03463   0.06980   0.05158   0.08070   0.03127   0.03281   0.02558   0.02835   0.04469   0.02667   0.08963   0.05202   0.02633   0.01385   0.12867   0.15105   0.15634   0.00000   0.02566   0.05651   0.05915   0.05720   0.01918   0.04061   0.02789   0.03460   0.03730   0.02205   0.02187   0.00512   0.00762   0.00215   0.00668   0.01394   0.00686   0.01094   0.00982   0.00228   0.00230   0.01835   0.00639   0.01191   0.02083   0.01337   0.01102   0.00761   0.01546   0.02280   0.12376   0.13936   2.16167   0.03636   0.09874  
 75  9.7611  30314.075863  x:  0.01135   0.09393   0.09257   0.10890   0.02452   0.05577   0.09437   0.01725   0.10076   0.09115   0.00538   0.05558   0.03459   0.06983   0.05166   0.08069   0.03122   0.03269   0.02555   0.02845   0.04470   0.02671   0.08963   0.05181   0.02629   0.01390   0.12879   0.15146   0.15611   0.00000   0.02565   0.05633   0.05908   0.05731   0.01909   0.04078   0.02791   0.03469   0.03726   0.02210   0.02190   0.00512   0.00762   0.00214   0.00668   0.01392   0.00686   0.01094   0.00983   0.00228   0.00230   0.01835   0.00639   0.01189   0.02085   0.01337   0.01103   0.00761   0.01549   0.02260   0.12366   0.13941   2.16184   0.03636   0.09881  
 76 14.2166  30314.058925  x:  0.01141   0.09387   0.09247   0.10911   0.02438   0.05560   0.09424   0.01717   0.10075   0.09115   0.00582   0.05566   0.03460   0.06982   0.05166   0.08065   0.03120   0.03270   0.02554   0.02851   0.04478   0.02665   0.08961   0.05171   0.02626   0.01381   0.12884   0.15172   0.15593   0.00000   0.02566   0.05614   0.05897   0.05739   0.01912   0.04093   0.02797   0.03459   0.03730   0.02206   0.02185   0.00512   0.00761   0.00214   0.00667   0.01392   0.00687   0.01094   0.00982   0.00228   0.00230   0.01838   0.00640   0.01189   0.02085   0.01337   0.01104   0.00761   0.01543   0.02240   0.12358   0.13941   2.16217   0.03636   0.09888  
 77 17.3540  30313.909479  x:  0.01170   0.09284   0.09194   0.11014   0.02400   0.05525   0.09357   0.01668   0.10027   0.09139   0.00539   0.05615   0.03454   0.06974   0.05130   0.08034   0.03134   0.03325   0.02560   0.02826   0.04531   0.02623   0.08949   0.05196   0.02649   0.01386   0.12880   0.15229   0.15497   0.00000   0.02560   0.05551   0.05843   0.05750   0.01958   0.04107   0.02817   0.03360   0.03770   0.02166   0.02159   0.00513   0.00764   0.00214   0.00666   0.01390   0.00688   0.01095   0.00986   0.00228   0.00230   0.01838   0.00641   0.01187   0.02078   0.01346   0.01099   0.00761   0.01555   0.02304   0.12332   0.13923   2.16477   0.03637   0.09925  
 78 30.2405  30313.056107  x:  0.01145   0.08843   0.09054   0.11356   0.02576   0.05579   0.09192   0.01830   0.09803   0.09284   0.00546   0.05783   0.03419   0.06956   0.05041   0.07945   0.03175   0.03324   0.02533   0.02771   0.04538   0.02655   0.08925   0.05390   0.02611   0.01390   0.12836   0.15292   0.15107   0.00000   0.02522   0.05531   0.05797   0.05714   0.01838   0.03963   0.02773   0.03437   0.03759   0.02205   0.02275   0.00520   0.00778   0.00213   0.00660   0.01383   0.00684   0.01092   0.01005   0.00229   0.00230   0.01832   0.00633   0.01180   0.02049   0.01294   0.01101   0.00770   0.01493   0.02239   0.12271   0.13845   2.17899   0.03645   0.10039  
 79 120.2483  30311.792119  x:  0.01051   0.08582   0.09026   0.11543   0.02626   0.05576   0.09145   0.01711   0.09625   0.09370   0.00600   0.05813   0.03386   0.06945   0.05082   0.07930   0.03163   0.03221   0.02506   0.02892   0.04435   0.02744   0.08904   0.05438   0.02606   0.01355   0.12805   0.15217   0.14710   0.00000   0.02523   0.05708   0.05915   0.05659   0.01862   0.03987   0.02750   0.03579   0.03616   0.02160   0.02092   0.00533   0.00796   0.00212   0.00651   0.01379   0.00681   0.01084   0.01011   0.00230   0.00230   0.01898   0.00634   0.01175   0.02044   0.01468   0.01093   0.00752   0.01773   0.02246   0.12279   0.13810   2.20009   0.03658   0.10069  
 80 390.7943  30308.889101  x:  0.00959   0.08486   0.09123   0.11596   0.02533   0.05454   0.09235   0.01460   0.09474   0.09422   0.00560   0.05691   0.03372   0.06924   0.05258   0.07991   0.03135   0.03165   0.02439   0.02993   0.04315   0.02798   0.08871   0.05330   0.02648   0.01378   0.12794   0.14929   0.14087   0.00000   0.02499   0.06042   0.06177   0.05566   0.01913   0.04186   0.02764   0.03609   0.03446   0.02019   0.01936   0.00557   0.00833   0.00207   0.00628   0.01362   0.00676   0.01077   0.01061   0.00233   0.00230   0.01881   0.00624   0.01155   0.01969   0.01282   0.01111   0.00805   0.01360   0.02267   0.12369   0.13832   2.24646   0.03680   0.09994  
 81 1078.4354  30303.612455  x:  0.00994   0.08838   0.09414   0.11265   0.02404   0.05124   0.09569   0.01604   0.09519   0.09394   0.00677   0.05430   0.03474   0.06890   0.05498   0.08136   0.03147   0.03420   0.02319   0.02688   0.04447   0.02618   0.08859   0.05089   0.02589   0.01335   0.12910   0.14302   0.13270   0.00000   0.02324   0.06251   0.06375   0.05465   0.01603   0.04420   0.02758   0.03269   0.03558   0.01919   0.02450   0.00574   0.00916   0.00198   0.00584   0.01295   0.00657   0.01053   0.01138   0.00236   0.00230   0.01959   0.00592   0.01119   0.01767   0.01304   0.01071   0.00798   0.01597   0.02244   0.12569   0.14030   2.33677   0.03697   0.09731  
 82 2054.9543  30300.887526  x:  0.01018   0.09224   0.09543   0.10808   0.02573   0.04865   0.09636   0.01796   0.09705   0.09299   0.00662   0.05497   0.03576   0.06918   0.05386   0.08134   0.03163   0.03460   0.02338   0.02750   0.04680   0.02559   0.08984   0.05325   0.02604   0.01310   0.13180   0.14014   0.13168   0.00000   0.02261   0.05905   0.06072   0.05500   0.01425   0.04191   0.02672   0.03334   0.03645   0.01887   0.01948   0.00613   0.00950   0.00194   0.00563   0.01252   0.00656   0.01050   0.01189   0.00239   0.00229   0.02009   0.00600   0.01067   0.01745   0.01365   0.01075   0.00820   0.01551   0.02202   0.12646   0.14327   2.38199   0.03721   0.09609  
 83 1284.0294  30300.028114  x:  0.00937   0.09348   0.09549   0.10557   0.02603   0.04707   0.09540   0.01632   0.09779   0.09234   0.00656   0.05631   0.03571   0.06938   0.05268   0.08084   0.03163   0.03342   0.02232   0.02784   0.04701   0.02612   0.09079   0.05546   0.02590   0.01307   0.13394   0.13945   0.13267   0.00000   0.02288   0.05729   0.05900   0.05532   0.01572   0.04096   0.02679   0.03420   0.03523   0.01846   0.02135   0.00614   0.00965   0.00193   0.00557   0.01258   0.00652   0.01046   0.01199   0.00240   0.00229   0.02012   0.00591   0.01078   0.01696   0.01339   0.01070   0.00822   0.01564   0.02219   0.12659   0.14534   2.39601   0.03726   0.09589  
 84 612.8526  30299.848093  x:  0.00899   0.09311   0.09501   0.10459   0.02573   0.04666   0.09415   0.01650   0.09792   0.09221   0.00652   0.05722   0.03496   0.06926   0.05237   0.08036   0.03186   0.03334   0.02310   0.02753   0.04619   0.02629   0.09102   0.05576   0.02638   0.01298   0.13543   0.13957   0.13409   0.00000   0.02282   0.05766   0.05948   0.05543   0.01492   0.04148   0.02719   0.03357   0.03482   0.01860   0.02134   0.00615   0.00968   0.00193   0.00556   0.01258   0.00648   0.01043   0.01198   0.00240   0.00229   0.02013   0.00586   0.01077   0.01702   0.01338   0.01071   0.00823   0.01564   0.02218   0.12641   0.14663   2.39871   0.03725   0.09608  
 85 126.7032  30299.763123  x:  0.00905   0.09289   0.09480   0.10430   0.02575   0.04659   0.09367   0.01665   0.09793   0.09219   0.00648   0.05748   0.03468   0.06918   0.05234   0.08019   0.03194   0.03348   0.02295   0.02748   0.04600   0.02632   0.09105   0.05573   0.02626   0.01299   0.13603   0.13966   0.13473   0.00119   0.02279   0.05792   0.05973   0.05542   0.01491   0.04170   0.02717   0.03351   0.03487   0.01855   0.02127   0.00615   0.00969   0.00193   0.00555   0.01257   0.00649   0.01044   0.01200   0.00240   0.00229   0.02014   0.00587   0.01076   0.01700   0.01339   0.01071   0.00823   0.01563   0.02216   0.12632   0.14713   2.39965   0.03725   0.09615  
 86 177.2184  30299.731444  x:  0.00878   0.09262   0.09475   0.10419   0.02540   0.04649   0.09333   0.01690   0.09787   0.09223   0.00647   0.05756   0.03459   0.06912   0.05247   0.08014   0.03213   0.03379   0.02281   0.02732   0.04628   0.02625   0.09107   0.05569   0.02597   0.01307   0.13655   0.13972   0.13519   0.00129   0.02287   0.05815   0.05986   0.05526   0.01510   0.04190   0.02687   0.03379   0.03508   0.01863   0.02116   0.00614   0.00969   0.00193   0.00556   0.01264   0.00649   0.01043   0.01197   0.00240   0.00229   0.02016   0.00587   0.01079   0.01700   0.01340   0.01074   0.00824   0.01562   0.02214   0.12628   0.14754   2.39991   0.03726   0.09614  
 87 64.4998  30299.725393  x:  0.00870   0.09249   0.09482   0.10430   0.02535   0.04647   0.09331   0.01680   0.09778   0.09227   0.00648   0.05740   0.03471   0.06909   0.05262   0.08018   0.03211   0.03375   0.02298   0.02740   0.04654   0.02617   0.09105   0.05566   0.02608   0.01305   0.13675   0.13975   0.13535   0.00142   0.02290   0.05817   0.05982   0.05512   0.01501   0.04182   0.02682   0.03390   0.03515   0.01865   0.02123   0.00614   0.00969   0.00193   0.00556   0.01264   0.00648   0.01043   0.01196   0.00240   0.00229   0.02015   0.00586   0.01080   0.01701   0.01339   0.01074   0.00824   0.01562   0.02216   0.12626   0.14766   2.39990   0.03726   0.09607  
 88 21.9132  30299.723602  x:  0.00868   0.09242   0.09488   0.10440   0.02535   0.04648   0.09333   0.01684   0.09772   0.09231   0.00648   0.05728   0.03478   0.06906   0.05269   0.08022   0.03207   0.03365   0.02294   0.02731   0.04658   0.02616   0.09104   0.05568   0.02608   0.01305   0.13687   0.13976   0.13545   0.00144   0.02292   0.05815   0.05978   0.05509   0.01504   0.04180   0.02689   0.03383   0.03508   0.01868   0.02119   0.00614   0.00969   0.00193   0.00556   0.01264   0.00648   0.01043   0.01196   0.00240   0.00229   0.02016   0.00586   0.01080   0.01702   0.01340   0.01074   0.00824   0.01562   0.02215   0.12626   0.14773   2.39991   0.03726   0.09601  
 89 12.9383  30299.723158  x:  0.00870   0.09238   0.09492   0.10446   0.02537   0.04648   0.09335   0.01686   0.09769   0.09233   0.00648   0.05722   0.03479   0.06904   0.05269   0.08024   0.03207   0.03367   0.02296   0.02735   0.04653   0.02617   0.09103   0.05571   0.02604   0.01305   0.13694   0.13977   0.13551   0.00141   0.02292   0.05813   0.05978   0.05513   0.01505   0.04181   0.02687   0.03381   0.03508   0.01864   0.02120   0.00614   0.00969   0.00193   0.00556   0.01264   0.00648   0.01043   0.01196   0.00240   0.00229   0.02016   0.00586   0.01080   0.01701   0.01340   0.01074   0.00824   0.01562   0.02215   0.12627   0.14776   2.39995   0.03726   0.09597  
 90  5.4569  30299.722975  x:  0.00871   0.09237   0.09493   0.10449   0.02538   0.04647   0.09336   0.01684   0.09768   0.09233   0.00648   0.05720   0.03478   0.06902   0.05268   0.08024   0.03207   0.03369   0.02293   0.02735   0.04651   0.02617   0.09103   0.05572   0.02607   0.01305   0.13697   0.13978   0.13555   0.00140   0.02290   0.05812   0.05979   0.05515   0.01504   0.04182   0.02687   0.03383   0.03510   0.01866   0.02120   0.00614   0.00969   0.00193   0.00556   0.01264   0.00648   0.01043   0.01196   0.00240   0.00229   0.02016   0.00586   0.01080   0.01701   0.01340   0.01074   0.00824   0.01562   0.02215   0.12628   0.14777   2.39997   0.03726   0.09596  
 91  4.0303  30299.722578  x:  0.00874   0.09236   0.09494   0.10452   0.02541   0.04645   0.09341   0.01684   0.09768   0.09234   0.00648   0.05725   0.03474   0.06900   0.05262   0.08023   0.03207   0.03369   0.02293   0.02735   0.04653   0.02615   0.09102   0.05567   0.02606   0.01305   0.13702   0.13979   0.13560   0.00136   0.02288   0.05815   0.05981   0.05512   0.01505   0.04181   0.02692   0.03386   0.03509   0.01863   0.02120   0.00614   0.00969   0.00193   0.00556   0.01264   0.00648   0.01043   0.01197   0.00240   0.00229   0.02016   0.00586   0.01080   0.01701   0.01340   0.01073   0.00824   0.01562   0.02216   0.12631   0.14777   2.40003   0.03725   0.09594  
 92  1.0316  30299.721444  x:  0.00876   0.09236   0.09493   0.10456   0.02543   0.04641   0.09350   0.01683   0.09768   0.09234   0.00647   0.05734   0.03471   0.06900   0.05260   0.08020   0.03206   0.03365   0.02291   0.02739   0.04657   0.02621   0.09101   0.05562   0.02607   0.01305   0.13711   0.13981   0.13564   0.00134   0.02287   0.05818   0.05982   0.05508   0.01506   0.04179   0.02681   0.03377   0.03507   0.01867   0.02121   0.00614   0.00969   0.00193   0.00555   0.01263   0.00648   0.01043   0.01197   0.00240   0.00229   0.02016   0.00586   0.01079   0.01701   0.01339   0.01073   0.00824   0.01562   0.02215   0.12636   0.14772   2.40012   0.03725   0.09591  
 93  2.8083  30299.707716  x:  0.00869   0.09237   0.09485   0.10467   0.02536   0.04635   0.09390   0.01679   0.09771   0.09236   0.00643   0.05771   0.03476   0.06916   0.05294   0.08018   0.03202   0.03367   0.02296   0.02730   0.04649   0.02646   0.09111   0.05578   0.02604   0.01306   0.13752   0.13983   0.13564   0.00143   0.02299   0.05819   0.05974   0.05514   0.01502   0.04182   0.02698   0.03380   0.03536   0.01863   0.02120   0.00613   0.00970   0.00192   0.00555   0.01265   0.00649   0.01044   0.01196   0.00240   0.00229   0.02015   0.00587   0.01080   0.01703   0.01340   0.01073   0.00824   0.01562   0.02216   0.12673   0.14723   2.40076   0.03725   0.09590  
 94  3.4965  30299.657200  x:  0.00848   0.09245   0.09461   0.10472   0.02517   0.04640   0.09433   0.01692   0.09777   0.09239   0.00642   0.05786   0.03462   0.06918   0.05320   0.08018   0.03209   0.03391   0.02312   0.02734   0.04630   0.02555   0.09121   0.05599   0.02612   0.01305   0.13826   0.13973   0.13550   0.00172   0.02303   0.05801   0.05961   0.05541   0.01513   0.04184   0.02685   0.03396   0.03476   0.01883   0.02121   0.00611   0.00969   0.00192   0.00553   0.01267   0.00650   0.01044   0.01193   0.00241   0.00229   0.02012   0.00588   0.01080   0.01714   0.01339   0.01074   0.00823   0.01561   0.02216   0.12734   0.14609   2.40321   0.03725   0.09590  
 95 24.3949  30299.268657  x:  0.00845   0.09297   0.09347   0.10385   0.02542   0.04710   0.09265   0.01702   0.09795   0.09215   0.00657   0.05541   0.03353   0.06786   0.05188   0.08008   0.03284   0.03335   0.02319   0.02775   0.04685   0.02641   0.09075   0.05622   0.02616   0.01307   0.14035   0.13893   0.13513   0.00160   0.02403   0.05780   0.06013   0.05516   0.01546   0.04179   0.02723   0.03379   0.03541   0.01904   0.02128   0.00597   0.00968   0.00188   0.00537   0.01264   0.00671   0.01055   0.01187   0.00242   0.00229   0.01995   0.00606   0.01068   0.01769   0.01339   0.01067   0.00816   0.01552   0.02220   0.12754   0.14303   2.42443   0.03728   0.09585  
 96 67.2527  30298.745861  x:  0.00895   0.09309   0.09329   0.10347   0.02552   0.04781   0.09181   0.01707   0.09813   0.09175   0.00646   0.05619   0.03609   0.06748   0.05187   0.07973   0.03128   0.03457   0.02357   0.02801   0.04624   0.02739   0.08968   0.05595   0.02624   0.01317   0.14006   0.13893   0.13563   0.00113   0.02221   0.05864   0.05995   0.05481   0.01644   0.04148   0.02760   0.03415   0.03483   0.01946   0.02136   0.00579   0.00964   0.00182   0.00514   0.01261   0.00698   0.01073   0.01180   0.00243   0.00229   0.01969   0.00632   0.01054   0.01850   0.01337   0.01057   0.00806   0.01542   0.02225   0.12585   0.14373   2.45353   0.03726   0.09567  
 97 278.8533  30298.414609  x:  0.00884   0.09292   0.09343   0.10391   0.02621   0.04774   0.09296   0.01709   0.09825   0.09161   0.00624   0.05753   0.03606   0.06741   0.05266   0.07976   0.03203   0.03421   0.02330   0.02877   0.04580   0.02621   0.08929   0.05627   0.02630   0.01315   0.13813   0.13905   0.13616   0.00085   0.02402   0.05918   0.05984   0.05497   0.01649   0.04170   0.02789   0.03398   0.03534   0.01962   0.02149   0.00568   0.00963   0.00179   0.00500   0.01253   0.00715   0.01082   0.01176   0.00244   0.00229   0.01955   0.00648   0.01041   0.01891   0.01334   0.01049   0.00801   0.01537   0.02228   0.12469   0.14644   2.47209   0.03725   0.09556  
 98 359.2979  30298.327419  x:  0.00868   0.09279   0.09332   0.10433   0.02590   0.04750   0.09404   0.01714   0.09827   0.09170   0.00639   0.05738   0.03479   0.06745   0.05288   0.07980   0.03230   0.03411   0.02362   0.02864   0.04620   0.02658   0.08946   0.05666   0.02634   0.01317   0.13690   0.13901   0.13623   0.00120   0.02328   0.05874   0.05993   0.05514   0.01676   0.04163   0.02796   0.03404   0.03525   0.01982   0.02147   0.00564   0.00962   0.00178   0.00496   0.01258   0.00718   0.01084   0.01171   0.00244   0.00229   0.01951   0.00650   0.01041   0.01911   0.01335   0.01050   0.00799   0.01535   0.02229   0.12484   0.14759   2.47646   0.03724   0.09556  
 99 124.6707  30298.320648  x:  0.00860   0.09278   0.09308   0.10443   0.02585   0.04740   0.09417   0.01715   0.09828   0.09175   0.00640   0.05721   0.03483   0.06756   0.05263   0.07971   0.03200   0.03425   0.02366   0.02860   0.04617   0.02662   0.08953   0.05666   0.02633   0.01317   0.13672   0.13900   0.13622   0.00127   0.02350   0.05867   0.05999   0.05506   0.01673   0.04163   0.02795   0.03407   0.03523   0.01984   0.02146   0.00564   0.00962   0.00178   0.00496   0.01258   0.00718   0.01084   0.01170   0.00244   0.00229   0.01951   0.00651   0.01042   0.01911   0.01335   0.01050   0.00799   0.01534   0.02229   0.12516   0.14782   2.47676   0.03724   0.09556  
100 20.1325  30298.319254  x:  0.00859   0.09279   0.09294   0.10447   0.02585   0.04740   0.09416   0.01715   0.09829   0.09176   0.00641   0.05716   0.03497   0.06763   0.05257   0.07970   0.03215   0.03421   0.02366   0.02861   0.04614   0.02662   0.08955   0.05662   0.02633   0.01317   0.13666   0.13901   0.13624   0.00128   0.02345   0.05867   0.06000   0.05505   0.01674   0.04162   0.02795   0.03407   0.03524   0.01985   0.02146   0.00564   0.00962   0.00178   0.00496   0.01258   0.00718   0.01084   0.01170   0.00244   0.00229   0.01950   0.00651   0.01042   0.01912   0.01335   0.01050   0.00799   0.01534   0.02229   0.12537   0.14791   2.47682   0.03724   0.09555  
101  9.0397  30298.319109  x:  0.00861   0.09280   0.09291   0.10449   0.02586   0.04742   0.09411   0.01715   0.09830   0.09176   0.00641   0.05717   0.03495   0.06763   0.05261   0.07971   0.03213   0.03421   0.02365   0.02861   0.04616   0.02661   0.08956   0.05662   0.02633   0.01317   0.13665   0.13901   0.13625   0.00126   0.02344   0.05870   0.05998   0.05507   0.01673   0.04161   0.02795   0.03407   0.03524   0.01984   0.02146   0.00564   0.00962   0.00178   0.00496   0.01258   0.00718   0.01084   0.01170   0.00244   0.00229   0.01950   0.00651   0.01042   0.01912   0.01335   0.01050   0.00799   0.01534   0.02229   0.12544   0.14793   2.47685   0.03724   0.09554  
102  2.2328  30298.319046  x:  0.00860   0.09282   0.09293   0.10450   0.02586   0.04743   0.09408   0.01715   0.09830   0.09174   0.00640   0.05718   0.03494   0.06761   0.05262   0.07972   0.03213   0.03422   0.02365   0.02861   0.04614   0.02661   0.08955   0.05663   0.02633   0.01317   0.13664   0.13901   0.13625   0.00127   0.02344   0.05867   0.05999   0.05503   0.01673   0.04162   0.02795   0.03407   0.03524   0.01984   0.02146   0.00564   0.00962   0.00178   0.00496   0.01258   0.00718   0.01084   0.01170   0.00244   0.00229   0.01950   0.00651   0.01042   0.01912   0.01335   0.01050   0.00799   0.01534   0.02229   0.12547   0.14794   2.47686   0.03724   0.09552  
103  0.3991  30298.318503  x:  0.00857   0.09285   0.09302   0.10457   0.02583   0.04743   0.09405   0.01716   0.09832   0.09170   0.00640   0.05723   0.03498   0.06758   0.05255   0.07973   0.03213   0.03420   0.02367   0.02860   0.04619   0.02663   0.08950   0.05665   0.02633   0.01317   0.13661   0.13902   0.13623   0.00130   0.02346   0.05868   0.06004   0.05513   0.01673   0.04161   0.02795   0.03407   0.03524   0.01985   0.02146   0.00564   0.00962   0.00178   0.00496   0.01259   0.00718   0.01084   0.01170   0.00244   0.00229   0.01950   0.00650   0.01042   0.01912   0.01335   0.01050   0.00799   0.01534   0.02229   0.12552   0.14793   2.47689   0.03724   0.09548  
104  0.4729  30298.305329  x:  0.00848   0.09280   0.09328   0.10474   0.02571   0.04738   0.09402   0.01717   0.09854   0.09153   0.00642   0.05710   0.03487   0.06751   0.05236   0.07952   0.03223   0.03423   0.02372   0.02852   0.04599   0.02670   0.08933   0.05656   0.02629   0.01319   0.13648   0.13904   0.13620   0.00143   0.02350   0.05902   0.05935   0.05509   0.01666   0.04161   0.02791   0.03409   0.03524   0.01988   0.02144   0.00562   0.00961   0.00177   0.00495   0.01261   0.00715   0.01085   0.01170   0.00245   0.00229   0.01950   0.00649   0.01044   0.01911   0.01335   0.01051   0.00798   0.01534   0.02229   0.12560   0.14781   2.47843   0.03724   0.09535  
105  1.5964  30298.133181  x:  0.00857   0.09197   0.09281   0.10491   0.02581   0.04779   0.09400   0.01672   0.09967   0.09102   0.00640   0.05668   0.03494   0.06779   0.05283   0.07851   0.03202   0.03366   0.02362   0.02810   0.04597   0.02623   0.08915   0.05653   0.02591   0.01333   0.13594   0.13976   0.13716   0.00132   0.02332   0.05842   0.06011   0.05509   0.01648   0.04146   0.02749   0.03405   0.03540   0.01979   0.02135   0.00550   0.00953   0.00173   0.00479   0.01273   0.00682   0.01105   0.01186   0.00251   0.00229   0.01945   0.00630   0.01062   0.01879   0.01341   0.01058   0.00786   0.01533   0.02225   0.12533   0.14689   2.50061   0.03720   0.09577  
106 37.6149  30298.092470  x:  0.00845   0.09264   0.09215   0.10496   0.02569   0.04760   0.09410   0.01671   0.09869   0.09145   0.00636   0.05691   0.03500   0.06736   0.05252   0.07975   0.03189   0.03356   0.02368   0.02793   0.04593   0.02625   0.08911   0.05646   0.02580   0.01338   0.13574   0.13997   0.13742   0.00146   0.02334   0.05855   0.05988   0.05513   0.01638   0.04145   0.02739   0.03406   0.03541   0.01980   0.02132   0.00547   0.00951   0.00172   0.00476   0.01278   0.00673   0.01109   0.01188   0.00253   0.00229   0.01944   0.00625   0.01067   0.01873   0.01343   0.01060   0.00783   0.01532   0.02224   0.12506   0.14664   2.50571   0.03720   0.09599  
107 72.6714  30298.091502  x:  0.00845   0.09283   0.09216   0.10501   0.02568   0.04761   0.09409   0.01672   0.09850   0.09153   0.00636   0.05690   0.03499   0.06737   0.05255   0.07955   0.03191   0.03356   0.02368   0.02793   0.04593   0.02624   0.08911   0.05647   0.02580   0.01338   0.13574   0.13997   0.13744   0.00146   0.02334   0.05855   0.05989   0.05513   0.01638   0.04145   0.02739   0.03406   0.03540   0.01980   0.02132   0.00547   0.00951   0.00172   0.00476   0.01278   0.00673   0.01109   0.01188   0.00253   0.00229   0.01944   0.00625   0.01067   0.01873   0.01343   0.01060   0.00783   0.01532   0.02224   0.12503   0.14663   2.50583   0.03720   0.09599  
108  5.7939  30298.091478  x:  0.00845   0.09283   0.09215   0.10501   0.02568   0.04761   0.09408   0.01672   0.09850   0.09156   0.00636   0.05690   0.03498   0.06741   0.05255   0.07956   0.03191   0.03356   0.02368   0.02793   0.04593   0.02624   0.08908   0.05647   0.02580   0.01338   0.13574   0.13997   0.13744   0.00146   0.02334   0.05855   0.05989   0.05513   0.01638   0.04145   0.02739   0.03406   0.03540   0.01980   0.02132   0.00547   0.00951   0.00172   0.00476   0.01278   0.00673   0.01109   0.01188   0.00253   0.00229   0.01944   0.00625   0.01067   0.01873   0.01343   0.01060   0.00783   0.01532   0.02224   0.12503   0.14663   2.50583   0.03720   0.09598  
109  0.1058  30298.074139  x:  0.00839   0.09279   0.09228   0.10516   0.02555   0.04781   0.09390   0.01670   0.09883   0.09235   0.00633   0.05707   0.03498   0.06726   0.05252   0.07956   0.03195   0.03360   0.02366   0.02795   0.04589   0.02634   0.08974   0.05619   0.02589   0.01334   0.13572   0.13999   0.13724   0.00153   0.02340   0.05842   0.05990   0.05516   0.01636   0.04140   0.02737   0.03406   0.03538   0.01981   0.02132   0.00548   0.00949   0.00171   0.00474   0.01278   0.00675   0.01106   0.01182   0.00257   0.00228   0.01942   0.00626   0.01069   0.01862   0.01342   0.01061   0.00786   0.01534   0.02224   0.12492   0.14660   2.50861   0.03722   0.09554  
110  0.0613  30298.021957  x:  0.00841   0.09247   0.09264   0.10525   0.02536   0.04779   0.09379   0.01695   0.09818   0.09181   0.00632   0.05704   0.03478   0.06786   0.05261   0.07976   0.03201   0.03375   0.02352   0.02810   0.04583   0.02652   0.08913   0.05597   0.02613   0.01321   0.13599   0.14000   0.13693   0.00153   0.02349   0.05819   0.05993   0.05511   0.01631   0.04127   0.02734   0.03400   0.03525   0.01978   0.02133   0.00552   0.00941   0.00169   0.00469   0.01275   0.00682   0.01097   0.01167   0.00269   0.00228   0.01932   0.00629   0.01069   0.01830   0.01340   0.01063   0.00792   0.01538   0.02223   0.12525   0.14674   2.51718   0.03732   0.09646  
111 34.7833  30298.021930  x:  0.00841   0.09247   0.09265   0.10525   0.02537   0.04779   0.09379   0.01694   0.09820   0.09184   0.00632   0.05704   0.03479   0.06784   0.05262   0.07976   0.03201   0.03375   0.02352   0.02810   0.04583   0.02652   0.08911   0.05597   0.02613   0.01321   0.13599   0.14000   0.13694   0.00153   0.02349   0.05819   0.05993   0.05511   0.01631   0.04127   0.02734   0.03400   0.03525   0.01978   0.02133   0.00552   0.00941   0.00169   0.00469   0.01275   0.00682   0.01097   0.01167   0.00269   0.00228   0.01932   0.00629   0.01069   0.01830   0.01340   0.01063   0.00792   0.01538   0.02223   0.12526   0.14674   2.51718   0.03732   0.09649  
112  0.8488  30297.943469  x:  0.00837   0.09265   0.09285   0.10490   0.02563   0.04727   0.09400   0.01674   0.09832   0.09187   0.00631   0.05696   0.03497   0.06742   0.05265   0.07959   0.03192   0.03367   0.02352   0.02800   0.04584   0.02638   0.08924   0.05590   0.02592   0.01325   0.13585   0.13972   0.13701   0.00155   0.02337   0.05826   0.05993   0.05517   0.01625   0.04140   0.02727   0.03389   0.03536   0.01969   0.02137   0.00563   0.00926   0.00165   0.00471   0.01272   0.00681   0.01096   0.01167   0.00304   0.00226   0.01945   0.00625   0.01079   0.01880   0.01339   0.01060   0.00795   0.01537   0.02220   0.12534   0.14699   2.51072   0.03729   0.09654  
113  0.0024  30297.922796  x:  0.00833   0.09264   0.09249   0.10497   0.02560   0.04764   0.09405   0.01685   0.09828   0.09156   0.00633   0.05694   0.03495   0.06749   0.05256   0.07958   0.03194   0.03367   0.02361   0.02806   0.04592   0.02638   0.08937   0.05615   0.02599   0.01327   0.13594   0.13989   0.13711   0.00159   0.02338   0.05845   0.05988   0.05519   0.01636   0.04143   0.02741   0.03401   0.03536   0.01978   0.02133   0.00552   0.00928   0.00163   0.00466   0.01272   0.00682   0.01100   0.01170   0.00315   0.00226   0.01942   0.00626   0.01069   0.01853   0.01340   0.01060   0.00790   0.01534   0.02223   0.12516   0.14682   2.50716   0.03725   0.09625  
114  0.0029  30297.920327  x:  0.00832   0.09265   0.09251   0.10505   0.02555   0.04764   0.09397   0.01685   0.09832   0.09169   0.00635   0.05699   0.03491   0.06761   0.05259   0.07966   0.03197   0.03369   0.02359   0.02805   0.04591   0.02640   0.08923   0.05620   0.02599   0.01328   0.13594   0.13991   0.13711   0.00161   0.02340   0.05839   0.05991   0.05515   0.01635   0.04139   0.02740   0.03403   0.03532   0.01977   0.02134   0.00555   0.00932   0.00163   0.00463   0.01275   0.00682   0.01102   0.01175   0.00317   0.00225   0.01940   0.00629   0.01069   0.01856   0.01341   0.01062   0.00791   0.01536   0.02224   0.12519   0.14682   2.50599   0.03726   0.09621  
115  0.0010  30297.919437  x:  0.00833   0.09261   0.09254   0.10503   0.02555   0.04760   0.09398   0.01686   0.09827   0.09164   0.00634   0.05698   0.03492   0.06760   0.05259   0.07964   0.03197   0.03370   0.02357   0.02806   0.04591   0.02641   0.08932   0.05614   0.02600   0.01326   0.13592   0.13988   0.13708   0.00160   0.02341   0.05838   0.05990   0.05517   0.01634   0.04138   0.02739   0.03400   0.03532   0.01975   0.02134   0.00554   0.00935   0.00163   0.00460   0.01274   0.00680   0.01100   0.01175   0.00318   0.00225   0.01940   0.00628   0.01068   0.01858   0.01340   0.01061   0.00790   0.01536   0.02223   0.12519   0.14682   2.50533   0.03726   0.09620  
116  0.0004  30297.918211  x:  0.00833   0.09266   0.09258   0.10500   0.02559   0.04760   0.09399   0.01683   0.09832   0.09171   0.00633   0.05697   0.03493   0.06756   0.05258   0.07963   0.03195   0.03368   0.02360   0.02804   0.04590   0.02638   0.08925   0.05613   0.02598   0.01328   0.13589   0.13989   0.13713   0.00159   0.02339   0.05838   0.05990   0.05516   0.01634   0.04142   0.02738   0.03399   0.03536   0.01978   0.02134   0.00551   0.00939   0.00165   0.00458   0.01275   0.00683   0.01100   0.01173   0.00318   0.00223   0.01941   0.00629   0.01069   0.01855   0.01340   0.01060   0.00790   0.01535   0.02223   0.12522   0.14683   2.50486   0.03726   0.09628  
117  0.0002  30297.914998  x:  0.00832   0.09268   0.09248   0.10505   0.02558   0.04768   0.09398   0.01685   0.09836   0.09168   0.00634   0.05697   0.03491   0.06759   0.05258   0.07964   0.03196   0.03369   0.02359   0.02807   0.04592   0.02641   0.08922   0.05619   0.02599   0.01328   0.13594   0.13995   0.13715   0.00160   0.02340   0.05841   0.05990   0.05515   0.01636   0.04142   0.02742   0.03403   0.03532   0.01978   0.02134   0.00554   0.00937   0.00169   0.00456   0.01273   0.00679   0.01099   0.01170   0.00316   0.00219   0.01942   0.00625   0.01071   0.01858   0.01340   0.01062   0.00791   0.01536   0.02224   0.12517   0.14681   2.50594   0.03725   0.09624  
118  0.0003  30297.912487  x:  0.00832   0.09260   0.09250   0.10504   0.02554   0.04759   0.09398   0.01686   0.09826   0.09161   0.00635   0.05698   0.03492   0.06759   0.05260   0.07963   0.03197   0.03368   0.02357   0.02804   0.04591   0.02640   0.08933   0.05617   0.02600   0.01327   0.13593   0.13988   0.13708   0.00161   0.02340   0.05840   0.05990   0.05518   0.01633   0.04136   0.02738   0.03401   0.03532   0.01974   0.02134   0.00552   0.00932   0.00171   0.00459   0.01274   0.00683   0.01100   0.01171   0.00318   0.00215   0.01941   0.00629   0.01069   0.01856   0.01341   0.01061   0.00791   0.01536   0.02224   0.12517   0.14681   2.50586   0.03725   0.09617  
119  0.0001  30297.910775  x:  0.00832   0.09262   0.09260   0.10500   0.02557   0.04762   0.09400   0.01686   0.09828   0.09168   0.00634   0.05698   0.03492   0.06758   0.05258   0.07964   0.03197   0.03371   0.02359   0.02806   0.04591   0.02641   0.08931   0.05613   0.02600   0.01327   0.13593   0.13986   0.13709   0.00161   0.02341   0.05838   0.05991   0.05516   0.01636   0.04140   0.02740   0.03399   0.03535   0.01978   0.02135   0.00553   0.00933   0.00169   0.00462   0.01274   0.00679   0.01101   0.01175   0.00319   0.00212   0.01941   0.00628   0.01067   0.01856   0.01341   0.01061   0.00790   0.01536   0.02223   0.12522   0.14686   2.50578   0.03727   0.09627  
120  0.0001  30297.909303  x:  0.00832   0.09264   0.09252   0.10503   0.02557   0.04763   0.09400   0.01684   0.09830   0.09164   0.00634   0.05697   0.03492   0.06757   0.05258   0.07963   0.03196   0.03369   0.02359   0.02805   0.04592   0.02640   0.08930   0.05614   0.02598   0.01328   0.13593   0.13992   0.13710   0.00160   0.02340   0.05840   0.05990   0.05517   0.01633   0.04142   0.02739   0.03401   0.03532   0.01977   0.02134   0.00554   0.00934   0.00164   0.00460   0.01275   0.00681   0.01100   0.01175   0.00317   0.00210   0.01940   0.00629   0.01068   0.01857   0.01340   0.01061   0.00790   0.01536   0.02224   0.12518   0.14683   2.50629   0.03727   0.09624  
121  0.0003  30297.909178  x:  0.00832   0.09264   0.09253   0.10503   0.02556   0.04761   0.09398   0.01685   0.09830   0.09166   0.00634   0.05697   0.03492   0.06759   0.05259   0.07964   0.03196   0.03369   0.02359   0.02805   0.04591   0.02640   0.08928   0.05616   0.02600   0.01327   0.13592   0.13989   0.13710   0.00160   0.02340   0.05839   0.05991   0.05516   0.01635   0.04139   0.02739   0.03401   0.03533   0.01976   0.02134   0.00554   0.00935   0.00164   0.00461   0.01274   0.00681   0.01100   0.01174   0.00317   0.00209   0.01941   0.00628   0.01069   0.01857   0.01341   0.01061   0.00790   0.01536   0.02224   0.12519   0.14682   2.50584   0.03726   0.09623  
122  0.0004  30297.909172  x:  0.00832   0.09263   0.09253   0.10503   0.02556   0.04762   0.09398   0.01685   0.09830   0.09166   0.00634   0.05698   0.03492   0.06758   0.05259   0.07964   0.03196   0.03369   0.02358   0.02805   0.04591   0.02640   0.08928   0.05616   0.02599   0.01327   0.13593   0.13989   0.13710   0.00160   0.02340   0.05839   0.05991   0.05516   0.01634   0.04139   0.02739   0.03401   0.03533   0.01976   0.02134   0.00554   0.00934   0.00164   0.00461   0.01274   0.00681   0.01100   0.01174   0.00317   0.00209   0.01941   0.00628   0.01069   0.01857   0.01340   0.01061   0.00790   0.01536   0.02224   0.12519   0.14682   2.50575   0.03726   0.09623  
123  0.0001  30297.909172  x:  0.00832   0.09264   0.09253   0.10503   0.02556   0.04762   0.09398   0.01685   0.09830   0.09166   0.00634   0.05698   0.03492   0.06759   0.05259   0.07964   0.03196   0.03369   0.02358   0.02805   0.04591   0.02640   0.08928   0.05616   0.02599   0.01327   0.13593   0.13989   0.13710   0.00160   0.02340   0.05839   0.05991   0.05516   0.01634   0.04139   0.02739   0.03401   0.03533   0.01976   0.02134   0.00554   0.00934   0.00164   0.00461   0.01274   0.00681   0.01100   0.01174   0.00317   0.00209   0.01941   0.00628   0.01069   0.01857   0.01340   0.01061   0.00790   0.01536   0.02224   0.12519   0.14682   2.50576   0.03726   0.09623  
124  0.0000  30297.909172  x:  0.00832   0.09264   0.09253   0.10503   0.02556   0.04762   0.09398   0.01685   0.09830   0.09166   0.00634   0.05698   0.03492   0.06759   0.05259   0.07964   0.03196   0.03369   0.02358   0.02805   0.04591   0.02640   0.08928   0.05616   0.02599   0.01327   0.13593   0.13989   0.13710   0.00160   0.02340   0.05839   0.05991   0.05516   0.01634   0.04139   0.02739   0.03401   0.03533   0.01976   0.02134   0.00554   0.00934   0.00164   0.00461   0.01274   0.00681   0.01100   0.01174   0.00317   0.00209   0.01941   0.00628   0.01069   0.01857   0.01340   0.01061   0.00790   0.01536   0.02224   0.12519   0.14682   2.50576   0.03726   0.09623  