

TREE # 1

  0  0.0000   2559.352347  x:  0.10830   0.04360   0.04844   0.04542   0.09539   0.03316   0.03112   0.01546   0.02695   0.02634   0.09603   0.04497   0.01055   0.08326   0.03163   0.06785   0.03640   0.10510   0.09445   0.02662   0.06244   0.01076   0.10043   0.05782   0.08482   0.10568   0.06958   0.10319   0.04864   0.05367   0.06632   0.09487   0.02836   0.03766   0.05252   0.03824   0.08285   0.52086   0.47125   0.56138  
  1 99.0000   2506.821644  x:  0.11095   0.03747   0.06028   0.03667   0.09181   0.03170   0.03382   0.02483   0.06471   0.05952   0.12284   0.04412   0.04630   0.11533   0.06051   0.05450   0.05028   0.09260   0.08549   0.03436   0.05068   0.00000   0.08998   0.07381   0.08529   0.10308   0.05425   0.09709   0.06417   0.05774   0.09934   0.09707   0.06419   0.05324   0.06758   0.03934   0.07926   0.51976   0.47152   0.56070  
  2 780.5004   2475.241137  x:  0.11488   0.01878   0.07088   0.00451   0.07523   0.02720   0.02952   0.01485   0.04495   0.04760   0.17237   0.02257   0.01420   0.15943   0.05749   0.00702   0.06304   0.04891   0.05593   0.03892   0.00698   0.00000   0.04703   0.09737   0.08444   0.10192   0.00000   0.07720   0.08318   0.06697   0.14039   0.10132   0.05743   0.06105   0.08404   0.03953   0.06968   0.51441   0.47233   0.55838  
  3 378.7782   2472.394595  x:  0.11535   0.01999   0.07124   0.01022   0.07258   0.02791   0.02992   0.01819   0.04060   0.04378   0.17878   0.02179   0.01959   0.16431   0.05603   0.00000   0.06380   0.03833   0.04958   0.03936   0.01060   0.00000   0.03748   0.09893   0.08410   0.10234   0.00000   0.07320   0.08408   0.06841   0.14382   0.10191   0.05256   0.05989   0.08441   0.03961   0.06821   0.51291   0.47265   0.55779  
  4 241.3839   2472.394595  x:  0.11535   0.01999   0.07124   0.01022   0.07258   0.02791   0.02992   0.01819   0.04060   0.04378   0.17878   0.02179   0.01959   0.16431   0.05603   0.00000   0.06380   0.03833   0.04958   0.03936   0.01060   0.00000   0.03748   0.09893   0.08410   0.10234   0.00000   0.07320   0.08408   0.06841   0.14382   0.10191   0.05256   0.05989   0.08441   0.03961   0.06821   0.51291   0.47265   0.55779  
  5 180.8056   2459.472697  x:  0.11717   0.02629   0.07720   0.01361   0.07164   0.03079   0.03604   0.03380   0.08692   0.07842   0.19468   0.03043   0.07462   0.18419   0.08318   0.00199   0.07290   0.02176   0.04041   0.04649   0.03645   0.00000   0.02496   0.10517   0.08385   0.10236   0.00000   0.06763   0.09063   0.07087   0.16148   0.10340   0.08289   0.06817   0.09060   0.04102   0.06634   0.51019   0.47352   0.55650  
  6 329.1199   2459.001936  x:  0.11728   0.02610   0.07738   0.01303   0.07137   0.03066   0.03572   0.03333   0.08761   0.07920   0.19579   0.02976   0.07478   0.18543   0.08366   0.00000   0.07335   0.02131   0.04013   0.04657   0.03523   0.00000   0.02426   0.10555   0.08383   0.10248   0.00000   0.06733   0.09098   0.07102   0.16265   0.10341   0.08379   0.06846   0.09087   0.04101   0.06627   0.50992   0.47359   0.55635  
  7 148.3619   2457.949673  x:  0.11864   0.02747   0.07857   0.02176   0.06857   0.03162   0.03570   0.03348   0.08850   0.08302   0.21444   0.02474   0.06680   0.20649   0.08686   0.00000   0.07833   0.03534   0.03844   0.04907   0.03761   0.00000   0.03128   0.11040   0.08354   0.10511   0.00000   0.06478   0.09452   0.07233   0.18115   0.10260   0.08909   0.06934   0.09281   0.04060   0.06603   0.50320   0.47545   0.55284  
  8 73.8333   2457.493106  x:  0.11924   0.02596   0.07656   0.01717   0.06627   0.03135   0.03748   0.03628   0.08511   0.08126   0.22750   0.03281   0.05841   0.22054   0.08671   0.00000   0.07580   0.02876   0.04093   0.04791   0.04436   0.00000   0.03226   0.11127   0.08347   0.10542   0.00000   0.06528   0.09473   0.07146   0.19170   0.10180   0.08626   0.06775   0.09211   0.04072   0.06656   0.49521   0.47775   0.54851  
  9 42.7456   2457.370838  x:  0.11912   0.02889   0.07613   0.01734   0.06693   0.03167   0.03547   0.03389   0.08394   0.07866   0.23056   0.02804   0.05802   0.22382   0.08511   0.00000   0.07423   0.02572   0.03918   0.04753   0.04709   0.00000   0.03196   0.10941   0.08356   0.10345   0.00000   0.06645   0.09318   0.07068   0.19262   0.10180   0.08299   0.06754   0.09102   0.04071   0.06669   0.48868   0.48025   0.54384  
 10 17.0966   2457.210930  x:  0.11865   0.02584   0.07584   0.01479   0.06843   0.03064   0.03696   0.03311   0.08192   0.07673   0.23232   0.02687   0.05847   0.22525   0.08132   0.00000   0.07499   0.03063   0.04094   0.04764   0.04478   0.00000   0.02965   0.10654   0.08379   0.10133   0.00000   0.06727   0.09127   0.07071   0.19026   0.10152   0.07970   0.06819   0.09029   0.04087   0.06646   0.47484   0.48690   0.53144  
 11 16.3878   2457.044554  x:  0.11856   0.02684   0.07680   0.01894   0.06921   0.03208   0.03624   0.03358   0.07864   0.07606   0.23166   0.03010   0.05478   0.22391   0.07911   0.00000   0.07524   0.02942   0.04081   0.04734   0.03736   0.00000   0.03212   0.10653   0.08392   0.10244   0.00000   0.06690   0.09164   0.07158   0.18682   0.10182   0.08021   0.06826   0.09074   0.04094   0.06631   0.46045   0.49598   0.51439  
 12 28.7230   2456.955018  x:  0.11896   0.02618   0.07643   0.01635   0.06721   0.03018   0.03611   0.03312   0.07785   0.07523   0.22919   0.02821   0.05015   0.22122   0.08201   0.00000   0.07457   0.02951   0.04024   0.04748   0.03737   0.00000   0.03534   0.10919   0.08370   0.10449   0.00000   0.06638   0.09343   0.07133   0.18561   0.10224   0.08147   0.06703   0.09130   0.04065   0.06671   0.45673   0.50290   0.50139  
 13 19.7355   2456.880156  x:  0.11933   0.02629   0.07567   0.01669   0.06620   0.03372   0.03548   0.03139   0.07693   0.07413   0.22724   0.02817   0.04705   0.21937   0.08392   0.00000   0.07442   0.03055   0.04172   0.04705   0.03749   0.00000   0.03213   0.11101   0.08349   0.10504   0.00000   0.06639   0.09408   0.07044   0.18782   0.10232   0.08040   0.06647   0.09124   0.04046   0.06711   0.46006   0.51145   0.48532  
 14 16.6094   2456.717089  x:  0.11971   0.02690   0.07472   0.01865   0.06676   0.02875   0.03566   0.03226   0.07344   0.07221   0.22521   0.02839   0.04583   0.21805   0.08272   0.00000   0.07476   0.03034   0.04136   0.04675   0.03450   0.00000   0.03076   0.11163   0.08359   0.10464   0.00000   0.06681   0.09330   0.06989   0.19435   0.10197   0.07682   0.06678   0.09057   0.04059   0.06718   0.47262   0.53242   0.44584  
 15 34.6557   2456.583203  x:  0.11955   0.02563   0.07492   0.01567   0.06779   0.03217   0.03600   0.03173   0.07214   0.07182   0.22525   0.02798   0.04622   0.21856   0.07870   0.00000   0.07529   0.02950   0.04074   0.04730   0.03254   0.00000   0.03617   0.10972   0.08386   0.10396   0.00000   0.06693   0.09207   0.07083   0.19704   0.10150   0.07614   0.06722   0.09025   0.04076   0.06664   0.48298   0.55178   0.40949  
 16 58.3041   2456.433830  x:  0.11852   0.02698   0.07713   0.01556   0.06769   0.03024   0.03471   0.02863   0.07433   0.07271   0.22822   0.02900   0.04297   0.22085   0.07508   0.00000   0.07624   0.02899   0.04325   0.04726   0.03491   0.00000   0.03567   0.10598   0.08356   0.10303   0.00000   0.06635   0.09195   0.07199   0.19199   0.10133   0.08040   0.06680   0.09083   0.04049   0.06615   0.48865   0.57546   0.36573  
 17 36.6385   2456.263240  x:  0.11761   0.02544   0.07745   0.01664   0.06677   0.03145   0.03575   0.03340   0.07366   0.07212   0.23235   0.02652   0.04275   0.22411   0.07689   0.00000   0.07731   0.02752   0.04145   0.04715   0.03559   0.00000   0.03291   0.10569   0.08325   0.10283   0.00000   0.06588   0.09320   0.07156   0.18500   0.10126   0.08140   0.06599   0.09136   0.04035   0.06670   0.48976   0.60407   0.31402  
 18 62.0193   2456.169695  x:  0.11797   0.02558   0.07603   0.01663   0.06685   0.03095   0.03502   0.03025   0.07330   0.07232   0.23345   0.02836   0.04619   0.22505   0.07948   0.00000   0.07787   0.02750   0.04139   0.04785   0.03571   0.00000   0.03371   0.10850   0.08348   0.10393   0.00000   0.06612   0.09371   0.07081   0.18385   0.10175   0.07928   0.06634   0.09123   0.04053   0.06706   0.48714   0.62103   0.28528  
 19 51.0976   2456.116636  x:  0.11913   0.02720   0.07562   0.01595   0.06818   0.03102   0.03614   0.03144   0.07571   0.07387   0.23117   0.02733   0.04583   0.22310   0.07811   0.00000   0.07827   0.02670   0.04319   0.04804   0.03639   0.00000   0.03363   0.11018   0.08377   0.10446   0.00000   0.06650   0.09278   0.07108   0.18806   0.10223   0.07885   0.06772   0.09088   0.04061   0.06638   0.48276   0.63248   0.27005  
 20 19.8357   2456.090903  x:  0.11942   0.02554   0.07627   0.01615   0.06759   0.03100   0.03485   0.03144   0.07569   0.07415   0.22922   0.02776   0.04603   0.22156   0.07717   0.00000   0.07852   0.02653   0.04144   0.04786   0.03769   0.00000   0.03303   0.10927   0.08368   0.10417   0.00000   0.06633   0.09254   0.07141   0.19157   0.10176   0.08008   0.06737   0.09093   0.04067   0.06629   0.48016   0.63926   0.26428  
 21 13.7185   2456.073409  x:  0.11894   0.02653   0.07702   0.01591   0.06612   0.03107   0.03611   0.03118   0.07469   0.07343   0.22826   0.02768   0.04704   0.22107   0.07778   0.00000   0.07872   0.02635   0.04208   0.04804   0.03750   0.00000   0.03308   0.10743   0.08346   0.10351   0.00000   0.06596   0.09323   0.07137   0.19352   0.10137   0.08122   0.06649   0.09123   0.04046   0.06681   0.47896   0.64582   0.26292  
 22  6.9479   2455.971314  x:  0.11509   0.02675   0.07598   0.01521   0.06752   0.03091   0.03209   0.03318   0.07704   0.07436   0.22710   0.02787   0.04672   0.22178   0.08141   0.00000   0.07863   0.02642   0.04415   0.04838   0.03596   0.00000   0.03423   0.10323   0.08333   0.10163   0.00000   0.06603   0.09590   0.07049   0.19552   0.10019   0.07994   0.06672   0.09222   0.04032   0.06794   0.47743   0.69224   0.26743  
 23  8.8322   2455.592831  x:  0.10900   0.02521   0.07405   0.01617   0.07000   0.03091   0.03980   0.02880   0.08284   0.07788   0.22619   0.02856   0.04413   0.22509   0.08435   0.00000   0.07828   0.02390   0.03772   0.04730   0.03416   0.00000   0.03265   0.10215   0.08369   0.10002   0.00000   0.06621   0.09779   0.07073   0.19702   0.09969   0.07909   0.06922   0.09342   0.04122   0.06668   0.47436   0.87257   0.28949  
 24 82.7083   2454.637148  x:  0.11553   0.02741   0.07773   0.01129   0.06604   0.03104   0.03393   0.03172   0.07867   0.07978   0.23029   0.02587   0.05387   0.23339   0.07842   0.00000   0.08032   0.01993   0.03957   0.04721   0.03399   0.00000   0.02541   0.11853   0.08448   0.10538   0.00000   0.06428   0.09195   0.07467   0.19633   0.10476   0.08933   0.07053   0.09235   0.04139   0.06145   0.46862   1.33893   0.34956  
 25 245.5403   2454.544287  x:  0.12162   0.02456   0.07849   0.01326   0.06499   0.03079   0.03430   0.03121   0.08140   0.07994   0.23304   0.02462   0.05497   0.23224   0.07724   0.00000   0.07985   0.01842   0.04142   0.04714   0.03299   0.00000   0.02587   0.11833   0.08403   0.10688   0.00000   0.06498   0.09187   0.07276   0.19635   0.10434   0.08918   0.06868   0.09159   0.04067   0.06584   0.46824   1.38210   0.35521  
 26 71.9549   2454.518632  x:  0.12502   0.02610   0.07865   0.01217   0.06486   0.03090   0.03416   0.03162   0.08232   0.08025   0.23506   0.02541   0.05485   0.23073   0.07719   0.00000   0.07955   0.01938   0.03981   0.04697   0.03232   0.00000   0.02551   0.11721   0.08383   0.10743   0.00000   0.06521   0.09225   0.07192   0.19632   0.10404   0.08879   0.06821   0.09136   0.04043   0.06676   0.46816   1.39343   0.35666  
 27 25.7789   2454.507968  x:  0.12684   0.02589   0.07843   0.01233   0.06491   0.03088   0.03423   0.03145   0.08169   0.08085   0.23726   0.02516   0.05474   0.22859   0.07809   0.00000   0.07981   0.01905   0.04007   0.04721   0.03252   0.00000   0.02554   0.11609   0.08389   0.10745   0.00000   0.06484   0.09270   0.07234   0.19640   0.10333   0.08841   0.06895   0.09159   0.04070   0.06502   0.46815   1.39718   0.35717  
 28  6.2978   2454.499597  x:  0.12531   0.02602   0.07855   0.01223   0.06441   0.03088   0.03415   0.03147   0.08164   0.08108   0.23991   0.02506   0.05488   0.22601   0.07805   0.00000   0.07979   0.01912   0.04012   0.04637   0.03247   0.00000   0.02566   0.11685   0.08411   0.10682   0.00000   0.06486   0.09234   0.07293   0.19680   0.10293   0.08853   0.06947   0.09154   0.04084   0.06597   0.46813   1.39744   0.35719  
 29  1.6793   2454.488478  x:  0.12381   0.02593   0.07860   0.01219   0.06466   0.03087   0.03414   0.03147   0.08200   0.08074   0.24172   0.02512   0.05487   0.22439   0.07765   0.00000   0.07973   0.01900   0.03996   0.04844   0.03212   0.00000   0.02542   0.11747   0.08393   0.10666   0.00000   0.06501   0.09232   0.07229   0.19725   0.10316   0.08882   0.06856   0.09140   0.04016   0.06565   0.46812   1.39613   0.35700  
 30  2.5203   2454.419160  x:  0.12161   0.02529   0.07823   0.01197   0.06732   0.03073   0.03417   0.03115   0.08307   0.07911   0.24432   0.02452   0.05584   0.22339   0.07751   0.00000   0.08007   0.01914   0.04033   0.04557   0.03039   0.00000   0.02522   0.11729   0.08285   0.10824   0.00000   0.06498   0.09372   0.06933   0.19891   0.10620   0.09064   0.06535   0.09200   0.04232   0.06305   0.46816   1.38376   0.35512  
 31  3.6099   2454.010094  x:  0.11928   0.02324   0.07702   0.01000   0.07076   0.03028   0.03378   0.02921   0.08249   0.07859   0.24672   0.02242   0.05598   0.22806   0.08067   0.00000   0.08228   0.01796   0.03973   0.04528   0.02382   0.00000   0.02160   0.11241   0.08308   0.11340   0.00000   0.06344   0.09733   0.07234   0.20363   0.11499   0.09382   0.07248   0.09640   0.03621   0.06710   0.46870   1.30809   0.34378  
 32 20.5386   2453.792112  x:  0.11938   0.02346   0.07770   0.00906   0.06706   0.03005   0.03309   0.02862   0.08346   0.08268   0.24593   0.02145   0.05486   0.23231   0.08216   0.00000   0.08288   0.01765   0.03963   0.04847   0.01890   0.00000   0.02010   0.11254   0.08424   0.11050   0.00000   0.06298   0.09734   0.07356   0.20478   0.11186   0.09322   0.07227   0.09621   0.04355   0.06805   0.46895   1.26659   0.33754  
 33 57.2764   2453.722219  x:  0.11963   0.02368   0.07862   0.00878   0.06555   0.02992   0.03294   0.02840   0.08406   0.08505   0.24519   0.02123   0.05487   0.23411   0.08224   0.00000   0.08360   0.01760   0.03975   0.04650   0.01712   0.00000   0.02032   0.11429   0.08418   0.10754   0.00000   0.06274   0.09782   0.07224   0.20480   0.10693   0.09252   0.07094   0.09532   0.04024   0.06587   0.46895   1.25350   0.33556  
 34 27.4824   2453.716622  x:  0.11968   0.02384   0.07885   0.00851   0.06663   0.02991   0.03303   0.02826   0.08356   0.08501   0.24507   0.02113   0.05494   0.23424   0.08177   0.00000   0.08420   0.01740   0.03973   0.04660   0.01740   0.00000   0.02016   0.11487   0.08373   0.10751   0.00000   0.06254   0.09893   0.07173   0.20476   0.10529   0.09279   0.07129   0.09558   0.04046   0.06640   0.46895   1.25235   0.33541  
 35  4.4635   2453.715769  x:  0.11965   0.02384   0.07881   0.00854   0.06654   0.02991   0.03301   0.02828   0.08387   0.08448   0.24509   0.02114   0.05506   0.23431   0.08168   0.00000   0.08382   0.01747   0.03974   0.04660   0.01733   0.00000   0.02011   0.11493   0.08374   0.10779   0.00000   0.06273   0.09914   0.07204   0.20480   0.10478   0.09287   0.07144   0.09566   0.04049   0.06622   0.46895   1.25202   0.33535  
 36  0.7223   2453.695596  x:  0.11864   0.02396   0.07989   0.00836   0.06588   0.02985   0.03286   0.02816   0.08468   0.08476   0.24546   0.02085   0.05511   0.23525   0.08204   0.00000   0.08369   0.01752   0.03966   0.04659   0.01785   0.00000   0.01994   0.11419   0.08501   0.11036   0.00000   0.06016   0.09772   0.07126   0.20546   0.10300   0.09204   0.07148   0.09559   0.04052   0.06599   0.46921   1.24144   0.33368  
 37  0.4524   2453.585927  x:  0.11770   0.02373   0.08082   0.00785   0.06341   0.02950   0.03218   0.02723   0.08573   0.08860   0.24742   0.01981   0.05455   0.24034   0.08480   0.00000   0.08495   0.01775   0.03938   0.04666   0.02048   0.00000   0.02016   0.11303   0.08425   0.11062   0.00000   0.06641   0.09662   0.07167   0.20904   0.10043   0.09330   0.07133   0.09491   0.04046   0.06497   0.47082   1.18203   0.32429  
 38 14.7030   2453.515855  x:  0.11945   0.02323   0.07839   0.00797   0.06278   0.02925   0.03172   0.02672   0.08805   0.08787   0.24861   0.01982   0.05431   0.24346   0.08565   0.00000   0.08325   0.01819   0.03917   0.04691   0.02175   0.00000   0.02078   0.11424   0.08318   0.10404   0.00000   0.06262   0.09794   0.07320   0.21128   0.10108   0.09495   0.07157   0.09458   0.04047   0.06475   0.47175   1.14505   0.31841  
 39 34.5701   2453.515009  x:  0.11954   0.02319   0.07875   0.00795   0.06277   0.02925   0.03171   0.02672   0.08816   0.08770   0.24863   0.01985   0.05429   0.24348   0.08559   0.00000   0.08342   0.01816   0.03915   0.04691   0.02181   0.00000   0.02079   0.11437   0.08395   0.10378   0.00000   0.06271   0.09831   0.07321   0.21131   0.10125   0.09479   0.07151   0.09485   0.04047   0.06471   0.47177   1.14453   0.31834  
 40  1.6582   2453.514577  x:  0.11953   0.02319   0.07912   0.00795   0.06270   0.02925   0.03170   0.02673   0.08823   0.08776   0.24866   0.01987   0.05431   0.24351   0.08552   0.00000   0.08339   0.01816   0.03915   0.04691   0.02183   0.00000   0.02080   0.11443   0.08357   0.10379   0.00000   0.06266   0.09839   0.07335   0.21135   0.10136   0.09447   0.07147   0.09527   0.04048   0.06467   0.47177   1.14352   0.31829  
 41  0.1740   2453.485070  x:  0.11961   0.02374   0.07830   0.00915   0.06350   0.02922   0.03154   0.02694   0.08808   0.08914   0.25052   0.02054   0.05405   0.24564   0.08553   0.00000   0.08342   0.01826   0.03897   0.04729   0.02141   0.00000   0.02176   0.11417   0.08422   0.10499   0.00000   0.06252   0.09821   0.07262   0.21381   0.10092   0.09593   0.07190   0.09796   0.04059   0.06542   0.47163   1.06808   0.31437  
 42  1.3426   2453.477596  x:  0.11945   0.02381   0.07916   0.00936   0.06384   0.02921   0.03149   0.02700   0.08838   0.08915   0.25098   0.02077   0.05392   0.24616   0.08573   0.00000   0.08431   0.01816   0.03888   0.04732   0.02136   0.00000   0.02197   0.11404   0.08394   0.10560   0.00000   0.06217   0.09932   0.07359   0.21444   0.10121   0.09572   0.07187   0.09577   0.04068   0.06554   0.47160   1.04927   0.31341  
 43 20.1686   2453.477488  x:  0.11943   0.02378   0.07926   0.00937   0.06374   0.02921   0.03148   0.02701   0.08836   0.08917   0.25099   0.02077   0.05393   0.24617   0.08569   0.00000   0.08420   0.01817   0.03889   0.04733   0.02136   0.00000   0.02198   0.11403   0.08391   0.10559   0.00000   0.06218   0.09941   0.07340   0.21445   0.10127   0.09573   0.07208   0.09567   0.04071   0.06550   0.47160   1.04896   0.31340  
 44  0.6830   2453.477229  x:  0.11941   0.02378   0.07921   0.00936   0.06380   0.02921   0.03150   0.02701   0.08823   0.08946   0.25102   0.02070   0.05399   0.24618   0.08557   0.00000   0.08385   0.01822   0.03892   0.04732   0.02136   0.00000   0.02192   0.11402   0.08400   0.10568   0.00000   0.06215   0.09962   0.07350   0.21449   0.10132   0.09572   0.07194   0.09563   0.04067   0.06553   0.47158   1.04723   0.31342  
 45  0.0835   2453.467651  x:  0.12011   0.02384   0.07841   0.00866   0.06315   0.02937   0.03165   0.02748   0.08872   0.08946   0.25218   0.02065   0.05401   0.24660   0.08485   0.00000   0.08449   0.01817   0.03914   0.04731   0.02118   0.00000   0.02162   0.11402   0.08391   0.10638   0.00000   0.06198   0.09975   0.07331   0.21553   0.10216   0.09596   0.07206   0.09585   0.04060   0.06559   0.47093   0.98363   0.31423  
 46  2.4479   2453.465909  x:  0.12040   0.02373   0.07915   0.00847   0.06381   0.02939   0.03175   0.02751   0.08868   0.08928   0.25242   0.02070   0.05391   0.24672   0.08541   0.00000   0.08401   0.01825   0.03924   0.04734   0.02105   0.00000   0.02160   0.11412   0.08392   0.10622   0.00000   0.06205   0.09917   0.07331   0.21580   0.10221   0.09628   0.07212   0.09577   0.04059   0.06566   0.47081   0.97176   0.31436  
 47 14.1038   2453.463448  x:  0.12088   0.02372   0.07936   0.00880   0.06367   0.02941   0.03169   0.02738   0.08852   0.08906   0.25243   0.02041   0.05409   0.24629   0.08524   0.00000   0.08409   0.01838   0.03920   0.04724   0.02100   0.00000   0.02119   0.11469   0.08389   0.10606   0.00000   0.06212   0.09887   0.07327   0.21516   0.10216   0.09629   0.07203   0.09549   0.04055   0.06553   0.47072   0.95058   0.31755  
 48  0.0252   2453.462835  x:  0.12092   0.02373   0.07935   0.00871   0.06357   0.02938   0.03166   0.02731   0.08838   0.08896   0.25232   0.02048   0.05416   0.24603   0.08515   0.00000   0.08386   0.01828   0.03917   0.04722   0.02098   0.00000   0.02147   0.11488   0.08390   0.10609   0.00000   0.06217   0.09881   0.07334   0.21464   0.10205   0.09626   0.07193   0.09539   0.04056   0.06548   0.47092   0.94616   0.31915  
 49  0.0069   2453.462797  x:  0.12084   0.02372   0.07934   0.00872   0.06357   0.02937   0.03167   0.02734   0.08836   0.08896   0.25226   0.02054   0.05418   0.24601   0.08521   0.00000   0.08385   0.01830   0.03918   0.04722   0.02099   0.00000   0.02143   0.11485   0.08390   0.10605   0.00000   0.06217   0.09883   0.07334   0.21448   0.10204   0.09625   0.07193   0.09542   0.04057   0.06548   0.47100   0.94531   0.31933  
 50  0.0011   2453.462794  x:  0.12082   0.02372   0.07934   0.00871   0.06358   0.02937   0.03167   0.02734   0.08836   0.08896   0.25224   0.02052   0.05418   0.24602   0.08523   0.00000   0.08385   0.01831   0.03917   0.04722   0.02099   0.00000   0.02144   0.11483   0.08390   0.10605   0.00000   0.06216   0.09884   0.07334   0.21444   0.10205   0.09625   0.07194   0.09543   0.04057   0.06549   0.47101   0.94505   0.31938  
 51  0.0004   2453.462793  x:  0.12083   0.02372   0.07934   0.00871   0.06358   0.02937   0.03167   0.02734   0.08837   0.08896   0.25225   0.02052   0.05418   0.24602   0.08524   0.00000   0.08385   0.01830   0.03917   0.04722   0.02099   0.00000   0.02144   0.11482   0.08390   0.10605   0.00000   0.06216   0.09884   0.07334   0.21444   0.10205   0.09625   0.07194   0.09543   0.04057   0.06549   0.47100   0.94505   0.31940  
 52  0.0000   2453.462793  x:  0.12083   0.02372   0.07934   0.00871   0.06358   0.02937   0.03167   0.02734   0.08837   0.08896   0.25225   0.02052   0.05418   0.24602   0.08524   0.00000   0.08385   0.01830   0.03917   0.04722   0.02099   0.00000   0.02144   0.11482   0.08390   0.10605   0.00000   0.06216   0.09884   0.07334   0.21444   0.10205   0.09625   0.07194   0.09543   0.04057   0.06549   0.47100   0.94505   0.31941  
 53  0.0000   2453.462793  x:  0.12083   0.02372   0.07934   0.00871   0.06358   0.02937   0.03167   0.02734   0.08837   0.08896   0.25225   0.02052   0.05418   0.24603   0.08524   0.00000   0.08385   0.01830   0.03917   0.04722   0.02099   0.00000   0.02144   0.11482   0.08390   0.10605   0.00000   0.06216   0.09884   0.07334   0.21444   0.10205   0.09625   0.07194   0.09543   0.04057   0.06549   0.47100   0.94505   0.31941  
 54  0.0000   2453.462793  x:  0.12083   0.02372   0.07934   0.00871   0.06358   0.02937   0.03167   0.02734   0.08837   0.08896   0.25225   0.02052   0.05418   0.24603   0.08524   0.00000   0.08385   0.01830   0.03917   0.04722   0.02099   0.00000   0.02144   0.11482   0.08390   0.10605   0.00000   0.06216   0.09884   0.07334   0.21444   0.10205   0.09625   0.07194   0.09543   0.04057   0.06549   0.47100   0.94505   0.31941  
 55  0.0000   2453.462793  x:  0.12083   0.02372   0.07934   0.00871   0.06358   0.02937   0.03167   0.02734   0.08837   0.08896   0.25225   0.02052   0.05418   0.24603   0.08524   0.00000   0.08385   0.01830   0.03917   0.04722   0.02099   0.00000   0.02144   0.11482   0.08390   0.10605   0.00000   0.06216   0.09884   0.07334   0.21444   0.10205   0.09625   0.07194   0.09543   0.04057   0.06549   0.47100   0.94505   0.31941  
 56  0.0000   2453.462793  x:  0.12083   0.02372   0.07934   0.00871   0.06358   0.02937   0.03167   0.02734   0.08837   0.08896   0.25225   0.02052   0.05418   0.24603   0.08524   0.00000   0.08385   0.01830   0.03917   0.04722   0.02099   0.00000   0.02144   0.11482   0.08390   0.10605   0.00000   0.06216   0.09884   0.07334   0.21444   0.10205   0.09625   0.07194   0.09543   0.04057   0.06549   0.47100   0.94505   0.31941  