

TREE # 1

  0  0.0000   2701.733543  x:  0.05077   0.06391   0.08395   0.03499   0.04664   0.04176   0.01939   0.06807   0.08789   0.08511   0.09925   0.08810   0.07791   0.43330   0.51733  
  1 99.0000   2341.790229  x:  0.27651   0.21552   0.14145   0.33135   0.00000   0.00418   0.10420   0.20979   0.12475   0.18278   0.19491   0.43763   0.35732   0.42275   0.52262  
  2 1738.1858   2336.008106  x:  0.27821   0.22422   0.14095   0.27469   0.00000   0.10130   0.04447   0.22300   0.14365   0.20003   0.21724   0.49700   0.38255   0.39064   0.53199  
  3 192.9870   2329.920459  x:  0.27411   0.22857   0.14198   0.21789   0.00000   0.07810   0.00000   0.23036   0.15433   0.21125   0.23162   0.54105   0.39787   0.36048   0.54173  
  4 166.2796   2325.957514  x:  0.26424   0.23044   0.14498   0.15106   0.00000   0.06542   0.01845   0.23724   0.16777   0.22237   0.24622   0.58467   0.40842   0.32622   0.55380  
  5 207.7929   2325.374980  x:  0.23331   0.22373   0.14670   0.16264   0.00000   0.06446   0.01903   0.23265   0.16270   0.22395   0.24704   0.60754   0.39842   0.30868   0.57588  
  6 23.2099   2325.072652  x:  0.22161   0.22592   0.15109   0.15966   0.00000   0.06377   0.01922   0.23101   0.15927   0.22994   0.24364   0.62264   0.39184   0.33144   0.61631  
  7 13.9058   2324.253689  x:  0.25438   0.22325   0.14186   0.16133   0.00000   0.06309   0.01916   0.22979   0.16099   0.24377   0.21490   0.61762   0.38052   0.31877   0.79178  
  8 16.2469   2323.891477  x:  0.24540   0.23032   0.15403   0.16368   0.00000   0.06185   0.01843   0.23991   0.16726   0.23815   0.23784   0.59090   0.40220   0.31320   0.86334  
  9 14.9016   2323.765363  x:  0.24626   0.22495   0.14257   0.16347   0.00000   0.06119   0.01943   0.23389   0.16041   0.23125   0.25151   0.58896   0.41211   0.31509   0.87854  
 10  7.4506   2323.116129  x:  0.26196   0.22896   0.15331   0.16530   0.00000   0.05738   0.01916   0.21798   0.17121   0.18224   0.26889   0.60446   0.40194   0.31666   0.89126  
 11  2.8565   2317.985689  x:  0.28746   0.20279   0.13741   0.17541   0.00000   0.02165   0.02037   0.33392   0.14968   0.12741   0.29482   0.65692   0.36816   0.32837   0.90488  
 12  6.1133   2313.688777  x:  0.29412   0.21230   0.14075   0.18208   0.00000   0.00319   0.02174   0.32823   0.14578   0.14127   0.29879   0.67465   0.37254   0.32862   0.90651  
 13 24.0632   2313.361365  x:  0.29347   0.21411   0.15162   0.17837   0.00000   0.00320   0.02226   0.32758   0.12564   0.13221   0.28304   0.67764   0.38722   0.32614   0.90639  
 14 16.7691   2313.187107  x:  0.28789   0.20676   0.14973   0.17877   0.00000   0.00266   0.02253   0.32705   0.13453   0.12517   0.26723   0.68009   0.40282   0.32879   0.90580  
 15  8.7000   2296.007814  x:  0.29141   0.31201   0.12205   0.28062   0.00000   0.01498   0.04730   0.23913   0.15845   0.22707   0.11721   0.77986   0.54997   0.36671   0.76708  
 16  0.7610   2294.674974  x:  0.31074   0.25023   0.16714   0.28920   0.00000   0.01593   0.04717   0.22491   0.15904   0.25306   0.12324   0.78894   0.56163   0.37361   0.75697  
 17 28.5216   2283.170913  x:  0.37006   0.36580   0.14030   0.32905   0.00000   0.00319   0.05508   0.23889   0.13909   0.31028   0.27842   0.94609   0.58391   0.32528   0.73130  
 18  0.2284   2276.143964  x:  0.40901   0.30929   0.15788   0.32517   0.00000   0.01686   0.04967   0.33854   0.18219   0.31413   0.24692   1.16853   0.69371   0.26630   0.69440  
 19  0.1795   2273.120586  x:  0.46487   0.31322   0.15357   0.32498   0.00000   0.01473   0.04551   0.31943   0.15359   0.28756   0.17218   1.37739   0.75519   0.32386   0.60098  
 20  0.1116   2272.199713  x:  0.47856   0.32815   0.14536   0.31278   0.00000   0.01077   0.03775   0.29970   0.15182   0.26827   0.15597   1.47174   0.77206   0.29263   0.67669  
 21  0.0904   2271.977936  x:  0.47359   0.32235   0.14596   0.31287   0.00000   0.00749   0.03128   0.30520   0.16518   0.26626   0.17297   1.49571   0.76588   0.29249   0.63853  
 22  0.0247   2271.952378  x:  0.46821   0.31687   0.14808   0.31672   0.00000   0.00735   0.03011   0.30586   0.16294   0.26390   0.17282   1.49280   0.76443   0.29921   0.63667  
 23  0.0076   2271.942805  x:  0.46240   0.31647   0.14866   0.32010   0.00000   0.00741   0.02901   0.30478   0.16164   0.26184   0.17370   1.49113   0.76385   0.29673   0.64266  
 24  0.0051   2271.941858  x:  0.46169   0.31761   0.14834   0.32124   0.00000   0.00756   0.02884   0.30517   0.16241   0.26222   0.17437   1.49171   0.76420   0.29675   0.64009  
 25  0.0022   2271.941724  x:  0.46197   0.31795   0.14827   0.32143   0.00000   0.00750   0.02865   0.30516   0.16233   0.26243   0.17393   1.49336   0.76437   0.29681   0.63971  
 26  0.0014   2271.941678  x:  0.46215   0.31789   0.14831   0.32149   0.00000   0.00754   0.02860   0.30521   0.16222   0.26290   0.17353   1.49339   0.76430   0.29683   0.64031  
 27  0.0005   2271.941666  x:  0.46212   0.31784   0.14831   0.32147   0.00000   0.00753   0.02855   0.30520   0.16229   0.26312   0.17355   1.49319   0.76404   0.29680   0.64021  
 28  0.0003   2271.941666  x:  0.46211   0.31787   0.14829   0.32146   0.00000   0.00753   0.02855   0.30516   0.16228   0.26310   0.17354   1.49314   0.76398   0.29682   0.64020  
 29  0.0001   2271.941665  x:  0.46211   0.31788   0.14829   0.32145   0.00000   0.00753   0.02855   0.30518   0.16228   0.26310   0.17355   1.49317   0.76394   0.29681   0.64023  
 30  0.0000   2271.941665  x:  0.46211   0.31787   0.14830   0.32146   0.00000   0.00753   0.02856   0.30518   0.16228   0.26310   0.17355   1.49320   0.76393   0.29682   0.64020  
 31  0.0000   2271.941665  x:  0.46211   0.31787   0.14829   0.32146   0.00000   0.00753   0.02856   0.30517   0.16228   0.26310   0.17355   1.49320   0.76393   0.29682   0.64021  
 32  0.0000   2271.941665  x:  0.46211   0.31787   0.14829   0.32145   0.00000   0.00753   0.02856   0.30517   0.16228   0.26310   0.17354   1.49321   0.76393   0.29682   0.64021  
 33  0.0000   2271.941665  x:  0.46211   0.31787   0.14830   0.32146   0.00000   0.00753   0.02856   0.30517   0.16228   0.26310   0.17354   1.49321   0.76393   0.29682   0.64021  