

TREE # 1

  0  0.0000   5530.378265  x:  0.05607   0.05218   0.02939   0.02575   0.01691   0.03719   0.05626   0.01884   0.08516   0.08297   0.07352   0.10194   0.06165   0.08582   0.09335   0.10200   0.10187   0.07029   0.02004   0.06469   0.06009   0.10270   0.01364   0.09931   0.07683   0.04833   0.07732   0.06347   0.08918   0.10814   0.03568   0.06089   0.01885   0.04610   0.47223   0.58183   0.51491  
  1 99.0000   4460.666098  x:  0.12475   0.19329   1.79182   1.08053   0.48872   0.59564   0.21741   1.01577   0.19118   0.15104   0.26853   0.02989   0.00000   0.06636   0.22775   0.14553   0.23143   1.14690   0.17486   0.37202   0.91511   0.04687   0.21428   0.05255   0.02887   0.02303   0.12911   0.13215   0.23328   0.10620   0.02743   0.16647   0.50514   0.17367   0.47649   0.60957   0.51836  
  2 4971.2765   4458.496614  x:  0.12425   0.19255   1.79483   1.08181   0.48873   0.59640   0.21730   1.01678   0.19100   0.15096   0.26929   0.02822   0.01746   0.06553   0.22853   0.14574   0.23102   1.14982   0.17426   0.37209   0.91730   0.04481   0.21331   0.05129   0.02685   0.02304   0.12933   0.13165   0.23388   0.10571   0.02647   0.16622   0.50473   0.17359   0.47548   0.60961   0.51843  
  3 1171.3490   4436.307074  x:  0.11608   0.17954   1.80047   1.07794   0.47942   0.59553   0.21260   1.01039   0.18638   0.14841   0.27494   0.00040   0.01813   0.05468   0.23647   0.14764   0.22275   1.16804   0.16282   0.36679   0.93001   0.01755   0.19594   0.03528   0.00000   0.02384   0.13120   0.12348   0.23917   0.09912   0.01364   0.16072   0.48927   0.16993   0.46140   0.60960   0.51939  
  4 350.9750   4436.103115  x:  0.11601   0.17937   1.80054   1.07789   0.47929   0.59553   0.21256   1.01029   0.18635   0.14840   0.27500   0.00000   0.01814   0.05459   0.23653   0.14765   0.22265   1.16827   0.16267   0.36673   0.93017   0.01717   0.19574   0.03537   0.00000   0.02385   0.13119   0.12341   0.23923   0.09909   0.01373   0.16071   0.48907   0.16994   0.46128   0.60960   0.51941  
  5 1051.7634   4431.434700  x:  0.11683   0.17338   1.80280   1.07617   0.47515   0.59596   0.21280   1.00627   0.18731   0.14938   0.27580   0.00000   0.01845   0.05590   0.23498   0.14722   0.21996   1.17578   0.15758   0.36462   0.93503   0.00000   0.19070   0.03722   0.00000   0.02142   0.13049   0.12423   0.23926   0.10030   0.01157   0.16189   0.48198   0.17057   0.46215   0.60962   0.52121  
  6 744.5975   4412.992283  x:  0.12696   0.12264   1.82228   1.06203   0.44028   0.60076   0.21596   0.97168   0.19679   0.15756   0.27977   0.00000   0.02101   0.06955   0.22062   0.14379   0.19845   1.23780   0.11483   0.34738   0.97448   0.00000   0.15204   0.04340   0.00000   0.03901   0.12631   0.13436   0.23692   0.11143   0.00000   0.17239   0.42303   0.17591   0.47648   0.60955   0.53817  
  7 1774.7300   4390.620358  x:  0.14733   0.03698   1.85524   1.03905   0.38184   0.61145   0.22079   0.91195   0.21153   0.16605   0.27787   0.00000   0.02499   0.09030   0.20345   0.14150   0.16638   1.33606   0.04440   0.32029   1.03507   0.00000   0.10461   0.00382   0.00000   0.03773   0.12756   0.15473   0.22745   0.12584   0.03474   0.18542   0.32931   0.17969   0.51504   0.60807   0.56941  
  8 1046.6983   4380.748636  x:  0.15566   0.00000   1.87088   1.03087   0.35739   0.61887   0.21951   0.88593   0.21276   0.16051   0.26845   0.00000   0.02643   0.08966   0.21174   0.14661   0.15751   1.37203   0.01657   0.31143   1.05512   0.00000   0.10599   0.00623   0.00000   0.03733   0.14101   0.16307   0.21766   0.11679   0.03965   0.17537   0.29600   0.16539   0.54080   0.60547   0.58485  
  9 424.3835   4375.804466  x:  0.15413   0.00000   1.88296   1.02199   0.33407   0.62554   0.21344   0.85601   0.20740   0.15099   0.26658   0.00000   0.02731   0.07758   0.21746   0.14217   0.16221   1.39919   0.00000   0.31073   1.06738   0.00000   0.12626   0.00560   0.00000   0.03768   0.11958   0.16154   0.22716   0.11720   0.03909   0.17191   0.27959   0.16684   0.56058   0.60086   0.60124  
 10 140.4313   4358.679437  x:  0.10604   0.00000   1.95589   0.94618   0.18230   0.66521   0.18247   0.61867   0.18498   0.12968   0.31908   0.00000   0.03093   0.00000   0.19032   0.13165   0.26220   1.54782   0.00000   0.34595   1.11707   0.00000   0.12366   0.00614   0.00000   0.03504   0.19708   0.11347   0.26962   0.12278   0.03297   0.19951   0.27346   0.21073   0.65492   0.55707   0.72540  
 11 96.2429   4350.369960  x:  0.07318   0.00000   2.00497   0.88897   0.09930   0.68214   0.16708   0.46314   0.17897   0.13285   0.35942   0.00000   0.03265   0.06647   0.22594   0.15697   0.31826   1.63887   0.00000   0.35974   1.14411   0.00000   0.09552   0.00648   0.00000   0.03550   0.19492   0.08061   0.28198   0.09876   0.03860   0.18750   0.28398   0.20662   0.67049   0.53174   0.80741  
 12 167.0916   4339.833046  x:  0.11225   0.00000   2.04232   0.81660   0.09436   0.68515   0.16421   0.33675   0.20058   0.14659   0.36531   0.00000   0.03373   0.03688   0.23883   0.16041   0.34768   1.72010   0.00000   0.34567   1.16635   0.00000   0.03536   0.00768   0.00000   0.03567   0.16244   0.11970   0.26073   0.08076   0.04972   0.15948   0.28439   0.17002   0.62652   0.52191   0.88974  
 13 99.1615   4329.606622  x:  0.13135   0.00000   2.06779   0.70340   0.10128   0.66482   0.17214   0.22183   0.24152   0.18345   0.38207   0.00000   0.03468   0.02733   0.22659   0.16905   0.33739   1.83506   0.00000   0.29609   1.20837   0.00000   0.08478   0.00628   0.00000   0.03823   0.17918   0.13882   0.22315   0.08201   0.06057   0.15200   0.24307   0.13959   0.50099   0.52115   0.98872  
 14 161.2711   4312.349490  x:  0.10628   0.00000   2.03473   0.50603   0.10926   0.61373   0.17654   0.30262   0.26655   0.14836   0.31899   0.00000   0.03559   0.03114   0.24491   0.17751   0.26157   1.99182   0.00000   0.19060   1.24955   0.00000   0.06440   0.00568   0.00000   0.03684   0.21013   0.11378   0.21348   0.11458   0.06341   0.15194   0.12193   0.15021   0.42536   0.52585   1.16854  
 15 85.9547   4306.199119  x:  0.09983   0.00000   1.94350   0.44995   0.15550   0.55938   0.17440   0.31644   0.23348   0.15975   0.32978   0.00000   0.03571   0.03219   0.23467   0.16719   0.14682   2.10671   0.00000   0.15767   1.31011   0.00000   0.06279   0.00595   0.00000   0.03710   0.21678   0.10734   0.23769   0.07451   0.06738   0.17502   0.16313   0.12793   0.44558   0.54089   1.24653  
 16 67.3916   4300.984259  x:  0.10666   0.00000   1.77632   0.47100   0.22441   0.48969   0.17174   0.32678   0.19210   0.17416   0.35622   0.00000   0.03550   0.03475   0.25450   0.18178   0.08127   2.24354   0.00000   0.23301   1.38943   0.00000   0.06450   0.00574   0.00000   0.03728   0.23292   0.11419   0.23726   0.09832   0.07122   0.13354   0.14772   0.14037   0.44778   0.55844   1.32151  
 17 71.5401   4297.052106  x:  0.10064   0.00000   1.59374   0.52828   0.23758   0.45827   0.17865   0.35857   0.20635   0.17249   0.35233   0.00000   0.03525   0.03060   0.26156   0.18038   0.10750   2.37434   0.00000   0.26604   1.46264   0.00000   0.06590   0.00562   0.00000   0.03841   0.22386   0.10818   0.20676   0.05994   0.07703   0.16499   0.13960   0.12003   0.42327   0.56841   1.37886  
 18 71.4976   4294.553724  x:  0.10550   0.00000   1.44904   0.58058   0.22148   0.46467   0.18437   0.37541   0.23087   0.16841   0.33622   0.00000   0.03490   0.03052   0.27547   0.18512   0.12540   2.47716   0.00000   0.23460   1.51491   0.00000   0.06713   0.00561   0.00000   0.03898   0.23127   0.11305   0.21847   0.08745   0.07948   0.14826   0.17763   0.10540   0.39512   0.57214   1.41378  
 19 79.3204   4293.858989  x:  0.11018   0.00000   1.40549   0.60010   0.22434   0.48188   0.18500   0.37703   0.23362   0.17173   0.33545   0.00000   0.03453   0.03164   0.27677   0.18687   0.12974   2.50438   0.00000   0.21315   1.52442   0.00000   0.06864   0.00567   0.00000   0.03896   0.23438   0.11773   0.22144   0.07243   0.07971   0.13379   0.18058   0.13128   0.38915   0.57293   1.41703  
 20 43.1404   4293.186097  x:  0.10720   0.00000   1.36258   0.62663   0.24550   0.52801   0.17887   0.37449   0.21835   0.17923   0.34839   0.00000   0.03339   0.03417   0.27308   0.18884   0.13307   2.52669   0.00000   0.18903   1.52013   0.00000   0.06778   0.00595   0.00000   0.03924   0.23658   0.11475   0.23095   0.07505   0.08096   0.13669   0.16105   0.11965   0.39382   0.57425   1.40067  
 21 18.4581   4292.526271  x:  0.10205   0.00000   1.33071   0.63392   0.24292   0.57100   0.17105   0.36678   0.21468   0.16597   0.34106   0.00000   0.03133   0.03311   0.27673   0.18858   0.10745   2.55880   0.00000   0.19628   1.50917   0.00000   0.06593   0.00618   0.00000   0.03938   0.23209   0.10961   0.20447   0.08450   0.07927   0.14842   0.16612   0.12572   0.39255   0.58156   1.35832  
 22 11.6590   4291.018578  x:  0.10566   0.00000   1.26534   0.61567   0.22118   0.62938   0.17954   0.36984   0.23979   0.15073   0.32360   0.00000   0.02551   0.03902   0.25820   0.17911   0.07922   2.64308   0.00000   0.24600   1.47990   0.00000   0.06692   0.00739   0.00000   0.04064   0.23205   0.11322   0.23176   0.07146   0.08152   0.14326   0.16267   0.11906   0.39423   0.60230   1.23452  
 23 24.5991   4288.195059  x:  0.11985   0.00000   1.17211   0.55800   0.19884   0.60758   0.18574   0.38654   0.23085   0.17300   0.32707   0.00000   0.01353   0.02585   0.28590   0.20044   0.11545   2.81603   0.00000   0.24478   1.43839   0.00000   0.07227   0.00899   0.00000   0.04274   0.22273   0.12742   0.23145   0.08029   0.07902   0.16099   0.16607   0.13156   0.44194   0.62480   0.98382  
 24 31.0124   4286.642366  x:  0.11676   0.04748   1.13702   0.55677   0.18766   0.57076   0.17882   0.38962   0.21571   0.16537   0.32469   0.00000   0.00727   0.03078   0.26596   0.17892   0.13205   2.89685   0.00000   0.23286   1.41545   0.00000   0.07169   0.01037   0.00000   0.04392   0.21612   0.12434   0.21883   0.08373   0.08081   0.14502   0.16578   0.13034   0.45976   0.61892   0.85743  
 25 60.9043   4285.781911  x:  0.11396   0.01693   1.12512   0.57309   0.18814   0.53929   0.17534   0.38140   0.20886   0.15097   0.31510   0.00000   0.00396   0.03571   0.25198   0.16896   0.13320   2.92884   0.00000   0.22446   1.40303   0.00000   0.07002   0.01124   0.00000   0.04437   0.21309   0.12155   0.22058   0.08445   0.08108   0.14295   0.16204   0.13130   0.46115   0.59136   0.79360  
 26 25.2122   4285.269891  x:  0.11454   0.02841   1.12304   0.58972   0.18896   0.52459   0.18092   0.37182   0.21571   0.15072   0.31032   0.00000   0.00279   0.03070   0.26068   0.18057   0.12211   2.92935   0.00000   0.22436   1.39477   0.00000   0.06927   0.01161   0.00000   0.04435   0.21063   0.12213   0.23529   0.08390   0.07917   0.15934   0.15673   0.13633   0.45639   0.56473   0.76829  
 27 12.9208   4283.720560  x:  0.09582   0.03034   1.11917   0.57395   0.17920   0.53071   0.19188   0.38372   0.22446   0.19044   0.34954   0.00000   0.00230   0.00805   0.26608   0.17040   0.11524   2.92288   0.00000   0.23546   1.39037   0.00000   0.06741   0.01349   0.00000   0.04507   0.18301   0.10344   0.23049   0.08632   0.07992   0.14851   0.15873   0.13649   0.44480   0.51591   0.71042  
 28  7.8007   4281.723470  x:  0.10478   0.03994   1.11839   0.53551   0.18410   0.53949   0.15679   0.38813   0.19208   0.17419   0.38396   0.00000   0.00309   0.00886   0.26946   0.16292   0.13570   2.91894   0.00000   0.24974   1.40102   0.00000   0.06788   0.01576   0.00000   0.04564   0.16717   0.11242   0.24965   0.08674   0.07831   0.16484   0.16446   0.14501   0.40207   0.50352   0.64059  
 29 21.8952   4280.691356  x:  0.08329   0.04079   1.12201   0.53304   0.20645   0.52980   0.16697   0.36713   0.20010   0.15542   0.38259   0.00000   0.00405   0.00143   0.26134   0.18014   0.14727   2.90886   0.00000   0.24358   1.41877   0.00000   0.06345   0.01691   0.00000   0.04541   0.15310   0.09094   0.25876   0.08914   0.07623   0.16241   0.16424   0.15035   0.40005   0.55153   0.60562  
 30 16.1076   4280.233310  x:  0.08323   0.03805   1.12225   0.54398   0.19804   0.52266   0.17021   0.36320   0.19945   0.15659   0.38596   0.00000   0.00436   0.00000   0.27271   0.16521   0.14477   2.89720   0.00000   0.24061   1.42635   0.00000   0.06291   0.01714   0.00000   0.04518   0.15428   0.09088   0.26243   0.08900   0.07514   0.16515   0.16087   0.15135   0.40024   0.57043   0.59897  
 31 11.3553   4279.643162  x:  0.08841   0.03349   1.11926   0.56637   0.16157   0.51036   0.15749   0.36939   0.18763   0.16361   0.38997   0.00000   0.00506   0.00000   0.26284   0.18302   0.13532   2.86939   0.00000   0.23741   1.45215   0.00000   0.06327   0.01742   0.00000   0.04442   0.14662   0.09606   0.26399   0.08473   0.07300   0.16314   0.15712   0.14791   0.40219   0.58312   0.60314  
 32  9.8821   4277.312206  x:  0.08212   0.04426   1.08627   0.55023   0.16058   0.50502   0.13507   0.36060   0.19588   0.14069   0.36285   0.00000   0.00794   0.00000   0.28521   0.17460   0.13911   2.80742   0.00000   0.23175   1.59752   0.00000   0.06198   0.01726   0.00000   0.03966   0.14020   0.08972   0.27143   0.08157   0.05876   0.15449   0.15210   0.14831   0.43297   0.47942   0.70780  
 33  9.5142   4276.946356  x:  0.08282   0.04634   1.08291   0.54621   0.15572   0.50809   0.16363   0.35933   0.17297   0.13361   0.35549   0.00000   0.00818   0.00000   0.28617   0.17482   0.14192   2.80188   0.00000   0.23186   1.60974   0.00000   0.06146   0.01722   0.00000   0.03862   0.13814   0.09041   0.27153   0.08078   0.05620   0.15373   0.15301   0.14786   0.42998   0.46733   0.74167  
 34 16.6321   4274.468790  x:  0.07544   0.04505   1.10060   0.54067   0.15342   0.51406   0.14134   0.36287   0.15539   0.12702   0.36562   0.00000   0.00486   0.00000   0.31136   0.16997   0.15071   2.82259   0.00000   0.23469   1.48817   0.00000   0.05826   0.01688   0.00000   0.02685   0.12291   0.08297   0.28380   0.07328   0.03325   0.14285   0.15841   0.14688   0.41718   0.53768   1.23482  
 35  9.6014   4274.455758  x:  0.07574   0.04498   1.10051   0.54082   0.15331   0.51372   0.14191   0.36307   0.15610   0.12543   0.36751   0.00000   0.00488   0.00312   0.31150   0.17021   0.15045   2.82335   0.00000   0.23437   1.48657   0.00000   0.05832   0.01688   0.00000   0.02682   0.12283   0.08327   0.28365   0.07324   0.03317   0.14276   0.15834   0.14680   0.41740   0.53746   1.23553  
 36  5.0117   4274.412834  x:  0.07716   0.04457   1.10012   0.54165   0.15281   0.51191   0.14459   0.36400   0.15947   0.11804   0.37628   0.00000   0.00499   0.00104   0.31218   0.17132   0.14914   2.82780   0.00000   0.23283   1.47778   0.00000   0.05863   0.01688   0.00000   0.02667   0.12245   0.08469   0.28295   0.07303   0.03274   0.14231   0.15800   0.14640   0.41841   0.53625   1.23879  
 37  6.6559   4274.139747  x:  0.07657   0.04215   1.10061   0.55024   0.15462   0.49927   0.14452   0.36289   0.16025   0.12434   0.36571   0.00000   0.00688   0.00132   0.31481   0.17026   0.14485   2.87910   0.00000   0.23127   1.40056   0.00000   0.05854   0.01680   0.00000   0.02577   0.12311   0.08409   0.28548   0.07183   0.02871   0.14171   0.15666   0.14613   0.41846   0.52361   1.23195  
 38  3.6266   4272.872304  x:  0.08319   0.04746   1.08832   0.52478   0.14931   0.51468   0.15047   0.35779   0.17042   0.12819   0.35239   0.00000   0.00695   0.00153   0.32151   0.16531   0.14451   2.82575   0.00000   0.22563   1.43214   0.00000   0.06010   0.01597   0.00000   0.02222   0.12642   0.09064   0.29016   0.07236   0.00832   0.13635   0.14876   0.14627   0.42311   0.53558   1.17136  
 39  0.5303   4272.513102  x:  0.08775   0.04796   1.09051   0.51173   0.15719   0.51162   0.15917   0.35595   0.18322   0.13645   0.35104   0.00000   0.00745   0.00130   0.30883   0.15912   0.14427   2.80277   0.00000   0.21593   1.46207   0.00000   0.06149   0.01784   0.00000   0.02313   0.12838   0.09522   0.29077   0.07827   0.01274   0.13821   0.14307   0.14766   0.42030   0.54650   1.12800  
 40  0.1116   4272.339842  x:  0.08900   0.04932   1.08330   0.50275   0.15822   0.52117   0.15882   0.35405   0.17990   0.13213   0.34759   0.00000   0.00764   0.00251   0.30380   0.15846   0.14332   2.78682   0.00000   0.21183   1.46192   0.00000   0.06319   0.01849   0.00000   0.02527   0.13467   0.09646   0.29205   0.07847   0.01048   0.13544   0.14559   0.14642   0.42445   0.55290   0.94284  
 41  0.2357   4272.266729  x:  0.08708   0.04912   1.07588   0.50740   0.15884   0.51797   0.15877   0.35458   0.18142   0.13309   0.35541   0.00000   0.00787   0.00197   0.29613   0.15882   0.14278   2.76203   0.00000   0.21357   1.45623   0.00000   0.06266   0.01986   0.00000   0.02397   0.13243   0.09455   0.29403   0.07968   0.00823   0.13882   0.14727   0.14845   0.42185   0.55664   0.92275  
 42  0.0397   4272.192915  x:  0.08651   0.04888   1.07462   0.51029   0.15633   0.51980   0.15603   0.35538   0.18062   0.13283   0.35795   0.00000   0.00779   0.00146   0.29724   0.16174   0.14286   2.73687   0.00000   0.21835   1.43824   0.00000   0.06212   0.02147   0.00000   0.02246   0.13130   0.09400   0.29381   0.07723   0.01114   0.13742   0.14882   0.14674   0.41962   0.56014   0.87593  
 43  0.0537   4272.089689  x:  0.08706   0.04899   1.06743   0.50813   0.15850   0.51003   0.15510   0.35452   0.17980   0.13449   0.35520   0.00000   0.00751   0.00115   0.30586   0.16160   0.14511   2.68000   0.00000   0.21955   1.41649   0.00000   0.06097   0.02388   0.00000   0.02355   0.13291   0.09456   0.29154   0.07684   0.01056   0.13675   0.14512   0.14580   0.41768   0.57099   0.95572  
 44  0.0442   4272.031191  x:  0.08708   0.05128   1.04925   0.50345   0.15540   0.51789   0.15762   0.35242   0.18070   0.13386   0.35073   0.00000   0.00751   0.00170   0.30472   0.15895   0.14333   2.62548   0.00000   0.21812   1.41995   0.00000   0.06167   0.02458   0.00000   0.02407   0.13253   0.09459   0.29095   0.07758   0.01031   0.13752   0.14691   0.14637   0.42346   0.57524   0.92722  
 45  0.0431   4272.010679  x:  0.08711   0.05081   1.04613   0.50239   0.15656   0.51731   0.15747   0.35049   0.17980   0.13170   0.35266   0.00000   0.00751   0.00187   0.30027   0.16116   0.14255   2.60549   0.00000   0.21691   1.41350   0.00000   0.06211   0.02359   0.00000   0.02342   0.13431   0.09463   0.29155   0.07804   0.01077   0.13749   0.14682   0.14679   0.42298   0.57312   0.94673  
 46  0.0167   4272.001228  x:  0.08739   0.05127   1.04689   0.50066   0.15590   0.51600   0.15724   0.35073   0.18033   0.13235   0.35216   0.00000   0.00751   0.00170   0.30103   0.16084   0.14285   2.59761   0.00000   0.21766   1.40797   0.00000   0.06250   0.02246   0.00000   0.02390   0.13184   0.09490   0.29175   0.07755   0.01075   0.13679   0.14662   0.14647   0.42242   0.57280   0.94548  
 47  0.0079   4271.998873  x:  0.08714   0.05141   1.04414   0.50182   0.15573   0.51523   0.15726   0.35086   0.18039   0.13281   0.35204   0.00000   0.00754   0.00165   0.30213   0.16034   0.14313   2.59575   0.00000   0.21797   1.40867   0.00000   0.06222   0.02201   0.00000   0.02383   0.13273   0.09465   0.29204   0.07748   0.01078   0.13717   0.14653   0.14647   0.42222   0.57532   0.94333  
 48  0.0053   4271.998614  x:  0.08714   0.05122   1.04574   0.50186   0.15593   0.51528   0.15717   0.35087   0.18028   0.13278   0.35191   0.00000   0.00757   0.00169   0.30230   0.16031   0.14325   2.59281   0.00000   0.21781   1.40893   0.00000   0.06218   0.02202   0.00000   0.02377   0.13266   0.09466   0.29192   0.07765   0.01074   0.13725   0.14655   0.14655   0.42231   0.57612   0.94192  
 49  0.0045   4271.998571  x:  0.08715   0.05124   1.04525   0.50178   0.15605   0.51539   0.15714   0.35101   0.18025   0.13278   0.35206   0.00000   0.00760   0.00169   0.30226   0.16038   0.14327   2.59311   0.00000   0.21772   1.40905   0.00000   0.06217   0.02202   0.00000   0.02377   0.13258   0.09466   0.29182   0.07769   0.01075   0.13722   0.14658   0.14657   0.42224   0.57638   0.94176  
 50  0.0007   4271.998561  x:  0.08714   0.05124   1.04537   0.50175   0.15595   0.51543   0.15713   0.35098   0.18029   0.13275   0.35207   0.00000   0.00762   0.00169   0.30222   0.16037   0.14330   2.59310   0.00000   0.21777   1.40896   0.00000   0.06217   0.02202   0.00000   0.02378   0.13261   0.09465   0.29180   0.07768   0.01076   0.13720   0.14660   0.14659   0.42223   0.57639   0.94206  
 51  0.0003   4271.998560  x:  0.08715   0.05124   1.04535   0.50175   0.15597   0.51542   0.15713   0.35096   0.18027   0.13275   0.35205   0.00000   0.00762   0.00169   0.30223   0.16036   0.14330   2.59310   0.00000   0.21777   1.40897   0.00000   0.06217   0.02202   0.00000   0.02378   0.13261   0.09466   0.29179   0.07766   0.01076   0.13721   0.14658   0.14658   0.42224   0.57637   0.94209  
 52  0.0001   4271.998560  x:  0.08715   0.05124   1.04535   0.50175   0.15597   0.51542   0.15713   0.35096   0.18027   0.13275   0.35205   0.00000   0.00762   0.00169   0.30224   0.16036   0.14330   2.59310   0.00000   0.21777   1.40898   0.00000   0.06217   0.02202   0.00000   0.02378   0.13261   0.09466   0.29180   0.07766   0.01075   0.13721   0.14659   0.14657   0.42224   0.57636   0.94212  
 53  0.0000   4271.998560  x:  0.08715   0.05124   1.04535   0.50175   0.15597   0.51542   0.15713   0.35096   0.18027   0.13275   0.35205   0.00000   0.00762   0.00169   0.30224   0.16036   0.14330   2.59310   0.00000   0.21777   1.40898   0.00000   0.06217   0.02202   0.00000   0.02378   0.13261   0.09466   0.29180   0.07766   0.01075   0.13721   0.14659   0.14657   0.42224   0.57636   0.94212  
 54  0.0000   4271.998560  x:  0.08715   0.05124   1.04535   0.50175   0.15597   0.51542   0.15713   0.35096   0.18027   0.13275   0.35205   0.00000   0.00762   0.00169   0.30224   0.16036   0.14330   2.59310   0.00000   0.21777   1.40898   0.00000   0.06217   0.02202   0.00000   0.02378   0.13261   0.09466   0.29180   0.07766   0.01075   0.13721   0.14659   0.14657   0.42224   0.57636   0.94212  
 55  0.0000   4271.998560  x:  0.08715   0.05124   1.04535   0.50175   0.15597   0.51542   0.15713   0.35096   0.18027   0.13275   0.35205   0.00000   0.00762   0.00169   0.30224   0.16036   0.14330   2.59310   0.00000   0.21777   1.40898   0.00000   0.06217   0.02202   0.00000   0.02378   0.13261   0.09466   0.29180   0.07766   0.01075   0.13721   0.14659   0.14657   0.42224   0.57636   0.94212  
check convergence!
