

TREE # 1

  0  0.0000   2945.207440  x:  0.03474   0.04419   0.09451   0.08514   0.08058   0.10316   0.01923   0.07405   0.02486   0.09155   0.08420   0.03057   0.10972   0.04349   0.03557   0.05623   0.04360   0.04824   0.47179   0.54782   0.54290  
  1 99.0000   2562.163306  x:  0.14382   0.15327   0.15489   0.12912   0.09932   0.13693   0.00000   0.05652   0.04372   0.13047   0.10054   0.14621   0.14240   0.41800   0.05453   0.04804   0.03581   0.08392   0.47139   0.55151   0.54438  
  2 2864.3276   2525.310005  x:  0.16782   0.17727   0.22122   0.19744   0.12537   0.19835   0.00000   0.00229   0.05225   0.19475   0.13019   0.15358   0.16370   0.38273   0.04189   0.01506   0.01075   0.11619   0.46447   0.56150   0.54827  
  3 347.6282   2520.201798  x:  0.18102   0.19047   0.25880   0.23315   0.13754   0.23118   0.00000   0.03940   0.05299   0.22828   0.14472   0.15659   0.17741   0.36358   0.04320   0.00490   0.01111   0.13177   0.45855   0.56912   0.55126  
  4 474.3156   2518.162005  x:  0.18558   0.19503   0.27483   0.24572   0.13976   0.24335   0.00000   0.04327   0.04901   0.23992   0.14839   0.15598   0.18495   0.35662   0.05236   0.02871   0.02079   0.13519   0.45360   0.57468   0.55343  
  5 249.4272   2516.412201  x:  0.18556   0.19501   0.29824   0.24779   0.12667   0.25006   0.00000   0.04124   0.02167   0.24097   0.13905   0.14529   0.20329   0.35778   0.06563   0.02201   0.02535   0.11974   0.43168   0.59643   0.56184  
  6 60.6994   2515.213326  x:  0.18239   0.19184   0.32352   0.24376   0.11044   0.25544   0.00000   0.04188   0.03993   0.23668   0.12982   0.13024   0.22500   0.36096   0.06674   0.02295   0.02082   0.10553   0.40074   0.63188   0.57615  
  7 64.5567   2514.591133  x:  0.18140   0.19085   0.33326   0.23802   0.10656   0.25070   0.00000   0.04148   0.03837   0.22954   0.13181   0.12603   0.23354   0.36202   0.05245   0.02362   0.02787   0.12212   0.38317   0.66889   0.59252  
  8 39.9173   2513.965111  x:  0.18302   0.19247   0.33525   0.23413   0.11485   0.24262   0.00000   0.04312   0.03447   0.22413   0.14038   0.13062   0.23385   0.35980   0.05557   0.02749   0.01397   0.12660   0.37725   0.72149   0.61746  
  9 39.6617   2513.074456  x:  0.18611   0.19556   0.33320   0.23073   0.13233   0.23282   0.00000   0.04034   0.04035   0.22046   0.15260   0.14115   0.22857   0.35515   0.06911   0.01999   0.02424   0.12250   0.37811   0.81969   0.66552  
 10 103.0605   2512.095974  x:  0.18524   0.19469   0.31889   0.23717   0.13245   0.24383   0.00000   0.04131   0.03661   0.23544   0.13941   0.14356   0.21524   0.35839   0.05080   0.02390   0.02628   0.10772   0.40210   0.92751   0.72363  
 11 56.7974   2511.836676  x:  0.18261   0.19206   0.31070   0.24061   0.12242   0.25093   0.00000   0.04111   0.03809   0.24008   0.13201   0.13988   0.21053   0.36058   0.05970   0.02214   0.02423   0.11802   0.41082   0.95546   0.74313  
 12 34.1734   2511.737200  x:  0.18517   0.19462   0.30549   0.24658   0.11089   0.25263   0.00000   0.04101   0.03811   0.23657   0.14084   0.14017   0.21174   0.35987   0.05941   0.02197   0.02442   0.11648   0.41242   0.95714   0.75904  
 13  6.5812   2511.024646  x:  0.18848   0.19793   0.29457   0.27875   0.12173   0.25515   0.00000   0.04052   0.03849   0.21486   0.12933   0.13571   0.22204   0.36181   0.05827   0.02155   0.02448   0.11603   0.40352   0.92249   0.91644  
 14  9.0599   2507.393528  x:  0.17509   0.18455   0.31587   0.25489   0.12340   0.23918   0.00000   0.03762   0.03612   0.28503   0.14348   0.14650   0.23702   0.37773   0.05580   0.01945   0.02421   0.11084   0.37088   0.70940   1.78705  
 15 71.1751   2506.396356  x:  0.19443   0.20388   0.34824   0.22520   0.11860   0.25199   0.00000   0.03627   0.03668   0.27287   0.13643   0.14630   0.22813   0.37101   0.05494   0.01890   0.02327   0.11257   0.38734   0.65869   1.99581  
 16 94.4961   2506.139153  x:  0.18647   0.19592   0.36518   0.22407   0.12179   0.25922   0.00000   0.03623   0.03529   0.26319   0.14689   0.13601   0.21829   0.37843   0.05454   0.01901   0.02349   0.11170   0.39694   0.65016   2.03662  
 17 21.4384   2505.391689  x:  0.17760   0.18705   0.39558   0.24504   0.10606   0.24333   0.00000   0.03562   0.03708   0.25734   0.13700   0.16221   0.19630   0.37842   0.05361   0.01917   0.02302   0.11256   0.39892   0.65794   2.06079  
 18  3.4766   2484.851206  x:  0.30749   0.31696   0.53132   0.38552   0.10716   0.23484   0.00000   0.00590   0.03548   0.36437   0.15497   0.03724   0.10356   0.49209   0.05391   0.00000   0.01363   0.13659   0.32543   1.10239   2.49013  
 19  8.3157   2484.851206  x:  0.30749   0.31696   0.53132   0.38552   0.10716   0.23484   0.00000   0.00590   0.03548   0.36437   0.15497   0.03724   0.10356   0.49209   0.05391   0.00000   0.01363   0.13659   0.32543   1.10239   2.49013  
 20 157.7810   2474.436724  x:  0.31761   0.32708   0.53532   0.38254   0.11019   0.24844   0.00000   0.02014   0.04046   0.35952   0.15548   0.09465   0.14421   0.54996   0.06670   0.12425   0.02510   0.13834   0.33560   1.10179   2.48979  
 21 433.6380   2465.241974  x:  0.32349   0.33296   0.53673   0.37987   0.11217   0.25834   0.00000   0.00175   0.04174   0.35542   0.15547   0.12315   0.16415   0.59341   0.05834   0.11992   0.01636   0.13877   0.34137   1.10111   2.48946  
 22 238.4746   2452.930887  x:  0.33487   0.34434   0.53915   0.37441   0.11599   0.27800   0.00000   0.01027   0.04373   0.34710   0.15536   0.17742   0.20183   0.68043   0.04016   0.09998   0.00000   0.13962   0.35237   1.09971   2.48878  
 23 1245.2146   2438.511719  x:  0.35564   0.36511   0.54307   0.36389   0.12297   0.31456   0.00000   0.02188   0.04653   0.33127   0.15505   0.27617   0.26963   0.84404   0.00956   0.05456   0.02793   0.14256   0.37200   1.09699   2.48746  
 24 2380.2166   2432.205338  x:  0.36568   0.37515   0.54143   0.35512   0.12563   0.33550   0.00000   0.02744   0.04164   0.31983   0.15426   0.32866   0.29957   0.95783   0.07977   0.01635   0.03576   0.14126   0.37600   1.09438   2.48635  
 25 384.8808   2427.244015  x:  0.34999   0.35946   0.51182   0.33858   0.11475   0.32745   0.00000   0.02688   0.00787   0.30925   0.15317   0.30715   0.23795   1.07903   0.07493   0.02605   0.03570   0.13094   0.31985   1.08681   2.48365  
 26 65.2298   2424.718787  x:  0.33766   0.34713   0.48895   0.32908   0.11354   0.32262   0.00000   0.02639   0.04169   0.30517   0.15681   0.28490   0.18227   1.16933   0.07257   0.03365   0.03549   0.12689   0.29097   1.07976   2.48130  
 27 189.7758   2422.774470  x:  0.33246   0.34192   0.46997   0.33091   0.12326   0.31243   0.00000   0.02562   0.04002   0.31085   0.16058   0.25690   0.11915   1.24320   0.07028   0.04288   0.03447   0.13807   0.34238   1.06828   2.47805  
 28 63.4356   2422.676132  x:  0.33770   0.34717   0.46720   0.33602   0.12389   0.30469   0.00000   0.02562   0.04082   0.31624   0.15545   0.25278   0.12036   1.24802   0.07005   0.04310   0.03479   0.12665   0.34425   1.05381   2.47493  
 29  7.4837   2422.495293  x:  0.34973   0.35919   0.46100   0.34670   0.12253   0.29038   0.00000   0.02556   0.04176   0.32659   0.15082   0.24347   0.12660   1.25672   0.07012   0.04309   0.03454   0.13736   0.33997   1.00748   2.46496  
 30 12.7120   2421.999327  x:  0.36183   0.37130   0.45542   0.35403   0.11815   0.30565   0.00000   0.02534   0.03977   0.32576   0.17747   0.22765   0.13006   1.26857   0.06952   0.04361   0.03456   0.13337   0.33956   0.84331   2.42863  
 31 15.9472   2421.605176  x:  0.35925   0.36871   0.45949   0.34768   0.12022   0.31488   0.00000   0.02518   0.04058   0.31557   0.15815   0.22790   0.12522   1.27417   0.06903   0.04330   0.03443   0.13493   0.34199   0.71419   2.39821  
 32 39.3613   2421.498956  x:  0.35100   0.36047   0.46458   0.34211   0.12200   0.29998   0.00000   0.02527   0.04071   0.32000   0.16400   0.23984   0.12249   1.27545   0.06920   0.04153   0.03457   0.13439   0.34277   0.68184   2.38561  
 33  9.7094   2421.279126  x:  0.34141   0.35087   0.45600   0.36129   0.11249   0.31228   0.00000   0.02525   0.03974   0.34291   0.15975   0.26055   0.11329   1.27964   0.06929   0.03784   0.03463   0.13477   0.34151   0.67545   2.32995  
 34  2.1148   2419.997719  x:  0.33609   0.34556   0.41200   0.39223   0.16227   0.31562   0.00000   0.02446   0.03526   0.31748   0.16101   0.30502   0.10709   1.31296   0.06799   0.02120   0.03430   0.13593   0.33821   0.69036   1.97640  
 35 13.6328   2418.196221  x:  0.34372   0.35319   0.39123   0.36684   0.12807   0.31074   0.00000   0.02332   0.03917   0.29431   0.15750   0.33190   0.11073   1.36063   0.06600   0.00304   0.03378   0.13602   0.35546   0.71641   1.54991  
 36 86.6632   2417.673926  x:  0.34448   0.35394   0.42029   0.35315   0.14064   0.32045   0.00000   0.02291   0.03709   0.31308   0.15572   0.32186   0.11645   1.38061   0.06516   0.00000   0.03352   0.13666   0.35360   0.72515   1.43790  
 37 34.4397   2417.673926  x:  0.34448   0.35394   0.42029   0.35315   0.14064   0.32045   0.00000   0.02291   0.03709   0.31308   0.15572   0.32186   0.11645   1.38061   0.06516   0.00000   0.03352   0.13666   0.35360   0.72515   1.43790  
 38  6.8354   2416.193204  x:  0.34479   0.35426   0.42138   0.35223   0.13937   0.32057   0.00000   0.00788   0.03665   0.31304   0.15571   0.32166   0.11696   1.38218   0.06458   0.01460   0.02564   0.13658   0.35399   0.72542   1.43784  
 39 129.6930   2416.010270  x:  0.34513   0.35460   0.42263   0.35123   0.13807   0.32071   0.00000   0.00552   0.03628   0.31299   0.15572   0.32145   0.11731   1.38385   0.06026   0.01252   0.02011   0.13653   0.35440   0.72560   1.43776  
 40 45.8952   2415.935237  x:  0.34545   0.35492   0.42382   0.35028   0.13686   0.32084   0.00000   0.00722   0.03597   0.31295   0.15573   0.32123   0.11766   1.38547   0.05742   0.01380   0.01697   0.13652   0.35478   0.72579   1.43768  
 41 52.8067   2415.759314  x:  0.34715   0.35662   0.43030   0.34528   0.13074   0.32160   0.00000   0.00728   0.03481   0.31271   0.15584   0.32000   0.11931   1.39432   0.04547   0.01662   0.02023   0.13683   0.35668   0.72678   1.43728  
 42 29.4563   2415.422195  x:  0.35379   0.36326   0.45854   0.32622   0.11211   0.32530   0.00000   0.00721   0.03715   0.31161   0.15708   0.31323   0.12345   1.43529   0.05251   0.01454   0.01993   0.13534   0.36220   0.73075   1.43542  
 43 19.3059   2415.128106  x:  0.35762   0.36709   0.48848   0.32260   0.13353   0.32786   0.00000   0.00724   0.03442   0.30911   0.15845   0.29767   0.11830   1.49623   0.05210   0.01441   0.02003   0.13794   0.35533   0.73582   1.43219  
 44 16.9291   2415.051586  x:  0.35518   0.36464   0.48304   0.33398   0.12844   0.32487   0.00000   0.00725   0.03757   0.31072   0.15708   0.29477   0.11237   1.52333   0.05134   0.01449   0.02028   0.13135   0.35321   0.73599   1.42975  
 45  6.9976   2415.015987  x:  0.35412   0.36358   0.47745   0.33942   0.12545   0.32315   0.00000   0.00725   0.03372   0.31151   0.15664   0.29628   0.11122   1.53821   0.05211   0.01420   0.02020   0.13560   0.35444   0.73532   1.42809  
 46 11.2954   2414.999275  x:  0.35389   0.36336   0.47307   0.34060   0.12596   0.32329   0.00000   0.00726   0.03673   0.31182   0.15736   0.29978   0.11229   1.54656   0.05189   0.01419   0.02015   0.13843   0.35643   0.73419   1.42679  
 47  7.7172   2414.981156  x:  0.35396   0.36343   0.46599   0.33776   0.12842   0.32421   0.00000   0.00726   0.03532   0.31130   0.15759   0.30707   0.11397   1.55667   0.05193   0.01413   0.02026   0.13541   0.35790   0.73130   1.42441  
 48  5.4666   2414.973723  x:  0.35359   0.36306   0.46243   0.33380   0.12849   0.32479   0.00000   0.00726   0.03569   0.31076   0.15677   0.31016   0.11050   1.56073   0.05182   0.01418   0.02025   0.13619   0.35536   0.72823   1.42238  
 49  2.9362   2414.970285  x:  0.35379   0.36326   0.46246   0.33307   0.12884   0.32468   0.00000   0.00727   0.03552   0.31116   0.15790   0.31225   0.10644   1.56215   0.05173   0.01426   0.02026   0.13605   0.35723   0.72411   1.41982  
 50  1.4582   2414.966094  x:  0.35423   0.36369   0.46492   0.33462   0.12868   0.32422   0.00000   0.00727   0.03568   0.31092   0.15595   0.31612   0.10512   1.56363   0.05167   0.01431   0.02027   0.13610   0.35677   0.71536   1.41404  
 51  1.4512   2414.963536  x:  0.35394   0.36341   0.46576   0.33519   0.12824   0.32423   0.00000   0.00728   0.03553   0.31109   0.15798   0.31674   0.10572   1.56451   0.05164   0.01432   0.02028   0.13611   0.35534   0.70904   1.40921  
 52  2.0554   2414.959050  x:  0.35294   0.36241   0.46486   0.33436   0.12841   0.32540   0.00000   0.00729   0.03551   0.31131   0.15716   0.31245   0.10752   1.56593   0.05162   0.01431   0.02030   0.13612   0.35659   0.69741   1.39792  
 53  1.8152   2414.957396  x:  0.35449   0.36395   0.46408   0.33396   0.12854   0.32304   0.00000   0.00730   0.03573   0.31042   0.15727   0.31116   0.10789   1.56613   0.05163   0.01427   0.02031   0.13613   0.35662   0.69580   1.39067  
 54  0.7699   2414.948975  x:  0.35867   0.36814   0.46306   0.33498   0.12811   0.32646   0.00000   0.00734   0.03550   0.31266   0.15725   0.31013   0.10758   1.56616   0.05171   0.01400   0.02037   0.13626   0.35553   0.69790   1.34440  
 55  1.3455   2414.931254  x:  0.35503   0.36449   0.46535   0.33421   0.12770   0.32556   0.00000   0.00744   0.03557   0.30980   0.15745   0.31135   0.10760   1.56617   0.05189   0.01344   0.02049   0.13649   0.35650   0.70553   1.24843  
 56  6.8506   2414.930798  x:  0.35477   0.36424   0.46551   0.33385   0.12785   0.32481   0.00000   0.00744   0.03559   0.31123   0.15726   0.31147   0.10776   1.56619   0.05190   0.01342   0.02050   0.13649   0.35644   0.70576   1.24595  
 57  0.8765   2414.927876  x:  0.35427   0.36374   0.46705   0.33317   0.12724   0.32473   0.00000   0.00761   0.03559   0.31095   0.15730   0.31138   0.10787   1.56810   0.05197   0.01253   0.02072   0.13646   0.35673   0.70811   1.26493  
 58  0.0210   2414.927835  x:  0.35436   0.36383   0.46704   0.33320   0.12721   0.32478   0.00000   0.00766   0.03560   0.31095   0.15731   0.31138   0.10783   1.56826   0.05203   0.01252   0.02074   0.13647   0.35671   0.70790   1.26229  
 59  0.0025   2414.927834  x:  0.35436   0.36382   0.46703   0.33320   0.12722   0.32478   0.00000   0.00767   0.03560   0.31095   0.15731   0.31138   0.10784   1.56825   0.05202   0.01253   0.02073   0.13647   0.35671   0.70790   1.26267  
 60  0.0003   2414.927834  x:  0.35436   0.36382   0.46703   0.33320   0.12722   0.32478   0.00000   0.00767   0.03560   0.31095   0.15731   0.31138   0.10784   1.56824   0.05202   0.01253   0.02073   0.13647   0.35671   0.70790   1.26265  
 61  0.0000   2414.927834  x:  0.35436   0.36382   0.46703   0.33320   0.12722   0.32478   0.00000   0.00767   0.03560   0.31095   0.15731   0.31138   0.10784   1.56824   0.05202   0.01253   0.02073   0.13647   0.35671   0.70790   1.26265  
 62  0.0000   2414.927834  x:  0.35436   0.36382   0.46703   0.33320   0.12722   0.32478   0.00000   0.00767   0.03560   0.31095   0.15731   0.31138   0.10784   1.56824   0.05202   0.01253   0.02073   0.13647   0.35671   0.70790   1.26265  