Zootoca_vivipara	Trachemys_scripta	Thamnophis_sirtalis	Python_molurus	Pseudonaja_textilis	Podarcis_muralis	Pelodiscus_sinensis	Pantherophis_guttatus	Notechis_scutatus	Lacerta_agilis
0.00022047	0.00026302	9.3782e-05	0.042414	0.032085	0.0031269	2.1857e-05	0.00029431	0.0086849	0.0010987
0.00021884	0.00025994	8.9872e-05	0.042452	0.032098	0.0031081	2.1179e-05	0.0002918	0.008684	0.0010961
0.00021717	0.00025685	8.6155e-05	0.042497	0.032112	0.0030889	2.0445e-05	0.00028935	0.0086832	0.0010933
0.00021559	0.00025373	8.2334e-05	0.042538	0.032126	0.0030707	1.9651e-05	0.00028686	0.0086823	0.0010908
0.00021409	0.00025065	7.8703e-05	0.042586	0.03214	0.0030534	1.8979e-05	0.00028442	0.0086815	0.0010887
0.00021255	0.00024755	7.4979e-05	0.042631	0.032153	0.0030356	1.8253e-05	0.00028196	0.0086807	0.0010865
0.00021097	0.00024448	7.1161e-05	0.042673	0.032167	0.0030174	1.6237e-05	0.00027947	0.0086798	0.001084
0.00020947	0.00024145	6.7171e-05	0.042722	0.032181	0.003	1.4508e-05	0.00027689	0.008679	0.0010819
0.00020804	0.00023846	6.3363e-05	0.042778	0.032195	0.0029835	1.3013e-05	0.00027436	0.0086782	0.0010802
0.00020657	0.0002355	5.9731e-05	0.04278	0.03221	0.0029665	1.1723e-05	0.00027187	0.0086774	0.0010782
0.00020517	0.00023257	5.6238e-05	0.042785	0.032225	0.0029503	1.0581e-05	0.00026943	0.0086766	0.0010765
0.00020374	0.00022963	5.2691e-05	0.042789	0.03224	0.0029337	9.3905e-06	0.00026697	0.0086758	0.0010748
0.00020237	0.00022671	4.927e-05	0.042797	0.032255	0.0029178	8.3278e-06	0.00026454	0.008675	0.0010732
0.00020105	0.00022381	4.5968e-05	0.042808	0.03227	0.0029025	7.378e-06	0.00026215	0.0086743	0.0010719
0.00019978	0.00022094	4.2782e-05	0.042822	0.032285	0.0028878	6.5285e-06	0.0002598	0.0086735	0.0010708
0.00019857	0.00021809	3.9705e-05	0.04284	0.032301	0.0028736	5.7678e-06	0.00025748	0.0086727	0.0010699
0.00019733	0.00021524	3.6731e-05	0.042848	0.032317	0.0028593	4.9794e-06	0.00025519	0.008672	0.0010689
0.00019614	0.0002124	3.3855e-05	0.04286	0.032333	0.0028455	4.2703e-06	0.00025293	0.0086713	0.0010682
0.000195	0.00020959	3.1073e-05	0.042875	0.03235	0.0028322	3.6356e-06	0.0002507	0.0086705	0.0010676
0.00019384	0.00020676	2.8254e-05	0.042889	0.032366	0.0028187	2.9778e-06	0.00024846	0.0086698	0.001067
0.00019273	0.00020396	2.5528e-05	0.042907	0.032383	0.0028057	2.3873e-06	0.00024626	0.0086691	0.0010666
0.0001916	0.00020115	2.553e-05	0.042923	0.032399	0.0028348	2.3453e-06	0.00024403	0.0086683	0.0010661
0.00019045	0.00019833	2.5517e-05	0.042938	0.032416	0.0028636	2.2985e-06	0.00024179	0.0086676	0.0010655
0.00018934	0.00019552	2.5517e-05	0.042957	0.032432	0.0028932	2.26e-06	0.00023957	0.0086669	0.0010652
0.00018828	0.00019274	2.553e-05	0.042979	0.032449	0.0029236	2.2293e-06	0.00023739	0.0086662	0.001065
0.00018725	0.00018997	2.5556e-05	0.043004	0.032466	0.0029549	2.2059e-06	0.00023523	0.0086655	0.001065
0.00018627	0.00018723	2.5594e-05	0.043033	0.032484	0.002987	2.1895e-06	0.0002331	0.0086648	0.0010651
0.00018527	0.00018447	2.5619e-05	0.04306	0.032501	0.0030188	2.1689e-06	0.00023096	0.0086641	0.0010653
0.00018425	0.00018171	2.563e-05	0.043087	0.032518	0.0030503	2.1442e-06	0.0002288	0.0086634	0.0010653
0.00018322	0.00017893	2.5627e-05	0.043113	0.032536	0.0030816	2.1153e-06	0.00022664	0.0086627	0.0010653
0.00018223	0.00017618	2.5637e-05	0.043142	0.032553	0.0031138	2.094e-06	0.0002245	0.008662	0.0010655
0.00018122	0.00017344	2.5632e-05	0.04317	0.03257	0.0031457	2.0806e-06	0.00022235	0.0086613	0.0010656
0.00018026	0.00017073	2.5641e-05	0.043201	0.032588	0.0031784	2.0745e-06	0.00022022	0.0086606	0.0010659
0.00017933	0.00016804	2.5663e-05	0.043236	0.032606	0.0032122	2.0753e-06	0.00021812	0.0086599	0.0010664
0.00017844	0.00016537	2.57e-05	0.043276	0.032624	0.0032468	2.0832e-06	0.00021606	0.0086592	0.0010671
0.0001776	0.00016271	2.5751e-05	0.04332	0.032642	0.0032825	2.0986e-06	0.00021401	0.0086585	0.001068
0.00017679	0.00016008	2.5816e-05	0.043368	0.032661	0.0033193	2.1214e-06	0.000212	0.0086579	0.0010691
0.00017596	0.00015744	2.5896e-05	0.043422	0.03268	0.0033557	2.1397e-06	0.00021001	0.0086572	0.0010702
0.00017517	0.00015482	2.5992e-05	0.043481	0.032699	0.0033931	2.1658e-06	0.00020805	0.0086566	0.0010714
0.00017437	0.00015218	2.607e-05	0.043537	0.032718	0.0034302	2.1867e-06	0.00020608	0.0086559	0.0010726
0.00017354	0.00014953	2.6132e-05	0.043592	0.032736	0.0034667	2.2021e-06	0.00020409	0.0086553	0.0010736
0.0001727	0.00014686	2.6173e-05	0.043644	0.032755	0.0035027	2.2106e-06	0.00020208	0.0086546	0.0010746
0.00017369	0.00014417	2.624e-05	0.043704	0.032774	0.0035319	2.3108e-06	0.00020011	0.008654	0.0010746
0.00017464	0.00014146	2.6341e-05	0.043756	0.032793	0.0035604	2.3996e-06	0.00019821	0.0086533	0.0010745
0.00017566	0.00013879	2.6468e-05	0.043817	0.032812	0.0035903	2.5082e-06	0.00019634	0.0086527	0.0010747
0.00017674	0.00013609	2.6622e-05	0.043885	0.032832	0.0036215	2.6034e-06	0.00019452	0.0086521	0.0010752
0.00017779	0.00013342	2.6752e-05	0.043949	0.032852	0.0036519	2.5845e-06	0.00019268	0.0086514	0.0010755
0.0001789	0.00013078	2.691e-05	0.044022	0.032871	0.0036837	2.5791e-06	0.00019087	0.0086508	0.0010761
0.00017998	0.00012817	2.6249e-05	0.044047	0.032892	0.0037148	2.4536e-06	0.00018923	0.0086502	0.0010766
0.00018112	0.0001256	2.5626e-05	0.044078	0.032912	0.0037472	2.3511e-06	0.00018763	0.0086496	0.0010773
0.00018223	0.000123	2.4972e-05	0.044105	0.032932	0.003779	2.2357e-06	0.000186	0.008649	0.0010779
0.0001834	0.00012044	2.4357e-05	0.044088	0.032953	0.0038122	2.1406e-06	0.0001844	0.0086484	0.0010789
0.00018454	0.00011785	2.378e-05	0.044076	0.032974	0.0038447	2.0334e-06	0.00018285	0.0086478	0.0010796
0.00018563	0.00011524	2.3238e-05	0.044069	0.032996	0.0038763	1.9134e-06	0.00018132	0.0086473	0.0010802
0.00018526	0.00011267	2.2729e-05	0.044067	0.033018	0.0039096	1.8136e-06	0.00017984	0.0086467	0.0010812
0.00018485	0.00011007	2.2191e-05	0.044062	0.03304	0.003942	1.7016e-06	0.00017832	0.0086462	0.001082
0.00018441	0.00010745	2.1626e-05	0.044055	0.033062	0.0039738	1.5768e-06	0.00017679	0.0086457	0.0010827
0.0001839	0.0001048	2.1096e-05	0.044017	0.033084	0.0040538	1.4381e-06	0.00017528	0.0086452	0.001083
0.00018336	0.00010214	2.0538e-05	0.043976	0.033106	0.0041322	1.2849e-06	0.00017376	0.0086446	0.0010832
0.00018278	9.9458e-05	1.9952e-05	0.04393	0.033128	0.004209	1.1163e-06	0.00017222	0.0086441	0.0010832
0.00017997	9.6806e-05	1.9402e-05	0.043891	0.033151	0.0042894	9.7362e-07	0.00017071	0.0086436	0.0010837
0.00017729	9.4183e-05	1.8823e-05	0.043848	0.033173	0.0043732	8.5231e-07	0.00016918	0.008643	0.0010844
0.00017454	9.1539e-05	1.8216e-05	0.043801	0.033195	0.0044554	7.1874e-07	0.00016762	0.0086425	0.001085
0.00017191	8.8924e-05	1.7641e-05	0.043761	0.033218	0.0045409	6.0435e-07	0.0001661	0.008642	0.001086
0.00016922	8.6241e-05	1.7039e-05	0.043717	0.03324	0.0046248	4.7866e-07	0.00016456	0.0086414	0.0010868
0.00016648	8.3539e-05	1.6411e-05	0.043671	0.033262	0.0047072	3.417e-07	0.00016299	0.0086409	0.0010874
0.00016385	8.0866e-05	1.5815e-05	0.043631	0.033285	0.004793	2.2365e-07	0.00016146	0.0086404	0.0010884
0.00016117	8.1039e-05	1.525e-05	0.043598	0.033308	0.0048772	2.123e-07	0.00015996	0.0086398	0.0010892
0.0001586	8.1218e-05	1.471e-05	0.04357	0.033331	0.0049645	2.0335e-07	0.00015849	0.0086393	0.0010902
0.00015612	8.1387e-05	1.4194e-05	0.043546	0.033354	0.0050548	1.9086e-07	0.00015704	0.0086388	0.0010916
0.00015374	8.156e-05	1.3701e-05	0.043527	0.033378	0.0051483	1.8052e-07	0.00015562	0.0086384	0.0010932
0.00015145	8.1738e-05	1.3188e-05	0.043505	0.033402	0.005245	1.72e-07	0.00015419	0.0086379	0.0010951
0.00014912	8.1906e-05	1.2697e-05	0.043488	0.033426	0.0053403	1.6037e-07	0.00015278	0.0086374	0.0010968
0.00014687	8.2078e-05	1.2226e-05	0.043475	0.03345	0.0054389	1.5039e-07	0.0001514	0.0086369	0.0010988
0.00014472	8.2256e-05	1.1774e-05	0.043466	0.033475	0.0055408	1.4199e-07	0.00015004	0.0086365	0.0011011
0.00014264	8.2438e-05	1.1303e-05	0.043464	0.033499	0.0056462	1.3497e-07	0.00014866	0.008636	0.0011037
0.00014064	8.2625e-05	1.0852e-05	0.043467	0.033524	0.0057553	1.2926e-07	0.00014731	0.0086356	0.0011066
0.00013873	8.2818e-05	1.0421e-05	0.043406	0.033549	0.0058684	1.2489e-07	0.00014599	0.0086351	0.0011098
0.00013678	8.3016e-05	9.9704e-06	0.043342	0.033575	0.0059797	1.2175e-07	0.00014465	0.0086347	0.0011129
0.00013491	8.3204e-05	9.5389e-06	0.043284	0.0336	0.0060951	1.1572e-07	0.00014333	0.0086343	0.0011163
0.00013311	8.3397e-05	9.1264e-06	0.043233	0.033626	0.0062148	1.1088e-07	0.00014205	0.0086339	0.0011201
0.00013129	8.3596e-05	8.7311e-06	0.043158	0.033652	0.0063327	1.0713e-07	0.00014078	0.0086335	0.0011237
0.00012954	8.38e-05	9.2037e-06	0.043079	0.033678	0.006455	1.044e-07	0.00013948	0.008633	0.0011277
0.00012785	8.4009e-05	9.6936e-06	0.043006	0.033704	0.0065812	1.0239e-07	0.00013821	0.0086326	0.001132
0.00012623	8.4208e-05	1.0202e-05	0.042941	0.03373	0.0067117	9.7764e-08	0.00013695	0.0086323	0.0011366
0.00012458	8.4398e-05	1.0694e-05	0.042873	0.033757	0.0068409	9.0698e-08	0.00013568	0.0086319	0.0011412
0.00012299	8.4592e-05	1.1202e-05	0.042812	0.033784	0.0069741	8.4159e-08	0.00013444	0.0086315	0.001146
0.00012146	8.479e-05	1.1728e-05	0.042533	0.033811	0.0071112	7.8042e-08	0.00013321	0.0086311	0.0011513
0.00011998	8.4991e-05	1.2273e-05	0.042275	0.033838	0.0072525	7.2249e-08	0.000132	0.0086307	0.0011568
0.00011855	8.5196e-05	1.2799e-05	0.042053	0.033865	0.007398	6.6707e-08	0.00013077	0.0086304	0.0011628
0.0001171	8.5405e-05	1.3308e-05	0.041826	0.033892	0.0075421	6.1355e-08	0.00012954	0.00863	0.0011686
0.00011571	8.5618e-05	1.38e-05	0.041589	0.033919	0.0076906	5.6122e-08	0.00012829	0.0086296	0.0011748
0.00011436	8.5818e-05	1.4309e-05	0.04137	0.033947	0.0078437	5.0982e-08	0.00012706	0.0086292	0.0011814
0.00011306	8.602e-05	1.4835e-05	0.041166	0.033974	0.008001	4.568e-08	0.00012585	0.0086289	0.0011884
0.0001118	8.6226e-05	1.5378e-05	0.040976	0.034002	0.0081627	4.0128e-08	0.00012465	0.0086285	0.0011958
0.00011058	8.6434e-05	1.5938e-05	0.040799	0.03403	0.0083288	3.426e-08	0.00012347	0.0086282	0.0012035
0.0001094	8.6645e-05	1.6483e-05	0.040645	0.034058	0.0084994	2.8018e-08	0.00012228	0.0086278	0.0012118
0.0001082	8.6848e-05	1.7045e-05	0.040501	0.034087	0.0086685	1.9671e-08	0.00012111	0.0086275	0.0012198
0.00010699	8.7042e-05	1.7591e-05	0.040355	0.034115	0.0088363	9.2494e-09	0.00011992	0.0086272	0.0012278
0.00010576	8.7227e-05	1.8156e-05	0.040175	0.034143	0.0090029	1.2768e-08	0.00011875	0.0086268	0.0012356
0.00010458	8.7416e-05	1.8741e-05	0.040007	0.034172	0.009174	1.5415e-08	0.0001176	0.0086265	0.0012438
0.00010337	8.7596e-05	2.4761e-05	0.039836	0.034201	0.0093438	1.6114e-08	0.00011643	0.0086262	0.001252
0.00010221	8.7767e-05	3.0984e-05	0.039678	0.03423	0.0095183	1.4857e-08	0.00011527	0.0086259	0.0012605
0.00010109	8.7942e-05	3.7421e-05	0.039531	0.034259	0.0096979	1.2746e-08	0.00011413	0.0086256	0.0012599
9.9955e-05	8.8108e-05	4.3788e-05	0.039381	0.034288	0.009876	2.9258e-08	0.00011297	0.0086252	0.0012592
9.886e-05	8.8277e-05	5.0375e-05	0.039242	0.034318	0.010059	2.6075e-08	0.00011184	0.0086249	0.0012588
9.7749e-05	8.8438e-05	5.7191e-05	0.039113	0.034347	0.010241	2.0863e-08	0.00011072	0.0086246	0.0012583
9.6676e-05	8.8603e-05	5.8528e-05	0.038995	0.034378	0.010428	1.5099e-08	0.00010961	0.0086244	0.001258
9.5587e-05	8.8758e-05	5.9918e-05	0.038846	0.034408	0.010613	2.6349e-08	0.00010852	0.0086241	0.0012576
9.4534e-05	8.8921e-05	6.1361e-05	0.038709	0.034438	0.010804	3.7494e-08	0.00010745	0.0086238	0.0012574
9.3517e-05	8.9086e-05	6.2858e-05	0.038581	0.034469	0.010999	4.8695e-08	0.00010639	0.0086236	0.0012574
9.2557e-05	8.9255e-05	6.4329e-05	0.03845	0.0345	0.011106	6.0039e-08	0.00010532	0.0086233	0.0012578
9.1627e-05	8.9427e-05	6.5851e-05	0.038329	0.034531	0.011215	7.1543e-08	0.00010427	0.008623	0.0012583
9.0728e-05	8.9601e-05	6.7427e-05	0.038216	0.034562	0.011327	8.3351e-08	0.00010322	0.0086228	0.001259
8.9858e-05	8.9777e-05	6.9056e-05	0.037682	0.034594	0.011443	9.552e-08	0.00010219	0.0086226	0.0012599
8.8977e-05	8.9945e-05	7.0661e-05	0.03714	0.034625	0.011557	1.0545e-07	0.00010115	0.0086223	0.0012608
8.8125e-05	9.0117e-05	7.2322e-05	0.036634	0.034657	0.011674	1.1588e-07	0.00010012	0.0086221	0.0012619
8.726e-05	9.0279e-05	7.3957e-05	0.036117	0.034689	0.011791	1.2398e-07	9.9088e-05	0.0086218	0.0012629
8.6383e-05	9.0434e-05	7.5565e-05	0.035589	0.03472	0.011906	1.2978e-07	9.8042e-05	0.0086216	0.0012638
8.5536e-05	9.0591e-05	7.7232e-05	0.035096	0.034752	0.012025	1.361e-07	9.7008e-05	0.0086214	0.001265
8.4677e-05	9.074e-05	7.8956e-05	0.034636	0.034785	0.012143	1.4008e-07	9.5987e-05	0.0086211	0.0012661
8.3805e-05	9.0881e-05	8.0654e-05	0.034167	0.034817	0.01226	1.4177e-07	9.4956e-05	0.0086209	0.0012671
8.2922e-05	9.1014e-05	8.2329e-05	0.033691	0.034849	0.012377	1.4123e-07	9.3917e-05	0.0086207	0.001268
8.2067e-05	9.115e-05	8.406e-05	0.033245	0.034881	0.012496	1.4111e-07	9.2889e-05	0.0086205	0.0012692
8.1201e-05	9.1287e-05	8.5767e-05	0.032791	0.034913	0.012615	1.4149e-07	9.1853e-05	0.0086202	0.0012703
8.0361e-05	9.1427e-05	8.7532e-05	0.032366	0.034946	0.012737	1.4229e-07	9.0828e-05	0.00862	0.0012716
7.955e-05	9.1569e-05	8.9355e-05	0.031969	0.034979	0.012861	1.4352e-07	8.9814e-05	0.0086198	0.0012637
7.8727e-05	9.1704e-05	9.1242e-05	0.0316	0.035012	0.012985	1.4247e-07	8.8812e-05	0.0086196	0.0012557
7.7932e-05	9.184e-05	9.3195e-05	0.031255	0.035045	0.013112	1.4194e-07	8.7821e-05	0.0086194	0.001248
7.7124e-05	9.1969e-05	9.5119e-05	0.030903	0.035078	0.013238	1.3908e-07	8.6821e-05	0.0086192	0.0012403
7.6304e-05	9.2089e-05	9.7015e-05	0.030544	0.035111	0.013364	1.3391e-07	8.5811e-05	0.008619	0.0012324
7.5514e-05	9.2212e-05	9.8982e-05	0.030211	0.035145	0.013493	1.294e-07	8.4815e-05	0.0086188	0.001225
7.471e-05	9.2327e-05	0.00010102	0.029798	0.035179	0.01362	1.2248e-07	8.3831e-05	0.0086186	0.0012174
7.3893e-05	9.2434e-05	0.00010304	0.029375	0.035212	0.013747	1.1317e-07	8.2837e-05	0.0086185	0.0012097
7.3105e-05	9.2543e-05	0.00010512	0.028983	0.035246	0.013877	1.0454e-07	8.1856e-05	0.0086183	0.0012024
7.235e-05	9.2657e-05	0.0001073	0.028624	0.03528	0.014012	9.6725e-08	8.0889e-05	0.0086181	0.0011956
7.1575e-05	9.2777e-05	0.00010943	0.02825	0.035315	0.014145	8.9911e-08	7.9909e-05	0.0086179	0.0011886
7.0838e-05	9.2903e-05	0.00011167	0.027912	0.035349	0.014282	8.4032e-08	7.8947e-05	0.0086178	0.0011821
7.0139e-05	9.3017e-05	0.00011403	0.027608	0.035384	0.014425	7.5123e-08	7.8003e-05	0.0086176	0.0011761
6.9479e-05	9.3139e-05	0.00011633	0.027286	0.035419	0.014574	6.7336e-08	7.7044e-05	0.0086175	0.0011706
6.8855e-05	9.3267e-05	0.00011856	0.026946	0.035453	0.014728	6.0492e-08	7.6071e-05	0.0086173	0.0011655
6.8268e-05	9.3403e-05	0.00012091	0.026641	0.035488	0.014889	5.4336e-08	7.5116e-05	0.0086171	0.0011609
6.7659e-05	9.3527e-05	0.0001232	0.026321	0.035523	0.015047	4.542e-08	7.4145e-05	0.008617	0.0011562
6.7086e-05	9.3657e-05	0.00012562	0.026033	0.035559	0.015211	3.7162e-08	7.3194e-05	0.0086168	0.0011518
6.6493e-05	9.3777e-05	0.00012797	0.025731	0.035594	0.015373	4.9953e-08	7.2227e-05	0.0086167	0.0011473
6.5934e-05	9.3885e-05	0.00013026	0.025415	0.035629	0.015541	5.9894e-08	7.1246e-05	0.0086165	0.0011431
6.5355e-05	9.3982e-05	0.00013248	0.025083	0.035663	0.015706	6.7034e-08	7.0251e-05	0.0086164	0.0011388
6.4811e-05	9.4085e-05	0.00013463	0.024729	0.035698	0.015878	7.511e-08	6.924e-05	0.0086162	0.0011349
6.4246e-05	9.4177e-05	0.00013691	0.024412	0.035733	0.016047	8.0229e-08	6.8248e-05	0.008616	0.0011308
6.3662e-05	9.4276e-05	0.00013932	0.024129	0.035769	0.016214	8.2036e-08	6.7273e-05	0.0086159	0.0011265
6.3109e-05	9.4381e-05	0.00014186	0.023874	0.035805	0.016252	8.4623e-08	6.6316e-05	0.0086157	0.0011226
6.254e-05	9.4476e-05	0.00014433	0.023608	0.03584	0.016289	8.4603e-08	6.5346e-05	0.0086156	0.0011186
6.1957e-05	9.4561e-05	0.00014676	0.023334	0.035876	0.016326	8.2082e-08	6.4364e-05	0.0086154	0.0011144
6.1359e-05	9.4637e-05	0.00014914	0.023051	0.035912	0.016362	7.706e-08	6.3372e-05	0.0086153	0.0011101
6.0746e-05	9.4717e-05	0.00015148	0.022758	0.035947	0.016398	6.0011e-08	6.2367e-05	0.0086151	0.0011057
6.016e-05	9.4802e-05	0.00015391	0.02249	0.035983	0.016435	4.4016e-08	6.1376e-05	0.008615	0.0011015
5.9559e-05	9.4877e-05	0.00015646	0.022245	0.036019	0.016471	5.5023e-08	6.0399e-05	0.0086148	0.0010973
5.8943e-05	9.4942e-05	0.00015896	0.021993	0.036055	0.016507	6.3535e-08	5.941e-05	0.0086147	0.0010929
5.8354e-05	9.5012e-05	0.00016156	0.021761	0.036091	0.016545	7.2531e-08	5.8435e-05	0.0086146	0.0010889
5.7751e-05	9.5073e-05	0.00016429	0.021549	0.036128	0.016582	1.2253e-07	5.7472e-05	0.0086144	0.0010847
5.7133e-05	9.5124e-05	0.00016696	0.021331	0.036164	0.016618	1.6854e-07	5.6499e-05	0.0086143	0.0010804
5.6503e-05	9.5166e-05	0.00016959	0.021107	0.036201	0.016654	2.1087e-07	5.5515e-05	0.0086142	0.001076
5.5902e-05	9.5212e-05	0.00017233	0.020901	0.036238	0.016691	2.5779e-07	5.4544e-05	0.0086141	0.0010532
5.5288e-05	9.5249e-05	0.00017503	0.02069	0.036275	0.016728	3.0096e-07	5.3563e-05	0.0086139	0.0010302
5.4697e-05	9.529e-05	0.00017784	0.020494	0.036312	0.016767	3.4879e-07	5.2593e-05	0.0086138	0.0010082
5.413e-05	9.5322e-05	0.00018076	0.020313	0.036349	0.016806	3.9225e-07	5.1634e-05	0.0086137	0.00098733
5.355e-05	9.5345e-05	0.00018363	0.020127	0.036386	0.016846	4.3185e-07	5.0664e-05	0.0086136	0.0009661
5.2958e-05	9.5359e-05	0.00018646	0.019936	0.036424	0.016885	4.6767e-07	4.9685e-05	0.0086135	0.00094453
5.2388e-05	9.5364e-05	0.00018939	0.019133	0.036461	0.016925	4.9778e-07	4.8717e-05	0.0086134	0.000924
5.1807e-05	9.536e-05	0.00019229	0.018313	0.036498	0.016965	5.245e-07	4.7739e-05	0.0086133	0.00090316
5.1216e-05	9.5348e-05	0.00019514	0.017477	0.036536	0.017004	5.4807e-07	4.6753e-05	0.0086131	0.00088205
5.0645e-05	9.5324e-05	0.00019811	0.016697	0.036574	0.017045	5.7504e-07	4.5776e-05	0.008613	0.00086189
5.0064e-05	9.5293e-05	0.00020103	0.015903	0.036611	0.017085	5.9901e-07	4.479e-05	0.0086129	0.0008415
4.9475e-05	9.5253e-05	0.00020392	0.015095	0.036649	0.017126	6.2003e-07	4.3797e-05	0.0086128	0.00082087
4.8904e-05	9.5206e-05	0.00020678	0.014401	0.036686	0.017167	6.381e-07	4.2795e-05	0.0086127	0.00080113
4.8325e-05	9.5151e-05	0.00020961	0.013696	0.036724	0.017208	6.533e-07	4.1785e-05	0.0086126	0.00078118
4.7736e-05	9.5088e-05	0.0002124	0.012979	0.036761	0.017249	6.6565e-07	4.0768e-05	0.0086124	0.00076101
4.7166e-05	9.5027e-05	0.00021529	0.012307	0.036799	0.017291	6.81e-07	3.9758e-05	0.0086123	0.00074169
4.6587e-05	9.4959e-05	0.00021815	0.011625	0.036837	0.017333	6.9347e-07	3.8741e-05	0.0086122	0.00072217
4.6025e-05	9.4893e-05	0.00022111	0.010986	0.036875	0.017376	7.0906e-07	3.7732e-05	0.0086121	0.00070348
4.5482e-05	9.4829e-05	0.00022403	0.010334	0.036913	0.01742	7.2802e-07	3.6715e-05	0.008612	0.00068561
4.4957e-05	9.4768e-05	0.00022705	0.009726	0.036951	0.017394	7.5064e-07	3.5707e-05	0.0086119	0.00066856
4.445e-05	9.471e-05	0.00023019	0.0091589	0.036989	0.017369	7.7716e-07	3.4707e-05	0.0086118	0.00065228
4.396e-05	9.4654e-05	0.00023344	0.0086298	0.037028	0.017346	8.0786e-07	3.3716e-05	0.0086117	0.00063674
4.3461e-05	9.459e-05	0.00023665	0.0080899	0.037067	0.017322	8.3517e-07	3.2717e-05	0.0086116	0.00062098
4.2979e-05	9.4529e-05	0.00023998	0.0075877	0.037106	0.017299	8.6704e-07	3.1726e-05	0.0086115	0.00060597
4.252e-05	9.4473e-05	0.00024346	0.0071275	0.037145	0.017277	8.2413e-07	3.0747e-05	0.0086114	0.00059182
4.2049e-05	9.4407e-05	0.00024688	0.0066523	0.037185	0.017255	7.7664e-07	2.9758e-05	0.0086113	0.00057736
4.1599e-05	9.4347e-05	0.00025045	0.006218	0.037224	0.017235	7.3587e-07	2.878e-05	0.0086112	0.00056375
4.1171e-05	9.4276e-05	0.00025396	0.0057632	0.037264	0.017216	6.9015e-07	2.7791e-05	0.0086112	0.00055095
4.0766e-05	9.4211e-05	0.00025763	0.0053489	0.037304	0.017198	6.5228e-07	2.6814e-05	0.0086111	0.00053892
4.0382e-05	9.4152e-05	0.00026149	0.0049721	0.037344	0.017182	6.2053e-07	2.5851e-05	0.008611	0.00052763
3.9986e-05	9.4083e-05	0.00026527	0.0048894	0.037384	0.017165	5.8442e-07	2.4875e-05	0.008611	0.00051608
3.9609e-05	9.4019e-05	0.00026923	0.0048143	0.037424	0.017149	5.5362e-07	2.3912e-05	0.0086109	0.0005052
3.9251e-05	9.3959e-05	0.00027336	0.0047458	0.037465	0.017135	5.2741e-07	2.2959e-05	0.0086109	0.00049493
3.8882e-05	9.389e-05	0.00027742	0.0046748	0.037506	0.01712	4.973e-07	2.1995e-05	0.0086109	0.00048443
3.8532e-05	9.3827e-05	0.00028166	0.0046103	0.037547	0.017107	4.7172e-07	2.1042e-05	0.0086108	0.00047454
3.8169e-05	9.3752e-05	0.00028583	0.0045431	0.037588	0.017093	4.4213e-07	2.0079e-05	0.0086108	0.00046441
3.7793e-05	9.3684e-05	0.00028991	0.0044728	0.037629	0.017078	4.1701e-07	1.9104e-05	0.0086107	0.00045401
3.7405e-05	9.3605e-05	0.00029418	0.0043501	0.03767	0.017063	3.8787e-07	1.814e-05	0.0086107	0.00044337
3.7036e-05	9.3531e-05	0.00029864	0.0042379	0.037712	0.017049	3.6266e-07	1.7187e-05	0.0086107	0.00043334
3.6654e-05	9.3447e-05	0.00030302	0.0041215	0.037754	0.017035	3.3361e-07	1.6223e-05	0.0086107	0.00042306
3.6292e-05	9.3369e-05	0.0003076	0.0040153	0.037795	0.017022	3.084e-07	1.5269e-05	0.0086106	0.00041338
3.5917e-05	9.328e-05	0.00031209	0.0039045	0.037837	0.017008	2.7944e-07	1.4305e-05	0.0086106	0.00040347
3.5562e-05	9.3197e-05	0.00031679	0.0038037	0.037879	0.016996	2.5421e-07	1.3351e-05	0.0086106	0.00039414
3.5193e-05	9.3103e-05	0.00032139	0.003699	0.037921	0.016983	2.2528e-07	1.2385e-05	0.0086106	0.00038458
3.4844e-05	9.3015e-05	0.00032621	0.0036036	0.037964	0.016971	1.9968e-07	1.1431e-05	0.0086106	0.00037558
3.4482e-05	9.2917e-05	0.00033094	0.0035047	0.038006	0.016959	1.7061e-07	1.0466e-05	0.0086106	0.00036636
3.4141e-05	9.2824e-05	0.00033591	0.003415	0.038049	0.016948	1.4483e-07	9.5115e-06	0.0086106	0.00035772
3.3821e-05	9.2739e-05	0.00034115	0.0031564	0.038092	0.016939	1.225e-07	8.5702e-06	0.0086106	0.00034969
3.3486e-05	9.2641e-05	0.00034474	0.0030518	0.038135	0.016929	9.6095e-08	8.3685e-06	0.0086106	0.00034136
3.3173e-05	9.2552e-05	0.00034854	0.0029583	0.038178	0.01692	7.2952e-08	8.1681e-06	0.0086106	0.00033364
3.2845e-05	9.245e-05	0.00035224	0.0028596	0.038222	0.016911	8.2269e-08	7.9591e-06	0.0086106	0.00032565
3.2502e-05	9.2355e-05	0.00035583	0.0027558	0.038265	0.016901	9.2995e-08	7.7417e-06	0.0086106	0.00031738
3.2181e-05	9.2268e-05	0.00035964	0.0026631	0.038308	0.016893	1.0549e-07	7.5256e-06	0.0086106	0.00030972
3.1883e-05	9.2189e-05	0.00036369	0.0025803	0.038352	0.016886	1.2009e-07	7.3108e-06	0.0086106	0.00030262
3.1609e-05	9.2117e-05	0.00036762	0.0025186	0.038396	0.016824	1.3715e-07	7.0876e-06	0.0086107	0.00029607
3.1377e-05	9.2033e-05	0.00037143	0.0024529	0.03844	0.016768	1.506e-07	6.8559e-06	0.0086107	0.0002759
3.1131e-05	9.1937e-05	0.00037513	0.0023835	0.038483	0.01671	1.6039e-07	6.6156e-06	0.0086107	0.000255
3.0832e-05	9.1829e-05	0.00037524	0.0023215	0.038527	0.016673	1.861e-07	6.3781e-06	0.0086107	0.0002319
3.0517e-05	9.1709e-05	0.00037528	0.002256	0.038571	0.016635	2.0749e-07	6.1321e-06	0.0086107	0.00020797
3.0223e-05	9.1596e-05	0.00037544	0.0021974	0.038615	0.016599	2.3277e-07	5.887e-06	0.0086107	0.0001857
2.9949e-05	9.1491e-05	0.00037571	0.0021449	0.03866	0.016565	2.2247e-07	5.6429e-06	0.0086108	0.00016498
2.966e-05	9.1373e-05	0.00037592	0.0020895	0.038704	0.01653	2.082e-07	5.3902e-06	0.0086108	0.00014353
2.9391e-05	9.1263e-05	0.00037625	0.0020401	0.038749	0.016498	1.9705e-07	5.1387e-06	0.0086108	0.0001236
2.9082e-05	9.1141e-05	0.00037671	0.0019962	0.038795	0.016462	1.8212e-07	4.888e-06	0.0086109	0.00012031
2.8719e-05	9.1027e-05	0.00037729	0.0019573	0.03884	0.016446	1.7019e-07	4.6383e-06	0.008611	0.00011665
2.8385e-05	9.0921e-05	0.000378	0.0019227	0.038887	0.016431	1.608e-07	4.3894e-06	0.0086111	0.00010505
2.8028e-05	9.0802e-05	0.00037846	0.0018861	0.038933	0.016416	1.477e-07	4.5614e-06	0.0086111	0.00010342
2.7691e-05	9.0671e-05	0.00037904	0.0018534	0.03898	0.016402	1.308e-07	4.7331e-06	0.0086112	0.00010193
2.734e-05	9.0528e-05	0.00037956	0.0018189	0.039026	0.016388	1.5811e-07	4.897e-06	0.0086113	0.00010037
2.701e-05	9.0373e-05	0.0003802	0.0017883	0.039073	0.016375	1.9424e-07	5.0607e-06	0.0086114	9.8953e-05
2.6701e-05	9.0226e-05	0.00038098	0.0017611	0.039121	0.016364	1.9411e-07	5.2243e-06	0.0086115	9.7663e-05
2.6377e-05	9.0066e-05	0.00038168	0.0017422	0.039168	0.016352	1.9032e-07	5.3801e-06	0.0086116	9.63e-05
2.6073e-05	8.9914e-05	0.00038254	0.0017255	0.039216	0.016341	1.8886e-07	5.5356e-06	0.0086117	9.5059e-05
2.5755e-05	8.9751e-05	0.00038333	0.0017078	0.039263	0.01633	1.84e-07	5.6834e-06	0.0086118	9.3756e-05
2.5424e-05	8.9576e-05	0.00038406	0.0016892	0.039311	0.016318	1.7588e-07	5.8237e-06	0.0086119	9.2394e-05
2.5112e-05	8.9409e-05	0.00038473	0.0016693	0.039358	0.016308	1.699e-07	5.9564e-06	0.008612	9.1142e-05
2.4787e-05	8.923e-05	0.00038534	0.0016485	0.039405	0.016297	1.6077e-07	6.0817e-06	0.0086121	8.9837e-05
2.4479e-05	8.9058e-05	0.00038607	0.0016299	0.039453	0.016287	1.5353e-07	6.2063e-06	0.0086122	8.8637e-05
2.4159e-05	8.8874e-05	0.00038674	0.0016103	0.0395	0.016277	1.4309e-07	6.3234e-06	0.0086123	8.7381e-05
2.3856e-05	8.8697e-05	0.00038734	0.0016006	0.039547	0.016268	1.3442e-07	6.4328e-06	0.0086124	8.6228e-05
2.3565e-05	8.8523e-05	0.00038804	0.0015919	0.039595	0.01626	1.2662e-07	6.5404e-06	0.0086125	8.515e-05
2.3284e-05	8.8352e-05	0.00038881	0.0015841	0.039643	0.016253	1.1944e-07	6.6461e-06	0.0086126	8.4139e-05
2.3014e-05	8.8183e-05	0.00038967	0.001577	0.039691	0.016248	1.1275e-07	6.7496e-06	0.0086127	8.3191e-05
2.2737e-05	8.8017e-05	0.0003906	0.0015706	0.03974	0.016241	1.0647e-07	6.8511e-06	0.0086128	8.2216e-05
2.2452e-05	8.7843e-05	0.00039162	0.001565	0.039789	0.016235	1.6308e-07	6.9505e-06	0.008613	8.1214e-05
2.2176e-05	8.7671e-05	0.00039271	0.00156	0.039838	0.016229	2.2422e-07	7.0478e-06	0.0086131	8.0271e-05
2.191e-05	8.7501e-05	0.00039389	0.0015556	0.039888	0.016224	2.9025e-07	7.1427e-06	0.0086132	7.9384e-05
2.1653e-05	8.7333e-05	0.00039514	0.0015518	0.039937	0.01622	3.6194e-07	7.2355e-06	0.0086134	7.8552e-05
2.1389e-05	8.7157e-05	0.00039637	0.0015479	0.039987	0.016216	4.3011e-07	7.3221e-06	0.0086136	7.7697e-05
2.1118e-05	8.6974e-05	0.00039757	0.0015438	0.040037	0.016212	4.9481e-07	7.4024e-06	0.0086137	7.6819e-05
2.0857e-05	8.6793e-05	0.00039885	0.0015402	0.040087	0.016209	5.6548e-07	7.4805e-06	0.0086139	7.5996e-05
2.0589e-05	8.6604e-05	0.0004001	0.0015365	0.040137	0.016205	6.3239e-07	7.5523e-06	0.008614	7.5149e-05
2.0329e-05	8.6417e-05	0.00040143	0.0015334	0.040188	0.016202	7.0551e-07	7.6219e-06	0.0086142	7.4354e-05
2.0078e-05	8.6231e-05	0.00040284	0.0015308	0.040238	0.0162	7.8576e-07	7.6893e-06	0.0086143	7.361e-05
1.9835e-05	8.6048e-05	0.00040434	0.0015288	0.040289	0.016199	8.736e-07	7.7545e-06	0.0086145	7.2914e-05
1.9585e-05	8.5857e-05	0.00040581	0.0015266	0.04034	0.016198	9.5737e-07	7.8134e-06	0.0086147	7.2197e-05
1.9343e-05	8.5668e-05	0.00040736	0.0015249	0.040391	0.016197	1.0493e-06	7.8701e-06	0.0086149	7.1527e-05
1.9095e-05	8.5471e-05	0.00040888	0.001523	0.040442	0.016197	1.1368e-06	7.9205e-06	0.008615	7.0835e-05
1.884e-05	8.5267e-05	0.00041037	0.001521	0.040494	0.016196	1.22e-06	7.9645e-06	0.0086152	7.012e-05
1.8594e-05	8.5064e-05	0.00040701	0.0015196	0.040545	0.016195	1.312e-06	8.007e-06	0.0086154	6.9454e-05
1.8355e-05	8.4864e-05	0.00040377	0.0015186	0.040597	0.016196	1.4139e-06	8.0474e-06	0.0086156	6.8836e-05
1.811e-05	8.4655e-05	0.00040065	0.0015071	0.040649	0.016197	1.511e-06	8.0858e-06	0.0086158	6.8196e-05
1.7874e-05	8.4449e-05	0.00039766	0.0014965	0.040701	0.016198	1.6189e-06	8.1223e-06	0.008616	6.7604e-05
1.7646e-05	8.4246e-05	0.00039479	0.0014868	0.040754	0.016201	1.7388e-06	8.157e-06	0.0086162	6.706e-05
1.7426e-05	8.4045e-05	0.00039203	0.0014779	0.040807	0.016204	1.8721e-06	8.1899e-06	0.0086164	6.6564e-05
1.7198e-05	8.3847e-05	0.00038905	0.0014688	0.04086	0.016207	1.8701e-06	9.4398e-06	0.0086166	6.604e-05
1.698e-05	8.3652e-05	0.00038619	0.0014604	0.04082	0.016211	1.8749e-06	1.0701e-05	0.0086168	6.5566e-05
1.6753e-05	8.3449e-05	0.00038328	0.0014518	0.04078	0.016215	1.8754e-06	1.1953e-05	0.0086171	6.5066e-05
1.6537e-05	8.3249e-05	0.0003805	0.0014441	0.040739	0.01622	1.8834e-06	1.3217e-05	0.0086173	6.4618e-05
1.6311e-05	8.304e-05	0.00037767	0.001436	0.040699	0.016224	1.8862e-06	1.447e-05	0.0086175	6.414e-05
1.6078e-05	8.2822e-05	0.00037478	0.0014276	0.040659	0.016228	1.8842e-06	1.5712e-05	0.0086178	6.3633e-05
1.5854e-05	8.2607e-05	0.00037202	0.00142	0.040619	0.016233	1.8898e-06	1.6966e-05	0.008618	6.3178e-05
1.5621e-05	8.2383e-05	0.0003692	0.001412	0.040579	0.016238	1.8903e-06	1.821e-05	0.0086182	6.2694e-05
1.538e-05	8.215e-05	0.00036633	0.0014037	0.040539	0.016242	1.8856e-06	1.9442e-05	0.0086185	6.2178e-05
1.5149e-05	8.1921e-05	0.00036359	0.0013963	0.040499	0.016247	1.825e-06	2.0688e-05	0.0086187	6.1718e-05
1.4928e-05	8.1696e-05	0.00036099	0.0013898	0.040459	0.016253	1.7746e-06	2.1948e-05	0.0086189	6.1311e-05
1.4717e-05	8.1475e-05	0.00035853	0.0013842	0.04042	0.016261	1.7339e-06	2.3224e-05	0.0086192	6.0959e-05
1.4516e-05	8.1259e-05	0.0003562	0.0013793	0.040382	0.01627	1.7021e-06	2.4514e-05	0.0086195	6.0659e-05
1.4306e-05	8.1033e-05	0.00035381	0.0013741	0.040343	0.016278	1.6647e-06	2.5793e-05	0.0086197	6.0328e-05
1.4106e-05	8.0811e-05	0.00035155	0.0013698	0.040304	0.016288	1.6362e-06	2.7087e-05	0.00862	6.0051e-05
1.3918e-05	8.0579e-05	0.00034944	0.0013663	0.040266	0.016299	1.601e-06	2.84e-05	0.0086203	5.9833e-05
1.3719e-05	8.0336e-05	0.00034725	0.0013624	0.040228	0.016309	1.5587e-06	2.9698e-05	0.0086206	5.9578e-05
1.3532e-05	8.01e-05	0.00034522	0.0013594	0.04019	0.016321	1.5283e-06	3.1018e-05	0.0086208	5.9388e-05
1.3358e-05	7.987e-05	0.00034334	0.0013573	0.040153	0.016334	1.5082e-06	3.2358e-05	0.0086211	5.9262e-05
1.3172e-05	7.9647e-05	0.00034138	0.0013547	0.040115	0.016347	1.4983e-06	3.3682e-05	0.0086214	5.9093e-05
1.2998e-05	7.9412e-05	0.00033956	0.001353	0.040078	0.016361	1.4806e-06	3.5027e-05	0.0086218	5.8988e-05
1.2814e-05	7.9167e-05	0.00033789	0.0013489	0.040042	0.016375	1.4559e-06	3.6394e-05	0.0086221	5.8842e-05
1.2641e-05	7.8928e-05	0.00033636	0.0013457	0.040005	0.01639	1.4415e-06	3.7786e-05	0.0086224	5.8761e-05
1.2457e-05	7.8696e-05	0.00033496	0.0013444	0.03997	0.016404	1.3365e-06	3.9201e-05	0.0086228	5.8636e-05
1.2284e-05	7.847e-05	0.0003337	0.001344	0.039934	0.01642	1.2478e-06	4.0639e-05	0.0086231	5.8572e-05
1.2121e-05	7.8251e-05	0.00033255	0.0013444	0.039899	0.016437	1.1733e-06	4.2101e-05	0.0086235	5.8567e-05
1.1949e-05	7.802e-05	0.00033134	0.0013443	0.039864	0.016454	1.0904e-06	4.3545e-05	0.0086239	5.8526e-05
1.1787e-05	7.7795e-05	0.00033025	0.0013451	0.039829	0.016472	1.0211e-06	4.5014e-05	0.0086243	5.8546e-05
1.1616e-05	7.7559e-05	0.0003291	0.0013455	0.039794	0.016489	9.4328e-07	4.6465e-05	0.0086246	5.8525e-05
1.1455e-05	7.733e-05	0.00032807	0.0013468	0.03976	0.016508	8.7808e-07	4.7942e-05	0.008625	5.8568e-05
1.1283e-05	7.7107e-05	0.00032717	0.0013489	0.039726	0.016526	8.2504e-07	4.9444e-05	0.0086254	5.8569e-05
1.1122e-05	7.6891e-05	0.00032639	0.001352	0.039692	0.016546	7.8204e-07	5.0974e-05	0.0086259	5.8635e-05
1.0979e-05	7.9309e-05	0.00032573	0.0013561	0.039659	0.016569	7.318e-07	5.253e-05	0.0086263	5.7389e-05
1.0825e-05	8.1755e-05	0.000325	0.0013596	0.039626	0.01659	6.9107e-07	5.4067e-05	0.0086267	5.6078e-05
1.066e-05	8.4182e-05	0.0003242	0.0013625	0.039592	0.01661	6.4352e-07	5.5584e-05	0.0086271	5.4701e-05
1.0506e-05	8.6636e-05	0.00032352	0.0013665	0.039559	0.016633	6.0478e-07	5.7129e-05	0.0086276	5.3437e-05
1.0342e-05	8.9071e-05	0.00032296	0.0013714	0.039527	0.016654	5.5951e-07	5.8701e-05	0.008628	5.2113e-05
1.0187e-05	9.1488e-05	0.00032251	0.0013774	0.039494	0.016677	5.0738e-07	6.0301e-05	0.0086285	5.0895e-05
1.0043e-05	9.3931e-05	0.00032217	0.0013845	0.039463	0.016702	4.6368e-07	6.1929e-05	0.0086289	4.9776e-05
9.8893e-06	9.6356e-05	0.00032195	0.0013929	0.039431	0.016726	4.1389e-07	6.3586e-05	0.0086294	4.8602e-05
9.7454e-06	9.8808e-05	0.00032183	0.0014026	0.0394	0.016752	3.7187e-07	6.5273e-05	0.0086299	4.7526e-05
9.5918e-06	0.00010124	0.00032166	0.0014116	0.039369	0.016777	3.2405e-07	6.694e-05	0.0086304	4.6397e-05
9.4284e-06	0.00010366	0.00032142	0.0014201	0.039337	0.016801	3.4678e-07	6.8587e-05	0.0086309	4.5213e-05
9.2551e-06	0.00010605	0.00032113	0.0014279	0.039306	0.016824	3.6496e-07	7.0216e-05	0.0086314	4.3973e-05
9.0916e-06	0.00010847	0.00032094	0.001437	0.039275	0.016849	3.8798e-07	7.1873e-05	0.0086318	4.283e-05
8.9375e-06	0.00011093	0.0003207	0.0014453	0.039244	0.016876	4.1635e-07	7.3512e-05	0.0086323	4.1779e-05
8.7926e-06	0.0001134	0.00032056	0.0014549	0.039213	0.016905	4.5092e-07	7.518e-05	0.0086328	4.0815e-05
8.6568e-06	0.00011591	0.00032054	0.0014659	0.039182	0.016936	4.9259e-07	7.6879e-05	0.0086333	3.9932e-05
8.5117e-06	0.0001184	0.00032046	0.0014763	0.039152	0.016966	5.3039e-07	7.8559e-05	0.0086338	3.9004e-05
8.3755e-06	0.00012092	0.00032049	0.0014881	0.039123	0.016997	5.7583e-07	8.0269e-05	0.0086344	3.8154e-05
8.2297e-06	0.00012341	0.00032046	0.0014992	0.039093	0.017028	6.1502e-07	8.1959e-05	0.0086349	3.7257e-05
8.0771e-06	0.00012589	0.00032037	0.0015096	0.039063	0.017058	6.4828e-07	8.3629e-05	0.0086354	3.6313e-05
7.9327e-06	0.0001284	0.00032038	0.0015215	0.039034	0.01709	6.8912e-07	8.5329e-05	0.008636	3.5445e-05
7.779e-06	0.00013088	0.00032034	0.0015326	0.039004	0.017121	7.2374e-07	8.7009e-05	0.0086365	3.4529e-05
7.6156e-06	0.00013335	0.00032023	0.001543	0.038974	0.017151	7.5229e-07	8.8668e-05	0.008637	3.3565e-05
7.9824e-06	0.00013585	0.00032023	0.001555	0.038945	0.01718	7.7296e-07	9.0359e-05	0.0086375	3.2539e-05
8.3861e-06	0.00013832	0.00032014	0.0015723	0.038916	0.017192	7.877e-07	9.1996e-05	0.0086381	3.1649e-05
8.8059e-06	0.00014083	0.00032014	0.0015917	0.038887	0.017206	8.0906e-07	9.3662e-05	0.0086386	3.0828e-05
9.2135e-06	0.00014332	0.0003201	0.0016102	0.038858	0.017219	8.2517e-07	9.5309e-05	0.0086392	2.9967e-05
9.6374e-06	0.00014583	0.00032015	0.0016308	0.03883	0.017233	8.4798e-07	9.6986e-05	0.0086398	2.9171e-05
1.0048e-05	0.00014833	0.00032031	0.0016542	0.038802	0.017247	8.6542e-07	9.8693e-05	0.0086403	2.8334e-05
1.0447e-05	0.00015081	0.00032042	0.0016764	0.038774	0.01726	8.7759e-07	0.00010038	0.0086409	2.7456e-05
1.0862e-05	0.00015327	0.00032063	0.0017013	0.038746	0.017275	8.9757e-07	0.0001021	0.0086415	2.6645e-05
1.1295e-05	0.00015576	0.00032079	0.0017245	0.038718	0.017291	9.2734e-07	0.0001038	0.0086421	2.5899e-05
1.1716e-05	0.00015823	0.00032089	0.0017465	0.03869	0.017306	9.5139e-07	0.00010548	0.0086426	2.5113e-05
1.2153e-05	0.00016072	0.00032109	0.001771	0.038662	0.017323	9.8303e-07	0.00010719	0.0086432	2.4387e-05
1.2608e-05	0.00016325	0.00032139	0.0017984	0.038635	0.017342	1.0227e-06	0.00010893	0.0086438	2.3716e-05
1.3051e-05	0.00016575	0.00032164	0.0018245	0.038607	0.01736	1.0564e-06	0.00011065	0.0086444	2.3011e-05
1.351e-05	0.00016828	0.00032199	0.0018534	0.03858	0.017379	1.0983e-06	0.0001124	0.008645	2.2355e-05
1.3958e-05	0.0001708	0.00032229	0.0018811	0.038553	0.017398	1.1343e-06	0.00011413	0.0086456	2.1669e-05
1.4423e-05	0.00017334	0.00032268	0.0019118	0.038526	0.017418	1.1793e-06	0.00011589	0.0086462	2.1032e-05
1.4876e-05	0.00017587	0.00032303	0.0019412	0.038499	0.017438	1.2182e-06	0.00011764	0.0086468	2.0364e-05
1.535e-05	0.00017837	0.00032326	0.0019747	0.038473	0.017459	1.25e-06	0.00011932	0.0086474	1.975e-05
1.581e-05	0.00018091	0.00032344	0.0020063	0.038446	0.017479	1.2918e-06	0.00012098	0.008648	1.9101e-05
1.629e-05	0.00018347	0.00032373	0.0020416	0.038419	0.017502	1.3443e-06	0.00012267	0.0086486	1.8504e-05
1.6748e-05	0.00018602	0.00032413	0.0020674	0.038393	0.017523	1.389e-06	0.00012439	0.0086493	1.9083e-05
1.7192e-05	0.00018854	0.00032447	0.0020918	0.038367	0.017543	1.4265e-06	0.0001261	0.0086499	1.9629e-05
1.7657e-05	0.0001911	0.00032492	0.0021193	0.038342	0.017565	1.3798e-06	0.00012784	0.0086505	2.0226e-05
1.8106e-05	0.00019369	0.00032531	0.0021451	0.038316	0.017587	1.3442e-06	0.00012956	0.0086512	2.0787e-05
1.8542e-05	0.00019626	0.00032564	0.0021695	0.03829	0.017607	1.3016e-06	0.00013125	0.0086518	2.1315e-05
1.8998e-05	0.00019886	0.00032608	0.0021969	0.038264	0.017629	1.2691e-06	0.00013298	0.0086524	2.1892e-05
1.9439e-05	0.00020144	0.00032646	0.0022229	0.038238	0.017651	1.2297e-06	0.00013469	0.008653	2.2434e-05
1.9801e-05	0.00020405	0.00032695	0.0022521	0.038213	0.017667	1.2007e-06	0.00013643	0.0086537	2.5796e-05
2.0148e-05	0.00020664	0.00032738	0.0022797	0.038187	0.017681	1.1644e-06	0.00013815	0.0086543	2.9033e-05
2.0514e-05	0.00020921	0.00032774	0.0023053	0.038162	0.017698	1.1202e-06	0.00013985	0.0086549	3.2508e-05
2.09e-05	0.00021176	0.00032822	0.0023342	0.038136	0.017716	1.0682e-06	0.00014159	0.0086556	3.6246e-05
2.1307e-05	0.00021434	0.00032882	0.0023665	0.038111	0.017736	1.0268e-06	0.00014335	0.0086562	4.0263e-05
2.1734e-05	0.00021695	0.00032953	0.0023758	0.038087	0.017758	9.9438e-07	0.00014516	0.0086569	4.457e-05
2.2146e-05	0.00021954	0.00033017	0.0023844	0.038062	0.017779	9.5531e-07	0.00014694	0.0086576	4.8726e-05
2.2543e-05	0.00022211	0.00033075	0.0023923	0.038037	0.017799	9.0933e-07	0.0001487	0.0086582	5.2735e-05
2.2925e-05	0.00022471	0.00033127	0.0023996	0.038012	0.017818	8.7303e-07	0.00015043	0.0086589	5.6607e-05
2.3294e-05	0.00022729	0.00033173	0.0024062	0.037987	0.017836	8.3034e-07	0.00015215	0.0086595	6.0348e-05
2.3683e-05	0.00022991	0.0003323	0.0024011	0.037962	0.017856	7.9674e-07	0.0001539	0.0086601	6.438e-05
2.4096e-05	0.0002325	0.00033281	0.0023953	0.037937	0.017878	7.563e-07	0.00015563	0.0086608	6.8728e-05
2.4531e-05	0.00023513	0.00033345	0.0023909	0.037913	0.017902	7.2445e-07	0.0001574	0.0086614	7.3415e-05
2.495e-05	0.00023779	0.00033401	0.0023858	0.037888	0.017925	7.0037e-07	0.00015914	0.0086621	7.7928e-05
2.5392e-05	0.00024049	0.0003347	0.002382	0.037864	0.01795	6.8311e-07	0.00016092	0.0086628	8.2782e-05
2.5817e-05	0.00024322	0.0003355	0.0023794	0.03784	0.017974	6.7241e-07	0.00016274	0.0086634	8.7456e-05
2.6265e-05	0.00024598	0.00033643	0.0023779	0.037816	0.017999	6.6773e-07	0.0001646	0.0086641	9.2483e-05
2.6737e-05	0.00024879	0.00033749	0.0023775	0.037793	0.018026	6.6895e-07	0.00016649	0.0086648	9.789e-05
3.0288e-05	0.00025157	0.00033847	0.0023767	0.03777	0.018053	6.6506e-07	0.00016836	0.0086655	0.00010307
3.3769e-05	0.00025432	0.00033939	0.0023888	0.037746	0.018079	6.5603e-07	0.00017021	0.0086662	0.00010807
3.4848e-05	0.00025712	0.00034044	0.0024029	0.037723	0.018107	6.5315e-07	0.0001721	0.0086669	0.0001136
3.5899e-05	0.00025989	0.00034141	0.002416	0.0377	0.018134	6.4493e-07	0.00017396	0.0086676	0.00011893
3.6997e-05	0.0002627	0.00034251	0.002431	0.037677	0.018163	6.4251e-07	0.00017586	0.0086683	0.00012466
3.8069e-05	0.00026548	0.00034354	0.0024451	0.037654	0.018191	6.347e-07	0.00017774	0.008669	0.0001302
3.919e-05	0.0002683	0.0003447	0.0024611	0.037631	0.018221	6.3265e-07	0.00017966	0.0086697	0.00013616
4.0372e-05	0.00027116	0.00034599	0.0024794	0.037609	0.018253	6.3654e-07	0.00018161	0.0086705	0.00013782
4.1525e-05	0.00027406	0.00034742	0.002504	0.037587	0.018284	6.3539e-07	0.00018361	0.0086712	0.00013939
4.2651e-05	0.00027694	0.00034877	0.0025271	0.037564	0.018314	6.2918e-07	0.00018559	0.0086719	0.00014089
4.3829e-05	0.00027986	0.00035026	0.0025362	0.037542	0.018346	6.291e-07	0.00018761	0.0086726	0.00014254
4.5062e-05	0.00028282	0.00035189	0.002547	0.03752	0.018381	6.3476e-07	0.00018967	0.0086733	0.00014436
4.6352e-05	0.00028581	0.00035366	0.0025595	0.037498	0.018417	6.463e-07	0.00019177	0.008674	0.00014635
4.7612e-05	0.00028879	0.00035536	0.0025712	0.037475	0.018453	6.5272e-07	0.00019385	0.0086748	0.00014825
4.8839e-05	0.00029173	0.00035721	0.0025847	0.037454	0.018487	7.2675e-07	0.00019597	0.0086755	0.00015005
5.0123e-05	0.00029472	0.0003592	0.0026003	0.037432	0.018523	8.144e-07	0.00019813	0.0086763	0.00015203
5.1376e-05	0.00029768	0.00036112	0.0026148	0.037411	0.018559	8.9247e-07	0.00020027	0.008677	0.00015391
5.269e-05	0.00030069	0.00036319	0.0026315	0.03739	0.018597	9.8517e-07	0.00020246	0.0086777	0.00015598
5.3972e-05	0.00030366	0.00036544	0.0026534	0.037368	0.018633	1.0674e-06	0.00020469	0.0086785	0.00015796
5.5316e-05	0.00030668	0.00036785	0.0026781	0.037347	0.018672	1.1654e-06	0.00020697	0.0086792	0.00016012
5.6625e-05	0.00030967	0.00037017	0.0027014	0.037326	0.01871	1.2528e-06	0.00020923	0.00868	0.00016218
5.7997e-05	0.00031264	0.00037266	0.0027278	0.037306	0.01875	1.3301e-06	0.00021153	0.0086808	0.00016444
5.9435e-05	0.00031564	0.00037534	0.0027576	0.037285	0.018793	1.4237e-06	0.00021388	0.0086815	0.0001669
6.0836e-05	0.00031862	0.00037791	0.0027856	0.037265	0.018834	2.054e-06	0.0002162	0.0086823	0.00016925
6.2202e-05	0.00032165	0.00038068	0.0028173	0.037245	0.018874	2.7972e-06	0.00021857	0.0086831	0.0001715
6.3634e-05	0.00032464	0.00038335	0.0028471	0.037224	0.018917	3.4714e-06	0.00022091	0.0086839	0.00017395
6.5132e-05	0.00032762	0.00038621	0.0028546	0.037204	0.018961	4.0916e-06	0.0002233	0.0086847	0.00017662
6.6593e-05	0.00033063	0.00038926	0.002858	0.037185	0.019005	4.8304e-06	0.00022574	0.0086855	0.00017917
6.8019e-05	0.00033363	0.00039251	0.0028629	0.037166	0.019047	5.5148e-06	0.00022824	0.0086863	0.00018161
6.9512e-05	0.0003366	0.00039598	0.0028692	0.037147	0.019092	6.1475e-06	0.00023078	0.0086871	0.00018427
7.1075e-05	0.00033961	0.00039966	0.0028769	0.037128	0.019139	6.8973e-06	0.00023337	0.008688	0.00018716
7.2601e-05	0.00034266	0.00040324	0.0028839	0.03711	0.019186	7.7833e-06	0.00023594	0.0086888	0.00018993
7.4199e-05	0.00034569	0.00040703	0.0028924	0.037092	0.019234	8.5917e-06	0.00023856	0.0086897	0.00019294
7.576e-05	0.00034876	0.00041071	0.0029001	0.037073	0.019282	9.5554e-06	0.00024114	0.0086905	0.00019583
7.7397e-05	0.0003518	0.00041427	0.0029068	0.037055	0.019332	1.0446e-05	0.0002437	0.0086913	0.00019898
