Gopherus_agassizii	Gavialis_gangeticus	Crocodylus_porosus	Chrysemys_picta	Chelonoidis_abingdonii	Chelonia_mydas	Anolis_carolinensis	Alligator_sinensis	Alligator_mississippiensis
0.82603	0.0069851	2.6441e-05	0.0020506	0.0024034	0.0002631	1.5931e-05	0.00024576	0.00012317
0.82572	0.0069891	2.2399e-05	0.0020451	0.0023882	0.00025987	1.5366e-05	0.00024317	0.00011102
0.82537	0.0069936	1.8672e-05	0.0020395	0.0023727	0.00025657	1.4654e-05	0.00024063	9.9363e-05
0.82498	0.0069977	1.8207e-05	0.0020339	0.0023569	0.00025321	1.3609e-05	0.00023806	8.7484e-05
0.82467	0.0070015	1.7703e-05	0.0020284	0.0023417	0.00024997	1.2902e-05	0.00023534	8.5635e-05
0.82432	0.0070058	1.7252e-05	0.0020228	0.0023262	0.00024668	1.206e-05	0.00023267	8.387e-05
0.82405	0.0070106	1.6849e-05	0.0020174	0.0023113	0.00024351	1.1041e-05	0.00023005	8.2185e-05
0.82386	0.0070158	1.6492e-05	0.002012	0.002297	0.00024046	1.0383e-05	0.00022748	8.0575e-05
0.82376	0.0070216	1.6174e-05	0.0020067	0.0022832	0.00023753	9.9262e-06	0.00022495	7.9036e-05
0.82373	0.0070278	1.5896e-05	0.0020016	0.0022701	0.0002347	9.1457e-06	0.00022247	7.7563e-05
0.82377	0.0070344	1.5648e-05	0.0019965	0.0022573	0.00023196	8.5648e-06	0.00022002	7.6145e-05
0.82379	0.0070409	1.5378e-05	0.0019913	0.0022444	0.00022919	7.9246e-06	0.00021756	7.4701e-05
0.82386	0.0070477	1.5135e-05	0.0019863	0.0022319	0.00022649	7.4385e-06	0.00021513	7.3305e-05
0.824	0.0070382	1.4919e-05	0.0019813	0.0022198	0.00022387	7.0686e-06	0.00021273	7.1956e-05
0.82419	0.0070279	1.4659e-05	0.0019764	0.002208	0.00022133	6.7875e-06	0.00021037	7.0652e-05
0.82445	0.007018	1.4424e-05	0.0019715	0.0021967	0.00021885	6.5794e-06	0.00020804	6.9392e-05
0.82468	0.007008	1.417e-05	0.0019666	0.0021852	0.00021635	6.352e-06	0.00020569	6.8111e-05
0.82497	0.0069984	1.3939e-05	0.0019618	0.0021741	0.00021392	6.1799e-06	0.00020337	6.6871e-05
0.82532	0.0069887	1.3688e-05	0.0019571	0.0021633	0.00021156	6.0525e-06	0.00020104	6.5609e-05
0.82565	0.0069789	1.3418e-05	0.0019523	0.0021524	0.00020917	5.9116e-06	0.00019874	6.4389e-05
0.82603	0.0069694	1.3172e-05	0.0019476	0.0021418	0.00020685	5.2158e-06	0.00019647	6.3209e-05
0.8264	0.0069599	1.2907e-05	0.0019429	0.0021311	0.0002045	4.465e-06	0.00019418	6.2008e-05
0.82674	0.0069508	1.2665e-05	0.0019381	0.0021203	0.00020213	3.6619e-06	0.00019188	6.0789e-05
0.82713	0.0069421	1.2443e-05	0.0019334	0.0021098	0.00019981	3.0293e-06	0.00018961	5.9604e-05
0.82758	0.0069338	1.224e-05	0.0019288	0.0020996	0.00019755	2.53e-06	0.00018737	5.8455e-05
0.82808	0.0069258	1.2054e-05	0.0019242	0.0020897	0.00019536	2.1357e-06	0.0001851	5.7281e-05
0.82864	0.0069181	1.1885e-05	0.0019197	0.0020801	0.00019321	1.8223e-06	0.00018286	5.6141e-05
0.82917	0.0069109	1.1733e-05	0.0019151	0.0020704	0.00019104	1.4864e-06	0.00018064	5.5032e-05
0.82968	0.0069035	1.1565e-05	0.0019105	0.0020605	0.00018885	1.1263e-06	0.00017841	5.3907e-05
0.83018	0.006896	1.1381e-05	0.0019059	0.0020506	0.00018664	7.4129e-07	0.00017617	5.2765e-05
0.83073	0.0068889	1.1219e-05	0.0019014	0.0020409	0.00018449	4.4048e-07	0.00017395	5.1658e-05
0.82755	0.0068822	1.1075e-05	0.0018969	0.0020317	0.0001824	3.3832e-07	0.00017172	5.0529e-05
0.82447	0.0068758	1.0949e-05	0.0018925	0.0020227	0.00018037	2.5875e-07	0.00016952	4.9434e-05
0.82147	0.0068698	1.0839e-05	0.0018881	0.002014	0.00017839	1.9641e-07	0.00016734	4.8372e-05
0.81857	0.0068641	1.0745e-05	0.0018838	0.0020056	0.00017647	1.4742e-07	0.00016519	4.7341e-05
0.81575	0.0068254	1.0675e-05	0.0018796	0.0019975	0.0001746	1.0919e-07	0.00016306	4.6342e-05
0.81302	0.0067879	1.062e-05	0.0018754	0.0019898	0.00017278	7.8981e-08	0.00016096	4.5374e-05
0.81025	0.0067501	1.055e-05	0.0018712	0.0019819	0.00017094	4.5266e-08	0.00015885	4.4388e-05
0.80757	0.0067134	1.0495e-05	0.0018671	0.0019742	0.00016915	1.8411e-08	0.00015676	4.3433e-05
0.80483	0.0066763	1.0422e-05	0.0018629	0.0019665	0.00016734	1.7624e-08	0.00015466	4.2458e-05
0.80205	0.0066388	1.033e-05	0.0018587	0.0019586	0.00016549	1.524e-08	0.00015254	4.1462e-05
0.79919	0.0066007	1.0217e-05	0.0018545	0.0019505	0.00016361	1.0953e-08	0.00015041	4.0439e-05
0.79623	0.0065644	1.0132e-05	0.0018502	0.0019421	0.00016167	1.0486e-08	0.00014831	3.9466e-05
0.79319	0.0065298	1.0075e-05	0.0018458	0.0019335	0.00015968	8.1431e-09	0.00014625	3.854e-05
0.7903	0.0064968	1.0046e-05	0.0018415	0.0019253	0.00015778	6.5641e-09	0.00014423	3.7658e-05
0.7873	0.0064654	1.0044e-05	0.0018372	0.0019168	0.00015582	5.5098e-09	0.00014225	3.6818e-05
0.78446	0.0064354	1.0068e-05	0.001833	0.0019089	0.00015395	5.1999e-09	0.00014031	3.6019e-05
0.78176	0.0064069	1.0119e-05	0.0018288	0.0019013	0.00015216	5.1808e-09	0.0001384	3.526e-05
0.7792	0.0063797	1.0198e-05	0.0018248	0.0018942	0.00015044	6.7573e-09	0.00013653	3.4538e-05
0.77678	0.0063518	1.025e-05	0.0018209	0.0018876	0.0001488	8.977e-09	0.00013464	3.3788e-05
0.77428	0.0063233	1.0275e-05	0.0018168	0.0018807	0.00014712	9.4556e-09	0.00013278	3.3076e-05
0.77191	0.006296	1.0327e-05	0.0018129	0.0018742	0.00014551	1.069e-08	0.00013096	3.24e-05
0.76945	0.0062682	1.0353e-05	0.001809	0.0018674	0.00014386	1.7463e-08	0.00012911	3.1696e-05
0.76691	0.0062397	1.0352e-05	0.0018049	0.0018605	0.00014216	2.0829e-08	0.00012724	3.0965e-05
0.7645	0.0062125	1.0378e-05	0.001801	0.0018539	0.00014053	2.6237e-08	0.0001254	3.027e-05
0.762	0.0061867	1.0433e-05	0.001797	0.0018471	0.00013886	2.9137e-08	0.0001236	2.961e-05
0.75941	0.0061602	1.0462e-05	0.001793	0.00184	0.00013715	2.961e-08	0.00012178	2.8924e-05
0.75674	0.006135	1.0518e-05	0.0017888	0.0018327	0.00013539	3.8653e-08	0.00011999	2.8271e-05
0.75396	0.006111	1.0602e-05	0.0017847	0.0018252	0.00013358	4.4606e-08	0.00011824	2.765e-05
0.75109	0.0060865	1.0661e-05	0.0017805	0.0018173	0.00013173	4.7674e-08	0.00011646	2.7006e-05
0.74837	0.00601	1.0767e-05	0.0017763	0.00181	0.00012995	5.4072e-08	0.00011472	2.6394e-05
0.7458	0.0059369	1.0902e-05	0.0017723	0.001803	0.00012825	6.5868e-08	0.000113	2.5812e-05
0.74313	0.0058622	1.101e-05	0.0017682	0.0017958	0.00012651	7.4012e-08	0.00011127	2.5206e-05
0.74059	0.0057908	1.1147e-05	0.0017642	0.001789	0.00012483	8.7179e-08	0.00010957	2.4629e-05
0.73797	0.0057179	1.1257e-05	0.0017769	0.001782	0.00012311	9.6402e-08	0.00010785	2.4029e-05
0.73527	0.00565	1.1407e-05	0.0017895	0.0017747	0.00012136	1.0216e-07	0.0001061	2.3405e-05
0.7327	0.0055851	1.1589e-05	0.0018023	0.0017679	0.00011967	9.0756e-08	0.00010438	2.2809e-05
0.73004	0.0055187	1.1742e-05	0.0018148	0.0017608	0.00011794	7.247e-08	0.00010265	2.219e-05
0.7275	0.0054551	1.1923e-05	0.0018274	0.0017541	0.00011627	5.9782e-08	0.00010094	2.1596e-05
0.72489	0.0053939	1.213e-05	0.00184	0.0017472	0.00011457	5.1012e-08	9.9256e-05	2.1025e-05
0.72239	0.0053351	1.2365e-05	0.0018527	0.0017406	0.00011292	4.5149e-08	9.7599e-05	2.0477e-05
0.72001	0.0052786	1.2628e-05	0.0018656	0.0017344	0.00011133	4.1515e-08	9.5966e-05	1.995e-05
0.71756	0.0052211	1.2867e-05	0.0018783	0.001728	0.00010971	3.5587e-08	9.4316e-05	1.9404e-05
0.71521	0.0051658	1.3133e-05	0.0018913	0.0017219	0.00010815	3.1512e-08	9.2691e-05	1.8879e-05
0.71298	0.0051127	1.343e-05	0.0019043	0.0017162	0.00010663	2.8963e-08	9.1089e-05	1.8373e-05
0.71085	0.0050615	1.3759e-05	0.0019176	0.0017107	0.00010517	2.7668e-08	8.951e-05	1.7887e-05
0.70883	0.0050096	1.4062e-05	0.0019309	0.0017056	0.00010377	2.7533e-08	8.7916e-05	1.7383e-05
0.70692	0.0049597	1.4401e-05	0.0019445	0.0017008	0.00010241	2.866e-08	8.6347e-05	1.69e-05
0.70511	0.0049119	1.4776e-05	0.0019582	0.0016964	0.00010111	3.6735e-08	8.4802e-05	1.6436e-05
0.70324	0.0048632	1.5123e-05	0.0019718	0.0016917	9.9773e-05	4.7998e-08	8.3241e-05	1.5954e-05
0.70148	0.0048166	1.5509e-05	0.0019856	0.0016874	9.8489e-05	6.4196e-08	8.1704e-05	1.5492e-05
0.69982	0.0047718	1.5934e-05	0.0019995	0.0016834	9.7254e-05	7.5555e-08	8.0191e-05	1.5048e-05
0.69826	0.0047288	1.6402e-05	0.0020137	0.0016798	9.6067e-05	9.2018e-08	7.8701e-05	1.4621e-05
0.6968	0.0046874	1.6911e-05	0.0020279	0.0016764	9.4921e-05	1.1413e-07	7.7232e-05	1.4209e-05
0.69528	0.0046454	1.7391e-05	0.0020422	0.0016729	9.3751e-05	1.1801e-07	7.5748e-05	1.3782e-05
0.69371	0.0046029	1.7848e-05	0.0020563	0.0016692	9.2559e-05	1.1967e-07	7.4252e-05	1.3342e-05
0.69223	0.0045619	1.8341e-05	0.0020706	0.0016658	9.1405e-05	1.2438e-07	7.2774e-05	1.2915e-05
0.69082	0.0045223	1.8872e-05	0.0020851	0.0016626	9.0287e-05	1.3243e-07	7.1314e-05	1.25e-05
0.6895	0.004484	1.9442e-05	0.0020997	0.0016597	8.9206e-05	1.4436e-07	6.9872e-05	1.2097e-05
0.68826	0.004447	2.0056e-05	0.0021144	0.0016571	8.8159e-05	1.6108e-07	6.8448e-05	1.1706e-05
0.68709	0.0044113	2.0715e-05	0.0021293	0.0016547	8.7148e-05	1.7456e-07	6.7041e-05	1.1326e-05
0.686	0.0043769	2.1422e-05	0.0021443	0.0016526	8.617e-05	1.9372e-07	6.5651e-05	1.0957e-05
0.68499	0.004342	2.2099e-05	0.0021593	0.0016507	8.5227e-05	1.8754e-07	6.4249e-05	1.0575e-05
0.68406	0.0043082	2.282e-05	0.0021743	0.001649	8.4313e-05	1.8515e-07	6.2862e-05	1.0202e-05
0.68318	0.0042754	2.3587e-05	0.0021895	0.0016476	8.3426e-05	1.8633e-07	6.1489e-05	9.8377e-06
0.68237	0.0042437	2.4401e-05	0.0022048	0.0016463	8.2567e-05	1.912e-07	6.0131e-05	9.4815e-06
0.68163	0.0042129	2.5266e-05	0.0022203	0.0016453	8.1734e-05	2.0016e-07	5.8786e-05	9.1332e-06
0.68085	0.0041831	2.6185e-05	0.0022357	0.0016442	8.0884e-05	2.0631e-07	5.7456e-05	8.7929e-06
0.68004	0.0041531	2.7077e-05	0.002251	0.0016429	8.0018e-05	2.1002e-07	5.6116e-05	8.4415e-06
0.67919	0.0041227	2.7943e-05	0.0022664	0.0016416	7.9135e-05	2.1127e-07	5.4765e-05	8.079e-06
0.67841	0.0040934	2.8863e-05	0.0022818	0.0016405	7.828e-05	2.1671e-07	5.3429e-05	7.7243e-06
0.67759	0.0040637	2.9755e-05	0.0022973	0.0016393	7.7407e-05	2.1955e-07	5.2082e-05	7.3582e-06
0.67673	0.0040338	3.0618e-05	0.0023127	0.0016379	7.6517e-05	2.2693e-07	5.0724e-05	6.9805e-06
0.67594	0.0040048	3.1538e-05	0.0023282	0.0016368	7.5654e-05	2.3926e-07	4.9381e-05	6.6107e-06
0.67512	0.0039755	3.2429e-05	0.0023437	0.0016356	7.4775e-05	2.4879e-07	4.8027e-05	6.2297e-06
0.67436	0.0039472	3.3381e-05	0.0023593	0.0016346	7.3924e-05	2.2152e-07	4.6688e-05	5.8566e-06
0.67357	0.0039186	3.4304e-05	0.0023749	0.0016335	7.3055e-05	1.9051e-07	4.5338e-05	5.4723e-06
0.67285	0.003891	3.5289e-05	0.0023906	0.0016327	7.2215e-05	1.6707e-07	4.4002e-05	5.0955e-06
0.67209	0.003863	3.6242e-05	0.0024063	0.0016317	7.1356e-05	1.4013e-07	4.2656e-05	4.7072e-06
0.6714	0.003836	3.7256e-05	0.0024048	0.0016309	7.0523e-05	1.1938e-07	4.1323e-05	4.3257e-06
0.67077	0.0038098	3.8336e-05	0.0024034	0.0016304	6.9716e-05	1.0362e-07	4.0003e-05	3.9508e-06
0.67021	0.0037846	3.7955e-05	0.0024021	0.00163	6.8933e-05	7.8961e-08	3.8695e-05	3.5817e-06
0.6697	0.0037601	3.7611e-05	0.0024008	0.0016299	6.8172e-05	5.9294e-08	3.74e-05	3.2176e-06
0.66926	0.0037364	3.7306e-05	0.0023996	0.00163	6.7432e-05	4.3591e-08	3.6115e-05	2.8582e-06
0.66888	0.0037134	3.7036e-05	0.0023984	0.0016302	6.6714e-05	3.084e-08	3.4841e-05	2.5029e-06
0.66847	0.0036902	3.6746e-05	0.0023972	0.0016304	6.5982e-05	1.6165e-08	3.3559e-05	2.1379e-06
0.66811	0.0036677	3.6493e-05	0.0023961	0.0016308	6.5271e-05	3.9846e-09	3.2288e-05	1.7772e-06
0.66773	0.0036451	3.6218e-05	0.0023949	0.0016311	6.4546e-05	3.5599e-09	3.1007e-05	1.4064e-06
0.66731	0.0036222	3.5921e-05	0.0023937	0.0016313	6.3806e-05	6.8838e-09	2.9738e-05	1.04e-06
0.66695	0.0036	3.5662e-05	0.0023926	0.0016317	6.3087e-05	1.0503e-08	2.848e-05	6.7753e-07
0.66656	0.0035777	3.5381e-05	0.0023914	0.001632	6.2354e-05	1.2751e-08	2.7188e-05	6.868e-07
0.66614	0.0035551	3.5079e-05	0.0023903	0.0016322	6.1607e-05	1.3685e-08	2.5886e-05	6.8833e-07
0.66569	0.0035324	3.4756e-05	0.0023891	0.0016323	6.0846e-05	1.3341e-08	2.4576e-05	6.8214e-07
0.6653	0.0035104	3.4468e-05	0.0023879	0.0016326	6.0105e-05	1.3211e-08	2.3276e-05	6.7152e-07
0.66496	0.0034881	3.416e-05	0.0023868	0.0016331	5.9384e-05	1.1811e-08	2.1967e-05	6.5326e-07
0.66468	0.0034665	3.3885e-05	0.0023858	0.0016338	5.8681e-05	1.0595e-08	2.0668e-05	6.3056e-07
0.66446	0.0034456	3.3643e-05	0.0023848	0.0016346	5.7997e-05	9.4994e-09	1.9379e-05	6.0343e-07
0.6642	0.0034244	3.338e-05	0.0023838	0.0016354	5.73e-05	7.0863e-09	1.8081e-05	5.6858e-07
0.66401	0.0034039	3.3151e-05	0.0023828	0.0016364	5.6621e-05	4.7704e-09	1.6794e-05	5.2937e-07
0.66378	0.0033833	3.2902e-05	0.0023818	0.0016373	5.5928e-05	1.0104e-08	1.5497e-05	4.8239e-07
0.66352	0.0033624	3.2631e-05	0.0023808	0.0016381	5.5222e-05	1.4031e-08	1.4167e-05	6.6902e-07
0.66332	0.0033412	3.2331e-05	0.0023799	0.0016391	5.4536e-05	1.8737e-08	1.3896e-05	7.6062e-07
0.66309	0.0033197	3.2007e-05	0.0023789	0.00164	5.3836e-05	2.189e-08	1.3617e-05	8.44e-07
0.66283	0.0032981	3.1661e-05	0.0023779	0.0016408	5.312e-05	2.3554e-08	1.3331e-05	9.1924e-07
0.66263	0.0032771	3.1353e-05	0.0023769	0.0016418	5.2426e-05	2.6098e-08	1.3046e-05	9.9154e-07
0.66204	0.0032569	3.1088e-05	0.002376	0.0016413	5.1756e-05	2.9925e-08	1.2761e-05	1.0614e-06
0.66155	0.0032375	3.0871e-05	0.0023753	0.001641	5.1112e-05	3.1773e-08	1.2478e-05	1.1296e-06
0.66114	0.003219	3.0701e-05	0.0023745	0.001641	5.0497e-05	3.545e-08	1.2198e-05	1.1962e-06
0.66068	0.0032	3.0497e-05	0.0023738	0.0016408	4.9857e-05	4.2088e-08	1.1908e-05	1.2534e-06
0.66031	0.003182	3.0346e-05	0.0023731	0.0016409	4.9248e-05	4.0267e-08	1.1621e-05	1.3096e-06
0.66003	0.0031635	3.0158e-05	0.0023725	0.0016414	4.8668e-05	4.0871e-08	1.1324e-05	1.3561e-06
0.65986	0.0031459	3.0021e-05	0.002372	0.0016421	4.8116e-05	4.3943e-08	1.103e-05	1.4015e-06
0.65962	0.0031279	2.9847e-05	0.0023715	0.0016427	4.7541e-05	4.4504e-08	1.0727e-05	1.4372e-06
0.65948	0.0031107	2.9725e-05	0.002371	0.0016436	4.6994e-05	4.7672e-08	1.0426e-05	1.472e-06
0.65928	0.0030944	2.9654e-05	0.0023705	0.0016444	4.6425e-05	4.831e-08	1.0128e-05	1.5062e-06
0.66678	0.0030776	2.9549e-05	0.0023699	0.0016449	4.5834e-05	4.5983e-08	9.8202e-06	1.5307e-06
0.67409	0.0030606	2.941e-05	0.0023693	0.0016452	4.5222e-05	4.1086e-08	9.5039e-06	1.5455e-06
0.68169	0.0030443	2.932e-05	0.0023688	0.0016458	4.4637e-05	3.9562e-08	9.1898e-06	1.5595e-06
0.68908	0.0030293	2.9302e-05	0.0023682	0.0016463	4.403e-05	3.5394e-08	8.8658e-06	1.5634e-06
0.69676	0.0030139	2.925e-05	0.0023677	0.0016471	4.3312e-05	4.5842e-08	8.533e-06	1.5576e-06
0.70472	0.0029993	2.9244e-05	0.0023673	0.0016481	4.2621e-05	6.0975e-08	8.2018e-06	1.5506e-06
0.71251	0.0029843	2.921e-05	0.0023669	0.001649	4.1912e-05	7.2807e-08	7.8626e-06	1.5346e-06
0.72017	0.0029692	2.9148e-05	0.0023664	0.0016498	4.1185e-05	8.1814e-08	7.5155e-06	1.5097e-06
0.72768	0.0029539	2.9061e-05	0.0023658	0.0016505	4.044e-05	8.8161e-08	7.843e-06	1.471e-06
0.73542	0.0029382	2.8942e-05	0.0023654	0.0016514	3.9721e-05	9.1922e-08	8.1719e-06	1.4307e-06
0.74338	0.002923	2.886e-05	0.002365	0.0016525	3.9024e-05	9.9029e-08	8.5013e-06	1.3884e-06
0.75119	0.0029077	2.8752e-05	0.0023646	0.0016535	3.8309e-05	1.0318e-07	8.8228e-06	1.3372e-06
0.75886	0.0028921	2.8618e-05	0.0023641	0.0016544	3.7577e-05	1.0474e-07	9.1366e-06	1.2771e-06
0.75998	0.0028772	2.8522e-05	0.0023637	0.0016556	3.6866e-05	1.0975e-07	9.451e-06	1.2151e-06
0.76107	0.0028628	2.8463e-05	0.0023633	0.0016566	3.6137e-05	1.0988e-07	9.766e-06	1.1509e-06
0.76211	0.0028482	2.838e-05	0.0023629	0.0016574	3.5391e-05	1.0753e-07	1.0073e-05	1.0781e-06
0.76312	0.0028334	2.8274e-05	0.0023624	0.0016582	3.463e-05	1.0278e-07	1.0373e-05	9.9678e-07
0.7642	0.0028184	2.8142e-05	0.0023619	0.0016592	3.3889e-05	1.0127e-07	1.0615e-05	1.1738e-06
0.76525	0.0028032	2.7987e-05	0.0023615	0.0016601	3.3134e-05	9.7519e-08	1.0848e-05	1.3417e-06
0.76636	0.0027886	2.7866e-05	0.0023611	0.0016612	3.2397e-05	9.6575e-08	1.1082e-05	1.5092e-06
0.76743	0.0027745	2.7779e-05	0.0023607	0.0017105	3.1645e-05	9.839e-08	1.1315e-05	1.6768e-06
0.76847	0.0027602	2.7669e-05	0.0023602	0.0017594	3.0877e-05	9.797e-08	1.1542e-05	1.8352e-06
0.76947	0.0027457	2.7537e-05	0.0023597	0.0018078	3.0093e-05	9.5318e-08	1.1761e-05	1.9843e-06
0.77044	0.0027318	2.5698e-05	0.0023592	0.0018559	3.0881e-05	9.5375e-08	1.1979e-05	2.1333e-06
0.77137	0.0027178	2.3819e-05	0.0023587	0.0019037	3.1654e-05	9.3354e-08	1.2191e-05	2.2733e-06
0.77228	0.0027035	2.4076e-05	0.0023581	0.0019511	3.2414e-05	8.9358e-08	1.2395e-05	2.4045e-06
0.77325	0.002689	2.4312e-05	0.0023575	0.0019996	3.3191e-05	8.7701e-08	1.2593e-05	2.527e-06
0.7742	0.0026744	2.4531e-05	0.0023568	0.0020478	3.3955e-05	8.4239e-08	1.2784e-05	2.641e-06
0.77512	0.0026597	2.4731e-05	0.0023561	0.0020958	3.4707e-05	7.8983e-08	1.2968e-05	2.7465e-06
0.77601	0.0026449	2.4914e-05	0.0023554	0.0021435	3.5447e-05	7.6233e-08	1.3145e-05	2.8437e-06
0.77689	0.00263	2.5079e-05	0.0023547	0.0021909	3.6174e-05	7.1771e-08	1.3316e-05	2.9325e-06
0.77774	0.002615	2.5227e-05	0.0023539	0.0022382	3.6889e-05	6.5585e-08	1.3481e-05	3.013e-06
0.77864	0.0026004	2.5402e-05	0.0023533	0.0022863	3.762e-05	6.1271e-08	1.3644e-05	3.0924e-06
0.77952	0.0025857	2.5559e-05	0.0023525	0.0023343	3.8339e-05	5.5285e-08	1.3801e-05	3.1635e-06
0.78046	0.0025715	2.5743e-05	0.0023519	0.0023832	3.9073e-05	5.0983e-08	1.3956e-05	3.2334e-06
0.78146	0.0025571	2.5907e-05	0.0023513	0.0024331	3.9824e-05	4.3322e-08	1.4105e-05	3.2947e-06
0.78251	0.0025432	2.61e-05	0.0023507	0.0024842	4.0592e-05	3.7447e-08	1.4253e-05	3.3552e-06
0.78363	0.0025291	2.6274e-05	0.0023502	0.0025363	4.1379e-05	3.3004e-08	1.4395e-05	3.4071e-06
0.78481	0.0025155	2.6477e-05	0.0023498	0.0025897	4.2184e-05	2.9735e-08	1.4535e-05	3.4582e-06
0.78596	0.0025017	2.666e-05	0.0023493	0.0026426	4.2975e-05	2.4897e-08	1.4669e-05	3.5005e-06
0.78717	0.0024884	2.6873e-05	0.0023489	0.0026968	4.3786e-05	2.1139e-08	1.4802e-05	3.5425e-06
0.78846	0.0024749	2.706e-05	0.0023485	0.0027524	4.4623e-05	1.8775e-08	1.4928e-05	3.5743e-06
0.78972	0.0024612	2.7221e-05	0.0023482	0.0028075	4.5442e-05	1.4729e-08	1.5045e-05	3.5964e-06
0.79106	0.0024481	2.7422e-05	0.0023478	0.0028642	4.6288e-05	1.1684e-08	1.5163e-05	3.6196e-06
0.79235	0.0024347	2.7595e-05	0.0023475	0.0029202	4.7114e-05	1.124e-08	1.5274e-05	3.6326e-06
0.79373	0.0024221	2.6673e-05	0.0023472	0.002978	4.797e-05	1.1304e-08	1.5385e-05	3.6473e-06
0.7952	0.0024092	2.5709e-05	0.002347	0.0030374	4.8857e-05	1.2095e-08	1.5488e-05	3.6515e-06
0.79663	0.0023961	2.4708e-05	0.0023468	0.0030962	4.9723e-05	1.137e-08	1.5583e-05	3.6455e-06
0.79815	0.0023836	2.3775e-05	0.0023467	0.0031567	5.0619e-05	1.1116e-08	1.5679e-05	3.6408e-06
0.79975	0.0023715	2.2903e-05	0.0023466	0.0032189	5.1543e-05	1.1262e-08	1.5775e-05	3.637e-06
0.8013	0.0023593	2.1999e-05	0.0023465	0.0032804	5.2448e-05	9.9491e-09	1.5854e-05	4.4183e-06
0.80294	0.0023475	2.1157e-05	0.0023464	0.0033437	5.3383e-05	9.0576e-09	1.5923e-05	5.1778e-06
0.80454	0.0023356	2.0281e-05	0.0023463	0.0034062	5.4297e-05	6.6811e-09	1.5984e-05	5.9197e-06
0.80622	0.0023242	1.9466e-05	0.0023463	0.0034706	5.5242e-05	5.1474e-09	1.6045e-05	6.684e-06
0.80786	0.0023132	1.8708e-05	0.0023463	0.0035343	5.6167e-05	7.3575e-09	1.6108e-05	7.4711e-06
0.80959	0.0023027	1.8001e-05	0.0023463	0.0035998	5.7123e-05	9.961e-09	1.617e-05	8.2812e-06
0.81127	0.002292	1.7263e-05	0.0023463	0.0036646	5.8056e-05	1.1036e-08	1.6225e-05	9.0726e-06
0.81304	0.0022817	1.6576e-05	0.0023463	0.0037312	5.9023e-05	1.2658e-08	1.6281e-05	9.8887e-06
0.81476	0.0022491	1.6191e-05	0.0023463	0.0037971	5.9967e-05	1.2695e-08	1.6338e-05	1.0731e-05
0.81658	0.0022161	1.5778e-05	0.0023464	0.003865	6.0946e-05	1.3426e-08	1.6386e-05	1.1553e-05
0.81834	0.0021826	1.5339e-05	0.0023465	0.003932	6.1902e-05	1.2568e-08	1.6427e-05	1.2356e-05
0.8202	0.0021504	1.4937e-05	0.0023466	0.0040011	6.2891e-05	1.2316e-08	1.6468e-05	1.3185e-05
0.82201	0.0021177	1.4509e-05	0.0023467	0.0040693	6.386e-05	1.0527e-08	1.6502e-05	1.3995e-05
0.82392	0.0020862	1.412e-05	0.0023469	0.0041397	6.4864e-05	9.3548e-09	1.6536e-05	1.4833e-05
0.82595	0.0020525	1.3665e-05	0.0023471	0.0042125	6.5912e-05	8.8929e-09	1.6573e-05	1.5707e-05
0.8279	0.002018	1.3174e-05	0.0023473	0.0042841	6.6929e-05	1.5342e-08	1.6601e-05	1.6555e-05
0.82998	0.001985	1.2731e-05	0.0023476	0.0043582	6.7991e-05	2.4535e-08	1.6632e-05	1.7439e-05
0.83198	0.0019506	1.3282e-05	0.0023478	0.0044311	6.9022e-05	3.0817e-08	1.6652e-05	1.8296e-05
0.8341	0.0019177	1.3887e-05	0.0023482	0.0045066	7.0098e-05	3.4392e-08	1.6675e-05	1.9189e-05
0.83634	0.0018864	1.4552e-05	0.0023486	0.0045847	7.1221e-05	4.0759e-08	1.6701e-05	2.0122e-05
0.83871	0.0018564	1.5283e-05	0.0023491	0.0046656	7.2394e-05	5.0939e-08	1.6728e-05	2.1096e-05
0.84121	0.0018259	1.597e-05	0.0023497	0.0047493	7.3618e-05	6.7397e-08	1.6747e-05	2.2043e-05
0.84364	0.0017946	1.6617e-05	0.0023503	0.0048317	7.4809e-05	1.0462e-07	1.6757e-05	2.2961e-05
0.84599	0.0017627	1.7221e-05	0.0023508	0.0049128	7.5966e-05	1.3416e-07	1.6757e-05	2.385e-05
0.84826	0.0017323	1.7887e-05	0.0023512	0.0049926	7.708e-05	1.4077e-07	1.6759e-05	2.478e-05
0.85047	0.0017011	1.8509e-05	0.0023516	0.0050712	7.8162e-05	1.4331e-07	1.6753e-05	2.568e-05
0.85279	0.0016714	1.9195e-05	0.0023521	0.0051525	7.9292e-05	1.5159e-07	1.6748e-05	2.6621e-05
0.85524	0.001643	1.9949e-05	0.0023526	0.0052365	8.0472e-05	1.3972e-07	1.6745e-05	2.7605e-05
0.85762	0.0016139	2.0657e-05	0.0023532	0.0053193	8.1618e-05	1.2296e-07	1.6734e-05	2.8557e-05
0.86012	0.0015862	2.1438e-05	0.0023538	0.0054049	8.2816e-05	1.1324e-07	1.6724e-05	2.9555e-05
0.86255	0.0015579	2.2174e-05	0.0023543	0.0054893	8.3982e-05	1.1856e-07	1.6706e-05	3.0523e-05
0.86512	0.001531	2.2987e-05	0.002355	0.0055767	8.5201e-05	1.0914e-07	1.669e-05	3.1538e-05
0.86782	0.0015052	2.3881e-05	0.0023557	0.0056672	8.6474e-05	7.3692e-08	1.6676e-05	3.26e-05
0.87043	0.0014789	2.4721e-05	0.0023564	0.0057562	8.7711e-05	7.3418e-08	1.6653e-05	3.3629e-05
0.87297	0.001452	2.551e-05	0.002357	0.0058437	8.8912e-05	7.6916e-08	1.6621e-05	3.4626e-05
0.87544	0.0014488	2.6236e-05	0.0023576	0.0059299	9.008e-05	7.7333e-08	1.6579e-05	3.5592e-05
0.87783	0.0014458	2.7042e-05	0.0023581	0.0060148	9.1212e-05	8.1783e-08	1.654e-05	3.6606e-05
0.88036	0.0014431	2.7934e-05	0.0023587	0.0061027	9.2397e-05	7.1246e-08	1.6503e-05	3.767e-05
0.88281	0.0014402	2.8771e-05	0.0023593	0.0061892	9.3547e-05	7.4904e-08	1.6458e-05	3.8701e-05
0.88538	0.0014376	2.9694e-05	0.0023599	0.0062787	9.4749e-05	8.2618e-08	1.6414e-05	3.978e-05
0.88789	0.0014349	3.0567e-05	0.0023605	0.0063669	9.592e-05	8.7184e-08	1.6361e-05	4.0829e-05
0.89034	0.0014321	3.1395e-05	0.0023611	0.006454	9.7062e-05	8.8903e-08	1.63e-05	4.185e-05
0.89291	0.0014186	3.235e-05	0.0023617	0.0065439	9.8253e-05	9.5102e-08	1.6241e-05	4.2917e-05
0.89541	0.0014048	3.326e-05	0.0023623	0.0066328	9.9416e-05	9.8446e-08	1.6173e-05	4.3958e-05
0.89804	0.0013916	3.4254e-05	0.002363	0.0067244	0.00010063	1.0583e-07	1.6107e-05	4.5044e-05
0.9006	0.0013781	3.5198e-05	0.0023636	0.0068149	0.00010181	1.101e-07	1.6032e-05	4.61e-05
0.90327	0.0013641	3.6068e-05	0.0023643	0.0069082	0.00010305	9.5769e-08	1.5959e-05	4.7207e-05
0.90603	0.0013506	3.7e-05	0.0023651	0.0070037	0.00010433	8.5268e-08	1.5887e-05	4.8349e-05
0.90888	0.0013374	3.7992e-05	0.0023659	0.0071015	0.00010564	7.7676e-08	1.5814e-05	4.9526e-05
0.91181	0.0013247	3.9046e-05	0.0023668	0.0072014	0.00010699	7.2451e-08	1.574e-05	5.0736e-05
0.91483	0.0013123	4.0165e-05	0.0023678	0.0073036	0.00010838	6.9365e-08	1.5665e-05	5.1981e-05
0.91781	0.0012999	4.1254e-05	0.0023687	0.0074052	0.00010974	6.4363e-08	1.5584e-05	5.3209e-05
0.92087	0.0012878	4.2408e-05	0.0023697	0.0075089	0.00011115	6.1181e-08	1.5502e-05	5.4471e-05
0.92401	0.001276	4.3626e-05	0.0023707	0.0076148	0.00011258	5.9559e-08	1.5419e-05	5.5766e-05
0.92723	0.0012646	4.4913e-05	0.0023718	0.007723	0.00011406	5.9631e-08	1.5335e-05	5.7096e-05
0.93043	0.0012531	4.6174e-05	0.0023728	0.0078307	0.00011552	5.8126e-08	1.5244e-05	5.8411e-05
0.93359	0.0012415	4.7407e-05	0.0023739	0.0079379	0.00011696	5.504e-08	1.5147e-05	5.971e-05
0.93683	0.0012303	4.8711e-05	0.0023749	0.0080473	0.00011843	5.3447e-08	1.5049e-05	6.1044e-05
0.94004	0.001219	4.9986e-05	0.002376	0.0081562	0.0001199	5.0247e-08	1.6281e-05	6.221e-05
0.94333	0.001208	5.1332e-05	0.0023771	0.0082674	0.00012139	4.8381e-08	1.7522e-05	6.3408e-05
0.94671	0.0011973	5.2755e-05	0.0023783	0.0083809	0.00012293	4.7816e-08	1.8772e-05	6.464e-05
0.95017	0.0011869	5.4256e-05	0.0023795	0.0084967	0.0001245	4.8459e-08	2.0031e-05	6.5906e-05
0.9536	0.0011764	5.5727e-05	0.0023807	0.0086121	0.00012605	4.7588e-08	2.1283e-05	6.7156e-05
0.95385	0.0011662	5.7279e-05	0.002382	0.0087298	0.00012765	4.7923e-08	2.2543e-05	6.844e-05
0.9541	0.001156	5.8799e-05	0.0023832	0.008847	0.00012922	4.6698e-08	2.3794e-05	6.9708e-05
0.95435	0.0011457	6.0286e-05	0.0023844	0.0089636	0.00013078	4.3908e-08	2.5038e-05	7.0958e-05
0.95464	0.0011356	6.1859e-05	0.0023857	0.0090827	0.00013238	4.2373e-08	2.6291e-05	7.2245e-05
0.95496	0.0011259	6.3524e-05	0.002387	0.0092043	0.00013401	4.202e-08	2.7554e-05	7.357e-05
0.95528	0.0011161	6.5153e-05	0.0023883	0.0093254	0.00013563	4.0117e-08	2.8808e-05	7.4877e-05
0.95564	0.0011062	6.6748e-05	0.0023896	0.0094491	0.0001373	3.9409e-08	3.0054e-05	7.6167e-05
0.95604	0.0010966	6.8439e-05	0.002391	0.0095755	0.00013901	3.9857e-08	3.131e-05	7.7496e-05
0.95648	0.0010874	7.0235e-05	0.0023925	0.0097047	0.00014076	4.1533e-08	3.2578e-05	7.8867e-05
0.95695	0.0010784	7.215e-05	0.002394	0.009837	0.00014257	4.139e-08	3.3858e-05	8.0286e-05
0.95747	0.0010697	7.4188e-05	0.0023956	0.0099723	0.00014443	4.2609e-08	3.5151e-05	8.1752e-05
0.95799	0.0010609	7.6174e-05	0.0023972	0.010107	0.00014626	4.2127e-08	3.6433e-05	8.3194e-05
0.95855	0.0010525	7.8298e-05	0.0023988	0.010131	0.00014815	4.3155e-08	3.773e-05	8.4688e-05
0.9591	0.0010439	8.0353e-05	0.0024004	0.010155	0.00015001	8.575e-08	3.9043e-05	8.6241e-05
0.95964	0.0010352	8.2349e-05	0.002402	0.010179	0.00015185	3.5422e-07	4.0345e-05	8.7767e-05
0.96023	0.0010268	8.4485e-05	0.0024036	0.010204	0.00015374	6.9875e-07	4.1634e-05	8.9262e-05
0.96081	0.0010183	8.6557e-05	0.0024052	0.010228	0.0001556	1.0153e-06	4.2911e-05	9.0729e-05
0.96138	0.0010097	8.8565e-05	0.0024068	0.010252	0.00015743	1.3064e-06	4.4176e-05	9.2168e-05
0.96199	0.0010009	9.0505e-05	0.0024084	0.010277	0.00015933	1.4022e-06	4.5429e-05	9.3577e-05
0.96265	0.00099245	9.2591e-05	0.0024101	0.010302	0.0001613	1.5287e-06	4.6697e-05	9.5041e-05
0.96336	0.00098434	9.4836e-05	0.0024119	0.010329	0.00016333	1.54e-06	4.798e-05	9.6565e-05
0.96412	0.00097654	9.7248e-05	0.0024138	0.010357	0.00016542	1.4612e-06	4.928e-05	9.8148e-05
0.96487	0.00096862	9.9584e-05	0.0024156	0.010384	0.00016748	1.3727e-06	5.0566e-05	9.97e-05
0.96567	0.00096102	0.0001021	0.0024175	0.010413	0.00016962	1.3091e-06	5.187e-05	0.00010132
0.96645	0.00095326	0.00010452	0.0024193	0.010441	0.00017171	1.146e-06	5.3159e-05	0.00010289
0.96722	0.00094587	0.00010716	0.0024211	0.010468	0.00017376	9.5572e-07	5.4468e-05	0.00010455
0.96805	0.00093882	0.00011004	0.002423	0.010497	0.00017359	8.2687e-07	5.5799e-05	0.00010628
0.96893	0.00093161	0.0001128	0.002425	0.010527	0.00017348	7.4546e-07	5.7113e-05	0.00010797
0.96988	0.00092477	0.00011582	0.0024271	0.010558	0.00017341	6.4304e-07	5.845e-05	0.00010975
0.97081	0.00091826	0.00011912	0.0024291	0.010589	0.00017332	5.747e-07	5.981e-05	0.00011161
0.97172	0.00091159	0.00012228	0.0024311	0.010619	0.00017319	4.9136e-07	6.1153e-05	0.00011343
0.97269	0.00090527	0.00012574	0.0024332	0.010651	0.00017312	4.3693e-07	6.2519e-05	0.00011534
0.97254	0.00089954	0.00012647	0.0024353	0.010684	0.0001731	3.4907e-07	6.391e-05	0.00011735
0.97244	0.0008941	0.00012733	0.0024376	0.010718	0.00017313	2.889e-07	6.5325e-05	0.00011945
0.97238	0.00088893	0.00012832	0.00244	0.010754	0.0001732	2.478e-07	6.6762e-05	0.00012165
0.97232	0.00088364	0.00012923	0.0024423	0.01079	0.00017325	1.9807e-07	6.8182e-05	0.0001238
0.97229	0.00087863	0.0001303	0.0024447	0.010826	0.00017335	1.6442e-07	6.9575e-05	0.00012588
0.97226	0.0008735	0.00013128	0.002447	0.010863	0.00017341	1.2287e-07	7.095e-05	0.0001279
0.97228	0.00086864	0.00013242	0.0024495	0.0109	0.00017353	9.4934e-08	7.235e-05	0.00013003
0.97234	0.00086362	0.0001335	0.002452	0.010939	0.00017369	5.4437e-08	7.3731e-05	0.0001321
0.97245	0.00085888	0.00013474	0.0024547	0.01098	0.00017391	2.6954e-08	7.5137e-05	0.00013428
0.97255	0.000854	0.00013589	0.0024571	0.01102	0.00017409	1.0034e-08	7.6525e-05	0.00013639
0.97269	0.00084939	0.0001372	0.0024597	0.011062	0.00017433	3.8259e-09	7.7938e-05	0.00013862
0.97283	0.00084465	0.00013842	0.0024621	0.011103	0.00017453	3.9309e-09	7.9332e-05	0.00014078
0.97301	0.00084017	0.00013981	0.0024647	0.011145	0.00017479	4.1873e-09	8.0752e-05	0.00014305
0.97318	0.00083548	0.00014108	0.0024672	0.011187	0.00017501	5.9824e-09	8.2198e-05	0.00014544
0.97335	0.00083079	0.00014234	0.0024697	0.011228	0.0001752	8.4186e-09	8.3641e-05	0.00014783
0.97355	0.0008261	0.00014359	0.0024723	0.011271	0.00017544	1.1818e-08	8.5079e-05	0.00015021
0.97375	0.0008214	0.00014484	0.0024748	0.011313	0.00017565	1.3215e-08	8.6513e-05	0.00015258
0.974	0.00081671	0.00014608	0.0024774	0.011357	0.00017591	1.5781e-08	8.7943e-05	0.00015495
0.97424	0.00081201	0.00014732	0.00248	0.0114	0.00017614	1.6413e-08	8.9369e-05	0.00015732
0.97446	0.00080731	0.00014854	0.0024825	0.011442	0.00017633	1.5126e-08	9.0791e-05	0.00015968
0.97468	0.00079484	0.00015076	0.0024849	0.011483	0.0001765	1.1882e-08	9.2241e-05	0.00016217
0.97494	0.0007821	0.00015286	0.0024874	0.011527	0.00017671	9.8005e-09	9.3672e-05	0.00016459
0.97525	0.00076993	0.00015518	0.0024901	0.011528	0.00017698	8.6086e-09	9.5129e-05	0.00016713
0.97561	0.00075833	0.00015774	0.0024928	0.01153	0.0001773	8.0835e-09	9.6613e-05	0.0001698
0.97602	0.00074725	0.00016056	0.0024957	0.011533	0.00017767	8.1402e-09	9.8126e-05	0.0001726
0.97642	0.00073595	0.00016326	0.0024985	0.011535	0.000178	6.5784e-09	9.9619e-05	0.00017533
0.97686	0.00072516	0.00016622	0.0025013	0.011539	0.0001784	5.5352e-09	0.00010114	0.0001782
0.9773	0.00071414	0.00016905	0.0025042	0.011542	0.00017875	2.8749e-09	0.00010264	0.00018099
0.97772	0.00070289	0.00017175	0.002507	0.011544	0.00018502	4.4227e-09	0.00010413	0.00018373
0.97819	0.00069214	0.00017471	0.0025098	0.011548	0.0001915	6.2837e-09	0.00010564	0.00018659
0.97865	0.00068115	0.00017753	0.0025126	0.011551	0.00019788	6.5464e-09	0.00010713	0.00018938
0.9791	0.00066991	0.00018021	0.0025154	0.011553	0.00020414	5.2126e-09	0.0001086	0.0001921
0.97901	0.00065836	0.00018275	0.0025183	0.011576	0.00020988	8.202e-09	0.00011011	0.00019496
0.97891	0.00064626	0.0002001	0.0025211	0.011598	0.00021551	8.8605e-09	0.00011159	0.00019775
0.97886	0.00063468	0.00021888	0.002524	0.011622	0.00022134	1.0125e-08	0.0001131	0.00020067
0.97879	0.00062288	0.00023704	0.0025268	0.011645	0.00022708	9.7508e-09	0.0001146	0.00020353
0.97877	0.00061159	0.00025666	0.0025298	0.011669	0.00023302	9.9874e-09	0.00011612	0.00020651
0.97875	0.00060007	0.00027564	0.0025327	0.011692	0.00023886	8.0999e-09	0.00011762	0.00020943
0.97871	0.00058834	0.000294	0.0025355	0.011715	0.00024462	1.5511e-08	0.0001191	0.00021229
0.97868	0.00057712	0.00031387	0.0025383	0.011738	0.00025084	2.5626e-08	0.00012062	0.00021529
0.97868	0.00056566	0.00033304	0.0025412	0.011761	0.00025227	4.0635e-08	0.00012211	0.00021821
0.97868	0.00055398	0.00035159	0.002544	0.011785	0.00025366	5.2394e-08	0.00012359	0.00022107
0.97871	0.00054279	0.00037158	0.002547	0.011809	0.00025513	6.9045e-08	0.00012509	0.00022406
0.97879	0.00053217	0.00037699	0.00255	0.011834	0.00025666	6.8599e-08	0.00012661	0.00022718
0.97886	0.00052135	0.0003822	0.002553	0.011859	0.00025816	6.5581e-08	0.00012813	0.00023024
0.97897	0.00051097	0.00038783	0.002556	0.011885	0.00025973	6.5293e-08	0.00012966	0.00023342
0.97908	0.00051032	0.00039296	0.002559	0.011911	0.00026126	6.2588e-08	0.00013118	0.00023655
0.97923	0.00050977	0.00039853	0.0025621	0.011937	0.00026286	6.2672e-08	0.00013273	0.00023981
0.97937	0.00050918	0.0004039	0.0025652	0.011963	0.00026443	6.0293e-08	0.00013425	0.00024301
0.97951	0.0005087	0.00040978	0.0025682	0.011989	0.00026595	4.1342e-08	0.00013581	0.00024637
0.97968	0.00050834	0.0004162	0.0025713	0.012016	0.00026755	3.5614e-08	0.0001374	0.00024988
0.9799	0.00050809	0.0004232	0.0025745	0.012044	0.00026924	3.2391e-08	0.00013902	0.00025356
0.98012	0.00050777	0.0004299	0.0025777	0.012072	0.00027088	2.6608e-08	0.00014062	0.00025715
0.98032	0.00050757	0.00043723	0.0025807	0.012099	0.00027247	1.824e-08	0.00014225	0.00026092
0.98057	0.00050749	0.00044524	0.0025839	0.012127	0.00027415	1.2456e-08	0.00014391	0.00026487
0.97989	0.00050753	0.00045399	0.0025872	0.012156	0.00027592	1.164e-08	0.00014561	0.00026901
0.9792	0.00050751	0.00046241	0.0025905	0.012186	0.00027764	9.0525e-09	0.00014728	0.00027306
0.97856	0.00050759	0.00047158	0.0025938	0.012216	0.00027945	7.2696e-09	0.00014899	0.00027729
0.9779	0.00050762	0.00048039	0.0025971	0.012246	0.00028121	3.7821e-09	0.00015067	0.00028144
0.9773	0.00050777	0.00049003	0.0026005	0.012277	0.00028306	1.5806e-09	0.00015239	0.00028579
0.97668	0.00050784	0.00049921	0.0026038	0.012308	0.00028487	2.2763e-09	0.00015416	0.00029036
0.97605	0.00050803	0.00050925	0.0026071	0.012338	0.00028661	3.016e-09	0.00015595	0.00029516
0.97541	0.00050816	0.00051887	0.0026103	0.012367	0.00028831	3.8467e-09	0.00015773	0.00029985
0.97481	0.0005084	0.00052937	0.0026136	0.012397	0.0002901	4.8327e-09	0.00015954	0.00030475
0.97427	0.00050875	0.00054078	0.0026171	0.012429	0.00029198	6.0935e-09	0.00016139	0.00030988
0.97371	0.00050904	0.00055173	0.0026204	0.012461	0.00029381	5.7904e-09	0.00016321	0.0003149
0.97314	0.00050927	0.00056225	0.0026237	0.012491	0.00029558	3.9118e-09	0.00016501	0.00031981
0.97262	0.00050944	0.00057236	0.0026271	0.012523	0.00029745	6.9516e-09	0.00016679	0.00032461
0.97209	0.00050956	0.00058209	0.0026305	0.012555	0.00029927	8.3168e-09	0.00016855	0.0003293
0.97161	0.00050993	0.00058466	0.0026339	0.012588	0.00030118	1.0483e-08	0.00017047	0.00033024
0.97111	0.00051042	0.00058759	0.0026373	0.01262	0.00030304	9.4344e-09	0.00017244	0.00033128
0.97067	0.00051103	0.00059089	0.0026408	0.012653	0.000305	9.1638e-09	0.00017444	0.00033241
0.97028	0.00051183	0.00059017	0.0026444	0.012689	0.00030706	7.0073e-09	0.00017649	0.00033365
0.96994	0.00051257	0.00058931	0.0026482	0.012725	0.00030922	5.5207e-09	0.00017851	0.00033484
0.96965	0.00051343	0.00058873	0.002652	0.012764	0.00031149	4.6298e-09	0.00018057	0.00033613
0.96941	0.00051441	0.00058842	0.0026559	0.012804	0.00031387	3.9766e-09	0.00018268	0.00033753
0.96922	0.00051552	0.00058837	0.00266	0.012846	0.00031635	3.4628e-09	0.00018482	0.00033903
0.96902	0.00051656	0.00058819	0.002664	0.012886	0.00031878	8.3681e-09	0.00018694	0.00034048
0.9688	0.00051754	0.00058787	0.0026679	0.012927	0.00032115	3.3214e-08	0.00018903	0.00034187
0.96864	0.00051865	0.00058783	0.002672	0.012969	0.00032365	3.9791e-08	0.00019117	0.00034337
0.96846	0.00051968	0.00058765	0.0026759	0.01301	0.0003261	4.3544e-08	0.00019328	0.00034481
0.96833	0.00052085	0.00058773	0.00268	0.013053	0.00032865	5.0425e-08	0.00019544	0.00034636
0.96819	0.00052214	0.00058808	0.0026841	0.013095	0.00033114	5.4026e-08	0.00019764	0.00034802
0.9681	0.00052357	0.00058869	0.0026882	0.013138	0.00033375	6.1126e-08	0.00019988	0.0003498
0.96806	0.00052513	0.00058959	0.0026924	0.013184	0.00033648	7.3022e-08	0.00020216	0.0003517
0.968	0.00052663	0.00059035	0.0026968	0.013228	0.00033914	8.1028e-08	0.00020442	0.00035354
0.96794	0.00052806	0.00059097	0.0027012	0.013272	0.00034174	8.5603e-08	0.00020665	0.00035531
0.96792	0.00052941	0.00059145	0.0027056	0.013318	0.00034447	7.9223e-08	0.00020886	0.00035703
0.96796	0.0005309	0.0005922	0.0027102	0.013319	0.00034732	7.7048e-08	0.00021111	0.00035885
0.96804	0.00053252	0.00059323	0.0027148	0.013322	0.0003503	7.8674e-08	0.00021341	0.0003608
0.96811	0.00053407	0.00059411	0.0027194	0.013323	0.00035321	7.7221e-08	0.00021568	0.00036269
0.96817	0.00053577	0.00059529	0.002724	0.013325	0.00035604	8.4103e-08	0.00021799	0.00036471
0.96828	0.0005374	0.00059632	0.0027286	0.013327	0.000359	9.7397e-08	0.00022028	0.00036666
0.96838	0.00053895	0.00059722	0.0027332	0.013329	0.00036189	1.0666e-07	0.00022255	0.00036854
0.96852	0.00054065	0.0005984	0.0027379	0.013332	0.0003649	1.2242e-07	0.00022486	0.00037055
0.96865	0.00054249	0.00059987	0.0027426	0.013334	0.00036785	1.2822e-07	0.00022722	0.0003727
0.96883	0.00054448	0.00060165	0.0027473	0.013337	0.00037092	1.1713e-07	0.00022962	0.00037497
0.969	0.00054662	0.00060374	0.002752	0.01334	0.00037393	1.0129e-07	0.00023207	0.00037739
0.96915	0.00054868	0.00060567	0.0027567	0.013342	0.00037686	9.2363e-08	0.0002345	0.00037973
0.96936	0.00055091	0.00060793	0.0027614	0.013345	0.00037993	8.8423e-08	0.00023697	0.00038221
0.96955	0.00055304	0.00061002	0.0027661	0.013348	0.00038292	1.1585e-07	0.00023942	0.00038462
0.96979	0.00055534	0.00061244	0.0027709	0.013352	0.00038605	1.5938e-07	0.00024191	0.00038717
0.97001	0.0005578	0.00061522	0.0027756	0.013355	0.00038911	2.2672e-07	0.00024446	0.00038988
0.97023	0.00056044	0.00061838	0.0027803	0.013358	0.0003921	3.281e-07	0.00024705	0.00039274
0.97049	0.00056299	0.00062135	0.0027851	0.013362	0.00039523	4.0832e-07	0.00024962	0.00039552
0.97075	0.00056545	0.00062414	0.0027898	0.013365	0.00039828	4.7264e-07	0.00025216	0.00039822
0.97099	0.00056783	0.00062675	0.0027944	0.013368	0.00040128	5.7099e-07	0.00025467	0.00040084
0.97128	0.00057013	0.00062919	0.0027992	0.013372	0.00040441	7.2899e-07	0.00025716	0.00040339
0.97162	0.00057259	0.00063198	0.0028041	0.013377	0.00040768	8.5948e-07	0.00025969	0.00040609
0.97195	0.00057522	0.00063515	0.002809	0.013381	0.00041088	1.0543e-06	0.00026228	0.00040894
0.97122	0.00057776	0.00063812	0.0028139	0.013387	0.00041423	1.2028e-06	0.00026483	0.00041171
0.97046	0.0005802	0.00064089	0.0028188	0.013392	0.00041751	1.4721e-06	0.00026735	0.0004144
