Camelus_bactrianus	Bubalus_bubalis	Bos_taurus	Bos_mutus	Bison_bison	Balaenoptera_musculus	Balaenoptera_acutorostrata
0.0094	0.00033238	0.01	0.00034414	0.00076077	0.00024272	0.89808
0.0093996	0.00032895	0.01	0.00034041	0.00075889	0.00024033	0.89797
0.0093993	0.0003256	0.01	0.00033675	0.00075703	0.00023802	0.89793
0.0093989	0.00032222	0.01	0.00033306	0.00075516	0.00023568	0.89787
0.0093985	0.00031866	0.01	0.00032943	0.00075331	0.00023342	0.89788
0.0093981	0.00031507	0.01	0.00032578	0.00075146	0.00023113	0.89787
0.0093978	0.00031156	0.01	0.00032218	0.00074962	0.00022892	0.89793
0.0093974	0.00030814	0.01	0.00031865	0.00074781	0.00022668	0.89796
0.009397	0.0003048	0.01	0.00031516	0.00074602	0.0002245	0.89806
0.0093967	0.00030143	0.01	0.00031165	0.00074422	0.00022231	0.89814
0.0093963	0.00029804	0.01	0.00030813	0.00074241	0.00022009	0.8982
0.0093959	0.00029462	0.01	0.00030459	0.0007406	0.00021795	0.89833
0.0093956	0.00029128	0.01	0.0003011	0.0007388	0.00021587	0.89853
0.0093952	0.00028791	0.01	0.00029758	0.000737	0.00021377	0.8987
0.0093948	0.00028461	0.01	0.00029412	0.00073521	0.00021173	0.89894
0.0093945	0.00028129	0.01	0.00029064	0.00073342	0.00020966	0.89916
0.0093941	0.00027795	0.01	0.00028714	0.00073162	0.00020759	0.89936
0.0093937	0.00027459	0.01	0.00028362	0.00072981	0.00020549	0.89954
0.0093934	0.0002712	0.01	0.00028009	0.000728	0.00020337	0.8997
0.009393	0.00026788	0.01	0.0002766	0.0007262	0.00020131	0.89993
0.0093927	0.00026463	0.01	0.00027316	0.00072442	0.00019931	0.90021
0.0093923	0.00026146	0.01	0.00026977	0.00072267	0.00019737	0.90057
0.0093919	0.00025826	0.01	0.00026636	0.0007209	0.00019541	0.9009
0.0093916	0.00025513	0.01	0.000263	0.00071915	0.00019351	0.9013
0.0093912	0.00025198	0.01	0.00025962	0.0007174	0.00019158	0.90168
0.0093909	0.0002488	0.01	0.00025622	0.00071564	0.00018963	0.90203
0.0093905	0.00024569	0.01	0.00025287	0.00071389	0.00018775	0.90245
0.0093902	0.00024256	0.01	0.0002495	0.00071214	0.00018584	0.90286
0.0093898	0.00023951	0.01	0.00024618	0.00071042	0.000184	0.90333
0.0093895	0.00023654	0.01	0.00024292	0.00070871	0.00018223	0.90389
0.0093891	0.00023364	0.01	0.00023971	0.00070703	0.00018051	0.90452
0.0093888	0.00023082	0.01	0.00023656	0.00070536	0.00017885	0.90522
0.0093885	0.00022808	0.01	0.00023345	0.00070373	0.00017726	0.90601
0.0093882	0.0002253	0.01	0.00023033	0.00070208	0.00017573	0.90689
0.0093879	0.00022249	0.01	0.00022718	0.00070042	0.00017425	0.90784
0.0093876	0.00021965	0.01	0.000224	0.00069875	0.00017275	0.90877
0.0093872	0.00021678	0.01	0.0002208	0.00069707	0.00017123	0.90966
0.0093869	0.00021388	0.01	0.00021758	0.00069537	0.00016968	0.91052
0.0093866	0.00021094	0.01	0.00021433	0.00069367	0.00016811	0.91135
0.0093863	0.00020808	0.01	0.00021113	0.00069199	0.00016651	0.91215
0.009386	0.00020519	0.01	0.00020791	0.0006903	0.00016489	0.91292
0.0093857	0.00020238	0.01	0.00020475	0.00068864	0.00016333	0.91377
0.0093854	0.00019954	0.01	0.00020156	0.00068696	0.00016174	0.9146
0.009385	0.00019667	0.01	0.00019835	0.00068527	0.00016013	0.91539
0.0093847	0.00019376	0.01	0.00019512	0.00068357	0.00015849	0.91616
0.0093844	0.00019093	0.01	0.00019193	0.0006819	0.00015683	0.91689
0.0093841	0.00018807	0.01	0.00018873	0.00068021	0.00015515	0.9176
0.0093837	0.00018518	0.01	0.0001855	0.00067852	0.00015343	0.91828
0.0093834	0.00018237	0.01	0.00018232	0.00067684	0.00015179	0.91904
0.0093831	0.00017964	0.01	0.0001792	0.0006752	0.0001502	0.91989
0.0093828	0.00017687	0.01	0.00017606	0.00067354	0.00014859	0.9207
0.0093825	0.00017418	0.01	0.00017297	0.0006719	0.00014695	0.92149
0.0093822	0.00017146	0.01	0.00016985	0.00067025	0.00014529	0.92225
0.0093819	0.0001687	0.01	0.00016671	0.0006686	0.0001436	0.92298
0.0093816	0.00016592	0.01	0.00016355	0.00066693	0.00014188	0.92369
0.0093813	0.00016321	0.01	0.00016044	0.00066528	0.00014015	0.92436
0.0093809	0.00016047	0.01	0.0001573	0.00066363	0.00013838	0.92502
0.0093806	0.0001577	0.01	0.00015414	0.00066196	0.00013659	0.92565
0.0093803	0.000155	0.01	0.00015104	0.00066032	0.00013486	0.92635
0.00938	0.00015228	0.01	0.00014791	0.00065867	0.00013311	0.92704
0.0093797	0.00014952	0.01	0.00014476	0.000657	0.00013134	0.92769
0.0093794	0.00014673	0.01	0.00014158	0.00065533	0.00012953	0.92832
0.0093791	0.00014391	0.01	0.00013838	0.00065364	0.00012771	0.92893
0.0093788	0.00014106	0.01	0.00013516	0.00065194	0.00012585	0.92952
0.0093784	0.00013829	0.01	0.00013198	0.00065027	0.00012397	0.93008
0.0093781	0.00013559	0.01	0.00012886	0.00064862	0.00012216	0.93071
0.0093778	0.0001328	0.01	0.00012572	0.00064696	0.00012041	0.93143
0.0093775	0.00012998	0.01	0.00012256	0.00064529	0.00011872	0.93223
0.0093772	0.00012723	0.01	0.00011944	0.00064364	0.00011709	0.9331
0.0093768	0.00012446	0.01	0.0001163	0.00064199	0.00011544	0.93395
0.0093765	0.00012175	0.01	0.00011322	0.00064035	0.00011387	0.93286
0.0093762	0.00011912	0.01	0.00011018	0.00063874	0.00011235	0.93184
0.0093759	0.00011646	0.01	0.00010712	0.00063712	0.00011082	0.9308
0.0093757	0.00011387	0.01	0.00010411	0.00063552	0.00010933	0.92984
0.0093754	0.00011134	0.01	0.00010115	0.00063394	0.0001079	0.92895
0.0093751	0.00010879	0.01	9.8161e-05	0.00063235	0.00010645	0.92805
0.0093748	0.00010621	0.01	9.5154e-05	0.00063075	0.00010497	0.92711
0.0093745	0.00010369	0.01	9.2194e-05	0.00062917	0.00010355	0.92626
0.0093742	0.00010115	0.01	8.9212e-05	0.00062759	0.00010211	0.92538
0.009374	9.8573e-05	0.01	8.6208e-05	0.00062599	0.00010071	0.92458
0.0093737	9.6067e-05	0.01	8.3251e-05	0.00062442	9.9369e-05	0.92385
0.0093735	9.3533e-05	0.01	8.0272e-05	0.00062283	9.8074e-05	0.92321
0.0093732	9.0972e-05	0.01	7.7272e-05	0.00062124	9.6758e-05	0.92254
0.009373	8.8473e-05	0.01	7.4316e-05	0.00061966	9.5489e-05	0.92195
0.0093727	8.5947e-05	0.01	7.1339e-05	0.00061808	9.4199e-05	0.92133
0.0093725	8.3482e-05	0.01	6.8406e-05	0.00061652	9.2954e-05	0.92079
0.0093723	8.1077e-05	0.01	6.5516e-05	0.00061498	9.1753e-05	0.92032
0.0093721	7.8729e-05	0.01	6.2669e-05	0.00061346	9.0595e-05	0.91993
0.0093719	7.6439e-05	0.01	5.9865e-05	0.00061196	8.9387e-05	0.91948
0.0093716	7.4123e-05	0.01	5.9969e-05	0.00061045	8.8159e-05	0.919
0.0093714	7.4384e-05	0.01	6.006e-05	0.00060893	8.6976e-05	0.9186
0.0093713	7.4662e-05	0.01	6.0159e-05	0.00060743	8.5832e-05	0.91827
0.0093711	7.4957e-05	0.01	6.0264e-05	0.00060594	8.4722e-05	0.91801
0.0093709	7.5268e-05	0.01	6.0375e-05	0.00060448	8.3645e-05	0.9178
0.0093707	7.5594e-05	0.01	6.0492e-05	0.00060303	8.2598e-05	0.91766
0.0093706	7.5907e-05	0.01	6.0598e-05	0.00060157	8.1538e-05	0.9175
0.0093704	7.621e-05	0.01	6.0694e-05	0.00060011	8.0468e-05	0.91732
0.0093703	7.6525e-05	0.01	6.0794e-05	0.00059866	7.9422e-05	0.9172
0.0093701	7.6829e-05	0.01	6.0884e-05	0.0005972	7.8366e-05	0.91707
0.0093699	7.7144e-05	0.01	6.0977e-05	0.00059576	7.73e-05	0.91693
0.0093698	7.745e-05	0.01	6.1061e-05	0.00059431	7.6224e-05	0.91678
0.0093696	7.7744e-05	0.01	6.1135e-05	0.00059285	7.5138e-05	0.91662
0.0093694	7.8051e-05	0.01	6.1213e-05	0.00059141	7.4076e-05	0.91651
0.0093693	7.8368e-05	0.01	6.1294e-05	0.00058998	7.3036e-05	0.91644
0.0093691	7.8676e-05	0.01	6.1365e-05	0.00058855	7.1988e-05	0.91637
0.009369	7.8995e-05	0.01	6.144e-05	0.00058713	7.0929e-05	0.91629
0.0093688	7.9325e-05	0.01	6.1517e-05	0.00058572	6.9894e-05	0.91625
0.0093687	7.9666e-05	0.01	6.1597e-05	0.00058432	6.888e-05	0.91627
0.0093685	8.002e-05	0.01	6.1681e-05	0.00058293	6.7889e-05	0.91633
0.0093684	8.0385e-05	0.01	6.1768e-05	0.00058156	6.6919e-05	0.91644
0.0093683	8.0762e-05	0.01	6.1858e-05	0.00058019	6.597e-05	0.9166
0.0093681	8.1128e-05	0.01	6.1938e-05	0.00057883	6.5011e-05	0.91674
0.009368	8.1484e-05	0.01	6.2009e-05	0.00057745	6.4043e-05	0.91688
0.0093679	8.1852e-05	0.01	6.2083e-05	0.00057609	6.3096e-05	0.91707
0.0093678	8.2209e-05	0.01	6.2147e-05	0.00057472	6.2139e-05	0.91725
0.0093676	8.2553e-05	0.01	6.2201e-05	0.00057335	6.1208e-05	0.91748
0.0093675	8.2915e-05	0.01	6.2261e-05	0.00057199	6.026e-05	0.9177
0.0093674	8.3264e-05	0.01	6.231e-05	0.00057063	5.9297e-05	0.91789
0.0093673	8.3598e-05	0.01	6.2347e-05	0.00056925	5.8321e-05	0.91807
0.0093671	8.3919e-05	0.01	6.2373e-05	0.00056787	5.7331e-05	0.91823
0.009367	8.4224e-05	0.01	6.2387e-05	0.00056648	5.7742e-05	0.91802
0.0093669	8.4515e-05	0.01	6.2389e-05	0.00056508	5.8173e-05	0.91789
0.0093668	8.4824e-05	0.01	6.2397e-05	0.00056369	5.8623e-05	0.91781
0.0093667	8.512e-05	0.01	6.2395e-05	0.0005623	5.9063e-05	0.91773
0.0093666	8.5404e-05	0.01	6.2383e-05	0.0005609	5.9494e-05	0.91763
0.0093665	8.5702e-05	0.01	6.2375e-05	0.00055952	5.9939e-05	0.91758
0.0093664	8.5989e-05	0.01	6.2357e-05	0.00055812	6.0376e-05	0.91752
0.0093663	8.6264e-05	0.01	6.2329e-05	0.00055673	6.0803e-05	0.91745
0.0093662	8.6554e-05	0.01	6.2305e-05	0.00055534	6.1245e-05	0.91743
0.0093661	8.6831e-05	0.01	6.2271e-05	0.00055395	6.1703e-05	0.91746
0.009366	8.7098e-05	0.01	6.2227e-05	0.00055255	6.2152e-05	0.91749
0.0093659	8.7378e-05	0.01	6.2187e-05	0.00055117	6.2617e-05	0.91756
0.0093658	8.7647e-05	0.01	6.2137e-05	0.00054978	6.3072e-05	0.91763
0.0093657	8.7905e-05	0.01	6.2078e-05	0.00054838	6.3519e-05	0.91768
0.0093656	8.8176e-05	0.01	6.2022e-05	0.000547	6.3944e-05	0.9177
0.0093655	8.8437e-05	0.01	6.1957e-05	0.00054561	6.4361e-05	0.91771
0.0093654	8.8709e-05	0.01	6.1894e-05	0.00054423	6.4791e-05	0.91776
0.0093653	8.8972e-05	0.01	6.1823e-05	0.00054285	6.5213e-05	0.91781
0.0093652	8.9223e-05	0.01	6.1742e-05	0.00054146	6.5652e-05	0.91791
0.0093651	8.9465e-05	0.01	6.1651e-05	0.00054007	6.6083e-05	0.918
0.009365	8.9718e-05	0.01	6.1564e-05	0.00053868	6.6527e-05	0.91814
0.0093649	8.9961e-05	0.01	6.1467e-05	0.0005373	6.6963e-05	0.91827
0.0093648	9.0194e-05	0.01	6.1361e-05	0.0005359	6.7392e-05	0.91839
0.0093647	9.0417e-05	0.01	6.1245e-05	0.0005345	6.7812e-05	0.91851
0.0093647	9.0652e-05	0.01	6.1133e-05	0.00053312	6.8246e-05	0.91867
0.0093646	9.0877e-05	0.01	6.1011e-05	0.00053172	6.8672e-05	0.91882
0.0093645	9.1113e-05	0.01	6.0892e-05	0.00053034	6.9111e-05	0.91902
0.0093644	9.1339e-05	0.01	6.0763e-05	0.00052895	6.9543e-05	0.91921
0.0093643	9.1555e-05	0.01	6.0626e-05	0.00052756	6.9966e-05	0.91939
0.0093642	9.1761e-05	0.01	6.0479e-05	0.00052616	7.0382e-05	0.91956
0.0093641	9.1979e-05	0.01	6.0335e-05	0.00052478	6.917e-05	0.91979
0.009364	9.2186e-05	0.01	6.0182e-05	0.00052338	6.7949e-05	0.92001
0.0093639	9.2406e-05	0.01	6.0031e-05	0.000522	6.6752e-05	0.92028
0.0093639	9.2616e-05	0.01	5.9872e-05	0.00052062	6.5546e-05	0.92055
0.0093638	9.2815e-05	0.01	5.9703e-05	0.00051922	6.433e-05	0.9208
0.0093637	9.3026e-05	0.01	5.9536e-05	0.00051784	6.3138e-05	0.9211
0.0093636	9.3249e-05	0.01	5.9373e-05	0.00051647	6.1968e-05	0.92145
0.0093635	9.3461e-05	0.01	5.9199e-05	0.0005151	6.079e-05	0.92178
0.0093635	9.3664e-05	0.01	5.9017e-05	0.00051372	5.9602e-05	0.92211
0.0093634	9.3878e-05	0.01	5.8838e-05	0.00051235	5.8437e-05	0.92249
0.0093633	9.4083e-05	0.01	5.8649e-05	0.00051097	5.7263e-05	0.92286
0.0093632	9.4299e-05	0.01	5.8463e-05	0.00050961	5.6111e-05	0.92327
0.0093631	9.4506e-05	0.01	5.8268e-05	0.00050824	5.4951e-05	0.92368
0.0093631	9.4703e-05	0.01	5.8064e-05	0.00050686	5.3782e-05	0.92408
0.009363	9.4889e-05	0.01	5.785e-05	0.00050548	5.2603e-05	0.92447
0.0093629	9.5066e-05	0.01	5.7628e-05	0.0005041	5.1416e-05	0.92486
0.0093628	9.5254e-05	0.01	5.7407e-05	0.00050272	5.025e-05	0.92529
0.0093628	9.5432e-05	0.01	5.7178e-05	0.00050134	4.9075e-05	0.92571
0.0093627	9.5623e-05	0.01	5.6952e-05	0.00049997	4.7924e-05	0.92618
0.0093626	9.5804e-05	0.01	5.6716e-05	0.0004986	4.6762e-05	0.92665
0.0093625	9.5974e-05	0.01	5.6471e-05	0.00049722	4.5591e-05	0.9271
0.0093625	9.6157e-05	0.01	5.6229e-05	0.00049585	4.4444e-05	0.9276
0.0093624	9.633e-05	0.01	5.5978e-05	0.00049448	4.3286e-05	0.9281
0.0093623	9.6517e-05	0.01	5.573e-05	0.00049311	4.2152e-05	0.92864
0.0093623	9.6692e-05	0.01	5.5472e-05	0.00049175	4.1008e-05	0.92918
0.0093622	9.6884e-05	0.01	5.5219e-05	0.00049039	3.989e-05	0.92977
0.0093621	9.7094e-05	0.01	5.4972e-05	0.00048905	3.88e-05	0.93042
0.0093621	9.729e-05	0.01	5.4713e-05	0.0004877	3.7696e-05	0.93106
0.009362	9.7473e-05	0.01	5.4444e-05	0.00048635	3.6579e-05	0.93168
0.009362	9.7675e-05	0.01	5.418e-05	0.00048501	3.5491e-05	0.93236
0.0093619	9.7897e-05	0.01	5.3923e-05	0.00048368	3.4432e-05	0.93311
0.0093618	9.8105e-05	0.01	5.3655e-05	0.00048235	3.3359e-05	0.93385
0.0093618	9.8333e-05	0.01	5.3393e-05	0.00048103	3.2315e-05	0.93465
0.0093617	9.8546e-05	0.01	5.312e-05	0.00047971	3.1256e-05	0.93543
0.0093617	9.8781e-05	0.01	5.2853e-05	0.0004784	3.0227e-05	0.93628
0.0093616	9.9039e-05	0.01	5.2594e-05	0.0004771	2.9227e-05	0.9372
0.0093616	9.9281e-05	0.01	5.2323e-05	0.0004758	2.8205e-05	0.93809
0.0093615	9.9506e-05	0.01	5.204e-05	0.00047449	2.7168e-05	0.93896
0.0093615	9.9756e-05	0.01	5.1765e-05	0.0004732	2.6162e-05	0.9399
0.0093614	9.9989e-05	0.01	5.1477e-05	0.0004719	2.514e-05	0.94082
0.0093613	0.00010021	0.01	5.1177e-05	0.00047058	2.4102e-05	0.94172
0.0093613	0.00010041	0.01	5.0865e-05	0.00046926	2.3047e-05	0.94259
0.0093612	0.00010071	0.01	5.0539e-05	0.00046793	2.2024e-05	0.94354
0.0093612	0.00010101	0.01	5.0202e-05	0.00046659	2.0985e-05	0.94447
0.0093611	0.00010132	0.01	4.9873e-05	0.00046526	1.9977e-05	0.94547
0.0093611	0.00010162	0.01	4.9531e-05	0.00046393	1.8953e-05	0.94646
0.0093611	0.00010195	0.01	4.9197e-05	0.00046261	1.7959e-05	0.94751
0.009361	0.00010226	0.01	4.8851e-05	0.00046128	1.6949e-05	0.94855
0.009361	0.00010255	0.01	5.078e-05	0.00045995	1.6968e-05	0.94938
0.0093609	0.00010283	0.01	5.2695e-05	0.00045861	1.6979e-05	0.9502
0.0093609	0.00010312	0.01	5.4629e-05	0.00045728	1.6995e-05	0.95107
0.0093608	0.0001034	0.01	5.6552e-05	0.00045594	1.7003e-05	0.95194
0.0093608	0.0001037	0.01	5.8491e-05	0.00045461	1.7016e-05	0.95286
0.0093608	0.00010401	0.01	6.0447e-05	0.0004533	1.7032e-05	0.95382
0.0093607	0.00010432	0.01	6.2392e-05	0.00045198	1.7041e-05	0.95478
0.0093607	0.00010463	0.01	6.4354e-05	0.00045067	1.7054e-05	0.95578
0.0093607	0.00010496	0.01	6.6333e-05	0.00044937	1.707e-05	0.95684
0.0093607	0.00010528	0.01	6.8301e-05	0.00044806	1.708e-05	0.95789
0.0093606	0.00010562	0.01	7.0286e-05	0.00044677	1.7093e-05	0.95898
0.0093606	0.00010596	0.01	7.2288e-05	0.00044548	1.7109e-05	0.96013
0.0093606	0.0001063	0.01	7.4278e-05	0.00044419	1.7119e-05	0.96126
0.0093606	0.00010665	0.01	7.6287e-05	0.00044291	1.7132e-05	0.96245
0.0093606	0.00010702	0.01	7.8315e-05	0.00044164	1.7149e-05	0.96369
0.0093606	0.00010738	0.01	8.0331e-05	0.00044036	1.7159e-05	0.96492
0.0093606	0.00010772	0.01	8.2336e-05	0.00043908	1.7163e-05	0.96614
0.0093606	0.00010808	0.01	8.4359e-05	0.00043781	1.717e-05	0.96742
0.0093606	0.00010843	0.01	8.6372e-05	0.00043654	1.717e-05	0.96869
0.0093606	0.00010877	0.01	8.8374e-05	0.00043525	1.7164e-05	0.96995
0.0093607	0.00010913	0.01	9.0393e-05	0.00043398	1.7161e-05	0.97126
0.0093607	0.00010947	0.01	9.2401e-05	0.0004327	1.7151e-05	0.97256
0.0093607	0.00010982	0.01	9.4427e-05	0.00043144	1.7144e-05	0.97392
0.0093607	0.00011019	0.01	9.647e-05	0.00043018	1.7141e-05	0.97532
0.0093607	0.00011055	0.01	9.8503e-05	0.00042891	1.7141e-05	0.97676
0.0093607	0.0001109	0.01	0.00010053	0.00042764	1.7134e-05	0.97821
0.0093608	0.00011124	0.01	0.00010254	0.00042637	1.7121e-05	0.97965
0.0093608	0.0001116	0.01	0.00010457	0.00042511	1.7101e-05	0.98108
0.0093608	0.00011195	0.01	0.00010659	0.00042384	1.7074e-05	0.98251
0.0093608	0.00011231	0.01	0.00010863	0.00042257	1.705e-05	0.98399
0.0093608	0.00011269	0.01	0.00011068	0.00042132	1.703e-05	0.98551
0.0093608	0.00011305	0.01	0.00011273	0.00042007	1.7003e-05	0.98703
0.0093609	0.0001134	0.01	0.00011476	0.0004188	1.697e-05	0.98855
0.0093609	0.00011377	0.01	0.00011682	0.00041755	1.694e-05	0.99011
0.0093609	0.00011416	0.01	0.00011889	0.00041631	1.6913e-05	0.99173
0.009361	0.00011456	0.01	0.00012098	0.00041507	1.6889e-05	0.99339
0.009361	0.00011495	0.01	0.00012306	0.00041384	1.6859e-05	0.99505
0.009361	0.00011532	0.01	0.00012513	0.00041259	1.6837e-05	0.99526
0.0093611	0.00011572	0.01	0.00012722	0.00041136	1.6819e-05	0.9955
0.0093611	0.0001161	0.01	0.0001293	0.00041011	1.6794e-05	0.99575
0.0093612	0.00011649	0.01	0.0001314	0.00040888	1.6772e-05	0.99603
0.0093612	0.00011691	0.01	0.00013352	0.00040766	1.6753e-05	0.99634
0.0093613	0.00011731	0.01	0.00013563	0.00040643	1.6727e-05	0.99667
0.0093613	0.00011772	0.01	0.00013776	0.00040521	1.6705e-05	0.99703
0.0093614	0.00011815	0.01	0.0001399	0.000404	1.6686e-05	0.99741
0.0093615	0.00011858	0.01	0.00014204	0.00040279	1.6671e-05	0.99721
0.0093615	0.00011899	0.01	0.00014417	0.00040157	1.665e-05	0.99702
0.0093616	0.00011939	0.01	0.00014628	0.00040034	1.6622e-05	0.99686
0.0093617	0.0001198	0.01	0.00014842	0.00039912	1.6598e-05	0.99671
0.0093618	0.0001202	0.01	0.00015054	0.0003979	1.6567e-05	0.99659
0.0093618	0.00012062	0.01	0.00015269	0.00039669	1.6539e-05	0.99649
0.0093619	0.00012103	0.01	0.00015483	0.00039547	1.6504e-05	0.99641
0.009362	0.00012146	0.01	0.00015698	0.00039426	1.6473e-05	0.99635
0.0093621	0.00012187	0.01	0.00015913	0.00039305	1.6435e-05	0.99631
0.0093622	0.0001223	0.01	0.0001613	0.00039184	1.64e-05	0.9963
0.0093622	0.00012272	0.01	0.00016345	0.00039063	1.6358e-05	0.9963
0.0093623	0.00012313	0.01	0.0001656	0.00038941	1.6311e-05	0.99632
0.0093624	0.00012356	0.01	0.00016776	0.0003882	1.6265e-05	0.99637
0.0093625	0.00012397	0.01	0.00016992	0.00038699	1.6214e-05	0.99643
0.0093626	0.00012437	0.01	0.00017206	0.00038577	1.6155e-05	0.9965
0.0093626	0.00012479	0.01	0.00017423	0.00038456	1.6091e-05	0.9966
0.0093627	0.00012522	0.01	0.00017642	0.00038336	1.6029e-05	0.99672
0.0093628	0.00012567	0.01	0.00017863	0.00038217	1.5972e-05	0.99612
0.0093629	0.00012611	0.01	0.00018083	0.00038097	1.5908e-05	0.99553
0.009363	0.00012657	0.01	0.00018305	0.00037978	1.5847e-05	0.99498
0.009363	0.00012701	0.01	0.00018526	0.00037859	1.578e-05	0.99444
0.0093631	0.00012747	0.01	0.00018749	0.0003774	1.5715e-05	0.99393
0.0093632	0.00012792	0.01	0.00018971	0.00037621	1.5644e-05	0.99343
0.0093633	0.00012839	0.01	0.00019195	0.00037503	1.5576e-05	0.99297
0.0093634	0.00012884	0.01	0.00019419	0.00037384	1.5502e-05	0.99251
0.0093635	0.00012929	0.01	0.00019641	0.00037264	1.542e-05	0.99206
0.0093636	0.00012972	0.01	0.00019862	0.00037145	1.5332e-05	0.99163
0.0093636	0.00013014	0.01	0.00020082	0.00037024	1.5238e-05	0.9912
0.0093637	0.00013056	0.01	0.00020301	0.00036903	1.6208e-05	0.99065
0.0093638	0.00013098	0.01	0.00020522	0.00036783	1.7195e-05	0.99013
0.0093639	0.00013143	0.01	0.00020745	0.00036664	1.8199e-05	0.98964
0.009364	0.00013186	0.01	0.00020968	0.00036544	1.9193e-05	0.98916
0.0093641	0.00013232	0.01	0.00021193	0.00036425	2.0206e-05	0.98872
0.0093642	0.00013276	0.01	0.00021417	0.00036306	2.1209e-05	0.98828
0.0093643	0.00013321	0.01	0.00021643	0.00036187	2.223e-05	0.98788
0.0093644	0.00013369	0.01	0.00021871	0.00036069	2.3268e-05	0.98751
0.0093645	0.00013418	0.01	0.00022102	0.00035952	2.4323e-05	0.98718
0.0093646	0.00013466	0.01	0.00022332	0.00035835	2.537e-05	0.98686
0.0093647	0.00013516	0.01	0.00022564	0.00035718	2.6435e-05	0.98656
0.0093649	0.00013564	0.01	0.00022795	0.00035601	2.7492e-05	0.98628
0.009365	0.00013614	0.01	0.00023029	0.00035485	2.8567e-05	0.98603
0.0093651	0.00013664	0.01	0.00023261	0.00035368	2.9633e-05	0.98579
0.0093652	0.00013712	0.01	0.00023493	0.0003525	3.069e-05	0.98556
0.0093654	0.00013762	0.01	0.00023727	0.00035134	3.1766e-05	0.98537
0.0093655	0.0001381	0.01	0.00023959	0.00035016	3.2834e-05	0.98518
0.0093656	0.00013861	0.01	0.00024195	0.000349	3.392e-05	0.98502
0.0093658	0.00013913	0.01	0.00024432	0.00034785	3.5027e-05	0.9849
0.0093659	0.00013964	0.01	0.00024669	0.00034668	3.6124e-05	0.98479
0.0093661	0.00014014	0.01	0.00024905	0.00034552	3.7212e-05	0.98469
0.0093662	0.00014066	0.01	0.00025143	0.00034436	3.8321e-05	0.98462
0.0093664	0.00014117	0.01	0.0002538	0.0003432	3.942e-05	0.98456
0.0093665	0.00014169	0.01	0.00025619	0.00034204	4.0539e-05	0.98453
0.0093667	0.00014221	0.01	0.00025858	0.00034088	4.1649e-05	0.98451
0.0093668	0.00014274	0.01	0.00026099	0.00033973	4.278e-05	0.98453
0.009367	0.00014329	0.01	0.00026343	0.00033858	4.3939e-05	0.98271
0.0093671	0.00014383	0.01	0.00026585	0.00033743	4.5088e-05	0.98088
0.0093673	0.00014435	0.01	0.00026827	0.00033628	4.6228e-05	0.97904
0.0093674	0.00014487	0.01	0.00027067	0.00033512	4.7359e-05	0.97719
0.0093676	0.00014538	0.01	0.00027306	0.00033395	4.8482e-05	0.97533
0.0093677	0.00014587	0.01	0.00027545	0.00033278	4.9595e-05	0.97347
0.0093679	0.00014636	0.01	0.00027782	0.0003316	5.07e-05	0.97159
0.009368	0.00014686	0.01	0.00028022	0.00033044	5.1825e-05	0.96976
0.0093682	0.00014738	0.01	0.00028264	0.00032927	5.2973e-05	0.96799
0.0093683	0.00014792	0.01	0.00028509	0.00032812	5.4142e-05	0.96628
0.0093685	0.00014848	0.01	0.00028757	0.00032698	5.5333e-05	0.96461
0.0093687	0.00014905	0.01	0.00029007	0.00032584	5.6546e-05	0.96299
0.0093689	0.00014961	0.01	0.00029256	0.00032469	5.775e-05	0.96137
0.009369	0.00015019	0.01	0.00029508	0.00032356	5.8976e-05	0.95979
0.0093692	0.00015076	0.01	0.00029759	0.00032242	6.0194e-05	0.95821
0.0093694	0.00015132	0.01	0.00030009	0.00032127	6.1402e-05	0.95661
0.0093696	0.0001519	0.01	0.00030261	0.00032013	6.2634e-05	0.95507
0.0093698	0.00015247	0.01	0.00030513	0.00031898	6.3857e-05	0.95351
0.0093699	0.00015302	0.01	0.00030763	0.00031784	6.5071e-05	0.95195
0.0093701	0.0001536	0.01	0.00031016	0.00031669	6.6308e-05	0.95044
0.0093703	0.00015419	0.01	0.00031272	0.00031556	6.7569e-05	0.94898
0.0093705	0.00015477	0.01	0.00031527	0.00031442	6.882e-05	0.9475
0.0093707	0.00015534	0.01	0.0003178	0.00031327	7.0063e-05	0.94602
0.0093709	0.00015593	0.01	0.00032037	0.00031213	7.133e-05	0.94459
0.0093711	0.00015654	0.01	0.00032296	0.000311	7.2622e-05	0.94321
0.0093713	0.00015714	0.01	0.00032554	0.00030987	7.3905e-05	0.94182
0.0093715	0.00015775	0.01	0.00032816	0.00030874	7.5213e-05	0.94048
0.0093717	0.00015836	0.01	0.00033076	0.0003076	7.6512e-05	0.93912
0.0093719	0.00015895	0.01	0.00033334	0.00030646	7.7801e-05	0.93776
0.0093721	0.00015956	0.01	0.00033596	0.00030533	7.9116e-05	0.93645
0.0093723	0.00016017	0.01	0.00033857	0.00030419	8.0421e-05	0.93512
0.0093725	0.00016076	0.01	0.00034116	0.00030305	8.1717e-05	0.93379
0.0093727	0.00016137	0.01	0.00034379	0.00030191	8.3039e-05	0.93251
0.0093729	0.00016197	0.01	0.0003464	0.00030077	8.4352e-05	0.93121
0.0093732	0.00016259	0.01	0.00034904	0.00029964	8.5692e-05	0.92997
0.0093734	0.00016323	0.01	0.00035172	0.00029851	8.7059e-05	0.92877
0.0093736	0.00016386	0.01	0.00035438	0.00029738	8.8417e-05	0.92757
0.0093738	0.0001645	0.01	0.00035708	0.00029626	8.9802e-05	0.92642
0.0093741	0.00016517	0.01	0.0003598	0.00029514	9.1216e-05	0.92531
0.0093743	0.00016586	0.01	0.00036255	0.00029403	9.2658e-05	0.92426
0.0093745	0.00016653	0.01	0.0003653	0.00029291	9.409e-05	0.92319
0.0093748	0.00016723	0.01	0.00036807	0.0002918	9.555e-05	0.92218
0.009375	0.00016791	0.01	0.00037083	0.00029069	9.7001e-05	0.92115
0.0093753	0.00016859	0.01	0.00037359	0.00028957	9.8442e-05	0.92011
0.0093755	0.00016928	0.01	0.00037637	0.00028846	9.9913e-05	0.91912
0.0093758	0.00016997	0.01	0.00037914	0.00028734	0.00010137	0.91812
0.009376	0.00017067	0.01	0.00038194	0.00028623	0.00010286	0.91717
0.0093763	0.00017139	0.01	0.00038478	0.00028512	0.00010439	0.91627
0.0093765	0.00017211	0.01	0.0003876	0.00028401	0.0001059	0.91535
0.0093768	0.00017281	0.01	0.00039042	0.0002829	0.0001074	0.91443
0.0093771	0.00017353	0.01	0.00039326	0.00028179	0.00010893	0.91355
0.0093773	0.00017427	0.01	0.00039614	0.00028069	0.0001105	0.91273
0.0093776	0.00017501	0.01	0.00039901	0.00027958	0.00011205	0.91189
0.0093778	0.00017573	0.01	0.00040186	0.00027847	0.00011359	0.91104
0.0093781	0.00017647	0.01	0.00040475	0.00027737	0.00011513	0.91018
0.0093784	0.0001772	0.01	0.00040763	0.00027626	0.00011664	0.9093
0.0093787	0.00017796	0.01	0.00041054	0.00027516	0.0001182	0.90847
0.0093789	0.0001787	0.01	0.00041345	0.00027405	0.00011974	0.90763
0.0093792	0.00017943	0.01	0.00041633	0.00027293	0.00012127	0.90678
0.0093795	0.00018019	0.01	0.00041926	0.00027183	0.00012284	0.90597
0.0093798	0.00018093	0.01	0.00042217	0.00027071	0.00012439	0.90516
0.00938	0.00018169	0.01	0.00042511	0.00026961	0.00012598	0.90439
0.0093803	0.00018248	0.01	0.0004281	0.00026851	0.0001276	0.90368
0.0093806	0.00018329	0.01	0.00043112	0.00026742	0.00012926	0.90302
0.0093809	0.00018409	0.01	0.00043413	0.00026632	0.00013091	0.90235
0.0093812	0.00018488	0.01	0.00043712	0.00026522	0.00013255	0.90166
0.0093815	0.00018566	0.01	0.0004401	0.00026412	0.00013417	0.90096
0.0093818	0.00018642	0.01	0.00044307	0.000263	0.00013584	0.90032
0.0093821	0.0001872	0.01	0.00044608	0.0002619	0.00013755	0.89974
0.0093824	0.00018798	0.01	0.00044907	0.00026078	0.00013925	0.89913
0.0093827	0.00018878	0.01	0.0004521	0.00025968	0.00014099	0.89859
0.009383	0.0001896	0.01	0.00045517	0.00025858	0.00014276	0.89809
0.0093833	0.00019042	0.01	0.00045823	0.00025748	0.00014453	0.89758
0.0093836	0.00019125	0.01	0.00046132	0.00025639	0.00014633	0.89713
0.0093839	0.00019212	0.01	0.00046446	0.0002553	0.00014818	0.89673
0.0093843	0.00019297	0.01	0.00046758	0.0002542	0.00015001	0.89631
0.0093846	0.0001938	0.01	0.00047069	0.0002531	0.00015183	0.89587
0.0093849	0.0002037	0.01	0.00047377	0.00025199	0.00015363	0.89541
0.0093852	0.00021353	0.01	0.00047684	0.00025088	0.0001554	0.89492
0.0093855	0.00022359	0.01	0.00047995	0.00024977	0.00015723	0.89451
0.0093858	0.00023358	0.01	0.00048305	0.00024866	0.00015904	0.89407
0.0093862	0.0002435	0.01	0.00048612	0.00024754	0.00016092	0.89371
0.0093865	0.00025365	0.01	0.00048925	0.00024643	0.00016277	0.89332
0.0093868	0.00026373	0.01	0.00049235	0.00024531	0.00016459	0.8929
0.0093871	0.00027374	0.01	0.00049544	0.00024419	0.0001664	0.89245
0.0093874	0.00028367	0.01	0.00049849	0.00024305	0.00016817	0.89197
0.0093877	0.00029385	0.01	0.00050161	0.00024193	0.00017001	0.89158
0.009388	0.00030395	0.01	0.0005047	0.0002408	0.00017183	0.89115
0.0093884	0.00031431	0.01	0.00050785	0.00023968	0.00017371	0.8908
0.0093887	0.00032494	0.01	0.00051107	0.00023858	0.00017566	0.89054
0.009389	0.00033548	0.01	0.00051427	0.00023746	0.00017759	0.89024
0.0093894	0.00034602	0.01	0.00051746	0.00023634	0.00017958	0.89003
0.0093897	0.00035656	0.01	0.00052064	0.00023522	0.00018155	0.88979
0.009391	0.00039877	0.01	0.00053334	0.0002307	0.00018929	0.88866
0.0093914	0.00040924	0.01	0.00053649	0.000233	0.00019129	0.88846
0.0093918	0.00041999	0.01	0.00053969	0.00023531	0.00019337	0.88834
0.0093921	0.00043064	0.01	0.00054287	0.00023762	0.00019542	0.88819
0.0093925	0.00044121	0.01	0.00054603	0.00023991	0.00019744	0.88801
0.0093929	0.00045205	0.01	0.00054925	0.00024222	0.00019953	0.88791
