Monodon_monoceros	Lipotes_vexillifer	Lagenorhynchus_obliquidens	Globicephala_melas	Delphinapterus_leucas	Capra_hircus	Camelus_ferus	Camelus_dromedarius
0.01	0.0001191	0.00050308	0.0053724	0.01	0.00021297	0.00078453	0.0014443
0.01	0.00011565	0.00049659	0.0053697	0.01	0.00021134	0.00078272	0.0014401
0.01	0.00011227	0.00049033	0.0053671	0.01	0.00020974	0.00078092	0.0014361
0.01	0.00010886	0.00048399	0.0053645	0.01	0.00020813	0.00077912	0.001432
0.01	0.00010552	0.00047788	0.0053619	0.01	0.0002065	0.00077731	0.0014279
0.01	0.00010216	0.0004717	0.0053593	0.01	0.00020487	0.00077549	0.0014237
0.01	9.8873e-05	0.00046574	0.0053568	0.01	0.00020326	0.00077369	0.0014197
0.01	9.5557e-05	0.00046854	0.0053542	0.01	0.00020168	0.00077188	0.0014156
0.01	9.2307e-05	0.00047147	0.0053517	0.01	0.00020013	0.00077009	0.0014116
0.01	8.9035e-05	0.00047436	0.0053492	0.01	0.00019856	0.00076829	0.0014076
0.01	8.5741e-05	0.0004772	0.0053467	0.01	0.00019699	0.00076649	0.0014035
0.01	8.2426e-05	0.00047999	0.0053441	0.01	0.00019541	0.00076468	0.0013994
0.01	7.9171e-05	0.00048291	0.0053416	0.01	0.00019385	0.00076289	0.0013954
0.01	7.5896e-05	0.00048578	0.0053391	0.01	0.00019228	0.00076109	0.0013914
0.01	7.2679e-05	0.00048878	0.0053366	0.01	0.00019074	0.0007593	0.0013874
0.01	6.9443e-05	0.00049173	0.0053341	0.01	0.00018919	0.00075752	0.0013834
0.01	6.6187e-05	0.00049464	0.0053316	0.01	0.00018763	0.00075572	0.0013794
0.01	6.291e-05	0.0004975	0.0053291	0.01	0.00018606	0.00075392	0.0013754
0.01	5.9613e-05	0.00050032	0.0053265	0.01	0.00018448	0.00075211	0.0013713
0.01	5.6375e-05	0.00050326	0.005324	0.01	0.00018293	0.00075032	0.0013673
0.01	5.3196e-05	0.00050634	0.0053216	0.01	0.0001814	0.00074854	0.0013634
0.01	5.0077e-05	0.00050955	0.0053192	0.01	0.00017989	0.00074676	0.0013595
0.01	4.6935e-05	0.00051271	0.0053168	0.01	0.00017837	0.00074497	0.0013555
0.01	4.3856e-05	0.00051602	0.0053144	0.01	0.00017688	0.00074321	0.0013516
0.01	4.0752e-05	0.00051928	0.0053121	0.01	0.00017538	0.00074143	0.0013477
0.01	3.7622e-05	0.00052246	0.0053097	0.01	0.0001739	0.00073964	0.0013438
0.01	3.4559e-05	0.00052582	0.0053073	0.01	0.00017245	0.00073788	0.0013399
0.01	3.1471e-05	0.00052911	0.0053049	0.01	0.00017099	0.00073611	0.001336
0.01	2.8448e-05	0.00053257	0.0053026	0.01	0.00016956	0.00073432	0.0013321
0.01	2.549e-05	0.0005362	0.0053004	0.01	0.00016815	0.00073256	0.0013283
0.01	2.2595e-05	0.00054001	0.0052982	0.01	0.00016677	0.00073083	0.0013246
0.01	1.9762e-05	0.00054401	0.0052961	0.01	0.00016541	0.00072911	0.0013209
0.01	1.6991e-05	0.00054819	0.005294	0.01	0.00016408	0.00072742	0.0013174
0.01	1.4281e-05	0.00055259	0.005292	0.01	0.00016274	0.00072572	0.0013138
0.01	1.1632e-05	0.00055719	0.0052901	0.01	0.00016138	0.00072404	0.0013103
0.01	8.9564e-06	0.00056171	0.0052881	0.01	0.00016002	0.00072235	0.0013068
0.01	8.6125e-06	0.00056615	0.0052861	0.01	0.00015868	0.00072065	0.0013032
0.01	8.2578e-06	0.00057051	0.0052841	0.01	0.00015733	0.00071894	0.0012996
0.01	7.8922e-06	0.00057478	0.0052821	0.01	0.00015597	0.00071722	0.001296
0.01	7.5157e-06	0.00057897	0.00528	0.01	0.00015463	0.00071552	0.0012924
0.01	7.1282e-06	0.00058308	0.0052779	0.01	0.00015329	0.00071381	0.0012889
0.01	6.7464e-06	0.00058741	0.0052759	0.01	0.00015197	0.00071213	0.0012854
0.01	6.3538e-06	0.00059165	0.0052738	0.01	0.00015064	0.00071044	0.0012818
0.01	5.9503e-06	0.00059581	0.0052717	0.01	0.0001493	0.00070873	0.0012783
0.01	6.1826e-06	0.00059989	0.0052696	0.01	0.00014794	0.00070702	0.0012747
0.01	6.4049e-06	0.00060389	0.0052675	0.01	0.00014661	0.00070529	0.001271
0.01	6.6172e-06	0.00060781	0.0052654	0.01	0.00014527	0.00070355	0.0012674
0.01	6.8196e-06	0.00061165	0.0052632	0.01	0.00014392	0.0007018	0.0012636
0.01	7.0243e-06	0.00061569	0.0052611	0.01	0.0001426	0.00070008	0.00126
0.01	7.2313e-06	0.00061995	0.005259	0.01	0.0001413	0.00069838	0.0012565
0.01	7.4282e-06	0.00062413	0.0052569	0.01	0.00013999	0.00069667	0.0012529
0.01	7.6151e-06	0.00062822	0.0052548	0.01	0.0001387	0.00069499	0.001238
0.01	7.7921e-06	0.00063223	0.0052527	0.01	0.00013741	0.00069329	0.0012229
0.01	7.959e-06	0.00063616	0.0052505	0.01	0.0001361	0.00069158	0.0012078
0.01	8.1159e-06	0.00064001	0.0052484	0.01	0.00013478	0.00068986	0.0011926
0.01	8.2628e-06	0.00064378	0.0052462	0.01	0.00013345	0.00068817	0.0011777
0.01	8.3997e-06	0.00064747	0.0052439	0.01	0.0001321	0.00068646	0.0011626
0.01	8.5266e-06	0.00065108	0.0052417	0.01	0.00013074	0.00068475	0.0011475
0.01	8.656e-06	0.0006549	0.0052395	0.01	0.00012942	0.00068305	0.0011327
0.01	8.7753e-06	0.00065864	0.0052373	0.01	0.00012808	0.00068135	0.0011177
0.01	8.8847e-06	0.00066229	0.005235	0.01	0.00012673	0.00067964	0.0011027
0.01	8.984e-06	0.00066587	0.0052328	0.01	0.00012538	0.00067791	0.0010876
0.01	9.0734e-06	0.00066937	0.0052305	0.01	0.00012401	0.00067618	0.0010725
0.01	9.1528e-06	0.00067279	0.0052282	0.01	0.00012263	0.00067443	0.0010572
0.01	9.2223e-06	0.00067613	0.0052258	0.01	0.00012127	0.00067268	0.0010419
0.01	9.2941e-06	0.00067968	0.0052236	0.01	0.00011994	0.00067095	0.0010268
0.01	9.3682e-06	0.00068343	0.0052213	0.01	0.00011863	0.0006692	0.0010117
0.01	9.4449e-06	0.00068741	0.0052192	0.01	0.00011732	0.00066745	0.00099644
0.01	9.5239e-06	0.0006916	0.0052171	0.01	0.00011602	0.00066572	0.00098147
0.01	9.593e-06	0.00069571	0.005215	0.01	0.00011472	0.00066398	0.00096642
0.01	9.6645e-06	0.00070004	0.005213	0.01	0.00011344	0.00066226	0.00095163
0.01	9.7383e-06	0.00070459	0.005211	0.01	0.00011218	0.00066057	0.00093709
0.01	9.8021e-06	0.00070906	0.005209	0.01	0.00011091	0.00065887	0.00093688
0.01	9.8684e-06	0.00071377	0.005207	0.01	0.00010967	0.00065719	0.00093674
0.01	9.9369e-06	0.0007187	0.0052051	0.01	0.00010845	0.00065553	0.00093667
0.01	9.9955e-06	0.00072355	0.0052032	0.01	0.00010722	0.00065386	0.00093657
0.01	1.0044e-05	0.00072831	0.0052013	0.01	0.00010597	0.00065218	0.00093643
0.01	1.0095e-05	0.00073331	0.0051994	0.01	0.00010475	0.00065052	0.00093636
0.01	1.0136e-05	0.00073822	0.0051975	0.01	0.00010352	0.00064886	0.00093627
0.01	1.018e-05	0.00073713	0.0051957	0.01	0.00010228	0.00064721	0.00093623
0.01	1.0226e-05	0.0007362	0.0051939	0.01	0.00010107	0.00064559	0.00093627
0.01	1.0274e-05	0.00073543	0.0051922	0.01	9.9837e-05	0.00064399	0.00093637
0.01	1.0313e-05	0.0007346	0.0051905	0.01	9.8599e-05	0.00064238	0.00093644
0.01	1.0353e-05	0.00073393	0.0051888	0.01	9.7382e-05	0.0006408	0.00093657
0.01	1.0384e-05	0.00073319	0.0051871	0.01	9.6155e-05	0.0006392	0.00093668
0.01	1.0417e-05	0.0007326	0.0051855	0.01	9.4949e-05	0.00063762	0.00093684
0.01	1.0452e-05	0.00073217	0.0051839	0.01	9.3764e-05	0.00063607	0.00093707
0.01	1.0489e-05	0.0007319	0.0051824	0.01	9.2599e-05	0.00063453	0.00093737
0.01	1.0529e-05	0.00073178	0.0051809	0.01	9.1454e-05	0.00063302	0.00093773
0.01	1.0559e-05	0.0007316	0.0051795	0.01	9.0332e-05	0.0006315	0.00093806
0.01	1.0591e-05	0.00073158	0.005178	0.01	8.9199e-05	0.00062999	0.00093846
0.01	1.0625e-05	0.0007317	0.0051767	0.01	8.8085e-05	0.00062851	0.00093891
0.01	1.066e-05	0.00073195	0.0051754	0.01	8.6987e-05	0.00062705	0.00093942
0.01	1.0696e-05	0.00073233	0.0051741	0.01	8.5905e-05	0.0006256	0.00093999
0.01	1.0732e-05	0.00073283	0.0051729	0.01	8.4836e-05	0.00062417	0.0009406
0.01	1.076e-05	0.00073329	0.0051717	0.01	8.3761e-05	0.00062273	0.0009412
0.01	1.0779e-05	0.00073371	0.0051704	0.01	8.2681e-05	0.00062128	0.00094177
0.01	1.0797e-05	0.00073424	0.0051692	0.01	8.1612e-05	0.00061985	0.00094239
0.01	1.0808e-05	0.00073473	0.005168	0.01	8.0537e-05	0.00061841	0.00094299
0.01	1.081e-05	0.00073519	0.0051667	0.01	7.9474e-05	0.00061697	0.00094357
0.01	1.0803e-05	0.00073561	0.0051655	0.01	7.8406e-05	0.00061552	0.00094413
0.01	1.0789e-05	0.000736	0.0051642	0.01	7.7332e-05	0.00061407	0.00094468
0.01	1.0774e-05	0.00073649	0.005163	0.01	7.627e-05	0.00061262	0.00094527
0.01	1.0758e-05	0.00073708	0.0051618	0.01	7.5218e-05	0.00061119	0.0009459
0.01	1.0734e-05	0.00073763	0.0051607	0.01	7.4162e-05	0.00060976	0.00094651
0.01	1.0701e-05	0.00073816	0.0051595	0.01	7.3116e-05	0.00060832	0.00094711
0.01	1.0668e-05	0.00073878	0.0051583	0.01	7.208e-05	0.00060689	0.00094775
0.01	1.0634e-05	0.0007395	0.0051572	0.01	7.1055e-05	0.00060548	0.00094842
0.01	1.0599e-05	0.00074032	0.0051561	0.01	7.004e-05	0.00060407	0.00094914
0.01	1.0563e-05	0.00074125	0.005155	0.01	6.9036e-05	0.00060268	0.0009499
0.01	1.0526e-05	0.00074227	0.005154	0.01	6.8041e-05	0.0006013	0.00095069
0.01	1.0481e-05	0.00074326	0.005153	0.01	6.7042e-05	0.00059992	0.00095147
0.01	1.0427e-05	0.00074421	0.0051519	0.01	6.6037e-05	0.00059853	0.00095224
0.01	1.0374e-05	0.00074527	0.0051509	0.01	6.5042e-05	0.00059715	0.00095304
0.01	1.0311e-05	0.00074629	0.0051499	0.01	6.4042e-05	0.00059577	0.00095383
0.01	1.0249e-05	0.00074744	0.0051489	0.01	6.3035e-05	0.00059438	0.00095459
0.01	1.0188e-05	0.00074873	0.005148	0.01	6.2041e-05	0.000593	0.00095541
0.01	1.0118e-05	0.00074996	0.0051471	0.01	6.1041e-05	0.00059162	0.0009562
0.01	1.0038e-05	0.00075115	0.0051461	0.01	6.0033e-05	0.00059023	0.00095697
0.01	9.9495e-06	0.00075227	0.0051451	0.01	5.9017e-05	0.00058883	0.00095772
0.01	9.8511e-06	0.00075334	0.0051442	0.01	5.7993e-05	0.00058745	0.00095852
0.01	9.7543e-06	0.00075455	0.0051432	0.01	5.6962e-05	0.00058608	0.00095938
0.01	9.6582e-06	0.00075591	0.0051423	0.01	5.5944e-05	0.00058474	0.0009603
0.01	9.5533e-06	0.00075721	0.0051414	0.01	5.4919e-05	0.00058338	0.0009612
0.01	9.4398e-06	0.00075848	0.0051405	0.01	5.3889e-05	0.00058202	0.00096207
0.01	9.326e-06	0.00075986	0.0051396	0.01	5.2869e-05	0.00058068	0.000963
0.01	9.2036e-06	0.0007612	0.0051387	0.01	5.1844e-05	0.00057932	0.0009639
0.01	9.0728e-06	0.0007625	0.0051378	0.01	5.0813e-05	0.00057796	0.00096478
0.01	8.9415e-06	0.00076391	0.0051369	0.01	4.9792e-05	0.00057662	0.00096571
0.01	8.8098e-06	0.00076545	0.0051361	0.01	4.8766e-05	0.00057526	0.00096662
0.01	8.6697e-06	0.00076694	0.0051352	0.01	4.7734e-05	0.0005739	0.00096751
0.01	8.5291e-06	0.00076855	0.0051344	0.01	4.6713e-05	0.00057256	0.00096845
0.01	9.5089e-06	0.00077013	0.0051336	0.01	4.5687e-05	0.00057121	0.00096937
0.01	1.0478e-05	0.00077166	0.0051328	0.01	4.4655e-05	0.00056985	0.00097027
0.01	1.1459e-05	0.00077331	0.005132	0.01	4.3633e-05	0.00056848	0.00097115
0.01	1.2429e-05	0.00077492	0.0051312	0.01	4.2605e-05	0.00056711	0.00097201
0.01	1.3409e-05	0.00077664	0.0051304	0.01	4.1587e-05	0.00056576	0.00097292
0.01	1.438e-05	0.00077833	0.0051297	0.01	4.0564e-05	0.00056439	0.00097381
0.01	1.5341e-05	0.00077998	0.0051289	0.01	3.9536e-05	0.00056303	0.00097468
0.01	1.6292e-05	0.0007816	0.0051281	0.01	3.8503e-05	0.00056165	0.00097553
0.01	1.7253e-05	0.00078332	0.0051273	0.01	3.7479e-05	0.00056029	0.00097643
0.01	1.8205e-05	0.00078501	0.0051265	0.01	3.645e-05	0.00055892	0.00097731
0.01	1.9147e-05	0.00078667	0.0051258	0.01	3.5416e-05	0.00055755	0.00097817
0.01	2.008e-05	0.0007883	0.005125	0.01	3.4378e-05	0.00055617	0.00097902
0.01	2.1023e-05	0.00079003	0.0051242	0.01	3.3348e-05	0.0005548	0.00097991
0.01	2.1956e-05	0.00079173	0.0051234	0.01	3.2313e-05	0.00055343	0.00098078
0.01	2.2899e-05	0.00079354	0.0051227	0.01	3.1287e-05	0.00055207	0.0009817
0.01	2.3833e-05	0.00079531	0.0051219	0.01	3.0256e-05	0.0005507	0.00098259
0.01	2.4757e-05	0.00079705	0.0051212	0.01	2.922e-05	0.00054933	0.00098347
0.01	2.5672e-05	0.00079876	0.0051204	0.01	2.818e-05	0.00054796	0.00098434
0.01	2.6597e-05	0.00080058	0.0051197	0.01	2.7148e-05	0.00054659	0.00098524
0.01	2.7513e-05	0.00080236	0.0051189	0.01	2.6111e-05	0.00054522	0.00098613
0.01	2.8439e-05	0.00080425	0.0051182	0.01	2.5083e-05	0.00054386	0.00098706
0.01	2.9356e-05	0.00080611	0.0051175	0.01	2.405e-05	0.00054249	0.00098798
0.01	3.0263e-05	0.00080794	0.0051168	0.01	2.4283e-05	0.00054112	0.00098888
0.01	3.118e-05	0.00080987	0.0051161	0.01	2.4517e-05	0.00053977	0.00098981
0.01	3.2107e-05	0.00081191	0.0051154	0.01	2.4753e-05	0.00053842	0.00099079
0.01	3.3026e-05	0.00081391	0.0051148	0.01	2.4985e-05	0.00053706	0.00099175
0.01	3.3934e-05	0.00081589	0.0051141	0.01	2.5212e-05	0.0005357	0.0009927
0.01	3.4854e-05	0.00081797	0.0051134	0.01	2.5441e-05	0.00053434	0.00099363
0.01	3.5764e-05	0.00082003	0.0051128	0.01	2.5666e-05	0.00053297	0.00099454
0.01	3.6685e-05	0.00082219	0.0051122	0.01	2.5892e-05	0.00053161	0.00099549
0.01	3.7597e-05	0.00082432	0.0051115	0.01	2.6115e-05	0.00053025	0.00099643
0.01	3.85e-05	0.00082642	0.0051109	0.01	2.6333e-05	0.00052888	0.00099736
0.01	3.9393e-05	0.00082849	0.0051102	0.01	2.6547e-05	0.00052751	0.00099826
0.01	4.0276e-05	0.00083052	0.0051096	0.01	2.6756e-05	0.00052613	0.00099916
0.01	4.1171e-05	0.00083267	0.0051089	0.01	2.6968e-05	0.00052476	0.0010001
0.01	4.2056e-05	0.00083478	0.0051083	0.01	2.7175e-05	0.00052339	0.001001
0.01	4.2953e-05	0.000837	0.0051077	0.01	2.7377e-05	0.00052203	0.001002
0.01	4.384e-05	0.0008392	0.0051071	0.01	2.7574e-05	0.00052066	0.0010029
0.01	4.4717e-05	0.00084136	0.0051065	0.01	2.7767e-05	0.00051929	0.0010038
0.01	4.5607e-05	0.00084363	0.0051059	0.01	2.7963e-05	0.00051793	0.0010048
0.01	4.6487e-05	0.00084587	0.0051053	0.01	2.8153e-05	0.00051656	0.0010058
0.01	4.738e-05	0.00084824	0.0051047	0.01	2.8346e-05	0.0005152	0.0010068
0.01	4.8262e-05	0.00085057	0.0051041	0.01	2.8535e-05	0.00051384	0.0010077
0.01	4.916e-05	0.00085304	0.0051036	0.01	2.8726e-05	0.00051248	0.0010087
0.01	5.0077e-05	0.00085566	0.0051031	0.01	2.8921e-05	0.00051112	0.0010097
0.01	5.098e-05	0.00085823	0.0051026	0.01	2.9119e-05	0.00050976	0.0010107
0.01	5.187e-05	0.00086074	0.0051021	0.01	2.9313e-05	0.00050839	0.0010116
0.01	5.2779e-05	0.00086342	0.0051016	0.01	2.951e-05	0.00050704	0.0010127
0.01	5.3709e-05	0.00086627	0.0051012	0.01	2.9711e-05	0.00050568	0.0010137
0.01	5.4625e-05	0.00086905	0.0051008	0.01	2.9906e-05	0.00050431	0.0010146
0.01	5.5561e-05	0.00087201	0.0051004	0.01	3.0106e-05	0.00050296	0.0010156
0.01	5.6483e-05	0.00087491	0.0051	0.01	3.03e-05	0.00050159	0.0010166
0.01	5.7428e-05	0.00087799	0.0050997	0.01	3.0499e-05	0.00050022	0.0010176
0.01	5.8397e-05	0.00088127	0.0050994	0.01	3.0702e-05	0.00049887	0.0010187
0.01	5.9391e-05	0.00088476	0.0050991	0.01	3.0899e-05	0.00049751	0.0010197
0.01	6.0369e-05	0.00088817	0.0050989	0.01	3.109e-05	0.00049614	0.0010206
0.01	6.1374e-05	0.0008918	0.0050987	0.01	3.1287e-05	0.00049478	0.0010217
0.01	6.2362e-05	0.00089535	0.0050984	0.01	3.1477e-05	0.00049342	0.0010227
0.01	6.3334e-05	0.00089881	0.0050982	0.01	3.1662e-05	0.00049205	0.0010237
0.01	6.4288e-05	0.00090219	0.0050979	0.01	3.184e-05	0.00049067	0.0010246
0.01	6.5269e-05	0.00090579	0.0050977	0.01	3.2024e-05	0.0004893	0.0010257
0.01	6.6234e-05	0.0009093	0.0050975	0.01	3.2202e-05	0.00048793	0.0010266
0.01	6.7226e-05	0.00091304	0.0050973	0.01	3.2385e-05	0.00048657	0.0010277
0.01	6.8201e-05	0.0009167	0.0050971	0.01	3.2562e-05	0.00048521	0.0010287
0.01	6.9203e-05	0.00092057	0.005097	0.01	3.2744e-05	0.00048386	0.0010298
0.01	7.0189e-05	0.00092436	0.0050968	0.01	3.292e-05	0.00048251	0.0010309
0.01	7.1158e-05	0.00092807	0.0050966	0.01	3.309e-05	0.00048114	0.0010319
0.01	7.2113e-05	0.00093172	0.0050964	0.01	3.3255e-05	0.00047977	0.0010329
0.01	7.3087e-05	0.00093553	0.0050963	0.01	3.3423e-05	0.00047841	0.001034
0.01	7.4049e-05	0.00093929	0.0050961	0.01	3.3586e-05	0.00047704	0.001035
0.01	7.5028e-05	0.00094321	0.0050959	0.01	3.3752e-05	0.00047569	0.0010361
0.01	7.6024e-05	0.00094727	0.0050958	0.01	3.392e-05	0.00047435	0.0010373
0.01	7.7009e-05	0.00095129	0.0050957	0.01	3.4084e-05	0.000473	0.0010384
0.01	7.8011e-05	0.00095546	0.0050957	0.01	3.425e-05	0.00047164	0.0010395
0.01	7.903e-05	0.00095978	0.0050956	0.01	3.4418e-05	0.0004703	0.0010406
0.01	8.0038e-05	0.00096406	0.0050956	0.01	3.4582e-05	0.00046895	0.0010417
0.01	8.1063e-05	0.00096849	0.0050956	0.01	3.4749e-05	0.00046761	0.0010429
0.01	8.2104e-05	0.00097308	0.0050956	0.01	3.4917e-05	0.00046628	0.0010441
0.01	8.3135e-05	0.00097762	0.0050956	0.01	3.5081e-05	0.00046496	0.0010454
0.01	8.4183e-05	0.00098232	0.0050957	0.01	3.5248e-05	0.00046365	0.0010467
0.01	8.525e-05	0.00098719	0.0050957	0.01	3.5417e-05	0.00046235	0.001048
0.01	8.6306e-05	0.00099223	0.0050959	0.01	3.5589e-05	0.00046105	0.0010494
0.01	8.7351e-05	0.00099722	0.005096	0.01	3.5756e-05	0.00045974	0.0010507
0.01	8.8414e-05	0.0010024	0.0050961	0.01	3.5926e-05	0.00045845	0.001052
0.01	8.9467e-05	0.0010075	0.0050963	0.01	3.6092e-05	0.00045714	0.0010534
0.01	9.051e-05	0.0010126	0.0050964	0.01	3.6253e-05	0.00045583	0.0010547
0.01	9.1569e-05	0.0010178	0.0050966	0.01	3.6417e-05	0.00045454	0.0010561
0.01	9.2618e-05	0.001023	0.0050967	0.01	3.6576e-05	0.00045323	0.0010574
0.01	9.3684e-05	0.0010284	0.0050969	0.01	3.6737e-05	0.00045194	0.0010588
0.01	9.4768e-05	0.0010339	0.0050972	0.01	3.6901e-05	0.00045065	0.0010602
0.01	9.587e-05	0.0010396	0.0050974	0.01	3.706e-05	0.00044936	0.0010617
0.01	9.6962e-05	0.0010453	0.0050977	0.01	3.7216e-05	0.00044807	0.0010631
0.01	9.8043e-05	0.0010509	0.0050979	0.01	3.7366e-05	0.00044677	0.0010645
0.01	9.9143e-05	0.0010567	0.0050982	0.01	3.7513e-05	0.00044546	0.0010658
0.01	0.00010023	0.0010624	0.0050985	0.01	3.7655e-05	0.00044415	0.0010672
0.01	0.00010134	0.0010683	0.0050988	0.01	3.78e-05	0.00044285	0.0010686
0.01	0.00010247	0.0010744	0.0050991	0.01	3.7947e-05	0.00044156	0.00107
0.01	0.00010358	0.0010805	0.0050994	0.01	3.8089e-05	0.00044026	0.0010714
0.01	0.00010469	0.0010865	0.0050997	0.01	3.8227e-05	0.00043896	0.0010729
0.01	0.00010581	0.0010927	0.0051001	0.01	3.8368e-05	0.00043765	0.0010743
0.01	0.00010696	0.0010991	0.0051005	0.01	3.8511e-05	0.00043636	0.0010757
0.01	0.00010812	0.0011057	0.0051009	0.01	3.8656e-05	0.00043507	0.0010772
0.01	0.00010927	0.0011122	0.0051013	0.01	3.8797e-05	0.00043378	0.0010786
0.01	0.00011045	0.0011189	0.0051018	0.01	3.8934e-05	0.00043249	0.0010802
0.01	0.00011164	0.0011259	0.0051022	0.01	3.9073e-05	0.00043122	0.0010817
0.01	0.00011283	0.0011327	0.0051027	0.01	3.9208e-05	0.00042994	0.0010833
0.01	0.00011403	0.0011398	0.0051032	0.01	3.9345e-05	0.00042867	0.0010848
0.01	0.00011526	0.0011471	0.0051038	0.01	3.9484e-05	0.00042741	0.0010865
0.01	0.00011647	0.0011543	0.0051043	0.01	3.9619e-05	0.00042615	0.0010881
0.01	0.0001177	0.0011618	0.0051049	0.01	3.9757e-05	0.00042489	0.0010897
0.01	0.00011896	0.0011694	0.0051055	0.01	3.9897e-05	0.00042364	0.0010914
0.01	0.00012024	0.0011773	0.0051061	0.01	4.0032e-05	0.0004224	0.0010932
0.01	0.0001215	0.0011851	0.0051068	0.01	4.0164e-05	0.00042116	0.0010949
0.01	0.00012276	0.0011929	0.0051074	0.01	4.0291e-05	0.00041991	0.0010966
0.01	0.00012404	0.0012008	0.005108	0.01	4.042e-05	0.00041868	0.0010984
0.01	0.0001253	0.0012088	0.0051087	0.01	4.0546e-05	0.00041743	0.0011001
0.01	0.00012659	0.0012169	0.0051094	0.01	4.0673e-05	0.0004162	0.0011019
0.01	0.00012787	0.0012251	0.00511	0.01	4.0797e-05	0.00041496	0.0011037
0.01	0.00012917	0.0012334	0.0051107	0.01	4.0923e-05	0.00041373	0.0011055
0.01	0.00013046	0.0012417	0.0051114	0.01	4.1044e-05	0.00041249	0.0011073
0.01	0.00013177	0.0012502	0.0051122	0.01	4.1168e-05	0.00041125	0.0011091
0.01	0.00013307	0.0012587	0.0051129	0.01	4.1288e-05	0.00041	0.0011109
0.01	0.00013436	0.0012671	0.0051136	0.01	4.1404e-05	0.00040875	0.0011126
0.01	0.00013568	0.0012757	0.0051143	0.01	4.1522e-05	0.00040751	0.0011144
0.01	0.00013698	0.0012843	0.0051151	0.01	4.1635e-05	0.00040626	0.0011162
0.01	0.00013827	0.0012929	0.0051158	0.01	4.1745e-05	0.00040501	0.001118
0.01	0.00013955	0.0013014	0.0051165	0.01	4.1856e-05	0.00040375	0.0011197
0.01	0.00014085	0.0013101	0.0051173	0.01	4.197e-05	0.0004025	0.0011215
0.01	0.00014218	0.001319	0.005118	0.01	4.2087e-05	0.00040125	0.0011233
0.01	0.00014349	0.001328	0.0051188	0.01	4.2199e-05	0.00039999	0.0011251
0.01	0.00014483	0.0013371	0.0051196	0.01	4.2314e-05	0.00039873	0.0011268
0.01	0.00014616	0.0013462	0.0051204	0.01	4.2425e-05	0.00039746	0.0011286
0.01	0.00014751	0.0013556	0.0051213	0.01	4.2538e-05	0.0003962	0.0011303
0.01	0.00014885	0.0013649	0.0051221	0.01	4.2647e-05	0.00039493	0.0011321
0.01	0.00015022	0.0013744	0.0051229	0.01	4.2758e-05	0.00039367	0.0011339
0.01	0.00015157	0.0013839	0.0051238	0.01	4.2865e-05	0.00039241	0.0011357
0.01	0.00015291	0.0013934	0.0051246	0.01	4.2967e-05	0.00039114	0.0011375
0.01	0.00015424	0.0014027	0.0051254	0.01	4.3066e-05	0.00038987	0.0011392
0.01	0.00015556	0.0014121	0.0051263	0.01	4.316e-05	0.00038859	0.001141
0.01	0.00015691	0.0014217	0.0051271	0.01	4.3249e-05	0.00038731	0.0011427
0.01	0.00015828	0.0014315	0.005128	0.01	4.3342e-05	0.00038603	0.0011445
0.01	0.00015967	0.0014417	0.0051289	0.01	4.3437e-05	0.00038477	0.0011463
0.01	0.00016106	0.0014518	0.0051298	0.01	4.3527e-05	0.0003835	0.0011481
0.01	0.00016247	0.0014621	0.0051308	0.01	4.3621e-05	0.00038224	0.0011499
0.01	0.00016387	0.0014724	0.0051317	0.01	4.371e-05	0.00038097	0.0011518
0.01	0.00016529	0.001483	0.0051327	0.01	4.3802e-05	0.00037971	0.0011537
0.01	0.00016674	0.0014939	0.0051337	0.01	4.3896e-05	0.00037846	0.0011556
0.01	0.00016822	0.001505	0.0051348	0.01	4.3993e-05	0.00037722	0.0011576
0.01	0.00016968	0.0015161	0.0051358	0.01	4.4085e-05	0.00037597	0.0011595
0.01	0.00017118	0.0015275	0.0051369	0.01	4.418e-05	0.00037474	0.0011615
0.01	0.00017266	0.0015388	0.0051379	0.01	4.4271e-05	0.00037349	0.0011635
0.01	0.00017416	0.0015505	0.005139	0.01	4.4364e-05	0.00037226	0.0011655
0.01	0.00017566	0.001562	0.0051401	0.01	4.4453e-05	0.00037103	0.0011676
0.01	0.00017715	0.0015735	0.0051412	0.01	4.4538e-05	0.0003698	0.0011697
0.01	0.00017866	0.0015853	0.0051423	0.01	4.4625e-05	0.00036858	0.0011718
0.01	0.00018016	0.0015971	0.0051434	0.01	4.4709e-05	0.00036735	0.0011739
0.01	0.00018169	0.0016091	0.0051445	0.01	4.4794e-05	0.00036613	0.0011761
0.01	0.00018324	0.0016215	0.0051457	0.01	4.4883e-05	0.00036492	0.0011782
0.01	0.00018479	0.0016338	0.0051469	0.01	4.4967e-05	0.0003637	0.0011804
0.01	0.00018632	0.001646	0.005148	0.01	4.5054e-05	0.00036248	0.0011826
0.01	0.00018788	0.0016585	0.0051492	0.01	4.5143e-05	0.00036127	0.0011848
0.01	0.00018943	0.001671	0.0051504	0.01	4.5228e-05	0.00036005	0.001187
0.01	0.000191	0.0016838	0.0051516	0.01	4.5316e-05	0.00035882	0.0011892
0.01	0.00019257	0.0016966	0.0051528	0.01	4.54e-05	0.0003576	0.0011913
0.01	0.00019416	0.0017096	0.005154	0.01	4.5486e-05	0.00035637	0.0011935
0.01	0.00019579	0.0017082	0.0051553	0.01	4.5575e-05	0.00035516	0.0011958
0.01	0.0001974	0.0017067	0.0051566	0.01	4.566e-05	0.00035394	0.001198
0.01	0.000199	0.0017052	0.0051578	0.01	4.574e-05	0.00035272	0.0012002
0.01	0.00020059	0.0017036	0.0051591	0.01	4.5817e-05	0.00035149	0.0012024
0.01	0.00020217	0.001702	0.0051603	0.01	4.5888e-05	0.00035026	0.0012046
0.01	0.00020374	0.0017003	0.0051615	0.01	4.5956e-05	0.00034902	0.0012068
0.01	0.00020529	0.0016987	0.0051627	0.01	4.602e-05	0.00034778	0.001209
0.01	0.00020688	0.0016971	0.005164	0.01	4.6086e-05	0.00034654	0.0012112
0.01	0.00020849	0.0016957	0.0051652	0.01	4.6154e-05	0.00034532	0.0012134
0.01	0.00021014	0.0016945	0.0051666	0.01	4.6226e-05	0.0003441	0.0012157
0.01	0.00021181	0.0016934	0.0051679	0.01	4.63e-05	0.00034289	0.0012181
0.01	0.00021351	0.0016925	0.0051693	0.01	4.6376e-05	0.00034168	0.0012205
0.01	0.0002152	0.0016915	0.0051707	0.01	4.6448e-05	0.00034047	0.0012229
0.01	0.00021692	0.0016907	0.0051721	0.01	4.6523e-05	0.00033927	0.0012253
0.01	0.00021863	0.0016898	0.0051735	0.01	4.6593e-05	0.00033806	0.0012277
0.01	0.00022033	0.0016889	0.0051749	0.01	4.6659e-05	0.00033685	0.0012301
0.01	0.00022206	0.0016882	0.0051763	0.01	4.6728e-05	0.00033565	0.0012326
0.01	0.00022378	0.0016874	0.0051777	0.01	4.6793e-05	0.00033444	0.001235
0.01	0.00022548	0.0016866	0.0051791	0.01	4.6853e-05	0.00033323	0.0012374
0.01	0.00022722	0.0016859	0.0051806	0.01	4.6916e-05	0.00033202	0.0012399
0.01	0.00022899	0.0016854	0.005182	0.01	4.6981e-05	0.00033082	0.0012424
0.01	0.00023074	0.0016848	0.0051835	0.01	4.7043e-05	0.00032962	0.0012449
0.01	0.00023249	0.0016842	0.0051849	0.01	4.71e-05	0.00032841	0.0012474
0.01	0.00023427	0.0016837	0.0051864	0.01	4.7159e-05	0.00032721	0.0012499
0.01	0.00023608	0.0016834	0.005188	0.01	4.7222e-05	0.000326	0.0012524
0.01	0.00023787	0.0016831	0.0051895	0.01	4.728e-05	0.00032479	0.0012549
0.01	0.0002397	0.0016829	0.005191	0.01	4.734e-05	0.00032358	0.0012575
0.01	0.00024152	0.0016826	0.0051926	0.01	4.7397e-05	0.00032239	0.0012601
0.01	0.00024333	0.0016824	0.0051941	0.01	4.7449e-05	0.00032119	0.0012627
0.01	0.00024517	0.0016822	0.0051957	0.01	4.7504e-05	0.00031999	0.0012653
0.01	0.00024699	0.0016821	0.0051972	0.01	4.7554e-05	0.00031879	0.0012679
0.01	0.00024881	0.0016819	0.0051988	0.01	4.7601e-05	0.00031759	0.0012705
0.01	0.00025066	0.0016818	0.0052003	0.01	4.765e-05	0.00031639	0.0012732
0.01	0.0002525	0.0016817	0.0052019	0.01	4.7695e-05	0.00031519	0.0012758
0.01	0.00025437	0.0016818	0.0052035	0.01	4.7742e-05	0.00031399	0.0012785
0.01	0.00025627	0.001682	0.0052051	0.01	4.7792e-05	0.00031281	0.0012813
0.01	0.00025817	0.0016821	0.0052068	0.01	4.7838e-05	0.00031161	0.001284
0.01	0.0002601	0.0016824	0.0052084	0.01	4.7887e-05	0.00031043	0.0012868
0.01	0.00026206	0.0016829	0.0052101	0.01	4.7938e-05	0.00030925	0.0012896
0.01	0.00026406	0.0016835	0.0052119	0.01	4.7992e-05	0.00030808	0.0012925
0.01	0.00026605	0.0016841	0.0052136	0.01	4.8042e-05	0.0003069	0.0012954
0.01	0.00026807	0.0016848	0.0052154	0.01	4.8095e-05	0.00030573	0.0012983
0.01	0.00027008	0.0016855	0.0052171	0.01	4.8143e-05	0.00030456	0.0013012
0.01	0.00027208	0.0016861	0.0052189	0.01	4.8187e-05	0.00030338	0.0013041
0.01	0.00027412	0.0016869	0.0052206	0.01	4.8233e-05	0.00030221	0.001307
0.01	0.00027614	0.0016877	0.0052224	0.01	4.8276e-05	0.00030103	0.00131
0.01	0.0002782	0.0016886	0.0052242	0.01	4.8321e-05	0.00029986	0.0013129
0.01	0.0002803	0.0016896	0.0052261	0.01	4.8369e-05	0.0002987	0.001316
0.01	0.00028238	0.0016906	0.0052279	0.01	4.8412e-05	0.00029753	0.001319
0.01	0.00028446	0.0016916	0.0052297	0.01	4.8451e-05	0.00029636	0.001322
0.01	0.00028657	0.0016927	0.0052316	0.01	4.8493e-05	0.00029519	0.0013251
0.01	0.00028872	0.001694	0.0052334	0.01	4.8538e-05	0.00029403	0.0013282
0.01	0.00029085	0.0016953	0.0052353	0.01	4.8579e-05	0.00029287	0.0013313
0.01	0.00029298	0.0016964	0.0052372	0.01	4.8615e-05	0.0002917	0.0013343
0.01	0.00029508	0.0016976	0.0052391	0.01	4.8654e-05	0.00029054	0.0013375
0.01	0.00029718	0.0016987	0.0052409	0.01	4.8689e-05	0.00028937	0.0013406
0.01	0.00029931	0.0017	0.0052428	0.01	4.8727e-05	0.00028821	0.0013438
0.01	0.00030144	0.0017013	0.0052446	0.01	4.8761e-05	0.00028705	0.0013469
0.01	0.00030354	0.0017025	0.0052465	0.01	4.879e-05	0.00028588	0.0013501
0.01	0.00030569	0.0017038	0.0052484	0.01	4.8822e-05	0.00028472	0.0013533
0.01	0.00030783	0.0017051	0.0052503	0.01	4.885e-05	0.00028355	0.0013564
0.01	0.00031	0.0017066	0.0052522	0.01	4.8881e-05	0.00028239	0.0013597
0.01	0.00031222	0.0017082	0.0052542	0.01	4.8915e-05	0.00028123	0.001363
0.01	0.00031448	0.00171	0.0052562	0.01	4.8952e-05	0.00028009	0.0013663
0.01	0.00031673	0.0017118	0.0052582	0.01	4.8984e-05	0.00027894	0.0013697
0.01	0.00031897	0.0017135	0.0052601	0.01	4.9013e-05	0.00027778	0.001373
0.01	0.00032119	0.0017152	0.0052621	0.01	4.9036e-05	0.00027662	0.0013763
0.01	0.00032339	0.0017168	0.0052641	0.01	4.9055e-05	0.00027545	0.0013796
0.01	0.00032564	0.0017186	0.0052661	0.01	4.9077e-05	0.00027429	0.0013829
0.01	0.00032787	0.0017203	0.005268	0.01	4.9095e-05	0.00027312	0.0013863
0.01	0.00033015	0.0017223	0.0052701	0.01	4.9116e-05	0.00027197	0.0013896
0.01	0.00033248	0.0017243	0.0052721	0.01	4.9141e-05	0.00027081	0.0013931
0.01	0.00033479	0.0017264	0.0052742	0.01	4.9161e-05	0.00026966	0.0013965
0.01	0.00033715	0.0017286	0.0052763	0.01	4.9184e-05	0.00026851	0.0014
0.01	0.00033955	0.001731	0.0052784	0.01	4.9211e-05	0.00026737	0.0014036
0.01	0.00034194	0.0017333	0.0052805	0.01	4.9232e-05	0.00026622	0.0014071
0.01	0.00034431	0.0017356	0.0052826	0.01	4.9249e-05	0.00026507	0.0014106
0.01	0.00034666	0.0017378	0.0052847	0.01	4.926e-05	0.00026391	0.0014141
0.01	0.00034898	0.0017399	0.0052867	0.01	4.9266e-05	0.00026276	0.0014177
0.01	0.00035136	0.0017423	0.0052889	0.01	4.9277e-05	0.0002616	0.0014212
0.01	0.00035372	0.0017445	0.005291	0.01	4.9282e-05	0.00026043	0.0014248
0.01	0.00035616	0.0017471	0.0052931	0.01	4.9281e-05	0.00025928	0.0014284
0.01	0.00035856	0.0017495	0.0052952	0.01	4.9286e-05	0.00025812	0.0014319
0.01	0.00036094	0.0017519	0.0052973	0.01	4.9285e-05	0.00025695	0.0014354
0.01	0.00036328	0.0017541	0.0052994	0.01	4.9278e-05	0.00025577	0.0014389
0.01	0.0003656	0.0017563	0.0053015	0.01	4.9265e-05	0.00025459	0.0014424
0.01	0.000368	0.0017587	0.0053036	0.01	4.9258e-05	0.00025341	0.0014459
0.01	0.00037036	0.001761	0.0053057	0.01	4.9244e-05	0.00025223	0.0014495
0.01	0.0003728	0.0017636	0.0053079	0.01	4.9238e-05	0.00025106	0.0014531
0.01	0.00037531	0.0017665	0.0053101	0.01	4.9238e-05	0.00024991	0.0014568
0.01	0.0003778	0.0017693	0.0053123	0.01	5.0886e-05	0.00024874	0.0014605
0.01	0.00038036	0.0017723	0.0053146	0.01	5.2532e-05	0.00024757	0.0014641
0.01	0.00038289	0.0017753	0.0053168	0.01	5.4176e-05	0.00024639	0.0014677
0.01	0.00039287	0.0017866	0.0053256	0.01	6.0733e-05	0.00024172	0.0014825
0.01	0.00039543	0.0017897	0.0053279	0.01	6.2358e-05	0.00024056	0.0014861
0.01	0.00039808	0.0017931	0.0053302	0.01	6.4009e-05	0.00023941	0.0014899
0.01	0.00040082	0.0017968	0.0053326	0.01	6.5649e-05	0.00023827	0.0014937
0.01	0.00040352	0.0018003	0.005335	0.01	6.7277e-05	0.00023713	0.0014976
0.01	0.00040631	0.0018042	0.0053374	0.01	6.8932e-05	0.00023598	0.0015013
