Fulmarus_glacialis	Ficedula_albicollis	Falco_peregrinus	Falco_cherrug	Eurypyga_helias	Erythrura_gouldiae	Empidonax_traillii	Egretta_garzetta	Dromaius_novaehollandiae	Cygnus_atratus
0.00044805	0.68384	0.01	0.01	0.00060363	0.044234	0.00065255	0.0002259	0.00037302	0.007679
0.00043839	0.68302	0.01	0.01	0.00059927	0.044258	0.00064551	0.00022021	0.00037159	0.0076734
0.00042913	0.6823	0.01	0.01	0.00059521	0.044284	0.00063872	0.00021476	0.00037021	0.0076681
0.00041977	0.68156	0.01	0.01	0.00059107	0.044309	0.00063186	0.00020924	0.00036882	0.0076626
0.0004103	0.68078	0.01	0.01	0.00058686	0.044335	0.00062494	0.00020366	0.00036742	0.0076571
0.00040074	0.67997	0.01	0.01	0.00058258	0.04436	0.00061795	0.00019803	0.00036599	0.0076516
0.00039159	0.67927	0.01	0.01	0.00057861	0.044386	0.00061122	0.00019263	0.00036464	0.0076463
0.00038233	0.67854	0.01	0.01	0.00057456	0.044412	0.00060442	0.00018717	0.00036326	0.0076409
0.00037297	0.67798	0.01	0.01	0.00057044	0.044438	0.00059756	0.00018166	0.00036187	0.0076355
0.00036399	0.67752	0.01	0.01	0.0005666	0.044465	0.00059093	0.00017636	0.00036055	0.0076302
0.00035539	0.67716	0.01	0.01	0.00056304	0.044494	0.00058452	0.00017128	0.00035928	0.0076252
0.00034669	0.67677	0.01	0.01	0.00055941	0.044522	0.00057806	0.00016615	0.000358	0.0076201
0.00033835	0.67647	0.01	0.01	0.00055604	0.044552	0.00057182	0.00016123	0.00035677	0.0076152
0.00032992	0.67614	0.01	0.01	0.00055261	0.044582	0.00056553	0.00015625	0.00035561	0.0076103
0.00032183	0.67592	0.01	0.01	0.00054943	0.044613	0.00055945	0.00015147	0.0003545	0.0076055
0.00031409	0.67578	0.01	0.01	0.00054651	0.044643	0.00055367	0.00014689	0.00035345	0.0076009
0.00030669	0.67575	0.01	0.01	0.00054384	0.044675	0.0005481	0.00014251	0.00035246	0.0075966
0.0002992	0.67569	0.01	0.01	0.0005411	0.044705	0.00054277	0.00013807	0.00035146	0.0075922
0.00029203	0.67572	0.01	0.01	0.0005386	0.044737	0.00053763	0.00013382	0.00035051	0.007588
0.00028517	0.67586	0.01	0.01	0.00053633	0.04477	0.00053269	0.00012976	0.00034961	0.0075839
0.00027862	0.67609	0.01	0.01	0.00053429	0.044804	0.00052795	0.00012586	0.00034878	0.0075801
0.00027235	0.67642	0.01	0.01	0.00053248	0.044838	0.00052339	0.00012213	0.00034799	0.0075765
0.000266	0.67673	0.01	0.01	0.00053061	0.044871	0.00051878	0.00011836	0.00034719	0.0075728
0.00025992	0.67712	0.01	0.01	0.00052895	0.044905	0.00051434	0.00011473	0.00034644	0.0075694
0.00026316	0.67749	0.01	0.01	0.00052723	0.04494	0.00050985	0.00011107	0.00034568	0.0075658
0.00026635	0.67784	0.01	0.01	0.00052546	0.044974	0.0005053	0.00010736	0.0003449	0.0075623
0.00026971	0.67828	0.01	0.01	0.0005239	0.045009	0.00050094	0.0001038	0.00034418	0.0075586
0.00027301	0.67869	0.01	0.01	0.00052227	0.045044	0.00049652	0.0001002	0.00034344	0.0075549
0.00027625	0.67908	0.01	0.01	0.0005206	0.045079	0.00049206	9.6556e-05	0.00034269	0.0075512
0.00027968	0.67957	0.01	0.01	0.00051913	0.045116	0.00048777	9.3064e-05	0.000342	0.0075477
0.00028329	0.68015	0.01	0.01	0.00051786	0.045154	0.00048365	8.9719e-05	0.00034135	0.0075443
0.00028709	0.68084	0.01	0.01	0.00051679	0.045193	0.0004797	8.6513e-05	0.00034076	0.0075412
0.00029109	0.68163	0.01	0.01	0.00051589	0.045235	0.0004759	8.3435e-05	0.00034022	0.0075382
0.00029502	0.68238	0.01	0.01	0.00051494	0.045275	0.00047205	8.0315e-05	0.00033966	0.0075352
0.00029888	0.68311	0.01	0.01	0.00051394	0.045316	0.00046815	7.7154e-05	0.00033909	0.0075321
0.00030268	0.6838	0.01	0.01	0.00051289	0.045356	0.00046421	7.3954e-05	0.0003385	0.007529
0.00030668	0.6846	0.01	0.01	0.00051203	0.045398	0.00046042	7.088e-05	0.00033797	0.0075261
0.0003106	0.68537	0.01	0.01	0.0005111	0.045438	0.00045658	6.7763e-05	0.00033255	0.0075234
0.00031473	0.68623	0.01	0.01	0.00051036	0.045478	0.00045288	6.4769e-05	0.0003273	0.0075208
0.00031906	0.68719	0.01	0.01	0.00050979	0.045521	0.00044934	6.1892e-05	0.00032221	0.0075185
0.0003236	0.68826	0.01	0.01	0.0005094	0.045565	0.00044594	5.9127e-05	0.00031728	0.0075163
0.00032837	0.68943	0.01	0.01	0.00050918	0.045611	0.00044268	5.6469e-05	0.0003125	0.0075143
0.00033306	0.69058	0.01	0.01	0.00050891	0.045656	0.00043937	5.3777e-05	0.00030786	0.0075125
0.000338	0.69183	0.01	0.01	0.00050882	0.045703	0.00043621	5.1195e-05	0.00030338	0.0075109
0.00034316	0.69319	0.01	0.01	0.00050891	0.045752	0.00043318	4.8712e-05	0.00029904	0.0075095
0.00034826	0.69452	0.01	0.01	0.00050895	0.045801	0.00043011	4.6193e-05	0.00029466	0.007508
0.00035327	0.69581	0.01	0.01	0.00050894	0.045849	0.00042699	4.3638e-05	0.00029025	0.0075065
0.00035821	0.69707	0.01	0.01	0.00050887	0.045896	0.00042383	4.1047e-05	0.00028581	0.0075049
0.00036344	0.69846	0.01	0.01	0.00050901	0.045946	0.00042082	3.8573e-05	0.00028153	0.0075035
0.00036858	0.69981	0.01	0.01	0.0005091	0.045995	0.00041776	3.6064e-05	0.00027722	0.0075021
0.00037397	0.70128	0.01	0.01	0.00050936	0.046046	0.00041484	3.3649e-05	0.00027304	0.0075009
0.00037929	0.70271	0.01	0.01	0.00050957	0.046097	0.00041187	3.1199e-05	0.00026882	0.0074996
0.00038486	0.70425	0.01	0.01	0.00050995	0.046149	0.00040903	2.8841e-05	0.00026474	0.0074985
0.00039068	0.70591	0.01	0.01	0.0005105	0.046203	0.00040632	2.6569e-05	0.00026078	0.0074976
0.00039644	0.70753	0.01	0.01	0.00051101	0.046257	0.00040356	2.4267e-05	0.0002568	0.0074966
0.00040247	0.70928	0.01	0.01	0.00051171	0.046313	0.00040094	2.2054e-05	0.00025279	0.0074958
0.00040843	0.71098	0.01	0.01	0.00051235	0.046368	0.00039827	1.9808e-05	0.00024874	0.007495
0.00041418	0.71257	0.01	0.01	0.00051332	0.046422	0.00039584	1.9789e-05	0.00024462	0.007494
0.00041971	0.71407	0.01	0.01	0.00051416	0.046475	0.00039331	1.9739e-05	0.00024071	0.0074929
0.00042503	0.71547	0.01	0.01	0.00051484	0.046527	0.00039066	1.9656e-05	0.00023673	0.0074916
0.00043016	0.71679	0.01	0.01	0.00051541	0.046577	0.00039555	1.9544e-05	0.00023296	0.0074907
0.00043514	0.71805	0.01	0.01	0.00051587	0.046627	0.00040034	1.9405e-05	0.00022912	0.0074896
0.00044003	0.71927	0.01	0.01	0.00051627	0.046676	0.00040506	1.9247e-05	0.00022525	0.0074885
0.00044484	0.72046	0.01	0.01	0.00051661	0.046725	0.00040975	1.907e-05	0.00022135	0.0074874
0.00044957	0.72161	0.01	0.01	0.0005169	0.046774	0.00041438	1.8874e-05	0.00021742	0.0074861
0.00045422	0.72274	0.01	0.01	0.00051714	0.046822	0.00041896	1.866e-05	0.00021345	0.0074849
0.00045913	0.72397	0.01	0.01	0.00051757	0.046872	0.00042372	1.8463e-05	0.00020962	0.0074838
0.00046429	0.72531	0.01	0.01	0.00051817	0.046924	0.00042865	1.8283e-05	0.0002059	0.0074829
0.00046936	0.72662	0.01	0.01	0.00051871	0.046975	0.00043353	1.8084e-05	0.00020216	0.0074819
0.00047434	0.72805	0.01	0.01	0.00051919	0.047026	0.00043833	1.7864e-05	0.00019854	0.0074812
0.00047971	0.72965	0.01	0.01	0.00051948	0.04708	0.00044341	1.7675e-05	0.0001951	0.0074803
0.00048546	0.73141	0.01	0.01	0.00052001	0.047135	0.00044874	1.7511e-05	0.00019179	0.0074797
0.00049105	0.73311	0.01	0.01	0.00052044	0.04719	0.00045397	1.7322e-05	0.00018864	0.007479
0.00049649	0.73473	0.01	0.01	0.00052077	0.047245	0.00045909	1.9095e-05	0.00018543	0.0074782
0.0005022	0.73648	0.01	0.01	0.00052128	0.047301	0.0004644	2.0933e-05	0.00018233	0.0074776
0.00050782	0.73819	0.01	0.01	0.00052174	0.047356	0.00046965	2.2742e-05	0.00017932	0.0074769
0.00051374	0.74002	0.01	0.01	0.00052238	0.047414	0.00047509	2.4623e-05	0.00017641	0.0074764
0.00051994	0.74197	0.01	0.01	0.0005232	0.047473	0.00048073	2.6576e-05	0.00017359	0.0074761
0.00052606	0.74389	0.01	0.01	0.00052397	0.047532	0.00048632	2.8498e-05	0.00017075	0.0074758
0.00053247	0.74593	0.01	0.01	0.00052492	0.047593	0.0004921	3.0493e-05	0.000168	0.0074756
0.00053921	0.7481	0.01	0.01	0.00052606	0.047655	0.00049809	3.2571e-05	0.00016533	0.0074756
0.00054626	0.7504	0.01	0.01	0.00052739	0.04772	0.0005043	3.4729e-05	0.00016265	0.0074758
0.00055367	0.75285	0.01	0.01	0.00052893	0.047787	0.00051073	3.6977e-05	0.00016005	0.0074762
0.00056144	0.75545	0.01	0.01	0.00053067	0.047855	0.0005174	3.9318e-05	0.00015744	0.0074768
0.00056957	0.75819	0.01	0.01	0.00053261	0.047926	0.0005243	4.1752e-05	0.00015491	0.0074776
0.0005776	0.76089	0.01	0.01	0.0005345	0.047997	0.00053114	4.4153e-05	0.00015235	0.0074783
0.000586	0.76373	0.01	0.01	0.0005366	0.048069	0.00053821	4.6649e-05	0.00014988	0.0074792
0.00062106	0.77569	0.01	0.01	0.0005458	0.048367	0.00056743	5.6976e-05	0.0001403	0.0074836
0.00063023	0.77883	0.01	0.01	0.00054832	0.048444	0.00057498	5.9653e-05	0.00013798	0.0074849
0.00063981	0.78213	0.01	0.01	0.00055107	0.048523	0.00058279	6.2438e-05	0.00013573	0.0074863
0.00064927	0.78538	0.01	0.01	0.00055376	0.048602	0.00059053	6.5185e-05	0.00013347	0.0074877
0.00065863	0.78859	0.01	0.01	0.00055639	0.04868	0.0005982	6.7897e-05	0.00013118	0.0074891
0.00066843	0.79196	0.01	0.01	0.00055926	0.04876	0.00060615	7.0725e-05	0.00012898	0.0074906
0.00067869	0.79552	0.01	0.01	0.00056239	0.048843	0.00061438	7.3676e-05	0.00012684	0.0074924
0.00068944	0.79927	0.01	0.01	0.00056579	0.048928	0.0006229	7.6754e-05	0.00012477	0.0074943
0.00070069	0.80322	0.01	0.01	0.00056947	0.049016	0.00063173	7.9968e-05	0.00012278	0.0074964
0.00071158	0.80397	0.01	0.01	0.00057294	0.049107	0.0006411	8.3074e-05	0.0001209	0.0074989
0.00072335	0.80489	0.01	0.01	0.00057548	0.049203	0.00065104	8.6421e-05	0.00011912	0.0075012
0.00073474	0.80573	0.01	0.01	0.00057792	0.049298	0.00066073	8.9654e-05	0.0001173	0.0075034
0.00073663	0.80674	0.01	0.01	0.00057626	0.049396	0.00067098	9.3127e-05	0.00011558	0.0075059
0.00073874	0.80784	0.01	0.01	0.00057481	0.049497	0.00068158	9.6745e-05	0.00011392	0.0075086
0.00074108	0.80903	0.01	0.01	0.00057355	0.049601	0.00069252	0.00010051	0.00011231	0.0075114
0.00074364	0.81033	0.01	0.01	0.00057249	0.049707	0.00069238	0.00010444	0.00011075	0.0075145
0.00074613	0.81159	0.01	0.01	0.00057137	0.049813	0.0006922	0.00010831	0.00010917	0.0075175
0.00074856	0.81284	0.01	0.01	0.0005702	0.049918	0.00069198	0.00011214	0.00010758	0.0075204
0.00075091	0.81405	0.01	0.01	0.00056898	0.050023	0.00069172	0.00011593	0.00010598	0.0075233
0.00075351	0.81537	0.01	0.01	0.00056796	0.05013	0.00069159	0.00011988	0.00010444	0.0075264
0.00075603	0.81667	0.01	0.01	0.00056688	0.050237	0.00069142	0.00012379	0.00010287	0.0075295
0.00075847	0.81794	0.01	0.01	0.00056575	0.050344	0.0006912	0.00012764	0.0001013	0.0075325
0.00076116	0.81931	0.01	0.01	0.00056482	0.050453	0.00069112	0.00013167	9.9774e-05	0.0075357
0.00076378	0.82065	0.01	0.01	0.00056384	0.050562	0.00069099	0.00013565	9.8237e-05	0.0075388
0.00076632	0.82197	0.01	0.01	0.00056281	0.05067	0.00069082	0.00013958	9.6686e-05	0.0075419
0.0007688	0.82327	0.01	0.01	0.00056173	0.050777	0.00069061	0.00014346	9.5121e-05	0.0075449
0.00077152	0.82467	0.01	0.01	0.00056085	0.050888	0.00069054	0.00014752	9.3609e-05	0.0075482
0.00077417	0.82604	0.01	0.01	0.00055991	0.050998	0.00069042	0.00015153	9.2082e-05	0.0075513
0.00077705	0.82752	0.01	0.01	0.00055915	0.051111	0.00069043	0.00015571	9.0604e-05	0.0075547
0.00078019	0.8291	0.01	0.01	0.0005586	0.051226	0.00069058	0.00016008	8.9176e-05	0.0075583
0.00078358	0.83032	0.01	0.01	0.00055822	0.051208	0.00069085	0.00016463	8.7794e-05	0.007562
0.00078722	0.83164	0.01	0.01	0.00055803	0.051191	0.00069126	0.00016938	8.6457e-05	0.007566
0.00079113	0.83307	0.01	0.01	0.00055803	0.051176	0.00069181	0.00017434	8.5166e-05	0.0075701
0.00078788	0.83443	0.01	0.01	0.00055742	0.05116	0.00069226	0.00017966	8.3947e-05	0.0075746
0.00078457	0.83577	0.01	0.01	0.00055675	0.051143	0.00069266	0.00018492	8.2715e-05	0.007579
0.00078151	0.83721	0.01	0.01	0.00055628	0.051128	0.0006932	0.00019041	8.1526e-05	0.0075836
0.00077837	0.83862	0.01	0.01	0.00055576	0.051113	0.0006937	0.00019584	8.0324e-05	0.0075882
0.00077516	0.84001	0.01	0.01	0.00055518	0.051097	0.00069415	0.00020122	7.9111e-05	0.0075927
0.0007722	0.84151	0.01	0.01	0.0005548	0.051083	0.00069474	0.00020683	7.7939e-05	0.0075974
0.00076917	0.84311	0.01	0.01	0.00055437	0.051071	0.00069547	0.00021238	7.6755e-05	0.0076021
0.00076607	0.84468	0.01	0.01	0.00055388	0.051058	0.00069615	0.00021786	7.5558e-05	0.0076067
0.00076288	0.84623	0.01	0.01	0.00055334	0.051045	0.00069679	0.00022328	7.4349e-05	0.0076112
0.00075995	0.84788	0.01	0.01	0.00055299	0.051033	0.00069756	0.00022894	7.3181e-05	0.0076159
0.00075724	0.84964	0.01	0.01	0.00055281	0.051022	0.00069847	0.00023484	7.205e-05	0.0076209
0.00075477	0.85151	0.01	0.01	0.00055282	0.051013	0.00069951	0.00024099	7.0956e-05	0.007626
0.00075223	0.85335	0.01	0.01	0.00055277	0.051004	0.0007005	0.00024707	6.9851e-05	0.0076311
0.00074961	0.85516	0.01	0.01	0.00055267	0.050995	0.00070144	0.00025308	6.8733e-05	0.0076361
0.00074723	0.85709	0.01	0.01	0.00055276	0.050986	0.00070253	0.00025937	6.7654e-05	0.0076413
0.00074477	0.85899	0.01	0.01	0.0005528	0.050978	0.00070357	0.00026558	6.6563e-05	0.0076465
0.00074225	0.86085	0.01	0.01	0.00055279	0.050969	0.00070457	0.00027172	6.546e-05	0.0076516
0.00073997	0.86284	0.01	0.01	0.00055297	0.050962	0.00070571	0.00027815	6.4396e-05	0.0076569
0.00073808	0.8627	0.01	0.01	0.00055347	0.050957	0.0007071	0.00028506	6.3394e-05	0.0076626
0.00073657	0.86251	0.01	0.01	0.00055428	0.050951	0.00070838	0.00029247	6.2366e-05	0.0076681
0.00073527	0.8624	0.01	0.01	0.00055528	0.050947	0.0007098	0.0003002	6.1372e-05	0.0076738
0.0007339	0.86227	0.01	0.01	0.00055622	0.050942	0.00071117	0.00030784	6.0367e-05	0.0076795
0.00073274	0.86222	0.01	0.01	0.00055737	0.050939	0.00071269	0.00031582	5.9396e-05	0.0076854
0.00073181	0.86224	0.01	0.01	0.00055871	0.050937	0.00071435	0.00032415	5.8459e-05	0.0076914
0.00073081	0.86225	0.01	0.01	0.00056	0.050935	0.00071597	0.0003324	5.7511e-05	0.0076975
0.00073004	0.86234	0.01	0.01	0.00056151	0.050935	0.00071774	0.00034103	5.6597e-05	0.0077037
0.00072895	0.8624	0.01	0.01	0.00056293	0.050934	0.00071945	0.00034952	5.572e-05	0.0077102
0.00072776	0.86244	0.01	0.01	0.00056426	0.050932	0.00072108	0.00035787	5.4828e-05	0.0077166
0.00072691	0.86259	0.01	0.01	0.00056593	0.050933	0.00072296	0.0003668	5.3915e-05	0.0077233
0.00072644	0.86287	0.01	0.01	0.00056796	0.050936	0.0007251	0.00037641	5.3058e-05	0.0077304
0.00072633	0.86329	0.01	0.01	0.00057038	0.050942	0.0007275	0.00038673	5.2176e-05	0.0077379
0.00072607	0.86367	0.01	0.01	0.00057264	0.050946	0.00072978	0.00039677	5.1271e-05	0.0077453
0.00072564	0.86401	0.01	0.01	0.00057475	0.05095	0.00073196	0.00040654	5.0342e-05	0.0077525
0.00072505	0.86448	0.01	0.01	0.00057575	0.050956	0.00073439	0.00041617	4.9465e-05	0.00776
0.00072429	0.8649	0.01	0.01	0.0005766	0.050961	0.0007367	0.00042551	4.8562e-05	0.0077674
0.00072382	0.86542	0.01	0.01	0.00057772	0.050969	0.00073923	0.00043542	4.7641e-05	0.0077747
0.00072362	0.86604	0.01	0.01	0.00057277	0.050977	0.00074195	0.00044586	4.6758e-05	0.0077822
0.00072334	0.86664	0.01	0.01	0.00056774	0.050986	0.00074463	0.00045619	4.5864e-05	0.0077897
0.000723	0.86723	0.01	0.01	0.00056263	0.050994	0.00074726	0.00046643	4.496e-05	0.0077972
0.0007226	0.8678	0.01	0.01	0.00055744	0.051002	0.00074984	0.00047657	4.4047e-05	0.0078046
0.00072214	0.86835	0.01	0.01	0.00055218	0.05101	0.00075237	0.00048662	4.3124e-05	0.0078119
0.00072188	0.86898	0.01	0.01	0.00054724	0.051019	0.00075506	0.0004971	4.223e-05	0.0078194
0.00072155	0.86959	0.01	0.01	0.00054222	0.051028	0.0007577	0.00050747	4.1326e-05	0.0078269
0.00072115	0.87019	0.01	0.01	0.00053712	0.051036	0.00076029	0.00051773	4.0412e-05	0.0078343
0.00072096	0.87087	0.01	0.01	0.00053235	0.051046	0.00076305	0.00052845	3.9527e-05	0.007842
0.00072099	0.87163	0.01	0.01	0.0005279	0.051058	0.00076597	0.00053964	3.8672e-05	0.0078498
0.00072095	0.87237	0.01	0.01	0.00052338	0.051069	0.00076884	0.00055072	3.7806e-05	0.0078576
0.00072084	0.87309	0.01	0.01	0.00051878	0.05108	0.00077167	0.00056171	3.6931e-05	0.0078654
0.00072067	0.8738	0.01	0.01	0.00051411	0.05109	0.00077444	0.00057259	3.6047e-05	0.0078731
0.00072044	0.87449	0.01	0.01	0.00050937	0.051101	0.00077717	0.00058337	3.5154e-05	0.0078807
0.00072041	0.87526	0.01	0.01	0.00050493	0.051113	0.00078006	0.00059461	3.4288e-05	0.0078886
0.00072032	0.87601	0.01	0.01	0.00050041	0.051124	0.0007829	0.00060574	3.3412e-05	0.0078964
0.00072015	0.87675	0.01	0.01	0.00049581	0.051135	0.00078569	0.00061675	3.2525e-05	0.0079041
0.00071992	0.87747	0.01	0.01	0.00049113	0.051146	0.00078842	0.00062765	3.1629e-05	0.0079118
0.00071989	0.87826	0.01	0.01	0.00048675	0.051158	0.00079132	0.00063902	3.076e-05	0.0079197
0.00071979	0.87904	0.01	0.01	0.0004823	0.05117	0.00079417	0.00065028	2.9881e-05	0.0079275
0.00071962	0.8798	0.01	0.01	0.00047777	0.051182	0.00079696	0.00066142	2.8993e-05	0.0079353
0.0007193	0.88051	0.01	0.01	0.00047288	0.051192	0.00079963	0.00067226	2.8081e-05	0.0079434
0.00071882	0.88117	0.01	0.01	0.00046777	0.051202	0.00080218	0.00068281	2.7147e-05	0.0079514
0.00071817	0.88179	0.01	0.01	0.00046244	0.051211	0.00080461	0.00069306	2.619e-05	0.0079593
0.00071737	0.88236	0.01	0.01	0.00045686	0.051219	0.00080692	0.00070301	2.5209e-05	0.007967
0.00071643	0.88289	0.01	0.01	0.00045108	0.051227	0.00080912	0.00071274	2.4207e-05	0.0079746
0.00071535	0.88338	0.01	0.01	0.00044509	0.051233	0.00081122	0.00072224	2.3185e-05	0.007982
0.00071461	0.884	0.01	0.01	0.00043967	0.051242	0.00081357	0.00072368	2.2123e-05	0.0079898
0.00071374	0.88458	0.01	0.01	0.00043408	0.05125	0.00081584	0.00072503	2.1042e-05	0.0079975
0.00071317	0.88527	0.01	0.01	0.00042896	0.05126	0.00081834	0.00072663	2.0006e-05	0.0080055
0.00071296	0.88609	0.01	0.01	0.00042438	0.051273	0.00082112	0.00072302	1.9023e-05	0.0080139
0.000713	0.88701	0.01	0.01	0.00042013	0.051287	0.0008241	0.00071966	1.8073e-05	0.0080225
0.00071327	0.88802	0.01	0.01	0.00041621	0.051303	0.00082728	0.00071654	1.7156e-05	0.0080313
0.00071345	0.889	0.01	0.01	0.00041218	0.051318	0.00083039	0.00071334	1.6272e-05	0.0080401
0.00071355	0.88996	0.01	0.01	0.00040807	0.051333	0.00083344	0.00071007	1.5377e-05	0.0080488
0.00071386	0.891	0.01	0.01	0.00040422	0.05135	0.00083665	0.000707	1.4507e-05	0.0080577
0.00071436	0.89213	0.01	0.01	0.00040063	0.051368	0.00084005	0.00070413	1.3662e-05	0.0080669
0.00071481	0.89323	0.01	0.01	0.00039697	0.051385	0.00084339	0.00070121	1.2808e-05	0.0080759
0.00071547	0.89443	0.01	0.01	0.00039357	0.051405	0.00084692	0.00069849	1.1979e-05	0.0080853
0.00071606	0.89561	0.01	0.01	0.00039011	0.051424	0.0008504	0.00069572	1.1173e-05	0.0080945
0.00071687	0.89688	0.01	0.01	0.0003869	0.051444	0.00085407	0.00069314	1.0391e-05	0.008104
0.00071789	0.89824	0.01	0.01	0.00038392	0.051466	0.00085793	0.00069076	9.6303e-06	0.0081137
0.00071885	0.89958	0.01	0.01	0.00038089	0.051487	0.00086173	0.00068832	8.8619e-06	0.0081233
0.00072003	0.90102	0.01	0.01	0.00037808	0.051511	0.00086574	0.00068608	8.1153e-06	0.0081332
0.00072141	0.90255	0.01	0.01	0.00037548	0.051535	0.00086993	0.00068401	7.3888e-06	0.0081433
0.00072273	0.90406	0.01	0.01	0.00037282	0.05156	0.00087407	0.00068189	6.6543e-06	0.0081533
0.00072399	0.90556	0.01	0.01	0.00037012	0.051584	0.00087816	0.00067973	5.9118e-06	0.0081633
0.00072515	0.90701	0.01	0.01	0.00036732	0.05161	0.00088217	0.00067749	5.9421e-06	0.0081732
0.00072661	0.90843	0.01	0.01	0.00036482	0.051635	0.00088645	0.0006755	5.978e-06	0.0081834
0.000728	0.90983	0.01	0.01	0.00036227	0.05166	0.00089067	0.00067346	6.0088e-06	0.0081936
0.00072961	0.91131	0.01	0.01	0.00035991	0.051686	0.0008951	0.0006716	6.0425e-06	0.008204
0.00073114	0.91278	0.01	0.01	0.00035749	0.051712	0.00089946	0.00066968	6.0711e-06	0.0082143
0.00073291	0.91434	0.01	0.01	0.00035528	0.05174	0.00090404	0.00066794	6.103e-06	0.0082248
0.00073454	0.91587	0.01	0.01	0.00035297	0.051767	0.00090851	0.00066611	6.1403e-06	0.0082353
0.00075862	0.91755	0.01	0.01	0.00035051	0.051797	0.00091334	0.00066414	6.1696e-06	0.0082461
0.00078245	0.91921	0.01	0.01	0.00034799	0.051826	0.00091811	0.00066213	6.1937e-06	0.0082569
0.00080732	0.92098	0.01	0.01	0.00034568	0.051857	0.00092309	0.00066029	6.221e-06	0.0082679
0.00083323	0.92284	0.01	0.01	0.00034355	0.05189	0.0009283	0.00065862	6.2513e-06	0.0082791
0.00085889	0.92468	0.01	0.01	0.00034136	0.051922	0.00093344	0.00065689	6.2764e-06	0.0082903
0.0008843	0.9265	0.01	0.01	0.00033912	0.051954	0.00093851	0.00065512	6.2964e-06	0.0083014
0.00090946	0.92829	0.01	0.01	0.00033683	0.051985	0.00094353	0.0006533	6.3112e-06	0.0083124
0.00093572	0.93018	0.01	0.01	0.00033473	0.052018	0.00094877	0.00065165	6.3293e-06	0.0083237
0.00096168	0.93205	0.01	0.01	0.00033991	0.052051	0.00095393	0.00064994	6.342e-06	0.0083349
0.00098951	0.93385	0.01	0.01	0.00034565	0.052083	0.00095948	0.00064851	6.3622e-06	0.0083465
0.0010189	0.93579	0.01	0.01	0.00035187	0.052117	0.00096535	0.0006473	6.3875e-06	0.0083584
0.0010499	0.93786	0.01	0.01	0.00035859	0.052153	0.00097153	0.00064629	6.418e-06	0.0083706
0.0010801	0.94014	0.01	0.01	0.00036505	0.052191	0.00097813	0.00064517	6.4562e-06	0.0083827
0.0011096	0.94233	0.01	0.01	0.00037126	0.052229	0.00098457	0.00064394	6.4866e-06	0.0083946
0.001142	0.94444	0.01	0.01	0.0003772	0.052265	0.0009908	0.00064257	6.5085e-06	0.0084063
0.0011721	0.94645	0.01	0.01	0.00037826	0.052301	0.00099687	0.00064148	6.5226e-06	0.0084185
0.0012018	0.94843	0.01	0.01	0.00037927	0.052336	0.0010029	0.00064034	6.5315e-06	0.0084305
0.0012328	0.95052	0.01	0.01	0.00038043	0.052373	0.0010091	0.00063935	6.5434e-06	0.0084428
0.0012635	0.95258	0.01	0.01	0.00038155	0.052409	0.0010156	0.00063832	6.5503e-06	0.008455
0.0012939	0.95461	0.01	0.01	0.00038262	0.052445	0.0010221	0.00063723	6.5519e-06	0.0084672
0.0013256	0.95676	0.01	0.01	0.00038386	0.052483	0.0010288	0.00063631	6.5569e-06	0.0084796
0.001357	0.95888	0.01	0.01	0.00038506	0.05252	0.0010354	0.00063535	6.557e-06	0.008492
0.0013899	0.96112	0.01	0.01	0.00038643	0.052559	0.0010424	0.00063454	6.5605e-06	0.0085046
0.0014224	0.96333	0.01	0.01	0.00038774	0.052598	0.0010492	0.00063369	6.5583e-06	0.0085171
0.0014573	0.96574	0.01	0.01	0.0003894	0.05264	0.0010565	0.0006331	6.5479e-06	0.0085301
0.0014919	0.96812	0.01	0.01	0.00039102	0.052681	0.0010638	0.00063247	6.5323e-06	0.008543
0.001528	0.97062	0.01	0.01	0.00039282	0.052724	0.0010713	0.000632	6.52e-06	0.0085561
0.0015657	0.97086	0.01	0.01	0.00039481	0.052769	0.0010791	0.00063168	6.5113e-06	0.0085695
0.0016051	0.9696	0.01	0.01	0.00039161	0.052815	0.0010873	0.00063152	6.5058e-06	0.0085832
0.0016441	0.96833	0.01	0.01	0.00038835	0.052861	0.0010954	0.00063132	6.4953e-06	0.0085968
0.0016848	0.96713	0.01	0.01	0.00038533	0.052909	0.0011037	0.00063127	6.488e-06	0.0086106
0.0017252	0.96591	0.01	0.01	0.00038224	0.052957	0.001112	0.00063117	6.4757e-06	0.0086244
0.0017652	0.96469	0.01	0.01	0.0003791	0.053004	0.0011203	0.00063103	6.4583e-06	0.0086381
0.0018075	0.96323	0.01	0.01	0.00037625	0.053051	0.0011289	0.00063109	6.4462e-06	0.0086522
0.0018491	0.96174	0.01	0.01	0.00037332	0.053097	0.0011374	0.00063108	6.4282e-06	0.0086661
0.0018931	0.96021	0.01	0.01	0.00037067	0.053142	0.0011464	0.00063128	6.4153e-06	0.0086804
0.0019364	0.95866	0.01	0.01	0.00036793	0.053187	0.0011552	0.00063141	6.3965e-06	0.0086946
0.0019817	0.9572	0.01	0.01	0.00036541	0.053234	0.0011643	0.00063169	6.381e-06	0.0087091
0.0020289	0.95582	0.01	0.01	0.00036308	0.053282	0.0011738	0.00063212	6.3684e-06	0.0087238
0.0020781	0.95452	0.01	0.01	0.00036095	0.053332	0.0011836	0.00063271	6.3591e-06	0.0087387
0.0021294	0.9533	0.01	0.01	0.000359	0.053384	0.0011938	0.00063346	6.3531e-06	0.0087539
0.002183	0.95215	0.01	0.01	0.00035724	0.053438	0.0012044	0.00063436	6.3502e-06	0.0087694
0.0022361	0.951	0.01	0.01	0.00035543	0.053491	0.0012149	0.00063522	6.3423e-06	0.0087849
0.0022915	0.94991	0.01	0.01	0.00035379	0.053547	0.0012258	0.00063623	6.3373e-06	0.0088005
0.0023491	0.9489	0.01	0.01	0.00035231	0.053604	0.0012372	0.00063739	6.3352e-06	0.0088165
0.0024092	0.94795	0.01	0.01	0.00035102	0.053663	0.0012489	0.00063872	6.3363e-06	0.0088327
0.0024689	0.947	0.01	0.01	0.00034968	0.053722	0.0012606	0.00064	6.3325e-06	0.0088488
0.0025279	0.94603	0.01	0.01	0.00034828	0.05378	0.0012722	0.00064123	6.3233e-06	0.0088649
0.0025914	0.94518	0.01	0.01	0.00034183	0.053782	0.0012736	0.0006423	6.3057e-06	0.0088802
0.0026544	0.94432	0.01	0.01	0.00033528	0.053783	0.001275	0.00064332	6.2829e-06	0.0088955
0.0027199	0.94352	0.01	0.01	0.0003291	0.053785	0.0012766	0.00064449	6.263e-06	0.008911
0.0027884	0.94271	0.01	0.01	0.0003233	0.053787	0.0012784	0.00064584	6.2465e-06	0.0089268
0.0028597	0.94197	0.01	0.01	0.00031784	0.053791	0.0012804	0.00064734	6.2329e-06	0.0089428
0.0029304	0.94122	0.01	0.01	0.0003123	0.053794	0.0012824	0.00064879	6.2143e-06	0.0089588
0.0030041	0.94053	0.01	0.01	0.00030708	0.053799	0.0012845	0.00065041	6.1986e-06	0.008975
0.0030772	0.93983	0.01	0.01	0.00030178	0.053804	0.0012866	0.00065199	6.1778e-06	0.0089912
0.0031496	0.93911	0.01	0.01	0.00029639	0.053808	0.0012886	0.00065351	6.1519e-06	0.0090073
0.0032251	0.93847	0.01	0.01	0.00029133	0.053813	0.0012908	0.0006552	6.1292e-06	0.0090237
0.0033039	0.93789	0.01	0.01	0.00028658	0.05382	0.0012932	0.00065706	6.1096e-06	0.0090404
0.0033821	0.9373	0.01	0.01	0.00028176	0.053827	0.0012956	0.00065888	6.0851e-06	0.009057
0.0034637	0.93677	0.01	0.01	0.00027724	0.053836	0.0012982	0.00066088	6.0637e-06	0.0090739
0.0035488	0.93631	0.01	0.01	0.00027299	0.053845	0.001301	0.00066305	6.0453e-06	0.009091
0.0036377	0.93591	0.01	0.01	0.00026902	0.053857	0.001304	0.00066541	6.0301e-06	0.0091085
0.0036534	0.93557	0.01	0.01	0.00026529	0.053869	0.0013072	0.00066796	6.0179e-06	0.0091262
0.00367	0.93529	0.01	0.01	0.0002618	0.053884	0.0013106	0.00067069	6.0085e-06	0.0091442
0.0036864	0.935	0.01	0.01	0.00025824	0.053898	0.001314	0.00067337	5.9942e-06	0.0091621
0.0036859	0.93294	0.01	0.01	0.00025509	0.053914	0.0013177	0.0006764	5.9875e-06	0.0091806
0.003685	0.9308	0.01	0.01	0.00025176	0.05393	0.0013213	0.00067927	5.9727e-06	0.0091988
0.0036838	0.92859	0.01	0.01	0.00024828	0.053944	0.0013247	0.000682	5.9502e-06	0.0092168
0.0036822	0.92907	0.01	0.01	0.00024845	0.053958	0.001328	0.00068457	5.9354e-06	0.0092347
0.0036803	0.92952	0.01	0.01	0.00024853	0.053971	0.0013311	0.00068701	5.9129e-06	0.0092524
0.003678	0.92994	0.01	0.01	0.00024852	0.053982	0.0013341	0.00068932	5.8827e-06	0.0092698
0.0036754	0.93032	0.01	0.01	0.00024842	0.053993	0.0013374	0.00069149	5.8447e-06	0.0092871
0.0036735	0.93079	0.01	0.01	0.00024849	0.054006	0.0013411	0.00069393	5.8124e-06	0.0093049
0.0036724	0.93136	0.01	0.01	0.00024874	0.054022	0.0013451	0.00069665	5.7858e-06	0.009323
0.003671	0.9319	0.01	0.01	0.00024893	0.054036	0.001349	0.00069927	5.7529e-06	0.009341
0.0036694	0.93241	0.01	0.01	0.00024905	0.05405	0.0013528	0.00070181	5.7136e-06	0.0093588
0.0036685	0.93301	0.01	0.01	0.00024934	0.054066	0.0013569	0.00070459	5.6792e-06	0.0093771
0.0036672	0.93358	0.01	0.01	0.00024953	0.054081	0.0013608	0.00070725	5.6374e-06	0.0093951
0.0036667	0.93425	0.01	0.01	0.00024993	0.054098	0.0013652	0.00071023	5.6024e-06	0.0094137
0.0036672	0.93361	0.01	0.01	0.00025056	0.054032	0.0013699	0.00071357	5.5748e-06	0.0094327
0.0036684	0.93294	0.01	0.01	0.00025105	0.053964	0.0013745	0.00071728	5.5396e-06	0.0094516
0.0036704	0.93236	0.01	0.01	0.00025173	0.053899	0.0013794	0.00072134	5.5106e-06	0.0094709
0.0036731	0.93186	0.01	0.01	0.0002526	0.053837	0.0013848	0.00072574	5.487e-06	0.0094906
0.0036766	0.93146	0.01	0.01	0.00025367	0.053778	0.0013905	0.0007305	5.4689e-06	0.0095107
0.0036619	0.9287	0.01	0.01	0.00025496	0.053722	0.0013966	0.00073567	5.4568e-06	0.0095307
0.0036482	0.92612	0.01	0.01	0.00025645	0.053669	0.0014031	0.00074121	5.4496e-06	0.0095511
0.0036343	0.92349	0.01	0.01	0.00025787	0.053615	0.0014094	0.00074664	5.4467e-06	0.0095714
0.0036212	0.92101	0.01	0.01	0.00025948	0.053563	0.0014162	0.00075242	5.4481e-06	0.009592
0.0036079	0.91849	0.01	0.01	0.00026102	0.05351	0.0014228	0.00075809	5.4434e-06	0.0096126
0.0035958	0.91587	0.01	0.01	0.00026284	0.053462	0.0014292	0.00076427	5.446e-06	0.0096337
0.0035835	0.91309	0.01	0.01	0.00026453	0.053417	0.0014354	0.00077024	5.4406e-06	0.0096545
0.003572	0.91047	0.01	0.01	0.0002664	0.053374	0.0014419	0.00077653	5.4385e-06	0.0096757
0.0035603	0.90782	0.01	0.01	0.00026821	0.05333	0.0014483	0.00078275	5.439e-06	0.0096972
0.0035492	0.9053	0.01	0.01	0.0002702	0.053289	0.001455	0.00078929	5.4423e-06	0.0097191
0.0035389	0.90291	0.01	0.01	0.00027235	0.053249	0.001462	0.00079613	5.448e-06	0.0097412
0.0035283	0.90048	0.01	0.01	0.00027445	0.053208	0.0014689	0.0008029	5.4487e-06	0.0097633
0.0035176	0.89802	0.01	0.01	0.00027651	0.053168	0.0014758	0.00080958	5.4444e-06	0.0097853
0.0035075	0.89569	0.01	0.01	0.00027873	0.053129	0.0014829	0.0008166	5.4428e-06	0.0098076
0.0034974	0.89333	0.01	0.01	0.00028092	0.053089	0.00149	0.00082354	5.4363e-06	0.0098299
0.003487	0.89093	0.01	0.01	0.00028305	0.05305	0.001497	0.0008304	5.425e-06	0.0098521
0.0034773	0.88867	0.01	0.01	0.00028537	0.053012	0.0015043	0.00083762	5.4165e-06	0.0098746
0.0034673	0.88633	0.01	0.01	0.00028757	0.052973	0.0015114	0.00084461	5.4146e-06	0.0098969
0.0034582	0.88419	0.01	0.01	0.00029008	0.052937	0.0015191	0.00085218	5.4192e-06	0.0099198
0.0034488	0.88197	0.01	0.01	0.00029246	0.0529	0.0015265	0.00085952	5.4165e-06	0.0099425
0.0034381	0.87967	0.01	0.01	0.00029471	0.052862	0.0015337	0.00086664	5.4062e-06	0.0099649
0.0034271	0.87728	0.01	0.01	0.00029683	0.052823	0.0015407	0.00087354	6.0009e-06	0.0099872
0.0034156	0.87477	0.01	0.01	0.00029872	0.052843	0.0015475	0.00088019	6.5787e-06	0.010009
0.0034051	0.87249	0.01	0.01	0.0003009	0.052865	0.0015548	0.00088741	7.1856e-06	0.010032
0.0033943	0.87012	0.01	0.01	0.00030296	0.052887	0.0015619	0.0008944	7.7768e-06	0.010054
0.0033845	0.86797	0.01	0.01	0.00030535	0.052911	0.0015695	0.000902	8.3995e-06	0.010077
0.0033758	0.86573	0.01	0.01	0.00030807	0.052934	0.0015769	0.00091025	9.0062e-06	0.010101
0.0033681	0.86369	0.01	0.01	0.0003112	0.05296	0.0015848	0.00091916	9.644e-06	0.010125
0.0033602	0.86162	0.01	0.01	0.00031427	0.052985	0.0015927	0.00092796	1.0274e-05	0.010149
0.0033523	0.85952	0.01	0.01	0.00031728	0.05301	0.0016005	0.00093668	1.0896e-05	0.010173
0.0033448	0.85754	0.01	0.01	0.00032051	0.053037	0.0016085	0.0009458	1.1535e-05	0.010197
0.0033372	0.85553	0.01	0.01	0.00032368	0.053063	0.0016165	0.00095481	1.2167e-05	0.010221
0.0033295	0.85348	0.01	0.01	0.00032678	0.053089	0.0016245	0.00096373	1.279e-05	0.010245
0.0033223	0.85155	0.01	0.01	0.00033011	0.053116	0.0016327	0.00097305	1.3431e-05	0.01027
0.003315	0.84959	0.01	0.01	0.00033337	0.053143	0.0016408	0.00098227	1.4065e-05	0.010294
0.0033076	0.84759	0.01	0.01	0.00033658	0.05317	0.0016489	0.0009914	1.469e-05	0.010318
0.0033	0.84557	0.01	0.01	0.00033974	0.053196	0.0016569	0.0010004	1.5309e-05	0.010342
0.003293	0.84367	0.01	0.01	0.00034311	0.053224	0.0016652	0.0010099	1.5945e-05	0.010367
0.0032865	0.84187	0.01	0.01	0.00034673	0.053254	0.0016739	0.0010198	1.6574e-05	0.010392
0.0032799	0.84005	0.01	0.01	0.00035028	0.053283	0.0016825	0.0010296	1.7195e-05	0.010417
0.0032738	0.83834	0.01	0.01	0.00035409	0.053314	0.0016914	0.0010398	1.7835e-05	0.010442
0.0032676	0.83661	0.01	0.01	0.00035783	0.053345	0.0017003	0.0010499	1.8467e-05	0.010467
0.0032613	0.83484	0.01	0.01	0.00036151	0.053375	0.001709	0.00106	1.9091e-05	0.010492
0.0032554	0.83319	0.01	0.01	0.00036544	0.053407	0.0017181	0.0010705	1.9735e-05	0.010517
0.0032501	0.83164	0.01	0.01	0.00036965	0.05344	0.0017276	0.0010697	2.0398e-05	0.010543
0.0032447	0.83006	0.01	0.01	0.00037377	0.053473	0.001737	0.0010689	2.1052e-05	0.010569
0.0032398	0.82859	0.01	0.01	0.00037818	0.053508	0.0017467	0.0010683	2.1727e-05	0.010595
0.0032347	0.82709	0.01	0.01	0.00038251	0.053542	0.0017564	0.0010676	2.2393e-05	0.010621
0.0032302	0.8257	0.01	0.01	0.00038715	0.053578	0.0017664	0.0010672	2.3081e-05	0.010647
0.0032255	0.82428	0.01	0.01	0.00039171	0.053614	0.0017763	0.0010667	2.3761e-05	0.010673
0.0032208	0.82284	0.01	0.01	0.00039621	0.05365	0.0017862	0.0010661	2.4433e-05	0.010699
0.0032165	0.8215	0.01	0.01	0.000401	0.053687	0.0017965	0.0010657	2.5126e-05	0.010726
0.0032127	0.82026	0.01	0.01	0.00040609	0.053725	0.0018071	0.0010656	2.584e-05	0.010753
0.0032087	0.81899	0.01	0.01	0.00041111	0.053764	0.0018176	0.0010653	2.6546e-05	0.01078
0.0032053	0.81782	0.01	0.01	0.00041646	0.053677	0.0018285	0.0010653	2.7274e-05	0.010807
0.0032023	0.81675	0.01	0.01	0.00042217	0.053593	0.0018399	0.0010655	2.8027e-05	0.010834
0.0031999	0.81578	0.01	0.01	0.00042825	0.053511	0.0018517	0.0010659	2.877e-05	0.010862
0.0031973	0.81477	0.01	0.01	0.00043425	0.053429	0.0018634	0.0010662	2.9505e-05	0.01089
0.0031952	0.81385	0.01	0.01	0.00044062	0.05335	0.0018755	0.0010668	3.0263e-05	0.010918
0.0031927	0.81286	0.01	0.01	0.00044672	0.053268	0.0018886	0.0010671	3.101e-05	0.010946
0.00319	0.81181	0.01	0.01	0.00045256	0.053185	0.0019014	0.0010674	3.1736e-05	0.010974
0.0031868	0.81068	0.01	0.01	0.00045815	0.053101	0.0019139	0.0010675	3.2458e-05	0.011002
0.0031833	0.80948	0.01	0.01	0.00046347	0.053015	0.001926	0.0010674	3.3157e-05	0.011029
0.0031797	0.80825	0.01	0.01	0.0004687	0.052929	0.001938	0.0010673	3.3846e-05	0.011056
0.0031765	0.80712	0.01	0.01	0.00047428	0.052845	0.0019505	0.0010673	3.4559e-05	0.011084
0.0031738	0.80608	0.01	0.01	0.00047975	0.052763	0.0019634	0.0010552	3.5296e-05	0.011111
0.003171	0.80502	0.01	0.01	0.00048514	0.052681	0.0019762	0.0010429	3.6023e-05	0.011139
0.0031681	0.80393	0.01	0.01	0.00049044	0.052598	0.0019889	0.0010305	3.6741e-05	0.011167
0.0031656	0.80294	0.01	0.01	0.00049609	0.052517	0.002002	0.0010187	3.7483e-05	0.011195
0.0031631	0.80193	0.01	0.01	0.00050166	0.052437	0.0020151	0.0010067	3.8217e-05	0.011222
0.003161	0.80101	0.01	0.01	0.0005076	0.052358	0.0020286	0.00099529	3.8976e-05	0.01125
0.0031587	0.80007	0.01	0.01	0.00051345	0.052279	0.0020421	0.00098374	3.9726e-05	0.011278
0.003157	0.79923	0.01	0.01	0.0005197	0.052203	0.002056	0.00097271	4.0503e-05	0.011307
0.0031559	0.79852	0.01	0.01	0.00052651	0.052129	0.0020706	0.00096232	4.1317e-05	0.011335
0.0031554	0.79792	0.01	0.01	0.00053385	0.052058	0.0020859	0.00095249	4.2166e-05	0.011365
0.0031553	0.79742	0.01	0.01	0.00054166	0.051989	0.0021018	0.00094311	4.3044e-05	0.011394
0.0031557	0.797	0.01	0.01	0.00054996	0.051923	0.0021182	0.00093415	4.3951e-05	0.011424
0.0031566	0.79667	0.01	0.01	0.00055059	0.051858	0.0021341	0.00092559	4.489e-05	0.011455
0.0031573	0.79644	0.01	0.01	0.00055116	0.051793	0.00215	0.00091693	4.5817e-05	0.011486
0.0031579	0.79616	0.01	0.01	0.00055165	0.051727	0.0021647	0.00090811	4.6729e-05	0.011517
0.0031592	0.79581	0.01	0.01	0.00055256	0.05166	0.0021804	0.00089998	4.7697e-05	0.011548
0.0031604	0.79541	0.01	0.01	0.00055335	0.051596	0.0021957	0.00089165	4.8646e-05	0.011579
0.0031619	0.79509	0.01	0.01	0.00055434	0.051534	0.0022117	0.0008837	4.9626e-05	0.011611
0.003164	0.79486	0.01	0.01	0.00055552	0.051474	0.0022281	0.0008761	5.0639e-05	0.011643
0.0031664	0.79472	0.01	0.01	0.00055689	0.051416	0.0022452	0.00086885	5.1684e-05	0.011675
0.0031694	0.79466	0.01	0.01	0.00055847	0.05136	0.0022628	0.00086194	5.2766e-05	0.011707
0.0031723	0.79458	0.01	0.01	0.00055999	0.051304	0.0022803	0.00085496	5.3836e-05	0.011739
0.0031749	0.79446	0.01	0.01	0.00056141	0.051247	0.0022976	0.0008478	5.4886e-05	0.011772
0.0031783	0.79449	0.01	0.01	0.00056324	0.051193	0.0023003	0.00084123	5.6e-05	0.011804
0.0031815	0.79446	0.01	0.01	0.00056493	0.051138	0.0023029	0.00083444	5.7086e-05	0.011838
0.0031854	0.79458	0.01	0.01	0.00056698	0.051085	0.002306	0.00082818	5.8236e-05	0.011872
0.003189	0.79464	0.01	0.01	0.00056888	0.051032	0.0023088	0.00082172	5.9357e-05	0.011906
0.0031923	0.79484	0.01	0.01	0.00057063	0.050982	0.0023115	0.00081504	6.0452e-05	0.01194
0.0031953	0.79499	0.01	0.01	0.00057224	0.050931	0.002314	0.00080815	6.1519e-05	0.011974
0.0031979	0.79507	0.01	0.01	0.0005737	0.050878	0.0023163	0.00080105	6.2558e-05	0.012007
0.0032002	0.7951	0.01	0.01	0.00058895	0.050829	0.0023183	0.00080397	6.366e-05	0.012005
0.0032022	0.79505	0.01	0.01	0.00060359	0.050778	0.0023201	0.00080674	6.4732e-05	0.012004
0.0032049	0.79515	0.01	0.01	0.0006197	0.050731	0.0023224	0.00080986	6.5867e-05	0.012003
0.0032074	0.79521	0.01	0.01	0.00063539	0.050682	0.0023246	0.00081287	6.698e-05	0.012001
0.0032097	0.79523	0.01	0.01	0.00065067	0.050633	0.0023266	0.00081577	6.8073e-05	0.012
0.0032126	0.79536	0.01	0.01	0.00066722	0.050587	0.0023289	0.00081897	6.9218e-05	0.011999
0.0032162	0.79562	0.01	0.01	0.00068519	0.050542	0.0023317	0.00082248	7.0421e-05	0.011999
0.0032206	0.79602	0.01	0.01	0.00070203	0.050501	0.0023349	0.00082636	7.169e-05	0.011999
0.0032247	0.79636	0.01	0.01	0.00071828	0.050458	0.0023379	0.00083009	7.293e-05	0.011999
0.0032285	0.79665	0.01	0.01	0.00073398	0.050414	0.0023408	0.00083366	7.4141e-05	0.011999
0.0032331	0.79708	0.01	0.01	0.0007467	0.050374	0.0023442	0.00083765	7.5426e-05	0.011999
0.0032386	0.79745	0.01	0.01	0.00076073	0.050336	0.0023481	0.00084205	7.6786e-05	0.011999
0.0032437	0.79796	0.01	0.01	0.00077422	0.050301	0.0023524	0.00084627	7.8114e-05	0.012
0.0032485	0.7984	0.01	0.01	0.00078715	0.050264	0.0023566	0.00085032	7.9523e-05	0.012001
0.0032529	0.79878	0.01	0.01	0.00079956	0.050227	0.0023605	0.00085418	8.0895e-05	0.012001
0.0032581	0.79931	0.01	0.01	0.00081341	0.050192	0.0023649	0.00085845	8.2234e-05	0.012002
0.003263	0.79977	0.01	0.01	0.0008267	0.050156	0.0023691	0.00086253	8.3656e-05	0.012003
0.0032687	0.80038	0.01	0.01	0.00084135	0.050123	0.0023738	0.00086703	8.5159e-05	0.012005
0.003274	0.80092	0.01	0.01	0.00085541	0.050088	0.0023783	0.00087134	8.6623e-05	0.012006
0.003279	0.80141	0.01	0.01	0.00086895	0.050053	0.0023826	0.00087548	8.8053e-05	0.012007
0.0032849	0.80205	0.01	0.01	0.00088418	0.05002	0.0023874	0.00088007	8.9571e-05	0.012008
0.0032917	0.80222	0.01	0.01	0.00088834	0.04999	0.0023927	0.00088513	9.118e-05	0.01201
0.0032982	0.80233	0.01	0.01	0.00089227	0.049959	0.0023978	0.00088999	9.2749e-05	0.012012
0.0033056	0.80258	0.01	0.01	0.00089677	0.049931	0.0024034	0.00089535	9.4411e-05	0.012013
0.003314	0.803	0.01	0.01	0.00090191	0.049905	0.0024096	0.00090123	9.6171e-05	0.012015
0.003322	0.80335	0.01	0.01	0.00090677	0.049879	0.0024156	0.00090688	9.8036e-05	0.012017
0.0033295	0.80364	0.01	0.01	0.00091137	0.049851	0.0024213	0.00091232	9.9855e-05	0.012018
