Cyanistes_caeruleus	Cuculus_canorus	Coturnix_japonica	Corythaeola_cristata	Corvus_moneduloides	Corvus_brachyrhynchos	Corapipo_altera	Columba_livia	Colius_striatus	Colinus_virginianus
0.0089275	4.7994e-06	8.6514e-07	0.00018526	0.012803	0.01773	0.00071304	0.0003195	1.4391e-05	0.00010394
0.0089268	4.4513e-06	6.4287e-07	0.00018144	0.012807	0.017737	0.00070873	0.00030774	1.3607e-05	0.00010199
0.0089261	4.1546e-06	4.5496e-07	0.00017775	0.012811	0.017744	0.00070456	0.00029692	1.2975e-05	0.00010008
0.0089254	3.8456e-06	2.5888e-07	0.00017403	0.012815	0.017751	0.00070035	0.00028587	1.2307e-05	9.8158e-05
0.0089247	3.5298e-06	2.4221e-07	0.00017027	0.012819	0.017758	0.00069611	0.00027459	1.1607e-05	9.6225e-05
0.0089241	3.2024e-06	2.2417e-07	0.00016647	0.012823	0.017765	0.00069183	0.00026309	1.0872e-05	9.428e-05
0.0089234	2.9251e-06	2.0958e-07	0.00016282	0.012827	0.017772	0.00068769	0.00025256	1.0285e-05	9.2381e-05
0.0089227	2.6363e-06	1.9361e-07	0.00015913	0.012832	0.017779	0.00068351	0.00024178	9.6642e-06	9.0469e-05
0.008922	2.3369e-06	1.7633e-07	0.00015541	0.012836	0.017786	0.0006793	0.0002308	9.0132e-06	8.8544e-05
0.0089214	2.0811e-06	1.6206e-07	0.00015182	0.01284	0.017794	0.00067522	0.00022069	8.4875e-06	8.6664e-05
0.0089207	1.8626e-06	1.5037e-07	0.00014836	0.012844	0.017801	0.00067126	0.0002114	8.0744e-06	8.4826e-05
0.00892	1.6359e-06	1.3753e-07	0.00014487	0.012848	0.017809	0.00066728	0.00020191	7.6395e-06	8.2976e-05
0.0089194	1.4422e-06	1.27e-07	0.0001415	0.012853	0.017816	0.00066342	0.00019319	7.2909e-06	8.1169e-05
0.0089187	1.241e-06	1.1538e-07	0.0001381	0.012857	0.017824	0.00065952	0.00018428	6.9233e-06	7.935e-05
0.0089181	1.0691e-06	1.0582e-07	0.00013483	0.012862	0.017832	0.00065576	0.00017609	6.6298e-06	7.7572e-05
0.0089174	9.2328e-07	9.8281e-08	0.00013147	0.012866	0.01784	0.00065195	0.0001686	6.4008e-06	7.5836e-05
0.0089168	7.9963e-07	9.2381e-08	0.00012825	0.012871	0.017848	0.00064828	0.00016174	6.2254e-06	7.4142e-05
0.0089162	6.7031e-07	8.5481e-08	0.00012499	0.012876	0.017856	0.00064473	0.00015471	6.0364e-06	7.2435e-05
0.0089155	5.6051e-07	8.0063e-08	0.00012187	0.01288	0.017864	0.0006413	0.00014828	5.8943e-06	7.0768e-05
0.0089149	4.6725e-07	7.5959e-08	0.00011886	0.012885	0.017873	0.00063799	0.0001424	5.7927e-06	6.9142e-05
0.0089143	3.8803e-07	7.3038e-08	0.00011596	0.01289	0.017881	0.00063481	0.00013703	5.7266e-06	6.7554e-05
0.0089137	3.2072e-07	7.1212e-08	0.00011318	0.012895	0.01789	0.00063174	0.00013213	5.6931e-06	6.6003e-05
0.0089131	2.5021e-07	6.8536e-08	0.00011037	0.0129	0.017899	0.00062864	0.00012711	5.6509e-06	6.4442e-05
0.0089126	1.896e-07	6.6822e-08	0.00010766	0.012905	0.017908	0.00062565	0.00012251	5.6383e-06	6.2917e-05
0.008912	1.2579e-07	6.4231e-08	0.00010492	0.012911	0.017918	0.00062263	0.00011779	5.6163e-06	6.1379e-05
0.0089114	1.2671e-07	6.0796e-08	0.00010215	0.012916	0.017927	0.00061957	0.00011294	5.5859e-06	5.9831e-05
0.0089108	1.2919e-07	5.8348e-08	9.9481e-05	0.012921	0.017936	0.00061663	0.00010852	5.5858e-06	5.8319e-05
0.0089102	1.303e-07	5.5035e-08	9.6785e-05	0.012926	0.017945	0.00061366	0.00010398	5.5766e-06	5.6796e-05
0.0089096	1.301e-07	5.0891e-08	9.4061e-05	0.012931	0.017954	0.00061065	9.9331e-05	5.5589e-06	5.5262e-05
0.008909	1.3148e-07	4.7671e-08	9.1438e-05	0.012937	0.017964	0.00060776	9.5079e-05	5.5715e-06	5.3764e-05
0.0089085	1.3448e-07	4.5276e-08	8.8914e-05	0.012942	0.017974	0.00060498	9.1196e-05	5.6148e-06	5.2301e-05
0.0089079	1.3918e-07	4.3631e-08	8.6484e-05	0.012948	0.017983	0.0006023	8.7654e-05	5.6909e-06	5.0872e-05
0.0089074	1.4559e-07	4.2628e-08	8.4141e-05	0.012953	0.017993	0.00059973	8.4413e-05	5.8017e-06	4.9474e-05
0.0089068	1.5056e-07	4.0822e-08	8.177e-05	0.012959	0.018003	0.00059713	8.1073e-05	5.9015e-06	4.8065e-05
0.0089063	1.5411e-07	3.8208e-08	7.9371e-05	0.012965	0.018013	0.00059449	7.7634e-05	5.9906e-06	4.6646e-05
0.0089057	1.5629e-07	3.4813e-08	7.6946e-05	0.01297	0.018023	0.00059182	7.4102e-05	6.0701e-06	4.5216e-05
0.0089052	1.6022e-07	3.2044e-08	7.4607e-05	0.012976	0.018033	0.00058926	7.0863e-05	6.1857e-06	4.3818e-05
0.0089046	1.6269e-07	2.9877e-08	7.224e-05	0.012981	0.018043	0.00058666	6.7526e-05	6.2897e-06	4.2452e-05
0.0089041	1.6696e-07	2.8187e-08	6.9956e-05	0.012987	0.018053	0.00058416	6.4465e-05	6.4332e-06	4.1116e-05
0.0089035	1.7313e-07	2.6926e-08	6.7753e-05	0.012993	0.018064	0.00058176	6.166e-05	6.6223e-06	3.9809e-05
0.008903	1.8137e-07	2.6056e-08	6.5627e-05	0.012999	0.018074	0.00057945	5.9092e-05	6.5261e-06	3.853e-05
0.0089025	1.9186e-07	2.5555e-08	6.3576e-05	0.013005	0.018085	0.00057724	5.6744e-05	6.465e-06	3.7279e-05
0.008902	2.0086e-07	2.5405e-08	6.1502e-05	0.013011	0.018096	0.000575	5.4321e-05	6.3945e-06	3.6056e-05
0.0089015	2.1247e-07	2.5646e-08	5.9504e-05	0.013017	0.018107	0.00057286	5.2116e-05	6.3583e-06	3.4859e-05
0.008901	2.2682e-07	1.3456e-08	5.7577e-05	0.013023	0.018118	0.00057081	5.0104e-05	6.3533e-06	3.3689e-05
0.0089005	2.3947e-07	1.4656e-08	5.5624e-05	0.013029	0.018129	0.00056874	4.8016e-05	6.3386e-06	3.2509e-05
0.0089	2.5045e-07	1.5164e-08	5.3648e-05	0.013036	0.01814	0.00056663	4.5854e-05	6.3141e-06	3.1318e-05
0.0088994	2.5976e-07	1.4979e-08	5.1646e-05	0.013042	0.018151	0.00056449	4.3614e-05	6.2798e-06	3.0118e-05
0.008899	2.3244e-07	1.5057e-08	4.9727e-05	0.013048	0.018162	0.00056246	4.1619e-05	6.2832e-06	2.8949e-05
0.0088984	2.0308e-07	1.4445e-08	4.7784e-05	0.013054	0.018172	0.00056039	3.9551e-05	6.277e-06	2.7769e-05
0.008898	1.7802e-07	1.3971e-08	4.5907e-05	0.01306	0.018183	0.00055842	3.7657e-05	6.3015e-06	2.6615e-05
0.0088975	1.5099e-07	1.2809e-08	4.4007e-05	0.013066	0.018195	0.00055642	3.5692e-05	6.3164e-06	2.5451e-05
0.008897	1.2777e-07	1.1767e-08	4.2171e-05	0.013073	0.018206	0.00055451	3.3891e-05	6.3626e-06	2.4311e-05
0.0088965	1.078e-07	1.0816e-08	4.0399e-05	0.013079	0.018217	0.00055269	3.2241e-05	6.4422e-06	2.3195e-05
0.008896	8.6193e-08	9.2042e-09	3.8605e-05	0.013085	0.018228	0.00055084	3.053e-05	6.5122e-06	2.207e-05
0.0088956	6.7584e-08	7.6803e-09	3.6875e-05	0.013092	0.01824	0.00054908	2.8969e-05	6.6199e-06	2.0969e-05
0.0088951	4.7317e-08	5.4864e-09	3.5122e-05	0.013098	0.018252	0.00054729	2.7343e-05	6.7162e-06	1.9859e-05
0.0088946	2.3888e-08	2.3772e-09	3.3318e-05	0.013083	0.018272	0.00053888	2.8291e-05	6.7868e-06	1.8686e-05
0.0088941	2.174e-08	2.5738e-09	3.3201e-05	0.013068	0.018292	0.0005303	2.9126e-05	6.8302e-06	1.8682e-05
0.0088936	1.8445e-08	2.0394e-09	3.3057e-05	0.013053	0.018312	0.00052155	2.985e-05	6.8475e-06	1.8667e-05
0.0088931	2.6033e-08	1.4329e-09	3.2885e-05	0.013038	0.018332	0.00051266	3.0474e-05	6.8414e-06	1.8664e-05
0.0088926	3.205e-08	3.5471e-09	3.2693e-05	0.013023	0.018352	0.00050364	3.1015e-05	6.8164e-06	1.8652e-05
0.0088921	3.6836e-08	5.0031e-09	3.2485e-05	0.013008	0.018372	0.00049455	3.15e-05	6.7797e-06	1.8633e-05
0.0088916	4.0431e-08	5.8143e-09	3.2262e-05	0.012992	0.018392	0.00048539	3.1929e-05	6.7318e-06	1.8609e-05
0.008891	4.2874e-08	5.9926e-09	3.2026e-05	0.012977	0.018412	0.00047616	3.2308e-05	6.6737e-06	1.8579e-05
0.0088905	4.4168e-08	5.5385e-09	3.1775e-05	0.012962	0.018432	0.00046688	3.2635e-05	6.6051e-06	1.8542e-05
0.00889	4.6061e-08	4.9913e-09	3.1544e-05	0.012947	0.018452	0.00045784	3.3052e-05	6.0402e-06	1.8511e-05
0.0088895	4.8536e-08	4.3156e-09	3.1333e-05	0.012932	0.018472	0.00044903	3.3556e-05	5.5832e-06	1.8485e-05
0.008889	4.9831e-08	1.0705e-08	3.1107e-05	0.012917	0.018492	0.00044016	3.4007e-05	5.0995e-06	1.8453e-05
0.0088884	4.9874e-08	1.8035e-08	3.0865e-05	0.012902	0.018512	0.00043122	3.4398e-05	4.582e-06	1.8427e-05
0.0088879	5.1215e-08	2.4128e-08	3.0655e-05	0.012887	0.018532	0.00042262	3.4936e-05	4.2054e-06	1.8393e-05
0.0088875	5.3759e-08	3.1685e-08	3.0472e-05	0.012872	0.018553	0.00041432	3.5614e-05	3.9249e-06	1.8366e-05
0.008887	5.4779e-08	3.7912e-08	3.027e-05	0.012857	0.018574	0.00040591	3.621e-05	3.6133e-06	1.8331e-05
0.0088865	5.4637e-08	4.2891e-08	3.0047e-05	0.012842	0.018594	0.00039739	3.6719e-05	3.2647e-06	1.8288e-05
0.008886	5.5167e-08	4.8816e-08	2.9842e-05	0.012828	0.018615	0.00038908	3.7325e-05	2.9835e-06	1.825e-05
0.0088855	5.4513e-08	5.5851e-08	2.9623e-05	0.012813	0.018636	0.00038072	3.7876e-05	2.6853e-06	1.8217e-05
0.008885	5.459e-08	6.4286e-08	2.9423e-05	0.012798	0.018657	0.00037258	3.8532e-05	2.447e-06	1.8188e-05
0.0088845	5.5331e-08	7.4282e-08	2.9241e-05	0.012784	0.018678	0.00036464	3.9291e-05	2.2554e-06	1.8165e-05
0.008884	5.4888e-08	8.3232e-08	2.9045e-05	0.012769	0.018699	0.00035666	3.9994e-05	2.0512e-06	1.8136e-05
0.0088836	5.5111e-08	9.3951e-08	2.8866e-05	0.012755	0.01872	0.00034887	4.0803e-05	1.8873e-06	1.8111e-05
0.0088831	5.6077e-08	1.0688e-07	2.8706e-05	0.012741	0.018742	0.00034129	4.1732e-05	1.7581e-06	1.8092e-05
0.0088827	5.7751e-08	1.2229e-07	2.8563e-05	0.012726	0.018764	0.00033391	4.2781e-05	1.6565e-06	1.8078e-05
0.0088822	6.0247e-08	1.4081e-07	2.8437e-05	0.012712	0.018786	0.00032671	4.3965e-05	1.5792e-06	1.8069e-05
0.0088818	6.3632e-08	1.6302e-07	2.833e-05	0.012698	0.018808	0.00031971	4.5291e-05	1.5224e-06	1.8065e-05
0.0088814	6.7906e-08	1.8937e-07	2.8239e-05	0.012685	0.01883	0.00031289	4.676e-05	1.4825e-06	1.8065e-05
0.008881	7.0982e-08	2.146e-07	2.8135e-05	0.012671	0.018853	0.00030603	4.8169e-05	1.4368e-06	1.806e-05
0.0088805	7.5018e-08	2.4461e-07	2.8048e-05	0.012657	0.018876	0.00029934	4.9728e-05	1.4067e-06	1.806e-05
0.0088789	9.0484e-08	2.282e-07	2.7717e-05	0.012602	0.018967	0.00027322	5.6467e-05	1.3314e-06	1.8056e-05
0.0088785	9.4371e-08	2.2563e-07	2.764e-05	0.012589	0.01899	0.00026686	5.8299e-05	1.3238e-06	1.8054e-05
0.0088781	9.9513e-08	2.2517e-07	2.7579e-05	0.012575	0.019014	0.00026066	6.0316e-05	1.3292e-06	1.8057e-05
0.0088778	1.0333e-07	2.2356e-07	2.7505e-05	0.012562	0.019037	0.00025442	6.2257e-05	1.3291e-06	1.8054e-05
0.0088774	1.0587e-07	2.2087e-07	2.7417e-05	0.012549	0.01906	0.00024813	6.4129e-05	1.3239e-06	1.8046e-05
0.008877	1.0982e-07	2.2038e-07	2.7347e-05	0.012535	0.019084	0.00024201	6.6204e-05	1.3324e-06	1.8042e-05
0.0088766	1.1528e-07	2.2207e-07	2.7294e-05	0.012522	0.019108	0.00023605	6.8498e-05	1.355e-06	1.8044e-05
0.0088762	1.2241e-07	2.2601e-07	2.7258e-05	0.012509	0.019132	0.00023025	7.1028e-05	1.3928e-06	1.8051e-05
0.0088759	1.3147e-07	2.3239e-07	2.7239e-05	0.012496	0.019156	0.0002246	7.3819e-05	1.4481e-06	1.8064e-05
0.0088755	1.2308e-07	2.4373e-07	2.7254e-05	0.012483	0.019181	0.00021921	7.711e-05	1.5407e-06	1.8087e-05
0.0088752	1.183e-07	2.611e-07	2.7304e-05	0.012471	0.019206	0.00021406	8.0972e-05	1.5358e-06	1.8123e-05
0.0088749	1.11e-07	2.7522e-07	2.7329e-05	0.012458	0.019231	0.00020881	8.4562e-05	1.5176e-06	1.8148e-05
0.0088746	1.0685e-07	2.9588e-07	2.7392e-05	0.012445	0.019256	0.00020378	8.8741e-05	1.3945e-06	1.819e-05
0.0088743	1.0404e-07	3.2095e-07	2.7472e-05	0.012433	0.019282	0.00019888	9.3293e-05	1.2971e-06	1.8237e-05
0.008874	1.025e-07	3.5111e-07	2.7567e-05	0.012421	0.019308	0.0001941	9.8248e-05	1.2209e-06	1.8289e-05
0.0088737	1.0217e-07	3.8722e-07	2.7678e-05	0.012409	0.019281	0.00018944	0.00010364	1.1627e-06	1.8345e-05
0.0088734	1.0054e-07	4.2119e-07	2.7777e-05	0.012397	0.019255	0.00018475	0.00010889	1.0981e-06	1.8396e-05
0.0088731	9.7643e-08	4.5325e-07	2.7862e-05	0.012384	0.019228	0.00018002	0.00011402	1.0274e-06	1.8441e-05
0.0088728	9.3485e-08	4.8344e-07	2.7934e-05	0.012372	0.019201	0.00017526	0.00011904	9.5052e-07	1.848e-05
0.0088726	9.0622e-08	5.2025e-07	2.8024e-05	0.01236	0.019175	0.00017062	0.00011866	8.9144e-07	1.8524e-05
0.0088723	8.6459e-08	5.5484e-07	2.81e-05	0.012348	0.019149	0.00016595	0.0001182	8.2621e-07	1.8563e-05
0.008872	8.0991e-08	5.4432e-07	2.8163e-05	0.012336	0.019122	0.00016125	0.00011767	7.5466e-07	1.8607e-05
0.0088717	7.6754e-08	5.3781e-07	2.8243e-05	0.012324	0.019096	0.00015667	0.00011733	6.9923e-07	1.8656e-05
0.0088714	7.1283e-08	5.3503e-07	2.8311e-05	0.012312	0.01907	0.00015205	0.00011692	6.3841e-07	1.87e-05
0.0088711	6.4539e-08	5.3045e-07	2.8365e-05	0.0123	0.019044	0.0001474	0.00011644	5.718e-07	1.8748e-05
0.0088708	5.6548e-08	5.2448e-07	2.8406e-05	0.012288	0.019018	0.00014272	0.00011589	4.9956e-07	1.8792e-05
0.0088706	4.9725e-08	5.2223e-07	2.8465e-05	0.012277	0.018992	0.00013816	0.00011553	4.423e-07	1.884e-05
0.0088703	4.164e-08	5.1851e-07	2.851e-05	0.012265	0.018966	0.00013357	0.0001151	3.795e-07	1.8882e-05
0.00887	3.4489e-08	4.5426e-07	2.8571e-05	0.012253	0.01894	0.00012908	0.00011485	3.2888e-07	1.893e-05
0.0088697	2.8167e-08	4.006e-07	2.865e-05	0.012241	0.018914	0.00012472	0.00011477	2.8879e-07	1.8983e-05
0.0088695	2.2457e-08	3.5555e-07	2.8748e-05	0.01223	0.018889	0.00012046	0.00011488	2.5702e-07	1.9041e-05
0.0088692	1.7206e-08	3.1774e-07	2.8863e-05	0.012218	0.018864	0.0001163	0.00011517	2.3213e-07	1.9105e-05
0.008869	1.2342e-08	2.864e-07	2.8996e-05	0.012207	0.018839	0.00011225	0.00011564	2.1341e-07	1.9174e-05
0.0088688	1.6903e-08	2.6358e-07	2.9105e-05	0.012195	0.018814	0.00010813	0.00011593	1.8819e-07	1.9254e-05
0.0088685	2.0407e-08	2.3917e-07	2.9202e-05	0.012184	0.018789	0.00010398	0.00011615	1.5928e-07	1.9328e-05
0.0088683	2.4208e-08	2.1935e-07	2.9317e-05	0.012173	0.018764	9.9933e-05	0.00011656	1.362e-07	1.9408e-05
0.008868	2.6916e-08	1.9798e-07	2.9418e-05	0.012161	0.018739	9.5856e-05	0.00011689	1.0948e-07	1.9482e-05
0.0088678	2.8563e-08	1.7514e-07	2.9506e-05	0.01215	0.018715	9.1749e-05	0.00011716	7.9256e-08	1.955e-05
0.0088676	3.0546e-08	1.5619e-07	2.9612e-05	0.012139	0.01869	8.7746e-05	0.00011762	5.4131e-08	1.9624e-05
0.0088673	3.1432e-08	1.3577e-07	2.9705e-05	0.012127	0.018666	8.3842e-05	0.000118	6.9578e-08	1.9692e-05
0.0088671	3.122e-08	1.1386e-07	2.9784e-05	0.012116	0.018641	7.9908e-05	0.00011831	8.1986e-08	1.9754e-05
0.0088669	2.9921e-08	9.0303e-08	2.9849e-05	0.012105	0.018617	7.5944e-05	0.00011854	9.1428e-08	1.981e-05
0.0088667	2.8931e-08	7.0519e-08	2.9932e-05	0.012094	0.018593	7.2076e-05	0.00011327	1.0348e-07	1.9871e-05
0.0088665	2.8207e-08	5.3634e-08	3.0033e-05	0.012083	0.018569	6.83e-05	0.00010843	1.186e-07	1.9938e-05
0.0088663	2.7729e-08	3.9157e-08	3.015e-05	0.012072	0.018545	6.4612e-05	0.00010398	1.3743e-07	2.001e-05
0.0088661	2.6167e-08	2.3499e-08	3.0244e-05	0.012061	0.018521	6.0895e-05	9.9417e-05	1.5286e-07	2.0076e-05
0.0088659	2.352e-08	2.5341e-08	3.0324e-05	0.01205	0.018498	5.7149e-05	9.4731e-05	1.6494e-07	2.0136e-05
0.0088657	2.1146e-08	2.7642e-08	3.0422e-05	0.012039	0.018474	5.3494e-05	9.0446e-05	1.8136e-07	2.0202e-05
0.0088655	1.7698e-08	2.9182e-08	3.0507e-05	0.012029	0.018451	4.981e-05	8.6044e-05	1.9432e-07	2.0262e-05
0.0088652	1.3196e-08	2.9987e-08	3.0578e-05	0.012018	0.018427	4.6099e-05	8.1534e-05	2.0456e-07	2.0316e-05
0.0088651	8.925e-09	3.1291e-08	3.0669e-05	0.012007	0.018404	4.248e-05	7.741e-05	2.1963e-07	2.0376e-05
0.0088649	5.327e-09	3.3782e-08	3.0795e-05	0.011996	0.018381	3.9009e-05	7.3872e-05	2.4581e-07	2.0447e-05
0.0088647	7.6954e-09	3.5096e-08	3.0898e-05	0.011986	0.018357	3.5476e-05	7.0103e-05	2.6519e-07	2.0509e-05
0.0088645	9.9028e-09	3.6956e-08	3.1019e-05	0.011975	0.018335	3.2024e-05	6.6643e-05	2.9082e-07	2.0576e-05
0.0088643	1.1116e-08	3.8028e-08	3.1126e-05	0.011965	0.018312	2.8545e-05	6.3084e-05	3.1344e-07	2.0637e-05
0.0088642	1.2228e-08	3.9792e-08	3.1252e-05	0.011954	0.018289	2.5148e-05	5.9827e-05	3.4361e-07	2.0705e-05
0.008864	1.327e-08	4.2237e-08	3.1396e-05	0.011944	0.018266	2.1832e-05	5.685e-05	3.8273e-07	2.0778e-05
0.0088639	1.331e-08	4.4156e-08	3.1527e-05	0.011934	0.018244	2.1769e-05	5.3784e-05	4.1734e-07	2.0845e-05
0.0088637	1.3319e-08	4.6868e-08	3.1679e-05	0.011923	0.018222	2.1713e-05	5.099e-05	4.6276e-07	2.0919e-05
0.0088635	1.2234e-08	5.0659e-08	3.1813e-05	0.011913	0.018199	2.1642e-05	4.8077e-05	5.018e-07	2.1e-05
0.0088634	1.0027e-08	5.3403e-08	3.193e-05	0.011903	0.018177	2.1555e-05	4.5033e-05	5.3437e-07	2.1074e-05
0.0088632	8.1463e-09	5.7901e-08	3.208e-05	0.011892	0.018155	2.1485e-05	4.2386e-05	5.8571e-07	2.1159e-05
0.0088631	6.6105e-09	6.4837e-08	3.2133e-05	0.011882	0.018133	2.1434e-05	4.0132e-05	6.6607e-07	2.1223e-05
0.008863	5.2192e-09	7.4666e-08	3.2228e-05	0.011873	0.018112	2.1401e-05	3.8205e-05	6.738e-07	2.1299e-05
0.0088629	1.008e-08	8.262e-08	3.2299e-05	0.011863	0.01809	2.1348e-05	3.6125e-05	6.7284e-07	2.1365e-05
0.0088628	1.3532e-08	8.8793e-08	3.233e-05	0.011853	0.018069	2.1275e-05	3.3888e-05	6.6317e-07	2.1421e-05
0.0088626	1.7796e-08	9.804e-08	3.2397e-05	0.011843	0.018048	2.1219e-05	3.0177e-05	5.7938e-07	2.149e-05
0.0088625	2.0515e-08	1.052e-07	3.2437e-05	0.011833	0.018026	2.1142e-05	2.6141e-05	6.0992e-07	2.1548e-05
0.0088624	2.3893e-08	1.109e-07	3.2507e-05	0.011823	0.018005	2.1079e-05	2.255e-05	5.6988e-07	2.1598e-05
0.0088623	2.7841e-08	1.1874e-07	3.2601e-05	0.011814	0.017985	2.1026e-05	1.9292e-05	5.4216e-07	2.1655e-05
0.0088622	3.0677e-08	1.2551e-07	3.2681e-05	0.011804	0.017964	2.096e-05	1.5943e-05	5.0977e-07	2.1707e-05
0.0088621	3.2437e-08	1.3128e-07	3.2748e-05	0.011795	0.017943	2.088e-05	1.251e-05	4.7294e-07	2.1752e-05
0.008862	3.3122e-08	1.3607e-07	3.2802e-05	0.011785	0.017922	2.0788e-05	8.9919e-06	4.3161e-07	2.1792e-05
0.0088619	3.2733e-08	1.3988e-07	3.2843e-05	0.011775	0.017901	2.0682e-05	8.9083e-06	3.8569e-07	2.1826e-05
0.0088618	3.2669e-08	1.4536e-07	3.2901e-05	0.011766	0.01788	2.0582e-05	8.8545e-06	3.4949e-07	2.1866e-05
0.0088617	3.1503e-08	1.4978e-07	3.2946e-05	0.011756	0.01786	2.0469e-05	8.7616e-06	3.0871e-07	2.1899e-05
0.0088616	2.9232e-08	1.5315e-07	3.2977e-05	0.011747	0.017839	2.0342e-05	8.6295e-06	2.6326e-07	2.1939e-05
0.0088615	2.7324e-08	1.5837e-07	3.3028e-05	0.011737	0.017818	2.0222e-05	8.5295e-06	2.2706e-07	2.1985e-05
0.0088614	2.5725e-08	1.6561e-07	3.3098e-05	0.011728	0.017798	2.011e-05	8.4607e-06	1.9841e-07	2.2037e-05
0.0088614	2.3043e-08	1.7174e-07	3.3154e-05	0.011718	0.017778	1.9984e-05	8.3531e-06	1.6576e-07	2.2083e-05
0.0088613	1.9302e-08	1.7681e-07	3.3197e-05	0.011709	0.017757	1.9844e-05	8.2081e-06	1.2927e-07	2.2123e-05
0.0088612	3.2398e-08	1.8084e-07	3.3226e-05	0.0117	0.017737	1.9692e-05	8.0254e-06	8.8855e-08	2.2158e-05
0.0088611	4.4191e-08	1.8383e-07	3.3242e-05	0.01169	0.017717	1.9525e-05	7.8053e-06	1.0386e-07	2.2186e-05
0.008861	5.7532e-08	1.8875e-07	3.3277e-05	0.011681	0.017696	1.9365e-05	7.6136e-06	1.223e-07	2.222e-05
0.0088609	6.9457e-08	1.9256e-07	3.3298e-05	0.011671	0.017676	1.9191e-05	7.3833e-06	1.3742e-07	2.2248e-05
0.0088608	7.9981e-08	1.9525e-07	3.3305e-05	0.011662	0.017656	1.9003e-05	7.1141e-06	1.4924e-07	2.227e-05
0.0088607	8.9111e-08	1.9682e-07	3.3298e-05	0.011653	0.017635	1.8802e-05	6.8059e-06	1.5778e-07	2.2286e-05
0.0088606	9.9917e-08	2.0039e-07	3.3309e-05	0.011643	0.017615	1.8607e-05	6.5265e-06	1.7004e-07	2.2308e-05
0.0088605	1.0927e-07	2.0282e-07	3.3307e-05	0.011634	0.017595	1.8399e-05	6.2082e-06	1.789e-07	2.2323e-05
0.0088605	1.1723e-07	2.0415e-07	3.329e-05	0.011625	0.017575	1.8177e-05	5.8517e-06	1.845e-07	2.2333e-05
0.0088604	1.2358e-07	2.0194e-07	3.325e-05	0.011615	0.017555	1.7935e-05	5.434e-06	1.8458e-07	2.2355e-05
0.0088602	1.276e-07	2.0372e-07	3.3184e-05	0.011606	0.017534	1.7673e-05	4.9541e-06	1.7916e-07	2.2367e-05
0.0088601	1.2932e-07	2.0321e-07	3.3094e-05	0.011596	0.017514	1.739e-05	4.4106e-06	1.6815e-07	2.2369e-05
0.00886	1.2876e-07	2.006e-07	3.298e-05	0.011587	0.017493	1.7087e-05	4.8923e-06	1.5136e-07	2.2361e-05
0.0088599	1.2612e-07	1.9608e-07	3.2843e-05	0.011577	0.017472	1.6766e-05	5.3176e-06	1.2908e-07	2.2344e-05
0.0088597	1.2137e-07	1.8961e-07	3.2683e-05	0.011567	0.017451	1.6425e-05	5.6877e-06	1.0103e-07	2.2318e-05
0.0088596	1.195e-07	1.8671e-07	3.2558e-05	0.011558	0.017431	1.6101e-05	6.1201e-06	8.1401e-08	2.2303e-05
0.0088595	1.1571e-07	1.8209e-07	3.2413e-05	0.011548	0.01741	1.5759e-05	6.499e-06	5.6957e-08	2.2279e-05
0.0088594	1.1431e-07	1.8047e-07	3.2297e-05	0.011539	0.01739	1.5431e-05	6.9358e-06	3.841e-08	2.2266e-05
0.0088593	1.1578e-07	1.7664e-07	3.1094e-05	0.01153	0.01737	1.512e-05	7.4578e-06	2.4971e-08	2.2242e-05
0.0088592	1.1903e-07	1.751e-07	2.9941e-05	0.01152	0.01735	1.4817e-05	8.0341e-06	1.3452e-08	2.2226e-05
0.0088591	1.2419e-07	1.7576e-07	2.8835e-05	0.011511	0.017331	1.4524e-05	8.6702e-06	3.1161e-09	2.2217e-05
0.0088591	1.2767e-07	1.7507e-07	2.7706e-05	0.011502	0.017311	1.4215e-05	9.2533e-06	3.2787e-09	2.2201e-05
0.008859	1.297e-07	1.7322e-07	2.6557e-05	0.011493	0.017291	1.3891e-05	9.7912e-06	1.6042e-08	2.2178e-05
0.0088589	1.3324e-07	1.7316e-07	2.5446e-05	0.011484	0.017272	1.3574e-05	1.0377e-05	3.0038e-08	2.2161e-05
0.0088588	1.384e-07	1.7195e-07	2.4372e-05	0.011475	0.017253	1.3262e-05	1.1015e-05	4.587e-08	2.215e-05
0.0088588	1.4221e-07	1.6973e-07	2.3282e-05	0.011466	0.017234	1.2937e-05	1.1611e-05	5.8862e-08	2.2133e-05
0.0088587	1.4782e-07	1.6937e-07	2.223e-05	0.011458	0.017215	1.2617e-05	1.2266e-05	7.4381e-08	2.2122e-05
0.0088587	1.5207e-07	1.6801e-07	2.1162e-05	0.011449	0.017196	1.2285e-05	1.2877e-05	8.6956e-08	2.2106e-05
0.0088586	1.5822e-07	1.6848e-07	2.013e-05	0.01144	0.017177	1.1958e-05	1.3551e-05	1.0258e-07	2.2095e-05
0.0088586	1.6646e-07	1.7082e-07	1.9133e-05	0.011431	0.017158	1.1637e-05	1.4293e-05	1.22e-07	2.2091e-05
0.0088585	1.7327e-07	1.7213e-07	1.812e-05	0.011423	0.01714	1.1303e-05	1.499e-05	1.382e-07	2.2081e-05
0.0088585	1.8232e-07	1.7535e-07	1.7142e-05	0.011414	0.017121	1.0974e-05	1.5759e-05	1.5887e-07	2.2077e-05
0.0088585	1.9371e-07	1.8046e-07	1.6194e-05	0.011406	0.017103	1.0649e-05	1.6601e-05	1.846e-07	2.2078e-05
0.0088584	2.0358e-07	1.8452e-07	1.5231e-05	0.011397	0.017085	1.0311e-05	1.7395e-05	2.0678e-07	2.2074e-05
0.0088584	2.1194e-07	1.8754e-07	1.4253e-05	0.011389	0.017066	9.9611e-06	1.8143e-05	2.2544e-07	2.2064e-05
0.0088584	2.1835e-07	1.9303e-07	1.3253e-05	0.01138	0.017048	9.5957e-06	1.883e-05	4.6225e-07	2.2062e-05
0.0088583	2.2856e-07	1.7764e-07	1.221e-05	0.011372	0.017029	9.2403e-06	1.9634e-05	7.9068e-07	2.2051e-05
0.0088583	2.372e-07	1.6094e-07	1.1152e-05	0.011363	0.017011	8.872e-06	2.0389e-05	1.1024e-06	2.2035e-05
0.0088583	2.485e-07	1.4712e-07	1.0125e-05	0.011355	0.016993	8.5077e-06	2.1224e-05	1.4851e-06	2.2024e-05
0.0088582	2.5812e-07	1.3201e-07	9.0817e-06	0.011346	0.016974	8.1303e-06	2.2008e-05	1.8472e-06	2.2007e-05
0.0088582	2.7083e-07	1.1962e-07	8.0717e-06	0.011338	0.016956	7.7575e-06	2.2884e-05	2.2984e-06	2.1996e-05
0.0088582	2.8099e-07	1.0536e-07	7.0366e-06	0.011329	0.016938	7.3685e-06	2.3665e-05	2.7064e-06	2.1978e-05
0.0088582	2.787e-07	9.5321e-08	5.932e-06	0.011321	0.01692	6.9929e-06	2.533e-05	3.2945e-06	2.1971e-05
0.0088581	2.7474e-07	8.4138e-08	4.81e-06	0.011313	0.016902	6.6041e-06	2.6928e-05	3.8506e-06	2.1959e-05
0.0088581	2.7349e-07	7.4891e-08	3.7222e-06	0.011304	0.016885	6.2192e-06	2.8676e-05	4.542e-06	2.1953e-05
0.0088581	2.7476e-07	6.72e-08	2.6654e-06	0.011296	0.016867	5.8372e-06	3.0577e-05	5.393e-06	2.1952e-05
0.0088581	2.7441e-07	6.0921e-08	2.6379e-06	0.011288	0.01685	5.4424e-06	3.241e-05	6.2011e-06	2.1958e-05
0.0088581	2.7244e-07	5.3693e-08	2.6011e-06	0.01128	0.016832	5.0346e-06	3.4175e-05	6.9681e-06	2.1957e-05
0.0088581	2.6885e-07	4.5499e-08	2.5544e-06	0.011272	0.016815	5.4967e-06	3.5872e-05	7.6955e-06	2.195e-05
0.0088581	2.6793e-07	3.8598e-08	2.5073e-06	0.011264	0.016797	5.9637e-06	3.7736e-05	8.6018e-06	2.195e-05
0.0088581	2.6525e-07	3.2927e-08	2.4499e-06	0.011256	0.01678	6.4168e-06	3.9522e-05	9.4539e-06	2.1943e-05
0.0088581	2.6736e-07	2.5781e-08	2.3968e-06	0.011247	0.016762	6.8845e-06	4.1616e-05	9.7206e-06	2.1926e-05
0.0088581	2.7308e-07	1.997e-08	2.3451e-06	0.011239	0.016745	7.3621e-06	4.397e-05	1.0085e-05	2.1918e-05
0.0088581	2.8266e-07	1.5182e-08	2.2946e-06	0.011232	0.016728	7.8501e-06	4.6615e-05	1.0576e-05	2.1918e-05
0.0088581	2.6695e-07	1.1551e-08	2.2481e-06	0.011224	0.016711	8.3551e-06	4.9711e-05	1.0696e-05	2.1931e-05
0.0088582	2.4767e-07	6.8043e-09	2.5965e-06	0.011216	0.016695	8.8401e-06	5.2605e-05	1.0784e-05	2.1934e-05
0.0088582	2.2431e-07	8.0427e-09	2.9268e-06	0.011208	0.016678	9.3038e-06	5.5284e-05	1.0838e-05	2.1926e-05
0.0088582	2.0759e-07	9.6995e-09	3.2731e-06	0.0112	0.016661	9.7477e-06	5.5491e-05	1.0976e-05	2.1931e-05
0.0088582	1.8909e-07	1.0684e-08	3.608e-06	0.011192	0.016644	1.0178e-05	5.5638e-05	1.11e-05	2.193e-05
0.0088583	1.736e-07	1.1732e-08	3.9494e-06	0.011184	0.016627	1.0614e-05	5.59e-05	1.1275e-05	2.1934e-05
0.0088583	1.5641e-07	1.2105e-08	4.2794e-06	0.011176	0.01661	1.1057e-05	5.6103e-05	1.1436e-05	2.1932e-05
0.0088583	1.3751e-07	1.1804e-08	4.5979e-06	0.011169	0.016593	1.1486e-05	5.6248e-05	1.1581e-05	2.1924e-05
0.0088584	1.2156e-07	1.1601e-08	4.9239e-06	0.011161	0.016576	1.1922e-05	5.6515e-05	1.1784e-05	2.1922e-05
0.0088584	1.0406e-07	1.0739e-08	5.2388e-06	0.011153	0.016559	1.2345e-05	5.6726e-05	1.1973e-05	2.1914e-05
0.0088585	8.9182e-08	9.9696e-09	5.5617e-06	0.011145	0.016543	1.2775e-05	5.7062e-05	1.2228e-05	2.1913e-05
0.0088585	7.2636e-08	8.5102e-09	5.8725e-06	0.011137	0.016526	1.3191e-05	5.7334e-05	1.2462e-05	2.1905e-05
0.0088586	6.0294e-08	7.4994e-09	6.2029e-06	0.01113	0.01651	1.3627e-05	5.7837e-05	1.2429e-05	2.191e-05
0.0088586	4.6496e-08	5.8282e-09	6.5214e-06	0.011122	0.016493	1.4048e-05	5.8278e-05	1.2382e-05	2.1909e-05
0.0088587	3.4441e-08	4.1586e-09	6.8489e-06	0.011115	0.016477	1.4478e-05	5.8849e-05	1.2383e-05	2.1914e-05
0.0088588	2.3822e-08	2.4426e-09	7.186e-06	0.011107	0.016461	1.4916e-05	5.9557e-05	1.243e-05	2.1925e-05
0.0088589	1.4325e-08	6.202e-10	7.5331e-06	0.0111	0.016446	1.5363e-05	6.0404e-05	1.2526e-05	2.1942e-05
0.0088589	1.8424e-08	8.8329e-10	7.8681e-06	0.011093	0.01643	1.5795e-05	6.1188e-05	1.2609e-05	2.1954e-05
0.008859	2.2836e-08	7.8657e-10	8.2133e-06	0.011085	0.016414	1.6237e-05	6.2116e-05	1.2743e-05	2.1971e-05
0.0088591	2.6149e-08	3.5019e-09	8.5465e-06	0.011078	0.016399	1.6664e-05	6.2979e-05	1.2863e-05	2.1983e-05
0.0088592	2.8394e-08	5.5751e-09	8.868e-06	0.011071	0.016383	1.7079e-05	6.3783e-05	1.297e-05	2.1988e-05
0.0088593	3.136e-08	7.8608e-09	9.2054e-06	0.011064	0.016368	1.7507e-05	6.4778e-05	1.273e-05	2.2003e-05
0.0088594	3.3075e-08	9.4072e-09	9.5285e-06	0.011057	0.016352	1.7919e-05	6.5693e-05	1.2466e-05	2.201e-05
0.0088595	3.5545e-08	1.1219e-08	9.8673e-06	0.011049	0.016337	1.8346e-05	6.3574e-05	1.2283e-05	2.2026e-05
0.0088596	3.6766e-08	1.0658e-08	1.0192e-05	0.011042	0.016321	1.8756e-05	6.1358e-05	1.2078e-05	2.2035e-05
0.0088597	3.8462e-08	1.0169e-08	1.0528e-05	0.011035	0.016306	1.9176e-05	5.9352e-05	1.1932e-05	2.205e-05
0.0088598	4.0616e-08	9.7116e-09	1.0875e-05	0.011028	0.01629	1.9604e-05	5.7533e-05	1.1835e-05	2.2071e-05
0.0088599	4.3344e-08	9.2968e-09	1.1234e-05	0.011021	0.016275	2.0043e-05	5.5897e-05	1.1067e-05	2.2098e-05
0.00886	4.672e-08	8.9117e-09	1.1606e-05	0.011014	0.016261	2.0493e-05	5.4432e-05	1.0452e-05	2.2131e-05
0.0088602	5.0834e-08	8.5443e-09	1.1992e-05	0.011007	0.016246	2.0952e-05	5.3127e-05	9.9623e-06	2.217e-05
0.0088603	5.3756e-08	7.5215e-09	1.2364e-05	0.011	0.016231	2.1398e-05	5.1756e-05	9.4442e-06	2.2216e-05
0.0088604	5.7415e-08	6.4767e-09	1.275e-05	0.010994	0.016217	2.183e-05	5.0534e-05	9.0282e-06	2.2267e-05
0.0088606	6.1901e-08	5.3796e-09	1.3148e-05	0.010987	0.016203	2.2272e-05	4.9449e-05	8.6966e-06	2.2324e-05
0.0088607	6.7425e-08	4.2221e-09	1.3564e-05	0.01098	0.016189	2.2725e-05	4.8502e-05	8.4387e-06	2.2368e-05
0.0088609	7.1727e-08	2.4392e-09	1.3967e-05	0.010974	0.016174	2.3164e-05	4.7496e-05	8.1646e-06	2.2405e-05
0.008861	7.4703e-08	4.1847e-09	1.4357e-05	0.010967	0.01616	2.3588e-05	4.6423e-05	7.8694e-06	2.2437e-05
0.0088612	8.0237e-08	6.2662e-09	1.4711e-05	0.010961	0.016146	2.4039e-05	4.559e-05	6.9624e-06	2.2481e-05
0.0088613	8.4439e-08	7.6807e-09	1.5053e-05	0.010954	0.016132	2.4474e-05	4.4695e-05	6.0032e-06	2.2519e-05
0.0088615	8.9835e-08	9.1094e-09	1.5408e-05	0.010948	0.016119	2.4921e-05	4.3918e-05	5.2259e-06	2.2564e-05
0.0088616	9.6682e-08	1.0627e-08	1.5779e-05	0.010942	0.016105	2.538e-05	4.3265e-05	4.6031e-06	2.2614e-05
0.0088618	1.0501e-07	1.2241e-08	1.6164e-05	0.010935	0.016091	2.5851e-05	4.2718e-05	4.0978e-06	2.2671e-05
0.0088619	1.1202e-07	1.3187e-08	1.6536e-05	0.010929	0.016078	2.6308e-05	4.2118e-05	3.5676e-06	2.2722e-05
0.0088621	1.2065e-07	1.4259e-08	1.6924e-05	0.010923	0.016064	2.6776e-05	4.1622e-05	3.1372e-06	2.2779e-05
0.0088623	1.2786e-07	1.4641e-08	1.7298e-05	0.010917	0.016051	2.723e-05	4.107e-05	2.6828e-06	2.2829e-05
0.0088624	1.3366e-07	1.4334e-08	1.7658e-05	0.01091	0.016037	2.7669e-05	4.0462e-05	2.2032e-06	2.2874e-05
0.0088626	1.413e-07	1.4189e-08	1.8035e-05	0.010904	0.016024	2.8121e-05	3.9961e-05	1.817e-06	2.2924e-05
0.0088628	1.51e-07	1.42e-08	1.8429e-05	0.010898	0.016011	2.8587e-05	3.9567e-05	1.5063e-06	2.2982e-05
0.0088629	1.5927e-07	1.3542e-08	1.881e-05	0.010892	0.015998	2.9038e-05	3.9122e-05	1.1795e-06	2.3033e-05
0.0088631	1.3722e-07	1.3032e-08	1.9208e-05	0.010886	0.015985	2.9502e-05	3.8778e-05	9.1596e-07	2.3091e-05
0.0088633	1.1848e-07	1.2655e-08	1.9624e-05	0.01088	0.015972	2.9981e-05	3.8532e-05	7.033e-07	2.3155e-05
0.0088635	1.0256e-07	1.2398e-08	2.0057e-05	0.010874	0.01596	3.0474e-05	3.8382e-05	5.3158e-07	2.3226e-05
0.0088637	8.9036e-08	1.1464e-08	2.051e-05	0.010869	0.015947	3.0981e-05	3.8327e-05	3.9275e-07	2.3291e-05
0.0088639	7.7417e-08	1.0608e-08	2.0981e-05	0.010863	0.015935	3.1502e-05	3.8362e-05	2.7916e-07	2.3361e-05
0.0088641	6.4405e-08	9.0897e-09	2.1438e-05	0.010857	0.015923	3.2008e-05	3.8347e-05	1.5818e-07	2.3426e-05
0.0088644	5.4863e-08	8.0649e-09	2.1936e-05	0.010851	0.01591	3.2547e-05	3.8512e-05	7.4187e-08	2.3505e-05
0.0088646	4.2899e-08	7.4501e-09	2.2406e-05	0.010846	0.015898	3.3059e-05	3.8569e-05	6.6961e-08	2.3598e-05
0.0088648	2.856e-08	7.17e-09	2.2851e-05	0.01084	0.015885	3.3547e-05	3.8526e-05	5.5312e-08	2.368e-05
0.0088651	3.0663e-08	6.0159e-09	2.5641e-05	0.010834	0.015872	3.4007e-05	3.9067e-05	7.5996e-08	2.3777e-05
0.0088653	3.1214e-08	4.0103e-09	2.836e-05	0.010828	0.01586	3.4444e-05	3.9503e-05	9.1445e-08	2.3863e-05
0.0088655	3.0209e-08	6.1999e-09	3.101e-05	0.010822	0.015847	3.4855e-05	3.9835e-05	1.0189e-07	2.3939e-05
0.0088657	2.7628e-08	7.518e-09	3.3591e-05	0.010816	0.015834	3.5296e-05	4.0062e-05	1.075e-07	2.4005e-05
0.008866	2.5864e-08	9.0937e-09	3.6307e-05	0.01081	0.015822	3.5763e-05	4.0443e-05	1.1784e-07	2.4081e-05
0.0088662	2.4821e-08	1.1031e-08	3.9166e-05	0.010805	0.01581	3.6256e-05	4.0982e-05	1.3394e-07	2.4169e-05
0.0088664	2.2493e-08	1.2158e-08	4.1973e-05	0.010799	0.015797	3.6728e-05	4.144e-05	1.4561e-07	2.4248e-05
0.0088667	1.8896e-08	1.2499e-08	4.4731e-05	0.010793	0.015785	3.7181e-05	4.182e-05	1.5313e-07	2.4319e-05
0.0088669	1.5831e-08	1.314e-08	4.762e-05	0.010788	0.015773	3.7656e-05	4.2342e-05	1.6602e-07	2.44e-05
0.0088671	1.1341e-08	1.4325e-08	5.044e-05	0.010782	0.015761	3.8107e-05	4.9092e-05	1.7357e-07	2.4494e-05
0.0088674	7.5857e-09	1.6164e-08	5.3431e-05	0.010777	0.015749	3.859e-05	5.682e-05	1.8907e-07	2.4578e-05
0.0088677	4.3956e-09	1.8846e-08	5.6618e-05	0.010771	0.015737	3.9108e-05	6.5828e-05	1.7252e-07	2.4675e-05
0.0088679	6.4562e-09	2.2684e-08	5.9723e-05	0.010766	0.015726	3.96e-05	7.4216e-05	1.4974e-07	2.4787e-05
0.0088682	8.6293e-09	2.7671e-08	6.3006e-05	0.010761	0.015714	4.0123e-05	8.3735e-05	1.3493e-07	2.4911e-05
0.0088685	1.0975e-08	2.4802e-08	6.6464e-05	0.010756	0.015703	4.0674e-05	9.4459e-05	1.2594e-07	2.5048e-05
0.0088688	1.364e-08	2.2796e-08	7.0139e-05	0.010751	0.015692	4.1256e-05	0.00010657	1.22e-07	2.5196e-05
0.0088691	1.6862e-08	1.9563e-08	7.4026e-05	0.010746	0.015681	4.1872e-05	0.00012036	1.2317e-07	2.5358e-05
0.0088695	2.0635e-08	1.7039e-08	7.811e-05	0.01074	0.01567	4.2517e-05	0.00013581	1.2873e-07	2.5532e-05
0.0088698	2.3168e-08	1.3656e-08	8.213e-05	0.010735	0.015659	4.3141e-05	0.00015074	1.3049e-07	2.5697e-05
0.0088701	2.6279e-08	1.0809e-08	8.6342e-05	0.01073	0.015648	4.3792e-05	0.00016737	1.3652e-07	2.5873e-05
0.0088705	2.8116e-08	7.1303e-09	9.0487e-05	0.010725	0.015637	4.4423e-05	0.00018343	1.3865e-07	2.604e-05
0.0088708	3.1173e-08	4.2239e-09	9.4905e-05	0.01072	0.015626	5.0079e-05	0.00018835	1.1037e-07	2.6224e-05
0.0088711	3.2577e-08	5.6641e-09	9.9204e-05	0.010715	0.015615	5.5629e-05	0.00019292	1.2855e-07	2.6377e-05
0.0088715	3.4486e-08	7.117e-09	0.00010368	0.01071	0.015604	6.1333e-05	0.000198	1.519e-07	2.6539e-05
0.0088718	3.528e-08	8.591e-09	0.00010811	0.010705	0.015593	6.6997e-05	0.00020294	1.7167e-07	2.6709e-05
0.0088721	3.6509e-08	1.0131e-08	0.00011271	0.0107	0.015582	7.2806e-05	0.00020838	1.969e-07	2.6886e-05
0.0088725	3.8148e-08	1.1756e-08	0.00011748	0.010695	0.015571	7.8758e-05	0.00021433	2.2836e-07	2.7071e-05
0.0088728	3.8661e-08	1.2699e-08	0.0001222	0.01069	0.01556	8.4669e-05	0.00022012	2.5579e-07	2.725e-05
0.0088732	3.8048e-08	1.2963e-08	0.00012687	0.010685	0.01555	9.054e-05	0.00022577	2.7925e-07	2.7423e-05
0.0088735	3.7911e-08	1.3355e-08	0.00013172	0.01068	0.015539	9.6562e-05	0.00023197	3.1002e-07	2.7603e-05
0.0088739	7.3262e-08	1.3863e-08	0.00013653	0.010675	0.015528	0.00010255	0.00023803	3.368e-07	2.7791e-05
0.0088742	1.0657e-07	3.34e-08	0.0001413	0.01067	0.015518	0.00010849	0.00024395	3.5962e-07	2.7973e-05
0.0088746	1.4557e-07	3.528e-08	0.00014626	0.010666	0.015507	0.0001146	0.00025047	3.9085e-07	2.8164e-05
0.0088749	1.799e-07	3.5974e-08	0.0001511	0.010661	0.015497	0.00012061	0.00025659	4.1401e-07	2.8343e-05
0.0088753	1.8539e-07	3.796e-08	0.00015624	0.010656	0.015486	0.00012687	0.00026374	4.5318e-07	2.8538e-05
0.0088756	1.8829e-07	4.1407e-08	0.00016126	0.010651	0.015476	0.00013302	0.00027045	4.8336e-07	2.875e-05
0.008876	1.8863e-07	4.3561e-08	0.00016616	0.010646	0.015466	0.00013908	0.00027676	5.0504e-07	2.895e-05
0.0088763	1.8638e-07	4.934e-08	0.00017093	0.010641	0.015455	0.00014502	0.00028267	7.4346e-07	2.9139e-05
0.0088767	2.3089e-07	5.3247e-08	0.00017523	0.010637	0.015444	0.00015086	0.00028816	9.467e-07	2.9345e-05
0.0088771	2.893e-07	5.9243e-08	0.00017985	0.010632	0.015434	0.00015694	0.00029461	1.0051e-06	2.9567e-05
0.0088774	3.4105e-07	6.3695e-08	0.00018436	0.010627	0.015423	0.00016293	0.00030066	1.051e-06	2.9779e-05
0.0088778	4.1017e-07	7.0669e-08	0.00018917	0.010622	0.015413	0.00016918	0.0003078	1.128e-06	3.0008e-05
0.0088782	5.0219e-07	6.741e-08	0.0001943	0.010617	0.015403	0.00017532	0.00031619	1.122e-06	3.0255e-05
0.0088786	5.2759e-07	6.6175e-08	0.00019986	0.010613	0.015393	0.00018173	0.00032593	1.1379e-06	3.052e-05
0.008879	5.5072e-07	6.4058e-08	0.00020536	0.010608	0.015383	0.00018809	0.00033545	1.1485e-06	3.0778e-05
0.0088794	5.7178e-07	5.6875e-08	0.00021082	0.010604	0.015372	0.00019442	0.00034476	1.1541e-06	3.103e-05
0.0088798	5.981e-07	5.0885e-08	0.00021648	0.010599	0.015362	0.0002009	0.00035492	1.1719e-06	3.1291e-05
0.0088802	6.2212e-07	4.3975e-08	0.00022208	0.010594	0.015352	0.00020734	0.00036485	1.1844e-06	3.1545e-05
0.0088806	6.4386e-07	3.6135e-08	0.00022764	0.01059	0.015342	0.00021373	0.00037455	1.1915e-06	3.1792e-05
0.008881	6.7117e-07	2.9381e-08	0.00023339	0.010585	0.015333	0.00022029	0.00038513	1.051e-06	3.2049e-05
0.0088813	6.961e-07	2.1735e-08	0.0002391	0.010581	0.015323	0.00022681	0.00039547	9.0075e-07	3.2299e-05
0.0088817	7.1885e-07	1.3225e-08	0.00024476	0.010576	0.015313	0.00023328	0.00040561	7.4139e-07	3.2542e-05
0.0088821	7.3944e-07	1.5796e-08	0.00025037	0.010572	0.015303	0.00023972	0.00041553	5.7258e-07	3.2779e-05
0.0088825	7.658e-07	1.8669e-08	0.00025618	0.010567	0.015293	0.00024632	0.00042635	4.3484e-07	3.3025e-05
0.0088829	7.2955e-07	2.0801e-08	0.00026222	0.010563	0.015283	0.00025309	0.00043816	3.2246e-07	3.3264e-05
0.0088833	6.9079e-07	2.2224e-08	0.0002682	0.010558	0.015274	0.00025981	0.00044973	2.0285e-07	3.3497e-05
0.0088838	6.5933e-07	2.4023e-08	0.00027375	0.010554	0.015264	0.00026672	0.00046239	1.0542e-07	3.3739e-05
0.0088842	6.2532e-07	2.5081e-08	0.00027925	0.01055	0.015255	0.00027358	0.00047477	1.0506e-07	3.3975e-05
0.0088846	5.8874e-07	2.5401e-08	0.0002847	0.010545	0.015245	0.0002804	0.00048688	1.0172e-07	3.4204e-05
0.008885	5.5881e-07	2.6115e-08	0.00029036	0.010541	0.015236	0.0002874	0.00050013	1.0076e-07	3.4443e-05
0.0088854	5.3443e-07	2.7202e-08	0.00029623	0.010537	0.015226	0.00029458	0.00051455	1.0196e-07	3.4675e-05
0.0088859	5.0779e-07	2.7543e-08	0.00030205	0.010532	0.015217	0.00030171	0.00052867	1.002e-07	3.49e-05
0.0088863	4.8623e-07	2.8272e-08	0.00030809	0.010528	0.015208	0.00030903	0.00054403	1.0058e-07	3.5135e-05
0.0088867	4.6266e-07	2.8276e-08	0.00031408	0.010524	0.015199	0.0003163	0.00055911	9.8114e-08	3.5363e-05
0.0088872	4.4397e-07	2.872e-08	0.0003203	0.01052	0.01519	0.00032377	0.00057557	9.7942e-08	3.5601e-05
0.0088876	4.2335e-07	2.8438e-08	0.00032646	0.010516	0.015181	0.00033119	0.00059173	9.4929e-08	3.5833e-05
0.008888	4.0079e-07	2.7428e-08	0.00033258	0.010512	0.015172	0.00033857	0.00060759	8.907e-08	3.6058e-05
0.0088885	3.8256e-07	2.6811e-08	0.00033893	0.010508	0.015163	0.00034615	0.00062484	8.5241e-08	3.6293e-05
0.0088889	3.6819e-07	2.6569e-08	0.00034551	0.010504	0.015155	0.00035391	0.0006436	8.3278e-08	3.6538e-05
0.0088894	3.5193e-07	2.5584e-08	0.00035204	0.0105	0.015146	0.00036163	0.00066198	7.8432e-08	3.6776e-05
0.0088899	3.3945e-07	2.5002e-08	0.00035882	0.010496	0.015137	0.00036955	0.00068205	7.5511e-08	3.7024e-05
0.0088903	3.3042e-07	2.4804e-08	0.00036586	0.010492	0.015129	0.00037769	0.00070395	7.438e-08	3.7282e-05
0.0088908	3.2462e-07	2.3865e-08	0.00037318	0.010489	0.015121	0.00038605	0.00072785	7.5011e-08	3.7534e-05
0.0088913	3.1718e-07	2.2207e-08	0.00038044	0.010485	0.015112	0.00039437	0.00075133	7.2897e-08	3.7779e-05
0.0088918	3.1269e-07	2.0891e-08	0.00038798	0.010481	0.015104	0.0004029	0.00077686	7.2376e-08	3.8034e-05
0.0088923	3.0476e-07	1.8438e-08	0.00039531	0.010478	0.015096	0.00041183	0.00080089	6.7393e-08	3.8276e-05
0.0088927	2.9358e-07	1.3919e-08	0.00040247	0.010474	0.015088	0.00042061	0.00082357	5.9337e-08	4.0974e-05
0.0088932	2.7873e-07	1.7351e-08	0.00040927	0.01047	0.01508	0.00042922	0.00084489	4.6585e-08	4.2257e-05
0.0088937	2.6004e-07	1.9637e-08	0.00041588	0.010467	0.015072	0.00043767	0.00098363	6.295e-08	4.3513e-05
0.0088942	2.3927e-07	2.1158e-08	0.00042242	0.010463	0.015064	0.00044606	0.0011193	7.6081e-08	4.4758e-05
0.0088947	2.2217e-07	2.304e-08	0.00042922	0.010459	0.015056	0.00045467	0.001267	9.2132e-08	4.6032e-05
0.0088952	2.0812e-07	2.5299e-08	0.00043627	0.010456	0.015048	0.00046351	0.0014273	1.1158e-07	4.7336e-05
0.0088956	1.9237e-07	2.6808e-08	0.00044327	0.010452	0.01504	0.00047229	0.0015846	1.2771e-07	4.8628e-05
0.0088961	1.7489e-07	2.7568e-08	0.00045019	0.010449	0.015032	0.00048102	0.001739	1.4056e-07	4.991e-05
0.0088966	1.6033e-07	2.8749e-08	0.00045739	0.010445	0.015024	0.00048998	0.0019068	1.5731e-07	5.1222e-05
0.0088971	1.4421e-07	2.9201e-08	0.00046453	0.010442	0.015016	0.00049889	0.0020718	1.7082e-07	5.2525e-05
0.0088976	1.3077e-07	3.0117e-08	0.00047194	0.010438	0.015009	0.00050804	0.0022516	1.8892e-07	5.3858e-05
0.0088981	1.1574e-07	3.0274e-08	0.0004793	0.010435	0.015001	0.00051713	0.0024279	2.0349e-07	5.5181e-05
0.0088987	1.032e-07	3.0944e-08	0.00048695	0.010432	0.014994	0.00052648	0.0026207	2.235e-07	5.6537e-05
0.0088992	9.3522e-08	3.2435e-08	0.00049498	0.010429	0.014986	0.00053618	0.0027488	2.5239e-07	5.7935e-05
0.0088997	8.5988e-08	3.4708e-08	0.00049591	0.010425	0.014979	0.00054619	0.0028909	2.9134e-07	5.7923e-05
0.0089003	7.9904e-08	3.7634e-08	0.00049695	0.010422	0.014973	0.00055648	0.0030458	3.4044e-07	5.7924e-05
0.0089008	7.5007e-08	4.1244e-08	0.00049809	0.010419	0.014966	0.00056704	0.003214	4.0133e-07	5.7937e-05
0.0089014	7.1253e-08	4.5701e-08	0.00049934	0.010417	0.014959	0.00057754	0.0033974	4.7752e-07	5.7963e-05
0.008902	6.6193e-08	4.9276e-08	0.00050056	0.010414	0.014953	0.00058796	0.003577	5.4711e-07	5.7981e-05
0.0089025	5.9586e-08	5.4218e-08	0.00050173	0.010411	0.014946	0.00059873	0.0037511	6.0841e-07	5.7989e-05
0.0089031	5.5702e-08	5.7567e-08	0.00050308	0.010408	0.014939	0.00060999	0.0039513	6.9981e-07	5.9688e-05
0.0089036	5.0173e-08	5.9705e-08	0.00050437	0.010405	0.014933	0.0006211	0.0041437	7.7927e-07	6.1364e-05
0.0089042	4.5474e-08	6.2748e-08	0.00050577	0.010402	0.014926	0.00063251	0.0043527	8.7864e-07	6.3079e-05
0.0089047	4.1478e-08	6.4949e-08	0.00050727	0.0104	0.01492	0.00064421	0.0045796	8.6229e-07	6.4783e-05
0.0089053	3.8077e-08	6.8098e-08	0.00050888	0.010397	0.014914	0.00065622	0.0048258	8.5629e-07	6.6525e-05
0.0089059	3.5246e-08	7.2362e-08	0.00051062	0.010394	0.014908	0.00066856	0.005094	8.6094e-07	6.831e-05
0.0089065	3.1294e-08	7.5737e-08	0.00051232	0.010392	0.014902	0.00068083	0.0053575	8.6094e-07	7.0082e-05
0.0089071	2.5875e-08	8.2043e-08	0.00051395	0.010389	0.014896	0.00069295	0.0056111	8.5326e-07	7.1831e-05
0.0089076	2.1898e-08	8.6523e-08	0.0005158	0.010387	0.01489	0.00070563	0.0056946	8.6542e-07	7.3546e-05
0.0089082	3.1159e-08	8.9376e-08	0.00051756	0.010384	0.014885	0.00071811	0.0057737	8.6795e-07	7.5231e-05
0.0089088	4.2988e-08	9.4758e-08	0.00051952	0.010382	0.014879	0.00073115	0.0058648	8.8976e-07	7.6985e-05
0.0089094	5.2654e-08	9.8451e-08	0.0005214	0.01038	0.014873	0.00074397	0.0059513	9.017e-07	7.8709e-05
0.00891	6.0237e-08	1.0048e-07	0.00052319	0.010377	0.014868	0.00075658	0.0060334	9.039e-07	8.0403e-05
0.0089106	6.5645e-08	1.0087e-07	0.00052533	0.010375	0.014863	0.00076899	0.0061112	8.9633e-07	8.2068e-05
0.0089112	6.9099e-08	9.9619e-08	0.00052738	0.010373	0.014857	0.00078119	0.006185	1.0741e-06	8.3704e-05
0.0089118	7.6443e-08	1.0084e-07	0.00052967	0.010371	0.014852	0.00079316	0.0062534	1.3393e-06	8.5407e-05
0.0089124	8.154e-08	1.01e-07	0.00053187	0.010368	0.014847	0.00080491	0.0063179	1.5657e-06	8.7078e-05
0.008913	8.9374e-08	1.0366e-07	0.00053428	0.010366	0.014841	0.00081719	0.0063922	1.9132e-06	8.8818e-05
0.0089136	9.538e-08	1.0496e-07	0.00053663	0.010364	0.014836	0.00082932	0.006464	2.2276e-06	9.0536e-05
0.0089142	9.9586e-08	1.0492e-07	0.0005389	0.010362	0.014831	0.00084131	0.0065334	2.5119e-06	9.223e-05
0.0089148	1.0602e-07	1.0687e-07	0.00054136	0.01036	0.014826	0.00085374	0.0066109	2.8925e-06	9.3983e-05
0.0089154	1.1515e-07	1.1104e-07	0.00054402	0.010358	0.014821	0.00086665	0.0066272	3.4092e-06	9.5797e-05
0.008916	1.2795e-07	1.1802e-07	0.00054694	0.010356	0.014816	0.00088011	0.0066469	4.1352e-06	9.7535e-05
0.0089166	1.3812e-07	1.2316e-07	0.00054976	0.010354	0.014811	0.00089335	0.006666	4.7713e-06	9.9242e-05
0.0089172	1.458e-07	1.3167e-07	0.00055249	0.010352	0.014807	0.00090639	0.0066838	5.3297e-06	0.00010102
0.0089179	1.5784e-07	1.3799e-07	0.00055547	0.01035	0.014802	0.00092004	0.0067054	5.5026e-06	0.00010276
0.0089185	1.7491e-07	1.3023e-07	0.00055875	0.010348	0.014797	0.00092347	0.0067032	5.7669e-06	0.00010458
0.0089192	1.8842e-07	1.2037e-07	0.00056186	0.010347	0.014793	0.00092713	0.0067035	6.1562e-06	0.00010636
0.0089198	2.7479e-07	1.142e-07	0.00056482	0.010345	0.014789	0.00093068	0.0067024	6.4869e-06	0.00010823
0.0089205	3.5104e-07	1.0594e-07	0.00056767	0.010343	0.014784	0.00093413	0.0067001	6.766e-06	0.00011005
0.0089211	4.5089e-07	9.5176e-08	0.00057077	0.010341	0.014779	0.0009378	0.0067005	7.178e-06	0.00011196
0.0089218	5.391e-07	1.0626e-07	0.00057375	0.010339	0.014775	0.00094137	0.0066998	7.5279e-06	0.00011383
0.0089225	6.5472e-07	1.2171e-07	0.00057699	0.010338	0.014771	0.00094518	0.0067016	8.0382e-06	0.00011577
0.0089231	7.5705e-07	1.3449e-07	0.00058011	0.010336	0.014766	0.00094887	0.0067023	8.4744e-06	0.00011768
0.0089238	1.4788e-06	1.4497e-07	0.00058313	0.010334	0.014762	0.00095247	0.0067021	8.8513e-06	0.00011956
0.0089244	1.7245e-06	1.6037e-07	0.00058642	0.010332	0.014758	0.00095632	0.0067045	9.413e-06	0.00012152
0.0089251	2.0509e-06	2.0604e-07	0.00058999	0.010331	0.014754	0.00096042	0.0067097	1.0238e-05	0.00012344
0.0089258	2.3427e-06	2.459e-07	0.00059345	0.010329	0.01475	0.00096442	0.0067138	1.095e-05	0.00012548
0.0089265	2.7287e-06	2.805e-07	0.00059719	0.010328	0.014746	0.00096867	0.0067207	1.1986e-05	0.00012747
0.0089272	3.2396e-06	3.2793e-07	0.00060124	0.010327	0.014743	0.00097318	0.0067305	1.3491e-05	0.00012956
0.0089279	3.6958e-06	6.6156e-07	0.00060515	0.010325	0.014739	0.00097758	0.0067391	1.4789e-05	0.0001316
0.0089286	4.1289e-06	9.5715e-07	0.00060881	0.010324	0.014735	0.00098187	0.0067465	1.5907e-05	0.00013361
