Chrysolophus_pictus	Chlamydotis_macqueenii	Chiroxiphia_lanceolata	Charadrius_vociferus	Chaetura_pelagica	Centrocercus_minimus	Catharus_ustulatus	Casuarius_casuarius	Cariama_cristata	Camarhynchus_parvulus
0.00029325	4.06e-05	0.0002554	5.5315e-05	0.0001432	4.6283e-05	2.6802e-05	0.0093712	3.2026e-05	0.01
0.00028796	3.8994e-05	0.00025152	5.4581e-05	0.00013706	4.5441e-05	2.6032e-05	0.0093707	3.1163e-05	0.01
0.00028292	3.7495e-05	0.00024767	5.3884e-05	0.00013163	4.4621e-05	2.5314e-05	0.0093704	3.0393e-05	0.01
0.00027781	3.5969e-05	0.0002438	5.3177e-05	0.00012602	4.3795e-05	2.4582e-05	0.00937	2.96e-05	0.01
0.00027264	3.4417e-05	0.00023993	5.2461e-05	0.00012025	4.2963e-05	2.3838e-05	0.0093696	2.8786e-05	0.01
0.00026741	3.284e-05	0.00023604	5.1736e-05	0.00011432	4.2125e-05	2.3081e-05	0.0093692	2.795e-05	0.01
0.00026243	3.1372e-05	0.00023219	5.1049e-05	0.0001091	4.131e-05	2.2377e-05	0.0093688	2.7208e-05	0.01
0.00025739	2.9878e-05	0.00022832	5.0353e-05	0.00010371	4.0489e-05	2.166e-05	0.0093684	2.6444e-05	0.01
0.00025228	2.8358e-05	0.00022445	4.9647e-05	9.8172e-05	3.9662e-05	2.1016e-05	0.009368	2.5659e-05	0.01
0.00024741	2.694e-05	0.00022061	4.8978e-05	9.3266e-05	3.8856e-05	2.0415e-05	0.0093676	2.4959e-05	0.01
0.00024277	2.5616e-05	0.00021681	4.8343e-05	8.8925e-05	3.8072e-05	1.9854e-05	0.0093672	2.4334e-05	0.01
0.00023806	2.4269e-05	0.00021299	4.77e-05	8.4455e-05	3.7309e-05	1.9284e-05	0.0093668	2.3693e-05	0.01
0.00023358	2.3012e-05	0.00020921	4.709e-05	8.0503e-05	3.6567e-05	1.8751e-05	0.0093664	2.3121e-05	0.01
0.00022904	2.1733e-05	0.00020542	4.6472e-05	7.6432e-05	3.5818e-05	1.8209e-05	0.0093661	2.2534e-05	0.01
0.00022471	2.0539e-05	0.00020167	4.5886e-05	7.2833e-05	3.509e-05	1.7704e-05	0.0093657	2.2011e-05	0.01
0.00022058	1.9429e-05	0.0001979	4.5332e-05	6.9675e-05	3.4382e-05	1.7234e-05	0.0093654	2.1551e-05	0.01
0.00021666	1.8395e-05	0.00019417	4.481e-05	6.691e-05	3.3694e-05	1.6798e-05	0.009365	2.1147e-05	0.01
0.00021269	1.7341e-05	0.00019048	4.4279e-05	6.4044e-05	3.3e-05	1.6353e-05	0.0093647	2.0728e-05	0.01
0.00020891	1.636e-05	0.00018682	4.3779e-05	6.1537e-05	3.2325e-05	1.594e-05	0.0093643	2.0362e-05	0.01
0.00020507	1.5448e-05	0.0001832	4.3307e-05	5.935e-05	3.1645e-05	1.5557e-05	0.009364	2.0043e-05	0.01
0.00020142	1.4599e-05	0.00017962	4.2863e-05	5.7449e-05	3.0983e-05	1.5203e-05	0.0093637	1.9769e-05	0.01
0.00019796	1.3809e-05	0.00017608	4.2446e-05	5.5807e-05	3.034e-05	1.4875e-05	0.0093634	1.9535e-05	0.01
0.00019444	1.3005e-05	0.00017252	4.2022e-05	5.4099e-05	2.9692e-05	1.454e-05	0.009363	1.9291e-05	0.01
0.0001911	1.2254e-05	0.00016899	4.1623e-05	5.2616e-05	2.9061e-05	1.4229e-05	0.0093627	1.9083e-05	0.01
0.0001877	1.1486e-05	0.00016545	4.1216e-05	5.1065e-05	2.8425e-05	1.3911e-05	0.0093624	1.8864e-05	0.01
0.00018426	1.0704e-05	0.0001619	4.0803e-05	4.9451e-05	2.7784e-05	1.3586e-05	0.0093621	1.8636e-05	0.01
0.00018099	9.9753e-06	0.00015839	4.0415e-05	4.8061e-05	2.716e-05	1.3285e-05	0.0093618	1.8444e-05	0.01
0.00017767	9.2312e-06	0.00015486	4.0019e-05	4.6606e-05	2.6531e-05	1.2977e-05	0.0093615	1.8242e-05	0.01
0.00017431	8.4728e-06	0.00015131	3.9618e-05	4.509e-05	2.5897e-05	1.2663e-05	0.0093612	1.803e-05	0.01
0.00017111	7.7659e-06	0.00014781	3.924e-05	4.3785e-05	2.528e-05	1.2372e-05	0.0093609	1.7854e-05	0.01
0.00016807	7.1068e-06	0.00014433	3.8887e-05	4.2669e-05	2.468e-05	1.2104e-05	0.0093606	1.771e-05	0.01
0.00016519	6.4923e-06	0.00014089	3.8556e-05	4.1726e-05	2.4075e-05	1.1856e-05	0.0093603	1.7597e-05	0.01
0.00016244	5.9173e-06	0.00013748	3.8246e-05	4.0934e-05	2.0875e-05	1.1627e-05	0.00936	1.7512e-05	0.01
0.00015965	5.3293e-06	0.00013406	3.793e-05	4.009e-05	2.0577e-05	1.1392e-05	0.0093597	1.7419e-05	0.01
0.00015681	4.7282e-06	0.00013063	3.7607e-05	3.9195e-05	2.0276e-05	1.115e-05	0.0093595	1.7316e-05	0.01
0.00015394	4.115e-06	0.00012718	3.7279e-05	3.8251e-05	1.997e-05	1.0903e-05	0.0093592	1.7206e-05	0.01
0.0001512	3.5404e-06	0.00012376	3.6971e-05	3.7454e-05	1.9674e-05	1.0675e-05	0.0093589	1.7123e-05	0.01
0.00014861	2.9529e-06	0.00012034	3.6656e-05	3.6606e-05	1.9386e-05	1.044e-05	0.0093586	1.7031e-05	0.01
0.00014614	2.4017e-06	0.00011694	3.6362e-05	3.5895e-05	1.9108e-05	1.0222e-05	0.0093584	1.6966e-05	0.01
0.00014379	1.8845e-06	0.00011357	3.6087e-05	3.5313e-05	1.8837e-05	1.0022e-05	0.0093581	1.6928e-05	0.01
0.00014156	1.3988e-06	0.00011023	3.5831e-05	3.485e-05	1.8575e-05	9.8371e-06	0.0093579	1.6916e-05	0.01
0.00013944	9.4225e-07	0.00010693	3.5594e-05	3.4501e-05	1.832e-05	9.6675e-06	0.0093576	1.6929e-05	0.01
0.00013743	9.2548e-07	0.00010361	3.5351e-05	3.4111e-05	1.8073e-05	9.4928e-06	0.0093574	1.6935e-05	0.01
0.00013553	9.1104e-07	0.00010032	3.5127e-05	3.3837e-05	1.7834e-05	9.3334e-06	0.0093572	1.6967e-05	0.01
0.00013374	8.9861e-07	9.706e-05	3.492e-05	3.3667e-05	1.7602e-05	9.1877e-06	0.009357	1.7026e-05	0.01
0.0001319	8.8139e-07	9.3788e-05	3.4707e-05	3.3456e-05	1.7367e-05	9.0369e-06	0.0093568	1.7077e-05	0.01
0.00013004	8.594e-07	9.0503e-05	3.4489e-05	3.3203e-05	1.7128e-05	8.881e-06	0.0093565	1.7119e-05	0.01
0.00012813	8.326e-07	8.7204e-05	3.4265e-05	3.2908e-05	1.69e-05	8.7198e-06	0.0093563	1.7152e-05	0.01
0.00012635	8.0873e-07	8.3941e-05	3.4061e-05	3.0027e-05	1.6681e-05	8.5748e-06	0.0093561	1.666e-05	0.01
0.00012453	7.801e-07	8.0665e-05	3.3852e-05	2.7052e-05	1.6458e-05	8.4248e-06	0.0093559	1.6152e-05	0.01
0.0001228	7.5334e-07	7.7417e-05	3.3659e-05	2.441e-05	1.6242e-05	8.2876e-06	0.0093557	1.5701e-05	0.01
0.00012104	7.2184e-07	7.4157e-05	3.3461e-05	2.1677e-05	1.6023e-05	8.1456e-06	0.0093555	1.5234e-05	0.01
0.00011938	6.921e-07	7.0925e-05	3.3279e-05	1.9249e-05	1.581e-05	8.016e-06	0.0093553	1.4819e-05	0.01
0.00011781	6.6397e-07	6.772e-05	3.3114e-05	1.7092e-05	1.5604e-05	7.8982e-06	0.0093551	1.4451e-05	0.01
0.0001162	6.3129e-07	6.4504e-05	3.2943e-05	1.4864e-05	1.5396e-05	7.7761e-06	0.0093549	1.4072e-05	0.01
0.00011469	6.0034e-07	6.1317e-05	3.2789e-05	1.2894e-05	1.5195e-05	7.6661e-06	0.0093547	1.3738e-05	0.01
0.00011314	5.6471e-07	5.8116e-05	3.2629e-05	1.0851e-05	1.4991e-05	7.5514e-06	0.0093545	1.3392e-05	0.01
0.00011152	5.2235e-07	5.4967e-05	3.2457e-05	8.4662e-06	1.478e-05	7.4242e-06	0.0093543	1.3015e-05	0.01
0.00010981	4.7252e-07	5.1788e-05	3.2271e-05	8.2344e-06	1.4581e-05	7.2856e-06	0.0093541	1.2601e-05	0.01
0.00010801	4.1536e-07	4.8581e-05	3.2071e-05	7.9419e-06	1.4376e-05	7.1355e-06	0.0093539	1.2149e-05	0.01
0.00010638	4.7143e-07	4.5347e-05	3.1857e-05	7.7793e-06	1.4182e-05	6.9744e-06	0.0093537	1.166e-05	0.01
0.00010469	5.2134e-07	4.2091e-05	3.1633e-05	7.5727e-06	1.3983e-05	6.8043e-06	0.0093535	1.1139e-05	0.01
0.00010296	5.6628e-07	3.8821e-05	3.1403e-05	7.3347e-06	1.3781e-05	6.6284e-06	0.0093534	1.06e-05	0.01
0.00010119	6.0639e-07	3.8893e-05	3.1166e-05	7.0667e-06	1.3575e-05	6.4469e-06	0.0093532	1.0043e-05	0.01
9.9389e-05	6.4181e-07	3.8956e-05	3.0924e-05	6.7698e-06	1.3365e-05	6.2602e-06	0.009353	9.4688e-06	0.01
9.7554e-05	6.7254e-07	3.9009e-05	3.0676e-05	6.4439e-06	1.3152e-05	6.0683e-06	0.0093528	8.8777e-06	0.01
9.5815e-05	7.0513e-07	3.9063e-05	3.0446e-05	6.1686e-06	1.2946e-05	5.8909e-06	0.0093526	8.3504e-06	0.01
9.4164e-05	7.3952e-07	3.9117e-05	3.0232e-05	5.9371e-06	1.2746e-05	5.7263e-06	0.0093524	7.8777e-06	0.01
9.248e-05	7.691e-07	3.9162e-05	3.0013e-05	5.6777e-06	1.2542e-05	5.5566e-06	0.0093522	7.3899e-06	0.01
9.0894e-05	7.9362e-07	3.9197e-05	2.9787e-05	5.3872e-06	1.2345e-05	5.4015e-06	0.009352	6.8838e-06	0.01
8.9247e-05	8.2265e-07	3.9235e-05	2.9586e-05	5.1649e-06	1.2143e-05	5.2641e-06	0.0093519	6.4543e-06	0.01
8.7719e-05	8.5586e-07	3.9277e-05	2.9406e-05	4.9982e-06	1.1949e-05	5.1417e-06	0.0093517	6.0851e-06	0.01
8.6132e-05	8.8293e-07	3.9308e-05	2.9218e-05	4.7944e-06	1.175e-05	5.0121e-06	0.0093516	5.6943e-06	0.01
8.4488e-05	9.037e-07	3.9327e-05	2.902e-05	4.9878e-06	1.1545e-05	4.8749e-06	0.0093514	5.279e-06	0.01
8.2927e-05	9.2661e-07	3.9347e-05	2.8837e-05	5.2186e-06	1.1346e-05	4.7481e-06	0.0093513	4.9066e-06	0.01
8.1445e-05	9.447e-07	3.9357e-05	2.8649e-05	5.4229e-06	1.1153e-05	4.617e-06	0.0093512	4.5223e-06	0.01
8.0043e-05	9.6524e-07	3.9367e-05	2.8477e-05	5.6692e-06	1.0966e-05	4.4964e-06	0.0093511	4.1792e-06	0.01
7.8715e-05	9.8806e-07	3.9378e-05	2.8319e-05	5.9583e-06	1.0784e-05	4.3852e-06	0.009351	3.8713e-06	0.01
7.7357e-05	1.006e-06	3.938e-05	2.8157e-05	6.2197e-06	1.0599e-05	4.2699e-06	0.0093508	3.5532e-06	0.01
7.607e-05	1.0263e-06	3.9382e-05	2.8009e-05	6.527e-06	1.0419e-05	4.1636e-06	0.0093507	3.2676e-06	0.01
7.4856e-05	1.0494e-06	3.9384e-05	2.7876e-05	6.8876e-06	1.0245e-05	4.0664e-06	0.0093506	3.0126e-06	0.01
7.371e-05	1.075e-06	3.9387e-05	2.6742e-05	7.3043e-06	1.0075e-05	3.9775e-06	0.0093505	2.7842e-06	0.01
7.2631e-05	1.1037e-06	3.9391e-05	2.5663e-05	6.9138e-06	9.9111e-06	3.8968e-06	0.0093504	2.5807e-06	0.01
7.1618e-05	1.1355e-06	3.9395e-05	2.4637e-05	6.5804e-06	9.7439e-06	3.8241e-06	0.0093503	2.3996e-06	0.01
7.0665e-05	1.1703e-06	3.94e-05	2.3658e-05	6.2958e-06	9.5814e-06	3.7584e-06	0.0093503	2.2375e-06	0.01
6.9686e-05	1.2003e-06	3.9395e-05	2.2669e-05	5.9842e-06	9.416e-06	3.6893e-06	0.0093502	2.0693e-06	0.01
6.8767e-05	1.2333e-06	3.9391e-05	2.1725e-05	5.7182e-06	9.2552e-06	3.627e-06	0.0093501	1.9186e-06	0.01
6.5253e-05	1.3579e-06	3.933e-05	1.812e-05	4.7381e-06	8.6211e-06	3.3947e-06	0.0093498	1.368e-06	0.01
6.4417e-05	1.3876e-06	3.9304e-05	1.7261e-05	4.5129e-06	8.465e-06	3.341e-06	0.0093497	1.2426e-06	0.01
6.3634e-05	1.4208e-06	3.9278e-05	1.6441e-05	4.3225e-06	8.3132e-06	3.2933e-06	0.0093497	1.1299e-06	0.01
6.2825e-05	1.4489e-06	3.9243e-05	1.5612e-05	4.1068e-06	8.1583e-06	3.2421e-06	0.0093496	1.0118e-06	0.01
6.1993e-05	1.472e-06	3.9198e-05	1.4772e-05	3.8667e-06	8.0006e-06	3.1878e-06	0.0093495	8.8885e-07	0.01
6.1216e-05	1.4991e-06	3.9155e-05	1.3973e-05	3.662e-06	7.8474e-06	3.1397e-06	0.0093495	7.7845e-07	0.01
6.0492e-05	1.5303e-06	3.9112e-05	1.3212e-05	3.4894e-06	7.6987e-06	3.0977e-06	0.0093494	6.7927e-07	0.01
5.982e-05	1.5657e-06	3.9069e-05	1.2488e-05	3.3462e-06	7.5543e-06	3.0615e-06	0.0093494	5.9007e-07	0.01
5.92e-05	1.6058e-06	3.9028e-05	1.1799e-05	3.2315e-06	7.4142e-06	3.0313e-06	0.0093494	5.1003e-07	0.01
5.867e-05	1.637e-06	3.8993e-05	1.1084e-05	3.0618e-06	7.2823e-06	3.0129e-06	0.0093494	5.357e-07	0.01
5.8228e-05	1.5335e-06	3.8964e-05	1.0428e-05	2.9596e-06	7.1581e-06	3.0049e-06	0.0093493	5.6996e-07	0.01
5.7736e-05	1.4193e-06	3.8922e-05	9.7468e-06	2.8167e-06	7.0285e-06	2.9904e-06	0.0093493	5.9791e-07	0.01
5.7325e-05	1.3186e-06	3.8886e-05	9.1184e-06	2.7219e-06	6.9061e-06	2.9856e-06	0.0093493	6.3455e-07	0.01
5.6957e-05	1.2238e-06	3.885e-05	8.5188e-06	2.6476e-06	6.7873e-06	2.9858e-06	0.0093494	6.7605e-07	0.01
5.6631e-05	1.1344e-06	3.8815e-05	7.9462e-06	2.5926e-06	6.6718e-06	2.991e-06	0.0093494	7.2281e-07	0.01
5.6345e-05	1.0499e-06	3.878e-05	7.3995e-06	2.5561e-06	6.5595e-06	3.0011e-06	0.0093494	7.7537e-07	0.01
5.6036e-05	9.6003e-07	3.8735e-05	6.8453e-06	2.4977e-06	6.4445e-06	3.008e-06	0.0093494	8.2407e-07	0.01
5.5706e-05	8.6495e-07	3.8681e-05	6.2842e-06	2.4184e-06	6.3267e-06	3.0119e-06	0.0093495	8.6915e-07	0.01
5.5354e-05	7.6463e-07	3.8618e-05	5.7162e-06	2.318e-06	6.2063e-06	3.0127e-06	0.0093495	9.1063e-07	0.01
5.5045e-05	6.6948e-07	3.8555e-05	5.1748e-06	2.2372e-06	6.0893e-06	3.0188e-06	0.0093495	9.5848e-07	0.01
5.4713e-05	5.6896e-07	3.8483e-05	4.6259e-06	2.1348e-06	5.9755e-06	3.0218e-06	0.0093495	1.0024e-06	0.01
5.4423e-05	4.6306e-07	3.8402e-05	4.6286e-06	2.0107e-06	5.8649e-06	3.0215e-06	0.0093496	1.0425e-06	0.01
5.4175e-05	3.6203e-07	3.8321e-05	4.6358e-06	1.9052e-06	5.7576e-06	3.0265e-06	0.0093496	1.0892e-06	0.01
5.3966e-05	2.5589e-07	3.823e-05	4.6402e-06	1.7791e-06	5.6532e-06	3.0284e-06	0.0093496	1.1322e-06	0.01
5.3734e-05	2.7988e-07	3.8131e-05	4.6417e-06	1.6317e-06	5.546e-06	3.0272e-06	0.0093496	1.1714e-06	0.01
5.348e-05	2.9966e-07	3.8022e-05	4.6404e-06	1.4636e-06	5.4361e-06	3.023e-06	0.0093497	1.2068e-06	0.01
5.3267e-05	3.1947e-07	3.7914e-05	4.6436e-06	1.3133e-06	5.3293e-06	3.024e-06	0.0093497	1.249e-06	0.01
5.3032e-05	3.3497e-07	3.7796e-05	4.6438e-06	1.1419e-06	5.2197e-06	3.0219e-06	0.0093497	1.2873e-06	0.01
5.2835e-05	3.504e-07	3.7678e-05	4.6482e-06	9.8503e-07	5.113e-06	3.0247e-06	0.0093498	1.3324e-06	0.01
5.2678e-05	3.6601e-07	3.7561e-05	4.6571e-06	8.4182e-07	5.0092e-06	3.0328e-06	0.0093498	1.3854e-06	0.01
5.256e-05	3.8175e-07	3.7445e-05	4.6704e-06	7.0923e-07	4.9081e-06	3.0227e-06	0.0093499	1.4464e-06	0.01
5.2479e-05	3.9768e-07	3.7328e-05	4.6879e-06	5.8517e-07	4.8096e-06	3.0176e-06	0.0093499	1.5162e-06	0.01
5.2438e-05	4.1406e-07	3.7212e-05	4.7101e-06	4.6897e-07	4.7139e-06	3.0178e-06	0.00935	1.5961e-06	0.01
5.2465e-05	4.3728e-07	3.7084e-05	4.7407e-06	5.8243e-07	4.6233e-06	3.0124e-06	0.0093501	1.5779e-06	0.01
5.2472e-05	4.5612e-07	3.6947e-05	4.7685e-06	6.7748e-07	4.5302e-06	3.0038e-06	0.0093502	1.5558e-06	0.01
5.2518e-05	4.7571e-07	3.681e-05	4.801e-06	7.794e-07	4.4396e-06	3.0006e-06	0.0093503	1.5407e-06	0.01
5.2542e-05	4.907e-07	3.6663e-05	4.8305e-06	8.6225e-07	4.3463e-06	2.9941e-06	0.0093504	1.5217e-06	0.01
5.2544e-05	5.0133e-07	3.6507e-05	4.8571e-06	9.2662e-07	4.2505e-06	2.9846e-06	0.0093504	1.4989e-06	0.01
5.2587e-05	5.1274e-07	3.6352e-05	4.8886e-06	9.9858e-07	4.1572e-06	2.9804e-06	0.0093505	1.483e-06	0.01
5.2607e-05	5.1968e-07	3.6197e-05	4.917e-06	1.0514e-06	4.0613e-06	2.9814e-06	0.0093506	1.4631e-06	0.01
5.2604e-05	5.2215e-07	3.6033e-05	4.9424e-06	1.085e-06	3.9627e-06	2.9792e-06	0.0093507	1.4393e-06	0.01
5.2643e-05	5.2019e-07	3.586e-05	4.9649e-06	1.0997e-06	3.8667e-06	2.9739e-06	0.0093508	1.4116e-06	0.01
5.266e-05	5.189e-07	3.5686e-05	4.992e-06	1.1227e-06	3.7681e-06	2.9736e-06	0.0093509	1.3905e-06	0.01
5.2714e-05	5.182e-07	3.5513e-05	5.0237e-06	1.1549e-06	3.6717e-06	2.9782e-06	0.009351	1.3755e-06	0.01
5.2805e-05	5.1809e-07	3.534e-05	5.06e-06	1.1949e-06	3.5775e-06	2.9878e-06	0.0093511	1.3666e-06	0.01
5.2874e-05	5.1351e-07	3.5157e-05	5.0933e-06	1.2154e-06	3.4807e-06	2.9942e-06	0.0093512	1.3539e-06	0.01
5.2921e-05	5.0447e-07	3.4965e-05	5.1236e-06	1.2166e-06	3.3821e-06	2.9974e-06	0.0093513	1.3372e-06	0.01
5.3007e-05	4.9619e-07	3.4774e-05	5.1589e-06	1.2266e-06	3.2859e-06	3.0059e-06	0.0093514	1.3269e-06	0.01
5.3071e-05	4.8345e-07	3.4573e-05	5.191e-06	1.2173e-06	3.187e-06	3.0112e-06	0.0093515	1.3128e-06	0.01
5.3115e-05	4.6631e-07	3.4362e-05	5.2203e-06	1.189e-06	3.0857e-06	3.0139e-06	0.0093516	1.295e-06	0.01
5.3198e-05	4.4995e-07	3.4153e-05	5.2547e-06	1.1698e-06	2.9866e-06	3.0221e-06	0.0093518	1.2835e-06	0.01
5.3351e-05	4.3694e-07	3.3948e-05	5.2987e-06	1.0815e-06	2.8918e-06	3.0415e-06	0.0093519	1.2833e-06	0.01
5.3463e-05	4.2685e-07	3.3732e-05	5.2357e-06	1.2928e-06	2.7931e-06	3.0552e-06	0.009352	1.1805e-06	0.01
5.3614e-05	4.1707e-07	3.3515e-05	5.1779e-06	1.5249e-06	2.6963e-06	3.0739e-06	0.0093522	1.0885e-06	0.01
5.3742e-05	4.0289e-07	3.3289e-05	5.1169e-06	1.7344e-06	2.5969e-06	3.0895e-06	0.0093523	9.9172e-07	0.01
5.391e-05	3.8911e-07	3.3064e-05	5.0614e-06	1.9686e-06	2.4996e-06	3.1105e-06	0.0093524	9.0529e-07	0.01
5.4119e-05	3.7565e-07	3.2838e-05	5.0111e-06	2.231e-06	2.4041e-06	3.1371e-06	0.0093526	8.2818e-07	0.01
5.4306e-05	3.5785e-07	3.2603e-05	4.9577e-06	2.4697e-06	2.3062e-06	3.1604e-06	0.0093527	7.4671e-07	0.01
5.4537e-05	3.4044e-07	3.2369e-05	4.9098e-06	2.7415e-06	2.2102e-06	3.1897e-06	0.0093529	6.7416e-07	0.01
5.4817e-05	3.1826e-07	3.2124e-05	4.858e-06	2.9832e-06	2.1167e-06	3.2149e-06	0.009353	5.9619e-07	0.01
5.5067e-05	2.9116e-07	3.1869e-05	4.8022e-06	3.1939e-06	2.0182e-06	3.2357e-06	0.0093532	5.1234e-07	0.01
5.5389e-05	2.6626e-07	3.1618e-05	4.755e-06	3.4642e-06	1.9234e-06	3.2662e-06	0.0093533	4.4186e-07	0.01
5.5792e-05	2.439e-07	3.1373e-05	4.7172e-06	3.8324e-06	1.8326e-06	3.3081e-06	0.0093535	3.8401e-07	0.01
5.6274e-05	2.2343e-07	3.1133e-05	4.6883e-06	4.2938e-06	1.7454e-06	3.3614e-06	0.0093537	3.3614e-07	0.01
5.6712e-05	2.9331e-07	3.088e-05	4.6539e-06	4.6992e-06	1.6544e-06	3.408e-06	0.0093538	2.8202e-07	0.01
5.7104e-05	3.5621e-07	3.0615e-05	4.6141e-06	5.0508e-06	1.5597e-06	3.4481e-06	0.009354	2.2142e-07	0.01
5.7577e-05	4.1048e-07	3.0355e-05	4.5688e-06	4.9413e-06	1.4685e-06	3.4996e-06	0.0093541	2.3036e-07	0.01
5.8e-05	4.5766e-07	3.0082e-05	4.5172e-06	5.7699e-06	1.3734e-06	3.544e-06	0.0093543	2.3494e-07	0.01
5.8389e-05	5.087e-07	2.9812e-05	4.473e-06	5.8115e-06	1.2751e-06	3.5981e-06	0.0093544	2.4234e-07	0.01
5.8832e-05	5.6289e-07	2.9544e-05	4.4345e-06	5.9065e-06	1.1789e-06	3.6606e-06	0.0093546	2.5196e-07	0.01
5.9253e-05	6.1229e-07	2.9266e-05	4.3932e-06	5.9757e-06	1.0802e-06	3.7195e-06	0.0093548	2.5877e-07	0.01
5.9651e-05	6.5705e-07	2.8979e-05	4.349e-06	6.0205e-06	9.7921e-07	3.7751e-06	0.0093549	2.6286e-07	0.01
6.0027e-05	6.9715e-07	2.8682e-05	4.3019e-06	6.0408e-06	1.0422e-06	3.8273e-06	0.0093551	2.6423e-07	0.01
6.0381e-05	7.3263e-07	2.8377e-05	4.2521e-06	6.0369e-06	1.103e-06	3.8762e-06	0.0093552	2.6288e-07	0.01
5.9702e-05	7.7007e-07	2.8071e-05	4.2066e-06	6.0678e-06	1.1643e-06	3.9316e-06	0.0093554	2.6299e-07	0.01
5.9074e-05	8.0272e-07	2.7756e-05	4.1582e-06	6.0731e-06	1.2233e-06	3.9835e-06	0.0093555	2.603e-07	0.01
5.8422e-05	8.3059e-07	2.7431e-05	4.1067e-06	6.0527e-06	1.28e-06	4.0318e-06	0.0093557	2.548e-07	0.01
5.7819e-05	8.6076e-07	2.7106e-05	4.0599e-06	6.0696e-06	1.3374e-06	4.0872e-06	0.0093559	2.5089e-07	0.01
5.7265e-05	8.9338e-07	2.6782e-05	4.0176e-06	6.1273e-06	1.3954e-06	4.1501e-06	0.009356	2.4854e-07	0.01
5.6686e-05	9.2117e-07	2.6448e-05	3.9724e-06	6.1592e-06	1.4517e-06	4.2092e-06	0.0093562	2.4339e-07	0.01
5.6085e-05	9.4427e-07	2.6104e-05	3.9244e-06	6.1666e-06	1.5062e-06	4.2649e-06	0.0093564	2.3555e-07	0.01
5.5461e-05	9.6251e-07	2.5752e-05	3.8735e-06	6.1495e-06	1.5591e-06	4.3171e-06	0.0093565	2.2499e-07	0.01
5.4815e-05	9.7608e-07	2.7497e-05	3.8199e-06	6.1079e-06	1.6101e-06	4.3659e-06	0.0093567	2.1173e-07	0.01
5.4214e-05	9.9185e-07	2.9254e-05	3.7705e-06	6.1015e-06	1.6595e-06	4.4218e-06	0.0093569	1.9984e-07	0.01
5.3589e-05	1.0028e-06	3.1e-05	3.7182e-06	8.0115e-06	1.7071e-06	4.474e-06	0.009357	1.8517e-07	0.01
5.294e-05	1.0089e-06	3.2736e-05	3.6629e-06	9.8541e-06	1.753e-06	4.5225e-06	0.0093572	1.6772e-07	0.01
5.2211e-05	1.0101e-06	3.446e-05	3.6047e-06	1.163e-05	1.7971e-06	4.5673e-06	0.0093574	1.4747e-07	0.01
5.1528e-05	1.0137e-06	3.6196e-05	3.1591e-06	1.3629e-05	1.8395e-06	4.6193e-06	0.0093575	1.2859e-07	0.01
5.0821e-05	1.0124e-06	3.7921e-05	2.7069e-06	1.5556e-05	1.8802e-06	4.6676e-06	0.0093577	1.0693e-07	0.01
5.0091e-05	1.0063e-06	3.9636e-05	2.2487e-06	1.7415e-05	1.9191e-06	4.7123e-06	0.0093579	8.2536e-08	0.01
4.9445e-05	9.9305e-07	4.1332e-05	2.1993e-06	1.9085e-05	1.9563e-06	4.7498e-06	0.009358	9.695e-08	0.01
4.888e-05	9.7258e-07	4.3009e-05	2.1454e-06	2.0609e-05	1.9917e-06	4.7801e-06	0.0093582	1.0778e-07	0.01
4.8393e-05	9.4488e-07	4.4668e-05	2.0869e-06	2.1996e-05	2.0298e-06	4.8033e-06	0.0093583	1.1509e-07	0.01
4.7861e-05	1.1088e-06	4.6308e-05	2.0237e-06	2.3252e-05	2.0645e-06	4.8194e-06	0.0093584	2.0367e-07	0.01
4.7291e-05	1.2626e-06	4.7932e-05	1.9561e-06	2.4402e-05	2.0962e-06	4.8294e-06	0.0093586	2.8509e-07	0.01
4.679e-05	1.4064e-06	4.9539e-05	1.8843e-06	2.5449e-05	2.1248e-06	4.8333e-06	0.0093587	3.5966e-07	0.01
4.6357e-05	1.5665e-06	5.1168e-05	1.8203e-06	2.6779e-05	2.1555e-06	4.645e-06	0.0093584	4.475e-07	0.01
4.589e-05	1.7169e-06	5.2782e-05	1.7523e-06	2.8007e-05	2.1833e-06	4.448e-06	0.009358	5.2858e-07	0.01
4.5482e-05	1.8829e-06	5.4416e-05	1.6896e-06	2.95e-05	2.2093e-06	4.2703e-06	0.0093577	6.2285e-07	0.01
4.5029e-05	2.0695e-06	5.6074e-05	1.6328e-06	3.1364e-05	2.2319e-06	4.1183e-06	0.0093573	6.3564e-07	0.01
4.4622e-05	2.2712e-06	5.7749e-05	1.5795e-06	3.3525e-05	2.2556e-06	3.9793e-06	0.009357	6.531e-07	0.01
4.426e-05	2.4891e-06	5.944e-05	1.5295e-06	3.6028e-05	2.2803e-06	3.8523e-06	0.0093567	6.755e-07	0.01
4.3871e-05	2.6974e-06	6.1117e-05	1.4764e-06	3.8404e-05	2.3025e-06	3.7197e-06	0.0093564	6.9376e-07	0.01
4.3458e-05	2.8979e-06	6.2782e-05	1.4206e-06	4.0686e-05	2.3222e-06	3.5823e-06	0.0093561	7.0846e-07	0.01
4.3081e-05	3.112e-06	6.446e-05	1.3673e-06	4.3269e-05	2.3426e-06	3.4546e-06	0.0093559	7.2712e-07	0.01
4.2682e-05	3.3408e-06	6.6151e-05	1.3164e-06	4.3268e-05	2.3607e-06	3.3361e-06	0.0093556	7.4997e-07	0.01
4.2262e-05	3.5624e-06	6.7832e-05	1.2631e-06	4.3225e-05	2.3765e-06	3.2137e-06	0.0093553	7.6953e-07	0.01
4.188e-05	3.8003e-06	6.9526e-05	1.2122e-06	4.3306e-05	2.3932e-06	3.1005e-06	0.009355	7.9373e-07	0.01
4.1477e-05	4.0308e-06	7.1209e-05	1.1588e-06	4.8812e-05	2.4075e-06	2.9836e-06	0.0093547	8.1461e-07	0.01
4.1111e-05	4.2786e-06	7.2907e-05	1.1079e-06	5.5045e-05	2.4227e-06	2.8753e-06	0.0093545	8.4035e-07	0.01
4.0782e-05	4.5449e-06	7.4619e-05	1.0591e-06	6.21e-05	2.4386e-06	2.7753e-06	0.0093542	8.713e-07	0.01
4.0432e-05	4.8035e-06	7.632e-05	1.008e-06	6.8968e-05	2.4523e-06	2.6717e-06	0.009354	8.988e-07	0.01
4.0118e-05	5.0816e-06	7.8036e-05	9.5897e-07	7.6745e-05	2.4669e-06	2.5758e-06	0.0093537	9.3179e-07	0.01
3.9837e-05	5.3798e-06	7.9766e-05	9.1179e-07	8.5501e-05	2.4821e-06	2.487e-06	0.0093535	9.7031e-07	0.01
3.9536e-05	5.6696e-06	8.1485e-05	8.6228e-07	9.4029e-05	2.495e-06	2.3947e-06	0.0093533	1.0053e-06	0.01
3.9214e-05	5.9511e-06	8.3193e-05	8.1044e-07	0.00010233	2.5063e-06	2.299e-06	0.009353	1.0366e-06	0.01
3.8935e-05	6.2209e-06	8.4887e-05	7.5574e-07	0.00011027	2.5188e-06	2.1985e-06	0.0093528	1.0633e-06	0.01
3.8706e-05	6.5211e-06	8.6604e-05	7.0423e-07	0.00011968	2.5331e-06	2.0927e-06	0.0093525	1.0989e-06	0.01
3.8456e-05	6.8126e-06	8.831e-05	6.5038e-07	0.00012882	2.5451e-06	1.9833e-06	0.0093523	1.1307e-06	0.01
3.8238e-05	7.126e-06	9.003e-05	5.982e-07	0.00013913	2.558e-06	1.8809e-06	0.009352	1.1687e-06	0.01
3.7999e-05	7.4301e-06	9.1739e-05	5.4364e-07	0.00014914	2.5685e-06	1.775e-06	0.0093518	1.2027e-06	0.01
3.7793e-05	7.7589e-06	9.3463e-05	4.9085e-07	0.00016051	2.5799e-06	1.6763e-06	0.0093516	1.2437e-06	0.01
3.7557e-05	8.0719e-06	9.5171e-05	4.3498e-07	0.00017124	2.5884e-06	1.5722e-06	0.0093513	1.2787e-06	0.01
3.7382e-05	8.3637e-06	9.6909e-05	4.6132e-07	0.00017992	2.5996e-06	1.4803e-06	0.0093511	1.3062e-06	0.01
3.7186e-05	8.6459e-06	9.8635e-05	4.8549e-07	0.00018832	2.6083e-06	1.3849e-06	0.0093509	1.3296e-06	0.01
3.7023e-05	8.9519e-06	0.00010038	5.1032e-07	0.00019786	2.618e-06	1.2957e-06	0.0093507	1.3597e-06	0.01
3.6889e-05	9.2823e-06	0.00010213	5.3577e-07	0.00020862	2.6284e-06	1.2119e-06	0.0093504	1.3964e-06	0.01
3.6786e-05	9.6019e-06	0.00010388	5.5906e-07	0.00021907	2.6397e-06	1.1249e-06	0.0093502	1.4291e-06	0.01
3.6663e-05	9.9117e-06	0.00010562	5.8019e-07	0.00022921	2.6487e-06	1.0346e-06	0.00935	1.4578e-06	0.01
3.652e-05	1.0212e-05	0.00010734	5.9915e-07	0.00023919	2.6553e-06	9.4095e-07	0.0093498	1.4825e-06	0.01
3.6407e-05	1.0538e-05	0.00010908	6.1885e-07	0.00025051	2.6628e-06	8.5298e-07	0.0093496	1.5144e-06	0.01
3.6329e-05	1.0852e-05	0.0001108	6.3629e-07	0.00026144	2.6715e-06	7.6143e-07	0.0093494	1.5417e-06	0.01
3.6311e-05	1.1214e-05	0.00011256	6.5604e-07	0.0002649	2.6765e-06	6.6375e-07	0.0093491	1.4735e-06	0.01
3.6335e-05	1.1615e-05	0.00011434	6.7731e-07	0.00026908	2.6832e-06	5.7357e-07	0.009349	1.4173e-06	0.01
3.6401e-05	1.2058e-05	0.00011614	7.002e-07	0.00027409	2.6915e-06	4.9015e-07	0.0093488	1.3718e-06	0.01
3.6525e-05	1.5186e-05	0.00011798	7.1987e-07	0.00027849	2.7024e-06	4.1501e-07	0.0093486	1.4983e-06	0.01
3.661e-05	1.8178e-05	0.00011979	7.3635e-07	0.0002825	2.7081e-06	3.3458e-07	0.0093484	1.6131e-06	0.01
3.6654e-05	2.1023e-05	0.00012158	7.4947e-07	0.00028609	2.7103e-06	2.4827e-07	0.0093482	1.7157e-06	0.01
3.6757e-05	2.4222e-05	0.00012336	7.6508e-07	0.00029068	2.715e-06	2.484e-07	0.0093481	1.842e-06	0.01
3.6838e-05	2.7368e-05	0.00012511	7.7848e-07	0.0002951	2.7173e-06	2.4639e-07	0.0093479	1.9626e-06	0.01
3.6949e-05	3.0733e-05	0.00012689	7.9271e-07	0.00030017	2.7205e-06	2.4458e-07	0.0093477	2.0977e-06	0.01
3.7039e-05	3.4044e-05	0.00012868	8.0473e-07	0.00030507	2.7213e-06	2.4064e-07	0.0093475	2.2269e-06	0.01
3.7109e-05	3.73e-05	0.00013046	8.1455e-07	0.0003098	2.7198e-06	2.3455e-07	0.0093473	2.3502e-06	0.01
3.7211e-05	4.0796e-05	0.00013226	8.2532e-07	0.00031524	2.7192e-06	2.2875e-07	0.0093471	2.4896e-06	0.01
3.7292e-05	4.4234e-05	0.00013405	8.3394e-07	0.00032052	2.7194e-06	2.2087e-07	0.009347	2.6234e-06	0.01
3.7406e-05	4.793e-05	0.00013586	8.4357e-07	0.00032659	2.7206e-06	2.1326e-07	0.0093468	2.775e-06	0.01
3.7498e-05	5.1557e-05	0.00013765	8.509e-07	0.00033243	2.7193e-06	2.0346e-07	0.0093466	2.9194e-06	0.01
3.7651e-05	5.3182e-05	0.00013948	8.6107e-07	0.00033979	2.7208e-06	1.9518e-07	0.0093464	3.099e-06	0.01
3.7783e-05	5.4776e-05	0.00014129	8.69e-07	0.00034692	2.7199e-06	1.8478e-07	0.0093462	3.2712e-06	0.01
3.7947e-05	5.6494e-05	0.00014313	8.7796e-07	0.00035505	2.72e-06	1.7454e-07	0.0093461	3.4656e-06	0.01
3.8145e-05	5.8344e-05	0.00014498	8.8801e-07	0.00036447	2.721e-06	1.6457e-07	0.0093459	3.4287e-06	0.01
3.8376e-05	6.0337e-05	0.00014685	8.9915e-07	0.0003752	2.723e-06	1.5468e-07	0.0093457	3.4034e-06	0.01
3.8585e-05	6.2293e-05	0.00014871	9.0806e-07	0.0003856	2.7226e-06	1.4271e-07	0.0093456	3.3731e-06	0.01
3.8829e-05	6.4399e-05	0.00015059	9.1805e-07	0.00039743	2.7232e-06	1.3076e-07	0.0093454	3.354e-06	0.01
3.9051e-05	6.6467e-05	0.00015246	9.258e-07	0.00040891	2.7214e-06	1.1674e-07	0.0093453	3.3301e-06	0.01
3.9253e-05	6.8503e-05	0.00015432	9.3138e-07	0.00042009	2.7173e-06	1.0067e-07	0.0093451	3.3015e-06	0.01
3.9502e-05	6.8765e-05	0.0001562	9.3886e-07	0.00043326	2.7149e-06	1.2079e-07	0.0093449	3.2878e-06	0.01
3.9724e-05	6.9007e-05	0.00015807	9.4377e-07	0.00044587	2.7099e-06	1.3854e-07	0.0093448	3.2677e-06	0.01
3.9992e-05	6.9312e-05	0.00015996	9.5049e-07	0.00046066	2.7065e-06	1.5385e-07	0.0093446	3.2616e-06	0.01
4.0302e-05	6.9596e-05	0.00016184	9.5469e-07	0.00047484	2.7043e-06	1.6685e-07	0.0093445	3.2496e-06	0.01
4.0648e-05	6.9932e-05	0.00016374	9.6002e-07	0.00049094	2.7031e-06	1.8003e-07	0.0093444	3.2482e-06	0.01
4.1029e-05	7.0318e-05	0.00016566	9.6637e-07	0.0005091	2.7027e-06	1.9334e-07	0.0093442	3.2571e-06	0.01
4.1446e-05	7.0758e-05	0.0001676	9.7387e-07	0.00052969	2.7033e-06	2.0694e-07	0.0093441	3.2768e-06	0.01
4.1902e-05	7.1256e-05	0.00016955	9.8255e-07	0.00055303	2.7047e-06	2.2089e-07	0.009344	3.3075e-06	0.01
4.2396e-05	7.1813e-05	0.00017153	9.9241e-07	0.00057947	2.707e-06	2.3526e-07	0.0093439	3.3498e-06	0.01
4.2868e-05	7.2352e-05	0.0001735	1e-06	0.00060517	2.707e-06	2.4746e-07	0.0093438	3.387e-06	0.01
4.3377e-05	7.2951e-05	0.00017546	1.0087e-06	0.00060972	2.7078e-06	2.6003e-07	0.0093437	3.4354e-06	0.01
4.3925e-05	7.3611e-05	0.00017743	1.0185e-06	0.00061502	2.7095e-06	2.7302e-07	0.0093436	3.4956e-06	0.01
4.4515e-05	7.2993e-05	0.00017943	1.0296e-06	0.00062118	2.712e-06	2.8662e-07	0.0093435	3.5691e-06	0.01
4.5083e-05	7.2359e-05	0.00018141	1.0384e-06	0.00062715	2.7123e-06	2.9805e-07	0.0093434	3.6375e-06	0.01
4.5627e-05	7.1703e-05	0.00018338	1.0449e-06	0.00063288	2.7101e-06	3.0719e-07	0.0093433	3.6999e-06	0.01
4.6121e-05	6.9284e-05	0.0001854	1.0548e-06	0.00064024	2.7107e-06	3.1862e-07	0.0093432	3.7878e-06	0.01
4.6591e-05	6.6818e-05	0.0001874	1.0624e-06	0.00064734	2.7089e-06	3.2777e-07	0.0093431	3.8697e-06	0.01
4.7101e-05	6.452e-05	0.00018942	1.0712e-06	0.00065547	2.7079e-06	3.3754e-07	0.009343	3.9661e-06	0.01
4.7655e-05	6.2386e-05	0.00019146	1.0814e-06	0.00065471	2.708e-06	3.451e-07	0.0093429	4.0791e-06	0.01
4.6225e-05	6.0396e-05	0.00019352	1.0928e-06	0.00065445	2.7088e-06	3.5328e-07	0.0093429	4.2089e-06	0.01
4.4768e-05	5.8374e-05	0.00019557	1.102e-06	0.00065407	2.7073e-06	3.5929e-07	0.0093428	4.3327e-06	0.01
4.3377e-05	5.6489e-05	0.00019765	1.1124e-06	0.00065419	2.7067e-06	3.6594e-07	0.0093427	4.4745e-06	0.01
4.1958e-05	5.4569e-05	0.00019971	1.1205e-06	0.00065417	2.7037e-06	3.7034e-07	0.0093426	4.6095e-06	0.01
4.051e-05	5.2615e-05	0.00020176	1.1263e-06	0.00065403	2.6983e-06	3.7251e-07	0.0093425	4.7379e-06	0.01
3.913e-05	5.0799e-05	0.00020383	1.1335e-06	0.0006544	2.6939e-06	3.7544e-07	0.0093425	4.6227e-06	0.01
3.7815e-05	4.911e-05	0.00020592	1.1421e-06	0.0006553	2.6904e-06	3.7913e-07	0.0093424	4.5247e-06	0.01
3.6474e-05	4.7394e-05	0.000208	1.1484e-06	0.00065608	2.6846e-06	3.8064e-07	0.0093423	4.421e-06	0.01
3.5195e-05	4.5799e-05	0.00021011	1.1562e-06	0.0006574	2.6797e-06	3.8293e-07	0.0093423	4.3336e-06	0.01
3.3976e-05	4.4318e-05	0.00021224	1.1654e-06	0.00065928	2.6757e-06	3.86e-07	0.0093422	4.2614e-06	0.01
3.2813e-05	4.2942e-05	0.00021439	1.1761e-06	0.00066174	2.6726e-06	3.8988e-07	0.0093422	4.2035e-06	0.01
3.1625e-05	4.1665e-05	0.00021656	1.1882e-06	0.00066483	2.6672e-06	3.9457e-07	0.0093421	4.1591e-06	0.01
3.0489e-05	4.0476e-05	0.00021876	1.2017e-06	0.00066855	2.6626e-06	3.9999e-07	0.0093421	4.1271e-06	0.01
2.9328e-05	3.9265e-05	0.00022095	1.2129e-06	0.00067212	2.6557e-06	4.0321e-07	0.0093421	4.09e-06	0.01
2.8265e-05	3.8203e-05	0.00022318	1.2279e-06	0.00067697	2.6515e-06	4.096e-07	0.0093421	4.0759e-06	0.01
2.7292e-05	3.7078e-05	0.00022539	1.239e-06	0.00068126	2.6501e-06	4.1254e-07	0.009342	4.0501e-06	0.01
2.6398e-05	3.5897e-05	0.00022757	1.2467e-06	0.0006851	2.6513e-06	4.1221e-07	0.009342	4.0133e-06	0.01
2.5456e-05	3.4648e-05	0.00022972	1.2505e-06	0.00069112	2.6489e-06	4.0737e-07	0.009342	3.9645e-06	0.01
2.4469e-05	3.3337e-05	0.00023185	1.2507e-06	0.00069658	2.6431e-06	3.9925e-07	0.009342	3.9044e-06	0.01
2.3579e-05	3.1961e-05	0.00023396	1.2474e-06	0.0007015	2.6338e-06	3.8783e-07	0.0093419	3.8326e-06	0.01
2.2662e-05	3.0515e-05	0.00023611	1.2405e-06	0.0007059	2.6212e-06	3.7323e-07	0.0093419	3.7486e-06	0.01
2.1809e-05	2.9211e-05	0.00023829	1.2364e-06	0.00071144	2.6105e-06	3.6062e-07	0.0093419	3.6851e-06	0.01
2.1014e-05	2.8036e-05	0.00024051	1.235e-06	0.00071831	2.6017e-06	3.4989e-07	0.0093419	3.6405e-06	0.01
2.0186e-05	2.682e-05	0.00024272	1.2307e-06	0.0007243	2.5901e-06	3.364e-07	0.0093419	3.5879e-06	0.01
1.9327e-05	2.5564e-05	0.0002449	1.2236e-06	0.00072992	2.5757e-06	3.2022e-07	0.0093419	3.5275e-06	0.01
1.8519e-05	2.442e-05	0.00024712	1.2188e-06	0.00073674	2.5629e-06	3.0554e-07	0.0093418	3.4835e-06	0.01
1.7772e-05	2.3223e-05	0.00024932	1.2106e-06	0.00074299	2.5525e-06	2.8773e-07	0.0093418	3.4295e-06	0.01
1.7084e-05	2.2158e-05	0.00025156	1.2057e-06	0.00075088	2.5444e-06	2.721e-07	0.0093418	3.3957e-06	0.01
1.6453e-05	2.122e-05	0.00025385	1.2044e-06	0.0007609	2.5346e-06	2.5916e-07	0.0093418	3.3826e-06	0.01
1.5877e-05	2.0396e-05	0.00025611	1.2066e-06	0.00076699	2.5275e-06	2.4314e-07	0.0093419	3.2042e-06	0.01
1.5348e-05	1.9661e-05	0.00025841	1.2117e-06	0.00077458	2.5225e-06	2.2878e-07	0.0093419	3.057e-06	0.01
1.4858e-05	1.9002e-05	0.00026076	1.2197e-06	0.00078382	2.5194e-06	2.1572e-07	0.0093419	2.9351e-06	0.01
1.4406e-05	1.8413e-05	0.00026314	1.2305e-06	0.00079502	2.5183e-06	2.0388e-07	0.009342	2.8357e-06	0.01
1.3924e-05	1.7892e-05	0.00026557	1.2445e-06	0.00080871	2.5141e-06	1.9361e-07	0.009342	2.7574e-06	0.01
1.3475e-05	1.7424e-05	0.00026804	1.2612e-06	0.00082499	2.5116e-06	1.8414e-07	0.0093421	2.6957e-06	0.01
1.3002e-05	1.6937e-05	0.00027049	1.275e-06	0.00084047	2.5063e-06	1.7228e-07	0.0093422	2.6269e-06	0.01
1.2559e-05	1.6498e-05	0.00027297	1.2913e-06	0.00085868	2.5026e-06	1.6101e-07	0.0093423	2.5727e-06	0.01
1.2093e-05	1.6041e-05	0.00027544	1.3047e-06	0.000876	2.496e-06	1.4737e-07	0.0093423	2.5117e-06	0.01
1.1669e-05	1.5646e-05	0.00027788	1.3221e-06	0.00088096	2.4922e-06	1.3075e-07	0.0093424	2.4703e-06	0.01
1.1212e-05	1.5222e-05	0.00028029	1.3356e-06	0.00088533	2.4848e-06	1.5821e-07	0.0093425	2.4186e-06	0.01
1.0778e-05	1.4835e-05	0.00028273	1.3511e-06	0.00089062	2.4784e-06	1.8667e-07	0.0093426	2.3781e-06	0.01
1.0362e-05	1.4437e-05	0.00028516	1.3643e-06	0.0008957	2.4729e-06	2.1286e-07	0.0093428	2.3329e-06	0.01
9.9645e-06	1.4071e-05	0.00028761	1.3791e-06	0.00090169	2.4681e-06	2.3995e-07	0.0093429	2.2974e-06	0.01
9.5822e-06	1.3733e-05	0.0002901	1.3956e-06	0.00090864	2.464e-06	2.6795e-07	0.009343	2.2706e-06	0.01
9.1824e-06	1.3385e-05	0.00029257	1.4098e-06	0.00091534	2.4576e-06	2.9364e-07	0.0093431	2.2394e-06	0.01
8.765e-06	1.3026e-05	0.00029502	1.4215e-06	0.0009218	2.4489e-06	3.1703e-07	0.0093432	2.2037e-06	0.01
8.3641e-06	1.2697e-05	0.00029751	1.435e-06	0.00092932	2.441e-06	3.4152e-07	0.0093434	2.1771e-06	0.01
7.9777e-06	1.2357e-05	0.00029998	1.4462e-06	0.0009366	2.4338e-06	3.6374e-07	0.0093435	2.1462e-06	0.01
7.5743e-06	1.2008e-05	0.00030244	1.4551e-06	0.00094365	2.4243e-06	3.8371e-07	0.0093436	2.1112e-06	0.01
7.1867e-06	1.1688e-05	0.00030494	1.4659e-06	0.00095186	2.4157e-06	4.0493e-07	0.0093438	2.0853e-06	0.01
7.6753e-06	1.1345e-05	0.0003074	1.473e-06	0.00096346	2.4038e-06	4.2273e-07	0.0093439	2.051e-06	0.01
8.2012e-06	1.1049e-05	0.00030992	1.4839e-06	0.00097796	2.3942e-06	4.4356e-07	0.0093441	2.0319e-06	0.01
8.7671e-06	1.0731e-05	0.00031241	1.4912e-06	0.00099134	2.3869e-06	4.6177e-07	0.0093442	2.0045e-06	0.01
9.302e-06	1.0391e-05	0.00031487	1.4947e-06	0.0010037	2.3764e-06	4.7651e-07	0.0093444	1.9687e-06	0.01
9.8796e-06	1.0029e-05	0.0003173	1.4945e-06	0.001015	2.3681e-06	4.8779e-07	0.0093445	1.9244e-06	0.01
1.0423e-05	9.6389e-06	0.00031971	1.4903e-06	0.0010252	2.3564e-06	4.9528e-07	0.0093446	2.0913e-06	0.01
1.1011e-05	9.297e-06	0.00032217	1.4899e-06	0.001027	2.347e-06	5.0578e-07	0.0093448	2.1143e-06	0.01
1.1566e-05	8.933e-06	0.0003246	1.4859e-06	0.0010282	2.3344e-06	5.1283e-07	0.0093449	2.1291e-06	0.01
1.217e-05	8.6167e-06	0.00032709	1.4861e-06	0.0010235	2.3242e-06	5.2318e-07	0.009345	2.16e-06	0.01
1.2827e-05	8.3437e-06	0.00032954	1.4906e-06	0.0010201	2.3166e-06	5.2982e-07	0.0093452	2.2082e-06	0.01
1.3538e-05	8.1079e-06	0.00033205	1.499e-06	0.001018	2.3112e-06	5.3961e-07	0.0093453	2.1458e-06	0.01
1.4229e-05	7.8632e-06	0.00033454	1.5051e-06	0.0010157	2.3035e-06	5.4703e-07	0.0093455	2.0786e-06	0.01
1.4948e-05	7.6103e-06	0.00033703	1.5089e-06	0.0010132	2.2965e-06	5.5216e-07	0.0093456	2.0067e-06	0.01
1.5697e-05	7.3767e-06	0.00033954	1.5143e-06	0.0010114	2.29e-06	5.5846e-07	0.0093458	1.9449e-06	0.01
1.6425e-05	7.1346e-06	0.00034203	1.5174e-06	0.0010095	2.2812e-06	5.6241e-07	0.0093459	1.8783e-06	0.01
2.4286e-05	6.8838e-06	0.00034452	1.518e-06	0.0010073	2.2701e-06	5.64e-07	0.0093461	1.807e-06	0.01
3.249e-05	6.6517e-06	0.00034703	1.5204e-06	0.0010058	2.2597e-06	5.6678e-07	0.0093462	1.7452e-06	0.01
4.0604e-05	6.4113e-06	0.00034953	1.5204e-06	0.0010042	2.2469e-06	5.672e-07	0.0093464	1.6788e-06	0.01
4.8639e-05	6.1629e-06	0.00035202	1.518e-06	0.0010024	2.2319e-06	5.6533e-07	0.0093465	1.608e-06	0.01
5.6595e-05	5.9065e-06	0.00035449	1.5134e-06	0.0010004	2.2146e-06	5.6118e-07	0.0093467	1.5329e-06	0.01
6.4901e-05	5.6684e-06	0.000357	1.5104e-06	0.00099912	2.1979e-06	5.5821e-07	0.0093468	1.467e-06	0.01
7.3114e-05	5.4477e-06	0.00035953	1.5092e-06	0.00099851	2.1787e-06	5.5643e-07	0.009347	1.4097e-06	0.01
8.1246e-05	5.2194e-06	0.00036205	1.5056e-06	0.00099775	2.1573e-06	5.5237e-07	0.0093471	1.3483e-06	0.01
8.9756e-05	5.0084e-06	0.00036461	1.5039e-06	0.00099765	2.1366e-06	5.496e-07	0.0093473	1.2953e-06	0.01
9.8172e-05	4.7894e-06	0.00036715	1.4998e-06	0.00099738	2.1135e-06	5.4449e-07	0.0093474	1.238e-06	0.01
0.00010654	4.5625e-06	0.00036967	1.4933e-06	0.00099695	2.0882e-06	5.3702e-07	0.0093476	1.1764e-06	0.01
0.00011529	4.3523e-06	0.00037223	1.4886e-06	0.00099717	2.0635e-06	5.3083e-07	0.0093478	1.1229e-06	0.01
0.00012443	4.1567e-06	0.00037482	1.4856e-06	0.00099801	2.0394e-06	5.2575e-07	0.0093479	1.0762e-06	0.01
0.00013348	3.9536e-06	0.00037739	1.4802e-06	0.00099868	2.013e-06	5.1834e-07	0.0093481	1.0256e-06	0.01
0.00014293	3.7645e-06	0.00038	1.4765e-06	0.00099999	1.9872e-06	5.1202e-07	0.0093483	9.814e-07	0.01
0.00015228	3.5684e-06	0.00038259	1.4704e-06	0.0010011	1.9591e-06	5.0344e-07	0.0093485	1.1291e-06	0.01
0.00016207	3.3864e-06	0.00038521	1.4661e-06	0.001003	1.9316e-06	4.9606e-07	0.0093486	1.2937e-06	0.01
0.00017177	3.1976e-06	0.00038783	1.4595e-06	0.0010047	1.9019e-06	4.8642e-07	0.0093488	1.4524e-06	0.01
0.00018138	3.0019e-06	0.00039043	1.4506e-06	0.0010062	1.87e-06	4.7452e-07	0.009349	1.6069e-06	0.01
0.00019141	2.819e-06	0.00039306	1.4433e-06	0.0010084	1.8386e-06	4.6366e-07	0.0093492	1.7789e-06	0.01
0.0002019	2.6479e-06	0.00039572	1.4377e-06	0.0010113	1.8077e-06	4.5381e-07	0.0093494	1.9701e-06	0.01
0.00021227	2.4699e-06	0.00039837	1.4296e-06	0.0010139	1.7745e-06	4.4164e-07	0.0093496	2.1542e-06	0.01
0.00022313	2.3039e-06	0.00040105	1.4234e-06	0.0010174	1.7419e-06	4.3055e-07	0.0093498	2.3604e-06	0.01
0.0002345	2.1489e-06	0.00040376	1.4189e-06	0.0010216	1.7098e-06	4.2049e-07	0.00935	2.5912e-06	0.01
0.00024574	2.0042e-06	0.00040651	1.4161e-06	0.0010268	1.6755e-06	4.1143e-07	0.0093502	2.8498e-06	0.01
0.00025688	1.8535e-06	0.00040925	1.4111e-06	0.0010317	1.6389e-06	5.4228e-07	0.0093504	3.1002e-06	0.01
0.00026853	1.712e-06	0.00041201	1.4076e-06	0.0010376	1.6028e-06	6.8084e-07	0.0093506	3.3796e-06	0.01
0.0002798	1.8065e-06	0.00041484	1.4003e-06	0.0010427	1.5633e-06	8.111e-07	0.0093508	3.6351e-06	0.01
0.00029202	1.8914e-06	0.00041765	1.3893e-06	0.0010473	1.5221e-06	9.3397e-07	0.009351	3.8701e-06	0.01
0.00030384	1.966e-06	0.00042041	1.3743e-06	0.0010514	1.6446e-06	1.049e-06	0.0093512	4.0838e-06	0.01
0.00031529	2.0304e-06	0.00042315	1.3554e-06	0.0010548	1.7627e-06	1.1565e-06	0.0093514	4.2774e-06	0.01
0.00032659	2.0888e-06	0.00042587	1.3339e-06	0.001058	1.8782e-06	1.2601e-06	0.0093516	4.4622e-06	0.01
0.00033843	2.1534e-06	0.00042863	1.3143e-06	0.001062	1.9957e-06	1.3707e-06	0.0093517	4.6716e-06	0.01
0.00035081	2.224e-06	0.00043142	1.2962e-06	0.0010668	2.1152e-06	1.4883e-06	0.0093519	4.9067e-06	0.01
0.00036305	2.289e-06	0.00043419	1.2757e-06	0.0010715	2.2322e-06	1.6021e-06	0.0093521	5.1333e-06	0.01
0.00037517	2.3482e-06	0.00043696	1.2529e-06	0.0010759	2.3466e-06	1.7123e-06	0.0093523	5.3513e-06	0.01
0.00038784	2.4138e-06	0.00043975	1.2317e-06	0.0010812	2.4632e-06	1.8301e-06	0.0093525	5.5972e-06	0.01
0.0004004	2.474e-06	0.00044253	1.2083e-06	0.0010863	2.5772e-06	1.9443e-06	0.0093527	5.8349e-06	0.01
0.00041355	2.5411e-06	0.00044535	1.1865e-06	0.0010923	2.6936e-06	2.0666e-06	0.0093529	6.1036e-06	0.01
0.00042656	2.6024e-06	0.00044816	1.1624e-06	0.0010981	2.8074e-06	2.1851e-06	0.0093531	6.3627e-06	0.01
0.00044022	2.6712e-06	0.000451	1.14e-06	0.001105	2.9237e-06	2.3125e-06	0.0093534	6.6566e-06	0.01
0.00045474	2.7511e-06	0.00045389	1.1201e-06	0.0011134	3.0439e-06	2.2891e-06	0.0093536	7.0007e-06	0.01
0.00047009	2.8416e-06	0.00045683	1.1024e-06	0.0011234	3.1676e-06	2.2713e-06	0.0093538	7.3976e-06	0.01
0.00048619	2.9408e-06	0.0004598	1.0862e-06	0.0011349	3.2941e-06	2.258e-06	0.0093541	7.8438e-06	0.01
0.00050302	3.0488e-06	0.00046281	1.0713e-06	0.0011481	3.4233e-06	2.2489e-06	0.0093543	8.3422e-06	0.01
0.00052065	3.1664e-06	0.0004658	1.0577e-06	0.0011631	3.5554e-06	2.2442e-06	0.0093546	8.9016e-06	0.01
0.00053809	3.2774e-06	0.00046878	1.0418e-06	0.0011776	3.6847e-06	2.244e-06	0.0093548	9.4429e-06	0.01
0.00055653	3.38e-06	0.00047181	1.0232e-06	0.0011914	3.8181e-06	2.24e-06	0.0093551	9.9595e-06	0.01
0.0005744	3.5024e-06	0.0004749	1.008e-06	0.0012087	3.9465e-06	2.4951e-06	0.0093553	1.0082e-05	0.01
0.00059189	3.6148e-06	0.00047797	9.8977e-07	0.001225	4.071e-06	2.7401e-06	0.0093556	1.0191e-05	0.01
0.00061018	3.7374e-06	0.00048107	9.7278e-07	0.0012434	4.1984e-06	3.0015e-06	0.0093559	1.0323e-05	0.01
0.0006283	3.8707e-06	0.00048421	9.5694e-07	0.0012643	4.3231e-06	3.2803e-06	0.0093561	1.048e-05	0.01
0.00064724	4.0152e-06	0.00048739	9.4219e-07	0.001288	4.4507e-06	3.5775e-06	0.0093564	1.0664e-05	0.01
0.00066708	4.1722e-06	0.00049061	9.2864e-07	0.0013148	4.5815e-06	3.8956e-06	0.0093567	1.0877e-05	0.01
0.00068673	4.3224e-06	0.00049381	9.1286e-07	0.0013409	4.7155e-06	4.2073e-06	0.009357	1.1081e-05	0.01
0.00072574	4.4618e-06	0.00049699	8.9419e-07	0.0013655	4.8547e-06	4.5073e-06	0.0093573	1.127e-05	0.01
0.00076355	4.6261e-06	0.00050024	8.7865e-07	0.0013961	4.9887e-06	4.8459e-06	0.0093576	1.1513e-05	0.01
0.00080032	4.7766e-06	0.00050346	8.5978e-07	0.0014245	5.1179e-06	5.168e-06	0.0093579	1.1734e-05	0.01
0.00083994	4.9519e-06	0.00050675	8.4372e-07	0.0014592	5.2537e-06	5.5293e-06	0.0093582	1.1685e-05	0.01
0.00087835	5.113e-06	0.00051	8.2439e-07	0.0014915	5.3847e-06	5.8734e-06	0.0093585	1.1619e-05	0.01
0.00091572	5.2601e-06	0.00051322	8.0255e-07	0.0015214	5.5109e-06	6.2594e-06	0.0093588	1.1536e-05	0.01
0.00095206	5.3935e-06	0.00051641	7.7739e-07	0.0015471	5.6322e-06	6.6271e-06	0.0093591	1.1435e-05	0.01
0.00098741	5.5133e-06	0.00051957	7.4887e-07	0.0015709	5.7489e-06	6.9769e-06	0.0093594	1.1316e-05	0.01
0.0010255	6.4187e-06	0.0005227	8.3034e-07	0.0016003	5.875e-06	7.307e-06	0.0093597	1.1176e-05	0.01
0.0010624	7.2772e-06	0.00052579	9.0703e-07	0.0016272	5.996e-06	7.619e-06	0.00936	1.1014e-05	0.01
0.0010739	8.2405e-06	0.00052894	9.8978e-07	0.0016603	6.1237e-06	7.9703e-06	0.0093603	1.0896e-05	0.01
0.0010851	9.1703e-06	0.00053207	1.0688e-06	0.0016918	6.2474e-06	8.3086e-06	0.0093606	1.0764e-05	0.01
0.0010962	1.0067e-05	0.00053518	1.1441e-06	0.0017217	6.367e-06	8.6341e-06	0.0093609	1.0618e-05	0.01
0.001108	1.1054e-05	0.00053835	1.2242e-06	0.0017279	6.4921e-06	8.9931e-06	0.0093612	1.0506e-05	0.01
0.0011207	1.2144e-05	0.00054157	1.3099e-06	0.0017357	6.623e-06	9.3905e-06	0.0093615	1.0428e-05	0.01
0.0011343	1.3362e-05	0.00054485	1.4024e-06	0.0017457	6.7607e-06	9.8347e-06	0.0093618	1.0385e-05	0.01
0.0011476	1.4524e-05	0.00054811	1.49e-06	0.0017548	6.8935e-06	1.0258e-05	0.0093622	1.0325e-05	0.01
0.0011619	1.5635e-05	0.00055133	1.5728e-06	0.0017631	7.0213e-06	1.0662e-05	0.0093625	1.025e-05	0.01
0.0011757	1.6891e-05	0.00055463	1.6635e-06	0.0017738	7.1573e-06	1.1119e-05	0.0093628	1.0213e-05	0.01
0.0011826	1.8304e-05	0.000558	1.7621e-06	0.0017747	7.301e-06	1.1551e-05	0.0093632	1.0212e-05	0.01
0.0011891	1.9624e-05	0.00056144	1.8552e-06	0.001775	7.4394e-06	1.2036e-05	0.0093635	1.0839e-05	0.01
0.0011963	2.0877e-05	0.00056485	2.5194e-06	0.0017769	7.5862e-06	1.2496e-05	0.0093639	1.1417e-05	0.01
0.0012033	2.2064e-05	0.00056822	3.1603e-06	0.0017776	7.7272e-06	1.2941e-05	0.0093642	1.1947e-05	0.01
0.00121	2.3402e-05	0.00057166	3.8535e-06	0.0017797	8.6761e-06	1.3442e-05	0.0093646	1.259e-05	0.01
0.0012164	2.467e-05	0.00057506	4.5224e-06	0.0017813	9.6061e-06	1.3917e-05	0.0093649	1.3181e-05	0.01
0.0012234	2.6097e-05	0.00057854	5.2462e-06	0.0017843	1.0577e-05	1.4451e-05	0.0093653	1.3894e-05	0.01
0.0012302	2.7451e-05	0.00058198	5.9437e-06	0.0017861	1.1529e-05	1.4958e-05	0.0093657	1.4552e-05	0.01
0.0012367	2.8743e-05	0.00058539	6.6191e-06	0.0017874	1.2464e-05	1.544e-05	0.009366	1.5162e-05	0.01
0.0012439	3.0207e-05	0.00058887	7.3532e-06	0.0017902	1.3443e-05	1.5987e-05	0.0093664	1.5908e-05	0.01
0.001249	3.1864e-05	0.00059243	8.1511e-06	0.0017948	1.4386e-05	1.6395e-05	0.0093668	1.6816e-05	0.01
0.001254	3.344e-05	0.00059596	8.9216e-06	0.0017986	1.531e-05	1.678e-05	0.0093672	1.7655e-05	0.01
0.0012587	3.5221e-05	0.00059956	9.7583e-06	0.0018043	1.6216e-05	1.7219e-05	0.0093676	1.8674e-05	0.01
0.0012639	3.7234e-05	0.00060324	1.0667e-05	0.0018119	1.7164e-05	1.7274e-05	0.009368	1.9909e-05	0.01
0.0012689	3.9147e-05	0.00060689	1.1545e-05	0.0018188	1.8093e-05	1.7315e-05	0.0093684	2.105e-05	0.01
0.0012737	4.0962e-05	0.00061049	1.2391e-05	0.0018247	1.9004e-05	1.7344e-05	0.0093688	2.2103e-05	0.01
