Calypte_anna	Callipepla_squamata	Calidris_pugnax	Buteo_japonicus	Buceros_rhinoceros	Balearica_regulorum_gibbericeps	Aythya_fuligula	Athene_cunicularia	Aquila_chrysaetos_chrysaetos	Apteryx_rowi
0.00012224	0.00018724	0.013477	0.00038318	0.0017045	3.2767e-06	0.0024528	8.308e-05	0.00029481	0.0045179
0.00012007	0.00018477	0.013478	0.00038052	0.0016875	3.0837e-06	0.0024495	8.1135e-05	0.000293	0.0045148
0.00011806	0.00018234	0.013483	0.00037788	0.0016728	2.9091e-06	0.0024463	7.9311e-05	0.00029123	0.0045117
0.00011602	0.0001799	0.013488	0.00037524	0.0016575	2.7299e-06	0.002443	7.7456e-05	0.00028944	0.0045086
0.00011393	0.00017745	0.013491	0.00037258	0.0016417	2.5464e-06	0.0024398	7.5572e-05	0.00028765	0.0045056
0.00011181	0.00017498	0.013494	0.00036991	0.0016253	2.3587e-06	0.0024365	7.3659e-05	0.00028584	0.0045025
0.00010984	0.00017257	0.013501	0.00036728	0.0016113	2.1895e-06	0.0024333	7.187e-05	0.00028408	0.0044994
0.00010784	0.00017013	0.013508	0.00036464	0.0015971	2.0159e-06	0.0024301	7.0049e-05	0.00028231	0.0044963
0.00010581	0.00016769	0.013513	0.00036198	0.0015823	1.8383e-06	0.0024268	6.8201e-05	0.00028053	0.0044932
0.00010392	0.00016529	0.013523	0.00035936	0.0015696	1.6773e-06	0.0024237	6.6466e-05	0.00027878	0.0044902
0.00010217	0.00016294	0.013538	0.00035677	0.0015588	1.5315e-06	0.0024206	6.4839e-05	0.00027709	0.0044872
0.00010038	0.00016057	0.013552	0.00035416	0.0015476	1.3822e-06	0.0024175	6.3186e-05	0.00027538	0.0044842
9.8731e-05	0.00015825	0.013571	0.00035159	0.0015382	1.2469e-06	0.0024144	6.1635e-05	0.00027371	0.0044812
9.7048e-05	0.00015591	0.013589	0.00034901	0.0015284	1.1084e-06	0.0024113	6.0059e-05	0.00027203	0.0044783
9.5492e-05	0.00015362	0.013612	0.00034646	0.0015202	9.8276e-07	0.0024084	5.8581e-05	0.00027039	0.0044754
9.406e-05	0.00015137	0.013642	0.00034394	0.0015138	8.6943e-07	0.0024054	5.7201e-05	0.0002688	0.0044725
9.2744e-05	0.00014916	0.013679	0.00034145	0.0015088	7.6714e-07	0.0024026	5.5911e-05	0.00026724	0.0044697
9.1398e-05	0.00014695	0.013715	0.00033895	0.0015035	6.6199e-07	0.0023998	5.4597e-05	0.00026568	0.0044669
9.0163e-05	0.00014477	0.013696	0.00033648	0.0014997	5.6703e-07	0.002397	5.337e-05	0.00026416	0.0044641
8.9033e-05	0.00014264	0.013682	0.00033404	0.0014972	4.8126e-07	0.0023943	5.2226e-05	0.00026267	0.0044614
8.8002e-05	0.00014055	0.013674	0.00033163	0.0014962	4.0376e-07	0.0023916	5.116e-05	0.00026123	0.0044587
8.7065e-05	0.0001385	0.013671	0.00032926	0.0014966	3.3371e-07	0.0023891	5.0167e-05	0.00025983	0.004456
8.6104e-05	0.00013644	0.013667	0.00032687	0.0014966	2.6176e-07	0.0023865	4.9156e-05	0.00025842	0.0044534
8.5229e-05	0.00013442	0.013667	0.00032451	0.0014979	1.963e-07	0.002384	4.8211e-05	0.00025704	0.0044507
8.4329e-05	0.00013238	0.013666	0.00032214	0.0014989	1.2888e-07	0.0023815	4.7246e-05	0.00025566	0.0044481
8.3406e-05	0.00013034	0.013664	0.00031976	0.0014996	1.2556e-07	0.0023788	4.6264e-05	0.00025426	0.0044454
8.2569e-05	0.00012833	0.013667	0.00031741	0.0015016	1.2292e-07	0.0023761	4.5349e-05	0.0002529	0.0044428
8.1709e-05	0.00012631	0.013669	0.00031505	0.0015033	1.1961e-07	0.0023734	4.4415e-05	0.00025153	0.0044402
8.0826e-05	0.00012428	0.01367	0.00031268	0.0015046	1.1564e-07	0.0023707	4.3463e-05	0.00025015	0.0044376
8.0027e-05	0.00012228	0.013676	0.00031034	0.0015074	1.1234e-07	0.0023681	4.2577e-05	0.0002488	0.004435
7.9307e-05	0.00012033	0.013687	0.00030802	0.0015116	1.0966e-07	0.0023655	4.1752e-05	0.0002475	0.0044324
7.8664e-05	0.00011841	0.013703	0.00030574	0.0015173	1.076e-07	0.002363	4.0987e-05	0.00024623	0.0044299
7.809e-05	0.00011653	0.013724	0.00030348	0.0015245	1.0606e-07	0.0023606	4.0275e-05	0.000245	0.0044274
7.7494e-05	0.00011463	0.013744	0.00030121	0.0015313	1.0388e-07	0.0023581	3.9545e-05	0.00024375	0.0044249
7.6877e-05	0.00011273	0.013763	0.00029894	0.0015377	1.0103e-07	0.0023556	3.8799e-05	0.00024249	0.0044224
7.6241e-05	0.00011081	0.013781	0.00029665	0.0015437	9.7546e-08	0.0023531	3.8037e-05	0.00024123	0.0044199
7.5672e-05	0.00010893	0.013744	0.00029439	0.0015513	9.4595e-08	0.0023507	3.7328e-05	0.00024	0.0044174
7.5082e-05	0.00010708	0.013706	0.00029212	0.0015584	9.0983e-08	0.0023484	3.6601e-05	0.00023875	0.004415
7.4558e-05	0.00010527	0.013675	0.00028987	0.0015672	8.7875e-08	0.0023461	3.5925e-05	0.00023754	0.0044126
7.4098e-05	0.00010349	0.01365	0.00028765	0.0015777	8.524e-08	0.0023439	3.5296e-05	0.00023637	0.0044102
7.3699e-05	0.00010174	0.013631	0.00028546	0.0015901	8.3052e-08	0.0023417	3.4712e-05	0.00023522	0.0044079
7.3359e-05	0.00010002	0.013617	0.00028329	0.0016046	8.1291e-08	0.0023397	3.4172e-05	0.00023411	0.0044056
7.3002e-05	9.8338e-05	0.013602	0.00028111	0.0016187	7.8884e-08	0.0023377	3.3618e-05	0.00023299	0.0044034
7.2706e-05	9.6686e-05	0.013592	0.00027896	0.001635	7.6927e-08	0.0023357	3.3108e-05	0.00023191	0.0044012
7.2466e-05	9.5064e-05	0.013587	0.00027684	0.0016538	7.536e-08	0.0023339	3.2637e-05	0.00023085	0.004399
7.2208e-05	9.343e-05	0.013581	0.0002747	0.001672	7.317e-08	0.002332	3.2152e-05	0.00022979	0.0043969
7.193e-05	9.1785e-05	0.013573	0.00027255	0.0016896	7.0355e-08	0.0023301	3.1654e-05	0.00022871	0.0043947
7.1634e-05	9.0128e-05	0.013565	0.0002704	0.0017065	6.6911e-08	0.0023282	3.1141e-05	0.00022762	0.0043925
7.141e-05	8.8506e-05	0.013562	0.00026827	0.001702	6.3991e-08	0.0023263	3.0674e-05	0.00022657	0.0043903
7.1168e-05	8.6874e-05	0.013558	0.00026613	0.0016971	6.0452e-08	0.0023244	3.0194e-05	0.00022551	0.0043882
7.098e-05	8.527e-05	0.013558	0.00026402	0.0016937	5.7268e-08	0.0023226	2.9752e-05	0.00022448	0.004386
7.0774e-05	8.3655e-05	0.013558	0.0002619	0.0016899	5.3469e-08	0.0023208	2.9296e-05	0.00022344	0.0043839
7.0623e-05	8.2069e-05	0.013562	0.0002598	0.0016876	4.9998e-08	0.0023191	2.8875e-05	0.00022244	0.0043818
7.0525e-05	8.0511e-05	0.01357	0.00025773	0.0016866	4.6821e-08	0.0023174	2.849e-05	0.00022146	0.0043797
7.041e-05	7.8943e-05	0.013578	0.00025565	0.0016853	4.3062e-08	0.0023157	2.8092e-05	0.00022047	0.0043776
7.0351e-05	7.7404e-05	0.013591	0.00025359	0.0016855	3.9601e-08	0.002314	2.773e-05	0.00021951	0.0043755
7.0273e-05	7.5854e-05	0.013602	0.00025152	0.0016853	3.5544e-08	0.0023124	2.7355e-05	0.00021854	0.0043734
7.2275e-05	7.629e-05	0.013611	0.00024943	0.0016841	3.0603e-08	0.0023107	2.6952e-05	0.00021755	0.0043713
7.4108e-05	7.6684e-05	0.013616	0.00024732	0.0016819	3.6546e-08	0.0023089	2.6517e-05	0.00021653	0.0043692
7.5839e-05	7.706e-05	0.013617	0.00024518	0.0016785	4.1505e-08	0.0023071	2.605e-05	0.00021549	0.0043671
7.7964e-05	7.7461e-05	0.013616	0.00024309	0.0016742	4.5513e-08	0.0023054	2.555e-05	0.0002145	0.0043651
8.0007e-05	7.7849e-05	0.013613	0.00024098	0.0016691	4.873e-08	0.0023036	2.5025e-05	0.00021349	0.004363
8.2003e-05	7.8228e-05	0.013608	0.00023886	0.0016635	5.1316e-08	0.0023019	2.4484e-05	0.00021246	0.0043609
8.3957e-05	7.8598e-05	0.013601	0.00023672	0.0016575	5.329e-08	0.0023001	2.3928e-05	0.00021143	0.0043589
8.5873e-05	7.8959e-05	0.013594	0.00023458	0.001651	5.467e-08	0.0022982	2.3358e-05	0.00021038	0.0043568
8.7751e-05	7.9311e-05	0.013585	0.00023243	0.0016442	5.5456e-08	0.0022964	2.2773e-05	0.00020933	0.0043546
8.978e-05	7.9677e-05	0.013582	0.0002303	0.0016389	5.653e-08	0.0022946	2.223e-05	0.0002083	0.0043526
9.1965e-05	8.0056e-05	0.013583	0.00022819	0.0016351	5.7871e-08	0.0022929	2.1724e-05	0.00020731	0.0043505
9.4106e-05	8.0426e-05	0.013583	0.00022608	0.0016309	5.8609e-08	0.0022912	2.1204e-05	0.0002063	0.0043485
9.6198e-05	8.0812e-05	0.013581	0.00022395	0.0016263	5.8705e-08	0.0022896	2.0668e-05	0.00020528	0.0043465
9.8527e-05	8.1184e-05	0.013586	0.00022186	0.001624	5.9418e-08	0.0022879	2.0188e-05	0.00020431	0.0043444
0.00010109	8.1575e-05	0.013598	0.0002198	0.0016236	6.0681e-08	0.0022863	1.9754e-05	0.00020338	0.0043425
0.00010357	8.1953e-05	0.013608	0.00021773	0.0016225	6.1177e-08	0.0022847	1.9299e-05	0.00020243	0.0043405
0.00010475	8.2317e-05	0.013615	0.00021564	0.0016207	6.0881e-08	0.002283	1.8822e-05	0.00020146	0.0043386
0.00010602	8.2695e-05	0.013627	0.00021357	0.0016203	6.0873e-08	0.0022814	1.8378e-05	0.00020052	0.0043367
0.00010727	8.3086e-05	0.013638	0.0002115	0.0016195	6.0264e-08	0.0022797	1.7921e-05	0.00019957	0.0043348
0.00010863	8.3492e-05	0.013655	0.00020944	0.0016201	5.9969e-08	0.0022782	1.7497e-05	0.00019865	0.004333
0.00011011	8.3911e-05	0.013676	0.00020741	0.0016221	5.9951e-08	0.0022767	1.7103e-05	0.00019776	0.0043312
0.00011155	8.4321e-05	0.013696	0.00020537	0.0016237	5.9334e-08	0.0022752	1.6698e-05	0.00019686	0.0043294
0.00011312	8.4745e-05	0.013722	0.00020336	0.0016267	5.8993e-08	0.0022737	1.6321e-05	0.00019598	0.0043276
0.00011483	8.5184e-05	0.013755	0.00020136	0.0016313	5.8957e-08	0.0022723	1.5972e-05	0.00019514	0.0043259
0.00011667	8.5637e-05	0.013795	0.00019939	0.0016373	5.9199e-08	0.002271	1.565e-05	0.00019432	0.0043242
0.00011867	8.6106e-05	0.01378	0.00019744	0.001645	5.9753e-08	0.0022698	1.5355e-05	0.00019353	0.0043225
0.00012084	8.659e-05	0.01377	0.00019551	0.0016545	6.0624e-08	0.0022686	1.5084e-05	0.00019277	0.0043208
0.00012317	8.7088e-05	0.013764	0.00019361	0.0016658	6.1784e-08	0.0022675	1.4836e-05	0.00019204	0.0043191
0.00012547	8.7578e-05	0.013758	0.00019169	0.0016767	6.236e-08	0.0022664	1.4578e-05	0.00019129	0.0043174
0.00012794	8.8083e-05	0.013756	0.0001898	0.0016895	6.3231e-08	0.0022653	1.4343e-05	0.00019057	0.0043158
0.00013857	9.0135e-05	0.013456	0.00018228	0.0017493	6.5366e-08	0.0022613	1.346e-05	0.00018778	0.0043093
0.00014144	9.0658e-05	0.013393	0.00018042	0.0017667	6.5601e-08	0.0022604	1.3255e-05	0.00018711	0.0043077
0.00014452	9.1196e-05	0.01334	0.00017857	0.0017868	6.6148e-08	0.0022595	1.3069e-05	0.00018646	0.0043062
0.00014755	9.1725e-05	0.013284	0.00017672	0.0018061	6.6088e-08	0.0022586	1.2874e-05	0.0001858	0.0043046
0.00015053	9.2245e-05	0.013227	0.00017486	0.0018248	6.5439e-08	0.0022577	1.2669e-05	0.00018513	0.0043031
0.00015374	9.2782e-05	0.013179	0.00017302	0.0018465	6.5135e-08	0.0022568	1.2485e-05	0.00018449	0.0043015
0.00015721	9.3335e-05	0.01314	0.0001712	0.0018714	6.5174e-08	0.0022561	1.232e-05	0.00018387	0.0043001
0.00016094	9.3905e-05	0.013107	0.0001694	0.0018999	6.5556e-08	0.0022554	1.2173e-05	0.00018328	0.0042986
0.00016498	9.4493e-05	0.013082	0.00016762	0.0019326	6.6306e-08	0.0022547	1.2045e-05	0.00018271	0.0042972
0.00016865	9.5112e-05	0.013052	0.00016588	0.0019736	6.6091e-08	0.0022542	1.195e-05	0.00018219	0.0042959
0.0001696	9.5766e-05	0.013033	0.00016417	0.0019848	6.6816e-08	0.0022536	1.1944e-05	0.00018171	0.0042946
0.00017046	9.6399e-05	0.01301	0.00016245	0.0019945	6.6572e-08	0.002253	1.192e-05	0.00018121	0.0042933
0.00017152	9.5811e-05	0.012996	0.00016076	0.0019899	6.7179e-08	0.0022523	1.1925e-05	0.00018076	0.0042921
0.00017268	9.5239e-05	0.012986	0.00015908	0.0019869	6.8117e-08	0.0022516	1.1945e-05	0.00018032	0.0042909
0.00017397	9.4683e-05	0.012982	0.00015743	0.0019855	6.9388e-08	0.002251	1.1981e-05	0.00017991	0.0042897
0.00017538	9.4143e-05	0.012982	0.00015579	0.0019856	7.1004e-08	0.0022504	1.2032e-05	0.00017952	0.0042886
0.00017676	9.3594e-05	0.012981	0.00015415	0.0019852	7.2004e-08	0.0022499	1.2074e-05	0.00017912	0.0042874
0.00017811	9.3036e-05	0.012978	0.00015249	0.0019846	7.2408e-08	0.0022493	1.2108e-05	0.00017871	0.0042863
0.00017942	9.247e-05	0.012975	0.00015083	0.0019835	7.2217e-08	0.0022487	1.2134e-05	0.00017829	0.0042851
0.00018087	9.192e-05	0.012977	0.00014918	0.001984	7.241e-08	0.0022482	1.2176e-05	0.0001779	0.004284
0.00018228	9.1361e-05	0.012977	0.00014753	0.0020491	7.1987e-08	0.0022476	1.2209e-05	0.0001775	0.0042829
0.00018366	9.0818e-05	0.012976	0.00014586	0.0021124	7.0948e-08	0.0022471	1.2234e-05	0.00017709	0.0042817
0.00018518	9.0292e-05	0.01298	0.00014422	0.0021842	7.0291e-08	0.0022465	1.2275e-05	0.0001767	0.0042806
0.00018666	8.9757e-05	0.012983	0.00014256	0.0022541	6.9038e-08	0.002246	1.2308e-05	0.0001763	0.0042795
0.00018811	8.9238e-05	0.013141	0.0001409	0.0023221	6.7171e-08	0.0022455	1.2332e-05	0.0001759	0.0042783
0.00018953	8.8711e-05	0.013293	0.00013923	0.0023885	6.4708e-08	0.0022449	1.2348e-05	0.00017548	0.0042772
0.00019109	8.8199e-05	0.013472	0.00013757	0.0024637	6.2619e-08	0.0022444	1.2381e-05	0.00017509	0.0042761
0.00019261	8.7679e-05	0.013645	0.00013591	0.0025368	5.9919e-08	0.0022439	1.2404e-05	0.00017469	0.004275
0.00019427	8.7173e-05	0.013846	0.00013426	0.0026193	5.7539e-08	0.0022434	1.2444e-05	0.00017432	0.0042739
0.00019609	8.6683e-05	0.014082	0.00013263	0.0027128	5.5489e-08	0.0022431	1.2499e-05	0.00017396	0.0042728
0.00019807	8.6207e-05	0.014127	0.00013102	0.0028184	5.3725e-08	0.0022427	1.2572e-05	0.00017363	0.0042718
0.00020021	8.5746e-05	0.014181	0.00012943	0.0029375	5.2222e-08	0.0022425	1.266e-05	0.00017332	0.0042708
0.00020255	8.5301e-05	0.014246	0.00012785	0.0030727	5.1003e-08	0.0022423	1.2766e-05	0.00017303	0.0042699
0.00020466	8.4881e-05	0.014331	0.00012626	0.0031984	3.9434e-08	0.0022422	1.2856e-05	0.00017272	0.004269
0.00020674	8.4453e-05	0.014413	0.00012465	0.0033208	2.7155e-08	0.0022421	1.2937e-05	0.00017241	0.0042682
0.000209	8.404e-05	0.01451	0.00012307	0.0034597	1.5761e-08	0.0022421	1.3035e-05	0.00017211	0.0042673
0.00021121	8.3618e-05	0.014603	0.00012147	0.0035946	1.7065e-08	0.002242	1.3125e-05	0.00017181	0.0042665
0.00021338	8.3187e-05	0.014694	0.00011987	0.0037263	1.7854e-08	0.002242	1.3206e-05	0.0001715	0.0042656
0.00021574	8.2772e-05	0.0148	0.00011828	0.0038755	1.8622e-08	0.002242	1.3304e-05	0.00017121	0.0042648
0.00021805	8.2347e-05	0.014903	0.00011669	0.0040206	1.8863e-08	0.0022419	1.3394e-05	0.00017092	0.0042639
0.00022031	8.1914e-05	0.015002	0.00011508	0.0041616	1.8576e-08	0.0022419	1.3475e-05	0.00017061	0.0042631
0.00022253	8.1472e-05	0.015098	0.00011347	0.0042989	1.7765e-08	0.0022418	1.3547e-05	0.0001703	0.0042622
0.00022495	8.1044e-05	0.01521	0.00011187	0.004454	1.6922e-08	0.0022418	1.3636e-05	0.00017	0.0042614
0.00022446	8.0629e-05	0.015341	0.00011029	0.0046288	1.6033e-08	0.0022419	1.3742e-05	0.00016973	0.0042606
0.00022407	8.0228e-05	0.015495	0.00010872	0.0048258	1.5089e-08	0.002242	1.3867e-05	0.00016948	0.0042598
0.00022364	7.9818e-05	0.015643	0.00010715	0.0050173	1.3622e-08	0.0022421	1.6144e-05	0.00016922	0.004259
0.00022319	7.9399e-05	0.015785	0.00010556	0.0052036	1.1632e-08	0.0022422	1.8385e-05	0.00016895	0.0042583
0.00022285	7.8995e-05	0.015953	0.00010399	0.0054147	9.5959e-09	0.0022424	2.0772e-05	0.0001687	0.0042575
0.00022248	7.8582e-05	0.016114	0.00010242	0.0056199	7.0402e-09	0.0022425	2.3121e-05	0.00016845	0.0042568
0.00022208	7.816e-05	0.016271	0.00010083	0.0058201	1.1021e-08	0.0022426	2.5437e-05	0.00016819	0.004256
0.00022179	7.7753e-05	0.016455	9.9261e-05	0.0060472	1.5096e-08	0.0022428	2.7906e-05	0.00016794	0.0042552
0.00022107	7.737e-05	0.016695	9.7721e-05	0.0061191	1.9705e-08	0.0022431	3.0647e-05	0.00016774	0.0042546
0.00021997	7.6972e-05	0.016807	9.6165e-05	0.0061857	2.494e-08	0.0022433	3.3285e-05	0.00016752	0.0042539
0.00021899	7.6587e-05	0.016938	9.4623e-05	0.0062611	3.0447e-08	0.0022437	3.6087e-05	0.00016732	0.0042532
0.00021797	7.6193e-05	0.017065	9.3073e-05	0.0063344	3.5352e-08	0.0022439	3.8847e-05	0.00016711	0.0042525
0.00021708	7.5813e-05	0.017213	9.1538e-05	0.0064179	4.0598e-08	0.0022443	4.1787e-05	0.00016692	0.0042519
0.00021631	7.5446e-05	0.017388	9.0018e-05	0.0065127	4.6241e-08	0.0022447	4.4918e-05	0.00016675	0.0042513
0.00021551	7.5071e-05	0.017557	8.8489e-05	0.0066049	5.1266e-08	0.0022451	4.8003e-05	0.00016658	0.0042507
0.00021482	7.4709e-05	0.017756	8.6977e-05	0.0067101	5.6766e-08	0.0022456	5.1297e-05	0.00016642	0.0042501
0.00021409	7.4364e-05	0.017945	8.5453e-05	0.0068109	6.153e-08	0.0022462	5.4521e-05	0.00016626	0.0042496
0.00021331	7.4008e-05	0.018123	8.3917e-05	0.0069071	6.5538e-08	0.0022467	5.7671e-05	0.00016608	0.0042491
0.00021271	7.3674e-05	0.018351	8.2407e-05	0.0070241	7.0508e-08	0.0022473	5.8443e-05	0.00016594	0.0042486
0.00020966	7.33e-05	0.018652	8.0925e-05	0.0070604	6.5992e-08	0.0022481	5.9354e-05	0.00016584	0.0042481
0.00020698	7.295e-05	0.018752	7.9469e-05	0.0071064	6.2489e-08	0.002249	6.0386e-05	0.00016577	0.0042475
0.00020416	7.2584e-05	0.018842	7.7997e-05	0.0071486	5.8014e-08	0.0022498	6.1365e-05	0.00016568	0.0042469
0.00020119	7.2203e-05	0.018923	7.6509e-05	0.0071872	5.2563e-08	0.0022506	6.2296e-05	0.00016558	0.0042463
0.00019862	7.1845e-05	0.018996	7.5047e-05	0.0072359	4.5732e-08	0.0022512	6.2249e-05	0.00016551	0.0042458
0.00019582	7.1472e-05	0.019524	7.3567e-05	0.0072802	3.7788e-08	0.0022516	6.2167e-05	0.00016542	0.0042452
0.00019332	7.1085e-05	0.020176	7.2109e-05	0.0073339	3.0758e-08	0.002252	6.2145e-05	0.00016537	0.0042446
0.00019104	7.0715e-05	0.020331	7.0668e-05	0.0073967	2.4318e-08	0.0022525	6.2174e-05	0.00016534	0.004244
0.00018873	7.0337e-05	0.02048	6.9217e-05	0.0074577	1.7257e-08	0.0022529	6.2188e-05	0.0001653	0.0042435
0.00018637	6.995e-05	0.020625	6.7759e-05	0.0075171	9.5921e-09	0.0022534	6.2189e-05	0.00016525	0.0042429
0.00018396	6.9556e-05	0.020764	6.6293e-05	0.0075748	1.1e-08	0.0022538	6.2177e-05	0.00016519	0.0042423
0.00018152	6.9153e-05	0.0209	6.4818e-05	0.007631	1.1906e-08	0.0022541	6.2152e-05	0.00016513	0.0042417
0.00017925	6.8762e-05	0.021058	6.3356e-05	0.0076948	1.2705e-08	0.0022546	6.2167e-05	0.00016508	0.0042411
0.00017694	6.8363e-05	0.02121	6.1885e-05	0.0077568	1.2992e-08	0.002255	6.2168e-05	0.00016503	0.0042405
0.00017459	6.7977e-05	0.021357	6.0406e-05	0.0078169	1.2767e-08	0.0022554	6.2155e-05	0.00016497	0.0042399
0.00017241	6.7603e-05	0.02153	5.894e-05	0.0078856	1.2452e-08	0.0022559	6.2184e-05	0.00016493	0.0042393
0.00017042	6.7242e-05	0.021556	5.7488e-05	0.0079639	1.2044e-08	0.0022565	6.2255e-05	0.00016491	0.0042388
0.00016837	6.6873e-05	0.021581	5.6027e-05	0.0080399	1.1125e-08	0.002257	6.2312e-05	0.00016488	0.0042383
0.0001663	6.6495e-05	0.021604	5.4557e-05	0.008114	9.7038e-09	0.0022575	6.2356e-05	0.00016484	0.0042377
0.00016418	6.6109e-05	0.021626	5.308e-05	0.0081861	1.7352e-08	0.002258	6.2386e-05	0.0001648	0.0042372
0.00016202	6.5716e-05	0.021647	5.1594e-05	0.0082563	2.4397e-08	0.0022584	6.2404e-05	0.00016474	0.0042366
0.00016003	6.5334e-05	0.021674	5.0121e-05	0.0083358	3.1854e-08	0.002259	6.2462e-05	0.00016471	0.004236
0.00015798	6.4943e-05	0.0217	4.8639e-05	0.0084131	3.8675e-08	0.0022595	6.2505e-05	0.00016467	0.0042355
0.00015589	6.4544e-05	0.021724	4.7149e-05	0.0084881	4.4862e-08	0.0022599	6.2535e-05	0.00016462	0.0042349
0.00015376	6.4137e-05	0.021747	4.565e-05	0.0085609	5.0417e-08	0.0022604	6.255e-05	0.00016456	0.0042343
0.0001518	6.3741e-05	0.021776	4.4163e-05	0.0085649	5.6419e-08	0.0022609	6.2606e-05	0.00016452	0.0042338
0.00014979	6.3337e-05	0.021804	4.2668e-05	0.0085681	6.1772e-08	0.0022615	6.2647e-05	0.00016447	0.0042332
0.00014773	6.2925e-05	0.02183	4.1165e-05	0.0085705	6.6498e-08	0.0022619	6.2675e-05	0.00016441	0.0042327
0.00014553	6.2536e-05	0.021852	4.1412e-05	0.008572	7.0244e-08	0.0022625	6.3074e-05	0.00016433	0.0042322
0.0001432	6.2132e-05	0.021869	4.165e-05	0.0085713	7.3028e-08	0.0022631	6.3438e-05	0.00016423	0.0042316
0.00014076	6.1712e-05	0.021882	4.1877e-05	0.0085685	7.4858e-08	0.0022636	6.3766e-05	0.00016411	0.0042311
0.00013818	6.1278e-05	0.021891	4.2093e-05	0.0085637	7.5498e-08	0.0022641	6.406e-05	0.00016397	0.0042305
0.0001355	6.083e-05	0.021897	4.23e-05	0.008557	7.527e-08	0.0022645	6.4323e-05	0.00016381	0.0042298
0.0001327	6.0368e-05	0.0219	4.2498e-05	0.0085485	7.4173e-08	0.0022648	6.4557e-05	0.00016364	0.0042292
0.00013024	5.9928e-05	0.021912	4.2702e-05	0.0085453	7.3922e-08	0.0022653	6.4864e-05	0.00016351	0.0042286
0.00012768	5.9475e-05	0.021922	4.2896e-05	0.0085404	7.2855e-08	0.0022657	6.5143e-05	0.00016335	0.0042281
0.00012539	5.9041e-05	0.02194	4.3097e-05	0.0085402	7.2498e-08	0.0022663	6.5489e-05	0.00016323	0.0042276
0.00012338	5.859e-05	0.021971	4.3304e-05	0.0085455	7.3039e-08	0.0022669	6.5056e-05	0.00016315	0.0042272
0.00012154	5.8155e-05	0.02201	4.3516e-05	0.0085546	7.4085e-08	0.0022676	6.4681e-05	0.00016309	0.0042268
0.00011987	5.7733e-05	0.02206	4.3731e-05	0.0085678	7.5648e-08	0.0022685	6.436e-05	0.00016305	0.0042265
0.00011814	5.7301e-05	0.022107	4.3938e-05	0.0085798	7.6486e-08	0.0022692	6.4017e-05	0.000163	0.0042261
0.00011638	5.686e-05	0.022152	4.4138e-05	0.0085907	7.6677e-08	0.00227	6.3658e-05	0.00016295	0.0042258
0.00011474	5.643e-05	0.022205	4.4339e-05	0.0086052	7.7242e-08	0.0022708	6.3343e-05	0.00016291	0.0042255
0.00011324	5.6012e-05	0.022188	4.4544e-05	0.0086234	7.8188e-08	0.0022717	6.3073e-05	0.00016289	0.0042252
0.00011171	5.5585e-05	0.022169	4.4741e-05	0.0086408	7.8532e-08	0.0022725	6.2789e-05	0.00016286	0.0042249
0.00011031	5.517e-05	0.022157	4.494e-05	0.0086622	7.9296e-08	0.0022735	6.255e-05	0.00016286	0.0042246
0.00010885	5.4747e-05	0.022143	4.5133e-05	0.0086828	7.9457e-08	0.0022744	6.2297e-05	0.00016285	0.0042244
0.00010751	5.4335e-05	0.022136	4.5328e-05	0.0087078	8.0042e-08	0.0022754	6.2089e-05	0.00016285	0.0042241
0.00010628	5.3935e-05	0.022135	4.5526e-05	0.0087375	8.1058e-08	0.0022764	6.1925e-05	0.00016288	0.0042239
0.00010502	5.3527e-05	0.022132	4.5717e-05	0.0087663	8.1468e-08	0.0022775	6.1747e-05	0.0001629	0.0042237
0.00010388	5.313e-05	0.022136	4.5911e-05	0.0088001	8.2316e-08	0.0022786	6.1612e-05	0.00016295	0.0042236
0.00010283	5.2743e-05	0.022146	4.6107e-05	0.0088393	8.357e-08	0.0022797	6.1518e-05	0.00016301	0.0042234
0.00010176	5.2349e-05	0.022154	4.6296e-05	0.0088773	8.4215e-08	0.0022809	6.141e-05	0.00016306	0.0042233
0.00010066	5.1946e-05	0.022161	4.6478e-05	0.0089141	8.4251e-08	0.002282	6.129e-05	0.00016311	0.0042231
9.9523e-05	5.1558e-05	0.022166	4.6652e-05	0.0089491	8.3552e-08	0.0022831	6.1149e-05	0.00016314	0.004223
9.8522e-05	5.1157e-05	0.022106	4.6831e-05	0.0089409	8.3609e-08	0.0022843	6.1067e-05	0.0001632	0.0042228
9.7495e-05	5.0749e-05	0.022044	4.7003e-05	0.0089319	8.3049e-08	0.0022855	6.0971e-05	0.00016326	0.0042227
9.656e-05	5.035e-05	0.021992	4.7178e-05	0.0089262	8.2896e-08	0.0022867	6.0916e-05	0.00016333	0.0042226
9.5598e-05	4.9944e-05	0.021938	4.7345e-05	0.0089197	8.2113e-08	0.0022879	6.0846e-05	0.0001634	0.0042225
9.473e-05	4.9548e-05	0.021894	4.7515e-05	0.0089167	8.1785e-08	0.0022892	6.0819e-05	0.00016348	0.0042224
9.3815e-05	4.9141e-05	0.021846	4.7676e-05	0.0089122	8.0641e-08	0.0022905	6.0767e-05	0.00016356	0.0042224
9.2634e-05	4.8755e-05	0.02179	4.7846e-05	0.0089134	7.849e-08	0.0022918	6.0789e-05	0.00016367	0.0042223
9.1423e-05	4.836e-05	0.021731	4.8008e-05	0.0089137	7.5694e-08	0.0022932	6.0797e-05	0.00016377	0.0042223
9.0316e-05	4.7976e-05	0.021683	4.8173e-05	0.0089174	7.3345e-08	0.0022946	6.0846e-05	0.00016389	0.0042222
8.9302e-05	4.7601e-05	0.021644	4.8341e-05	0.0089244	4.7042e-08	0.0022961	6.0935e-05	0.00016132	0.0042223
8.8261e-05	4.7236e-05	0.021603	4.8501e-05	0.0089306	4.7661e-08	0.0022975	6.101e-05	0.00015874	0.0042223
8.7194e-05	4.6864e-05	0.021559	4.8654e-05	0.008936	4.7698e-08	0.002299	6.1071e-05	0.00015614	0.0042222
8.6098e-05	4.6483e-05	0.021514	4.88e-05	0.0089405	4.715e-08	0.0023004	6.1117e-05	0.00015352	0.0042222
8.5098e-05	4.6112e-05	0.021477	4.8949e-05	0.0089486	4.6834e-08	0.0023019	6.1206e-05	0.00015097	0.0042222
8.4069e-05	4.5733e-05	0.021438	4.909e-05	0.0089556	4.5907e-08	0.0023033	6.1278e-05	0.00014839	0.0042222
8.3291e-05	4.5339e-05	0.021303	4.9239e-05	0.0089686	4.5611e-08	0.0023049	6.1423e-05	0.00014591	0.0042223
8.2616e-05	4.496e-05	0.021193	4.9393e-05	0.0089865	4.5703e-08	0.0023066	6.1623e-05	0.00014349	0.0042224
8.2036e-05	4.4595e-05	0.021104	4.9553e-05	0.0090098	4.6186e-08	0.0023084	6.1881e-05	0.00014114	0.0042225
8.1363e-05	4.4248e-05	0.021005	4.9721e-05	0.0090007	4.579e-08	0.0023101	6.2216e-05	0.00013887	0.0042227
8.0635e-05	4.3887e-05	0.020896	4.9879e-05	0.0089893	4.456e-08	0.0023117	6.2516e-05	0.00013657	0.0042229
7.9846e-05	4.3512e-05	0.020774	5.0025e-05	0.0089753	6.0227e-08	0.0023133	6.2779e-05	0.00013423	0.0042231
7.9186e-05	4.3156e-05	0.020681	5.016e-05	0.0089123	6.3008e-08	0.0023148	6.3129e-05	0.00013185	0.0042232
7.8504e-05	4.2791e-05	0.020585	5.0288e-05	0.0088472	6.5173e-08	0.0023163	6.3463e-05	0.00012946	0.0042233
7.7892e-05	4.2435e-05	0.020503	5.0419e-05	0.0087901	6.7682e-08	0.0023179	6.3843e-05	0.00012712	0.0042235
7.7259e-05	4.2072e-05	0.020418	5.0542e-05	0.0087311	6.9574e-08	0.0023194	6.4208e-05	0.00012477	0.0042236
7.6604e-05	4.17e-05	0.020329	5.0658e-05	0.0086703	7.0851e-08	0.0023209	6.4557e-05	0.0001224	0.0042238
7.6022e-05	4.1338e-05	0.020255	5.0777e-05	0.0086173	7.2517e-08	0.0023225	6.4955e-05	0.00012008	0.004224
7.542e-05	4.0968e-05	0.020178	5.0889e-05	0.0085628	1.1754e-07	0.002324	6.5338e-05	0.00011775	0.0042242
7.4888e-05	4.0607e-05	0.020114	5.1004e-05	0.0085154	1.2398e-07	0.0023256	6.5772e-05	0.00011547	0.0042244
7.4334e-05	4.0238e-05	0.020046	5.1112e-05	0.0084663	1.2966e-07	0.0023272	6.6188e-05	0.00011317	0.0042247
7.3896e-05	3.9888e-05	0.019833	5.1228e-05	0.008428	1.2649e-07	0.002329	6.6696e-05	0.00011095	0.0042249
7.3437e-05	3.953e-05	0.019611	5.1337e-05	0.0083882	1.2262e-07	0.0023307	6.7187e-05	0.00010873	0.004225
7.3043e-05	3.918e-05	0.019423	5.1449e-05	0.0083541	1.1946e-07	0.0023324	6.7733e-05	0.00010655	0.0042253
6.9878e-05	3.884e-05	0.019263	5.1564e-05	0.0083252	1.1697e-07	0.0023343	6.8336e-05	0.00010441	0.0042255
6.6939e-05	3.8508e-05	0.019127	5.1683e-05	0.0083009	1.1511e-07	0.0023362	6.8998e-05	0.00010232	0.0042258
6.3946e-05	3.8169e-05	0.018986	5.1794e-05	0.0082756	1.1259e-07	0.0023381	6.9641e-05	0.00010022	0.0042261
6.1165e-05	3.7838e-05	0.018866	5.1908e-05	0.0082547	1.1068e-07	0.0023247	7.0346e-05	9.8164e-05	0.0042264
5.8334e-05	3.7499e-05	0.018742	5.2015e-05	0.0082327	1.081e-07	0.0023113	7.1032e-05	9.6094e-05	0.0042267
5.5456e-05	3.7153e-05	0.018614	5.2115e-05	0.0082099	1.0489e-07	0.0022978	7.1702e-05	9.4012e-05	0.004227
5.2839e-05	3.6819e-05	0.01851	5.2221e-05	0.0081924	1.0257e-07	0.0022846	7.2454e-05	9.1987e-05	0.0042273
5.0151e-05	3.6476e-05	0.0184	5.2318e-05	0.0081734	9.9467e-08	0.0022713	7.3178e-05	8.9944e-05	0.0042277
4.7699e-05	3.6144e-05	0.018312	5.242e-05	0.0081593	9.7185e-08	0.0022582	7.3986e-05	8.7955e-05	0.004228
4.5184e-05	3.5804e-05	0.018218	5.2514e-05	0.0081439	9.4154e-08	0.002245	7.4767e-05	8.5949e-05	0.0042284
4.2846e-05	3.5471e-05	0.018139	5.2612e-05	0.0081322	9.1667e-08	0.002232	7.5617e-05	8.3984e-05	0.0042288
4.0666e-05	3.5147e-05	0.018072	5.2712e-05	0.0081238	8.9654e-08	0.0022191	7.6535e-05	8.2059e-05	0.0042292
3.864e-05	3.483e-05	0.018016	5.2815e-05	0.0081188	8.8136e-08	0.0022064	7.7528e-05	8.0173e-05	0.0042297
3.6757e-05	3.452e-05	0.01797	5.2922e-05	0.008117	8.7096e-08	0.0021938	7.86e-05	7.8327e-05	0.0042302
3.5008e-05	3.4219e-05	0.017933	5.3031e-05	0.0081184	8.6524e-08	0.0021814	7.9755e-05	7.6519e-05	0.0042307
3.3225e-05	3.3925e-05	0.017893	5.3134e-05	0.0081191	8.5319e-08	0.0021689	8.0887e-05	7.47e-05	0.0042313
3.1569e-05	3.3639e-05	0.017862	5.3239e-05	0.0081229	8.4535e-08	0.0021566	8.2102e-05	7.2916e-05	0.0042318
3.0026e-05	3.3359e-05	0.017837	5.3347e-05	0.0081298	8.4165e-08	0.0021444	8.3404e-05	7.1167e-05	0.0042325
2.8593e-05	3.306e-05	0.017818	5.3459e-05	0.0081401	8.4259e-08	0.0021324	8.4803e-05	6.9455e-05	0.0042331
2.7133e-05	3.2753e-05	0.017798	5.3563e-05	0.0081498	8.3741e-08	0.0021203	8.6179e-05	6.7733e-05	0.0042337
2.564e-05	3.2439e-05	0.017777	5.3659e-05	0.0081584	8.2559e-08	0.0021082	8.7524e-05	6.5997e-05	0.0042344
2.4326e-05	3.2141e-05	0.017689	5.3745e-05	0.0081733	8.2485e-08	0.0020964	8.7611e-05	6.4232e-05	0.004235
2.2983e-05	3.1835e-05	0.017597	5.3822e-05	0.0081872	8.1766e-08	0.0020845	8.7681e-05	6.2454e-05	0.0042357
2.1732e-05	3.1535e-05	0.017519	5.3903e-05	0.0082048	8.1456e-08	0.0020727	8.78e-05	6.0711e-05	0.0042364
2.0576e-05	3.1243e-05	0.017454	5.3987e-05	0.0082265	8.1596e-08	0.0020611	8.7972e-05	5.9005e-05	0.0042372
1.95e-05	3.0958e-05	0.0174	5.4073e-05	0.0082524	8.2134e-08	0.0020496	8.8194e-05	5.7332e-05	0.004238
1.8402e-05	3.0666e-05	0.017343	5.4153e-05	0.0082773	8.2066e-08	0.0020381	8.8401e-05	5.5648e-05	0.0042387
1.7378e-05	3.038e-05	0.017049	5.4236e-05	0.0083068	8.2397e-08	0.0020267	8.6794e-05	5.3997e-05	0.0042395
1.6332e-05	3.0086e-05	0.016744	5.4311e-05	0.0083351	8.2101e-08	0.0020152	8.5158e-05	5.2335e-05	0.0042403
1.5263e-05	2.9785e-05	0.016428	5.4379e-05	0.0083623	8.1178e-08	0.0020038	8.3493e-05	5.0662e-05	0.0042411
1.427e-05	2.9491e-05	0.016159	5.445e-05	0.0083944	8.069e-08	0.0019925	8.1939e-05	4.9023e-05	0.004242
1.3346e-05	2.9203e-05	0.015929	5.4525e-05	0.0083787	8.0633e-08	0.0019813	8.0489e-05	4.7416e-05	0.0042428
1.2403e-05	2.8909e-05	0.015692	5.4592e-05	0.0083621	7.9972e-08	0.0019701	7.9015e-05	4.58e-05	0.0042437
1.1526e-05	2.8621e-05	0.014555	5.4663e-05	0.0083492	7.9738e-08	0.001959	7.7641e-05	4.4216e-05	0.0042445
1.0709e-05	2.834e-05	0.013584	5.4737e-05	0.00834	7.993e-08	0.001948	7.6361e-05	4.2664e-05	0.0042455
9.9499e-06	2.8065e-05	0.012756	5.4814e-05	0.0083341	8.0548e-08	0.0019372	7.5171e-05	4.1142e-05	0.0042464
9.2432e-06	2.7783e-05	0.012048	5.4884e-05	0.0083315	8.16e-08	0.0019265	7.4065e-05	3.961e-05	0.0042474
8.5833e-06	2.7507e-05	0.011441	5.4957e-05	0.0083321	8.3058e-08	0.0019159	7.3035e-05	3.8107e-05	0.0042485
7.9081e-06	2.7223e-05	0.010813	5.5023e-05	0.008332	8.3903e-08	0.0019053	7.1985e-05	3.6594e-05	0.0042495
7.3136e-06	2.6954e-05	0.010335	5.5098e-05	0.0083375	8.5843e-08	0.0018949	7.1067e-05	3.5133e-05	0.0042506
6.6813e-06	2.6699e-05	0.0098025	5.5162e-05	0.0083408	8.6735e-08	0.0018845	7.0091e-05	3.3647e-05	0.0042517
6.0135e-06	2.6431e-05	0.0092168	5.5215e-05	0.008342	8.6648e-08	0.0018739	6.9062e-05	3.2139e-05	0.0042527
5.4978e-06	2.6178e-05	0.0085651	5.5256e-05	0.0083409	8.5516e-08	0.0018633	6.7973e-05	3.0604e-05	0.0042538
4.9519e-06	2.5913e-05	0.0078479	5.5287e-05	0.0083377	8.34e-08	0.0018526	6.6828e-05	2.9046e-05	0.0042549
4.3742e-06	2.5637e-05	0.0070572	5.5306e-05	0.0083324	8.0283e-08	0.0018418	6.5624e-05	2.7464e-05	0.0042559
3.7761e-06	2.5348e-05	0.0061842	5.5315e-05	0.0083249	7.6145e-08	0.0018309	6.436e-05	2.5857e-05	0.0042569
3.2345e-06	2.507e-05	0.0054869	5.533e-05	0.0083222	7.2875e-08	0.0018202	6.3218e-05	2.4295e-05	0.004258
2.7436e-06	2.4803e-05	0.0049288	5.5353e-05	0.0083241	7.0401e-08	0.0018097	6.2189e-05	2.2777e-05	0.004259
2.7534e-06	2.4526e-05	0.0043331	5.5366e-05	0.0083245	6.7133e-08	0.0017991	6.1122e-05	2.1241e-05	0.0042601
2.7535e-06	2.4239e-05	0.0036991	5.5371e-05	0.0083236	6.3088e-08	0.0017885	6.0018e-05	1.9689e-05	0.004261
2.7641e-06	2.3962e-05	0.0031812	5.5381e-05	0.0083269	5.9699e-08	0.001778	5.9013e-05	1.8176e-05	0.0042621
2.763e-06	2.3696e-05	0.0026144	5.5381e-05	0.0083283	5.5395e-08	0.0017674	5.796e-05	1.6642e-05	0.0042631
2.776e-06	2.3418e-05	0.0021743	5.5389e-05	0.0082937	5.1963e-08	0.0017571	5.7024e-05	1.5154e-05	0.0042642
2.8048e-06	2.3153e-05	0.001839	5.5407e-05	0.0082678	4.9398e-08	0.001747	5.6205e-05	1.3717e-05	0.0042653
3.0771e-06	2.2901e-05	0.0015805	5.5412e-05	0.0082389	4.7606e-08	0.0017367	5.5341e-05	1.3616e-05	0.0042664
3.3807e-06	2.2659e-05	0.001377	5.5425e-05	0.0082169	4.6402e-08	0.0017267	5.4574e-05	1.3523e-05	0.0042676
3.7168e-06	2.2426e-05	0.0012141	5.5445e-05	0.0082005	4.5694e-08	0.0017168	5.3891e-05	1.3435e-05	0.0042688
4.0895e-06	2.2203e-05	0.0010839	5.5472e-05	0.0081892	4.548e-08	0.0017071	5.3289e-05	1.3354e-05	0.0042701
4.506e-06	2.199e-05	0.00098099	5.5507e-05	0.0081831	4.5811e-08	0.0016974	5.2767e-05	1.328e-05	0.0042715
4.9645e-06	2.1785e-05	0.00089717	5.5549e-05	0.0081811	4.6574e-08	0.0016878	5.231e-05	1.3211e-05	0.0042729
5.4044e-06	2.1571e-05	0.00080849	5.5582e-05	0.008178	4.6658e-08	0.0016781	5.183e-05	1.3136e-05	0.0042743
5.8865e-06	2.1365e-05	0.00073539	5.562e-05	0.0081206	4.7131e-08	0.0016686	5.1409e-05	1.3065e-05	0.0042759
6.3492e-06	2.1149e-05	0.00065804	5.565e-05	0.0080606	4.6921e-08	0.001659	5.0966e-05	1.2987e-05	0.0042773
6.8831e-06	2.0945e-05	0.00059917	5.5689e-05	0.0080132	4.7407e-08	0.0016496	5.0602e-05	1.2918e-05	0.0042789
7.3841e-06	2.1805e-05	0.0005337	5.5717e-05	0.0079612	4.7014e-08	0.0016402	5.0202e-05	1.2839e-05	0.0042804
7.9261e-06	2.268e-05	0.00047854	5.5748e-05	0.0079165	4.6901e-08	0.0016309	4.9849e-05	1.2765e-05	0.004282
8.4537e-06	2.3569e-05	0.00042133	5.5773e-05	0.0078702	4.6206e-08	0.0016217	4.9482e-05	1.2684e-05	0.0042836
9.0212e-06	2.4473e-05	0.00037251	5.5801e-05	0.0078302	4.5733e-08	0.0016125	4.9157e-05	1.2607e-05	0.0042853
9.6294e-06	2.539e-05	0.00033055	5.5832e-05	0.0077956	4.5449e-08	0.0016035	4.8872e-05	1.2532e-05	0.0042869
1.0222e-05	2.6299e-05	0.00028705	5.5855e-05	0.0077597	4.4587e-08	0.0015945	4.8572e-05	1.2451e-05	0.0042886
1.08e-05	2.7198e-05	0.00024193	5.5871e-05	0.0077225	4.3145e-08	0.0015855	4.8259e-05	1.2365e-05	0.0042903
1.1421e-05	2.8113e-05	0.00020342	5.5891e-05	0.0076907	4.1915e-08	0.0015765	4.7986e-05	1.2282e-05	0.004292
1.2029e-05	2.9042e-05	0.00016362	5.5903e-05	0.0076577	4.0122e-08	0.0015675	4.7701e-05	1.2193e-05	0.0042937
1.2621e-05	2.9963e-05	0.00012246	5.5908e-05	0.0076237	3.7764e-08	0.0015585	4.7402e-05	1.2099e-05	0.0042953
1.3262e-05	3.0899e-05	8.7503e-05	5.5917e-05	0.0075948	3.5627e-08	0.0015497	4.7145e-05	1.2008e-05	0.004297
1.4077e-05	3.1819e-05	8.2711e-05	5.5915e-05	0.007563	3.2681e-08	0.0015407	4.77e-05	1.1909e-05	0.0042988
1.4226e-05	3.2768e-05	7.9124e-05	5.5922e-05	0.0075387	3.0295e-08	0.0015319	4.7464e-05	1.1817e-05	0.0043007
1.4353e-05	3.3745e-05	7.5079e-05	5.5918e-05	0.0075118	2.7114e-08	0.0015231	4.7198e-05	1.1717e-05	0.0043025
1.4458e-05	3.4705e-05	7.0538e-05	5.5903e-05	0.0074819	2.3125e-08	0.0015142	4.6902e-05	1.1608e-05	0.0043043
1.4541e-05	3.5648e-05	6.5456e-05	5.5877e-05	0.0075072	1.8308e-08	0.0015052	4.6574e-05	1.1491e-05	0.004306
1.4597e-05	3.6622e-05	6.613e-05	5.8325e-05	0.0075295	2.1807e-08	0.0015072	4.6212e-05	1.1363e-05	0.0043077
1.4698e-05	3.7627e-05	6.7382e-05	6.0813e-05	0.0075591	2.5842e-08	0.0015093	4.5807e-05	1.1242e-05	0.0043095
1.4777e-05	3.8614e-05	6.8367e-05	6.3281e-05	0.0075858	2.907e-08	0.0015114	4.5369e-05	1.1113e-05	0.0043113
1.4935e-05	3.9634e-05	7.0011e-05	6.5792e-05	0.0076211	3.295e-08	0.0015135	4.5007e-05	1.0991e-05	0.0043131
1.5141e-05	4.0689e-05	7.2436e-05	6.8349e-05	0.0076664	3.7605e-08	0.0015158	4.3405e-05	1.0877e-05	0.0043149
1.5395e-05	4.1776e-05	7.2095e-05	7.0949e-05	0.0076728	4.3116e-08	0.0015182	4.197e-05	1.0769e-05	0.0043168
1.5637e-05	4.2854e-05	7.1636e-05	7.3538e-05	0.0076784	4.8004e-08	0.0015205	4.0509e-05	1.0656e-05	0.0043186
1.5868e-05	4.3923e-05	7.1069e-05	7.6119e-05	0.0076833	5.2294e-08	0.0015228	3.9025e-05	1.0538e-05	0.0043204
1.6126e-05	4.501e-05	7.081e-05	7.8723e-05	0.0076914	5.6948e-08	0.0015252	3.763e-05	1.0422e-05	0.0043223
1.6371e-05	4.6087e-05	7.0436e-05	8.1318e-05	0.0076986	6.0979e-08	0.0015276	3.6211e-05	1.03e-05	0.0043242
1.6605e-05	4.7155e-05	6.9949e-05	8.3902e-05	0.0077051	6.4389e-08	0.0015299	3.4766e-05	1.0173e-05	0.004326
1.6866e-05	4.8241e-05	6.9765e-05	8.6511e-05	0.0077147	6.8184e-08	0.0015322	3.3408e-05	1.0048e-05	0.0043279
1.7115e-05	4.9318e-05	6.9467e-05	8.9109e-05	0.0077235	7.1352e-08	0.0015345	3.2027e-05	9.9174e-06	0.0043298
1.7352e-05	5.0385e-05	6.9065e-05	9.1698e-05	0.0077316	7.3915e-08	0.0015368	3.0623e-05	9.7816e-06	0.0043316
1.7578e-05	5.1444e-05	6.8558e-05	9.4278e-05	0.0077391	7.5875e-08	0.001539	2.9197e-05	9.6405e-06	0.0043335
1.7832e-05	5.2521e-05	6.8351e-05	9.6883e-05	0.0077497	7.823e-08	0.0015413	2.7855e-05	9.5016e-06	0.0043353
1.7328e-05	5.3588e-05	6.8443e-05	9.9513e-05	0.0077637	8.1009e-08	0.0015437	2.6595e-05	9.3649e-06	0.0043372
1.681e-05	5.4646e-05	6.8431e-05	0.00010213	0.0077769	8.3177e-08	0.001546	2.5313e-05	9.2228e-06	0.0043391
1.6334e-05	5.5724e-05	6.8732e-05	0.00010478	0.0077938	8.5823e-08	0.0015484	2.4112e-05	9.0832e-06	0.004341
1.5843e-05	5.6792e-05	6.892e-05	0.00010742	0.0078099	8.783e-08	0.0015508	2.2888e-05	8.9381e-06	0.0043429
1.5337e-05	5.7851e-05	6.8996e-05	0.00011004	0.007825	8.92e-08	0.0015531	2.1643e-05	8.7875e-06	0.0043447
1.4872e-05	5.893e-05	6.9387e-05	0.0001127	0.007844	9.1059e-08	0.0015555	2.0474e-05	8.6393e-06	0.0043466
1.4442e-05	5.9999e-05	7.0086e-05	0.00011538	0.0078669	9.3387e-08	0.001558	1.9374e-05	8.493e-06	0.0043486
1.3998e-05	6.1058e-05	7.0668e-05	0.00011805	0.0078888	9.5069e-08	0.0015605	1.8254e-05	8.3413e-06	0.0043505
1.3589e-05	6.2137e-05	7.1571e-05	0.00012074	0.0079148	9.7234e-08	0.001563	1.72e-05	8.1915e-06	0.0043525
1.3167e-05	6.3206e-05	8.7577e-05	0.00012343	0.0079399	9.8774e-08	0.0015654	1.6128e-05	8.0365e-06	0.0043544
1.2779e-05	6.4296e-05	0.00010632	0.00012614	0.0079697	1.0085e-07	0.001568	1.5122e-05	7.8836e-06	0.0043564
1.2379e-05	6.5377e-05	0.00012444	0.00012885	0.0079985	1.0231e-07	0.0015705	1.4098e-05	7.7254e-06	0.0043584
1.1966e-05	6.6449e-05	0.00014197	0.00013154	0.0080263	1.0313e-07	0.001573	1.3057e-05	7.562e-06	0.0043604
1.1585e-05	6.7541e-05	0.00016235	0.00013426	0.0080588	1.0447e-07	0.0015756	1.2076e-05	7.4004e-06	0.0043624
1.1234e-05	6.8652e-05	0.00018608	0.00013701	0.0080965	1.0632e-07	0.0015782	1.1152e-05	7.2406e-06	0.0043645
1.087e-05	6.9754e-05	0.00020893	0.00013975	0.0081328	1.0751e-07	0.0015808	1.1288e-05	7.0753e-06	0.0043665
1.0536e-05	7.0878e-05	0.00023573	0.00014252	0.008175	1.0928e-07	0.0015835	1.1441e-05	6.9121e-06	0.0043686
1.023e-05	7.2024e-05	0.00026712	0.00014531	0.0082237	1.1165e-07	0.0015862	1.1612e-05	6.7507e-06	0.0043707
9.9499e-06	7.3159e-05	0.00027303	0.00014814	0.0082798	1.1464e-07	0.0015889	1.1802e-05	6.5913e-06	0.0043728
9.6594e-06	7.4285e-05	0.00027867	0.00015095	0.0083342	1.1699e-07	0.0015916	1.1983e-05	6.4266e-06	0.0043749
9.3931e-06	7.5433e-05	0.00028544	0.0001538	0.0083963	1.1994e-07	0.0015943	1.2182e-05	6.2635e-06	0.004377
9.1017e-06	7.6558e-05	0.00029136	0.00015662	0.0088346	1.2166e-07	0.001597	1.2362e-05	6.0924e-06	0.0043791
8.7866e-06	7.7656e-05	0.00029655	0.00015941	0.0092409	1.2229e-07	0.0015996	1.2523e-05	5.9134e-06	0.0043812
8.445e-06	7.9878e-05	0.000301	0.00016218	0.0096135	1.2177e-07	0.0016022	1.2664e-05	6.2216e-06	0.0043832
8.0755e-06	8.2066e-05	0.00030476	0.00016491	0.009956	1.2049e-07	0.0016047	1.2786e-05	6.5204e-06	0.0043852
7.6923e-06	8.4239e-05	0.00030824	0.00016764	0.010287	1.185e-07	0.0016072	1.2898e-05	6.8131e-06	0.0043872
7.3375e-06	8.6452e-05	0.00031265	0.00017039	0.010663	1.1713e-07	0.0016098	1.3028e-05	7.1097e-06	0.0043892
7.0079e-06	8.8705e-05	0.00031805	0.00017317	0.011086	1.1633e-07	0.0016124	1.3176e-05	7.4098e-06	0.0043913
6.6668e-06	9.0944e-05	0.00032316	0.00017594	0.011497	1.1487e-07	0.001615	1.3314e-05	7.7042e-06	0.0043933
6.314e-06	9.3171e-05	0.000328	0.0001787	0.011897	1.1274e-07	0.0016175	1.3444e-05	7.9928e-06	0.0043954
5.9862e-06	9.5438e-05	0.00032456	0.00018149	0.012349	1.1119e-07	0.0016201	1.3591e-05	8.2853e-06	0.0043975
5.6477e-06	9.7692e-05	0.0003209	0.00018427	0.01279	1.0901e-07	0.0016226	1.373e-05	8.5721e-06	0.0043995
5.3335e-06	9.999e-05	0.00031811	0.00018708	0.013289	1.0741e-07	0.0016252	1.3889e-05	8.8631e-06	0.0044016
5.0083e-06	0.00010227	0.00031509	0.00018988	0.013775	1.0516e-07	0.0016278	1.4038e-05	9.1483e-06	0.0044037
4.7069e-06	0.0001046	0.00031292	0.00019271	0.014327	1.0352e-07	0.0016305	1.4207e-05	9.4381e-06	0.0044058
4.4348e-06	0.00010699	0.00031174	0.00019553	0.014458	1.0274e-07	0.0016332	1.4406e-05	9.7202e-06	0.004408
4.1869e-06	0.00010944	0.00031143	0.00019838	0.01448	1.027e-07	0.001636	1.4631e-05	1.0008e-05	0.0044103
3.9571e-06	0.00011193	0.00031183	0.00020126	0.014509	1.0322e-07	0.0016389	1.488e-05	1.0301e-05	0.0044125
3.7431e-06	0.00011447	0.00031291	0.00020418	0.014542	1.0425e-07	0.0016418	1.5152e-05	1.0598e-05	0.0044149
3.5447e-06	0.00011706	0.00031475	0.00020712	0.014582	1.0584e-07	0.0016448	1.5448e-05	1.09e-05	0.0044172
3.3366e-06	0.00011963	0.00031635	0.00021006	0.014621	1.0676e-07	0.0016478	1.5733e-05	1.1196e-05	0.0044196
3.1163e-06	0.00012218	0.00031763	0.00021298	0.014657	1.0688e-07	0.0016509	1.6004e-05	1.1485e-05	0.0044219
2.9245e-06	0.00012441	0.00032027	0.0002154	0.014704	1.0828e-07	0.001654	1.6319e-05	1.3099e-05	0.0044243
2.719e-06	0.00012661	0.00032249	0.0002178	0.014747	1.0877e-07	0.0016571	1.6615e-05	1.4693e-05	0.0044266
2.5268e-06	0.00012886	0.0003255	0.00022023	0.014798	1.0981e-07	0.0016603	1.6938e-05	1.6318e-05	0.0044291
2.3466e-06	0.00013109	0.00032938	0.00022268	0.014857	1.114e-07	0.0016634	1.7287e-05	1.7973e-05	0.0044315
2.1775e-06	0.00013336	0.0003342	0.00022517	0.014924	1.1354e-07	0.0016666	1.7664e-05	1.9658e-05	0.004434
2.0194e-06	0.00013568	0.00034013	0.00022768	0.015001	1.163e-07	0.0016699	1.8071e-05	2.1377e-05	0.0044365
1.8533e-06	0.00013798	0.00034577	0.00023018	0.015075	1.1841e-07	0.0016732	1.8468e-05	2.3085e-05	0.004439
1.6751e-06	0.00014026	0.00035086	0.00023266	0.015146	1.196e-07	0.0016764	1.8844e-05	2.4774e-05	0.0044415
1.5181e-06	0.0001425	0.00035	0.00023519	0.015234	1.222e-07	0.0016797	1.9278e-05	2.6522e-05	0.0044441
1.3472e-06	0.00014471	0.00034862	0.0002377	0.015316	1.237e-07	0.0016832	1.9685e-05	2.8245e-05	0.0044466
1.1946e-06	0.00014699	0.00034849	0.00024026	0.015418	1.2654e-07	0.0016867	2.0149e-05	3.0025e-05	0.0044492
1.0288e-06	0.00014924	0.00034786	0.0002428	0.015511	1.2829e-07	0.0016902	2.0586e-05	3.1779e-05	0.0044518
8.4937e-07	0.00015146	0.00034673	0.00024531	0.015598	1.2895e-07	0.0016935	2.0996e-05	3.3508e-05	0.0044544
8.7188e-07	0.00015364	0.00034506	0.0002478	0.015677	1.285e-07	0.0016967	2.1379e-05	3.5211e-05	0.0044569
8.8531e-07	0.0001558	0.00034286	0.00025027	0.015751	1.2696e-07	0.0016999	2.1737e-05	3.6889e-05	0.0044594
9.0503e-07	0.00015802	0.00033996	0.00025271	0.015764	1.2363e-07	0.0017032	2.1583e-05	3.8539e-05	0.0044619
9.1513e-07	0.00016021	0.0003364	0.00025512	0.015775	1.191e-07	0.0017065	2.2519e-05	4.0162e-05	0.0044644
9.3159e-07	0.00016248	0.00033426	0.00025758	0.015794	1.1596e-07	0.0017098	2.3561e-05	4.184e-05	0.004467
9.4006e-07	0.00016472	0.00033171	0.00026003	0.01581	1.119e-07	0.0017131	2.4568e-05	4.3499e-05	0.0044696
9.4053e-07	0.00016693	0.00032873	0.00026246	0.015825	1.069e-07	0.0017165	2.5542e-05	4.5139e-05	0.0044721
9.463e-07	0.00016921	0.00032687	0.00026493	0.015846	1.0296e-07	0.00172	2.6606e-05	4.6825e-05	0.0044747
9.5697e-07	0.00017155	0.00032608	0.00026744	0.015874	1.0004e-07	0.0017236	2.7773e-05	4.8561e-05	0.0044773
9.7366e-07	0.0001738	0.00032643	0.00026999	0.015912	9.8215e-08	0.0017273	2.9065e-05	5.0353e-05	0.0044801
9.8122e-07	0.00017601	0.0003263	0.00027253	0.015947	9.5379e-08	0.001731	3.0303e-05	5.2119e-05	0.0044827
9.7973e-07	0.0001783	0.0003257	0.00027504	0.015978	9.153e-08	0.0017346	3.1488e-05	5.386e-05	0.0044854
9.8547e-07	0.00018055	0.00031846	0.0002776	0.015965	8.8924e-08	0.0017383	3.2816e-05	5.5664e-05	0.0044881
9.9912e-07	0.00018288	0.0003132	0.00028022	0.015961	8.741e-08	0.0017422	3.4297e-05	5.7531e-05	0.0044909
1.0035e-06	0.00018517	0.0003072	0.00028289	0.015964	1.0921e-07	0.001746	3.5945e-05	5.9463e-05	0.0044937
1.0153e-06	0.00018755	0.0003002	0.00028553	0.015963	1.2897e-07	0.0017499	3.7516e-05	6.1363e-05	0.0044965
1.3043e-06	0.00018988	0.00029222	0.00028815	0.01596	1.4679e-07	0.0017537	3.9013e-05	6.3232e-05	0.0044993
1.6269e-06	0.0001923	0.00028635	0.00029082	0.015964	1.6797e-07	0.0017577	4.0679e-05	6.5167e-05	0.0045021
1.928e-06	0.00019468	0.00027962	0.00029346	0.015965	1.8707e-07	0.0017616	4.2267e-05	6.7069e-05	0.004505
2.265e-06	0.00019714	0.00025791	0.00029615	0.015973	2.0983e-07	0.0017657	4.4033e-05	6.9038e-05	0.0045079
4.1835e-06	0.00019956	0.00025613	0.00029882	0.015978	2.304e-07	0.0017696	4.5717e-05	7.0975e-05	0.0045108
6.0152e-06	0.00020195	0.00025386	0.00030146	0.015983	2.4903e-07	0.0017736	4.7331e-05	7.2883e-05	0.0045136
8.0845e-06	0.00020442	0.00025279	0.00030416	0.015988	2.717e-07	0.0017776	4.9137e-05	7.4862e-05	0.0045166
1.0423e-05	0.00020686	0.00025285	0.00030691	0.015994	2.9912e-07	0.0017818	5.1156e-05	7.6914e-05	0.0045196
1.2647e-05	0.00020942	0.00025243	0.00030964	0.015999	3.2401e-07	0.0017859	5.3085e-05	7.8933e-05	0.0045225
1.5157e-05	0.00021194	0.0002531	0.00031243	0.016004	3.5407e-07	0.00179	5.5237e-05	8.1026e-05	0.0045256
1.7993e-05	0.00021454	0.00025493	0.00031527	0.016009	3.9024e-07	0.0017942	5.764e-05	8.3196e-05	0.0045287
2.0686e-05	0.00021711	0.00025624	0.00031809	0.016014	4.2324e-07	0.0017983	5.9934e-05	8.5331e-05	0.0045319
2.3245e-05	0.00021963	0.00025705	0.00032088	0.016019	4.5323e-07	0.0018024	6.2123e-05	8.7431e-05	0.004535
