Monachus_schauinslandi	Mirounga_leonina	Lontra_canadensis	Leptonychotes_weddellii	Eumetopias_jubatus	Enhydra_lutris	Canis_lupus	Callorhinus_ursinus	Ailuropoda_melanoleuca
0.00067825	5.951e-05	1.0534e-05	5.0704e-06	0.00099297	1.4741e-05	2.6181e-05	1.6188e-05	0.00091154
0.00067619	5.6705e-05	9.592e-06	4.6351e-06	0.00095603	1.325e-05	2.4636e-05	1.5006e-05	0.00090787
0.00067419	5.4267e-05	8.8516e-06	4.3122e-06	0.00092321	1.207e-05	2.3503e-05	1.4093e-05	0.00090424
0.00067217	5.1744e-05	8.0681e-06	3.9657e-06	0.00088944	1.0823e-05	2.2283e-05	1.3123e-05	0.00090059
0.00067014	4.9134e-05	7.2379e-06	3.5936e-06	0.00085466	9.5039e-06	2.097e-05	1.2091e-05	0.00089693
0.00066809	4.6433e-05	6.3585e-06	3.1941e-06	0.00081886	8.109e-06	1.9556e-05	1.0993e-05	0.00089326
0.0006661	4.4076e-05	5.6627e-06	2.8954e-06	0.00078697	6.9976e-06	1.8512e-05	1.014e-05	0.00088962
0.00066415	4.2028e-05	5.1154e-06	2.6742e-06	0.00075866	6.1164e-06	1.7753e-05	9.4826e-06	0.00088601
0.00066226	4.0251e-05	4.686e-06	2.5118e-06	0.00073355	5.4187e-06	1.7211e-05	8.9794e-06	0.00088244
0.00066035	3.841e-05	4.23e-06	2.3363e-06	0.00070769	4.6796e-06	1.6621e-05	8.4415e-06	0.00087886
0.00065842	3.6501e-05	3.7454e-06	2.1466e-06	0.00068101	3.8959e-06	1.5979e-05	7.8664e-06	0.00087526
0.00065648	3.4524e-05	3.2308e-06	1.942e-06	0.00065352	3.0655e-06	1.5282e-05	7.2522e-06	0.00087165
0.00065459	3.2805e-05	2.8256e-06	1.7911e-06	0.00062912	2.4054e-06	1.4785e-05	6.7805e-06	0.00086808
0.00065269	3.1024e-05	2.3948e-06	1.6278e-06	0.00060395	1.7055e-06	1.4241e-05	6.2757e-06	0.00086449
0.00065083	2.9477e-05	1.9621e-06	1.508e-06	0.00058163	1.0025e-06	1.3863e-05	5.8896e-06	0.00086094
0.00064897	2.7873e-05	1.5033e-06	1.3781e-06	0.00055862	9.5714e-07	1.3447e-05	5.4759e-06	0.00085737
0.00064708	2.6211e-05	1.017e-06	1.2376e-06	0.0005349	9.0303e-07	1.2991e-05	5.0332e-06	0.00085379
0.00064519	2.4488e-05	5.0133e-07	1.0856e-06	0.00051044	8.3985e-07	1.2491e-05	4.5594e-06	0.0008502
0.00063779	1.8508e-05	3.1329e-07	6.3685e-07	0.00040871	5.2434e-07	1.0259e-05	2.4973e-06	0.00083575
0.000636	1.7232e-05	2.7669e-07	5.5692e-07	0.00038649	4.6227e-07	9.8828e-06	2.113e-06	0.00083217
0.00063426	1.616e-05	2.5149e-07	5.0231e-07	0.0003673	4.1864e-07	9.6521e-06	1.8324e-06	0.00082863
0.00063249	1.4975e-05	1.4706e-07	4.3372e-07	0.00035152	3.9555e-07	9.5717e-06	1.6502e-06	0.00082515
0.0006308	1.4046e-05	1.42e-07	3.9461e-07	0.00033424	3.5852e-07	9.4072e-06	1.4272e-06	0.00082164
0.00062907	1.3015e-05	9.7086e-08	3.4419e-07	0.00032021	3.4097e-07	8.7417e-06	1.2877e-06	0.00081819
0.00062731	1.1874e-05	4.1568e-08	2.8082e-07	0.00030489	3.1138e-07	7.9251e-06	1.1163e-06	0.00081471
0.00062563	1.0975e-05	3.8515e-08	2.4368e-07	0.00028819	2.6887e-07	6.9285e-06	9.0864e-07	0.0008112
0.00062403	1.027e-05	3.8481e-08	2.2338e-07	0.00027457	2.4421e-07	6.3322e-06	7.7544e-07	0.00080774
0.00062239	9.4842e-06	1.7746e-08	1.9574e-07	0.00026356	2.3438e-07	5.282e-06	6.9278e-07	0.00080435
0.00062083	8.8633e-06	2.0222e-08	1.8097e-07	0.00025151	2.1407e-07	4.0146e-06	5.8953e-07	0.00080092
0.00061933	8.3539e-06	2.3396e-08	1.7378e-07	0.00024132	2.0291e-07	3.1594e-06	5.1808e-07	0.00079754
0.00061789	7.9352e-06	2.7394e-08	1.7273e-07	0.00023268	1.9926e-07	2.5696e-06	4.6916e-07	0.0007942
0.0006165	7.5941e-06	3.2537e-08	1.7772e-07	0.0002254	2.0272e-07	2.16e-06	4.3755e-07	0.0007909
0.00061517	7.3216e-06	3.935e-08	1.8975e-07	0.00021934	2.1381e-07	1.8771e-06	4.2046e-07	0.00078764
0.0006139	6.8787e-06	4.8965e-08	1.922e-07	0.00021449	2.3498e-07	1.6933e-06	4.1809e-07	0.00078443
0.00061261	6.3817e-06	3.8002e-08	1.8971e-07	0.0002109	2.7164e-07	1.5917e-06	4.3342e-07	0.00078127
0.00061127	6.0459e-06	2.1837e-08	1.9855e-07	0.0002067	2.9647e-07	1.4558e-06	4.3732e-07	0.00077808
0.00061002	5.5015e-06	2.7744e-08	1.9685e-07	0.00020183	3.0934e-07	1.3158e-06	4.2933e-07	0.00077486
0.00060872	5.1405e-06	1.8594e-08	2.0793e-07	0.00019826	3.3931e-07	1.2455e-06	4.4026e-07	0.0007717
0.00060757	4.6236e-06	2.8572e-08	2.098e-07	0.00019407	3.5679e-07	1.1454e-06	4.3946e-07	0.00076851
0.00060625	4.278e-06	2.3251e-08	2.255e-07	0.00019112	3.9395e-07	1.1029e-06	4.5859e-07	0.00076537
0.00060503	3.9263e-06	4.1472e-08	2.4005e-07	0.00018758	4.176e-07	1.0346e-06	4.6558e-07	0.0007622
0.00060378	3.5684e-06	4.0025e-08	2.5346e-07	0.0001852	4.6388e-07	1.015e-06	4.9403e-07	0.00075909
0.0006025	3.2044e-06	3.3937e-08	2.6571e-07	0.00018227	4.9563e-07	9.7235e-07	5.0958e-07	0.00075595
0.00060132	2.8343e-06	5.7283e-08	2.7682e-07	0.00017876	5.1332e-07	9.05e-07	5.1267e-07	0.00075278
0.0006001	2.458e-06	5.7121e-08	2.8679e-07	0.00017638	5.5482e-07	8.3354e-07	5.379e-07	0.00074967
0.00059885	2.0755e-06	5.1943e-08	2.956e-07	0.00017346	5.8143e-07	8.3131e-07	5.5004e-07	0.00074653
0.00059757	1.6869e-06	4.2813e-08	3.0327e-07	0.00016997	5.9377e-07	8.085e-07	5.4944e-07	0.00074336
0.00059625	1.2922e-06	2.8308e-08	3.0979e-07	0.00016589	5.9185e-07	7.6377e-07	5.3581e-07	0.00074016
0.00059501	8.9135e-07	3.8074e-08	3.1517e-07	0.00016118	5.7527e-07	6.9535e-07	5.0874e-07	0.00073693
0.00059373	8.5259e-07	3.068e-08	3.1237e-07	0.00015766	5.8112e-07	6.6795e-07	5.0347e-07	0.00073376
0.0005926	7.7152e-07	4.993e-08	2.9853e-07	0.00015356	5.7286e-07	6.2011e-07	4.8572e-07	0.00073056
0.00059143	6.6877e-07	4.8054e-08	3.4968e-07	0.00015059	5.8725e-07	6.0816e-07	4.8892e-07	0.00072741
0.00059023	5.4616e-07	4.1322e-08	3.8946e-07	0.00014708	5.8771e-07	5.7758e-07	4.7999e-07	0.00072423
0.000589	5.7911e-07	2.9571e-08	4.151e-07	0.00014301	5.7425e-07	5.2724e-07	4.5867e-07	0.00072103
0.00058787	5.3606e-07	4.2275e-08	4.1451e-07	0.00013835	5.4592e-07	4.5523e-07	4.2433e-07	0.0007178
0.00058669	4.7504e-07	3.6703e-08	4.0628e-07	0.00013483	5.4011e-07	4.1987e-07	4.1096e-07	0.00071462
0.00058547	4.8244e-07	2.7368e-08	4.3485e-07	0.00013075	5.2062e-07	3.6593e-07	3.856e-07	0.00071141
0.00058433	4.5928e-07	4.119e-08	4.4877e-07	0.00012606	4.8531e-07	2.9053e-07	3.4714e-07	0.00070826
0.00058303	4.5802e-07	3.6719e-08	4.8744e-07	0.0001225	4.7231e-07	2.4951e-07	3.2907e-07	0.00070516
0.00058187	4.2685e-07	6.4973e-08	5.0921e-07	0.0001184	4.4573e-07	1.9125e-07	2.9951e-07	0.00070203
0.00058067	3.8308e-07	6.6879e-08	5.2211e-07	0.00011533	4.3954e-07	1.5931e-07	2.8757e-07	0.00069896
0.00057944	3.2392e-07	6.4777e-08	5.2963e-07	0.00011176	4.2061e-07	1.5575e-07	2.6503e-07	0.00069585
0.00057817	2.4741e-07	5.7348e-08	6.7557e-07	0.00010765	3.8823e-07	1.4053e-07	2.3104e-07	0.00069272
0.00057687	2.3524e-07	4.44e-08	7.5747e-07	0.00010297	3.4162e-07	1.1307e-07	1.8463e-07	0.00068956
0.00057565	2.3059e-07	3.7172e-08	7.7431e-07	9.7699e-05	3.1878e-07	7.2255e-08	1.244e-07	0.00068638
0.0005745	2.3405e-07	3.3423e-08	8.1648e-07	9.355e-05	3.1251e-07	4.7849e-08	8.5403e-08	0.00068324
0.00057341	2.5434e-07	3.3006e-08	8.1295e-07	9.0371e-05	3.2269e-07	3.3495e-08	6.0264e-08	0.00068008
0.0005724	2.8489e-07	3.593e-08	8.3111e-07	8.803e-05	2.7382e-07	2.5397e-08	4.4056e-08	0.00067696
0.00057146	3.3943e-07	4.2638e-08	8.0627e-07	8.645e-05	2.4552e-07	2.1211e-08	3.3884e-08	0.00067389
0.00057059	4.2706e-07	5.5037e-08	7.1612e-07	8.5555e-05	2.333e-07	1.9702e-08	2.7695e-08	0.00067088
0.00056979	5.6456e-07	4.7446e-08	4.828e-07	8.5328e-05	2.3488e-07	2.0611e-08	2.4463e-08	0.00066791
0.00056906	6.9565e-07	4.7015e-08	2.4854e-07	8.5745e-05	1.8786e-07	2.4044e-08	2.3475e-08	0.000665
0.00056832	8.7044e-07	5.0354e-08	1.1076e-07	8.6835e-05	1.5827e-07	3.1033e-08	2.4647e-08	0.00066213
0.00056766	9.1285e-07	3.3414e-08	5.19e-08	8.8641e-05	1.4203e-07	4.3429e-08	2.8205e-08	0.00065931
0.00056693	9.095e-07	2.4861e-08	3.9975e-08	9.1216e-05	7.4011e-08	6.4235e-08	3.4704e-08	0.00065654
0.00056616	9.4787e-07	1.067e-08	3.5587e-08	9.3347e-05	7.2946e-08	7.5232e-08	3.5564e-08	0.00065375
0.00056547	1.0085e-06	1.2773e-08	3.5244e-08	9.5045e-05	6.4331e-08	7.6853e-08	3.0804e-08	0.00065092
0.00056484	1.0993e-06	1.5833e-08	3.8479e-08	9.7541e-05	6.1018e-08	8.7723e-08	2.9121e-08	0.00064815
0.00056427	1.2265e-06	2.0781e-08	4.6035e-08	0.00010093	6.2488e-08	7.9211e-08	3.0197e-08	0.00064542
0.0005609	1.4415e-06	2.8612e-08	6.3622e-08	0.00010532	6.8802e-08	7.9679e-08	3.412e-08	0.00064274
0.00055764	1.6503e-06	4.0904e-08	8.0054e-08	0.0001109	8.112e-08	8.9518e-08	4.1744e-08	0.0006401
0.0005541	1.9539e-06	3.5165e-08	1.1169e-07	0.00011784	1.0116e-07	1.1099e-07	5.4345e-08	0.00063751
0.00055067	2.3437e-06	5.9675e-08	1.1768e-07	0.00012408	1.1231e-07	1.214e-07	6.038e-08	0.0006349
0.00054735	2.8398e-06	9.5414e-08	1.0456e-07	0.00013182	1.3255e-07	1.4585e-07	7.2398e-08	0.00063233
0.00052483	7.0994e-06	4.156e-07	4.9058e-08	0.00019702	2.8154e-07	3.7127e-07	1.4971e-07	0.00061454
0.00052171	7.8495e-06	4.7843e-07	4.3175e-08	0.00020823	3.0692e-07	3.8683e-07	1.617e-07	0.00061203
0.0005187	8.8364e-06	5.7545e-07	4.1504e-08	0.00022198	3.5149e-07	3.9823e-07	1.8601e-07	0.00060956
0.00051578	9.2051e-06	5.9145e-07	4.7446e-08	0.00023884	4.2265e-07	4.0546e-07	2.2758e-07	0.00060714
0.00051286	9.5678e-06	6.0509e-07	5.2224e-08	0.00025966	4.9013e-07	4.0854e-07	2.9498e-07	0.00060469
0.00050994	9.9244e-06	6.1638e-07	5.5839e-08	0.00028521	5.5392e-07	4.0745e-07	4.0109e-07	0.00060221
0.00050701	1.0275e-05	6.2533e-07	5.8291e-08	0.00031632	6.1402e-07	4.022e-07	5.6558e-07	0.00059978
0.00050385	1.0874e-05	5.6788e-07	6.8772e-08	0.00035419	7.1196e-07	3.9279e-07	8.1963e-07	0.00059739
0.0005008	1.1644e-05	5.355e-07	8.753e-08	0.00040013	8.6162e-07	3.7922e-07	1.2083e-06	0.00059505
0.00049784	1.2627e-05	5.2288e-07	1.1918e-07	0.0004558	1.0859e-06	3.6149e-07	1.8028e-06	0.00059275
0.00049497	1.3875e-05	5.2803e-07	1.7168e-07	0.00052331	1.4195e-06	3.3959e-07	2.7136e-06	0.00059048
0.00049221	1.5458e-05	6.7194e-07	2.5867e-07	0.00061216	1.6686e-06	3.1354e-07	3.0423e-06	0.0005882
0.00048954	1.6485e-05	8.1359e-07	3.1229e-07	0.00072044	1.9141e-06	2.8332e-07	3.3682e-06	0.00058595
0.00048687	1.7506e-05	8.4638e-07	3.648e-07	0.00082874	2.2904e-06	2.757e-07	4.2203e-06	0.00058368
0.00048419	1.8856e-05	8.7683e-07	4.562e-07	0.00093706	2.6634e-06	3.0026e-07	4.666e-06	0.00058139
0.00021458	8.0362e-05	2.5262e-05	4.6279e-07	0.059116	1.648e-05	7.6304e-06	2.4542e-05	0.00031432
0.00021222	8.0346e-05	2.5737e-05	3.7676e-07	0.059928	1.6108e-05	7.6471e-06	2.4191e-05	0.00031142
0.00020983	8.0228e-05	2.612e-05	2.6987e-07	0.060678	1.5647e-05	7.6091e-06	2.3742e-05	0.00030851
0.00020737	8.1181e-05	2.6083e-05	2.4043e-07	0.060938	1.5383e-05	7.237e-06	2.3545e-05	0.00030563
0.00020499	8.1166e-05	2.6204e-05	2.349e-07	0.061264	1.527e-05	7.0628e-06	2.3518e-05	0.00030278
0.00020258	8.1024e-05	2.6289e-05	2.2307e-07	0.061575	1.5096e-05	7.4749e-06	2.3425e-05	0.00029992
0.00020012	8.1328e-05	2.6315e-05	2.2643e-07	0.061861	1.4856e-05	7.7699e-06	2.3259e-05	0.00029703
0.00019774	8.0752e-05	2.6488e-05	2.095e-07	0.062211	1.4761e-05	8.3062e-06	2.326e-05	0.00029418
0.00019532	8.002e-05	2.6355e-05	2.42e-07	0.062328	1.4902e-05	8.4372e-06	2.3486e-05	0.00029137
0.00019283	8.0221e-05	2.5679e-05	2.5366e-07	0.062348	1.5203e-05	8.2839e-06	2.4187e-05	0.00028859
0.00019034	8.0416e-05	2.5001e-05	2.6417e-07	0.062367	1.55e-05	8.1267e-06	2.5501e-05	0.00028585
0.00018784	8.0606e-05	2.4321e-05	2.7352e-07	0.062387	1.5794e-05	7.9656e-06	2.7523e-05	0.00028315
0.00018534	8.079e-05	2.3639e-05	2.8173e-07	0.062407	1.6085e-05	7.8006e-06	2.89e-05	0.00028042
0.00018284	8.0968e-05	2.2956e-05	2.888e-07	0.062427	1.6373e-05	7.6316e-06	3.0054e-05	0.00027768
0.00018033	8.1141e-05	2.2271e-05	2.9471e-07	0.062447	1.6657e-05	7.4588e-06	3.1832e-05	0.00027496
0.00017782	8.1309e-05	2.1585e-05	2.9948e-07	0.062467	1.6938e-05	7.282e-06	3.3022e-05	0.00027223
0.00017531	8.1471e-05	2.0896e-05	3.031e-07	0.062487	1.7215e-05	7.1013e-06	3.4015e-05	0.00026947
0.0001728	8.1627e-05	2.0207e-05	3.0557e-07	0.062507	1.7489e-05	6.9167e-06	3.5538e-05	0.00026674
0.00017028	8.1778e-05	1.9515e-05	3.0689e-07	0.062527	1.776e-05	6.7281e-06	3.6531e-05	0.000264
0.00016776	8.1924e-05	1.8822e-05	3.0706e-07	0.062548	1.8028e-05	6.5357e-06	3.7523e-05	0.00026123
0.00016524	8.2064e-05	1.8127e-05	3.0609e-07	0.062568	1.8292e-05	6.3394e-06	3.8512e-05	0.00025844
0.00016271	8.2198e-05	1.7431e-05	3.0397e-07	0.062588	1.8553e-05	6.1391e-06	3.95e-05	0.00025569
0.00016019	8.2327e-05	1.6733e-05	3.007e-07	0.062608	1.8811e-05	5.9349e-06	4.0486e-05	0.00025296
0.00015766	8.2451e-05	1.6033e-05	2.9628e-07	0.062628	1.9065e-05	5.7268e-06	4.1469e-05	0.00025027
0.00015512	8.2569e-05	1.5332e-05	2.9071e-07	0.062648	1.9316e-05	5.5148e-06	4.2451e-05	0.00024755
0.00015259	8.2681e-05	1.4629e-05	2.84e-07	0.062669	1.9563e-05	5.2988e-06	4.3431e-05	0.00024482
0.00015005	8.2788e-05	1.3924e-05	2.7613e-07	0.062689	1.9808e-05	5.079e-06	4.4408e-05	0.00024212
0.00014751	8.289e-05	1.3218e-05	2.6712e-07	0.062709	2.0049e-05	4.8552e-06	4.5384e-05	0.00023939
0.00014496	8.2985e-05	1.251e-05	2.5697e-07	0.062729	2.0286e-05	4.6275e-06	4.6231e-05	0.00023665
0.00014242	8.3076e-05	1.18e-05	2.4566e-07	0.06275	2.0521e-05	4.3959e-06	4.7483e-05	0.00023394
0.00013987	8.3161e-05	1.1089e-05	2.332e-07	0.06277	2.0752e-05	4.1604e-06	4.9424e-05	0.00023121
0.00013732	8.324e-05	1.0376e-05	2.196e-07	0.062791	2.0979e-05	3.921e-06	5.11e-05	0.00022845
0.00013476	8.3314e-05	9.6616e-06	2.0485e-07	0.062811	2.1204e-05	3.6776e-06	5.3613e-05	0.00022573
0.0001322	8.3382e-05	8.9453e-06	1.8895e-07	0.062831	2.1425e-05	3.4303e-06	5.7493e-05	0.00022304
0.00012964	8.3445e-05	8.2274e-06	1.719e-07	0.062852	2.1642e-05	3.1791e-06	6.0138e-05	0.00022033
0.00012708	8.3502e-05	7.5078e-06	1.5371e-07	0.062872	2.1857e-05	2.924e-06	6.486e-05	0.00021766
0.00012452	8.3554e-05	6.7866e-06	1.3436e-07	0.062893	2.2068e-05	2.665e-06	6.809e-05	0.00021496
0.00012195	8.36e-05	6.0637e-06	1.1387e-07	0.062913	2.2276e-05	2.402e-06	7.3848e-05	0.00021229
0.00011938	8.3641e-05	5.3392e-06	9.2228e-08	0.062934	2.248e-05	2.1352e-06	7.8717e-05	0.0002096
0.0001168	8.3676e-05	4.613e-06	6.9439e-08	0.062954	2.2681e-05	1.8644e-06	8.2066e-05	0.00020689
0.00011669	8.3525e-05	3.7559e-06	3.7203e-08	0.062967	2.2809e-05	1.5241e-06	8.4877e-05	0.00020825
0.00011656	8.4463e-05	3.1826e-06	2.8389e-08	0.062999	2.3115e-05	1.3237e-06	8.9211e-05	0.00020963
0.00011644	8.575e-05	2.5052e-06	2.3698e-08	0.063062	2.334e-05	1.3832e-06	9.0771e-05	0.00021099
0.00011636	8.5723e-05	2.4327e-06	2.2279e-08	0.063162	2.3482e-05	1.4386e-06	9.1163e-05	0.00021233
0.00011626	8.556e-05	2.3456e-06	3.9676e-08	0.063251	2.3553e-05	1.4763e-06	9.1471e-05	0.00021365
0.00011614	8.6529e-05	2.2562e-06	4.7499e-08	0.06333	2.362e-05	1.9006e-06	9.1777e-05	0.00021496
0.00011604	8.6562e-05	2.2512e-06	4.5867e-08	0.063455	2.3328e-05	2.6577e-06	9.1338e-05	0.00021626
0.00011592	8.6208e-05	2.2858e-06	6.2373e-08	0.063455	2.3215e-05	2.9108e-06	9.1286e-05	0.00021757
0.00011577	8.6225e-05	2.3083e-06	9.3586e-08	0.063441	2.303e-05	3.1284e-06	9.1079e-05	0.00021887
0.00011566	8.5248e-05	2.7273e-06	1.6818e-07	0.063506	2.2756e-05	4.7951e-06	9.0246e-05	0.00022015
0.00011553	8.4157e-05	2.9057e-06	2.2775e-07	0.063983	2.2816e-05	6.2262e-06	8.9159e-05	0.00022141
0.00011538	8.4926e-05	3.0508e-06	2.6947e-07	0.064423	2.2832e-05	7.3928e-06	8.7828e-05	0.00022265
0.00011522	8.569e-05	3.1936e-06	3.1006e-07	0.064864	2.2846e-05	8.5564e-06	8.6496e-05	0.00022388
0.00011507	8.6448e-05	3.3343e-06	3.4952e-07	0.065305	2.2855e-05	9.7169e-06	8.5162e-05	0.00022512
0.0001149	8.7201e-05	3.4727e-06	3.8786e-07	0.065746	2.2862e-05	1.0874e-05	8.3826e-05	0.00022635
0.00011474	8.7949e-05	3.6089e-06	4.2507e-07	0.066188	2.2865e-05	1.2029e-05	8.2489e-05	0.00022756
0.00011456	8.8691e-05	3.7429e-06	4.6116e-07	0.06663	2.2865e-05	1.318e-05	8.1151e-05	0.00022878
0.00011439	8.9428e-05	3.8746e-06	4.9612e-07	0.067072	2.2861e-05	1.4329e-05	7.9811e-05	0.00022999
0.00011421	9.016e-05	4.0042e-06	5.2995e-07	0.067515	2.2854e-05	1.5474e-05	7.8469e-05	0.00023119
0.00011402	9.0887e-05	4.1315e-06	5.6266e-07	0.067958	2.2844e-05	1.6617e-05	7.7126e-05	0.0002324
0.00011383	9.1609e-05	4.2566e-06	5.9424e-07	0.068402	2.283e-05	1.7756e-05	7.5781e-05	0.00023364
0.00011364	9.2325e-05	4.3795e-06	6.2469e-07	0.068846	2.2813e-05	1.8892e-05	7.4435e-05	0.00023485
0.00011344	9.3036e-05	4.5002e-06	6.5402e-07	0.06929	2.2792e-05	2.0026e-05	7.3087e-05	0.00023609
0.00011324	9.3742e-05	4.6187e-06	6.8222e-07	0.069734	2.2769e-05	2.1156e-05	7.1737e-05	0.00023731
0.00011303	9.4442e-05	4.7349e-06	7.0929e-07	0.070179	2.2741e-05	2.2283e-05	7.0386e-05	0.00023855
0.00011282	9.5137e-05	4.849e-06	7.3524e-07	0.070625	2.2711e-05	2.3407e-05	6.9033e-05	0.00023977
0.00011261	9.5827e-05	4.9608e-06	7.6006e-07	0.07107	2.2677e-05	2.4529e-05	6.7679e-05	0.00024097
0.00011239	9.6512e-05	5.0704e-06	7.8376e-07	0.071516	2.264e-05	2.5647e-05	6.6323e-05	0.0002422
0.00011216	9.7192e-05	5.1778e-06	8.0633e-07	0.071963	2.2599e-05	2.6762e-05	6.4966e-05	0.0002434
0.00011193	9.7866e-05	5.2829e-06	8.2777e-07	0.07241	2.2555e-05	2.7874e-05	6.3607e-05	0.00024463
0.0001117	9.8535e-05	5.3859e-06	8.4809e-07	0.072857	2.2508e-05	2.8984e-05	6.2246e-05	0.00024586
0.00011146	9.9199e-05	5.4866e-06	8.6728e-07	0.073304	2.2457e-05	3.009e-05	6.0884e-05	0.00024709
0.00011122	9.9857e-05	5.5852e-06	8.8534e-07	0.073752	2.2403e-05	3.1193e-05	5.952e-05	0.00024833
0.00011097	0.00010051	5.6815e-06	9.0228e-07	0.074201	2.2345e-05	3.2293e-05	5.8155e-05	0.00024955
0.00011072	0.00010116	5.7756e-06	9.1809e-07	0.074649	2.2285e-05	3.339e-05	5.6788e-05	0.00025079
0.00011046	0.0001018	5.8675e-06	9.3278e-07	0.075098	2.222e-05	3.4485e-05	5.542e-05	0.00025202
0.0001102	0.00010244	5.9571e-06	9.4634e-07	0.075548	2.2153e-05	3.5576e-05	5.405e-05	0.00025326
0.00010994	0.00010307	6.0446e-06	9.5877e-07	0.075997	2.2082e-05	3.6664e-05	5.2678e-05	0.00025451
0.00010967	0.0001037	6.1298e-06	9.7008e-07	0.076447	2.2008e-05	3.7749e-05	5.1305e-05	0.00025575
0.0001094	0.00010432	6.2129e-06	9.8026e-07	0.076898	2.193e-05	3.8831e-05	4.993e-05	0.00025701
0.00010912	0.00010494	6.2937e-06	9.8932e-07	0.077349	2.1849e-05	3.991e-05	4.8553e-05	0.00025829
0.00010884	0.00010555	6.3723e-06	9.9725e-07	0.0778	2.1764e-05	4.0987e-05	4.7175e-05	0.00025955
0.00010855	0.00010615	6.4486e-06	1.0041e-06	0.078252	2.1677e-05	4.206e-05	4.5796e-05	0.00026083
0.00010826	0.00010675	6.5228e-06	1.0097e-06	0.078704	2.1586e-05	4.313e-05	4.4414e-05	0.00026213
0.00010796	0.00010735	6.5948e-06	1.0143e-06	0.079156	2.1491e-05	4.4197e-05	4.3032e-05	0.00026341
0.00010766	0.00010794	6.6645e-06	1.0177e-06	0.079609	2.1393e-05	4.5261e-05	4.1647e-05	0.00026468
0.00010736	0.00010853	6.732e-06	1.02e-06	0.080062	2.1292e-05	4.6323e-05	4.0261e-05	0.00026596
0.00010705	0.00010911	6.7973e-06	1.0212e-06	0.080515	2.1187e-05	4.7381e-05	3.8873e-05	0.00026727
0.00010673	0.00010968	6.8604e-06	1.0212e-06	0.080969	2.1079e-05	4.8436e-05	3.7484e-05	0.00026855
0.00010642	0.00011025	6.9213e-06	1.0202e-06	0.081423	2.0968e-05	4.9488e-05	3.6093e-05	0.00026986
0.00010609	0.00011081	6.98e-06	1.018e-06	0.081878	2.0853e-05	5.0537e-05	3.4701e-05	0.0002712
0.00010577	0.00011137	7.0365e-06	1.0146e-06	0.082333	2.0735e-05	5.1584e-05	3.3307e-05	0.00027251
0.00010544	0.00011193	7.0907e-06	1.0102e-06	0.082788	2.0614e-05	5.2627e-05	3.1911e-05	0.00027104
0.0001051	0.00011248	7.1427e-06	1.0046e-06	0.083244	2.0489e-05	5.3667e-05	3.0514e-05	0.00026956
0.00010476	0.00011302	7.1926e-06	9.9788e-07	0.0837	2.0361e-05	5.4705e-05	2.9115e-05	0.00026805
0.00010442	0.00011356	7.2402e-06	9.9005e-07	0.084157	2.0229e-05	5.5739e-05	2.7714e-05	0.00026656
0.00010407	0.00011409	7.2856e-06	9.8109e-07	0.084614	2.0095e-05	5.677e-05	2.6312e-05	0.0002651
0.00010371	0.00011462	7.3287e-06	9.7101e-07	0.085071	1.9956e-05	5.7799e-05	2.4908e-05	0.00026367
0.00010336	0.00011514	7.3697e-06	9.598e-07	0.085529	1.9815e-05	5.8824e-05	2.3503e-05	0.00026221
0.00010299	0.00011566	7.4085e-06	9.4746e-07	0.085987	1.967e-05	5.9846e-05	2.2096e-05	0.00026074
0.00010263	0.00011617	7.445e-06	9.34e-07	0.086445	1.9521e-05	6.0866e-05	2.0687e-05	0.00025928
0.00010225	0.00011668	7.4793e-06	9.1941e-07	0.086904	1.937e-05	6.1882e-05	1.9277e-05	0.00025785
0.00010188	0.00011718	7.5114e-06	9.0369e-07	0.087363	1.9215e-05	6.2896e-05	1.7865e-05	0.00025639
0.0001015	0.00011767	7.5413e-06	8.8685e-07	0.087823	1.9056e-05	6.3906e-05	1.6452e-05	0.00025495
0.00010111	0.00011817	7.569e-06	8.6888e-07	0.088283	1.8894e-05	6.4914e-05	1.5036e-05	0.00025353
0.00010073	0.00011865	7.5945e-06	8.4979e-07	0.088743	1.8729e-05	6.5918e-05	1.362e-05	0.00025209
0.00010033	0.00011913	7.6178e-06	8.2957e-07	0.089204	1.856e-05	6.692e-05	1.2201e-05	0.00025067
9.9934e-05	0.00011961	7.6388e-06	8.0822e-07	0.089665	1.8388e-05	6.7918e-05	1.0781e-05	0.00024926
9.9532e-05	0.00012008	7.6576e-06	7.8575e-07	0.090126	1.8213e-05	6.8914e-05	9.3595e-06	0.00024784
9.9125e-05	0.00012054	7.6743e-06	7.6215e-07	0.090588	1.8035e-05	6.9907e-05	7.9362e-06	0.00024643
9.8713e-05	0.000121	7.6887e-06	7.3743e-07	0.09105	1.7852e-05	7.0896e-05	6.5113e-06	0.00024504
9.8298e-05	0.00012146	7.7009e-06	7.1158e-07	0.091513	1.7667e-05	7.1883e-05	5.0847e-06	0.00024363
9.7907e-05	0.0001225	7.7898e-06	6.1872e-07	0.092075	1.7626e-05	7.3638e-05	4.1515e-06	0.00024225
9.7542e-05	0.00012353	7.9827e-06	5.2479e-07	0.092638	1.7728e-05	7.678e-05	3.5653e-06	0.00024089
9.7156e-05	0.00012521	7.9496e-06	4.767e-07	0.092908	1.7996e-05	7.7804e-05	3.3554e-06	0.00023955
9.6801e-05	0.00012555	8.4958e-06	3.6129e-07	0.094308	1.819e-05	8.6064e-05	3.0654e-06	0.00023819
9.6426e-05	0.00012752	8.8238e-06	3.3041e-07	0.095352	1.9287e-05	9.1605e-05	3.0735e-06	0.00023682
9.6077e-05	0.00012948	9.461e-06	2.9841e-07	0.096398	1.9668e-05	0.00010151	2.9179e-06	0.00023542
9.5723e-05	0.00013145	1.0096e-05	2.6527e-07	0.097445	2.0046e-05	0.00011143	2.7595e-06	0.00023405
9.5365e-05	0.0001334	1.073e-05	2.31e-07	0.098492	2.042e-05	0.00012135	2.5982e-06	0.0002327
9.5002e-05	0.00013536	1.1362e-05	1.9559e-07	0.09954	2.0791e-05	0.00013127	2.434e-06	0.00023133
9.4635e-05	0.0001373	1.1992e-05	1.5905e-07	0.10059	2.1159e-05	0.0001412	2.2669e-06	0.00022998
9.4263e-05	0.00013925	1.2621e-05	1.2138e-07	0.10164	2.1524e-05	0.00015114	2.097e-06	0.00022865
9.3887e-05	0.00014119	1.3247e-05	8.2579e-08	0.10269	2.1886e-05	0.00016108	1.9242e-06	0.00022735
9.3495e-05	0.00014296	1.7746e-05	3.3483e-08	0.10367	2.2161e-05	0.00016926	1.7119e-06	0.00022603
9.3085e-05	0.00014447	2.1578e-05	2.8395e-08	0.10457	2.2358e-05	0.00017596	1.453e-06	0.00022469
9.2659e-05	0.0001468	2.4839e-05	2.746e-08	0.1054	2.2483e-05	0.00018142	1.1399e-06	0.00022333
9.2257e-05	0.00014986	2.97e-05	1.4758e-08	0.10641	2.2785e-05	0.00019049	9.3739e-07	0.00022199
9.1879e-05	0.00015055	3.1395e-05	7.0802e-09	0.10673	2.3311e-05	0.00019366	8.0838e-07	0.00022067
9.1483e-05	0.00015103	3.1941e-05	8.4197e-09	0.10682	2.4156e-05	0.00019451	7.3809e-07	0.00021938
9.1068e-05	0.0001515	3.2426e-05	8.5887e-09	0.10689	2.4864e-05	0.00019518	6.4549e-07	0.00021806
9.065e-05	0.00015183	3.2909e-05	6.6715e-09	0.10695	2.5568e-05	0.00019558	5.291e-07	0.00021673
9.0215e-05	0.00015199	3.3336e-05	1.3188e-08	0.10701	2.6148e-05	0.00020177	3.8594e-07	0.00021538
8.9804e-05	0.00015249	3.3761e-05	1.2113e-08	0.1071	2.6724e-05	0.00020797	2.3986e-07	0.00021402
8.9376e-05	0.00015285	3.3712e-05	8.7619e-09	0.10705	2.7639e-05	0.00021004	1.5085e-07	0.00021268
8.8933e-05	0.00015304	3.3596e-05	1.4697e-08	0.10698	2.8405e-05	0.00021167	4.1663e-08	0.00021133
8.8472e-05	0.00015309	3.3642e-05	1.7994e-08	0.10689	2.959e-05	0.00021168	2.2872e-08	0.00020999
8.7995e-05	0.00015296	3.3523e-05	5.0126e-08	0.10672	3.449e-05	0.00021169	2.2417e-08	0.00020865
8.7501e-05	0.00015268	3.3363e-05	7.5119e-08	0.10654	3.8698e-05	0.00021155	1.7691e-08	0.0002073
8.7032e-05	0.00015273	3.3383e-05	1.1657e-07	0.10639	4.0137e-05	0.00021215	1.513e-08	0.00020596
8.6546e-05	0.00015265	3.2925e-05	1.4915e-07	0.10621	4.2359e-05	0.00021135	2.9834e-08	0.00020464
8.6044e-05	0.00015242	3.2365e-05	1.7404e-07	0.106	4.4255e-05	0.00021017	3.8513e-08	0.00020331
8.5538e-05	0.0001522	3.1804e-05	1.9779e-07	0.1058	4.6149e-05	0.00020898	5.2217e-08	0.00020199
8.5027e-05	0.00015196	3.124e-05	2.204e-07	0.10559	4.8041e-05	0.00020779	7.3637e-08	0.0002007
8.4512e-05	0.00015173	3.0675e-05	2.4186e-07	0.10539	4.9931e-05	0.0002066	1.1346e-07	0.00019942
8.3992e-05	0.00015148	3.0108e-05	2.6218e-07	0.10518	5.1819e-05	0.0002054	1.4282e-07	0.00019813
8.3467e-05	0.00015124	2.9539e-05	2.8136e-07	0.10498	5.3706e-05	0.00020421	1.5557e-07	0.00019682
8.2939e-05	0.00015098	2.8969e-05	2.994e-07	0.10478	5.559e-05	0.00020301	1.3427e-07	0.00019553
8.2405e-05	0.00015073	2.8397e-05	3.1629e-07	0.10457	5.7473e-05	0.00020181	1.7637e-07	0.00019422
8.1868e-05	0.00015046	2.7823e-05	3.3204e-07	0.10437	5.9354e-05	0.0002006	2.4248e-07	0.00019294
8.1326e-05	0.0001502	2.7248e-05	3.4664e-07	0.10417	6.1234e-05	0.00019939	2.9362e-07	0.00019163
8.0779e-05	0.00014992	2.667e-05	3.601e-07	0.10396	6.3111e-05	0.00019819	3.768e-07	0.00019034
8.0228e-05	0.00014964	2.6091e-05	3.7242e-07	0.10376	6.4987e-05	0.00019697	4.4162e-07	0.00018904
7.9672e-05	0.00014936	2.5511e-05	3.836e-07	0.10356	6.6861e-05	0.00019576	5.4676e-07	0.00018776
7.9112e-05	0.00014907	2.4928e-05	3.9363e-07	0.10336	6.8733e-05	0.00019454	6.325e-07	0.00018646
7.8547e-05	0.00014878	2.4344e-05	4.0252e-07	0.10315	7.0604e-05	0.00019332	7.0136e-07	0.00018514
7.7978e-05	0.00014848	2.3758e-05	4.1027e-07	0.10295	7.2473e-05	0.0001921	9.6785e-07	0.00018384
7.7405e-05	0.00014817	2.3171e-05	4.1687e-07	0.10275	7.434e-05	0.00019088	1.2315e-06	0.00018255
7.6827e-05	0.00014787	2.2581e-05	4.2233e-07	0.10255	7.6205e-05	0.00018965	1.4924e-06	0.00018125
7.6244e-05	0.00014755	2.199e-05	4.2665e-07	0.10235	7.8068e-05	0.00018842	1.7505e-06	0.00017994
7.5657e-05	0.00014723	2.1397e-05	4.2982e-07	0.10214	7.993e-05	0.00018719	2.0058e-06	0.00017864
7.5066e-05	0.00014691	2.0803e-05	4.3185e-07	0.10194	8.179e-05	0.00018596	2.2583e-06	0.00017735
7.447e-05	0.00014658	2.0207e-05	4.3274e-07	0.10174	8.3648e-05	0.00018472	2.508e-06	0.00017604
7.3869e-05	0.00014624	1.9609e-05	4.3248e-07	0.10154	8.5504e-05	0.00018348	2.7549e-06	0.00017475
7.3264e-05	0.0001459	1.9009e-05	4.3109e-07	0.10134	8.7359e-05	0.00018224	2.999e-06	0.00017345
7.2655e-05	0.00014556	1.8407e-05	4.2854e-07	0.10114	8.9211e-05	0.000181	3.2403e-06	0.00017215
7.2041e-05	0.00014521	1.7804e-05	4.2486e-07	0.10094	9.1062e-05	0.00017975	3.4787e-06	0.00017084
7.1422e-05	0.00014485	1.7199e-05	4.2003e-07	0.10074	9.2912e-05	0.0001785	3.7144e-06	0.00016955
7.0799e-05	0.00014449	1.6593e-05	4.1406e-07	0.10054	9.4759e-05	0.00017725	3.9473e-06	0.00016824
7.0172e-05	0.00014413	1.5984e-05	4.0695e-07	0.10034	9.6605e-05	0.000176	4.1774e-06	0.00016692
6.954e-05	0.00014376	1.5374e-05	3.9869e-07	0.10014	9.8449e-05	0.00017474	4.4047e-06	0.00016558
6.8904e-05	0.00014338	1.4762e-05	3.8929e-07	0.099936	0.00010029	0.00017348	4.6292e-06	0.00016423
6.8263e-05	0.000143	1.4149e-05	3.7875e-07	0.099737	0.00010213	0.00017222	4.851e-06	0.00016705
6.7617e-05	0.00014261	1.3533e-05	3.6706e-07	0.099537	0.00010397	0.00017096	5.0699e-06	0.0001699
6.6967e-05	0.00014222	1.2916e-05	3.5423e-07	0.099338	0.00010581	0.00016969	5.286e-06	0.00017277
6.6313e-05	0.00014182	1.2297e-05	3.4026e-07	0.099138	0.00010764	0.00016843	5.4993e-06	0.00017562
6.5654e-05	0.00014142	1.1677e-05	3.2515e-07	0.098939	0.00010948	0.00016716	5.7098e-06	0.0001785
6.4991e-05	0.00014102	1.1054e-05	3.0889e-07	0.09874	0.00011131	0.00016588	5.9175e-06	0.00018137
6.4323e-05	0.0001406	1.043e-05	2.9149e-07	0.098542	0.00011314	0.00016461	6.1225e-06	0.00018426
6.3651e-05	0.00014019	9.8046e-06	2.7294e-07	0.098343	0.00011497	0.00016333	6.3246e-06	0.00018719
6.2974e-05	0.00013976	9.177e-06	2.5325e-07	0.098145	0.00011679	0.00016205	6.5239e-06	0.00019015
6.2292e-05	0.00013934	8.5478e-06	2.3242e-07	0.097946	0.00011862	0.00016076	6.7205e-06	0.00019309
6.1606e-05	0.0001389	7.9167e-06	2.1045e-07	0.097748	0.00012044	0.00015948	6.9142e-06	0.00019617
6.0916e-05	0.00013847	7.284e-06	1.8733e-07	0.09755	0.00012226	0.00015819	7.1052e-06	0.00019922
6.0221e-05	0.00013802	6.6494e-06	1.6307e-07	0.097352	0.00012408	0.0001569	7.2933e-06	0.00020232
5.9522e-05	0.00013758	6.0132e-06	1.3767e-07	0.097155	0.0001259	0.00015561	7.4787e-06	0.00020539
5.8818e-05	0.00013712	5.3752e-06	1.1112e-07	0.096957	0.00012772	0.00015431	7.6613e-06	0.00020843
5.811e-05	0.00013666	4.7354e-06	8.3427e-08	0.09676	0.00012953	0.00015301	7.991e-06	0.00021152
5.7397e-05	0.0001362	4.0939e-06	5.4592e-08	0.096562	0.00013134	0.00015171	8.2547e-06	0.00021458
5.6679e-05	0.00013573	3.4506e-06	2.4614e-08	0.096365	0.00013316	0.00015041	8.6905e-06	0.00021767
5.5985e-05	0.00013558	3.0287e-06	6.8666e-09	0.096209	0.00013348	0.00014983	8.772e-06	0.00022081
5.5275e-05	0.00013526	2.5526e-06	5.1434e-09	0.096044	0.00013811	0.00014911	8.8108e-06	0.00022392
5.4549e-05	0.00013479	2.0009e-06	1.0604e-08	0.095856	0.00014213	0.00014816	8.8125e-06	0.00022701
5.3807e-05	0.00013417	4.3288e-07	1.3609e-08	0.095794	0.00014817	0.00014494	9.0577e-06	0.00023013
5.3088e-05	0.00013388	1.9768e-07	1.896e-08	0.095764	0.00015321	0.00014509	9.0343e-06	0.00023323
9.3592e-05	0.00014763	3.0263e-06	8.842e-07	0.084557	3.774e-05	1.2929e-05	2.3631e-06	0.0005361
9.4706e-05	0.00014831	3.3671e-06	7.7794e-07	0.08453	3.6897e-05	1.2844e-05	1.7519e-06	0.00053865
9.58e-05	0.00014885	3.6529e-06	6.4655e-07	0.08449	3.5889e-05	1.2554e-05	1.6884e-06	0.00054125
9.6873e-05	0.00014921	3.717e-06	6.4525e-07	0.084371	3.5265e-05	1.2468e-05	1.7443e-06	0.00054389
9.7926e-05	0.0001494	3.7566e-06	7.7213e-07	0.084239	3.4508e-05	1.2312e-05	1.7785e-06	0.00054651
9.9015e-05	0.00014993	3.7724e-06	8.081e-07	0.084093	3.3667e-05	1.2079e-05	1.7913e-06	0.0005491
0.00013669	0.00016105	2.6993e-06	1.1531e-06	0.079306	3.0027e-06	1.3119e-06	3.5305e-07	0.00062652
0.00013794	0.00016133	2.6197e-06	1.1463e-06	0.079153	2.9476e-06	8.6908e-07	2.5185e-07	0.00062893
0.00013918	0.0001616	2.5276e-06	1.1384e-06	0.079001	2.8773e-06	3.7911e-07	1.3879e-07	0.00063132
0.00014042	0.00016187	2.482e-06	1.1293e-06	0.078848	2.4749e-06	3.2397e-07	1.3508e-07	0.0006337
0.00014166	0.00016213	2.4702e-06	1.1191e-06	0.078696	2.181e-06	2.9351e-07	1.3866e-07	0.00063611
0.00014289	0.00016239	2.4924e-06	1.1078e-06	0.078544	1.9711e-06	2.8216e-07	1.5018e-07	0.00063856
0.00014412	0.00016264	2.495e-06	1.0953e-06	0.078392	1.7178e-06	1.9777e-07	1.2517e-07	0.00064105
0.00014535	0.00016289	2.54e-06	1.0818e-06	0.07824	1.5522e-06	2.1263e-07	1.5697e-07	0.00064351
0.00014657	0.00016313	2.5644e-06	1.0671e-06	0.078088	1.3503e-06	1.7851e-07	1.5091e-07	0.00064602
0.00014779	0.00016337	2.6439e-06	1.0513e-06	0.077936	7.7007e-07	2.3008e-07	2.2567e-07	0.00064851
0.000149	0.0001636	2.6933e-06	1.0343e-06	0.077784	6.8721e-07	2.3964e-07	2.4995e-07	0.00065104
0.00015021	0.00016383	2.7215e-06	1.0163e-06	0.077633	5.8267e-07	2.3627e-07	2.6394e-07	0.00065354
0.00015142	0.00016405	2.7294e-06	9.971e-07	0.077481	4.5404e-07	3.7376e-07	2.7083e-07	0.00065602
0.00015262	0.00016427	2.7832e-06	9.768e-07	0.07733	3.6935e-07	4.0748e-07	3.0084e-07	0.00065854
0.00015382	0.00016448	2.8154e-06	9.5538e-07	0.077179	2.7176e-07	4.2464e-07	3.1843e-07	0.00066104
0.00017247	0.00016717	2.7234e-06	4.5989e-07	0.074774	1.1653e-07	2.5128e-08	1.1512e-07	0.00070003
0.00017361	0.0001673	2.679e-06	4.1937e-07	0.074624	1.4328e-07	2.1249e-08	1.3715e-07	0.0007024
0.00017474	0.00016742	2.6786e-06	3.7774e-07	0.074475	1.2969e-07	2.0024e-08	1.2438e-07	0.00070482
0.00017587	0.00016753	2.6574e-06	3.3498e-07	0.074326	1.9291e-07	1.1277e-08	1.775e-07	0.00070721
0.00017697	0.0001675	2.6151e-06	2.8004e-07	0.07416	6.6192e-07	2.0797e-08	2.276e-07	0.00070958
0.00017812	0.00016781	2.5705e-06	2.4875e-07	0.074031	1.1276e-06	3.5143e-08	3.1027e-07	0.00071199
0.00017931	0.00016848	2.5698e-06	2.3308e-07	0.073931	1.8461e-06	2.6778e-08	4.4438e-07	0.00071445
0.00018055	0.00016957	2.5488e-06	1.734e-07	0.07394	2.5004e-06	5.0888e-08	8.6526e-07	0.00071689
0.00018176	0.00017045	2.5697e-06	1.7526e-07	0.07384	2.7099e-06	4.6838e-08	1.0362e-06	0.00071937
0.00018302	0.00017178	2.5709e-06	1.5243e-07	0.073847	2.8945e-06	3.4411e-08	1.12e-06	0.00072182
0.00018426	0.00017292	2.5698e-06	1.2226e-07	0.073846	3.0756e-06	5.795e-08	1.2008e-06	0.00072425
0.00018554	0.00017452	2.5664e-06	1.0505e-07	0.073866	3.2531e-06	5.2243e-08	1.2787e-06	0.00072672
0.0001868	0.00017592	2.5607e-06	8.1825e-08	0.073877	3.4271e-06	3.7842e-08	1.3536e-06	0.00072917
0.00018803	0.00017713	2.5527e-06	5.1722e-08	0.073879	3.5975e-06	6.1255e-08	1.4255e-06	0.00073159
0.00018931	0.00017882	2.5424e-06	3.3535e-08	0.073741	3.7644e-06	5.5002e-08	1.4945e-06	0.00073406
0.00019057	0.00018029	2.5299e-06	1.1663e-08	0.073808	3.9278e-06	1.0357e-07	1.5605e-06	0.0007365
0.0001918	0.00018153	2.515e-06	9.9194e-09	0.073786	4.0876e-06	1.8332e-07	1.6236e-06	0.000739
0.00019301	0.00018252	2.4978e-06	1.9021e-08	0.073661	4.2438e-06	1.9806e-07	1.6837e-06	0.00074154
0.00019426	0.00018398	2.4784e-06	1.8756e-08	0.073648	4.3966e-06	3.9244e-07	1.7409e-06	0.00074405
0.00019548	0.00018516	2.5011e-06	3.7368e-08	0.073495	4.6535e-06	5.828e-07	1.8647e-06	0.00074661
0.00019668	0.00018635	2.571e-06	5.4826e-08	0.073341	4.6659e-06	7.6914e-07	1.8756e-06	0.00074916
0.00025817	0.00026346	3.2093e-06	2.0931e-07	0.067749	8.7415e-07	1.1396e-05	1.1567e-06	0.0008713
0.00025946	0.00026455	3.1655e-06	2.3077e-07	0.06737	7.0692e-07	1.1183e-05	1.1164e-06	0.00087373
0.0002608	0.00026617	3.1194e-06	2.6961e-07	0.06706	5.3609e-07	1.1151e-05	9.339e-07	0.00087622
0.00026221	0.00026844	3.0711e-06	2.7407e-07	0.066848	3.6166e-07	1.1053e-05	8.3851e-07	0.00087867
0.00026368	0.0002715	2.9082e-06	2.4884e-07	0.066689	2.9415e-07	1.0952e-05	7.8908e-07	0.0008811
0.00026521	0.00027546	2.8136e-06	2.3759e-07	0.066564	2.514e-07	1.0847e-05	7.7024e-07	0.00088358
0.00026685	0.00028076	2.6911e-06	1.8791e-07	0.066555	1.9929e-07	1.0738e-05	7.0418e-07	0.00088603
0.00026843	0.00028548	2.5382e-06	1.3004e-07	0.066437	1.3252e-07	1.0625e-05	5.222e-07	0.00088853
0.00027006	0.00029149	2.4546e-06	9.4997e-08	0.066348	8.9282e-08	1.0508e-05	4.1054e-07	0.00089108
0.00027167	0.00029694	2.346e-06	5.0736e-08	0.066248	3.7572e-08	1.0387e-05	2.8364e-07	0.0008936
0.00027334	0.00030392	2.2099e-06	2.495e-08	0.066189	3.703e-08	1.0262e-05	2.1207e-07	0.0008961
0.00027483	0.00030976	2.1305e-06	2.3387e-08	0.065948	3.9253e-08	1.0133e-05	1.7006e-07	0.00089865
0.00027618	0.00031477	2.096e-06	4.0334e-08	0.065347	1.6453e-08	1.0001e-05	5.8487e-08	0.00090125
0.00027751	0.0003193	2.0421e-06	5.2757e-08	0.064699	1.9371e-08	9.8644e-06	4.6566e-08	0.00090383
0.00027882	0.00032339	1.9674e-06	6.1111e-08	0.063998	1.6673e-08	9.724e-06	2.7798e-08	0.00090637
0.00027883	0.0003252	1.8904e-06	9.1938e-08	0.063439	1.0207e-08	9.5798e-06	1.5482e-08	0.00090897
0.00027881	0.00032677	1.7903e-06	1.1555e-07	0.062833	2.0167e-08	9.4316e-06	2.2797e-08	0.00091155
0.00027884	0.00032896	1.7357e-06	1.553e-07	0.062335	3.2829e-08	9.2796e-06	3.3321e-08	0.00091417
0.00027885	0.00033085	1.5233e-06	1.8889e-07	0.061779	5.1727e-08	9.1236e-06	3.7718e-08	0.00091677
0.00027885	0.00033275	1.2688e-06	2.2136e-07	0.061223	6.2967e-08	8.9638e-06	3.7575e-08	0.00091933
0.00027885	0.00033463	1.1007e-06	2.5268e-07	0.060669	8.1963e-08	8.8e-06	4.1682e-08	0.00092195
0.00027884	0.00033652	8.9937e-07	2.8287e-07	0.060114	9.2782e-08	8.6323e-06	4.0057e-08	0.00092454
0.00027883	0.0003384	6.9586e-07	3.1193e-07	0.05956	9.9848e-08	8.4608e-06	4.2864e-08	0.00092719
0.00027882	0.00034027	5.6079e-07	3.3985e-07	0.059007	7.1437e-08	8.2853e-06	2.3397e-08	0.00092989
0.0002788	0.00034215	4.7196e-07	3.6663e-07	0.058454	5.346e-08	8.1059e-06	1.0344e-08	0.00093264
0.00027878	0.00034402	4.1551e-07	3.9228e-07	0.057901	4.258e-08	7.9227e-06	1.3756e-08	0.00093537
0.00027875	0.00034588	3.442e-07	4.1679e-07	0.057349	2.4314e-08	7.7355e-06	1.2507e-08	0.00093806
0.00027872	0.00034774	2.9909e-07	4.4017e-07	0.056797	1.1225e-08	7.5444e-06	1.2388e-08	0.00094081
0.00027869	0.0003496	2.4168e-07	4.6241e-07	0.056246	1.6225e-08	7.3494e-06	3.5565e-08	0.00094353
0.00027865	0.00035146	2.0522e-07	4.8352e-07	0.055695	2.29e-08	7.1506e-06	7.1026e-08	0.00094631
0.00027861	0.00035331	1.5826e-07	5.0349e-07	0.055145	8.6969e-08	6.9478e-06	3.3181e-07	0.00094906
0.00027857	0.00035515	1.28e-07	5.2233e-07	0.054595	1.7945e-07	6.7411e-06	7.3138e-07	0.00095186
0.00027852	0.000357	1.0941e-07	5.4003e-07	0.054046	2.0044e-07	6.5305e-06	8.644e-07	0.00095472
0.00027847	0.00035883	8.3297e-08	5.5659e-07	0.053497	4.1727e-07	6.316e-06	1.8603e-06	0.00095755
0.00027841	0.00036067	6.6425e-08	5.7202e-07	0.052948	4.8191e-07	6.0976e-06	2.2047e-06	0.00096044
0.00027835	0.0003625	5.6085e-08	5.8632e-07	0.0524	5.8783e-07	5.8753e-06	2.7633e-06	0.00096338
0.00027829	0.00036433	5.0619e-08	5.9947e-07	0.051853	5.9817e-07	5.6491e-06	2.9413e-06	0.00096638
0.00027822	0.00036615	4.9263e-08	6.115e-07	0.051306	5.257e-07	5.419e-06	2.947e-06	0.00096943
0.00027815	0.00036798	5.1792e-08	6.2238e-07	0.050759	4.8602e-07	5.185e-06	2.7871e-06	0.00097255
0.00027808	0.00036979	4.9391e-08	6.3214e-07	0.050213	4.3603e-07	4.947e-06	2.6037e-06	0.00097563
0.000278	0.00037161	5.0762e-08	6.4075e-07	0.049667	4.0909e-07	4.7052e-06	2.033e-06	0.00097877
0.00027792	0.00037342	4.7293e-08	6.4824e-07	0.049122	3.7283e-07	4.4595e-06	1.9876e-06	0.00098188
0.00027783	0.00037522	4.7608e-08	6.5458e-07	0.048577	3.5844e-07	4.2098e-06	1.7641e-06	0.00098505
0.00027774	0.00037702	4.3143e-08	6.5979e-07	0.048033	3.3547e-07	3.9563e-06	1.8099e-06	0.0009882
0.00027765	0.00037882	3.6288e-08	6.6387e-07	0.047489	3.0877e-07	3.6988e-06	1.8418e-06	0.00099131
0.00027755	0.00038062	5.9662e-08	6.6681e-07	0.046945	2.6941e-07	3.4375e-06	2.3377e-06	0.00099439
0.00027745	0.00038241	7.6545e-08	6.6862e-07	0.046402	3.3048e-07	3.1722e-06	2.7527e-06	0.00099744
0.00027734	0.0003842	9.1046e-08	6.6929e-07	0.04586	3.8783e-07	2.903e-06	2.8791e-06	0.0010006
0.00027723	0.00038598	9.9334e-08	6.6882e-07	0.045318	4.3489e-07	2.63e-06	3.0026e-06	0.0010036
0.00027712	0.00038776	1.1517e-07	6.6722e-07	0.044776	5.1066e-07	2.353e-06	2.9713e-06	0.0010069
0.000277	0.00038953	1.2435e-07	6.6448e-07	0.044235	5.6844e-07	2.0721e-06	3.303e-06	0.0010102
0.00027688	0.00039131	1.3115e-07	6.6061e-07	0.043694	6.2252e-07	1.7873e-06	3.6319e-06	0.0010135
0.00027803	0.00039637	1.3556e-07	6.2719e-07	0.043601	6.7291e-07	1.4323e-06	3.958e-06	0.0010168
0.00027916	0.00040094	1.376e-07	5.8216e-07	0.043499	7.196e-07	9.9392e-07	4.2815e-06	0.00102
0.00028026	0.0004055	1.3725e-07	5.3601e-07	0.043396	7.626e-07	5.5176e-07	4.6022e-06	0.0010233
0.00028135	0.00041007	1.3453e-07	4.8875e-07	0.043294	8.0191e-07	5.0596e-07	4.9203e-06	0.0010265
0.00028233	0.00041389	1.2943e-07	5.1421e-07	0.043037	8.3752e-07	4.5601e-07	5.2356e-06	0.0010298
0.00028336	0.00041771	1.2194e-07	5.3855e-07	0.04278	8.6944e-07	4.0193e-07	5.5482e-06	0.0010331
0.00028439	0.00042152	1.4449e-07	5.6175e-07	0.042523	1.0548e-06	4.7738e-07	5.7993e-06	0.0010363
0.00028403	0.00042292	1.8021e-07	6.4612e-07	0.041749	1.3316e-06	6.0847e-07	6.2152e-06	0.0010396
0.00028372	0.00042498	2.3503e-07	7.8691e-07	0.041111	1.4045e-06	6.3063e-07	6.8664e-06	0.001043
0.0002835	0.00042797	2.875e-07	8.3083e-07	0.040997	1.4737e-06	6.4865e-07	7.3567e-06	0.0010463
0.00028326	0.00043095	3.3763e-07	8.7363e-07	0.040884	1.5393e-06	6.6252e-07	7.8445e-06	0.0010496
0.00028301	0.00043393	4.1994e-07	9.1531e-07	0.040947	1.6644e-06	9.5392e-07	8.2383e-06	0.0010529
0.00028118	0.00043474	5.435e-07	1.0492e-06	0.040915	1.8603e-06	1.4326e-06	8.8712e-06	0.0010563
0.00027939	0.000436	7.0686e-07	1.2436e-06	0.040895	2.1224e-06	2.1235e-06	9.757e-06	0.0010597
0.00027765	0.00043773	9.1969e-07	1.5214e-06	0.040887	2.4654e-06	3.1114e-06	1.0981e-05	0.0010632
0.00027596	0.00043998	1.1975e-06	1.9208e-06	0.040891	2.9128e-06	4.5352e-06	1.2677e-05	0.0010667
0.00027425	0.00044204	1.5627e-06	2.2742e-06	0.04089	3.4994e-06	6.6187e-06	1.4191e-05	0.0010702
0.00027258	0.00044467	2.0541e-06	2.7877e-06	0.040886	4.2852e-06	8.4547e-06	1.5548e-05	0.0010737
0.00027505	0.00044709	2.7176e-06	3.2422e-06	0.040878	5.3406e-06	1.0082e-05	1.677e-05	0.0010773
0.00027758	0.00045012	3.5978e-06	3.897e-06	0.040882	6.7323e-06	1.2439e-05	1.8451e-05	0.0010808
