Monachus_schauinslandi	Mirounga_leonina	Lontra_canadensis	Leptonychotes_weddellii	Eumetopias_jubatus	Enhydra_lutris	Canis_lupus	Callorhinus_ursinus	Ailuropoda_melanoleuca
0.021572	0.00053668	0.0062396	0.0057339	0.00079822	0.00047948	0.0024746	0.0012087	0.00015166
0.021575	0.00053301	0.0062379	0.0057339	0.00079655	0.0004758	0.0024711	0.0012053	0.00015003
0.021578	0.00052941	0.0062361	0.0057339	0.0007949	0.0004723	0.0024676	0.0012018	0.00014846
0.021717	0.00040007	0.0061655	0.0057611	0.0007271	0.00032734	0.0023247	0.0010614	8.3499e-05
0.021721	0.00039709	0.0061637	0.0057622	0.00072536	0.00032356	0.0023211	0.0010578	8.1813e-05
0.021725	0.00039417	0.0061618	0.0057635	0.00072362	0.0003197	0.0023174	0.0010542	8.0101e-05
0.021728	0.00039122	0.0061599	0.0057647	0.00072189	0.00031575	0.0023137	0.0010506	7.8461e-05
0.021733	0.00038835	0.0061581	0.0057661	0.00072018	0.00031205	0.0023101	0.001047	7.6896e-05
0.021737	0.00038545	0.0061562	0.0057674	0.00071847	0.00030826	0.0023066	0.0010435	7.5305e-05
0.021741	0.00038252	0.0061544	0.0057687	0.00071674	0.0003044	0.002303	0.0010399	7.369e-05
0.021744	0.00037956	0.0061525	0.0057699	0.00071504	0.00030046	0.0022994	0.0010364	7.2147e-05
0.021749	0.00037667	0.0061505	0.0057713	0.00071332	0.00029644	0.0022958	0.0010328	7.058e-05
0.021753	0.00037375	0.0061486	0.0057726	0.00071163	0.00029233	0.0022922	0.0010293	6.9083e-05
0.021756	0.0003708	0.0061467	0.0057739	0.00070992	0.00028847	0.0022886	0.0010257	6.7562e-05
0.021761	0.00036794	0.0061449	0.0057596	0.00070824	0.00028485	0.002285	0.0010222	6.6109e-05
0.021765	0.00036506	0.0061431	0.0057453	0.00070655	0.00028115	0.0022814	0.0010187	6.4633e-05
0.021769	0.00036217	0.0061412	0.005731	0.00070485	0.00027736	0.0022778	0.0010152	6.3134e-05
0.021773	0.00035927	0.0061394	0.0057168	0.00070314	0.00027351	0.0022742	0.0010116	6.161e-05
0.021778	0.00035637	0.0061375	0.0057025	0.00070142	0.00026957	0.0022706	0.001008	6.0063e-05
0.021782	0.00035347	0.0061355	0.0056882	0.00069972	0.00026555	0.002267	0.0010045	5.8579e-05
0.021786	0.00035056	0.0061336	0.005674	0.00069804	0.00026145	0.0022633	0.001001	5.716e-05
0.02179	0.00034765	0.0061315	0.0056597	0.00069637	0.00025726	0.0022597	0.00099753	5.5799e-05
0.021795	0.00034473	0.0061295	0.0056455	0.0006947	0.00025298	0.0022561	0.00099404	5.4417e-05
0.021799	0.00034181	0.0061275	0.0056312	0.00069305	0.00024895	0.0022526	0.00099058	5.3096e-05
0.021803	0.00033888	0.0061255	0.005617	0.00069139	0.00024484	0.002249	0.00098711	5.1753e-05
0.021807	0.00033595	0.0061234	0.0056028	0.00068971	0.00024065	0.0022454	0.00098362	5.0389e-05
0.021812	0.00033301	0.0061215	0.0055885	0.00068806	0.00023671	0.0022418	0.00098016	4.6171e-05
0.021816	0.00033007	0.0061195	0.0055743	0.0006864	0.00023268	0.0022382	0.00097669	4.1896e-05
0.02182	0.00032712	0.0061175	0.0055601	0.00068476	0.00022857	0.0022347	0.00097325	3.7802e-05
0.021824	0.00032417	0.0061156	0.0055459	0.00068314	0.00022471	0.0022312	0.00096984	3.3883e-05
0.021829	0.00032121	0.0061137	0.0055317	0.00068153	0.00022076	0.0022277	0.00096647	3.013e-05
0.021833	0.00031825	0.0061118	0.0055175	0.00067995	0.00021704	0.0022243	0.00096312	2.6536e-05
0.021837	0.00031528	0.0061099	0.0055034	0.00067838	0.00021325	0.0022209	0.00095981	2.2884e-05
0.021841	0.00031231	0.006108	0.0054892	0.00067683	0.00020938	0.0022175	0.00095653	1.9386e-05
0.021846	0.00030934	0.0061062	0.005475	0.00067529	0.00020574	0.0022142	0.00095328	1.4132e-05
0.02185	0.00030636	0.0061043	0.0054609	0.00067375	0.00020202	0.0022108	0.00095001	1.2969e-05
0.021854	0.00030337	0.0061024	0.0054467	0.0006722	0.00019823	0.0022075	0.00094673	1.1788e-05
0.021859	0.00030038	0.0061005	0.0054326	0.00067067	0.00019436	0.0022042	0.00094348	1.0652e-05
0.021863	0.00029739	0.0060986	0.0054184	0.00066913	0.00019041	0.0022009	0.00094021	9.4976e-06
0.021867	0.00029439	0.0060966	0.0054043	0.00066758	0.00018639	0.0021976	0.00093693	8.9824e-06
0.021871	0.00029138	0.0060946	0.0053902	0.00066602	0.00018229	0.0021943	0.00093363	8.4564e-06
0.021876	0.00028837	0.0060925	0.005376	0.00066448	0.00017811	0.0021911	0.00093036	7.9519e-06
0.02188	0.00028536	0.0060904	0.0053619	0.00066293	0.00017384	0.0021878	0.00092708	7.96e-06
0.021884	0.00028234	0.0060883	0.0053478	0.00066138	0.0001695	0.0021845	0.00092379	7.9614e-06
0.021889	0.00027932	0.0060863	0.0053337	0.00065984	0.0001654	0.0021813	0.00092052	7.9699e-06
0.021893	0.00027629	0.0060843	0.0053196	0.00065829	0.00016121	0.002178	0.00091724	7.9716e-06
0.021897	0.00027325	0.0060822	0.0053055	0.00065674	0.00015695	0.0021748	0.00091395	7.9668e-06
0.021902	0.00027022	0.0060801	0.0052914	0.00065518	0.00015261	0.0021716	0.00091064	7.9552e-06
0.021906	0.00026717	0.0060779	0.0052773	0.00065361	0.00014818	0.0021683	0.00090731	8.0039e-06
0.02191	0.00026413	0.0060758	0.0052633	0.00065205	0.00014368	0.0021651	0.00090402	8.0422e-06
0.021915	0.00026107	0.0060736	0.0052492	0.00065049	0.00013908	0.0021618	0.00090071	8.0737e-06
0.021919	0.00025802	0.0060713	0.0052351	0.00064894	0.00013439	0.0021586	0.00089743	8.0982e-06
0.021923	0.00025495	0.006069	0.0052211	0.00064739	0.00012961	0.0021553	0.00089413	8.1159e-06
0.021928	0.00025189	0.0060667	0.005207	0.00064583	0.00012474	0.002152	0.00089082	8.127e-06
0.021932	0.00024881	0.0060643	0.005193	0.00064426	0.00011978	0.0021487	0.0008875	8.1314e-06
0.021936	0.00024574	0.006062	0.005179	0.00064271	0.00011508	0.0021454	0.0008842	8.1422e-06
0.021941	0.00024266	0.0060597	0.0051649	0.00064115	0.00011028	0.0021421	0.00088089	8.1463e-06
0.021945	0.00023957	0.0060574	0.0051509	0.00063958	0.0001054	0.0021388	0.00087756	8.1437e-06
0.021949	0.00023648	0.0060551	0.0051369	0.00063803	0.00010079	0.0021356	0.00087426	8.1482e-06
0.021954	0.00023338	0.0060528	0.0051229	0.00063647	9.6087e-05	0.0021323	0.00087095	8.146e-06
0.021958	0.00023028	0.0060504	0.0051089	0.00063491	9.5891e-05	0.002129	0.00086763	8.1367e-06
0.021963	0.00022725	0.006048	0.005095	0.00063336	9.5666e-05	0.0021258	0.00086433	8.1338e-06
0.021968	0.00022428	0.0060456	0.0050814	0.0006318	9.5412e-05	0.0021226	0.00086102	8.1242e-06
0.021974	0.00022128	0.0060431	0.0050677	0.00063023	9.5128e-05	0.0021193	0.00085769	8.1078e-06
0.021979	0.00021825	0.0060406	0.005054	0.00062865	9.4814e-05	0.002116	0.00085434	8.0844e-06
0.021984	0.00021529	0.0060382	0.0050404	0.0006271	9.4565e-05	0.0021128	0.00085103	8.0681e-06
0.021991	0.00021239	0.0060357	0.005027	0.00062556	9.4286e-05	0.0021096	0.00084775	8.0588e-06
0.021997	0.00020955	0.0060331	0.0050138	0.00062403	9.397e-05	0.0021064	0.00084449	8.0558e-06
0.022004	0.00020669	0.0060307	0.0050005	0.0006225	9.3718e-05	0.0021033	0.00084122	8.0451e-06
0.022011	0.00020388	0.0060282	0.0049875	0.00062098	9.3437e-05	0.0021002	0.00083798	8.0406e-06
0.022019	0.00020113	0.0060258	0.0049745	0.00061948	9.3219e-05	0.0020971	0.00083477	8.043e-06
0.022027	0.00019844	0.0060234	0.0049618	0.000618	9.3057e-05	0.0020941	0.00083158	8.0517e-06
0.022036	0.00019581	0.0060212	0.0049492	0.00061653	9.2957e-05	0.0020911	0.00082842	8.0673e-06
0.022045	0.00019323	0.006019	0.0049368	0.00061508	9.2917e-05	0.0020881	0.00082529	8.0897e-06
0.022054	0.00019062	0.006017	0.0049244	0.00061365	9.2934e-05	0.0020851	0.00082219	8.1184e-06
0.022063	0.000188	0.0060149	0.0049119	0.0006122	9.2922e-05	0.0020822	0.00081907	8.1404e-06
0.022072	0.00018535	0.0060127	0.0048993	0.00061075	9.2882e-05	0.0020792	0.00081594	8.1559e-06
0.022081	0.00018275	0.0060107	0.0048869	0.00060932	9.2903e-05	0.0020763	0.00081284	8.1782e-06
0.02209	0.00018013	0.0060086	0.0048745	0.00060788	9.2895e-05	0.0020734	0.00080972	8.2075e-06
0.0221	0.00017757	0.0060067	0.0048623	0.00060645	9.2944e-05	0.0020705	0.00080662	8.2432e-06
0.02211	0.00017505	0.0060046	0.0048502	0.00060504	9.2964e-05	0.0020676	0.00080356	8.2859e-06
0.022121	0.00017259	0.0060026	0.0048382	0.00060364	9.2953e-05	0.0020648	0.00080052	8.3351e-06
0.022131	0.0001701	0.0060005	0.0048262	0.00060224	9.2915e-05	0.002062	0.00079747	8.3776e-06
0.022142	0.00016766	0.0059985	0.0048144	0.00060085	9.2931e-05	0.0020592	0.00079444	8.4265e-06
0.022154	0.00016527	0.0059964	0.0048027	0.00059948	9.292e-05	0.0020564	0.00079143	8.4819e-06
0.022166	0.00016292	0.0059945	0.0047912	0.00059812	9.2963e-05	0.0020536	0.00078845	8.5435e-06
0.022179	0.00016062	0.0059926	0.0047798	0.00059677	9.3059e-05	0.0020509	0.0007855	8.6114e-06
0.022191	0.00015829	0.0059907	0.0047684	0.00059542	9.3129e-05	0.0020482	0.00078253	8.6859e-06
0.022204	0.00015595	0.0059887	0.0047569	0.00059406	9.3173e-05	0.0020455	0.00077954	8.754e-06
0.022216	0.00015358	0.0059868	0.0047454	0.00059269	9.3192e-05	0.0020428	0.00077655	8.8158e-06
0.022229	0.00015126	0.0059848	0.004734	0.00059134	9.3186e-05	0.0020401	0.00077358	8.8842e-06
0.022242	0.00014898	0.0059829	0.0047228	0.00059	9.3233e-05	0.0020374	0.00077063	8.9591e-06
0.022256	0.00014674	0.005981	0.0047117	0.00058867	9.3333e-05	0.0020348	0.0007677	9.0406e-06
0.02227	0.00014455	0.0059792	0.0047008	0.00058736	9.3408e-05	0.0020321	0.0007648	9.1289e-06
0.022285	0.00014239	0.0059774	0.00469	0.00058606	9.3534e-05	0.0020295	0.00076192	9.2231e-06
0.022299	0.00014021	0.0059756	0.0046791	0.00058476	9.3639e-05	0.0020268	0.00075903	9.3115e-06
0.022314	0.00013802	0.0059738	0.0046683	0.00058345	9.3723e-05	0.0020242	0.00075612	9.3944e-06
0.022329	0.00013586	0.005972	0.0046575	0.00058215	9.3847e-05	0.0020215	0.00075324	9.4818e-06
0.022344	0.00013373	0.0059703	0.0046468	0.00058085	9.401e-05	0.0020189	0.00075037	9.5737e-06
0.022359	0.00013159	0.0059686	0.0046362	0.00057956	9.4154e-05	0.0020163	0.00074749	9.6602e-06
0.022374	0.00012942	0.0059669	0.0046255	0.00057826	9.428e-05	0.0020137	0.0007446	9.7523e-06
0.022389	0.00012725	0.0059651	0.0046148	0.00057695	9.4388e-05	0.002011	0.0007417	9.839e-06
0.022405	0.00012511	0.0059634	0.0046042	0.00057566	9.4536e-05	0.0020084	0.00073882	9.9194e-06
0.022421	0.00012299	0.0059618	0.0045937	0.00057437	9.4724e-05	0.0020058	0.00073595	1.0004e-05
0.022437	0.00012085	0.0059601	0.0045831	0.00057308	9.4895e-05	0.0020032	0.00073308	1.0084e-05
0.022452	0.00011871	0.0059585	0.0045726	0.00057178	9.5049e-05	0.0020005	0.00073019	1.016e-05
0.022468	0.00011659	0.0059569	0.0045621	0.0005705	9.524e-05	0.0019979	0.00072733	1.0239e-05
0.022485	0.0001145	0.0059553	0.0045518	0.00056922	9.5465e-05	0.0019953	0.00072447	1.0322e-05
0.022502	0.00011242	0.0059538	0.0045415	0.00056795	9.5726e-05	0.0019928	0.00072163	1.0409e-05
0.022519	0.00011038	0.0059524	0.0045314	0.00056669	9.6024e-05	0.0019902	0.0007188	1.05e-05
0.022537	0.00010835	0.005951	0.0045213	0.00056544	9.6357e-05	0.0019877	0.00071599	1.0596e-05
0.022554	0.00010631	0.0059496	0.0045112	0.00056418	9.6673e-05	0.0019851	0.00071316	1.0678e-05
0.022572	0.00010426	0.0059482	0.0045011	0.00056292	9.6974e-05	0.0019826	0.00071033	1.0756e-05
0.022589	0.00010224	0.0059468	0.0044911	0.00056166	9.7309e-05	0.00198	0.00070751	1.0837e-05
0.022607	0.0001002	0.0059454	0.004481	0.0005604	9.7628e-05	0.0019775	0.00070469	1.0913e-05
0.022625	9.8146e-05	0.0059441	0.004471	0.00055914	9.793e-05	0.0019749	0.00070185	1.0985e-05
0.022643	9.6117e-05	0.0059427	0.004461	0.00055789	9.8272e-05	0.0019724	0.00069903	1.1061e-05
0.022661	9.4076e-05	0.0059414	0.004451	0.00055663	9.8597e-05	0.0019698	0.0006962	1.1132e-05
0.022679	9.2022e-05	0.00594	0.004441	0.00055536	9.8905e-05	0.0019672	0.00069336	1.1198e-05
0.022696	8.9956e-05	0.0059386	0.004431	0.0005541	9.9196e-05	0.0019647	0.00069051	1.1259e-05
0.022715	8.7912e-05	0.0059372	0.0044211	0.00055284	9.947e-05	0.0019621	0.00068768	1.1324e-05
0.022733	8.5893e-05	0.0059358	0.0044113	0.00055158	9.9727e-05	0.0019596	0.00068486	1.1394e-05
0.022752	8.3897e-05	0.0059345	0.0044016	0.00055034	0.00010002	0.0019571	0.00068205	1.1469e-05
0.022771	8.1889e-05	0.0059331	0.0043918	0.0005491	0.0001003	0.0019545	0.00067924	1.1539e-05
0.02279	7.9869e-05	0.0059317	0.0043821	0.00054785	0.00010057	0.001952	0.00067641	1.1604e-05
0.022809	7.787e-05	0.0059304	0.0043724	0.0005466	0.00010087	0.0019495	0.0006736	1.1673e-05
0.022829	7.5891e-05	0.0059291	0.0043628	0.00054537	0.00010115	0.0019469	0.00067081	1.1738e-05
0.022848	7.3901e-05	0.0059277	0.0043532	0.00054413	0.00010141	0.0019444	0.000668	1.1797e-05
0.022868	7.1931e-05	0.0059264	0.0043437	0.0005429	0.00010172	0.0019419	0.00066521	1.186e-05
0.022888	6.9949e-05	0.0059251	0.0043341	0.00054166	0.000102	0.0019393	0.0006624	1.1919e-05
0.022908	6.7954e-05	0.0059238	0.0043246	0.00054042	0.00010227	0.0019368	0.00065959	1.1972e-05
0.022928	6.5983e-05	0.0059225	0.0043151	0.00053919	0.00010258	0.0019343	0.0006568	1.203e-05
0.022948	6.3999e-05	0.0059212	0.0043057	0.00053795	0.00010287	0.0019318	0.00065399	1.2083e-05
0.022968	6.2001e-05	0.0059199	0.0042962	0.00053671	0.00010315	0.0019292	0.00065118	1.2131e-05
0.022989	6.0028e-05	0.0059187	0.0042868	0.00053548	0.00010346	0.0019267	0.00064838	1.2185e-05
0.02301	5.8085e-05	0.0059174	0.0042775	0.00053426	0.00010376	0.0019241	0.0006456	1.2232e-05
0.023031	5.6125e-05	0.0059162	0.0042682	0.00053303	0.0001041	0.0019216	0.00064281	1.2286e-05
0.023051	5.4149e-05	0.005915	0.0042589	0.0005318	0.00010442	0.0019191	0.00064	1.2333e-05
0.023072	5.2157e-05	0.0059137	0.0042495	0.00053056	0.00010472	0.0019166	0.00063719	1.2374e-05
0.023092	5.0147e-05	0.0059125	0.0042401	0.00052931	0.00010499	0.001914	0.00063436	1.2409e-05
0.023113	4.8167e-05	0.0059109	0.0042308	0.00052808	0.00011043	0.0019114	0.00063155	1.2451e-05
0.023134	4.617e-05	0.0059093	0.0042215	0.00052684	0.00011579	0.0019089	0.00062873	1.2486e-05
0.023155	4.4156e-05	0.0059076	0.0042122	0.00052559	0.00012108	0.0019063	0.0006259	1.2515e-05
0.023175	4.2124e-05	0.005906	0.0042028	0.00052434	0.00012628	0.0019037	0.00062306	1.2537e-05
0.023196	4.0074e-05	0.0059044	0.0041934	0.00052308	0.00013175	0.0019011	0.0006202	1.2551e-05
0.023216	4.0337e-05	0.0059028	0.0041839	0.00052181	0.00013715	0.0018985	0.00061733	1.2559e-05
0.023237	4.0606e-05	0.0059013	0.0041745	0.00052055	0.00014277	0.0018959	0.00061448	1.2573e-05
0.023257	4.0863e-05	0.0058997	0.0041651	0.00051929	0.00014833	0.0018932	0.00061161	1.2582e-05
0.023278	4.111e-05	0.0058982	0.0041557	0.00051802	0.00015384	0.0018905	0.00060874	1.2584e-05
0.023298	4.1347e-05	0.0058966	0.0041462	0.00051675	0.0001593	0.0018879	0.00060586	1.2582e-05
0.023318	4.1573e-05	0.005895	0.0041367	0.00051548	0.00016472	0.0018852	0.00060297	1.2574e-05
0.023339	4.179e-05	0.0058933	0.0041273	0.00051419	0.00017009	0.0018825	0.00060007	1.2561e-05
0.023359	4.201e-05	0.0058918	0.0041179	0.00051292	0.00017566	0.0018798	0.00059718	1.2553e-05
0.02338	4.222e-05	0.0058902	0.0041085	0.00051164	0.00018118	0.0018771	0.00059429	1.254e-05
0.0234	4.2421e-05	0.0058886	0.004099	0.00051036	0.00018667	0.0018744	0.00059138	1.2522e-05
0.023421	4.2624e-05	0.0058871	0.0040897	0.00050909	0.00019233	0.0018717	0.00058849	1.2509e-05
0.023443	4.2829e-05	0.0058856	0.0040804	0.00050782	0.00019818	0.001869	0.00058561	1.2499e-05
0.023464	4.3024e-05	0.0058841	0.0040712	0.00050655	0.00020399	0.0018663	0.00058273	1.2485e-05
0.023485	4.321e-05	0.0058826	0.0040619	0.00050527	0.00020976	0.0018636	0.00057983	1.2465e-05
0.023506	4.3385e-05	0.0058811	0.0040526	0.00050399	0.00021549	0.0018609	0.00057692	1.2451e-05
0.023527	4.3551e-05	0.0058795	0.0040433	0.00050271	0.00022117	0.0018582	0.00057401	1.2433e-05
0.023549	4.3721e-05	0.005878	0.004034	0.00050143	0.00022706	0.0018555	0.00057111	1.2419e-05
0.02357	4.388e-05	0.0058766	0.0040248	0.00050015	0.0002329	0.0018528	0.0005682	1.24e-05
0.023591	4.403e-05	0.005875	0.0040155	0.00049886	0.0002387	0.0018501	0.00056528	1.2376e-05
0.023612	4.4169e-05	0.0058735	0.0040062	0.00049757	0.00024445	0.0018474	0.00056235	1.2346e-05
0.023633	4.4297e-05	0.005872	0.0039969	0.00049627	0.00025015	0.0018446	0.00055942	1.2311e-05
0.023655	4.4431e-05	0.0058704	0.0039877	0.00049499	0.00025578	0.0018419	0.0005565	1.227e-05
0.023676	4.4553e-05	0.0058688	0.0039785	0.0004937	0.00026135	0.0018391	0.00055356	1.2222e-05
0.023698	4.4682e-05	0.0058673	0.0039694	0.00049242	0.000262	0.0018364	0.00055065	1.2182e-05
0.02372	4.4799e-05	0.0058658	0.0039602	0.00049113	0.00026262	0.0018336	0.00054772	1.2135e-05
0.023742	4.4904e-05	0.0058642	0.0039511	0.00048983	0.00026321	0.0018309	0.00054479	1.2082e-05
0.023763	4.4998e-05	0.0058627	0.0039419	0.00048854	0.00026389	0.0018281	0.00054184	1.2037e-05
0.023785	4.5081e-05	0.0058612	0.0039326	0.00048723	0.00026454	0.0018254	0.00053888	1.1985e-05
0.023807	4.517e-05	0.0058598	0.0039235	0.00048594	0.00026529	0.0018227	0.00053594	1.1941e-05
0.023829	4.5248e-05	0.0058584	0.0039144	0.00048463	0.000266	0.0018199	0.00053298	1.189e-05
0.023851	4.5333e-05	0.005857	0.0039053	0.00048335	0.00026681	0.0018172	0.00053005	1.1847e-05
0.023874	4.5426e-05	0.0058556	0.0038964	0.00048207	0.00026758	0.0018144	0.00052714	1.1812e-05
0.023898	4.5528e-05	0.0058542	0.0038877	0.00048081	0.0002683	0.0018117	0.00052424	1.177e-05
0.023921	4.5618e-05	0.0058527	0.0038788	0.00047954	0.00026898	0.001809	0.00052134	1.1721e-05
0.023945	4.5717e-05	0.0058514	0.0038702	0.00047829	0.00026693	0.0018063	0.00051846	1.1681e-05
0.023969	4.5804e-05	0.00585	0.0038614	0.00047702	0.00026483	0.0018036	0.00051556	1.1634e-05
0.023993	4.5877e-05	0.0058486	0.0038527	0.00047575	0.00026267	0.0018009	0.00051266	1.1579e-05
0.024017	4.5959e-05	0.0058472	0.003844	0.0004745	0.00026066	0.0017982	0.00050977	1.1533e-05
0.024042	4.6028e-05	0.0058459	0.0038354	0.00047323	0.00025859	0.0017955	0.00050686	1.1479e-05
0.024066	4.6106e-05	0.0058445	0.0038268	0.00047198	0.00025646	0.0017928	0.00050399	1.1435e-05
0.024091	4.6172e-05	0.0058432	0.0038182	0.00047074	0.00025448	0.0017902	0.00050113	1.1404e-05
0.024116	4.6247e-05	0.0058418	0.0038098	0.00046952	0.00025244	0.0017875	0.00049829	1.1382e-05
0.024141	4.631e-05	0.0058405	0.0038013	0.00046829	0.00025035	0.0017849	0.00049544	1.1352e-05
0.024167	4.6382e-05	0.0058392	0.0037929	0.00046707	0.00024841	0.0017823	0.00049261	1.1332e-05
0.024193	4.6441e-05	0.0058379	0.0037845	0.00046584	0.00024642	0.0017797	0.00048977	1.1305e-05
0.024218	4.6487e-05	0.0058365	0.0037761	0.00046461	0.00024437	0.001777	0.00048691	1.127e-05
0.024243	4.9389e-05	0.0058353	0.0037675	0.00046337	0.00024246	0.0017744	0.00048404	1.1243e-05
0.024268	5.2268e-05	0.005834	0.003759	0.00046212	0.00024052	0.0017718	0.00048116	1.1209e-05
0.024293	5.5123e-05	0.0058326	0.0037504	0.00046087	0.00023852	0.0017692	0.00047826	1.1168e-05
0.024319	5.8031e-05	0.0058314	0.0037419	0.00045962	0.00023667	0.0017665	0.00047539	1.1136e-05
0.024344	6.0916e-05	0.0058301	0.0037334	0.00045838	0.00023477	0.0017639	0.0004725	1.1096e-05
0.02437	6.3851e-05	0.0058289	0.003725	0.00045714	0.00023303	0.0017613	0.00046963	1.1065e-05
0.024396	6.6763e-05	0.0058277	0.0037165	0.00045589	0.00023124	0.0017587	0.00046675	1.1045e-05
0.024422	6.973e-05	0.0058265	0.0037082	0.00045464	0.0002294	0.0017561	0.00046385	1.1016e-05
0.024448	7.2673e-05	0.0058252	0.0036999	0.00045338	0.0002275	0.0017535	0.00046094	1.098e-05
0.024475	7.5668e-05	0.005824	0.0036917	0.00045214	0.00022574	0.0017509	0.00045805	1.0952e-05
0.024502	7.8639e-05	0.0058228	0.0036834	0.00045088	0.00022392	0.0017483	0.00045515	1.0917e-05
0.024529	8.1662e-05	0.0058216	0.0036752	0.00044964	0.00022223	0.0017458	0.00045227	1.089e-05
0.024557	8.4739e-05	0.0058205	0.0036672	0.00044841	0.0002205	0.0017432	0.0004494	1.0851e-05
0.024585	8.7791e-05	0.0058192	0.0036591	0.00044717	0.00021871	0.0017407	0.00044652	1.0805e-05
0.024613	9.0902e-05	0.005818	0.0036512	0.00044595	0.00021688	0.0017381	0.00044367	1.0751e-05
0.024643	9.4064e-05	0.0058169	0.0036433	0.00044474	0.00021516	0.0017356	0.00044083	1.0689e-05
0.024671	9.7206e-05	0.0058157	0.0036355	0.00044352	0.00021341	0.0017331	0.00043798	1.0619e-05
0.024701	0.00010039	0.0058146	0.0036277	0.00044231	0.00021175	0.0017306	0.00043514	1.0556e-05
0.024731	0.00010363	0.0058135	0.00362	0.00044111	0.00021019	0.0017282	0.00043232	1.0499e-05
0.024761	0.00010684	0.0058124	0.0036123	0.0004399	0.0002086	0.0017257	0.00042949	1.0435e-05
0.024791	0.0001101	0.0058114	0.0036047	0.00043871	0.0002071	0.0017232	0.00042667	1.0378e-05
0.024822	0.00011342	0.0058105	0.0035972	0.00043752	0.0002057	0.0017208	0.00042387	1.0327e-05
0.024853	0.00011671	0.0058096	0.0035896	0.00043633	0.00020426	0.0017183	0.00042105	1.0269e-05
0.024884	0.00011998	0.0058086	0.0035821	0.00043513	0.0002028	0.0017159	0.00041823	1.0206e-05
0.024915	0.00012331	0.0058077	0.0035746	0.00043394	0.00020142	0.0017135	0.00041542	1.0149e-05
0.024946	0.00012661	0.0058068	0.0035671	0.00043275	0.00020002	0.001711	0.0004126	1.0086e-05
0.024977	0.0001299	0.0058058	0.0035596	0.00043155	0.00019858	0.0017086	0.00040977	1.0018e-05
0.025009	0.00013323	0.0058049	0.0035521	0.00043036	0.00019723	0.0017062	0.00040695	9.9547e-06
0.025041	0.00013655	0.005804	0.0035447	0.00042916	0.00019585	0.0017038	0.00040413	9.8855e-06
0.025073	0.00013991	0.0058032	0.0035373	0.00042798	0.00019456	0.0017013	0.00040131	9.8222e-06
0.025105	0.00014334	0.0058024	0.0035301	0.0004268	0.00019336	0.001699	0.00039852	9.7659e-06
0.025139	0.00014683	0.0058016	0.0035229	0.00042564	0.00019213	0.0016966	0.00039574	9.698e-06
0.025172	0.0001503	0.0058008	0.0035157	0.00042447	0.00019085	0.0016942	0.00039295	9.623e-06
0.025205	0.00015374	0.0058	0.0035085	0.00042329	0.00018953	0.0016918	0.00039015	9.5288e-06
0.025238	0.00015715	0.0057991	0.0035013	0.0004221	0.00018816	0.0016946	0.00039311	9.4274e-06
0.025271	0.00016053	0.0057983	0.003494	0.00042091	0.0001869	0.0016974	0.00039605	9.3353e-06
0.025304	0.00016398	0.0057975	0.0034868	0.00041973	0.00018559	0.0017002	0.00039902	9.2509e-06
0.025338	0.00016749	0.0057966	0.0034797	0.00041856	0.00018425	0.001703	0.000402	9.2069e-06
0.025372	0.00017098	0.0057957	0.0034726	0.00041739	0.00018286	0.0017058	0.00040497	9.1568e-06
0.025405	0.00017445	0.0057948	0.0034655	0.00041621	0.00018144	0.0017086	0.00040793	9.1007e-06
0.025439	0.0001779	0.0057939	0.0034584	0.00041502	0.00018	0.0017113	0.00041088	9.0389e-06
0.025472	0.00018133	0.005793	0.0034512	0.00041383	0.00017852	0.0017141	0.00041382	8.9716e-06
0.025506	0.0001848	0.005792	0.0034441	0.00041264	0.00017701	0.0017169	0.00041677	8.9086e-06
0.02554	0.00018826	0.005791	0.003437	0.00041145	0.00017548	0.0017197	0.00041972	8.8405e-06
0.025575	0.00019177	0.00579	0.00343	0.00041027	0.00017392	0.0017225	0.00042267	8.7766e-06
0.02561	0.00019533	0.0057891	0.003423	0.0004091	0.00017243	0.0017253	0.00042564	8.7166e-06
0.025645	0.00019887	0.0057881	0.003416	0.00040792	0.00017093	0.0017281	0.0004286	8.6518e-06
0.02568	0.00020245	0.0057872	0.0034091	0.00040675	0.00016949	0.0017309	0.00043157	8.59e-06
0.025716	0.00020607	0.0057864	0.0034023	0.00040558	0.00016811	0.0017337	0.00043455	8.531e-06
0.025751	0.00020968	0.0057855	0.0033954	0.00040441	0.00016671	0.0017365	0.00043752	8.4674e-06
0.025787	0.00021333	0.0057847	0.0033886	0.00040324	0.00016537	0.0017394	0.0004405	8.4066e-06
0.025824	0.00021702	0.0057839	0.0033819	0.00040209	0.00016409	0.0017422	0.00044349	8.3489e-06
0.025861	0.00022076	0.0057832	0.0033753	0.00040093	0.00016288	0.0017451	0.00044649	8.2942e-06
0.025898	0.00022448	0.0057825	0.0033686	0.00039978	0.00016164	0.0017479	0.00044949	8.235e-06
0.025935	0.00022819	0.0057817	0.0033619	0.00039862	0.00016039	0.0017508	0.00045248	8.1711e-06
0.025973	0.00023195	0.005781	0.0033553	0.00039746	0.00015912	0.0017537	0.00045547	8.1103e-06
0.02601	0.0002357	0.0057802	0.0033487	0.0003963	0.00015783	0.0017565	0.00045846	8.045e-06
0.026048	0.00023949	0.0057795	0.0033421	0.00039515	0.0001566	0.0017594	0.00046147	7.9827e-06
0.026086	0.00024326	0.0057788	0.0033355	0.000394	0.00015535	0.0017623	0.00046446	7.9158e-06
0.026124	0.00024709	0.0057781	0.003329	0.00039285	0.00015416	0.0017651	0.00046746	7.852e-06
0.026162	0.0002509	0.0057774	0.0033225	0.00039169	0.00015295	0.001768	0.00047046	7.7835e-06
0.026201	0.00025476	0.0057768	0.0033161	0.00039054	0.00015181	0.0017709	0.00047347	7.7185e-06
0.02624	0.00025861	0.0057761	0.0033096	0.00038939	0.00015065	0.0017738	0.00047647	7.6485e-06
0.026278	0.00026243	0.0057755	0.0033031	0.00038824	0.00014945	0.0017766	0.00047946	7.5731e-06
0.026317	0.00026632	0.0057748	0.0032967	0.00038709	0.00014823	0.0017795	0.00048247	7.5026e-06
0.026356	0.00027018	0.0057742	0.0032903	0.00038593	0.00014709	0.0017824	0.00048546	7.4519e-06
0.026395	0.00027402	0.0057735	0.0032839	0.00038477	0.00014593	0.0017853	0.00048844	7.395e-06
0.026434	0.00027783	0.0057729	0.0032774	0.0003836	0.00014472	0.0017882	0.00049141	7.332e-06
0.026473	0.00028171	0.0057723	0.003271	0.00038244	0.0001436	0.0017911	0.0004944	7.2743e-06
0.026513	0.00028566	0.0057718	0.0032647	0.0003813	0.00014256	0.0017941	0.00049741	7.2219e-06
0.026553	0.00028958	0.0057712	0.0032583	0.00038014	0.00014149	0.001797	0.0005004	7.1633e-06
0.026594	0.00029358	0.0057708	0.0032521	0.000379	0.00014051	0.0017999	0.00050342	7.0969e-06
0.026634	0.00029755	0.0057703	0.0032459	0.00037785	0.00013949	0.0018029	0.00050642	7.0241e-06
0.026676	0.0003016	0.0057698	0.0032397	0.00037671	0.00013843	0.0018058	0.00050944	6.957e-06
0.026716	0.00030562	0.0057692	0.0032335	0.00037556	0.00013734	0.0018088	0.00051245	6.8835e-06
0.026758	0.00030971	0.0057687	0.0032274	0.00037442	0.00013633	0.0018118	0.00051548	6.8156e-06
0.0268	0.00031378	0.0057682	0.0032213	0.00037328	0.00013529	0.0018147	0.0005185	7.1819e-06
0.026841	0.00031781	0.0057677	0.0032151	0.00037213	0.00013421	0.0018177	0.0005215	7.5398e-06
0.026882	0.00032182	0.0057672	0.0032089	0.00037097	0.0001331	0.0018206	0.00052449	7.8892e-06
0.026923	0.0003258	0.0057667	0.0032027	0.00036981	0.00013207	0.0018235	0.00052747	8.2302e-06
0.026964	0.00032974	0.0057662	0.0031964	0.00036864	0.00013101	0.0018264	0.00053043	8.5628e-06
0.027005	0.00033377	0.0057658	0.0031902	0.00036748	0.00013004	0.0018293	0.00053342	8.9082e-06
0.027047	0.00033788	0.0057655	0.0031842	0.00036633	0.00012915	0.0018323	0.00053642	9.2682e-06
0.027089	0.00034195	0.0057651	0.0031781	0.00036517	0.00012823	0.0018352	0.00053942	9.6195e-06
0.027132	0.00034612	0.0057649	0.0031721	0.00036403	0.00012739	0.0018382	0.00054243	9.986e-06
0.027173	0.00034757	0.0057646	0.0031716	0.00036287	0.00012652	0.0018411	0.00054543	1.0343e-05
0.027213	0.000349	0.0057642	0.0031711	0.00036171	0.00012561	0.0018441	0.00054842	1.0692e-05
0.027255	0.00035048	0.005764	0.0031707	0.00036057	0.00012478	0.0018471	0.00055143	1.1055e-05
0.027297	0.00035201	0.0057637	0.0031704	0.00035943	0.00012391	0.0018502	0.00055446	1.1434e-05
0.027339	0.00035351	0.0057634	0.00317	0.00035828	0.00012302	0.0018532	0.00055748	1.1803e-05
0.027381	0.00035506	0.0057632	0.0031698	0.00035715	0.0001222	0.0018563	0.00056053	1.219e-05
0.027424	0.00035659	0.0057629	0.0031694	0.00035601	0.00012135	0.0018593	0.00056355	1.2567e-05
0.027467	0.00035817	0.0057626	0.0031692	0.00035488	0.00012046	0.0018624	0.0005666	1.2959e-05
0.027511	0.00035979	0.0057624	0.0031691	0.00035376	0.00011965	0.0018654	0.00056968	1.3343e-05
0.027555	0.0003614	0.0057622	0.0031689	0.00035264	0.00011881	0.0018685	0.00057274	1.3717e-05
0.0276	0.00036305	0.005762	0.0031688	0.00035152	0.00011804	0.0018715	0.00057582	1.4108e-05
0.027644	0.00036468	0.0057619	0.0031687	0.0003504	0.00011725	0.0018746	0.00057889	1.449e-05
0.02769	0.00036636	0.0057618	0.0031686	0.00034929	0.00011652	0.0018777	0.00058198	1.4887e-05
0.027736	0.00036809	0.0057617	0.0031686	0.00034819	0.00011587	0.0018808	0.0005851	1.5303e-05
0.027782	0.0003698	0.0057617	0.0031686	0.00034708	0.00011518	0.0018839	0.0005882	1.5709e-05
0.027828	0.00037155	0.0057616	0.0031687	0.00034596	0.00011447	0.0018869	0.00059129	1.6106e-05
0.027876	0.00037335	0.0057615	0.0031689	0.00034486	0.00011372	0.00189	0.0005944	1.652e-05
0.027923	0.00037513	0.0057614	0.003169	0.00034374	0.00011294	0.0018931	0.00059749	1.6924e-05
0.027971	0.00037696	0.0057613	0.0031692	0.00034264	0.00011223	0.0018963	0.00060061	1.7345e-05
0.028019	0.00037877	0.0057613	0.0031694	0.00034155	0.00011149	0.0018994	0.00060375	1.7759e-05
0.028068	0.00038063	0.0057613	0.0031696	0.00034047	0.00011081	0.0019025	0.00060692	1.819e-05
0.028118	0.00038254	0.0057612	0.0031699	0.0003394	0.00011011	0.0019057	0.0006101	1.8651e-05
0.028167	0.00038442	0.0057612	0.0031703	0.00033832	0.00010937	0.0019088	0.00061328	1.9103e-05
0.028216	0.00038629	0.0057611	0.0031705	0.00033723	0.00010861	0.0019119	0.00061644	1.9545e-05
0.028265	0.00038814	0.005761	0.0031708	0.00033616	0.00010782	0.0019151	0.00061962	1.9979e-05
0.028314	0.00038997	0.0057608	0.003171	0.00033507	0.00010701	0.0019182	0.0006228	2.0404e-05
0.028363	0.00039178	0.0057607	0.0031712	0.00033399	0.00010618	0.0019213	0.00062596	2.0823e-05
0.028412	0.00039358	0.0057605	0.0031714	0.0003329	0.00010533	0.0019244	0.00062911	2.1236e-05
0.028461	0.00039542	0.0057604	0.0031717	0.00033181	0.00010452	0.0019275	0.00063228	2.1661e-05
0.028511	0.00039729	0.0057604	0.003172	0.00033073	0.00010376	0.0019306	0.00063546	2.2098e-05
0.028561	0.00039919	0.0057604	0.0031723	0.00032966	0.00010304	0.0019337	0.00063866	2.2547e-05
0.028612	0.00040107	0.0057604	0.0031727	0.00032858	0.00010231	0.0019369	0.00064185	2.2991e-05
0.028663	0.00040299	0.0057604	0.0031731	0.0003275	0.00010162	0.00194	0.00064505	2.3445e-05
0.028714	0.0004049	0.0057604	0.0031734	0.00032643	0.0001009	0.0019432	0.00064824	2.3894e-05
0.028765	0.00040683	0.0057605	0.0031739	0.00032535	0.00010023	0.0019463	0.00065145	2.4355e-05
0.028816	0.00040876	0.0057606	0.0031743	0.00032428	9.9543e-05	0.0019495	0.00065465	2.481e-05
0.028868	0.00041067	0.0057606	0.0031747	0.00032319	0.0001031	0.0019526	0.00065784	2.5259e-05
0.02892	0.00041262	0.0057607	0.0031751	0.00032212	0.00010677	0.0019558	0.00066104	2.5721e-05
0.028971	0.00041455	0.0057607	0.0031755	0.00032104	0.00011041	0.0019589	0.00066424	2.6177e-05
0.029023	0.00041647	0.0057608	0.003176	0.00031995	0.00011403	0.001962	0.00066742	2.6627e-05
0.029075	0.00041838	0.0057608	0.0031764	0.00031886	0.00011762	0.0019652	0.0006706	2.7071e-05
0.029127	0.00042032	0.0057608	0.0031768	0.00031778	0.00012119	0.0019683	0.0006738	2.7531e-05
0.029179	0.00042225	0.0057608	0.0031773	0.00031669	0.00012472	0.0019715	0.00067698	2.7986e-05
0.029231	0.00042417	0.0057608	0.0031777	0.00031559	0.00012824	0.0019746	0.00068016	2.8434e-05
0.029284	0.00042611	0.0057609	0.0031782	0.0003145	0.00013187	0.0019777	0.00068335	2.8896e-05
0.029337	0.0004281	0.005761	0.0031787	0.00031342	0.00013562	0.0019809	0.00068656	2.9371e-05
0.02939	0.00043007	0.0057611	0.0031792	0.00031233	0.00013935	0.0019841	0.00068975	2.984e-05
0.029444	0.00043207	0.0057612	0.0031798	0.00031125	0.00014319	0.0019872	0.00069296	3.0322e-05
0.029498	0.00043406	0.0057613	0.0031803	0.00031016	0.000147	0.0019904	0.00069616	3.0798e-05
0.029551	0.00043604	0.0057615	0.0031808	0.00030907	0.00015079	0.0019936	0.00069936	3.1268e-05
0.029606	0.00043805	0.0057616	0.0031814	0.00030799	0.0001547	0.0019967	0.00070257	3.1751e-05
0.02966	0.00044004	0.0057618	0.003182	0.00030689	0.00015858	0.0019999	0.00070577	3.2248e-05
0.029714	0.00044203	0.0057619	0.0031825	0.0003058	0.00016243	0.0020031	0.00070896	3.274e-05
0.029769	0.00044405	0.0057621	0.0031832	0.00030471	0.00016642	0.0020062	0.00071216	3.3247e-05
0.029823	0.00044606	0.0057623	0.0031837	0.00030361	0.00017037	0.0020094	0.00071536	3.3747e-05
0.029878	0.0004481	0.0057624	0.0031844	0.00030252	0.0001743	0.0020126	0.00071857	3.4262e-05
0.029934	0.00045017	0.0057626	0.0031851	0.00030144	0.00017835	0.0020158	0.0007218	3.4793e-05
0.02999	0.00045224	0.0057628	0.0031858	0.00030035	0.00018238	0.002019	0.00072502	3.5317e-05
0.030046	0.00045434	0.005763	0.0031865	0.00029927	0.00018655	0.0020222	0.00072825	3.5857e-05
0.030103	0.00045647	0.0057633	0.0031873	0.00029819	0.00019086	0.0020254	0.0007315	3.6413e-05
0.030161	0.00045864	0.0057637	0.0031881	0.00029711	0.0001953	0.0020287	0.00073476	3.6984e-05
0.030219	0.00046084	0.005764	0.003189	0.00029604	0.00019989	0.0020319	0.00073804	3.757e-05
0.030278	0.00046308	0.0057645	0.0031899	0.00029498	0.00020463	0.0020352	0.00074132	3.8173e-05
0.030337	0.0004653	0.0057649	0.0031908	0.00029391	0.00020933	0.0020385	0.00074461	3.8769e-05
0.030395	0.00046751	0.0057653	0.0031917	0.00029283	0.000214	0.0020417	0.00074788	3.9358e-05
0.030455	0.00046976	0.0057658	0.0031926	0.00029176	0.00021883	0.002045	0.00075117	3.9965e-05
0.030515	0.00047205	0.0057663	0.0031936	0.0002907	0.00022383	0.0020483	0.00075447	4.059e-05
0.030574	0.00047432	0.0057668	0.0031946	0.00028963	0.0002288	0.0020516	0.00075776	4.1209e-05
0.030635	0.00047663	0.0057673	0.0031956	0.00028856	0.00023393	0.0020549	0.00076107	4.1845e-05
0.030695	0.00047893	0.0057679	0.0031966	0.00028749	0.00023902	0.0020581	0.00076438	4.2474e-05
0.030756	0.00048121	0.0057684	0.0031976	0.00028642	0.00024408	0.0020614	0.00076767	4.3096e-05
0.030817	0.00048353	0.0057689	0.0031987	0.00028535	0.0002493	0.0020647	0.00077098	4.3736e-05
0.030878	0.00048589	0.0057696	0.0031997	0.00028429	0.00025471	0.002068	0.0007743	4.44e-05
0.03094	0.00048824	0.0057702	0.0032008	0.00028322	0.00026009	0.0020714	0.00077762	4.5058e-05
0.031001	0.00049057	0.0057708	0.0032019	0.00028215	0.00026542	0.0020747	0.00078092	4.5708e-05
0.031064	0.00049294	0.0057714	0.003203	0.00028108	0.00027094	0.002078	0.00078425	4.6378e-05
0.031126	0.0004953	0.0057721	0.0032041	0.00028001	0.00027643	0.0020813	0.00078756	4.7041e-05
0.031188	0.0004977	0.0057728	0.0032053	0.00027894	0.0002821	0.0020846	0.00079089	4.7724e-05
0.031251	0.00050009	0.0057734	0.0032064	0.00027787	0.00028772	0.0020879	0.00079422	4.8399e-05
0.031314	0.00050246	0.0057741	0.0032076	0.00027679	0.00029331	0.0020913	0.00079753	4.9066e-05
0.031377	0.00050487	0.0057748	0.0032088	0.00027572	0.00029909	0.0020946	0.00080086	4.9754e-05
0.03144	0.00050726	0.0057755	0.0032099	0.00027464	0.00030482	0.0020979	0.00080418	5.0434e-05
0.031417	0.0005097	0.0057763	0.0032111	0.00027357	0.00031076	0.0021013	0.00080752	5.1135e-05
0.031393	0.00051218	0.0057771	0.0032124	0.00027251	0.00031692	0.0021046	0.00081087	5.186e-05
0.031371	0.00051471	0.0057779	0.0032137	0.00027144	0.00032333	0.002108	0.00081425	5.261e-05
0.031348	0.00051722	0.0057788	0.0032151	0.00027038	0.00032967	0.0021114	0.00081761	5.335e-05
0.031325	0.00051972	0.0057796	0.0032164	0.00026931	0.00033596	0.0021147	0.00082097	5.4081e-05
0.031302	0.00052219	0.0057804	0.0032176	0.00026823	0.00034218	0.0021181	0.00082431	5.4841e-05
0.031279	0.00052465	0.0057812	0.0032189	0.00026715	0.00034833	0.0021215	0.00082764	5.5591e-05
0.031257	0.00052716	0.0057821	0.0032202	0.00026608	0.00035475	0.0021249	0.000831	5.637e-05
0.031234	0.00052965	0.0057829	0.0032215	0.000265	0.00036111	0.0021283	0.00083434	5.7138e-05
0.031212	0.00053219	0.0057838	0.0032229	0.00026392	0.00036774	0.0021317	0.00083771	5.7937e-05
0.03119	0.00053479	0.0057848	0.0032243	0.00026286	0.00037467	0.0021351	0.0008411	5.8767e-05
0.031169	0.00053737	0.0057858	0.0032257	0.00026178	0.00038152	0.0021386	0.00084447	5.9585e-05
0.031147	0.00054001	0.0057868	0.0032272	0.00026072	0.00038866	0.002142	0.00084787	6.0435e-05
0.031127	0.0005427	0.0057879	0.0032288	0.00025966	0.00039613	0.0021455	0.00085129	6.1319e-05
0.031044	0.00055335	0.0057921	0.0032348	0.00025538	0.00042561	0.0021595	0.00086491	6.4784e-05
0.031023	0.00055598	0.0057931	0.0032363	0.0002543	0.00043287	0.0021629	0.00086829	6.563e-05
0.031003	0.00055868	0.0057943	0.0032379	0.00025323	0.0004405	0.0021663	0.0008717	6.6518e-05
0.030983	0.00056135	0.0057953	0.0032394	0.00025215	0.00044803	0.0021697	0.0008751	6.739e-05
0.030963	0.00056409	0.0057965	0.003241	0.00025108	0.00045592	0.0021732	0.00087852	6.83e-05
0.030943	0.0005668	0.0057976	0.0032426	0.00025	0.0004637	0.0021766	0.00088193	6.9195e-05
0.030924	0.00056958	0.0057989	0.0032443	0.00024893	0.00047188	0.0021801	0.00088537	7.0132e-05
0.030904	0.00057233	0.0058	0.0032459	0.00024786	0.00047995	0.0021835	0.00088879	7.1054e-05
0.030885	0.00057506	0.0058013	0.0032475	0.00024678	0.0004884	0.002187	0.0008922	7.1961e-05
0.030865	0.00057776	0.0058025	0.0032491	0.00024569	0.00049674	0.0021905	0.0008956	7.2852e-05
0.030846	0.00058053	0.0058038	0.0032508	0.00024461	0.00050547	0.0021939	0.00089903	7.3783e-05
0.030827	0.00058336	0.0058052	0.0032525	0.00024354	0.00051462	0.0021974	0.00090247	7.4755e-05
0.030809	0.00058617	0.0058066	0.0032542	0.00024246	0.00052364	0.0022009	0.00090591	7.571e-05
0.03079	0.00058905	0.005808	0.003256	0.00024139	0.00052547	0.0022045	0.00090937	7.6708e-05
0.030772	0.00059189	0.0058094	0.0032577	0.00024031	0.00052724	0.002208	0.00091282	7.7689e-05
0.030754	0.00059481	0.0058108	0.0032596	0.00023924	0.00052896	0.0022115	0.0009163	7.8718e-05
0.030737	0.00059771	0.0058122	0.0032614	0.00023816	0.00053062	0.002215	0.00091976	7.9729e-05
0.030719	0.00060058	0.0058135	0.0032631	0.00023708	0.00053222	0.0022185	0.00092321	8.0795e-05
0.030701	0.00060352	0.0058149	0.003265	0.00023601	0.00053399	0.0022221	0.00092669	8.1917e-05
0.030684	0.00060643	0.0058163	0.0032668	0.00023493	0.00053571	0.0022256	0.00093016	8.3021e-05
0.030666	0.00060932	0.0058178	0.0032686	0.00023385	0.00053758	0.0022292	0.00093365	8.4174e-05
0.030649	0.00061228	0.0058193	0.0032705	0.00023279	0.00053963	0.0022328	0.00093717	8.538e-05
0.030632	0.00061522	0.0058208	0.0032724	0.00023172	0.00054163	0.0022363	0.00094068	8.6568e-05
0.030615	0.00061822	0.0058224	0.0032743	0.00023065	0.00054379	0.0022399	0.00094422	8.7806e-05
0.030599	0.0006213	0.0058241	0.0032763	0.0002296	0.00054612	0.0022436	0.00094778	8.9098e-05
0.030583	0.00062435	0.0058257	0.0032783	0.00022853	0.00054839	0.0022472	0.00095133	9.037e-05
0.030567	0.00062748	0.0058274	0.0032804	0.00022748	0.00055085	0.0022509	0.00095491	9.1702e-05
0.030552	0.00063068	0.0058292	0.0032825	0.00022643	0.00055351	0.0022545	0.00095852	9.3093e-05
0.030538	0.00063396	0.005831	0.0032848	0.00022538	0.00055609	0.0022582	0.00096211	9.4546e-05
0.030524	0.00063733	0.0058329	0.0032871	0.00022433	0.00055888	0.0022619	0.00096573	9.6064e-05
0.030511	0.00064077	0.0058348	0.0032895	0.0002233	0.00056187	0.0022656	0.00096939	9.765e-05
0.030498	0.0006443	0.0058368	0.003292	0.00022227	0.00056507	0.0022693	0.00097307	9.9305e-05
0.030487	0.00064792	0.005839	0.0032945	0.00022124	0.0005685	0.0022731	0.00097679	0.00010104
0.030475	0.0006515	0.005841	0.0032971	0.00022022	0.00057185	0.0022768	0.00098049	0.00010275
0.030462	0.00065504	0.0058432	0.0032996	0.00021918	0.00057544	0.0022805	0.00098417	0.00010444
0.030451	0.00065868	0.0058455	0.0033021	0.00021815	0.00057926	0.0022843	0.00098789	0.0001062
