Papio_anubis	Pan_troglodytes	Pan_paniscus	Otolemur_garnettii	Nomascus_leucogenys	Microcebus_murinus	Mandrillus_leucophaeus	Macaca_nemestrina	Macaca_mulatta	Macaca_fascicularis
0.0015639	0.0099885	0.0099885	8.5974e-05	0.00048303	3.6344e-05	0.002859	0.015173	0.01	0.01
0.0015583	0.0099885	0.0099885	8.5102e-05	0.00048099	3.3852e-05	0.0028558	0.015179	0.01	0.01
0.0015527	0.0099885	0.0099885	8.4371e-05	0.00047898	3.1541e-05	0.0028528	0.015186	0.01	0.01
0.0015471	0.0099885	0.0099885	8.3608e-05	0.00047697	2.9187e-05	0.0028497	0.015192	0.01	0.01
0.0015416	0.0099885	0.0099885	8.2982e-05	0.00047498	2.7014e-05	0.0028468	0.015199	0.01	0.01
0.0015362	0.0099885	0.0099885	7.9413e-05	0.00047303	2.4997e-05	0.0028439	0.015205	0.01	0.01
0.0015307	0.0099885	0.0099885	7.5733e-05	0.00047107	2.2943e-05	0.0028409	0.015212	0.01	0.01
0.0015252	0.0099885	0.0099885	7.2535e-05	0.00046914	2.1035e-05	0.0028381	0.015218	0.01	0.01
0.0015198	0.0099885	0.0099885	6.9238e-05	0.0004672	1.9091e-05	0.0028353	0.015225	0.01	0.01
0.0015143	0.0099884	0.0099884	6.5837e-05	0.00046525	1.7111e-05	0.0028324	0.015232	0.01	0.01
0.0015088	0.0099884	0.0099884	6.233e-05	0.00046329	1.5093e-05	0.0028295	0.015238	0.01	0.01
0.0015034	0.0099884	0.0099884	5.9311e-05	0.00046136	1.3228e-05	0.0028267	0.015245	0.01	0.01
0.001498	0.0099884	0.0099884	5.6713e-05	0.00045946	1.1503e-05	0.002824	0.015252	0.01	0.01
0.0014927	0.0099884	0.0099884	5.448e-05	0.0004576	9.9082e-06	0.0028213	0.015259	0.01	0.01
0.0014874	0.0099884	0.0099884	5.2563e-05	0.00045576	8.4327e-06	0.0028188	0.015266	0.01	0.01
0.0014821	0.0099884	0.0099884	5.0582e-05	0.00045392	6.9283e-06	0.0028162	0.015273	0.01	0.01
0.0014769	0.0099884	0.0099884	4.8492e-05	0.0004521	5.3938e-06	0.0028137	0.01528	0.01	0.01
0.0014717	0.0099884	0.0099884	4.6698e-05	0.00045032	3.9738e-06	0.0028113	0.015287	0.01	0.01
0.0014666	0.0099884	0.0099884	4.5145e-05	0.00044856	2.6524e-06	0.002809	0.015295	0.01	0.01
0.0014614	0.0099884	0.0099884	4.3538e-05	0.0004468	2.5561e-06	0.0028067	0.015302	0.01	0.01
0.0014562	0.0099884	0.0099884	4.1876e-05	0.00044502	2.4511e-06	0.0028043	0.015309	0.01	0.01
0.0014511	0.0099884	0.0099884	4.0452e-05	0.00044328	2.3561e-06	0.0028021	0.015317	0.01	0.01
0.001446	0.0099884	0.0099884	3.898e-05	0.00044153	2.2527e-06	0.0027998	0.015324	0.01	0.01
0.0014408	0.0099883	0.0099883	3.7458e-05	0.00043976	2.1407e-06	0.0027975	0.015331	0.01	0.01
0.0014357	0.0099883	0.0099883	3.6156e-05	0.00043803	2.0384e-06	0.0027952	0.015339	0.01	0.01
0.0014306	0.0099883	0.0099883	3.5046e-05	0.00043633	1.9452e-06	0.0027931	0.015346	0.01	0.01
0.0014256	0.0099883	0.0099883	3.3893e-05	0.00043462	1.8435e-06	0.0027909	0.015354	0.01	0.01
0.0014205	0.0099883	0.0099883	3.2693e-05	0.00043289	1.7329e-06	0.0027888	0.015362	0.01	0.01
0.0014154	0.0099883	0.0099883	3.1687e-05	0.0004312	1.6324e-06	0.0027643	0.015369	0.01	0.01
0.0014104	0.0099883	0.0099883	3.063e-05	0.0004295	1.5226e-06	0.0027397	0.015377	0.01	0.01
0.0014053	0.0099883	0.0099883	2.9517e-05	0.00042779	1.403e-06	0.0027151	0.015385	0.01	0.01
0.0014002	0.0099883	0.0099883	2.8609e-05	0.00042606	1.2953e-06	0.0026904	0.015392	0.01	0.01
0.0013951	0.0099883	0.0099883	2.5007e-05	0.00042431	1.198e-06	0.0026661	0.0154	0.01	0.01
0.00139	0.0099883	0.0099883	2.1202e-05	0.00042255	1.0903e-06	0.0026416	0.015407	0.01	0.01
0.001385	0.0099883	0.0099883	1.8025e-05	0.00042083	9.9245e-07	0.0026176	0.015415	0.01	0.01
0.00138	0.0099883	0.0099883	1.4653e-05	0.00041909	8.8404e-07	0.0025934	0.015423	0.01	0.01
0.001375	0.0099883	0.0099883	1.192e-05	0.00041739	7.8676e-07	0.0025696	0.015431	0.01	0.01
0.00137	0.0099883	0.0099883	9.7953e-06	0.00041575	7.0137e-07	0.0025463	0.015439	0.01	0.01
0.001365	0.0099882	0.0099882	8.1054e-06	0.00041414	6.2517e-07	0.0025234	0.015447	0.01	0.01
0.0013602	0.0099882	0.0099882	6.252e-06	0.00041252	5.3797e-07	0.0025009	0.015456	0.01	0.01
0.0013552	0.0099882	0.0099882	4.2169e-06	0.00041087	6.0832e-07	0.0024783	0.015464	0.01	0.01
0.0013503	0.0099882	0.0099882	3.9168e-06	0.00040921	6.6809e-07	0.0024555	0.015472	0.01	0.01
0.0013454	0.0099882	0.0099882	3.6849e-06	0.00040759	7.3586e-07	0.0024331	0.015481	0.01	0.01
0.0013405	0.0099882	0.0099882	3.4253e-06	0.00040594	7.9281e-07	0.0024106	0.015489	0.01	0.01
0.0013357	0.0099882	0.0099882	3.2254e-06	0.00040434	8.584e-07	0.0023885	0.015498	0.01	0.01
0.0013308	0.0099882	0.0099882	3.0014e-06	0.00040272	9.1303e-07	0.0023662	0.015506	0.01	0.01
0.0013259	0.0099882	0.0099882	2.7513e-06	0.00040108	9.5681e-07	0.0023665	0.015515	0.01	0.01
0.0013209	0.0099882	0.0099882	2.4732e-06	0.00039942	9.8985e-07	0.0023667	0.015523	0.01	0.01
0.001316	0.0099882	0.0099882	2.2606e-06	0.00039781	1.0324e-06	0.0023671	0.015532	0.01	0.01
0.0013112	0.0099882	0.0099882	2.0997e-06	0.00039617	1.0854e-06	0.0023675	0.01554	0.01	0.01
0.0013065	0.0099882	0.0099882	1.9799e-06	0.00039452	1.1496e-06	0.0023682	0.01552	0.01	0.01
0.0013019	0.0099882	0.0099882	1.8264e-06	0.00039291	1.2022e-06	0.0023689	0.0155	0.01	0.01
0.0012974	0.0099882	0.0099882	1.6532e-06	0.00039135	1.2433e-06	0.0023698	0.01548	0.01	0.01
0.0012929	0.0099881	0.0099881	1.5195e-06	0.00038977	1.2948e-06	0.0023708	0.01546	0.01	0.01
0.0012884	0.0099881	0.0099881	1.3688e-06	0.00038816	1.3347e-06	0.0023718	0.01544	0.01	0.01
0.0012839	0.0099881	0.0099881	1.2554e-06	0.00038661	1.3866e-06	0.0023727	0.01542	0.01	0.01
0.0012795	0.0099881	0.0099881	1.169e-06	0.0003851	1.4502e-06	0.0023737	0.0154	0.01	0.01
0.001275	0.0099881	0.0099881	1.0699e-06	0.00038357	1.5016e-06	0.0023747	0.01538	0.01	0.01
0.0012704	0.0099881	0.0099881	9.5717e-07	0.00038202	1.5411e-06	0.0023756	0.015361	0.01	0.01
0.001266	0.0099881	0.0099881	8.7009e-07	0.00038051	1.5923e-06	0.0023766	0.015341	0.01	0.01
0.0012616	0.0099881	0.0099881	8.0384e-07	0.00037904	1.6558e-06	0.0023778	0.015321	0.01	0.01
0.0012573	0.0099881	0.0099881	7.5486e-07	0.00037762	1.7329e-06	0.0023791	0.015302	0.01	0.01
0.0012531	0.0099881	0.0099881	7.2372e-07	0.00037623	1.825e-06	0.0023805	0.015283	0.01	0.01
0.0012488	0.0099881	0.0099881	7.8775e-07	0.00037483	1.9034e-06	0.0023819	0.015264	0.01	0.01
0.0012445	0.0099881	0.0099881	8.4961e-07	0.00037341	1.8382e-06	0.0023832	0.015245	0.01	0.01
0.0012401	0.0099881	0.0099881	9.093e-07	0.00037203	1.7596e-06	0.0023844	0.015225	0.01	0.01
0.0012357	0.0099881	0.0099881	9.6682e-07	0.00037063	1.9854e-06	0.0023856	0.015206	0.01	0.01
0.0012313	0.0099881	0.0099881	1.0468e-06	0.00036927	1.9977e-06	0.0023868	0.015187	0.01	0.01
0.0012268	0.0099881	0.0099881	1.1153e-06	0.0003679	1.9974e-06	0.0023878	0.015167	0.01	0.01
0.0012224	0.0099881	0.0099881	1.1031e-06	0.00036657	2.0104e-06	0.002389	0.015148	0.01	0.01
0.001218	0.009988	0.009988	1.0819e-06	0.00036521	2.0108e-06	0.0023902	0.015129	0.01	0.01
0.0012136	0.009988	0.009988	9.5171e-07	0.0003639	2.0248e-06	0.0023915	0.015109	0.01	0.01
0.0012092	0.009988	0.009988	8.0539e-07	0.00036257	2.0261e-06	0.0023927	0.01509	0.01	0.01
0.0012049	0.009988	0.009988	6.911e-07	0.00035696	2.0408e-06	0.002394	0.015071	0.01	0.01
0.0012007	0.009988	0.009988	6.0216e-07	0.00035147	2.0693e-06	0.0023955	0.015052	0.01	0.01
0.0011964	0.009988	0.009988	5.007e-07	0.00034593	2.0849e-06	0.0023969	0.015034	0.01	0.01
0.0012045	0.009988	0.009988	4.2791e-07	0.00034051	2.1312e-06	0.0023983	0.015015	0.01	0.01
0.0012126	0.009988	0.009988	4.4541e-07	0.00033519	2.1631e-06	0.0023996	0.014996	0.01	0.01
0.0012208	0.009988	0.009988	4.7259e-07	0.00032998	2.2097e-06	0.002401	0.014977	0.01	0.01
0.001229	0.009988	0.009988	5.1296e-07	0.00032473	2.2732e-06	0.0024026	0.014958	0.01	0.01
0.001237	0.009988	0.009988	5.4535e-07	0.00031944	2.3232e-06	0.0024041	0.014939	0.01	0.01
0.0012453	0.009988	0.009988	5.2867e-07	0.00031411	2.3893e-06	0.0024057	0.01492	0.01	0.01
0.0012534	0.009988	0.009988	5.0499e-07	0.00030874	2.4417e-06	0.0024073	0.014902	0.01	0.01
0.0012615	0.009988	0.009988	4.7411e-07	0.00030332	2.4805e-06	0.0024089	0.014883	0.01	0.01
0.0012696	0.009988	0.009988	4.3579e-07	0.00029786	2.5057e-06	0.0024103	0.014864	0.01	0.01
0.0012778	0.009988	0.009988	3.8958e-07	0.00029237	2.5175e-06	0.0024119	0.014845	0.01	0.01
0.0012859	0.009988	0.009988	3.3521e-07	0.00028683	2.5157e-06	0.0024135	0.014826	0.01	0.01
0.001294	0.009988	0.009988	2.7214e-07	0.00028124	2.5003e-06	0.002415	0.014807	0.01	0.01
0.0013022	0.009988	0.009988	2.2256e-07	0.00027577	2.5005e-06	0.0024166	0.014788	0.01	0.01
0.0013105	0.0099879	0.0099879	1.5795e-07	0.0002704	2.4722e-06	0.0024184	0.014769	0.01	0.01
0.0013189	0.0099879	0.0099879	1.0626e-07	0.00026514	2.4594e-06	0.0024203	0.014751	0.01	0.01
0.0013272	0.0099879	0.0099879	4.6947e-08	0.00025983	2.4333e-06	0.0024221	0.014732	0.01	0.01
0.0013355	0.0099879	0.0099879	3.6683e-08	0.00025449	2.3875e-06	0.0024238	0.014714	0.01	0.01
0.0013438	0.0099879	0.0099879	2.2536e-08	0.0002491	2.328e-06	0.0024256	0.014695	0.01	0.01
0.001352	0.0099879	0.0099879	2.8653e-08	0.00024382	2.2546e-06	0.0024272	0.014676	0.01	0.01
0.0013603	0.0099879	0.0099879	3.5614e-08	0.00023865	2.1971e-06	0.002429	0.014658	0.01	0.01
0.0013688	0.0099879	0.0099879	3.8615e-08	0.00023357	2.1262e-06	0.0024309	0.014639	0.01	0.01
0.0013771	0.0099879	0.0099879	3.8178e-08	0.00022846	2.0379e-06	0.0024328	0.014621	0.01	0.01
0.0013856	0.0099879	0.0099879	3.8542e-08	0.00022344	1.9652e-06	0.0024347	0.014603	0.01	0.01
0.0013941	0.0099879	0.0099879	3.5528e-08	0.00021839	1.8795e-06	0.0024367	0.014584	0.01	0.01
0.0014026	0.0099879	0.0099879	3.3148e-08	0.00021343	1.8077e-06	0.0024387	0.014566	0.01	0.01
0.0014113	0.0099879	0.0099879	3.144e-08	0.00020856	1.7501e-06	0.0024409	0.014548	0.01	0.01
0.0014201	0.0099879	0.0099879	3.0113e-08	0.00020378	1.7042e-06	0.0024432	0.014531	0.01	0.01
0.001429	0.0099879	0.0099879	2.9111e-08	0.00019909	1.6697e-06	0.0024456	0.014513	0.01	0.01
0.001438	0.0099879	0.0099879	2.8601e-08	0.00019449	1.6472e-06	0.0024482	0.014496	0.01	0.01
0.001447	0.0099879	0.0099879	2.4865e-08	0.00018985	1.6131e-06	0.0024507	0.014478	0.01	0.01
0.0014559	0.0099879	0.0099879	1.7839e-08	0.00018518	1.9304e-06	0.0024531	0.014461	0.01	0.01
0.0014649	0.0099879	0.0099879	1.1154e-08	0.0001806	2.2862e-06	0.0024557	0.014443	0.01	0.01
0.0014739	0.0099879	0.0099879	1.4318e-08	0.00017598	2.619e-06	0.0024583	0.014426	0.01	0.01
0.001483	0.0099879	0.0099879	1.7378e-08	0.00017146	2.6645e-06	0.0024609	0.014409	0.01	0.01
0.0014922	0.0099879	0.0099879	2.0356e-08	0.00016702	2.7264e-06	0.0024637	0.014392	0.01	0.01
0.0015016	0.0099879	0.0099879	2.3965e-08	0.00016266	2.6323e-06	0.0024667	0.014375	0.01	0.01
0.0015109	0.0099878	0.0099878	2.4402e-08	0.00015827	2.5239e-06	0.0024695	0.014358	0.01	0.01
0.0015203	0.0099878	0.0099878	2.5146e-08	0.00015396	2.4347e-06	0.0024726	0.014342	0.01	0.01
0.0015299	0.0099878	0.0099878	2.6237e-08	0.00014975	2.3634e-06	0.0024757	0.014325	0.01	0.01
0.0015396	0.0099878	0.0099878	2.775e-08	0.00014561	2.3089e-06	0.002479	0.014309	0.01	0.01
0.0015495	0.0099878	0.0099878	2.9812e-08	0.00014155	2.2706e-06	0.0024825	0.014293	0.01	0.01
0.0015592	0.0099878	0.0099878	3.5081e-08	0.00013747	2.2535e-06	0.0024859	0.014277	0.01	0.01
0.0015692	0.0099878	0.0099878	4.2321e-08	0.00013346	2.0814e-06	0.0024894	0.014261	0.01	0.01
0.0015792	0.0099878	0.0099878	4.5829e-08	0.00012953	1.8914e-06	0.0024931	0.014245	0.01	0.01
0.0015894	0.0099878	0.0099878	5.0647e-08	0.00012567	1.7249e-06	0.0024969	0.014229	0.01	0.01
0.0015995	0.0099878	0.0099878	5.7049e-08	0.00012178	1.5792e-06	0.0025007	0.014213	0.01	0.01
0.0016098	0.0099878	0.0099878	6.5383e-08	0.00011797	1.4519e-06	0.0025046	0.014198	0.01	0.01
0.00162	0.0099878	0.0099878	7.6089e-08	0.00011423	1.3409e-06	0.0025087	0.014183	0.01	0.01
0.0016303	0.0099878	0.0099878	8.9732e-08	0.00011056	1.2443e-06	0.0025129	0.014168	0.01	0.01
0.0016405	0.0099878	0.0099878	9.9051e-08	0.00010686	1.1348e-06	0.002517	0.014152	0.01	0.01
0.0016507	0.0099878	0.0099878	1.0412e-07	0.00010671	1.0122e-06	0.0025211	0.014137	0.01	0.01
0.001661	0.0099878	0.0099878	1.1263e-07	0.00010658	9.0487e-07	0.0025253	0.014122	0.01	0.01
0.0016713	0.0099878	0.0099878	1.1682e-07	0.00010643	7.8498e-07	0.0025295	0.014107	0.01	0.01
0.0016815	0.0099878	0.0099878	1.167e-07	0.00010628	6.5214e-07	0.0025336	0.014092	0.01	0.01
0.0016919	0.0099878	0.0099878	1.0899e-07	0.00010611	5.5308e-07	0.0025282	0.014077	0.01	0.01
0.0017022	0.0099878	0.0099878	9.6782e-08	0.00010593	4.4529e-07	0.0025228	0.014062	0.01	0.01
0.0017126	0.0099878	0.0099878	8.7806e-08	0.00010576	3.475e-07	0.0025175	0.014047	0.01	0.01
0.0017232	0.0099878	0.0099878	8.1536e-08	0.00010561	2.5813e-07	0.0025124	0.014032	0.01	0.01
0.0017339	0.0099878	0.0099878	7.0733e-08	0.00010548	2.8393e-07	0.0025074	0.014017	0.01	0.01
0.001734	0.0099878	0.0099878	7.3974e-08	0.00010536	3.0134e-07	0.0025026	0.014003	0.01	0.01
0.0017341	0.0099878	0.0099878	7.8452e-08	0.00010525	3.1934e-07	0.0024979	0.013989	0.01	0.01
0.0017343	0.0099878	0.0099878	8.4235e-08	0.00010516	3.3795e-07	0.0024933	0.013975	0.01	0.01
0.0017346	0.0099878	0.0099878	9.1136e-08	0.00010507	3.5674e-07	0.0024888	0.013961	0.01	0.01
0.0017349	0.0099878	0.0099878	9.9313e-08	0.00010499	3.7577e-07	0.0024844	0.013947	0.01	0.01
0.0017352	0.0099878	0.0099878	1.0928e-07	0.00010492	3.9561e-07	0.0024802	0.013933	0.01	0.01
0.0017356	0.0099878	0.0099878	1.159e-07	0.00010485	4.0833e-07	0.0024759	0.01392	0.01	0.01
0.0017359	0.0099878	0.0099878	1.1913e-07	0.00010479	4.1387e-07	0.0024717	0.013906	0.01	0.01
0.0017364	0.0099878	0.0099878	1.2432e-07	0.00010473	4.2037e-07	0.0024676	0.013892	0.01	0.01
0.0017368	0.0099878	0.0099878	1.2612e-07	0.00010467	4.197e-07	0.0024635	0.013879	0.01	0.01
0.0017372	0.0099878	0.0099878	1.226e-07	0.00010462	4.1176e-07	0.0024594	0.013866	0.01	0.01
0.0017377	0.0099878	0.0099878	1.2089e-07	0.00010457	4.0454e-07	0.0024555	0.013852	0.01	0.01
0.0017382	0.0099878	0.0099878	1.1569e-07	0.00010452	3.8997e-07	0.0024516	0.013839	0.01	0.01
0.0017387	0.0099878	0.0099878	1.068e-07	0.00010446	3.6777e-07	0.0024476	0.013826	0.01	0.01
0.0017391	0.0099878	0.0099878	9.3757e-08	0.00010439	3.3865e-07	0.0024435	0.013812	0.01	0.01
0.0017396	0.0099878	0.0099878	9.7352e-08	0.00010434	3.0058e-07	0.0024396	0.013799	0.01	0.01
0.0017401	0.0099878	0.0099878	1.0421e-07	0.00010427	2.6584e-07	0.0024357	0.013786	0.01	0.01
0.0017408	0.0099878	0.0099878	1.1359e-07	0.00010422	2.3266e-07	0.0024318	0.013773	0.01	0.01
0.0017414	0.0099878	0.0099878	1.1918e-07	0.00010415	3.1933e-07	0.002428	0.01376	0.01	0.01
0.001742	0.0099878	0.0099878	1.2124e-07	0.00010408	3.9763e-07	0.002424	0.013746	0.01	0.01
0.0017426	0.0099878	0.0099878	1.2541e-07	0.00010402	4.807e-07	0.0024202	0.013733	0.01	0.01
0.0017432	0.0099878	0.0099878	1.2615e-07	0.00010395	5.5555e-07	0.0024164	0.01372	0.01	0.01
0.0017438	0.0099878	0.0099878	1.235e-07	0.00010388	6.223e-07	0.0024125	0.013707	0.01	0.01
0.0017445	0.0099878	0.0099878	1.228e-07	0.00010381	6.9373e-07	0.0024087	0.013694	0.01	0.01
0.0017451	0.0099878	0.0099878	2.143e-07	0.00010373	7.5702e-07	0.0024049	0.013681	0.01	0.01
0.0017457	0.0099878	0.0099878	2.9947e-07	0.00010365	8.1219e-07	0.0024011	0.013668	0.01	0.01
0.0017463	0.0099878	0.0099878	3.9837e-07	0.00010358	8.7165e-07	0.0023973	0.013655	0.01	0.01
0.001747	0.0099878	0.0099878	4.903e-07	0.0001035	9.2279e-07	0.0023936	0.013642	0.01	0.01
0.0017475	0.0099878	0.0099878	5.7505e-07	0.00010341	9.6532e-07	0.0023897	0.013629	0.01	0.01
0.0017482	0.0099878	0.0099878	6.7875e-07	0.00010333	1.0156e-06	0.002386	0.013617	0.01	0.01
0.0017488	0.0099878	0.0099878	8.0573e-07	0.00010324	1.0746e-06	0.0023823	0.013604	0.01	0.01
0.0017495	0.0099878	0.0099878	8.2522e-07	0.00010317	1.1435e-06	0.0023787	0.013591	0.01	0.01
0.0017502	0.0099878	0.0099878	8.3788e-07	0.00010308	1.2018e-06	0.002375	0.013578	0.01	0.01
0.0017508	0.0099878	0.0099878	8.4404e-07	0.00010299	1.2497e-06	0.0023713	0.013565	0.01	0.01
0.0017514	0.0099878	0.0099878	8.4383e-07	0.00010289	1.2875e-06	0.0023676	0.013553	0.01	0.01
0.0017521	0.0099877	0.0099877	8.5438e-07	0.0001028	1.3344e-06	0.0023639	0.01354	0.01	0.01
0.0017528	0.0099877	0.0099877	9.2918e-07	0.00010272	1.3709e-06	0.0023604	0.013527	0.01	0.01
0.0017535	0.0099877	0.0099877	9.9541e-07	0.00010263	1.3973e-06	0.0023569	0.013515	0.01	0.01
0.0017541	0.0099877	0.0099877	1.0534e-06	0.00010253	1.4136e-06	0.0023533	0.013502	0.01	0.01
0.0017548	0.0099877	0.0099877	1.1319e-06	0.00010232	1.438e-06	0.0023496	0.01349	0.01	0.01
0.0017552	0.0099877	0.0099877	1.2017e-06	0.00010209	1.4526e-06	0.0023459	0.013477	0.01	0.01
0.0017558	0.0099877	0.0099877	1.2904e-06	0.00010188	1.4754e-06	0.0023423	0.013464	0.01	0.01
0.0017563	0.0099877	0.0099877	1.4044e-06	0.00010166	1.506e-06	0.0023387	0.013452	0.01	0.01
0.0017568	0.0099877	0.0099877	1.5104e-06	0.00010143	1.528e-06	0.0023351	0.013439	0.01	0.01
0.0017573	0.0099877	0.0099877	1.6089e-06	0.00010119	1.5417e-06	0.0023314	0.013427	0.01	0.01
0.0017578	0.0099877	0.0099877	1.7274e-06	0.00010096	1.5615e-06	0.0023278	0.013414	0.01	0.01
0.0017583	0.0099877	0.0099877	1.8384e-06	0.00010072	1.5732e-06	0.0023242	0.013402	0.01	0.01
0.0017588	0.0099877	0.0099877	1.8109e-06	0.0001005	1.5902e-06	0.0023207	0.013389	0.01	0.01
0.0017593	0.0099877	0.0099877	1.7777e-06	0.00010027	1.5973e-06	0.0023171	0.013377	0.01	0.01
0.0017598	0.0099877	0.0099877	1.7388e-06	0.00010003	1.5963e-06	0.0023136	0.013364	0.01	0.01
0.0017604	0.0099877	0.0099877	1.7124e-06	9.9793e-05	1.601e-06	0.0023101	0.013352	0.01	0.01
0.001761	0.0099877	0.0099877	1.6977e-06	9.957e-05	1.6113e-06	0.0023067	0.01334	0.01	0.01
0.0017616	0.0099877	0.0099877	1.6779e-06	9.934e-05	1.6139e-06	0.0023033	0.013327	0.01	0.01
0.0017621	0.0099877	0.0099877	1.6529e-06	9.9103e-05	1.6086e-06	0.0022998	0.013315	0.01	0.01
0.0017627	0.0099877	0.0099877	1.6383e-06	9.8874e-05	1.6081e-06	0.0022965	0.013303	0.01	0.01
0.0017633	0.0099877	0.0099877	1.6186e-06	9.8637e-05	1.5998e-06	0.0022931	0.013291	0.01	0.01
0.0017639	0.0099877	0.0099877	1.6092e-06	9.8409e-05	1.5964e-06	0.0022898	0.013279	0.01	0.01
0.0017645	0.0099877	0.0099877	1.5945e-06	9.8173e-05	1.585e-06	0.0022865	0.013267	0.01	0.01
0.0017651	0.0099877	0.0099877	1.5739e-06	9.793e-05	1.5651e-06	0.0022831	0.013255	0.01	0.01
0.0017657	0.0099877	0.0099877	1.5462e-06	9.7678e-05	1.5359e-06	0.0022797	0.013242	0.01	0.01
0.0017662	0.0099877	0.0099877	1.5114e-06	9.7414e-05	1.4949e-06	0.0022762	0.01323	0.01	0.01
0.0017666	0.0099877	0.0099877	1.4989e-06	9.7167e-05	1.4696e-06	0.0022727	0.013218	0.01	0.01
0.0017671	0.0099877	0.0099877	1.4765e-06	9.6908e-05	1.4325e-06	0.0022692	0.013206	0.01	0.01
0.0017676	0.0099877	0.0099877	1.3259e-06	9.6664e-05	1.4071e-06	0.0022657	0.013194	0.01	0.01
0.0017681	0.0099877	0.0099877	1.157e-06	9.6409e-05	1.3699e-06	0.0022622	0.013181	0.01	0.01
0.0017685	0.0099877	0.0099877	9.6851e-07	9.6142e-05	1.321e-06	0.0022587	0.013169	0.01	0.01
0.001769	0.0099877	0.0099877	8.2038e-07	9.5889e-05	1.2829e-06	0.0022552	0.013157	0.01	0.01
0.0017695	0.0099877	0.0099877	6.542e-07	9.5625e-05	1.2333e-06	0.0022517	0.013145	0.01	0.01
0.00177	0.0099877	0.0099877	5.2289e-07	9.5376e-05	1.1938e-06	0.0022484	0.013133	0.01	0.01
0.0017705	0.0099877	0.0099877	3.7608e-07	9.5115e-05	1.1457e-06	0.002245	0.013121	0.01	0.01
0.0017711	0.0099877	0.0099877	2.6137e-07	9.487e-05	1.1083e-06	0.0022417	0.013109	0.01	0.01
0.0017717	0.0099877	0.0099877	1.7145e-07	9.4641e-05	1.0809e-06	0.0022386	0.013097	0.01	0.01
0.0017723	0.0099877	0.0099877	1.6968e-07	9.44e-05	1.0425e-06	0.0022354	0.013085	0.01	0.01
0.001773	0.0099877	0.0099877	1.6286e-07	9.4176e-05	9.9309e-07	0.0022324	0.013074	0.01	0.01
0.0017738	0.0099877	0.0099877	1.6027e-07	9.3965e-05	9.5245e-07	0.0022294	0.013062	0.01	0.01
0.0017745	0.0099877	0.0099877	1.6211e-07	9.3743e-05	9.217e-07	0.0022265	0.013051	0.01	0.01
0.0017752	0.0099877	0.0099877	1.5927e-07	9.351e-05	8.804e-07	0.0022234	0.013039	0.01	0.01
0.001776	0.0099877	0.0099877	1.609e-07	9.3292e-05	8.476e-07	0.0022205	0.013028	0.01	0.01
0.0017768	0.0099877	0.0099877	1.5785e-07	9.3089e-05	8.0439e-07	0.0022178	0.013017	0.01	0.01
0.0017777	0.0099877	0.0099877	1.4793e-07	9.2899e-05	7.693e-07	0.0022151	0.013006	0.01	0.01
0.0017787	0.0099877	0.0099877	1.4243e-07	9.2725e-05	7.415e-07	0.0022126	0.012995	0.01	0.01
0.0017797	0.0099877	0.0099877	1.4056e-07	9.2564e-05	7.1964e-07	0.0022103	0.012984	0.01	0.01
0.0017808	0.0099877	0.0099877	1.3423e-07	9.2392e-05	6.8803e-07	0.0022078	0.012973	0.01	0.01
0.0017819	0.0099877	0.0099877	1.3141e-07	9.2234e-05	6.6214e-07	0.0022055	0.012963	0.01	0.01
0.0017829	0.0099877	0.0099877	1.2414e-07	9.2065e-05	6.2651e-07	0.0022031	0.012952	0.01	0.01
0.001784	0.0099877	0.0099877	1.1222e-07	9.1911e-05	7.8742e-07	0.0022009	0.012941	0.01	0.01
0.0017853	0.0099877	0.0099877	1.0436e-07	9.1772e-05	9.7133e-07	0.0021988	0.012931	0.01	0.01
0.0017864	0.0099877	0.0099877	9.1586e-08	9.1622e-05	1.1385e-06	0.0021966	0.01292	0.01	0.01
0.0017876	0.0099877	0.0099877	7.4243e-08	9.1461e-05	1.2908e-06	0.0021944	0.01291	0.01	0.01
0.0017888	0.0099877	0.0099877	6.0347e-08	9.1314e-05	1.4629e-06	0.0021923	0.0129	0.01	0.01
0.0017899	0.0099877	0.0099877	4.2086e-08	9.1155e-05	1.6194e-06	0.0021902	0.012889	0.01	0.01
0.0017912	0.0099877	0.0099877	2.7587e-08	9.1011e-05	1.7606e-06	0.0021882	0.012879	0.01	0.01
0.0017924	0.0099877	0.0099877	3.5252e-08	9.0882e-05	1.8869e-06	0.0021861	0.012869	0.01	0.01
0.0017936	0.0099877	0.0099877	3.744e-08	9.0741e-05	1.9984e-06	0.002184	0.012858	0.01	0.01
0.0017947	0.0099877	0.0099877	3.6222e-08	9.0589e-05	2.0959e-06	0.0021818	0.012848	0.01	0.01
0.0017959	0.0099877	0.0099877	3.5959e-08	9.0452e-05	2.2127e-06	0.0021798	0.012838	0.01	0.01
0.0017972	0.0099877	0.0099877	3.2303e-08	9.0304e-05	2.315e-06	0.0021778	0.012828	0.01	0.01
0.0017985	0.0099877	0.0099877	2.947e-08	9.017e-05	2.4375e-06	0.002176	0.012818	0.01	0.01
0.0017999	0.0099877	0.0099877	2.7282e-08	9.0025e-05	2.5822e-06	0.0021742	0.012808	0.01	0.01
0.0018011	0.0099877	0.0099877	2.1849e-08	8.987e-05	2.7117e-06	0.0021723	0.012798	0.01	0.01
0.0018024	0.0099877	0.0099877	3.4749e-08	8.9704e-05	2.8259e-06	0.0021703	0.012788	0.01	0.01
0.0018037	0.0099877	0.0099877	4.977e-08	8.9551e-05	2.9621e-06	0.0021685	0.012778	0.01	0.01
0.0018051	0.0099877	0.0099877	6.0981e-08	8.9412e-05	4.2144e-06	0.0021668	0.012768	0.01	0.01
0.0018066	0.0099877	0.0099877	7.3647e-08	8.9283e-05	5.5909e-06	0.0021651	0.012758	0.01	0.01
0.0018081	0.0099877	0.0099877	8.7765e-08	8.9162e-05	7.09e-06	0.0021636	0.012749	0.01	0.01
0.0018095	0.0099877	0.0099877	9.8801e-08	8.9034e-05	8.5561e-06	0.002162	0.012739	0.01	0.01
0.0018111	0.0099877	0.0099877	1.1105e-07	8.8912e-05	1.0137e-05	0.0021605	0.01273	0.01	0.01
0.0018126	0.0099877	0.0099877	1.2475e-07	8.8798e-05	1.184e-05	0.0021591	0.01272	0.01	0.01
0.0018142	0.0099877	0.0099877	1.3529e-07	8.8676e-05	1.3507e-05	0.0021577	0.012711	0.01	0.01
0.0018157	0.0099878	0.0099878	1.4277e-07	8.8548e-05	1.5142e-05	0.0021562	0.012701	0.01	0.01
0.0018173	0.0099878	0.0099878	1.5172e-07	8.8427e-05	1.6903e-05	0.0021548	0.012692	0.01	0.01
0.0018188	0.0099878	0.0099878	1.576e-07	8.8299e-05	1.8629e-05	0.0021534	0.012683	0.01	0.01
0.0018204	0.0099878	0.0099878	1.6041e-07	8.8164e-05	2.0323e-05	0.0021519	0.012673	0.01	0.01
0.001822	0.0099878	0.0099878	1.6502e-07	8.8037e-05	2.2158e-05	0.0021506	0.012664	0.01	0.01
0.0018235	0.0099878	0.0099878	1.6654e-07	8.7903e-05	2.3957e-05	0.0021492	0.012655	0.01	0.01
0.0018251	0.0099878	0.0099878	1.6992e-07	8.7776e-05	2.5906e-05	0.0021478	0.012646	0.01	0.01
0.0018268	0.0099878	0.0099878	1.7496e-07	8.7655e-05	2.8006e-05	0.0021464	0.012637	0.01	0.01
0.0018285	0.0099878	0.0099878	1.8177e-07	8.7541e-05	3.027e-05	0.002145	0.012628	0.01	0.01
0.0018302	0.0099878	0.0099878	1.8545e-07	8.742e-05	3.2492e-05	0.0021436	0.012619	0.01	0.01
0.0018318	0.0099878	0.0099878	1.8598e-07	8.7293e-05	3.4672e-05	0.0021422	0.01261	0.01	0.01
0.0018335	0.0099878	0.0099878	1.883e-07	8.7172e-05	3.7022e-05	0.0021408	0.012601	0.01	0.01
0.0018352	0.0099878	0.0099878	1.875e-07	8.7044e-05	3.9329e-05	0.0021395	0.012592	0.01	0.01
0.0018369	0.0099878	0.0099878	1.8878e-07	8.6923e-05	4.183e-05	0.0021382	0.012583	0.01	0.01
0.0018387	0.0099878	0.0099878	1.9189e-07	8.6809e-05	4.4108e-05	0.0021369	0.012574	0.01	0.01
0.0018405	0.0099878	0.0099878	1.9186e-07	8.6688e-05	4.6344e-05	0.0021357	0.012565	0.01	0.01
0.0018422	0.0099878	0.0099878	1.8868e-07	8.6561e-05	4.8539e-05	0.0021344	0.012556	0.01	0.01
0.0018439	0.0099878	0.0099878	1.8233e-07	8.6427e-05	5.0691e-05	0.0021331	0.012548	0.01	0.01
0.0018457	0.0099878	0.0099878	1.7835e-07	8.6286e-05	5.2801e-05	0.0021319	0.012539	0.01	0.01
0.0018475	0.0099878	0.0099878	1.7677e-07	8.6152e-05	5.6336e-05	0.0021307	0.01253	0.01	0.01
0.0018493	0.0099878	0.0099878	1.7207e-07	8.6012e-05	5.9809e-05	0.0021295	0.012522	0.01	0.01
0.0018511	0.0099878	0.0099878	1.6904e-07	8.5878e-05	6.3553e-05	0.0021284	0.012513	0.01	0.01
0.001853	0.0099878	0.0099878	1.6762e-07	8.575e-05	6.7587e-05	0.0021274	0.012505	0.01	0.01
0.0018549	0.0099878	0.0099878	1.6311e-07	8.5615e-05	7.1554e-05	0.0021263	0.012496	0.01	0.01
0.0018568	0.0099878	0.0099878	1.6042e-07	8.5488e-05	7.585e-05	0.0021253	0.012488	0.01	0.01
0.0018587	0.0099878	0.0099878	1.5949e-07	8.5367e-05	8.0505e-05	0.0021244	0.012479	0.01	0.01
0.0018606	0.0099878	0.0099878	1.555e-07	8.524e-05	8.5082e-05	0.0021235	0.012471	0.01	0.01
0.0018626	0.0099878	0.0099878	1.5323e-07	8.512e-05	9.004e-05	0.0021226	0.012463	0.01	0.01
0.0018647	0.0099878	0.0099878	1.5235e-07	8.5006e-05	9.5382e-05	0.0021218	0.012455	0.01	0.01
0.0018667	0.0099878	0.0099878	1.5286e-07	8.4897e-05	0.00010114	0.0021211	0.012447	0.01	0.01
0.0018688	0.0099878	0.0099878	1.5032e-07	8.4783e-05	0.0001068	0.0021204	0.012439	0.01	0.01
0.0018708	0.0099878	0.0099878	1.4472e-07	8.4662e-05	0.00011236	0.0021196	0.012431	0.01	0.01
0.0018729	0.0099878	0.0099878	1.4051e-07	8.4547e-05	0.00011324	0.0021189	0.012423	0.01	0.01
0.0018749	0.0099878	0.0099878	1.3324e-07	8.4425e-05	0.00011409	0.0021182	0.012415	0.01	0.01
0.001877	0.0099878	0.0099878	1.2727e-07	8.4309e-05	0.00011504	0.0021175	0.012407	0.01	0.01
0.0018791	0.0099878	0.0099878	1.1827e-07	8.4187e-05	0.00011596	0.0021165	0.012399	0.01	0.01
0.0018812	0.0099878	0.0099878	1.1044e-07	8.4071e-05	0.00011699	0.0021155	0.012391	0.01	0.01
0.0018834	0.0099878	0.0099878	9.9619e-08	8.3949e-05	0.00011799	0.0021146	0.012383	0.01	0.01
0.0018855	0.0099878	0.0099878	8.9824e-08	8.3832e-05	0.00011698	0.0021137	0.012375	0.01	0.01
0.0018876	0.0099878	0.0099878	7.7084e-08	8.371e-05	0.00011593	0.0021127	0.012367	0.01	0.01
0.0018898	0.0099878	0.0099878	6.1389e-08	8.358e-05	0.00011486	0.0021118	0.01236	0.01	0.01
0.0018919	0.0099878	0.0099878	4.7439e-08	8.3458e-05	0.00011376	0.0021109	0.012352	0.01	0.01
0.0018941	0.0099878	0.0099878	3.4017e-08	8.3341e-05	0.00011277	0.0021101	0.012344	0.01	0.01
0.0018963	0.0099878	0.0099878	1.7751e-08	8.3218e-05	0.00011174	0.0021093	0.012337	0.01	0.01
0.0018985	0.0099879	0.0099879	2.4974e-08	8.3088e-05	0.00011069	0.0021084	0.012329	0.01	0.01
0.0019007	0.0099879	0.0099879	3.1841e-08	8.2965e-05	0.00010975	0.0021077	0.012322	0.01	0.01
0.001903	0.0099879	0.0099879	3.8508e-08	8.2849e-05	0.00010892	0.002107	0.012314	0.01	0.01
0.0019052	0.0099879	0.0099879	4.2486e-08	8.2726e-05	0.00010806	0.0021062	0.012307	0.01	0.01
0.0019075	0.0099879	0.0099879	4.6214e-08	8.2609e-05	0.0001073	0.0021056	0.012299	0.01	0.01
0.0019098	0.0099879	0.0099879	4.7239e-08	8.2486e-05	0.00010651	0.0021049	0.012292	0.01	0.01
0.0019121	0.0099879	0.0099879	4.8188e-08	8.237e-05	0.00010582	0.0021043	0.012284	0.01	0.01
0.0019144	0.0099879	0.0099879	4.6439e-08	8.2247e-05	0.0001051	0.0021037	0.012277	0.01	0.01
0.0019168	0.0099879	0.0099879	4.4609e-08	8.213e-05	0.00010448	0.0021031	0.01227	0.01	0.01
0.0019191	0.0099879	0.0099879	4.0083e-08	8.2007e-05	0.00010384	0.0021025	0.012263	0.01	0.01
0.0019214	0.0099879	0.0099879	3.285e-08	8.1878e-05	0.00010316	0.0021019	0.012255	0.01	0.01
0.0019237	0.0099879	0.0099879	2.2884e-08	8.1742e-05	0.00010247	0.0021013	0.012248	0.01	0.01
0.001926	0.0099879	0.0099879	1.0116e-08	8.1599e-05	0.00010174	0.0021007	0.012241	0.01	0.01
0.0019283	0.0099879	0.0099879	1.4413e-08	8.1449e-05	0.00010099	0.0021	0.012233	0.01	0.01
0.0019306	0.0099879	0.0099879	1.792e-08	8.1306e-05	0.00010033	0.0020994	0.012226	0.01	0.01
0.0019329	0.0099879	0.0099879	2.0642e-08	8.117e-05	9.9778e-05	0.0020989	0.012219	0.01	0.01
0.0019353	0.0099879	0.0099879	2.0686e-08	8.1027e-05	9.919e-05	0.0020983	0.012212	0.01	0.01
0.0019376	0.0099879	0.0099879	2.0123e-08	8.0892e-05	9.8702e-05	0.0020979	0.012205	0.01	0.01
0.00194	0.0099879	0.0099879	1.6641e-08	8.0747e-05	9.8168e-05	0.0020974	0.012198	0.01	0.01
0.0019424	0.0099879	0.0099879	1.2972e-08	8.0614e-05	9.7763e-05	0.002097	0.012191	0.01	0.01
0.001945	0.0099879	0.0099879	9.1042e-09	8.0495e-05	9.7492e-05	0.0020967	0.012184	0.01	0.01
0.0019474	0.0099879	0.0099879	1.379e-08	8.0364e-05	9.7165e-05	0.0020963	0.012177	0.01	0.01
0.0019499	0.0099879	0.0099879	1.5488e-08	8.0223e-05	9.6783e-05	0.002096	0.01217	0.01	0.01
0.0019524	0.0099879	0.0099879	1.6896e-08	8.0095e-05	9.6528e-05	0.0020957	0.012163	0.01	0.01
0.0019549	0.0099879	0.0099879	1.5271e-08	7.9955e-05	9.6218e-05	0.0020954	0.012156	0.01	0.01
0.0019573	0.0099879	0.0099879	2.642e-08	7.9805e-05	9.6175e-05	0.002095	0.01215	0.01	0.01
0.0019597	0.0099879	0.0099879	2.282e-08	7.9669e-05	9.6262e-05	0.0020946	0.012143	0.01	0.01
0.001962	0.0099879	0.0099879	3.47e-08	7.9521e-05	9.6292e-05	0.0020941	0.012136	0.01	0.01
0.0019645	0.0099879	0.0099879	4.8489e-08	7.9386e-05	9.6445e-05	0.0020937	0.012129	0.01	0.01
0.0019669	0.0099879	0.0099879	5.836e-08	7.9241e-05	9.6544e-05	0.0020933	0.012123	0.01	0.01
0.0019692	0.009988	0.009988	6.3876e-08	7.9108e-05	9.659e-05	0.0020928	0.012116	0.01	0.01
0.0019716	0.009988	0.009988	7.1292e-08	7.8988e-05	9.6756e-05	0.0020925	0.012109	0.01	0.01
0.001974	0.009988	0.009988	7.5006e-08	7.8858e-05	9.6874e-05	0.002092	0.012103	0.01	0.01
0.0019764	0.009988	0.009988	7.511e-08	7.8718e-05	9.6946e-05	0.0020916	0.012096	0.01	0.01
0.0019788	0.009988	0.009988	7.7028e-08	7.859e-05	9.7135e-05	0.0020913	0.012089	0.01	0.01
0.0019812	0.009988	0.009988	7.5377e-08	7.8452e-05	9.728e-05	0.0020909	0.012083	0.01	0.01
0.0019837	0.009988	0.009988	7.556e-08	7.8326e-05	9.7543e-05	0.0020906	0.012076	0.01	0.01
0.0019861	0.009988	0.009988	7.175e-08	7.8211e-05	9.776e-05	0.0020903	0.01207	0.01	0.01
0.0019885	0.009988	0.009988	6.4238e-08	7.8087e-05	9.793e-05	0.0020899	0.012063	0.01	0.01
0.001991	0.009988	0.009988	5.8246e-08	7.7974e-05	9.8211e-05	0.0020896	0.012057	0.01	0.01
0.0019934	0.009988	0.009988	4.8863e-08	7.7852e-05	9.845e-05	0.0020893	0.01205	0.01	0.01
0.0019959	0.009988	0.009988	3.6077e-08	7.7721e-05	9.865e-05	0.002089	0.012044	0.01	0.01
0.0019982	0.009988	0.009988	5.2422e-08	7.7581e-05	9.8814e-05	0.0020886	0.012037	0.01	0.01
0.0020006	0.009988	0.009988	6.5426e-08	7.7434e-05	9.8943e-05	0.0020882	0.012031	0.01	0.01
0.0020029	0.009988	0.009988	7.518e-08	7.7279e-05	9.9041e-05	0.0020879	0.012024	0.01	0.01
0.0020053	0.009988	0.009988	8.192e-08	7.7118e-05	9.9114e-05	0.0020875	0.012018	0.01	0.01
0.0020076	0.009988	0.009988	8.9345e-08	7.6962e-05	9.9261e-05	0.0020873	0.012011	0.01	0.01
0.00201	0.009988	0.009988	9.7547e-08	7.6812e-05	9.9483e-05	0.002087	0.012005	0.01	0.01
0.0020125	0.009988	0.009988	1.0666e-07	7.6667e-05	9.9779e-05	0.0020869	0.011998	0.01	0.01
0.0020149	0.009988	0.009988	1.1281e-07	7.6516e-05	0.00010005	0.0020867	0.011992	0.01	0.01
0.0020174	0.009988	0.009988	1.2022e-07	7.6372e-05	0.00010041	0.0020866	0.011986	0.01	0.01
0.0020199	0.009988	0.009988	1.2465e-07	7.6221e-05	0.00010074	0.0020865	0.01198	0.01	0.01
0.0020224	0.009988	0.009988	1.3044e-07	7.6076e-05	0.00010116	0.0020865	0.011973	0.01	0.01
0.0020249	0.009988	0.009988	1.3324e-07	7.5925e-05	0.00010155	0.0020864	0.011967	0.01	0.01
0.0020274	0.009988	0.009988	1.3306e-07	7.5767e-05	0.00010193	0.0020863	0.011961	0.01	0.01
0.0020299	0.0099881	0.0099881	1.3402e-07	7.5615e-05	0.00010238	0.0020863	0.011955	0.01	0.01
0.0020324	0.0099881	0.0099881	1.32e-07	7.5457e-05	0.0001028	0.0020862	0.011949	0.01	0.01
0.0020349	0.0099881	0.0099881	1.2698e-07	7.5292e-05	0.00010321	0.0020862	0.011942	0.01	0.01
0.0020374	0.0099881	0.0099881	1.1895e-07	7.512e-05	0.00010359	0.0020861	0.011936	0.01	0.01
0.0020399	0.0099881	0.0099881	1.1232e-07	7.4955e-05	0.00010406	0.0020861	0.01193	0.01	0.01
0.0020424	0.0099881	0.0099881	1.0265e-07	7.4784e-05	0.0001045	0.002086	0.011924	0.01	0.01
0.0020449	0.0099881	0.0099881	8.9874e-08	7.4605e-05	0.00010491	0.002086	0.011918	0.01	0.01
0.0020474	0.0099881	0.0099881	7.8573e-08	7.4434e-05	0.00010542	0.002086	0.011912	0.01	0.01
0.00205	0.0099881	0.0099881	6.2926e-08	7.4271e-05	0.00010589	0.0020861	0.011906	0.01	0.01
0.0020526	0.0099881	0.0099881	8.4172e-08	7.4099e-05	0.00010631	0.0020862	0.0119	0.01	0.01
0.0020553	0.0099881	0.0099881	1.1013e-07	7.3938e-05	0.00010686	0.0020863	0.011894	0.01	0.01
0.0020579	0.0099881	0.0099881	1.3032e-07	7.3768e-05	0.00010735	0.0020865	0.011888	0.01	0.01
0.0020604	0.0099881	0.0099881	1.4585e-07	7.3609e-05	0.00010776	0.0020865	0.011882	0.01	0.01
0.0020631	0.0099881	0.0099881	1.6594e-07	7.3462e-05	0.0001083	0.0020867	0.011877	0.01	0.01
0.0020656	0.0099881	0.0099881	1.8162e-07	7.3325e-05	0.0001088	0.0020869	0.011871	0.01	0.01
0.002068	0.0099881	0.0099881	1.9353e-07	7.3181e-05	0.00010926	0.002087	0.011865	0.01	0.01
0.0020705	0.0099881	0.0099881	2.0827e-07	7.3043e-05	0.00010981	0.0020872	0.011859	0.01	0.01
0.002073	0.0099881	0.0099881	2.1946e-07	7.2898e-05	0.00011034	0.0020873	0.011853	0.01	0.01
0.0020756	0.0099881	0.0099881	2.3332e-07	7.2759e-05	0.00011095	0.0020876	0.011848	0.01	0.01
0.0020782	0.0099881	0.0099881	2.5006e-07	7.2625e-05	0.00011166	0.0020879	0.011842	0.01	0.01
0.0020808	0.0099881	0.0099881	2.6336e-07	7.2497e-05	0.00011235	0.0020882	0.011837	0.01	0.01
0.0020835	0.0099881	0.0099881	2.7969e-07	7.2374e-05	0.00011312	0.0020887	0.011831	0.01	0.01
0.0020862	0.0099882	0.0099882	2.9934e-07	7.2257e-05	0.000114	0.0020892	0.011826	0.01	0.01
0.002089	0.0099882	0.0099882	3.2313e-07	7.2146e-05	0.00011498	0.0020897	0.01182	0.01	0.01
0.0020918	0.0099882	0.0099882	3.4327e-07	7.2028e-05	0.00011594	0.0020904	0.011815	0.01	0.01
0.0020946	0.0099882	0.0099882	3.6793e-07	7.1916e-05	0.00011701	0.0020911	0.01181	0.01	0.01
0.0020974	0.0099882	0.0099882	3.8891e-07	7.1798e-05	0.00011806	0.0020918	0.011805	0.01	0.01
0.0021002	0.0099882	0.0099882	4.0625e-07	7.1673e-05	0.00011907	0.0020925	0.011799	0.01	0.01
0.002103	0.0099882	0.0099882	4.2786e-07	7.1554e-05	0.0001202	0.0020932	0.011794	0.01	0.01
0.0021058	0.0099882	0.0099882	4.4577e-07	7.1428e-05	0.00012129	0.002094	0.011789	0.01	0.01
0.0021087	0.0099882	0.0099882	4.6876e-07	7.1308e-05	0.00012035	0.0020947	0.011784	0.01	0.01
0.0021116	0.0099882	0.0099882	4.9735e-07	7.1194e-05	0.00011951	0.0020956	0.011779	0.01	0.01
0.0021145	0.0099882	0.0099882	5.2205e-07	7.1073e-05	0.00011864	0.0020965	0.011774	0.01	0.01
0.0021174	0.0099882	0.0099882	5.429e-07	7.0946e-05	0.00011775	0.0020973	0.011769	0.01	0.01
0.0021203	0.0099882	0.0099882	5.6967e-07	7.0825e-05	0.00011697	0.0020982	0.011764	0.01	0.01
0.0021233	0.0099882	0.0099882	6.0235e-07	7.0709e-05	0.00011627	0.0020991	0.011759	0.01	0.01
0.0021263	0.0099882	0.0099882	6.3097e-07	7.0587e-05	0.00011556	0.0021001	0.011754	0.01	0.01
0.0021292	0.0099882	0.0099882	6.5558e-07	7.0458e-05	0.00011482	0.002101	0.011749	0.01	0.01
0.0021322	0.0099882	0.0099882	6.8642e-07	7.0334e-05	0.00011417	0.002102	0.011744	0.01	0.01
0.0021351	0.0099882	0.0099882	7.1311e-07	7.0204e-05	0.00011349	0.002103	0.01174	0.01	0.01
0.002138	0.0099882	0.0099882	7.4713e-07	7.008e-05	0.00011291	0.002104	0.011735	0.01	0.01
0.002141	0.0099882	0.0099882	7.7692e-07	6.9949e-05	0.00011231	0.002105	0.01173	0.01	0.01
0.0021439	0.0099883	0.0099883	8.1497e-07	6.9812e-05	0.00011179	0.002106	0.011725	0.01	0.01
0.0021469	0.0099883	0.0099883	8.6179e-07	6.9668e-05	0.00011137	0.0021071	0.011721	0.01	0.01
0.0021498	0.0099883	0.0099883	9.0408e-07	6.9518e-05	0.00011093	0.0021081	0.011716	0.01	0.01
0.0021528	0.0099883	0.0099883	8.3212e-07	6.9373e-05	0.00011057	0.0021092	0.011711	0.01	0.01
0.0021559	0.0099883	0.0099883	7.7048e-07	6.9233e-05	0.0001103	0.0021104	0.011707	0.01	0.01
0.002159	0.0099883	0.0099883	7.1798e-07	6.9099e-05	0.0001101	0.0021117	0.011702	0.01	0.01
0.0021621	0.0099883	0.0099883	6.6084e-07	6.8957e-05	0.00010988	0.0021129	0.011698	0.01	0.01
0.0021652	0.0099883	0.0099883	5.9901e-07	6.881e-05	0.00010963	0.0021141	0.011693	0.01	0.01
0.0021683	0.0099883	0.0099883	5.457e-07	6.8668e-05	0.00010947	0.0021154	0.011689	0.01	0.01
0.0021714	0.0099883	0.0099883	4.8793e-07	6.8519e-05	0.00010928	0.0021167	0.011684	0.01	0.01
0.0021745	0.0099883	0.0099883	4.3784e-07	6.8375e-05	0.00010917	0.002118	0.01168	0.01	0.01
0.0021777	0.0099883	0.0099883	3.8344e-07	6.8225e-05	0.00010903	0.0021193	0.011676	0.01	0.01
0.0021809	0.0099883	0.0099883	3.3601e-07	6.808e-05	0.00010898	0.0021207	0.011671	0.01	0.01
0.0021841	0.0099883	0.0099883	2.9463e-07	6.794e-05	0.000109	0.0021221	0.011667	0.01	0.01
0.0021873	0.0099883	0.0099883	2.4917e-07	6.7794e-05	0.000109	0.0021235	0.011663	0.01	0.01
0.0021906	0.0099883	0.0099883	2.0991e-07	6.7653e-05	0.00010908	0.002125	0.011659	0.01	0.01
0.0021939	0.0099883	0.0099883	1.7633e-07	6.752e-05	0.00010926	0.0021266	0.011655	0.01	0.01
0.0021972	0.0099884	0.0099884	1.3846e-07	6.7379e-05	0.00010941	0.0021281	0.011651	0.01	0.01
0.0022005	0.0099884	0.0099884	9.6126e-08	6.7231e-05	0.00010952	0.0021297	0.011647	0.01	0.01
0.0022039	0.0099884	0.0099884	5.9112e-08	6.7089e-05	0.00010973	0.0021313	0.011643	0.01	0.01
0.0022072	0.0099884	0.0099884	6.6532e-08	6.694e-05	0.0001099	0.0021328	0.011639	0.01	0.01
0.0022106	0.0099884	0.0099884	7.5565e-08	6.6799e-05	0.00011019	0.0021345	0.011635	0.01	0.01
0.002214	0.0099884	0.0099884	8.1085e-08	6.665e-05	0.00011044	0.0021361	0.011631	0.01	0.01
0.0022174	0.0099884	0.0099884	8.9332e-08	6.651e-05	0.0001108	0.0021379	0.011627	0.01	0.01
0.0022208	0.0099884	0.0099884	9.3775e-08	6.6361e-05	0.00011111	0.0021396	0.011623	0.01	0.01
0.0022242	0.0099884	0.0099884	9.4254e-08	6.6202e-05	0.00011135	0.0021412	0.011619	0.01	0.01
0.0022275	0.0099884	0.0099884	9.0851e-08	6.6034e-05	0.00011154	0.0021428	0.011615	0.01	0.01
0.0022308	0.0099884	0.0099884	8.3545e-08	6.5856e-05	0.00011167	0.0021444	0.011611	0.01	0.01
0.0022342	0.0099884	0.0099884	7.8764e-08	6.5689e-05	0.00011194	0.002146	0.011607	0.01	0.01
0.0022377	0.0099884	0.0099884	6.9857e-08	6.5533e-05	0.00011215	0.0021478	0.011604	0.01	0.01
0.0022412	0.0099884	0.0099884	6.3277e-08	6.5389e-05	0.0001125	0.0021497	0.0116	0.01	0.01
0.0022449	0.0099884	0.0099884	5.8658e-08	6.5255e-05	0.000113	0.0021517	0.011597	0.01	0.01
0.0022485	0.0099884	0.0099884	5.5778e-08	6.7418e-05	0.00011364	0.0021537	0.011593	0.01	0.01
0.0022521	0.0099885	0.0099885	4.9269e-08	6.9563e-05	0.00011421	0.0021557	0.011589	0.01	0.01
0.0022556	0.0099885	0.0099885	7.8138e-08	7.169e-05	0.00011473	0.0021575	0.011586	0.01	0.01
0.0022592	0.0099885	0.0099885	1.1271e-07	7.3853e-05	0.00011539	0.0021595	0.011582	0.01	0.01
0.0022628	0.0099885	0.0099885	1.421e-07	7.6e-05	0.000116	0.0021615	0.011579	0.01	0.01
0.0022665	0.0099885	0.0099885	1.7865e-07	7.8186e-05	0.00011676	0.0021635	0.011575	0.01	0.01
0.0022701	0.0099885	0.0099885	2.2351e-07	8.041e-05	0.00011767	0.0021656	0.011572	0.01	0.01
0.0022737	0.0099885	0.0099885	2.6223e-07	8.2616e-05	0.00011852	0.0021675	0.011569	0.01	0.01
0.0022774	0.0099885	0.0099885	3.1129e-07	8.4863e-05	0.00011955	0.0021696	0.011565	0.01	0.01
0.0022812	0.0099885	0.0099885	3.7338e-07	8.7152e-05	0.00012077	0.0021718	0.011562	0.01	0.01
0.0022849	0.0099885	0.0099885	4.2783e-07	8.9423e-05	0.00012191	0.002174	0.011559	0.01	0.01
0.0022887	0.0099885	0.0099885	4.9635e-07	9.1675e-05	0.00012325	0.0021763	0.011555	0.01	0.01
0.0022925	0.0099885	0.0099885	8.3726e-07	9.3907e-05	0.0001245	0.0021785	0.011552	0.01	0.01
0.0022964	0.0099885	0.0099885	1.2648e-06	9.6182e-05	0.00012597	0.0021808	0.011549	0.01	0.01
0.0023004	0.0099885	0.0099885	1.8021e-06	9.8501e-05	0.00012769	0.0021833	0.011546	0.01	0.01
0.0023044	0.0099885	0.0099885	2.4795e-06	0.00010086	0.00012966	0.0021859	0.011543	0.01	0.01
0.0023086	0.0099886	0.0099886	3.3375e-06	0.00010327	0.00013195	0.0021886	0.011541	0.01	0.01
0.0023129	0.0099886	0.0099886	4.4328e-06	0.00010573	0.00013459	0.0021915	0.011538	0.01	0.01
0.0023171	0.0099886	0.0099886	5.4337e-06	0.00010816	0.00013709	0.0021943	0.011536	0.01	0.01
0.0023214	0.0099886	0.0099886	6.346e-06	0.00011058	0.00013945	0.0021972	0.011533	0.01	0.01
0.0023257	0.0099886	0.0099886	7.5237e-06	0.00011304	0.0001422	0.0022001	0.011531	0.01	0.01
