Trachypithecus_francoisi	Theropithecus_gelada	Sapajus_apella	Saimiri_boliviensis	Rhinopithecus_roxellana	Rhinopithecus_bieti	Propithecus_coquereli	Prolemur_simus	Pongo_abelii	Piliocolobus_tephrosceles
0.00076562	0.00042433	0.00044744	6.0624e-05	0.0010928	0.0090234	0.00040693	0.00010625	0.0013024	0.004391
0.00076125	0.00042165	0.00044399	5.9127e-05	0.0010896	0.0090227	0.00039304	0.00010473	0.0013001	0.0043877
0.00075691	0.00041899	0.00044053	5.7628e-05	0.0010865	0.0090221	0.00038015	0.00010333	0.0012978	0.0043845
0.00075256	0.00041633	0.00043708	5.6128e-05	0.0010834	0.0090215	0.00036701	0.00010189	0.0012955	0.0043812
0.00074825	0.00041369	0.00043362	5.4626e-05	0.0010803	0.0090208	0.00035489	0.00010057	0.0012933	0.004378
0.00074398	0.00041106	0.00043015	5.3123e-05	0.0010773	0.0090202	0.00034363	9.9357e-05	0.0012912	0.0043748
0.00073969	0.00040843	0.00042668	5.1618e-05	0.0010742	0.0090196	0.00033217	9.8115e-05	0.001289	0.0043716
0.00073544	0.00040582	0.00042321	5.0112e-05	0.0010711	0.0090189	0.00032152	9.697e-05	0.0012869	0.0043685
0.00073118	0.00040321	0.00041974	4.8604e-05	0.001068	0.0090183	0.00031068	9.5801e-05	0.0012848	0.0043653
0.0007269	0.00040058	0.00041626	4.7095e-05	0.001065	0.0090177	0.00029963	9.4609e-05	0.0012826	0.0043621
0.00072261	0.00039795	0.00041278	4.5584e-05	0.0010619	0.009017	0.00028837	9.3392e-05	0.0012805	0.004359
0.00071836	0.00039534	0.00040929	4.4072e-05	0.0010588	0.0090164	0.00027797	9.2276e-05	0.0012784	0.0043558
0.00071414	0.00039275	0.0004058	4.2558e-05	0.0010557	0.0090158	0.00026836	9.1254e-05	0.0012764	0.0043527
0.00070997	0.00039018	0.00040231	4.1043e-05	0.0010527	0.0090152	0.0002595	9.0322e-05	0.0012745	0.0043496
0.00070584	0.00038763	0.00039882	3.9526e-05	0.0010497	0.0090146	0.00025132	8.9473e-05	0.0012726	0.0043466
0.00070169	0.00038507	0.00039532	3.8008e-05	0.0010467	0.009014	0.00024298	8.8605e-05	0.0012707	0.0043436
0.00069758	0.00038253	0.00039181	3.6488e-05	0.0010436	0.0090134	0.00023446	8.7716e-05	0.0012689	0.0043406
0.0006935	0.00038002	0.00038831	3.4967e-05	0.0010406	0.0090128	0.00022661	8.6908e-05	0.0012671	0.0043376
0.00068946	0.00037752	0.0003848	3.3444e-05	0.0010377	0.0090122	0.00021934	8.6173e-05	0.0012655	0.0043347
0.00068541	0.00037502	0.00038129	3.1919e-05	0.0010347	0.0090116	0.00021182	8.5418e-05	0.0012638	0.0043318
0.00068134	0.0003725	0.00037777	3.0393e-05	0.0010317	0.009011	0.00020413	8.4643e-05	0.001262	0.0043289
0.00067731	0.00037001	0.00037425	2.8866e-05	0.0010287	0.0090105	0.00019705	8.3944e-05	0.0012604	0.004326
0.00067327	0.00036751	0.00037072	2.7337e-05	0.0010257	0.0090099	0.00018982	8.3226e-05	0.0012587	0.0043231
0.00066921	0.000365	0.0003672	2.5806e-05	0.0010227	0.0090093	0.00018243	8.249e-05	0.001257	0.0043201
0.0006652	0.00036251	0.00036367	2.4274e-05	0.0010197	0.0090087	0.00017562	8.1826e-05	0.0012554	0.0043173
0.00066122	0.00036005	0.00036013	2.274e-05	0.0010168	0.0090082	0.00016936	8.1234e-05	0.0012539	0.0043144
0.00065722	0.00035757	0.00035659	2.1205e-05	0.0010138	0.0090076	0.00016294	8.0622e-05	0.0012523	0.0043116
0.00065321	0.00035509	0.00035305	1.9668e-05	0.0010108	0.009007	0.00015637	7.9991e-05	0.0012507	0.0043087
0.00064924	0.00035263	0.00034951	1.813e-05	0.0010079	0.0090064	0.00015036	7.9434e-05	0.0012492	0.0043059
0.00064525	0.00035015	0.00034596	1.659e-05	0.0010049	0.0090059	0.00014418	7.8854e-05	0.0012477	0.0043031
0.00064125	0.00034767	0.00034241	1.5049e-05	0.0010019	0.0090053	0.0001378	7.825e-05	0.0012461	0.0043002
0.00063722	0.00034518	0.00033892	1.3639e-05	0.00099891	0.0090047	0.00013205	7.773e-05	0.0012445	0.0042973
0.00063325	0.00034271	0.0003355	1.2346e-05	0.00099594	0.0090042	0.00012688	7.7289e-05	0.0012429	0.0042945
0.00062925	0.00034023	0.00033206	1.1013e-05	0.00099297	0.0090036	0.00012149	7.6818e-05	0.0012412	0.0042917
0.0006253	0.00033778	0.00032868	9.7912e-06	0.00099001	0.009003	0.00011663	7.6424e-05	0.0012397	0.0042889
0.00062133	0.00033531	0.00032528	8.5291e-06	0.00098704	0.0090025	0.00011156	7.6e-05	0.001238	0.0042861
0.00061741	0.00033288	0.00032194	7.3867e-06	0.00098409	0.0090019	0.00010707	7.5661e-05	0.0012365	0.0042833
0.00061355	0.00033041	0.0003187	6.3655e-06	0.00098118	0.0090014	0.00010318	7.3923e-05	0.0012352	0.0042807
0.00060976	0.00032798	0.00031552	5.4461e-06	0.00097829	0.0090009	9.9776e-05	7.238e-05	0.0012339	0.004278
0.00060602	0.00032557	0.00031232	4.4845e-06	0.00097542	0.0090004	9.6149e-05	7.076e-05	0.0012325	0.0042755
0.00060224	0.00032315	0.00030919	3.6207e-06	0.00097254	0.0089998	9.2197e-05	6.905e-05	0.0012311	0.0042729
0.00059844	0.00032072	0.00030602	2.7162e-06	0.00096965	0.0089993	8.7993e-05	6.7251e-05	0.0012297	0.0042703
0.0005947	0.00031831	0.00030293	1.903e-06	0.00096678	0.0089988	8.4313e-05	6.5661e-05	0.0012284	0.0042678
0.00059092	0.00031589	0.0002998	1.7978e-06	0.0009639	0.0089983	8.0394e-05	6.3989e-05	0.001227	0.0042652
0.00058721	0.0003135	0.00029664	1.6831e-06	0.00096104	0.0089978	7.6966e-05	6.2512e-05	0.0012258	0.0042627
0.00058346	0.00031109	0.00029344	1.5588e-06	0.00095817	0.0089973	7.3316e-05	6.0958e-05	0.0012245	0.0042602
0.00057968	0.00030867	0.0002902	1.4247e-06	0.00095528	0.0089968	6.9435e-05	5.9325e-05	0.0012231	0.0042576
0.00057588	0.00030623	0.00028693	1.2804e-06	0.00095238	0.0089962	6.5316e-05	5.761e-05	0.0012217	0.004255
0.00057213	0.00030382	0.00028374	1.1519e-06	0.0009495	0.0089957	6.173e-05	5.6106e-05	0.0012204	0.0042525
0.00056845	0.00030144	0.00028063	1.0377e-06	0.00094666	0.0089952	5.8618e-05	5.4791e-05	0.0012191	0.00425
0.00056482	0.0002991	0.0002776	9.3605e-07	0.00094384	0.0089947	5.5926e-05	5.3645e-05	0.0012177	0.0042477
0.00056125	0.00029679	0.00027465	8.4561e-07	0.00094105	0.0089943	5.3047e-05	5.2433e-05	0.0012164	0.0042454
0.00055774	0.00029452	0.00027178	7.6515e-07	0.00093828	0.0089938	4.9974e-05	5.1155e-05	0.0012153	0.0042431
0.00055429	0.00029227	0.00026898	6.9281e-07	0.00093555	0.0089934	4.728e-05	5.003e-05	0.0012141	0.0042409
0.00055081	0.00029001	0.00026614	6.132e-07	0.0009328	0.0089929	4.4404e-05	4.8845e-05	0.0012128	0.0042388
0.0005473	0.00028774	0.00026337	5.4517e-07	0.00093003	0.0089925	4.1908e-05	4.7812e-05	0.0012117	0.0042365
0.00054384	0.00028549	0.00026068	4.8342e-07	0.00092729	0.008992	3.9722e-05	4.6906e-05	0.0012107	0.0042344
0.00054036	0.00028323	0.00025795	4.1508e-07	0.00092454	0.0089916	3.7379e-05	4.5948e-05	0.0012096	0.0042322
0.00053685	0.00028095	0.00025529	3.5311e-07	0.00092177	0.0089911	3.4875e-05	4.4937e-05	0.0012085	0.0042299
0.00053338	0.0002787	0.00025269	2.9613e-07	0.00091902	0.0089907	3.2671e-05	4.4049e-05	0.0012075	0.0042278
0.00052998	0.00027647	0.00025016	2.435e-07	0.0009163	0.0089903	3.0736e-05	4.3272e-05	0.0012066	0.0042257
0.00052662	0.00027428	0.00024769	1.9462e-07	0.00091361	0.0089899	2.9043e-05	4.2597e-05	0.0012057	0.0042237
0.00052331	0.00027212	0.00024528	1.4944e-07	0.00091094	0.0089895	2.757e-05	4.2014e-05	0.001205	0.0042217
0.00051998	0.00026994	0.00024284	1.6914e-07	0.00090825	0.008989	2.597e-05	4.1389e-05	0.0012043	0.0042197
0.00051662	0.00026774	0.00024037	1.842e-07	0.00090555	0.0089886	2.5008e-05	4.1025e-05	0.0012035	0.0042177
0.00051322	0.00026553	0.00023788	1.9465e-07	0.00090284	0.0089882	2.3939e-05	4.0627e-05	0.0012028	0.0042156
0.0005098	0.0002633	0.00023535	2.0048e-07	0.00090011	0.0089878	2.2721e-05	4.019e-05	0.001202	0.0042135
0.00050635	0.00026105	0.00023288	2.074e-07	0.00089736	0.0089874	2.1701e-05	3.9834e-05	0.0012014	0.0042114
0.00050288	0.00025879	0.00023039	2.097e-07	0.0008946	0.0089869	2.0578e-05	3.9446e-05	0.0012007	0.0042093
0.00049945	0.00025656	0.00022795	2.1284e-07	0.00089186	0.0089865	1.9612e-05	3.913e-05	0.0012002	0.0042072
0.000496	0.00025431	0.00022549	2.1137e-07	0.00088911	0.0089861	1.8545e-05	3.881e-05	0.0011996	0.004205
0.00049259	0.00025209	0.00022308	2.1074e-07	0.00088639	0.0089856	1.7627e-05	3.8488e-05	0.001199	0.004203
0.00048916	0.00024985	0.00022065	2.0549e-07	0.00088364	0.0089852	1.6612e-05	3.8163e-05	0.0011985	0.0042009
0.00048578	0.00024764	0.00021818	1.9559e-07	0.00088093	0.0089848	1.5735e-05	3.7904e-05	0.001198	0.0041989
0.00048246	0.00024546	0.00021578	1.8652e-07	0.00087824	0.0089844	1.4982e-05	3.7707e-05	0.0011977	0.0041969
0.0004791	0.00024327	0.00021334	1.7286e-07	0.00087553	0.008984	1.4141e-05	3.7482e-05	0.0011973	0.004195
0.00047571	0.000241	0.00021096	1.6074e-07	0.00087281	0.0089836	1.3513e-05	3.6431e-05	0.001197	0.0041929
0.0004723	0.00023871	0.00020864	1.5006e-07	0.00087007	0.0089832	1.2818e-05	3.5313e-05	0.0011905	0.0041909
0.00046894	0.00023646	0.00020638	1.398e-07	0.00086736	0.0089828	1.2226e-05	3.4327e-05	0.0011842	0.0041889
0.00046555	0.00023418	0.00020418	1.3006e-07	0.00086463	0.0089824	1.1737e-05	3.3468e-05	0.0011779	0.0041869
0.00046213	0.0002319	0.00020194	1.1591e-07	0.00086189	0.0089819	1.117e-05	3.256e-05	0.0011714	0.0041849
0.00045876	0.00022963	0.00019968	1.6009e-07	0.00085917	0.0089815	1.0692e-05	3.1767e-05	0.0011649	0.0041829
0.00045536	0.00022736	0.00019739	1.99e-07	0.00085644	0.0089811	1.0139e-05	3.0929e-05	0.0011583	0.0041809
0.00045194	0.00022507	0.00019507	2.3272e-07	0.00085369	0.0089807	9.5101e-06	3.0044e-05	0.0011517	0.0041788
0.00044848	0.00022276	0.00019272	2.613e-07	0.00085093	0.0089803	8.8031e-06	2.911e-05	0.001145	0.0041768
0.000445	0.00022048	0.00019044	2.8347e-07	0.00084815	0.0089799	8.0168e-06	2.8127e-05	0.0011381	0.0041747
0.00044149	0.00021819	0.00018813	3.006e-07	0.00084536	0.0089794	7.1493e-06	2.7115e-05	0.0011313	0.0041725
0.00043795	0.00021588	0.00018579	3.1271e-07	0.00084255	0.008979	6.198e-06	2.6048e-05	0.0011243	0.0041703
0.00043447	0.0002136	0.00018351	3.2715e-07	0.00083977	0.0089786	5.3485e-06	2.5106e-05	0.0011175	0.0041682
0.00043103	0.00021134	0.00018128	2.8349e-07	0.00083701	0.0089781	5.6177e-06	2.4028e-05	0.001111	0.0041662
0.00042764	0.00020912	0.00017911	2.432e-07	0.00083427	0.0089777	5.936e-06	2.3075e-05	0.0011046	0.0041642
0.00042423	0.00020687	0.00017699	2.0578e-07	0.00083153	0.0089773	6.1924e-06	2.2071e-05	0.0010981	0.0041622
0.00042078	0.00020462	0.00017484	1.63e-07	0.00082876	0.0089769	6.364e-06	2.1997e-05	0.0010916	0.0041602
0.00041731	0.00020234	0.00017266	1.8683e-07	0.00082598	0.0089765	6.4745e-06	2.1902e-05	0.001085	0.0041581
0.00041381	0.00020005	0.00017045	2.0586e-07	0.00082319	0.0089761	6.5241e-06	2.1785e-05	0.0010785	0.004156
0.00041036	0.00019779	0.0001683	2.262e-07	0.00082042	0.0089757	6.6202e-06	2.171e-05	0.0010723	0.004154
0.00040696	0.00019555	0.0001662	2.4808e-07	0.00081767	0.0089753	6.6558e-06	2.1615e-05	0.0010663	0.004152
0.00040353	0.0001933	0.00016414	2.6474e-07	0.00081491	0.0089748	8.6899e-06	2.1498e-05	0.0010601	0.00415
0.00040015	0.00019108	0.00016207	2.7653e-07	0.00081217	0.0089745	1.0962e-05	2.1422e-05	0.0010542	0.0041481
0.00039674	0.00018884	0.00015996	2.8357e-07	0.00080942	0.008974	1.3102e-05	2.1327e-05	0.0010482	0.0041461
0.00039338	0.00018663	0.0001579	2.9187e-07	0.00080669	0.0089737	1.5487e-05	2.1272e-05	0.0010423	0.0041442
0.00039007	0.00018444	0.0001559	3.0179e-07	0.00080399	0.0089733	1.8168e-05	2.1257e-05	0.0010367	0.0041424
0.0003868	0.00018228	0.00015393	3.131e-07	0.0008013	0.0089729	2.1158e-05	2.1281e-05	0.0010311	0.0041406
0.00038357	0.00018014	0.00015201	3.2595e-07	0.00079864	0.0089726	2.4497e-05	2.1343e-05	0.0010258	0.0041389
0.00038039	0.00017802	0.00015013	3.4051e-07	0.00079601	0.0089722	2.8265e-05	2.1448e-05	0.0010206	0.0041373
0.00037719	0.0001759	0.00014823	3.5014e-07	0.00079335	0.0089719	3.1836e-05	2.1533e-05	0.0010153	0.0041356
0.00037395	0.00017375	0.00014638	3.6204e-07	0.00079069	0.0089715	3.5146e-05	2.1597e-05	0.00101	0.0041339
0.00037077	0.00017164	0.00014456	3.7604e-07	0.00078805	0.0089712	3.8874e-05	2.1703e-05	0.0010048	0.0041323
0.00036755	0.0001695	0.00014273	3.849e-07	0.00078539	0.0089709	4.2391e-05	2.1786e-05	0.00099955	0.0041306
0.00036439	0.0001674	0.00014094	3.9637e-07	0.00078276	0.0089705	4.6433e-05	2.1915e-05	0.00098089	0.004129
0.00036127	0.00016531	0.00013919	4.102e-07	0.00078015	0.0089702	5.0992e-05	2.2088e-05	0.00096268	0.0041274
0.00035819	0.00016326	0.00013749	4.2694e-07	0.00077756	0.0089699	5.8765e-05	2.1915e-05	0.00094493	0.004126
0.00035509	0.00016119	0.00013576	4.3847e-07	0.00077496	0.0089696	6.6165e-05	2.172e-05	0.00092702	0.0041245
0.00035204	0.00015914	0.00013408	4.529e-07	0.00077239	0.0089693	7.4546e-05	2.1573e-05	0.00090957	0.004123
0.00034903	0.00015712	0.00013243	4.7042e-07	0.00076984	0.008969	8.4039e-05	2.147e-05	0.00089257	0.0041217
0.00034606	0.00015513	0.00013083	4.9128e-07	0.00076731	0.0089687	9.48e-05	2.1411e-05	0.00087601	0.0041204
0.00034314	0.00015316	0.00012928	5.1582e-07	0.00076481	0.0089685	0.00010701	2.1395e-05	0.00085989	0.0041192
0.0003402	0.00015117	0.00012769	5.3473e-07	0.00076229	0.0089682	0.00012138	2.0925e-05	0.00084362	0.0041179
0.00033722	0.00014921	0.00012615	5.5771e-07	0.00075976	0.008968	0.0001458	1.9738e-05	0.00082776	0.0041166
0.00033429	0.00014727	0.00012459	5.7496e-07	0.00075725	0.0089677	0.00016898	1.972e-05	0.0008123	0.0041154
0.00033141	0.00014535	0.00012306	5.9594e-07	0.00075476	0.0089675	0.00019514	1.9742e-05	0.00079724	0.0041142
0.00032849	0.00014342	0.00012157	5.4002e-07	0.00075226	0.0089672	0.00022467	1.9804e-05	0.00078203	0.004113
0.00032562	0.00014151	0.00012012	4.9011e-07	0.00074978	0.008967	0.00025799	1.9907e-05	0.00076723	0.0041119
0.00032279	0.00013958	0.00011871	4.4495e-07	0.00074732	0.0089667	0.00029556	2.0052e-05	0.0007528	0.0041108
0.00032	0.00013767	0.00011733	4.0397e-07	0.00074489	0.0089665	0.00033791	2.0241e-05	0.00073873	0.0041098
0.00031719	0.00013575	0.00011593	3.5716e-07	0.00074244	0.0089663	0.00037834	2.0408e-05	0.00072453	0.0041088
0.00031435	0.00013381	0.00011451	3.0444e-07	0.00073998	0.0089661	0.00041692	2.0553e-05	0.0007102	0.0041078
0.00031155	0.0001319	0.00011312	2.5625e-07	0.00073754	0.0089659	0.00046077	2.0746e-05	0.00069625	0.0041068
0.00030873	0.00012997	0.00011171	2.0233e-07	0.00073508	0.0089657	0.00050265	2.0917e-05	0.00068217	0.0041057
0.00030588	0.00012803	0.00011028	2.2564e-07	0.00073261	0.0089654	0.00054261	2.1067e-05	0.00066796	0.0041047
0.00030301	0.00012611	0.00010882	2.5182e-07	0.00073013	0.0089652	0.00059499	2.1079e-05	0.00065361	0.0041036
0.00030011	0.00012418	0.00010734	2.7298e-07	0.00072763	0.008965	0.00064487	2.107e-05	0.00063913	0.0041025
0.00029726	0.00012227	0.00010589	2.9604e-07	0.00072516	0.0089648	0.0007011	2.1102e-05	0.000625	0.0041014
0.00029444	0.00012038	0.00010447	3.2123e-07	0.0007227	0.0089646	0.00076445	2.1175e-05	0.00061123	0.0041005
0.00029166	0.00011851	0.00010309	3.4883e-07	0.00072027	0.0089644	0.00082313	2.1221e-05	0.0005978	0.0040995
0.00028892	0.00011667	0.00010174	3.795e-07	0.00071786	0.0089642	0.00087909	2.1241e-05	0.00058472	0.0040987
0.0002862	0.00011486	0.00010042	4.1206e-07	0.00071546	0.008964	0.00094072	2.1294e-05	0.00057191	0.0040979
0.00028352	0.00011306	9.912e-05	4.4662e-07	0.00071308	0.0089638	0.0010085	2.138e-05	0.00055935	0.0040971
0.00028086	0.00011127	9.7842e-05	4.8289e-07	0.00071072	0.0089637	0.0010823	2.1494e-05	0.00054702	0.0040964
0.00027823	0.00010949	9.6583e-05	5.2101e-07	0.00070837	0.0089635	0.0011626	2.1638e-05	0.0005349	0.0040957
0.00027562	0.00010773	9.5345e-05	5.6157e-07	0.00070603	0.0089634	0.0012506	2.1815e-05	0.00052302	0.0040951
0.00027299	0.00010596	9.4094e-05	5.9758e-07	0.00070369	0.0089633	0.0013364	2.1979e-05	0.00051108	0.0040945
0.00027039	0.0001042	9.2865e-05	6.363e-07	0.00070136	0.0089631	0.0014202	2.2129e-05	0.00049937	0.0040939
0.00026782	0.00010245	9.1656e-05	6.78e-07	0.00069904	0.008963	0.001512	2.2314e-05	0.00048788	0.0040933
0.00026523	0.0001007	9.0434e-05	7.1499e-07	0.00069671	0.0089629	0.0016017	2.2485e-05	0.00047633	0.0040928
0.00026266	9.8961e-05	8.9231e-05	7.5487e-07	0.0006944	0.0089628	0.001689	2.2643e-05	0.000465	0.0040923
0.00026012	9.7233e-05	8.8047e-05	7.9797e-07	0.0006921	0.0089627	0.0017844	2.2833e-05	0.00045387	0.0040918
0.00025756	9.5495e-05	8.6849e-05	8.3602e-07	0.0006898	0.0089626	0.0018773	2.3009e-05	0.00044269	0.0040913
0.00025498	9.3747e-05	8.5636e-05	8.688e-07	0.00068748	0.0089625	0.0019673	2.3168e-05	0.00043143	0.0040908
0.00025239	9.1987e-05	8.4405e-05	8.9569e-07	0.00068514	0.0089623	0.0020538	2.3309e-05	0.00042008	0.0040903
0.00024983	9.0247e-05	8.324e-05	9.287e-07	0.00068283	0.0089622	0.0021362	2.3421e-05	0.00040904	0.0040898
0.0002473	8.8529e-05	8.2102e-05	9.6764e-07	0.00068055	0.0089621	0.0022295	2.3031e-05	0.00039789	0.0040894
0.00024481	8.6827e-05	8.0987e-05	1.0118e-06	0.00067828	0.0089621	0.0023332	2.2693e-05	0.00038698	0.004089
0.00024229	8.5113e-05	7.9857e-05	1.0502e-06	0.00067599	0.008962	0.0024319	2.2334e-05	0.000376	0.0040887
0.00023976	8.3391e-05	7.8712e-05	1.0834e-06	0.0006737	0.0089619	0.0025282	2.1957e-05	0.00036496	0.0040883
0.00023726	8.1681e-05	7.7587e-05	1.1211e-06	0.00067143	0.0089618	0.0026337	2.1625e-05	0.00035413	0.0040879
0.00023478	7.9963e-05	7.6448e-05	1.1536e-06	0.00066916	0.0089617	0.0027367	2.1277e-05	0.00034325	0.0040876
0.00023228	7.8235e-05	7.5297e-05	1.1811e-06	0.00066689	0.0089617	0.0028376	2.0914e-05	0.00033232	0.0040872
0.00022981	7.652e-05	7.4164e-05	1.2129e-06	0.00066463	0.0089616	0.0029476	2.0591e-05	0.00032159	0.0040868
0.00022732	7.4796e-05	7.3018e-05	1.2397e-06	0.00066237	0.0089615	0.0030553	2.0254e-05	0.00031082	0.0040865
0.00022482	7.3064e-05	7.1859e-05	1.2615e-06	0.00066009	0.0089614	0.0031608	1.9903e-05	0.00029999	0.0040861
0.00022233	7.1342e-05	7.0717e-05	1.2872e-06	0.00065782	0.0089614	0.0032752	1.9588e-05	0.00028935	0.0040858
0.00021984	6.9612e-05	6.9562e-05	1.3078e-06	0.00065555	0.0089613	0.0033871	1.9259e-05	0.00027866	0.0040855
0.00021732	6.7872e-05	6.8393e-05	1.323e-06	0.00065327	0.0089613	0.0034964	1.8913e-05	0.00026791	0.0040851
0.00021484	6.6147e-05	6.7246e-05	1.344e-06	0.000651	0.0089612	0.0035222	1.8614e-05	0.00025739	0.0040848
0.00021233	6.4411e-05	6.6083e-05	1.3588e-06	0.00064872	0.0089611	0.003523	1.8359e-05	0.0002468	0.0040844
0.00020986	6.2691e-05	6.4944e-05	1.3803e-06	0.00064646	0.0089611	0.0035254	1.8148e-05	0.00023646	0.0040842
0.00021207	6.096e-05	6.383e-05	1.4087e-06	0.00064419	0.008961	0.0035273	1.7919e-05	0.00022604	0.0040839
0.00021426	5.9218e-05	6.2699e-05	1.4309e-06	0.0006419	0.008961	0.0035287	1.7671e-05	0.00021553	0.0040835
0.00021644	5.7465e-05	6.1552e-05	1.4468e-06	0.00063961	0.0089609	0.0035295	1.7405e-05	0.00020495	0.0040832
0.00021864	5.5727e-05	6.0428e-05	1.4693e-06	0.00063733	0.0089608	0.0035318	1.7181e-05	0.00019462	0.0040829
0.00022087	5.4004e-05	5.9324e-05	1.4979e-06	0.00063506	0.0089608	0.0035337	1.6934e-05	0.0001845	0.0040827
0.00022308	5.2269e-05	5.8204e-05	1.5203e-06	0.00063279	0.0089607	0.0035349	1.667e-05	0.0001743	0.0040824
0.00022527	5.0524e-05	5.7069e-05	1.5365e-06	0.0006305	0.0089607	0.0035357	1.6387e-05	0.00016404	0.0040821
0.00022744	4.8768e-05	5.5918e-05	1.5464e-06	0.0006282	0.0089606	0.0035379	1.6144e-05	0.00016303	0.0040818
0.00022959	4.9088e-05	5.4752e-05	1.5503e-06	0.00062589	0.0089606	0.0035397	1.5883e-05	0.00016201	0.0040815
0.00023177	4.9412e-05	5.3605e-05	1.5602e-06	0.0006236	0.0089605	0.0035429	1.5661e-05	0.00016102	0.0040812
0.00023393	4.9728e-05	5.2446e-05	1.5646e-06	0.0006213	0.0089605	0.0035476	1.5471e-05	0.00016002	0.0040809
0.00023608	5.0036e-05	5.1273e-05	1.5639e-06	0.00061898	0.0089604	0.0035519	1.527e-05	0.00015899	0.0040805
0.00023821	5.0338e-05	5.0089e-05	1.5582e-06	0.00061666	0.0089603	0.0035559	1.5057e-05	0.00015796	0.0040802
0.00024037	5.064e-05	4.892e-05	1.557e-06	0.00061435	0.0089603	0.0035611	1.4872e-05	0.00015695	0.0040799
0.0002425	5.0936e-05	4.7739e-05	1.5509e-06	0.00061203	0.0089602	0.003566	1.4676e-05	0.00015593	0.0040796
0.00024466	5.1233e-05	4.6573e-05	1.5492e-06	0.00060973	0.0089602	0.0035722	1.4505e-05	0.00015493	0.0040793
0.00024681	5.1523e-05	4.5396e-05	1.5427e-06	0.00060741	0.0089601	0.0036686	1.4324e-05	0.00015392	0.004079
0.00024894	5.1805e-05	4.6349e-05	1.5314e-06	0.00060509	0.0089601	0.0037632	1.4132e-05	0.0001529	0.0040787
0.00025108	5.2089e-05	4.7315e-05	1.5242e-06	0.00060278	0.00896	0.0038658	1.3966e-05	0.0001519	0.0040785
0.00025325	5.2374e-05	4.8291e-05	1.5208e-06	0.00060048	0.00896	0.003977	1.3822e-05	0.00015093	0.0040783
0.0002554	5.2652e-05	4.9257e-05	1.513e-06	0.00059817	0.0089599	0.0040864	1.367e-05	0.00014994	0.004078
0.00025754	5.2923e-05	5.0213e-05	1.5006e-06	0.00059586	0.0089599	0.0041939	1.3508e-05	0.00014894	0.0040778
0.0002597	5.3195e-05	5.1179e-05	1.4915e-06	0.00059355	0.0089599	0.0043098	1.3368e-05	0.00014796	0.0040776
0.00026185	5.346e-05	5.2134e-05	1.4779e-06	0.00059124	0.0089598	0.0044236	1.3218e-05	0.00014697	0.0040774
0.00026401	5.3725e-05	5.31e-05	1.4676e-06	0.00058893	0.0089598	0.0045464	1.3089e-05	0.000146	0.0040772
0.00026615	5.3983e-05	5.4055e-05	1.4527e-06	0.00058662	0.0089597	0.0046669	1.2951e-05	0.00014502	0.004077
0.00026829	5.4234e-05	5.4998e-05	1.4328e-06	0.0005843	0.0089597	0.0047849	1.2803e-05	0.00014402	0.0040768
0.0002704	5.4478e-05	5.5928e-05	1.4075e-06	0.00058197	0.0089597	0.0048996	1.2642e-05	0.00014301	0.0040765
0.0002725	5.4712e-05	5.6776e-05	1.3749e-06	0.00057962	0.0089596	0.0050091	1.2462e-05	0.00014198	0.0040763
0.00027457	5.4937e-05	5.7607e-05	1.3351e-06	0.00057726	0.0089596	0.0050438	1.2327e-05	0.00014092	0.004076
0.00027661	5.5153e-05	5.8421e-05	1.2879e-06	0.00057489	0.0089595	0.0050767	1.2173e-05	0.00013984	0.0040756
0.00027869	5.5373e-05	5.8052e-05	1.2484e-06	0.00057253	0.0089595	0.0050814	1.2055e-05	0.00013879	0.0040754
0.00028075	5.5584e-05	5.7668e-05	1.2018e-06	0.00057016	0.0089594	0.0050852	1.1919e-05	0.00013773	0.0040751
0.00028279	5.5785e-05	5.7269e-05	1.1479e-06	0.00056778	0.0089593	0.0050882	1.1766e-05	0.00013664	0.0040747
0.00028485	5.5991e-05	5.6885e-05	1.1015e-06	0.00056542	0.0089593	0.0050934	1.1052e-05	0.00013559	0.0040745
0.00028689	5.6187e-05	5.6485e-05	1.0481e-06	0.00056304	0.0089592	0.0050977	1.0299e-05	0.00013451	0.0040742
0.00028897	5.6388e-05	5.61e-05	1.0018e-06	0.00056068	0.0089592	0.0051042	9.6307e-06	0.00013348	0.0040739
0.00029102	5.6579e-05	5.5699e-05	9.485e-07	0.00055831	0.0089592	0.0051098	8.9263e-06	0.00013242	0.0040737
0.00029311	5.6776e-05	5.5314e-05	9.0268e-07	0.00055595	0.0089591	0.0051178	8.3054e-06	0.0001314	0.0040735
0.00029523	5.6977e-05	5.4945e-05	8.6371e-07	0.00055362	0.0089591	0.0051283	7.7587e-06	0.00013041	0.0040733
0.00029733	5.7169e-05	5.4561e-05	8.1813e-07	0.00055128	0.0089591	0.0051378	7.1815e-06	0.00012941	0.0040732
0.00029946	5.7366e-05	5.4192e-05	7.7906e-07	0.00054895	0.0089591	0.0051465	6.5732e-06	0.00012845	0.0040731
0.00030163	5.7567e-05	5.3837e-05	7.4534e-07	0.00054664	0.0089591	0.0051575	6.0318e-06	0.00012752	0.0040731
0.00030377	5.7759e-05	5.3467e-05	7.0533e-07	0.00054432	0.0089591	0.0051475	5.5549e-06	0.00012656	0.004073
0.00030589	5.7942e-05	5.3081e-05	6.5896e-07	0.00054199	0.008959	0.0051365	5.0515e-06	0.00012559	0.0040729
0.00030805	5.813e-05	5.2711e-05	6.1837e-07	0.00053967	0.008959	0.0051281	4.6068e-06	0.00012465	0.0040729
0.00031024	5.8322e-05	5.2326e-05	5.7156e-07	0.00053738	0.0089591	0.0051187	4.1373e-06	0.00012375	0.0040729
0.00031246	5.8518e-05	5.3957e-05	5.1842e-07	0.0005351	0.0089591	0.0051118	3.7238e-06	0.00012288	0.004073
0.00031472	5.8719e-05	5.5624e-05	4.7077e-07	0.00053284	0.0089591	0.0051072	3.3577e-06	0.00012205	0.0040732
0.00031701	5.8925e-05	5.7323e-05	4.2744e-07	0.0005306	0.0089592	0.0051047	3.0304e-06	0.00012124	0.0040734
0.00031928	5.9121e-05	5.9002e-05	3.7827e-07	0.00052834	0.0089592	0.0051014	2.6843e-06	0.00012042	0.0040737
0.00032158	5.9321e-05	6.0714e-05	3.3311e-07	0.0005261	0.0089593	0.0051001	2.3745e-06	0.00011963	0.0040739
0.00032386	5.9513e-05	6.2404e-05	2.8217e-07	0.00052385	0.0089593	0.0050981	2.0465e-06	0.00011882	0.0040742
0.00032618	5.9709e-05	6.4133e-05	2.3561e-07	0.00052162	0.0089594	0.005095	1.6984e-06	0.00011804	0.0040745
0.00032854	5.9911e-05	6.5901e-05	1.9279e-07	0.00051941	0.0089595	0.0050657	1.3906e-06	0.00011729	0.0040748
0.00033087	6.0104e-05	6.7647e-05	1.445e-07	0.00051718	0.0089596	0.0050344	1.3834e-06	0.00011653	0.0040752
0.00033318	6.0287e-05	6.937e-05	9.0614e-08	0.00051494	0.0089596	0.0050015	1.3681e-06	0.00011575	0.0040755
0.00033553	6.0474e-05	7.113e-05	3.9859e-08	0.00051272	0.0089597	0.0049728	1.3609e-06	0.00011499	0.0040759
0.00033785	6.0653e-05	7.2866e-05	3.7491e-08	0.00051048	0.0089598	0.0049425	1.3457e-06	0.00011422	0.0040762
0.00034021	6.0836e-05	7.4644e-05	3.3827e-08	0.00050827	0.0089599	0.0049104	1.3218e-06	0.00011347	0.0040766
0.00034255	6.1011e-05	7.5793e-05	4.7615e-08	0.00050603	0.00896	0.0048766	1.2898e-06	0.00011276	0.004077
0.00034492	6.1176e-05	7.697e-05	6.0669e-08	0.00050382	0.0089601	0.0048409	1.2493e-06	0.00011203	0.0040773
0.00034727	6.1331e-05	7.8128e-05	6.9704e-08	0.00050159	0.0089601	0.0048033	1.2008e-06	0.00011128	0.0040777
0.00034966	6.1492e-05	7.9267e-05	7.4741e-08	0.00049939	0.0089602	0.0047707	1.1613e-06	0.00011056	0.004078
0.00035203	6.1657e-05	8.0387e-05	7.5787e-08	0.00049717	0.0089603	0.0047364	1.1139e-06	0.00010982	0.0040784
0.00035444	6.1827e-05	8.1535e-05	7.617e-08	0.00049496	0.0089605	0.0047066	1.0749e-06	0.00010912	0.0040788
0.00035682	6.1989e-05	8.2712e-05	7.5891e-08	0.00049275	0.0089606	0.0046808	1.0436e-06	0.00010839	0.0040792
0.00035918	6.2141e-05	8.387e-05	7.2064e-08	0.00049052	0.0089607	0.0046537	1.005e-06	0.00010764	0.0040796
0.00036151	6.2284e-05	8.5009e-05	6.4285e-08	0.00048827	0.0089608	0.0046251	9.5883e-07	0.00010688	0.0040799
0.00036388	6.2431e-05	8.6177e-05	5.5723e-08	0.00048605	0.0089609	0.0046003	9.1977e-07	0.00010614	0.0040803
0.00036629	6.2583e-05	8.7326e-05	9.1091e-08	0.00048384	0.008961	0.0045741	8.7371e-07	0.00010543	0.0040807
0.00036873	6.2738e-05	8.8496e-05	1.2694e-07	0.00048164	0.0089611	0.0045506	8.3221e-07	0.00010475	0.0040813
0.00037119	6.2894e-05	8.9684e-05	1.6314e-07	0.00047946	0.0089612	0.0045295	7.9417e-07	0.00010408	0.0040818
0.00037364	6.3043e-05	9.086e-05	1.9549e-07	0.00047726	0.0089614	0.0045079	7.5118e-07	0.0001034	0.0040823
0.00037611	6.3193e-05	9.2052e-05	2.2788e-07	0.00047508	0.0089615	0.0044882	7.1063e-07	0.00010274	0.0040829
0.0003786	6.3344e-05	9.3259e-05	2.6045e-07	0.0004729	0.0089617	0.0044703	6.7228e-07	0.00010209	0.0040835
0.00038108	6.3488e-05	9.4482e-05	2.9332e-07	0.00047072	0.0089618	0.004452	8.4543e-07	0.00010143	0.0040841
0.00038354	6.3625e-05	9.5694e-05	3.2235e-07	0.00046852	0.008962	0.0044332	1.0123e-06	0.00010075	0.0040847
0.00038603	6.3763e-05	9.6921e-05	3.5172e-07	0.00046634	0.0089621	0.0044162	1.1889e-06	0.0001001	0.0040853
0.0003885	6.3894e-05	9.8137e-05	3.7726e-07	0.00046414	0.0089623	0.0043988	1.3592e-06	9.9429e-05	0.0040859
0.00039096	6.4018e-05	9.9343e-05	3.9898e-07	0.00046194	0.0089624	0.004381	1.5232e-06	9.8751e-05	0.0040865
0.00039344	6.4144e-05	0.00010057	4.2133e-07	0.00045975	0.0089626	0.004365	1.6983e-06	9.8088e-05	0.0040872
0.00039591	6.4263e-05	0.00010178	4.3982e-07	0.00045755	0.0089627	0.0043486	1.8669e-06	9.7414e-05	0.0040878
0.00039841	6.4383e-05	0.00010301	4.5904e-07	0.00045536	0.0089629	0.0043339	2.0474e-06	9.6756e-05	0.0040884
0.00040092	6.4503e-05	0.00010425	4.7882e-07	0.00045318	0.008963	0.0043207	2.2396e-06	9.6111e-05	0.0040891
0.00040346	6.4624e-05	0.00010551	4.9925e-07	0.000451	0.0089632	0.004309	2.4445e-06	9.548e-05	0.0040899
0.00040598	6.4739e-05	0.00010676	5.1578e-07	0.00044882	0.0089634	0.0042969	2.6425e-06	9.4838e-05	0.0040906
0.00040849	6.4846e-05	0.000108	5.284e-07	0.00044663	0.0089635	0.0042845	2.8335e-06	9.4186e-05	0.0040913
0.00041103	6.4955e-05	0.00010925	5.417e-07	0.00044444	0.0089637	0.0042735	3.0376e-06	9.3547e-05	0.004092
0.00041354	6.5057e-05	0.0001105	5.5111e-07	0.00044225	0.0089639	0.0042622	3.2348e-06	9.2897e-05	0.0040927
0.00041609	6.5159e-05	0.00011176	5.6148e-07	0.00044007	0.0089641	0.0042524	3.4471e-06	9.2263e-05	0.0040935
0.00041865	6.5263e-05	0.00011304	5.7261e-07	0.00043789	0.0089643	0.0042408	3.6769e-06	9.1641e-05	0.0040943
0.0004212	6.536e-05	0.00011431	5.7983e-07	0.00043571	0.0089644	0.0042289	3.8992e-06	9.1009e-05	0.0040951
0.00042374	6.545e-05	0.00011556	5.8312e-07	0.00043352	0.0089646	0.0042166	4.1141e-06	9.0366e-05	0.0040959
0.00042627	6.5533e-05	0.00011681	5.8249e-07	0.00043132	0.0089648	0.004204	4.3216e-06	8.9713e-05	0.0040966
0.00042882	6.5617e-05	0.00011807	5.8292e-07	0.00042913	0.008965	0.0041911	4.5204e-06	8.9074e-05	0.0040974
0.00043139	6.5703e-05	0.00011935	5.8444e-07	0.00042695	0.0089652	0.0041353	4.47e-06	8.845e-05	0.0040983
0.00043395	6.5782e-05	0.00012063	5.8203e-07	0.00042476	0.0089654	0.0040786	4.4135e-06	8.7815e-05	0.0040991
0.00043653	6.5861e-05	0.00012192	5.8039e-07	0.00042258	0.0089656	0.0040259	4.3661e-06	8.7193e-05	0.0041
0.00043914	6.5942e-05	0.00012322	5.795e-07	0.0004204	0.0089658	0.003977	4.3276e-06	8.6584e-05	0.0041009
0.00044173	6.6015e-05	0.00012452	5.7471e-07	0.00041822	0.008966	0.0039273	4.283e-06	8.5964e-05	0.0041018
0.00044435	6.609e-05	0.00012583	5.7092e-07	0.00041604	0.0089662	0.0038814	4.2479e-06	8.5358e-05	0.0041027
0.00044699	6.6166e-05	0.00012717	5.6811e-07	0.00041388	0.0089664	0.0038391	4.2222e-06	8.4765e-05	0.0041037
0.00044962	6.6235e-05	0.00012849	5.6141e-07	0.0004117	0.0089666	0.003796	4.1905e-06	8.4162e-05	0.0041046
0.00045227	6.6305e-05	0.00012983	5.5567e-07	0.00040954	0.0089669	0.0037563	4.168e-06	8.3573e-05	0.0041056
0.00045495	6.6376e-05	0.00013119	5.506e-07	0.00040738	0.0089671	0.0037195	4.1538e-06	8.2995e-05	0.0041066
0.00045764	6.6447e-05	0.00013257	5.4618e-07	0.00040523	0.0089673	0.0036854	4.1478e-06	8.2429e-05	0.0041077
0.00046033	6.6512e-05	0.00013394	5.3787e-07	0.00040307	0.0089676	0.0036508	4.1358e-06	8.1853e-05	0.0041088
0.000463	6.657e-05	0.0001353	5.2566e-07	0.0004009	0.0089678	0.0036155	4.1179e-06	8.1266e-05	0.0041098
0.0004657	6.6629e-05	0.00013667	5.141e-07	0.00039874	0.0089681	0.0035829	4.1082e-06	8.0691e-05	0.0041109
0.00046838	6.6681e-05	0.00013804	4.9865e-07	0.00039657	0.0089683	0.0035498	4.0936e-06	8.0106e-05	0.0041119
0.00047109	6.6734e-05	0.00013942	4.8382e-07	0.00039441	0.0089686	0.0035192	4.0872e-06	7.9533e-05	0.004113
0.00047378	6.678e-05	0.00014079	4.6509e-07	0.00039224	0.0089688	0.003488	4.0759e-06	7.8949e-05	0.0041141
0.0004765	6.6827e-05	0.00014219	4.4691e-07	0.00039008	0.008969	0.0034592	4.0728e-06	7.8377e-05	0.0041152
0.0004792	6.6867e-05	0.00014357	4.2485e-07	0.00038791	0.0089693	0.0034298	4.0637e-06	7.7795e-05	0.0041163
0.00048193	6.6907e-05	0.00014497	4.0328e-07	0.00038574	0.0089696	0.0034028	4.0627e-06	7.7224e-05	0.0041175
0.00048465	6.6942e-05	0.00014635	3.7786e-07	0.00038357	0.0089698	0.0033753	4.0558e-06	7.6643e-05	0.0041186
0.00048735	6.6969e-05	0.00014773	3.486e-07	0.00038139	0.0089701	0.0033473	4.043e-06	7.6051e-05	0.0041197
0.00049008	6.6997e-05	0.00014913	3.1999e-07	0.00037922	0.0089703	0.0033188	4.021e-06	7.5472e-05	0.0041209
0.00049283	6.7027e-05	0.00015055	2.9167e-07	0.00037706	0.0089706	0.0032924	4.007e-06	7.4905e-05	0.0041221
0.00049557	6.7049e-05	0.00015195	2.5954e-07	0.00037488	0.0089709	0.0032655	3.9872e-06	7.4327e-05	0.0041233
0.00049829	6.7065e-05	0.00015335	2.2358e-07	0.0003727	0.0089711	0.0032382	3.9613e-06	7.3739e-05	0.0041244
0.00050104	6.7082e-05	0.00015476	1.8807e-07	0.00037053	0.0089714	0.0032131	3.9444e-06	7.3163e-05	0.0041256
0.00050382	6.71e-05	0.0001562	1.5283e-07	0.00036837	0.0089717	0.0031901	3.9362e-06	7.2599e-05	0.0041269
0.00050659	6.7111e-05	0.00015763	1.9923e-07	0.00036619	0.0089719	0.0031667	3.9221e-06	7.2025e-05	0.0041281
0.00050938	6.7123e-05	0.00015908	2.463e-07	0.00036403	0.0089722	0.0031452	3.9159e-06	7.1462e-05	0.0041294
0.00051216	6.7129e-05	0.00016051	2.8944e-07	0.00036185	0.0089725	0.0031232	3.9039e-06	7.0889e-05	0.0041307
0.00051496	6.7135e-05	0.00016197	3.3366e-07	0.00035969	0.0089728	0.0031031	3.9004e-06	7.0327e-05	0.004132
0.00051775	6.7135e-05	0.00016342	3.7395e-07	0.00035751	0.0089731	0.0030826	3.8912e-06	6.9756e-05	0.0041332
0.00052057	6.7136e-05	0.00016489	4.1548e-07	0.00035535	0.0089734	0.003064	3.8906e-06	6.9196e-05	0.0041346
0.00052338	6.713e-05	0.00016635	4.5303e-07	0.00035317	0.0089737	0.0030449	3.8841e-06	6.8626e-05	0.0041359
0.00052617	6.7118e-05	0.0001678	4.8661e-07	0.00035099	0.0089739	0.0030255	3.8717e-06	6.8046e-05	0.0041372
0.00052895	6.7098e-05	0.00016923	5.1619e-07	0.0003488	0.0089742	0.0030057	3.8532e-06	6.7456e-05	0.0041384
0.00053171	6.7072e-05	0.00017069	5.47e-07	0.0003466	0.0089745	0.0029854	3.8285e-06	6.6855e-05	0.0041397
0.00053446	6.7039e-05	0.00017213	5.7362e-07	0.00034439	0.0089748	0.0029646	3.7973e-06	6.6243e-05	0.004141
0.00053724	6.7007e-05	0.00017361	6.0208e-07	0.00034219	0.0089751	0.0029458	3.7759e-06	6.5643e-05	0.0041423
0.00054005	6.6976e-05	0.0001751	6.3227e-07	0.00034	0.0089754	0.0029287	3.7634e-06	6.5056e-05	0.0041436
0.00054284	6.6939e-05	0.00017658	6.5802e-07	0.0003378	0.0089757	0.0029112	3.7441e-06	6.4456e-05	0.0041449
0.00054566	6.6903e-05	0.00017809	6.8613e-07	0.00033561	0.008976	0.0028955	3.7349e-06	6.3871e-05	0.0041463
0.00054846	6.6859e-05	0.00017958	7.0894e-07	0.0003334	0.0089763	0.002879	3.7169e-06	6.3271e-05	0.0041476
0.00055131	6.6819e-05	0.00018105	1.0158e-06	0.00033122	0.0089766	0.0028648	3.7128e-06	6.2691e-05	0.004149
0.0005542	6.6784e-05	0.00018256	1.0929e-06	0.00032904	0.0089769	0.0028529	3.7244e-06	6.2132e-05	0.0041505
0.00055707	6.674e-05	0.00018405	1.1624e-06	0.00032685	0.0089772	0.0028401	3.7251e-06	6.1557e-05	0.0041519
0.00055991	6.6687e-05	0.00018551	1.2246e-06	0.00032465	0.0089775	0.0028265	3.7155e-06	6.3201e-05	0.0041533
0.0005628	6.6638e-05	0.00018701	1.2953e-06	0.00032246	0.0089778	0.0028149	3.7206e-06	6.4886e-05	0.0041548
0.00056566	6.658e-05	0.00018849	1.3584e-06	0.00032027	0.0089781	0.0028026	3.7152e-06	6.6547e-05	0.0041562
0.00056849	6.6513e-05	0.00018995	1.4138e-06	0.00031805	0.0089785	0.0027945	3.6438e-06	6.8183e-05	0.0041576
0.0005713	6.6436e-05	0.00019145	1.4791e-06	0.00031583	0.0089788	0.0027883	3.5937e-06	6.9865e-05	0.004159
0.00057408	6.6349e-05	0.00019293	1.5366e-06	0.00031359	0.0089791	0.0027813	3.5319e-06	7.1523e-05	0.0041604
0.0005769	6.6268e-05	0.00019444	1.6033e-06	0.00031136	0.0089794	0.002776	3.4856e-06	7.3222e-05	0.0041618
0.0005797	6.6177e-05	0.00019594	1.6621e-06	0.00030913	0.0089797	0.00277	3.4288e-06	7.4896e-05	0.0041631
0.00058247	6.6077e-05	0.00019748	1.7315e-06	0.00030688	0.00898	0.0027634	3.3612e-06	7.6617e-05	0.0041645
0.00058529	6.5981e-05	0.00019906	1.812e-06	0.00030464	0.0089803	0.0027584	3.3085e-06	7.838e-05	0.0041659
0.00058809	6.5877e-05	0.00020062	1.8849e-06	0.00030239	0.0089806	0.0027529	3.2463e-06	8.0121e-05	0.0041673
0.00059086	6.5764e-05	0.00020216	1.9504e-06	0.00030013	0.0089809	0.0027467	3.1746e-06	8.184e-05	0.0041686
0.00059367	6.5655e-05	0.00020374	2.026e-06	0.00029788	0.0089812	0.0027421	3.117e-06	8.3601e-05	0.00417
0.00059647	6.5537e-05	0.0002053	2.0942e-06	0.00029562	0.0089815	0.002737	3.0504e-06	8.534e-05	0.0041714
0.0005993	6.5424e-05	0.00020691	2.1731e-06	0.00029338	0.0089818	0.0027334	2.9974e-06	8.7122e-05	0.0041729
0.00060212	6.5302e-05	0.00020855	2.2636e-06	0.00029112	0.0089821	0.0027293	2.9353e-06	8.8882e-05	0.0041743
0.00060491	6.5172e-05	0.00021017	2.3462e-06	0.00028885	0.0089825	0.0027247	2.864e-06	9.0621e-05	0.0041757
0.00060774	6.5045e-05	0.00021183	2.4397e-06	0.00028659	0.0089828	0.0027214	2.8049e-06	9.2399e-05	0.0041772
0.00061056	6.491e-05	0.00021348	2.5258e-06	0.00028432	0.0089831	0.0027177	2.7376e-06	9.4157e-05	0.0041786
0.00061335	6.4767e-05	0.0002151	2.6047e-06	0.00028204	0.0089834	0.0027135	2.6622e-06	9.5896e-05	0.00418
0.00061612	6.4616e-05	0.0002167	2.6768e-06	0.00027975	0.0089837	0.0027089	2.579e-06	9.7618e-05	0.0041814
0.00061887	6.4457e-05	0.00021829	2.7424e-06	0.00027746	0.008984	0.0027039	2.4883e-06	9.9323e-05	0.0041828
0.00062161	6.4291e-05	0.00021987	2.8018e-06	0.00028066	0.0089843	0.0026986	2.3904e-06	0.00010101	0.0041842
0.00062433	6.4118e-05	0.00022143	2.8558e-06	0.00028386	0.0089846	0.0026929	2.286e-06	0.00010269	0.0041855
0.00062708	6.3946e-05	0.00022301	2.9162e-06	0.00028706	0.0089849	0.0026883	2.1895e-06	0.00010439	0.0041869
0.00062986	6.3775e-05	0.00022462	2.9832e-06	0.00029027	0.0089852	0.0026846	2.1002e-06	0.00010611	0.0041883
0.00063267	6.3604e-05	0.00022626	3.057e-06	0.0002935	0.0089855	0.0026818	2.0177e-06	0.00010787	0.0041898
0.00063546	6.3426e-05	0.00022788	3.1256e-06	0.00029672	0.0089859	0.0026788	1.9296e-06	0.00010961	0.0041912
0.00063828	6.325e-05	0.00022953	3.2019e-06	0.00029994	0.0089862	0.0026768	1.8485e-06	0.00011137	0.0041927
0.00064108	6.3067e-05	0.00023117	3.2729e-06	0.00030316	0.0089865	0.0026745	1.7618e-06	0.00011313	0.0041942
0.00064392	6.2885e-05	0.00023284	3.3519e-06	0.00030639	0.0089868	0.0026732	1.6819e-06	0.00011491	0.0041957
0.00064675	6.2696e-05	0.00023449	3.4257e-06	0.00030961	0.0089872	0.0026717	1.5965e-06	0.00011669	0.0041972
0.00064956	6.2501e-05	0.00023613	3.4942e-06	0.00031283	0.0089875	0.00267	1.5065e-06	0.00011844	0.0041987
0.00065239	6.2306e-05	0.0002378	3.5702e-06	0.00031605	0.0089878	0.0026692	1.4223e-06	0.00012023	0.0042002
0.00065522	6.2105e-05	0.00023946	3.6408e-06	0.00031927	0.0089881	0.0026681	1.3326e-06	0.000122	0.0042017
0.00065803	6.1896e-05	0.0002411	3.7062e-06	0.00032248	0.0089885	0.0026668	1.2375e-06	0.00012377	0.0042032
0.00066083	6.1681e-05	0.00024273	3.7663e-06	0.00032568	0.0089888	0.0026653	1.137e-06	0.00012551	0.0042047
0.00066366	6.1468e-05	0.00024439	3.8347e-06	0.00032889	0.0089891	0.0026648	1.0427e-06	0.00012729	0.0042062
0.00066647	6.1247e-05	0.00024604	3.8977e-06	0.00033209	0.0089894	0.002664	9.4297e-07	0.00012906	0.0042077
0.00066927	6.102e-05	0.00024767	3.9549e-06	0.00033529	0.0089898	0.0026629	8.3749e-07	0.00013081	0.0042092
0.00067211	6.0793e-05	0.00024934	4.0213e-06	0.00033849	0.0089901	0.0026629	7.3848e-07	0.00013259	0.0042108
0.00067498	6.057e-05	0.00025104	4.0996e-06	0.00034172	0.0089904	0.0026625	6.3228e-07	0.00013442	0.0042124
0.00067783	6.0338e-05	0.00025279	4.207e-06	0.00034493	0.0089908	0.0026615	5.1796e-07	0.00013622	0.0042139
0.00068073	6.0111e-05	0.00025459	4.3322e-06	0.00034816	0.0089911	0.002662	4.1405e-07	0.00013806	0.0042156
0.00068368	5.9874e-05	0.00025644	4.4417e-06	0.0003514	0.0089915	0.0026619	4.3512e-07	0.00013989	0.0042172
0.0006866	5.9628e-05	0.00025826	4.541e-06	0.00035464	0.0089919	0.0027031	4.5024e-07	0.00014169	0.0042189
0.00068957	5.9387e-05	0.00026014	4.6572e-06	0.00035789	0.0089922	0.0027494	4.6814e-07	0.00014353	0.0042206
0.00069252	6.1597e-05	0.00026199	4.7642e-06	0.00036113	0.0089926	0.0027941	4.8061e-07	0.00014535	0.0042223
0.00069545	6.3798e-05	0.00026382	4.8638e-06	0.00036436	0.008993	0.0028377	4.8819e-07	0.00014716	0.004224
0.00069841	6.6013e-05	0.00026569	4.975e-06	0.00036761	0.0089933	0.002885	4.9684e-07	0.000149	0.0042257
0.00070136	6.8219e-05	0.00026754	5.0796e-06	0.00037084	0.0089937	0.0029314	5.0086e-07	0.00015083	0.0042274
0.00070433	7.0438e-05	0.00026943	5.1951e-06	0.00037409	0.0089941	0.0029815	5.0565e-07	0.00015268	0.0042292
0.00070734	7.267e-05	0.00027134	5.3218e-06	0.00037735	0.0089945	0.0030355	5.1114e-07	0.00015457	0.004231
0.00071038	7.4915e-05	0.00027324	5.4422e-06	0.00038062	0.0089948	0.0030886	5.122e-07	0.00015648	0.0042328
0.00071345	7.7171e-05	0.00027518	5.5741e-06	0.00038389	0.0089952	0.0031457	5.139e-07	0.00015843	0.0042347
0.00071655	7.9441e-05	0.00027714	5.7178e-06	0.00038718	0.0089956	0.0032073	5.1624e-07	0.00016041	0.0042366
0.00071969	8.1724e-05	0.00027913	5.8752e-06	0.00039049	0.0089961	0.0032738	5.1952e-07	0.00016242	0.0042385
0.0007228	8.4e-05	0.00028111	6.0261e-06	0.00039378	0.0089965	0.0033393	5.1838e-07	0.00016442	0.0042404
0.00072596	8.629e-05	0.00028313	6.1912e-06	0.00039709	0.0089969	0.0034101	5.1817e-07	0.00016646	0.0042424
0.0007291	8.8573e-05	0.00028513	6.3498e-06	0.00040038	0.0089973	0.0034798	5.1358e-07	0.00016848	0.0042444
0.00073222	9.0848e-05	0.00028712	6.5019e-06	0.00040367	0.0089977	0.0035484	5.0461e-07	0.00017049	0.0042463
0.00073538	9.3135e-05	0.00028914	6.6673e-06	0.00040697	0.0089981	0.0036221	4.9624e-07	0.00017253	0.0042483
0.00073852	9.5416e-05	0.00029115	6.8262e-06	0.00041027	0.0089986	0.0036948	4.835e-07	0.00017456	0.0042503
0.0007417	9.771e-05	0.00029319	7.0002e-06	0.00041357	0.008999	0.0037733	4.716e-07	0.00017662	0.0042523
0.00074491	0.00010002	0.00029527	7.19e-06	0.00041689	0.0089994	0.0038581	4.605e-07	0.00017872	0.0042543
0.0007481	0.00010232	0.00029733	7.3731e-06	0.0004202	0.0089998	0.0039416	6.6782e-07	0.0001808	0.0042563
0.00075128	0.00010461	0.00029938	7.5493e-06	0.0004235	0.0090003	0.0040239	8.6861e-07	0.00018287	0.0042584
0.0007545	0.00010692	0.00030146	7.742e-06	0.00042682	0.0090007	0.0041127	1.0821e-06	0.00018498	0.0042604
0.00075775	0.00010924	0.00030358	7.9507e-06	0.00043014	0.0090011	0.0042082	1.3082e-06	0.00018712	0.0042625
0.00076098	0.00011156	0.00030569	8.1523e-06	0.00043346	0.0090016	0.0043022	1.5274e-06	0.00018925	0.0042646
0.0007642	0.00011386	0.00030778	8.3468e-06	0.00043677	0.009002	0.0043948	1.7398e-06	0.00019137	0.0042667
0.00076745	0.00011616	0.0003099	8.5578e-06	0.00044009	0.0090025	0.0044944	1.9654e-06	0.00019352	0.0042688
0.00077069	0.00011845	0.00031201	8.7616e-06	0.0004434	0.0090029	0.0045931	2.1839e-06	0.00019565	0.0042709
0.00077397	0.00012076	0.00031416	8.984e-06	0.00044673	0.0090034	0.0046996	2.4178e-06	0.00019783	0.0042731
0.00077723	0.00012305	0.00031629	9.199e-06	0.00045005	0.0090038	0.0048046	2.6444e-06	0.00019999	0.0042752
0.00078047	0.00012534	0.00031841	9.4067e-06	0.00045336	0.0090043	0.004918	2.8875e-06	0.00020213	0.0042773
0.00078375	0.00012765	0.00032056	9.6336e-06	0.00045668	0.0090047	0.0050405	3.1482e-06	0.00020432	0.0042795
0.00078702	0.00012994	0.0003227	9.8531e-06	0.00045999	0.0090052	0.0051611	3.4013e-06	0.00020649	0.0042816
0.00079032	0.00013226	0.00032488	1.0093e-05	0.00046332	0.0090056	0.0052914	3.6731e-06	0.00020869	0.0042838
0.00079366	0.00013458	0.0003271	1.0352e-05	0.00046666	0.0090061	0.0054314	3.9636e-06	0.00021094	0.004286
0.00079702	0.00013692	0.00032934	1.0632e-05	0.00047001	0.0090066	0.0055818	4.2741e-06	0.00021322	0.0042883
0.00080038	0.00013925	0.00033163	1.0897e-05	0.00047335	0.009007	0.0057299	4.5761e-06	0.00021549	0.0042905
0.00080372	0.00014158	0.0003339	1.1155e-05	0.00047669	0.0090075	0.0058758	4.8696e-06	0.00021774	0.0042927
0.00080709	0.00014392	0.00033616	1.1404e-05	0.00048004	0.009008	0.0060325	5.184e-06	0.00022004	0.004295
0.00081045	0.00014625	0.0003384	1.1646e-05	0.00048338	0.0090085	0.0061869	5.4897e-06	0.00022231	0.0042973
0.00081384	0.00014859	0.00034068	1.1909e-05	0.00048673	0.0090089	0.0063527	5.8174e-06	0.00022463	0.0042996
0.00081722	0.00015093	0.00034294	1.2163e-05	0.00049007	0.0090094	0.0065161	6.1362e-06	0.00022693	0.0043019
0.00082063	0.00015328	0.00034524	1.2439e-05	0.00049343	0.0090099	0.0065466	6.4785e-06	0.00022927	0.0043042
0.00082408	0.00015565	0.00034758	1.2738e-05	0.00049679	0.0090104	0.0065797	6.8461e-06	0.00023165	0.0043065
0.00082751	0.00015801	0.00034991	1.3028e-05	0.00050015	0.0090109	0.0066122	7.2036e-06	0.00023401	0.0043089
0.00083098	0.00016039	0.00035227	1.3344e-05	0.00050353	0.0090114	0.0066478	7.5912e-06	0.00023642	0.0043113
0.00083449	0.00016278	0.00035468	1.3692e-05	0.00050692	0.0090119	0.0066438	8.0136e-06	0.00023888	0.0043137
0.00083799	0.00016517	0.00035714	1.4019e-05	0.0005103	0.0090124	0.0066394	8.4221e-06	0.00024131	0.0043162
0.00084146	0.00016754	0.00035958	1.4334e-05	0.00051367	0.0090129	0.0066344	8.8167e-06	0.00024373	0.0043186
0.00084498	0.00016993	0.00036207	1.468e-05	0.00051705	0.0090134	0.0066312	9.2476e-06	0.0002462	0.004321
0.00084848	0.00017232	0.00036453	1.5012e-05	0.00052043	0.0090139	0.0066274	9.662e-06	0.00024865	0.0043234
0.00085203	0.00017472	0.00036705	1.5384e-05	0.00052382	0.0090144	0.0065804	1.0122e-05	0.00025115	0.0043259
0.00085555	0.00017712	0.00036955	1.5739e-05	0.0005272	0.0090149	0.0065318	1.0564e-05	0.00025363	0.0043284
0.00085913	0.00017954	0.0003721	1.6136e-05	0.0005306	0.0090155	0.0064884	1.1056e-05	0.00025617	0.0043309
0.00086268	0.00018194	0.00037463	1.6515e-05	0.00053399	0.009016	0.0064432	1.1525e-05	0.00025869	0.0043334
0.00086621	0.00018433	0.00037713	1.6873e-05	0.00053737	0.0090165	0.0064506	1.1968e-05	0.00026117	0.0043359
0.0008697	0.00018671	0.00037971	1.7198e-05	0.00054073	0.009017	0.0064572	1.2387e-05	0.00026363	0.0043383
0.00087317	0.00018907	0.00038225	1.7503e-05	0.00054408	0.0090175	0.0064629	1.2785e-05	0.00026605	0.0043407
0.0008767	0.00019146	0.00038486	1.7855e-05	0.00054746	0.009018	0.0064711	1.3238e-05	0.00026854	0.0043432
0.0008803	0.00019388	0.00038755	1.8257e-05	0.00055085	0.0090186	0.0064783	1.3674e-05	0.00027111	0.0043458
0.00088395	0.00019632	0.0003903	1.8714e-05	0.00055427	0.0090191	0.0064882	1.4171e-05	0.00027375	0.0043484
0.00088768	0.0001988	0.00039313	1.9233e-05	0.00055772	0.0090196	0.0065007	1.4735e-05	0.00027648	0.0043511
0.00089137	0.00020126	0.00039604	1.9814e-05	0.00056115	0.0090202	0.006516	1.5369e-05	0.00027916	0.0043537
0.00089503	0.00020371	0.0003989	2.0368e-05	0.00056456	0.0090207	0.0065302	1.5973e-05	0.00028182	0.0043563
0.00089866	0.00020614	0.00040174	2.0895e-05	0.00056796	0.0090213	0.0065435	1.6547e-05	0.00028444	0.0043589
0.00090235	0.0002086	0.00040465	2.1486e-05	0.00057139	0.0090218	0.0065594	1.7191e-05	0.00028713	0.0043616
0.00090601	0.00021104	0.00040752	2.205e-05	0.0005748	0.0090224	0.0065743	1.7806e-05	0.00028979	0.0043642
0.00090974	0.00021351	0.00041048	2.2685e-05	0.00057824	0.0090229	0.0065923	1.85e-05	0.00029253	0.0043669
0.00091353	0.00021597	0.0004135	2.3393e-05	0.00058169	0.0090235	0.0066132	1.9278e-05	0.00029535	0.0043697
0.00091729	0.00021841	0.00041649	2.407e-05	0.00058514	0.0090241	0.006633	2.0021e-05	0.00029813	0.0043724
0.00092111	0.00022088	0.00041956	2.483e-05	0.0005886	0.0090246	0.0066562	2.0858e-05	0.00030099	0.0043752
0.000925	0.00022339	0.00042259	2.5685e-05	0.0005921	0.0090252	0.0066831	2.1801e-05	0.00030393	0.0043781
0.00092886	0.00022587	0.00042559	2.6503e-05	0.00059558	0.0090258	0.0067087	2.2703e-05	0.00030684	0.0043809
0.00093278	0.00022839	0.00042866	2.7415e-05	0.00059908	0.0090264	0.006738	2.3713e-05	0.00030983	0.0043838
0.00093667	0.00023089	0.0004317	2.8287e-05	0.00060256	0.009027	0.0067659	2.4673e-05	0.00031278	0.0043868
0.00094063	0.00023342	0.00043482	2.9265e-05	0.00060608	0.0090276	0.006798	2.5755e-05	0.00031582	0.0043899
0.00094465	0.00023598	0.00043802	3.036e-05	0.00060961	0.0090282	0.0068347	2.6973e-05	0.00031894	0.004393
0.00094875	0.00023857	0.0004413	3.1585e-05	0.00061318	0.0090288	0.0068766	2.8345e-05	0.00032216	0.0043962
0.00095291	0.0002412	0.00044467	3.2956e-05	0.00061677	0.0090295	0.0069244	2.9891e-05	0.00032547	0.0043994
0.00095715	0.00024386	0.00044813	3.4495e-05	0.00062038	0.0090301	0.006933	3.1638e-05	0.00032887	0.0044028
0.00096135	0.0002465	0.00045155	3.5967e-05	0.00062398	0.0090308	0.0069407	3.3306e-05	0.00033224	0.0044061
0.00096552	0.00024918	0.00045493	3.7375e-05	0.00062757	0.0090314	0.0069473	3.4896e-05	0.00033556	0.0044093
0.00096977	0.00025184	0.00045841	3.8962e-05	0.00063118	0.0090321	0.0069568	3.6702e-05	0.00033899	0.0044127
