Theropithecus_gelada	Saimiri_boliviensis	Rhinopithecus_roxellana	Rhinopithecus_bieti	Pongo_abelii	Piliocolobus_tephrosceles	Papio_anubis	Pan_troglodytes	Pan_paniscus	Mandrillus_leucophaeus
6.9465e-06	1.2615e-05	0.026313	1.5314e-05	9.4307e-07	0.00012945	1.0889e-06	0.01	0.01	1.677e-06
6.7951e-06	1.1903e-05	0.026359	9.824e-06	7.1153e-07	0.00012193	9.506e-07	0.01	0.01	1.4772e-06
7.1024e-06	1.1397e-05	0.026407	6.3284e-06	7.1856e-07	0.0001148	9.8466e-07	0.01	0.01	1.5057e-06
7.3678e-06	1.082e-05	0.026454	2.3651e-06	7.0977e-07	0.00011342	1.0045e-06	0.01	0.01	1.5262e-06
7.6306e-06	1.0242e-05	0.026478	1.3487e-06	6.1304e-07	0.00011204	1.0221e-06	0.01	0.01	1.4332e-06
7.8909e-06	8.9335e-06	0.0265	1.2295e-06	4.9131e-07	0.00011065	1.0376e-06	0.01	0.01	1.3303e-06
8.1487e-06	8.2043e-06	0.026523	1.1759e-06	4.4848e-07	0.00010925	1.0509e-06	0.01	0.01	1.2556e-06
8.4039e-06	7.9285e-06	0.026546	1.4325e-06	3.8034e-07	0.00010785	1.062e-06	0.01	0.01	1.1684e-06
8.6566e-06	7.7902e-06	0.026569	1.6509e-06	2.9292e-07	0.00010644	1.0709e-06	0.01	0.01	1.0719e-06
8.9068e-06	7.3402e-06	0.026606	1.6966e-06	3.2277e-07	0.00010503	1.0777e-06	0.01	0.01	1.1455e-06
9.3804e-06	7.1581e-06	0.026645	1.8126e-06	4.1141e-07	0.00010372	1.1445e-06	0.01	0.01	1.2458e-06
9.7955e-06	6.9432e-06	0.026683	1.8971e-06	4.8043e-07	0.00010236	1.1848e-06	0.01	0.01	1.3366e-06
9.8694e-06	6.8387e-06	0.026718	2.719e-06	4.8041e-07	0.00010097	1.1513e-06	0.01	0.01	1.3199e-06
1.0068e-05	6.7324e-06	0.026752	3.5357e-06	5.2461e-07	9.9653e-05	1.1698e-06	0.01	0.01	1.3188e-06
1.0224e-05	6.6243e-06	0.026786	4.3471e-06	5.4962e-07	9.8308e-05	1.1709e-06	0.01	0.01	1.3094e-06
1.6163e-05	4.2238e-06	0.027441	1.7698e-05	7.9809e-08	7.3663e-05	2.1315e-06	0.01	0.01	5.1061e-07
1.6466e-05	4.0551e-06	0.027478	1.7797e-05	5.3857e-08	7.2319e-05	2.1666e-06	0.01	0.01	4.5846e-07
1.6766e-05	3.778e-06	0.027517	1.8099e-05	4.3745e-08	7.0969e-05	2.1996e-06	0.01	0.01	4.1829e-07
1.8803e-05	2.3772e-06	0.027829	3.0477e-05	1.5446e-07	6.1361e-05	2.3708e-06	0.01	0.01	2.069e-07
1.9084e-05	1.9698e-06	0.027875	3.2862e-05	1.0445e-07	5.9966e-05	2.3867e-06	0.01	0.01	1.7162e-07
1.9362e-05	1.9341e-06	0.02792	3.4873e-05	3.2719e-08	5.8565e-05	2.4004e-06	0.01	0.01	1.2946e-07
1.9639e-05	1.8216e-06	0.027967	3.8072e-05	2.747e-08	5.7159e-05	2.4121e-06	0.01	0.01	1.4679e-07
1.9913e-05	1.7511e-06	0.028016	4.3053e-05	2.9748e-08	5.5746e-05	2.4215e-06	0.01	0.01	1.6903e-07
2.0184e-05	1.7104e-06	0.028068	5.0772e-05	4.0799e-08	5.4328e-05	2.4289e-06	0.01	0.01	1.9719e-07
2.0453e-05	1.6953e-06	0.028121	6.2749e-05	6.7545e-08	5.2905e-05	2.4341e-06	0.01	0.01	2.3267e-07
2.0719e-05	1.7059e-06	0.028137	6.9139e-05	6.6154e-08	5.1475e-05	2.4372e-06	0.01	0.01	2.2251e-07
2.0983e-05	1.7456e-06	0.028152	7.4558e-05	5.736e-08	5.004e-05	2.4381e-06	0.01	0.01	2.0757e-07
2.1245e-05	1.8973e-06	0.028166	7.9147e-05	3.8174e-08	4.86e-05	2.4369e-06	0.01	0.01	1.8664e-07
2.1504e-05	1.9987e-06	0.02818	8.303e-05	1.0564e-08	4.7153e-05	2.4335e-06	0.01	0.01	1.608e-07
2.1761e-05	2.0148e-06	0.028197	8.4297e-05	9.8702e-09	4.5701e-05	2.4281e-06	0.01	0.01	1.9957e-07
2.2015e-05	2.029e-06	0.028215	8.4317e-05	1.2453e-08	4.4244e-05	2.4204e-06	0.01	0.01	2.4794e-07
2.2267e-05	2.0754e-06	0.028235	8.4802e-05	2.0567e-08	4.278e-05	2.4107e-06	0.01	0.01	3.1015e-07
2.2517e-05	2.053e-06	0.028254	8.51e-05	1.303e-08	4.1311e-05	2.3988e-06	0.01	0.01	3.1249e-07
2.658e-06	4.9228e-06	0.031257	6.2098e-05	1.0203e-05	4.2911e-05	2.4099e-06	0.01	0.01	9.3681e-06
2.7301e-06	4.824e-06	0.031282	6.0413e-05	1.0245e-05	4.3221e-05	2.4675e-06	0.01	0.01	9.3839e-06
2.7996e-06	4.7234e-06	0.031308	5.8723e-05	1.0285e-05	4.3524e-05	2.523e-06	0.01	0.01	9.3971e-06
2.8663e-06	4.621e-06	0.031334	5.703e-05	1.032e-05	4.3822e-05	2.5765e-06	0.01	0.01	9.4078e-06
2.9302e-06	4.5167e-06	0.031359	5.5332e-05	1.0352e-05	4.4112e-05	2.6277e-06	0.01	0.01	9.4158e-06
2.9915e-06	4.4105e-06	0.031385	5.363e-05	1.0381e-05	4.4397e-05	2.6769e-06	0.01	0.01	9.4213e-06
3.05e-06	4.3026e-06	0.031411	5.1924e-05	1.0407e-05	4.4674e-05	2.7239e-06	0.01	0.01	9.4243e-06
3.1057e-06	4.1927e-06	0.031436	5.0214e-05	1.0429e-05	4.4946e-05	2.7689e-06	0.01	0.01	9.4247e-06
3.1588e-06	4.081e-06	0.031462	4.8499e-05	1.0448e-05	4.521e-05	2.8117e-06	0.01	0.01	9.4225e-06
3.2091e-06	3.9675e-06	0.031488	4.6781e-05	1.0463e-05	4.5469e-05	2.8523e-06	0.01	0.01	9.4177e-06
3.2567e-06	3.8521e-06	0.031514	4.5058e-05	1.0476e-05	4.572e-05	2.8909e-06	0.01	0.01	9.4104e-06
3.3016e-06	3.7349e-06	0.03154	4.3331e-05	1.0484e-05	4.5965e-05	2.9273e-06	0.01	0.01	9.4006e-06
3.3437e-06	3.6158e-06	0.031565	4.16e-05	1.049e-05	4.6204e-05	2.9616e-06	0.01	0.01	9.3881e-06
3.3832e-06	3.4949e-06	0.031591	3.9864e-05	1.0492e-05	4.6436e-05	2.9938e-06	0.01	0.01	9.3731e-06
3.4199e-06	3.3722e-06	0.031617	3.8125e-05	1.049e-05	4.6662e-05	3.0238e-06	0.01	0.01	9.3555e-06
3.4538e-06	3.2476e-06	0.031643	3.6381e-05	1.0486e-05	4.6881e-05	3.0518e-06	0.01	0.01	9.3354e-06
3.4851e-06	3.1211e-06	0.031669	3.4633e-05	1.0478e-05	4.7094e-05	3.0776e-06	0.01	0.01	9.3127e-06
3.5136e-06	2.9928e-06	0.031695	3.288e-05	1.0466e-05	4.73e-05	3.1013e-06	0.01	0.01	9.2874e-06
3.5393e-06	2.8626e-06	0.031721	3.1124e-05	1.0451e-05	4.75e-05	3.1229e-06	0.01	0.01	9.2596e-06
3.5624e-06	2.7306e-06	0.031747	2.9363e-05	1.0433e-05	4.7693e-05	3.1423e-06	0.01	0.01	9.2292e-06
3.5827e-06	2.5968e-06	0.031773	2.7598e-05	1.0412e-05	4.788e-05	3.1596e-06	0.01	0.01	9.1962e-06
3.6003e-06	2.4611e-06	0.031799	2.5829e-05	1.0387e-05	4.806e-05	3.1748e-06	0.01	0.01	9.1607e-06
3.6152e-06	2.3235e-06	0.031825	2.4056e-05	1.0358e-05	4.8234e-05	3.1879e-06	0.01	0.01	9.1226e-06
3.6274e-06	2.1841e-06	0.031851	2.2278e-05	1.0327e-05	4.8401e-05	3.1988e-06	0.01	0.01	9.0819e-06
3.6368e-06	2.0429e-06	0.031877	2.0497e-05	1.0292e-05	4.8562e-05	3.2077e-06	0.01	0.01	9.0387e-06
3.6435e-06	1.8998e-06	0.031903	1.8711e-05	1.0253e-05	4.8716e-05	3.2144e-06	0.01	0.01	8.9929e-06
3.6475e-06	1.7548e-06	0.031929	1.692e-05	1.0212e-05	4.8864e-05	3.219e-06	0.01	0.01	8.9446e-06
3.6487e-06	1.608e-06	0.031955	1.5126e-05	1.0166e-05	4.9005e-05	3.2214e-06	0.01	0.01	8.8937e-06
3.6472e-06	1.4594e-06	0.031981	1.3327e-05	1.0118e-05	4.9139e-05	3.2218e-06	0.01	0.01	8.8402e-06
3.643e-06	1.3089e-06	0.032007	1.1524e-05	1.0066e-05	4.9268e-05	3.22e-06	0.01	0.01	8.7841e-06
3.6361e-06	1.1565e-06	0.032033	9.7173e-06	1.0011e-05	4.9389e-05	3.2161e-06	0.01	0.01	8.7255e-06
3.6264e-06	9.5573e-07	0.032061	8.5729e-06	9.9523e-06	4.9505e-05	3.2101e-06	0.01	0.01	8.6643e-06
3.614e-06	8.119e-07	0.032091	7.8574e-06	9.8904e-06	4.9613e-05	3.2019e-06	0.01	0.01	8.6006e-06
3.5989e-06	7.7661e-07	0.03212	6.9999e-06	9.8251e-06	4.9716e-05	3.1917e-06	0.01	0.01	8.5342e-06
3.581e-06	7.2562e-07	0.032148	5.9778e-06	9.7564e-06	4.9811e-05	3.1793e-06	0.01	0.01	8.4654e-06
3.5605e-06	5.8535e-07	0.032179	5.3378e-06	9.6843e-06	4.9901e-05	3.1647e-06	0.01	0.01	8.3939e-06
2.1598e-06	1.7975e-08	0.033034	7.5447e-08	6.789e-06	5.002e-05	2.112e-06	0.01	0.01	5.7735e-06
2.0684e-06	1.1668e-08	0.033077	7.3178e-08	6.6294e-06	4.994e-05	2.0422e-06	0.01	0.01	5.6353e-06
1.9741e-06	1.4631e-08	0.033119	5.9842e-08	6.4664e-06	4.9854e-05	1.9704e-06	0.01	0.01	5.4945e-06
1.8772e-06	1.9134e-08	0.033163	5.3447e-08	6.3001e-06	4.9761e-05	1.8964e-06	0.01	0.01	5.3512e-06
1.7775e-06	2.0562e-08	0.033206	1.1157e-07	6.1304e-06	4.9662e-05	1.8204e-06	0.01	0.01	5.2053e-06
1.6751e-06	1.8801e-08	0.033249	1.536e-07	5.9573e-06	4.9556e-05	1.7422e-06	0.01	0.01	5.0568e-06
1.57e-06	1.8429e-08	0.033293	2.2072e-07	5.7808e-06	4.9444e-05	1.6618e-06	0.01	0.01	4.9058e-06
1.4622e-06	1.4077e-08	0.033337	2.6921e-07	5.601e-06	4.9326e-05	1.5794e-06	0.01	0.01	4.7522e-06
1.3516e-06	6.2493e-09	0.03338	3.0441e-07	5.4178e-06	4.92e-05	1.4948e-06	0.01	0.01	4.596e-06
1.2383e-06	5.5312e-09	0.033425	3.6869e-07	5.2313e-06	4.9069e-05	1.4081e-06	0.01	0.01	4.4372e-06
1.1222e-06	2.1842e-09	0.03347	4.1295e-07	5.0413e-06	4.8931e-05	1.3193e-06	0.01	0.01	4.2759e-06
1.0034e-06	1.618e-09	0.033513	4.3841e-07	4.848e-06	4.8786e-05	1.2283e-06	0.01	0.01	4.112e-06
8.8194e-07	2.9441e-09	0.033559	4.957e-07	4.6514e-06	4.8635e-05	1.1352e-06	0.01	0.01	3.9456e-06
5.2008e-07	5.1964e-09	0.033605	5.4701e-07	4.4513e-06	4.8522e-05	1.1123e-06	0.01	0.01	3.8234e-06
3.0871e-07	7.9407e-09	0.03365	5.9234e-07	3.8545e-06	4.8385e-05	9.9377e-07	0.01	0.01	3.3685e-06
6.9049e-08	1.2171e-08	0.033696	6.317e-07	3.0602e-06	4.8224e-05	8.3093e-07	0.01	0.01	2.9113e-06
3.75e-08	4.5316e-08	0.033742	6.6509e-07	2.1156e-06	4.8038e-05	6.3439e-07	0.01	0.01	2.4254e-06
4.2699e-08	2.2568e-07	0.033788	6.925e-07	8.6958e-07	4.7829e-05	3.7218e-07	0.01	0.01	1.8937e-06
2.7915e-08	4.742e-07	0.033834	7.1394e-07	3.2694e-07	4.7659e-05	2.5902e-07	0.01	0.01	1.4797e-06
1.882e-08	5.5514e-07	0.033882	7.7508e-07	7.8675e-08	4.7527e-05	2.0992e-07	0.01	0.01	1.1487e-06
4.0599e-09	6.2365e-07	0.033929	8.1263e-07	4.9181e-08	4.7372e-05	1.4063e-07	0.01	0.01	7.8564e-07
2.9334e-09	7.2326e-07	0.033976	8.2752e-07	9.4795e-09	4.7193e-05	5.5657e-08	0.01	0.01	3.9962e-07
9.308e-09	8.6447e-07	0.034021	8.2012e-07	5.4816e-09	4.7052e-05	4.8986e-08	0.01	0.01	3.5081e-07
5.0374e-09	9.5977e-07	0.03407	6.8045e-07	3.4492e-09	4.6887e-05	1.7981e-08	0.01	0.01	1.7931e-07
1.2378e-09	1.1e-06	0.034121	5.9885e-07	2.2496e-09	4.6759e-05	3.9767e-09	0.01	0.01	4.4007e-08
1.3751e-09	1.2385e-06	0.034171	4.9048e-07	7.8168e-09	4.667e-05	3.1332e-09	0.01	0.01	2.5491e-08
6.1949e-09	1.298e-06	0.03422	3.5247e-07	5.3137e-08	4.6618e-05	1.045e-08	0.01	0.01	3.216e-08
6.9758e-09	1.7819e-06	0.034269	1.8138e-07	8.3297e-08	4.6543e-05	1.3222e-08	0.01	0.01	3.4863e-08
8.0997e-09	1.9576e-06	0.03432	7.0309e-08	8.2462e-08	4.6444e-05	5.9477e-09	0.01	0.01	1.7301e-08
5.1319e-09	2.8051e-06	0.034369	6.4247e-08	7.3822e-08	4.6383e-05	9.3656e-09	0.01	0.01	2.1102e-08
2.5818e-09	3.1218e-06	0.034421	6.5992e-08	2.8678e-08	4.6297e-05	4.1223e-09	0.01	0.01	9.1248e-09
6.1724e-09	3.2086e-06	0.034472	5.8702e-08	2.9153e-08	4.6249e-05	7.2312e-09	0.01	0.01	1.1706e-08
3.5413e-08	3.3448e-06	0.03452	1.1555e-07	7.805e-08	4.6238e-05	3.711e-08	0.01	0.01	4.1614e-08
6.497e-08	4.9493e-06	0.035279	1.0798e-07	1.7119e-07	4.5791e-05	9.5026e-08	0.01	0.01	1.0375e-07
5.467e-08	4.9126e-06	0.035329	7.9483e-08	9.0509e-08	4.5734e-05	4.5512e-08	0.01	0.01	3.2808e-08
3.9065e-08	5.1245e-06	0.035378	4.012e-08	9.3072e-08	4.5714e-05	4.5471e-08	0.01	0.01	2.4958e-08
2.061e-08	5.1594e-06	0.035424	4.9013e-08	9.202e-08	4.5731e-05	4.3201e-08	0.01	0.01	4.1339e-08
9.1221e-09	5.2431e-06	0.035472	6.5309e-08	1.1052e-07	4.5741e-05	5.0738e-08	0.01	0.01	6.0795e-08
1.2689e-08	5.3877e-06	0.035519	2.2068e-07	1.201e-07	4.5746e-05	5.3386e-08	0.01	0.01	7.6112e-08
4.0595e-09	5.5067e-06	0.035569	2.6208e-07	9.6324e-08	4.5743e-05	3.7492e-08	0.01	0.01	6.5095e-08
5.1757e-09	5.5309e-06	0.035617	2.9059e-07	6.2375e-08	4.5734e-05	1.5551e-08	0.01	0.01	5.0059e-08
2.8116e-09	5.6629e-06	0.035665	6.0714e-07	7.8444e-08	4.5718e-05	1.7087e-08	0.01	0.01	6.9591e-08
7.052e-09	5.8784e-06	0.035711	8.8543e-07	2.3969e-07	4.5696e-05	5.121e-08	0.01	0.01	2.2031e-07
7.228e-09	6.0623e-06	0.035758	1.1579e-06	3.9746e-07	4.5651e-05	7.4356e-08	0.01	0.01	3.6839e-07
3.3449e-09	6.1974e-06	0.035804	1.4247e-06	5.5175e-07	4.5583e-05	8.8231e-08	0.01	0.01	5.1383e-07
6.8194e-09	6.3064e-06	0.035851	1.6856e-06	7.0257e-07	4.5493e-05	9.3853e-08	0.01	0.01	6.5663e-07
1.1089e-08	6.2381e-06	0.035898	1.9408e-06	8.4991e-07	4.5439e-05	1.1701e-07	0.01	0.01	7.9679e-07
3.9656e-09	6.2282e-06	0.035944	2.1902e-06	9.9377e-07	4.5421e-05	1.7285e-07	0.01	0.01	9.3431e-07
5.7919e-09	6.1819e-06	0.035991	2.4338e-06	1.1342e-06	4.5381e-05	2.1158e-07	0.01	0.01	1.0692e-06
2.6335e-08	6.0967e-06	0.036038	2.6717e-06	1.2711e-06	4.5318e-05	2.3601e-07	0.01	0.01	1.2014e-06
4.1597e-08	5.9873e-06	0.036084	2.9038e-06	1.4045e-06	4.5232e-05	2.4809e-07	0.01	0.01	1.331e-06
3.6951e-08	5.94e-06	0.036131	3.1301e-06	1.5345e-06	4.5182e-05	2.9213e-07	0.01	0.01	1.458e-06
6.9467e-08	5.8586e-06	0.036178	3.3506e-06	1.6609e-06	4.511e-05	3.2011e-07	0.01	0.01	1.5823e-06
7.2158e-08	5.8395e-06	0.036225	3.5654e-06	1.7839e-06	4.5074e-05	3.9466e-07	0.01	0.01	1.704e-06
4.4925e-07	1.0482e-06	0.038852	6.4905e-06	3.1991e-06	0.00012292	1.583e-07	0.01	0.01	4.3336e-06
4.0491e-07	9.4127e-07	0.0389	6.3821e-06	3.1276e-06	0.0001231	1.237e-07	0.01	0.01	4.3076e-06
2.1569e-07	8.6584e-07	0.038949	6.268e-06	3.0526e-06	0.00012334	1.0876e-07	0.01	0.01	4.2789e-06
2.0411e-07	7.7016e-07	0.038998	6.1481e-06	2.9741e-06	0.00012354	8.5554e-08	0.01	0.01	4.2476e-06
2.0415e-07	7.0032e-07	0.039047	6.0224e-06	2.8921e-06	0.00012381	7.6698e-08	0.01	0.01	4.2137e-06
1.5152e-07	6.5154e-07	0.039096	5.8909e-06	2.8067e-06	0.00012413	7.8793e-08	0.01	0.01	4.1771e-06
8.7976e-08	6.3555e-07	0.039145	5.7537e-06	2.7178e-06	0.00012442	7.3384e-08	0.01	0.01	4.1379e-06
9.1162e-08	6.0642e-07	0.039193	5.6107e-06	2.6254e-06	0.00012468	6.0194e-08	0.01	0.01	4.096e-06
6.4996e-08	5.9468e-07	0.039242	5.462e-06	2.5296e-06	0.000125	5.8999e-08	0.01	0.01	4.0516e-06
2.952e-08	5.7482e-07	0.039291	5.3074e-06	2.4302e-06	0.00012529	5.097e-08	0.01	0.01	4.0044e-06
3.0993e-08	5.4119e-07	0.03934	5.1471e-06	2.3274e-06	0.00012555	3.5494e-08	0.01	0.01	3.9547e-06
1.3707e-08	5.2509e-07	0.039389	4.9811e-06	2.2211e-06	0.00012587	3.0532e-08	0.01	0.01	3.9023e-06
1.6858e-08	4.9717e-07	0.039439	4.8092e-06	2.1114e-06	0.00012616	1.9484e-08	0.01	0.01	3.8472e-06
2.3021e-08	4.8534e-07	0.039488	4.6316e-06	1.9982e-06	0.00012652	1.5596e-08	0.01	0.01	3.7896e-06
3.3293e-08	4.8596e-07	0.039537	4.4482e-06	1.8815e-06	0.00012695	1.628e-08	0.01	0.01	3.7292e-06
2.6015e-08	5.009e-07	0.039586	4.259e-06	1.7613e-06	0.00012745	2.1987e-08	0.01	0.01	3.6663e-06
1.4143e-08	5.082e-07	0.039635	4.0641e-06	1.6376e-06	0.00012791	2.2614e-08	0.01	0.01	3.6007e-06
2.0762e-08	5.0397e-07	0.039685	3.8634e-06	1.5105e-06	0.00012833	1.8213e-08	0.01	0.01	3.5325e-06
1.3003e-08	4.9776e-07	0.039734	3.6569e-06	1.3799e-06	0.00012883	1.8994e-08	0.01	0.01	3.4616e-06
2.2544e-08	4.7962e-07	0.039783	3.4447e-06	1.2458e-06	0.00012929	1.4978e-08	0.01	0.01	3.3881e-06
3.829e-08	4.745e-07	0.039833	3.2266e-06	1.1083e-06	0.00012983	1.5475e-08	0.01	0.01	3.312e-06
3.453e-08	4.833e-07	0.039882	3.0028e-06	9.6722e-07	0.00013043	2.0762e-08	0.01	0.01	3.2332e-06
2.5146e-08	4.862e-07	0.039931	2.7413e-06	7.9282e-07	0.000131	2.2111e-08	0.01	0.01	3.1432e-06
9.8448e-09	4.8185e-07	0.039978	2.4183e-06	5.5551e-07	0.00013154	1.8497e-08	0.01	0.01	3.0368e-06
1.1897e-08	4.6685e-07	0.040025	2.0252e-06	2.376e-07	0.00013204	9.6517e-09	0.01	0.01	2.9134e-06
1.5841e-08	4.643e-07	0.040074	1.7945e-06	9.9114e-08	0.00013261	6.0114e-09	0.01	0.01	2.8283e-06
1.5834e-08	4.9037e-07	0.040126	1.6629e-06	8.9058e-08	0.00013326	1.3052e-08	0.01	0.01	3.0344e-06
1.774e-08	4.6906e-07	0.040181	1.2143e-06	3.8931e-08	0.00013386	1.012e-08	0.01	0.01	3.0527e-06
1.6785e-08	4.4579e-07	0.040239	9.3017e-07	1.5748e-08	0.00013455	4.9539e-09	0.01	0.01	3.0684e-06
1.1821e-08	4.4813e-07	0.040293	9.4938e-07	1.9124e-08	0.00013522	9.0403e-09	0.01	0.01	3.0813e-06
8.9203e-09	4.2283e-07	0.040351	8.4122e-07	6.5963e-09	0.00013586	4.6283e-09	0.01	0.01	3.0917e-06
2.1347e-08	4.1032e-07	0.040406	9.5393e-07	9.026e-09	0.00013658	9.0767e-09	0.01	0.01	3.0993e-06
1.8399e-08	4.113e-07	0.040391	1.1469e-06	1.5136e-08	0.00013737	1.8644e-08	0.01	0.01	3.1043e-06
1.7816e-08	3.6503e-07	0.040379	1.1722e-06	7.267e-09	0.00013813	1.6418e-08	0.01	0.01	3.1067e-06
4.5794e-08	3.3677e-07	0.040365	1.6575e-06	1.3525e-08	0.00013896	3.7394e-08	0.01	0.01	3.1064e-06
9.2363e-08	3.2045e-07	0.040352	2.451e-06	2.789e-08	0.00013988	8.5324e-08	0.01	0.01	3.1034e-06
1.0069e-07	3.1433e-07	0.040342	3.6939e-06	5.9198e-08	0.00014089	1.9002e-07	0.01	0.01	3.0977e-06
1.0618e-07	3.0129e-07	0.040333	4.1181e-06	6.1622e-08	0.00014185	2.9258e-07	0.01	0.01	3.0894e-06
2.0954e-07	2.8169e-07	0.040324	4.4644e-06	5.4597e-08	0.00014277	3.6712e-07	0.01	0.01	3.0784e-06
3.1013e-07	2.7204e-07	0.040317	5.0575e-06	4.3952e-08	0.00014377	4.3949e-07	0.01	0.01	3.0648e-06
4.0797e-07	2.5298e-07	0.040309	5.5809e-06	7.6424e-08	0.00014487	5.0971e-07	0.01	0.01	3.0485e-06
5.0303e-07	2.4326e-07	0.040303	6.421e-06	7.7731e-08	0.00014448	5.7777e-07	0.01	0.01	3.0295e-06
5.9534e-07	2.2746e-07	0.040295	7.1578e-06	7.119e-08	0.00014405	6.4366e-07	0.01	0.01	3.0079e-06
6.8488e-07	2.2011e-07	0.040289	8.3269e-06	7.9277e-08	0.0001437	7.074e-07	0.01	0.01	2.9836e-06
7.7166e-07	2.0705e-07	0.040282	9.3113e-06	7.7195e-08	0.00014331	7.6899e-07	0.01	0.01	2.9567e-06
8.5567e-07	2.0177e-07	0.040277	1.0867e-05	9.0981e-08	0.00014299	8.2841e-07	0.01	0.01	2.9271e-06
9.3692e-07	1.9088e-07	0.040271	1.226e-05	9.6538e-08	0.00014264	8.8568e-07	0.01	0.01	2.8948e-06
1.0154e-06	1.7379e-07	0.040268	1.2698e-05	7.0975e-08	0.00014225	9.4078e-07	0.01	0.01	2.8599e-06
1.0911e-06	1.6434e-07	0.040267	1.3447e-05	6.3922e-08	0.00014193	9.9373e-07	0.01	0.01	2.8223e-06
1.1641e-06	1.615e-07	0.040267	1.4713e-05	7.1697e-08	0.00014169	1.0445e-06	0.01	0.01	2.782e-06
1.2343e-06	1.5355e-07	0.040267	1.5774e-05	6.9556e-08	0.00014141	1.0932e-06	0.01	0.01	2.7391e-06
1.3017e-06	1.4e-07	0.040269	1.6049e-05	3.6851e-08	0.00014109	1.1396e-06	0.01	0.01	2.6935e-06
1.3664e-06	1.3302e-07	0.040269	1.8756e-05	4.4769e-08	0.00014084	1.1839e-06	0.01	0.01	2.6452e-06
1.4283e-06	1.3171e-07	0.04027	2.3016e-05	6.774e-08	0.00014066	1.2261e-06	0.01	0.01	2.5943e-06
1.4875e-06	1.2556e-07	0.040271	2.6851e-05	8.2227e-08	0.00014045	1.2661e-06	0.01	0.01	2.5407e-06
1.5439e-06	1.2495e-07	0.04027	5.3256e-05	2.3593e-07	0.00014031	1.304e-06	0.01	0.01	2.4773e-06
1.5975e-06	1.1939e-07	0.040271	6.281e-05	2.8716e-07	0.00014014	1.3396e-06	0.01	0.01	2.4401e-06
1.6483e-06	1.1906e-07	0.040274	7.7814e-05	4.0998e-07	0.00014003	1.3732e-06	0.01	0.01	2.4271e-06
1.6964e-06	1.1404e-07	0.040276	9.1339e-05	5.2928e-07	0.00013989	1.4045e-06	0.01	0.01	2.4051e-06
1.7418e-06	1.1406e-07	0.04028	0.00011258	6.4508e-07	0.00013982	1.4337e-06	0.01	0.01	2.4067e-06
1.7844e-06	1.0924e-07	0.040287	0.00012025	7.5736e-07	0.00013971	1.4608e-06	0.01	0.01	2.4348e-06
1.8242e-06	9.977e-08	0.040293	0.00012676	8.6614e-07	0.00013959	1.4857e-06	0.01	0.01	2.4603e-06
1.8612e-06	8.546e-08	0.040298	0.00013262	9.7141e-07	0.00013947	1.5084e-06	0.01	0.01	2.4831e-06
1.8955e-06	9.7391e-08	0.040305	0.00013456	1.0732e-06	0.00013935	1.529e-06	0.01	0.01	2.5032e-06
1.927e-06	1.047e-07	0.040312	0.00013614	1.1714e-06	0.00013922	1.5474e-06	0.01	0.01	2.5206e-06
1.9558e-06	1.1744e-07	0.04032	0.00013895	1.2662e-06	0.00013908	1.5637e-06	0.01	0.01	2.5353e-06
1.9818e-06	1.3695e-07	0.04033	0.00014365	1.3574e-06	0.00013893	1.5778e-06	0.01	0.01	2.5474e-06
2.005e-06	1.5104e-07	0.040339	0.00014763	1.4451e-06	0.00013878	1.5898e-06	0.01	0.01	2.5568e-06
2.0255e-06	1.7296e-07	0.040351	0.00015393	1.5294e-06	0.00013863	1.5996e-06	0.01	0.01	2.5636e-06
1.8899e-06	1.3009e-07	0.040602	0.00019274	2.4631e-06	0.00013454	1.3757e-06	0.01	0.01	2.1832e-06
1.8551e-06	1.0413e-07	0.040615	0.00020905	2.4772e-06	0.00013426	1.3423e-06	0.01	0.01	2.1364e-06
1.8176e-06	8.5888e-08	0.040629	0.00023461	2.4877e-06	0.00013398	1.3068e-06	0.01	0.01	2.087e-06
1.7773e-06	5.8864e-08	0.040646	0.00024373	2.4948e-06	0.0001337	1.2691e-06	0.01	0.01	2.0348e-06
1.7342e-06	6.5362e-08	0.040661	0.00025145	2.4984e-06	0.0001334	1.2293e-06	0.01	0.01	1.9801e-06
1.6884e-06	7.5769e-08	0.040679	0.00026362	2.4984e-06	0.00013311	1.1873e-06	0.01	0.01	1.9226e-06
1.6399e-06	8.1601e-08	0.040698	0.00026783	2.4949e-06	0.0001328	1.1432e-06	0.01	0.01	1.8624e-06
1.5885e-06	9.4307e-08	0.040717	0.00027158	2.488e-06	0.00013249	1.0969e-06	0.01	0.01	1.7996e-06
1.5344e-06	1.2729e-07	0.040737	0.00027243	2.4775e-06	0.00013218	1.0484e-06	0.01	0.01	1.7341e-06
1.4776e-06	1.5346e-07	0.04076	0.00027132	2.4635e-06	0.00013185	9.9779e-07	0.01	0.01	1.666e-06
1.418e-06	1.9082e-07	0.040782	0.00027474	2.446e-06	0.00013153	9.4501e-07	0.01	0.01	1.5951e-06
1.3556e-06	2.2056e-07	0.040805	0.00027542	2.425e-06	0.00013119	8.9007e-07	0.01	0.01	1.5216e-06
1.2904e-06	2.6361e-07	0.040831	0.00027411	2.4005e-06	0.00013085	8.3297e-07	0.01	0.01	1.4454e-06
1.2225e-06	3.2685e-07	0.040859	0.00027371	2.2123e-06	0.00013058	7.7372e-07	0.01	0.01	1.3914e-06
1.1518e-06	3.7998e-07	0.040886	0.00027299	1.9795e-06	0.00013028	7.123e-07	0.01	0.01	1.3258e-06
1.0784e-06	4.2375e-07	0.040912	0.00027193	1.6619e-06	0.00012994	6.4873e-07	0.01	0.01	1.2481e-06
1.0022e-06	4.8797e-07	0.040938	0.00027088	8.1787e-07	0.00012956	5.83e-07	0.01	0.01	1.1678e-06
9.2325e-07	5.3109e-07	0.040967	0.0002667	4.3554e-07	0.00012915	5.1511e-07	0.01	0.01	1.1088e-06
3.0675e-07	1.3344e-06	0.041417	0.00027762	1.4886e-08	0.00012484	7.5405e-09	0.01	0.01	3.2557e-07
3.2455e-07	1.3968e-06	0.041448	0.00027628	2.3781e-08	0.00012475	1.304e-08	0.01	0.01	2.9961e-07
3.3148e-07	1.4461e-06	0.041477	0.00027454	2.6631e-08	0.00012464	1.4888e-08	0.01	0.01	2.6666e-07
3.5903e-07	1.5263e-06	0.041509	0.00027388	1.1105e-08	0.00012449	5.8875e-09	0.01	0.01	2.4183e-07
3.7476e-07	1.5917e-06	0.04154	0.00027288	1.5468e-08	0.0001244	8.1806e-09	0.01	0.01	2.1037e-07
4.1456e-07	1.6434e-06	0.041575	0.00026887	1.3226e-08	0.00012428	2.043e-09	0.01	0.01	1.8611e-07
4.4101e-07	1.6818e-06	0.041609	0.00026439	3.6037e-08	0.00012423	2.3124e-09	0.01	0.01	1.5554e-07
4.5498e-07	1.7077e-06	0.041643	0.00025905	2.1949e-07	0.00012424	1.0605e-08	0.01	0.01	1.1848e-07
4.569e-07	1.7216e-06	0.041675	0.00025273	3.707e-07	0.00012422	1.5095e-08	0.01	0.01	1.3743e-07
2.2693e-07	6.0034e-07	0.042668	3.459e-05	1.7315e-07	0.00012106	7.1019e-08	0.01	0.01	3.3944e-07
2.0109e-07	5.5513e-07	0.04262	2.9884e-05	1.3914e-07	0.00012091	5.8341e-08	0.01	0.01	3.3617e-07
1.8905e-07	5.2495e-07	0.042575	2.6698e-05	1.2751e-07	0.00012082	5.5414e-08	0.01	0.01	3.3872e-07
1.9033e-07	5.0901e-07	0.042531	2.4655e-05	6.6469e-08	0.0001207	2.9249e-08	0.01	0.01	3.4815e-07
1.829e-07	4.8525e-07	0.042487	2.2238e-05	7.1103e-08	0.00012064	3.3562e-08	0.01	0.01	3.5114e-07
1.8888e-07	4.7493e-07	0.042445	2.0719e-05	4.833e-08	0.00012055	2.3275e-08	0.01	0.01	3.6149e-07
1.8611e-07	4.5707e-07	0.042402	1.8912e-05	6.7669e-08	0.00012052	3.5663e-08	0.01	0.01	3.6526e-07
1.9701e-07	4.5172e-07	0.042361	1.7785e-05	6.0878e-08	0.00012046	3.2704e-08	0.01	0.01	3.7663e-07
1.9895e-07	4.3917e-07	0.04232	1.6438e-05	4.385e-08	0.00012039	2.3839e-08	0.01	0.01	3.8134e-07
1.9199e-07	4.1914e-07	0.042278	1.4836e-05	6.6949e-08	0.00012394	3.8264e-08	0.01	0.01	3.7943e-07
1.9873e-07	4.1121e-07	0.042238	1.3833e-05	6.3123e-08	0.00012749	3.6431e-08	0.01	0.01	3.8511e-07
1.9659e-07	3.9615e-07	0.042197	1.2635e-05	4.9336e-08	0.00013104	2.8642e-08	0.01	0.01	3.8415e-07
1.8547e-07	3.7384e-07	0.042155	1.1209e-05	2.7583e-08	0.00013458	1.6084e-08	0.01	0.01	3.7654e-07
1.6508e-07	3.44e-07	0.042113	9.5192e-06	3.7887e-08	0.00013812	2.2532e-08	0.01	0.01	3.6226e-07
1.5857e-07	3.267e-07	0.042073	8.452e-06	2.82e-08	0.00014166	1.6831e-08	0.01	0.01	3.5562e-07
1.4363e-07	3.0254e-07	0.042032	7.1879e-06	9.5008e-09	0.00014519	5.6747e-09	0.01	0.01	3.4249e-07
1.1978e-07	2.712e-07	0.04199	5.6948e-06	1.1367e-08	0.00014872	6.8557e-09	0.01	0.01	3.228e-07
1.0848e-07	2.512e-07	0.04195	4.741e-06	1.7357e-08	0.00015225	1.0516e-08	0.01	0.01	3.104e-07
1.0705e-07	2.4054e-07	0.041913	4.138e-06	8.4417e-09	0.00015577	5.0474e-09	0.01	0.01	3.0474e-07
9.8261e-08	2.2384e-07	0.041875	3.4166e-06	1.5104e-08	0.00015929	9.0046e-09	0.01	0.01	2.928e-07
9.869e-08	2.1572e-07	0.041838	2.9647e-06	3.0618e-08	0.0001628	1.8181e-08	0.01	0.01	2.8743e-07
1.0839e-07	2.1982e-07	0.041804	2.6887e-06	2.6933e-08	0.00016631	1.5758e-08	0.01	0.01	2.8832e-07
1.1065e-07	2.7176e-07	0.04177	2.3488e-06	6.1003e-08	0.00016982	3.5565e-08	0.01	0.01	2.8308e-07
1.2321e-07	2.7647e-07	0.041737	2.1455e-06	6.4835e-08	0.00017332	3.7458e-08	0.01	0.01	2.8407e-07
1.2499e-07	2.7546e-07	0.041604	1.0925e-06	2.0105e-08	0.0001873	8.5256e-09	0.01	0.01	2.4711e-07
1.1334e-07	2.6611e-07	0.04157	7.6238e-07	2.9803e-08	0.00019079	1.1786e-08	0.01	0.01	2.2757e-07
1.1193e-07	2.655e-07	0.041538	5.5279e-07	2.1357e-08	0.00019427	5.5265e-09	0.01	0.01	2.1409e-07
1.0308e-07	2.59e-07	0.041505	2.975e-07	4.08e-08	0.00019775	9.2919e-09	0.01	0.01	1.9466e-07
1.0366e-07	2.505e-07	0.041474	1.3255e-07	8.3715e-08	0.00020123	1.7696e-08	0.01	0.01	1.8074e-07
1.1382e-07	2.4003e-07	0.041445	2.4367e-08	9.0319e-08	0.0002047	1.4762e-08	0.01	0.01	1.7164e-07
1.1644e-07	2.2756e-07	0.041416	1.0588e-08	8.6288e-08	0.00020817	6.9467e-09	0.01	0.01	1.5702e-07
1.116e-07	2.2329e-07	0.041386	1.7479e-08	7.8641e-08	0.00021164	1.0809e-08	0.01	0.01	1.3677e-07
1.1653e-07	2.2674e-07	0.041358	2.5664e-08	8.7813e-08	0.0002151	1.9777e-08	0.01	0.01	1.2113e-07
1.3253e-07	2.3834e-07	0.041331	3.6878e-08	6.8044e-08	0.00021856	1.686e-08	0.01	0.01	1.0935e-07
1.4033e-07	2.4411e-07	0.041304	3.8443e-08	9.9619e-08	0.00022201	3.6508e-08	0.01	0.01	9.2416e-08
1.6111e-07	2.586e-07	0.041279	4.3871e-08	9.7959e-08	0.00022546	3.8191e-08	0.01	0.01	7.8869e-08
1.7289e-07	2.6702e-07	0.041254	3.9491e-08	8.8105e-08	0.00022891	3.5456e-08	0.01	0.01	6.034e-08
1.7609e-07	2.6951e-07	0.041227	2.5223e-08	6.6554e-08	0.00023236	2.6743e-08	0.01	0.01	7.9953e-08
1.7082e-07	2.8089e-07	0.0412	4.5717e-08	3.1721e-08	0.0002358	1.1417e-08	0.01	0.01	9.4547e-08
1.5691e-07	2.8619e-07	0.041173	5.5656e-08	3.6934e-08	0.00023924	1.3953e-08	0.01	0.01	1.0422e-07
1.5539e-07	3.0081e-07	0.041147	7.2492e-08	5.38e-08	0.00024267	2.1489e-08	0.01	0.01	1.1702e-07
1.6588e-07	3.2627e-07	0.041123	9.9593e-08	4.6545e-08	0.0002461	1.6768e-08	0.01	0.01	1.3359e-07
1.6806e-07	3.4483e-07	0.041098	1.1425e-07	2.9896e-08	0.00024953	6.8425e-09	0.01	0.01	1.449e-07
1.6194e-07	3.5669e-07	0.041073	1.1677e-07	4.5811e-08	0.00025295	9.4066e-09	0.01	0.01	1.51e-07
1.6812e-07	3.8004e-07	0.041049	1.3052e-07	8.4194e-08	0.00025637	1.6309e-08	0.01	0.01	1.6107e-07
1.8804e-07	4.1724e-07	0.041028	1.5823e-07	8.8008e-08	0.00025979	3.1647e-08	0.01	0.01	1.7561e-07
2.2679e-07	4.4619e-07	0.041008	1.3291e-07	8.1178e-08	0.0002632	3.1284e-08	0.01	0.01	1.9537e-07
2.5399e-07	4.6728e-07	0.040988	9.316e-08	6.6272e-08	0.00026661	2.6669e-08	0.01	0.01	2.0928e-07
2.7053e-07	5.0317e-07	0.040967	1.2534e-07	3.9509e-08	0.00027002	1.6216e-08	0.01	0.01	2.1743e-07
2.7692e-07	5.3055e-07	0.040945	1.4396e-07	5.1932e-08	0.00027343	2.4384e-08	0.01	0.01	2.1988e-07
3.0188e-07	5.7494e-07	0.040926	1.7889e-07	4.1582e-08	0.00027683	1.9899e-08	0.01	0.01	2.2756e-07
3.158e-07	6.0979e-07	0.041034	1.9754e-07	2.3868e-08	0.00028022	1.1261e-08	0.01	0.01	2.2946e-07
3.1915e-07	6.3576e-07	0.041141	2.0202e-07	3.5066e-08	0.00028362	1.7788e-08	0.01	0.01	2.2562e-07
3.4196e-07	6.7962e-07	0.041252	2.2351e-07	2.6764e-08	0.00028701	1.3189e-08	0.01	0.01	2.27e-07
3.5367e-07	7.1396e-07	0.041362	2.3051e-07	5.1366e-08	0.00029039	2.6366e-08	0.01	0.01	2.2272e-07
3.6255e-07	7.6708e-07	0.041373	2.5457e-07	7.2356e-08	0.00029377	3.7317e-08	0.01	0.01	2.2305e-07
3.6861e-07	8.426e-07	0.041385	2.9695e-07	8.9734e-08	0.00029715	4.6041e-08	0.01	0.01	2.276e-07
3.7184e-07	9.4691e-07	0.041399	3.6357e-07	1.035e-07	0.00030053	5.2539e-08	0.01	0.01	2.3648e-07
3.7225e-07	1.0378e-06	0.041413	4.1342e-07	1.1365e-07	0.0003039	5.681e-08	0.01	0.01	2.4014e-07
3.6983e-07	1.1163e-06	0.041426	4.4729e-07	1.202e-07	0.00030727	5.8855e-08	0.01	0.01	2.3859e-07
3.6459e-07	1.1806e-06	0.041441	5.0861e-07	1.2313e-07	0.00031064	5.8674e-08	0.01	0.01	2.416e-07
3.5652e-07	1.2023e-06	0.041457	4.6741e-07	1.2245e-07	0.000314	5.6266e-08	0.01	0.01	2.4939e-07
3.4563e-07	1.2415e-06	0.041475	4.4782e-07	1.1816e-07	0.00031736	5.1632e-08	0.01	0.01	2.6126e-07
3.3191e-07	1.2729e-06	0.041493	4.1469e-07	1.1025e-07	0.00032072	4.4772e-08	0.01	0.01	2.6831e-07
3.3192e-07	1.3224e-06	0.041511	4.0014e-07	1.1541e-07	0.00032407	4.4289e-08	0.01	0.01	2.7938e-07
3.4575e-07	1.3936e-06	0.041532	4.0292e-07	1.3567e-07	0.00032742	5.0053e-08	0.01	0.01	2.9488e-07
3.5146e-07	1.455e-06	0.041552	3.9254e-07	1.4613e-07	0.00033077	5.0889e-08	0.01	0.01	3.053e-07
3.7668e-07	1.5476e-06	0.041574	4.0553e-07	1.17e-07	0.00033411	3.0983e-08	0.01	0.01	3.2225e-07
4.2864e-07	1.6827e-06	0.041597	4.4599e-07	2.0268e-08	0.00033745	2.3295e-08	0.01	0.01	3.4698e-07
4.6591e-07	1.7974e-06	0.04162	4.6749e-07	8.7399e-09	0.00034078	9.3578e-09	0.01	0.01	3.6488e-07
4.8968e-07	1.8942e-06	0.041642	4.7062e-07	1.3654e-08	0.00034412	1.1419e-08	0.01	0.01	3.7608e-07
5.4299e-07	2.0366e-06	0.041667	5.0269e-07	4.9975e-09	0.00034744	3.7897e-09	0.01	0.01	3.9537e-07
5.8068e-07	2.1582e-06	0.04169	5.1557e-07	8.0135e-09	0.00035077	5.0785e-09	0.01	0.01	4.0777e-07
6.5539e-07	2.3346e-06	0.041715	5.6056e-07	1.5023e-08	0.00035409	8.6119e-09	0.01	0.01	4.2884e-07
7.113e-07	2.4864e-06	0.04174	5.8497e-07	1.6509e-08	0.00035741	8.8237e-09	0.01	0.01	4.428e-07
8.1438e-07	2.5007e-06	0.041767	6.4577e-07	2.4443e-08	0.00036073	1.2355e-08	0.01	0.01	4.6593e-07
8.943e-07	2.5011e-06	0.041793	6.8406e-07	1.0314e-07	0.00036404	5.0768e-08	0.01	0.01	7.2462e-07
9.536e-07	2.4875e-06	0.041818	7.0086e-07	1.5856e-07	0.00036735	7.7268e-08	0.01	0.01	9.5943e-07
9.9416e-07	2.4598e-06	0.041842	6.9659e-07	2.0046e-07	0.00037066	9.6625e-08	0.01	0.01	1.1719e-06
1.0173e-06	2.4175e-06	0.041866	6.7115e-07	5.7003e-07	0.00037396	2.7388e-07	0.01	0.01	1.3636e-06
1.0814e-06	2.4066e-06	0.041892	6.8082e-07	7.0517e-07	0.00037726	3.3747e-07	0.01	0.01	1.6052e-06
1.1256e-06	2.4567e-06	0.041917	1.0246e-06	1.8122e-06	0.00038055	8.6585e-07	0.01	0.01	1.8233e-06
1.2196e-06	2.5441e-06	0.041944	1.5645e-06	2.2324e-06	0.00038385	1.065e-06	0.01	0.01	2.0988e-06
1.3868e-06	2.6781e-06	0.041973	2.4112e-06	3.2067e-06	0.00038713	1.5269e-06	0.01	0.01	2.4456e-06
1.6683e-06	2.6789e-06	0.042004	2.689e-06	3.5677e-06	0.00039042	1.6956e-06	0.01	0.01	2.8809e-06
1.8998e-06	2.6656e-06	0.042035	2.9123e-06	3.8331e-06	0.0003937	1.8181e-06	0.01	0.01	3.2784e-06
2.0887e-06	2.6383e-06	0.042064	3.0873e-06	4.0225e-06	0.00039698	1.9033e-06	0.01	0.01	3.641e-06
2.405e-06	2.6418e-06	0.042024	3.3937e-06	4.4975e-06	0.00040026	1.8862e-06	0.01	0.01	4.0954e-06
2.668e-06	2.6321e-06	0.041983	3.6436e-06	4.8586e-06	0.00040353	2.1894e-06	0.01	0.01	4.5119e-06
3.0963e-06	2.6521e-06	0.041944	4.0499e-06	5.6389e-06	0.0004068	2.275e-06	0.01	0.01	5.0307e-06
4.1314e-05	2.423e-06	0.039745	3.464e-05	0.00010307	0.00060016	1.164e-05	0.01	0.01	4.0529e-05
4.1756e-05	2.3466e-06	0.03971	3.4872e-05	0.00011656	0.00060323	1.3006e-05	0.01	0.01	4.0992e-05
4.2576e-05	2.3043e-06	0.039676	3.5417e-05	0.00012142	0.0006063	1.602e-05	0.01	0.01	4.1609e-05
4.3968e-05	2.2914e-06	0.039644	3.6369e-05	0.00012312	0.00060937	1.7124e-05	0.01	0.01	4.2411e-05
4.5358e-05	2.2658e-06	0.039611	3.7166e-05	0.00012481	0.00061243	1.8227e-05	0.01	0.01	4.3141e-05
4.6747e-05	2.2677e-06	0.03958	3.8439e-05	0.00012651	0.00061549	1.9329e-05	0.01	0.01	4.3868e-05
4.8135e-05	2.2573e-06	0.039549	3.9531e-05	0.0001282	0.00061855	2.043e-05	0.01	0.01	4.453e-05
4.9521e-05	2.2739e-06	0.03952	4.1215e-05	0.00012989	0.0006216	2.153e-05	0.01	0.01	4.538e-05
5.0905e-05	2.326e-06	0.039492	4.3765e-05	0.00013158	0.00062465	2.2629e-05	0.01	0.01	4.6457e-05
5.2289e-05	2.4121e-06	0.039466	4.7564e-05	0.00013327	0.0006277	2.3726e-05	0.01	0.01	4.7806e-05
5.367e-05	2.5403e-06	0.039442	5.3201e-05	0.00013495	0.00063074	2.4823e-05	0.01	0.01	4.9154e-05
5.5051e-05	2.7229e-06	0.03942	6.1579e-05	0.00013664	0.00063378	2.5918e-05	0.01	0.01	5.05e-05
5.643e-05	2.8821e-06	0.039397	6.8928e-05	0.00013832	0.00063682	2.7012e-05	0.01	0.01	5.1846e-05
5.7808e-05	3.0198e-06	0.039376	7.1156e-05	0.00014	0.00063986	2.8105e-05	0.01	0.01	5.319e-05
5.9184e-05	3.2154e-06	0.039356	7.4557e-05	0.00014168	0.00064289	2.9197e-05	0.01	0.01	5.4532e-05
