

TREE # 1

  0  0.0000   2943.018844  x:  0.03470   0.03851   0.09514   0.04721   0.01406   0.10372   0.05891   0.10087   0.10236   0.05366   0.05944   0.01509   0.08787   0.06515   0.07513   0.07960   0.49603   0.58903  
  1 99.0000   2519.917515  x:  0.12380   0.51652   0.21699   0.13631   0.42072   0.13631   0.19011   0.12648   0.13388   0.16607   0.02802   0.00000   0.08797   0.15845   0.11122   0.20558   0.48302   0.58878  
  2 2846.4086   2516.296681  x:  0.12825   0.53493   0.22513   0.14076   0.43433   0.13796   0.19812   0.12935   0.13514   0.17374   0.02293   0.05535   0.08600   0.16523   0.11475   0.21237   0.48041   0.58837  
  3 1539.2417   2507.715331  x:  0.13162   0.53174   0.23853   0.14413   0.42281   0.13919   0.20924   0.13693   0.13489   0.18554   0.00000   0.05551   0.07725   0.17746   0.12313   0.21938   0.47091   0.58656  
  4 229.5896   2502.937868  x:  0.13034   0.55524   0.27772   0.14285   0.38363   0.13886   0.21212   0.11749   0.13160   0.19385   0.00000   0.05611   0.03430   0.15331   0.08694   0.25309   0.39868   0.57294  
  5 86.2168   2501.242817  x:  0.11937   0.57965   0.28382   0.13188   0.35763   0.13990   0.19983   0.10888   0.13596   0.18737   0.00000   0.05630   0.04977   0.14848   0.10780   0.27156   0.34310   0.55967  
  6 63.2922   2500.903350  x:  0.11511   0.59128   0.27582   0.12762   0.34565   0.14253   0.19976   0.12254   0.13990   0.18247   0.00000   0.05622   0.05530   0.15671   0.09774   0.27721   0.33394   0.55055  
  7 24.9077   2500.474862  x:  0.11782   0.61627   0.25422   0.13032   0.31620   0.14649   0.20350   0.11728   0.14674   0.17969   0.00000   0.05567   0.04635   0.16055   0.10208   0.29095   0.34736   0.52096  
  8 14.4562   2500.246983  x:  0.12286   0.62233   0.25205   0.13537   0.30529   0.14380   0.20540   0.11746   0.14469   0.19035   0.00000   0.05504   0.05713   0.15417   0.09927   0.29541   0.35375   0.49676  
  9 14.4931   2499.452159  x:  0.12894   0.61984   0.26082   0.14145   0.30999   0.13411   0.20304   0.12333   0.12683   0.18073   0.00000   0.05276   0.05403   0.15824   0.10298   0.29079   0.35538   0.40809  
 10 14.4557   2498.865120  x:  0.12111   0.61009   0.25861   0.13362   0.32103   0.14750   0.20909   0.11859   0.14260   0.19423   0.00000   0.05056   0.04901   0.16005   0.10276   0.28318   0.34943   0.36228  
 11 19.0194   2490.397588  x:  0.16570   0.56449   0.30510   0.17821   0.31828   0.12314   0.30984   0.13531   0.23282   0.16125   0.00000   0.01302   0.05682   0.15501   0.12204   0.33071   0.31823   0.37494  
 12  3.6992   2486.898717  x:  0.16594   0.56256   0.31844   0.17846   0.31300   0.11893   0.30511   0.13058   0.22823   0.17857   0.00000   0.00226   0.05339   0.17733   0.12227   0.33863   0.31582   0.38776  
 13 46.4540   2486.623815  x:  0.16198   0.56580   0.32142   0.17450   0.31139   0.12868   0.30524   0.14170   0.22060   0.18108   0.00000   0.00150   0.04874   0.16703   0.12819   0.33760   0.31820   0.39049  
 14 15.8233   2483.522117  x:  0.12555   0.58456   0.35208   0.13807   0.28921   0.15704   0.37575   0.12811   0.15318   0.18955   0.00000   0.00284   0.05643   0.17595   0.13376   0.31578   0.32357   0.41747  
 15  4.0115   2476.802298  x:  0.14357   0.58754   0.39555   0.15610   0.27479   0.18191   0.30031   0.19171   0.15374   0.25700   0.00000   0.00753   0.00861   0.18493   0.16646   0.33636   0.31829   0.46740  
 16 16.8292   2476.499564  x:  0.14065   0.58054   0.41121   0.15317   0.27568   0.19900   0.29179   0.18984   0.15494   0.25169   0.00000   0.00771   0.01436   0.18960   0.16461   0.36024   0.32897   0.46787  
 17 16.2796   2476.407289  x:  0.13344   0.57518   0.40636   0.14596   0.28117   0.18978   0.29407   0.19207   0.15161   0.25539   0.00000   0.00771   0.01237   0.18831   0.16617   0.37761   0.33043   0.46779  
 18  4.2986   2473.576666  x:  0.16234   0.56362   0.38572   0.17487   0.28862   0.19551   0.31582   0.17591   0.10786   0.29081   0.00000   0.00620   0.01989   0.23666   0.16578   0.39767   0.29011   0.48792  
 19  0.4895   2470.597367  x:  0.13782   0.59084   0.45532   0.15036   0.26809   0.12867   0.32357   0.17419   0.13797   0.32119   0.00000   0.00465   0.02242   0.27746   0.17024   0.37832   0.30549   0.50420  
 20 22.5927   2466.135556  x:  0.16461   0.62650   0.55798   0.17715   0.31531   0.20870   0.32958   0.17707   0.14869   0.34874   0.00000   0.00693   0.00800   0.34947   0.17787   0.40346   0.32075   0.49681  
 21  0.0631   2459.197450  x:  0.17385   0.79976   0.53662   0.18641   0.41111   0.13609   0.37580   0.22808   0.14811   0.39371   0.00000   0.01042   0.03670   0.35444   0.20177   0.39779   0.26155   0.40600  
 22  0.0852   2454.532913  x:  0.15591   0.98140   0.50264   0.16845   0.47377   0.13308   0.38843   0.19770   0.10641   0.35435   0.00000   0.01131   0.02292   0.33802   0.17906   0.39098   0.34048   0.34136  
 23  0.1036   2452.423469  x:  0.15323   1.08101   0.47908   0.16577   0.50500   0.15883   0.37394   0.16928   0.15296   0.32421   0.00000   0.01191   0.01365   0.31819   0.15987   0.39013   0.31800   0.38130  
 24  0.1146   2451.948931  x:  0.15898   1.14435   0.46929   0.17152   0.52276   0.14555   0.36594   0.18172   0.14704   0.33736   0.00000   0.01257   0.01785   0.30689   0.16790   0.39034   0.29349   0.36436  
 25  0.0546   2451.830647  x:  0.16351   1.18875   0.47570   0.17605   0.52818   0.14848   0.36452   0.17890   0.13699   0.34211   0.00000   0.01225   0.01460   0.30605   0.17023   0.38981   0.30065   0.35047  
 26  0.0261   2451.765622  x:  0.16670   1.21215   0.47849   0.17924   0.52154   0.15088   0.36788   0.17658   0.14330   0.34594   0.00000   0.01078   0.01738   0.29992   0.17317   0.38367   0.29912   0.35080  
 27  0.0079   2451.706326  x:  0.16401   1.20855   0.47639   0.17655   0.51164   0.14699   0.36770   0.17556   0.14351   0.34560   0.00000   0.00834   0.01513   0.29696   0.17283   0.38890   0.30089   0.34563  
 28  0.0051   2451.684885  x:  0.16272   1.19538   0.47681   0.17526   0.51669   0.14911   0.36627   0.18097   0.14111   0.34632   0.00000   0.00775   0.01494   0.30085   0.17272   0.39193   0.30010   0.35211  
 29  0.0090   2451.680680  x:  0.16346   1.20147   0.47552   0.17600   0.52357   0.14998   0.36606   0.18073   0.14127   0.34517   0.00000   0.00770   0.01546   0.30032   0.17204   0.38919   0.29952   0.35038  
 30  0.0061   2451.680400  x:  0.16357   1.20043   0.47581   0.17611   0.52400   0.14953   0.36622   0.18041   0.14138   0.34498   0.00000   0.00760   0.01544   0.30059   0.17198   0.38903   0.29985   0.35008  
 31  0.0011   2451.680349  x:  0.16368   1.19969   0.47608   0.17622   0.52431   0.14944   0.36618   0.18034   0.14135   0.34485   0.00000   0.00765   0.01545   0.30066   0.17205   0.38898   0.29979   0.35023  
 32  0.0007   2451.680332  x:  0.16372   1.19953   0.47627   0.17626   0.52432   0.14948   0.36614   0.18032   0.14134   0.34480   0.00000   0.00763   0.01546   0.30049   0.17215   0.38896   0.29971   0.35037  
 33  0.0003   2451.680331  x:  0.16368   1.19950   0.47629   0.17622   0.52434   0.14948   0.36614   0.18034   0.14132   0.34479   0.00000   0.00763   0.01546   0.30044   0.17217   0.38897   0.29975   0.35036  
 34  0.0001   2451.680331  x:  0.16367   1.19949   0.47632   0.17621   0.52435   0.14948   0.36615   0.18034   0.14133   0.34480   0.00000   0.00763   0.01546   0.30044   0.17217   0.38897   0.29974   0.35036  
 35  0.0000   2451.680331  x:  0.16367   1.19949   0.47632   0.17621   0.52435   0.14948   0.36615   0.18034   0.14133   0.34481   0.00000   0.00763   0.01546   0.30044   0.17217   0.38897   0.29974   0.35036  
 36  0.0000   2451.680331  x:  0.16367   1.19948   0.47632   0.17621   0.52435   0.14948   0.36615   0.18034   0.14133   0.34481   0.00000   0.00763   0.01546   0.30044   0.17217   0.38897   0.29974   0.35036  
 37  0.0000   2451.680331  x:  0.16367   1.19948   0.47632   0.17621   0.52435   0.14948   0.36615   0.18034   0.14133   0.34481   0.00000   0.00763   0.01546   0.30044   0.17217   0.38897   0.29974   0.35036  
 38  0.0000   2451.680331  x:  0.16367   1.19948   0.47632   0.17621   0.52435   0.14948   0.36615   0.18034   0.14133   0.34481   0.00000   0.00763   0.01546   0.30044   0.17217   0.38897   0.29974   0.35036  