Afrotheria_vs_Alligators	0.0174510448279307	0.040531458955194	4.1e-02
Afrotheria_vs_Artiyodactyla	0.0193422324227568	0.0442108169663013	4.4e-02
Afrotheria_vs_Birds	0.000164625509598719	0.000817450806283294	8.2e-04
Afrotheria_vs_Caniformia	0.449779021475241	0.55357418027722	5.5e-01
Afrotheria_vs_Chiroptera	0.00409842169665939	0.0115720142023324	1.2e-02
Afrotheria_vs_Feliformia	0.213373707093118	0.320060560639678	3.2e-01
Afrotheria_vs_Monotremata	0.342781711147911	0.45284923307614	4.5e-01
Afrotheria_vs_Perissodactyla	0.0174510448279307	0.040531458955194	4.1e-02
Afrotheria_vs_Primates	0.441571513581897	0.55357418027722	5.5e-01
Afrotheria_vs_Reptile	0.00311494268633936	0.0101943578825652	1.0e-02
Afrotheria_vs_Rodents	0.85220043284586	0.915797480073163	9.2e-01
Afrotheria_vs_Turtle	0.00727076903941148	0.0186962632442009	1.9e-02
Alligators_vs_Artiyodactyla	0.00143830270524693	0.00531065614245022	5.3e-03
Alligators_vs_Birds	0.0472926504268501	0.0986977052386436	9.9e-02
Alligators_vs_Caniformia	0.0020542480645862	0.00687934235582355	6.9e-03
Alligators_vs_Chiroptera	0.00377719762774661	0.0108783291679102	1.1e-02
Alligators_vs_Feliformia	0.276500480083433	0.36866730677791	3.7e-01
Alligators_vs_Monotremata	0.276500480083433	0.36866730677791	3.7e-01
Alligators_vs_Perissodactyla	0.0284295359987965	0.0611022863257717	6.1e-02
Alligators_vs_Primates	0.00126501841480605	0.00492331491167761	4.9e-03
Alligators_vs_Reptile	0.244551013277555	0.35215345911968	3.5e-01
Alligators_vs_Rodents	0.00337791775251344	0.0102070035895147	1.0e-02
Alligators_vs_Turtle	0.590636178473811	0.691476501627876	6.9e-01
Artiyodactyla_vs_Alligators	0.00143830270524693	0.00531065614245022	5.3e-03
Artiyodactyla_vs_Birds	1.51971345044684e-12	5.47096842160864e-11	5.5e-11
Artiyodactyla_vs_Caniformia	0.243806862694203	0.35215345911968	3.5e-01
Artiyodactyla_vs_Chiroptera	0.105965151558735	0.20345309099277	2.0e-01
Artiyodactyla_vs_Feliformia	0.942893554029217	0.969833369858623	9.7e-01
Artiyodactyla_vs_Monotremata	0.133297119577538	0.234067178985993	2.3e-01
Artiyodactyla_vs_Perissodactyla	0.154728923485378	0.258691154488215	2.6e-01
Artiyodactyla_vs_Primates	0.00184992793246075	0.00649730786034996	6.5e-03
Artiyodactyla_vs_Reptile	1.06478266236986e-05	0.000127773919484384	1.3e-04
Artiyodactyla_vs_Rodents	0.63576080998173	0.720862650687945	7.2e-01
Artiyodactyla_vs_Turtle	0.000161196360232597	0.000817450806283294	8.2e-04
Birds_vs_Alligators	0.0472926504268501	0.0986977052386436	9.9e-02
Birds_vs_Artiyodactyla	1.51971345044684e-12	5.47096842160864e-11	5.5e-11
Birds_vs_Caniformia	7.74695416683007e-11	1.85926900003922e-09	1.9e-09
Birds_vs_Chiroptera	2.83626089339165e-06	5.10526960810497e-05	5.1e-05
Birds_vs_Feliformia	0.112533512238776	0.205124376739035	2.1e-01
Birds_vs_Monotremata	0.0874695197953328	0.177402969725745	1.8e-01
Birds_vs_Perissodactyla	0.00340233452983824	0.0102070035895147	1.0e-02
Birds_vs_Primates	3.94032499420583e-16	2.8370339958282e-14	2.8e-14
Birds_vs_Reptile	0.000128607010584299	0.000712284981697656	7.1e-04
Birds_vs_Rodents	1.84677851212331e-05	0.000189954361246969	1.9e-04
Birds_vs_Turtle	0.00831703636211874	0.0206491937266396	2.1e-02
Caniformia_vs_Alligators	0.0020542480645862	0.00687934235582355	6.9e-03
Caniformia_vs_Artiyodactyla	0.243806862694203	0.35215345911968	3.5e-01
Caniformia_vs_Birds	7.74695416683007e-11	1.85926900003922e-09	1.9e-09
Caniformia_vs_Chiroptera	0.0258811566338768	0.0573367162350501	5.7e-02
Caniformia_vs_Feliformia	0.789512554916126	0.854810585773851	8.5e-01
Caniformia_vs_Monotremata	0.376385991900261	0.479642325961395	4.8e-01
Caniformia_vs_Perissodactyla	0.0958855776700607	0.189144153212174	1.9e-01
Caniformia_vs_Primates	0.447684660953223	0.55357418027722	5.5e-01
Caniformia_vs_Reptile	2.51845370216143e-05	0.000226660833194529	2.3e-04
Caniformia_vs_Rodents	0.633551399967831	0.720862650687945	7.2e-01
Caniformia_vs_Turtle	0.000280217279635847	0.00130165446024394	1.3e-03
Chiroptera_vs_Alligators	0.00377719762774661	0.0108783291679102	1.1e-02
Chiroptera_vs_Artiyodactyla	0.105965151558735	0.20345309099277	2.0e-01
Chiroptera_vs_Birds	2.83626089339165e-06	5.10526960810497e-05	5.1e-05
Chiroptera_vs_Caniformia	0.0258811566338768	0.0573367162350501	5.7e-02
Chiroptera_vs_Feliformia	0.708281012290603	0.778568440991197	7.8e-01
Chiroptera_vs_Monotremata	0.134913721221093	0.234067178985993	2.3e-01
Chiroptera_vs_Perissodactyla	1	1	1.0e+00
Chiroptera_vs_Primates	8.97137982145363e-05	0.000650055384755996	6.5e-04
Chiroptera_vs_Reptile	0.000104111534127957	0.000681457314292081	6.8e-04
Chiroptera_vs_Rodents	0.273655733216281	0.36866730677791	3.7e-01
Chiroptera_vs_Turtle	0.000710242274548174	0.00292213964385535	2.9e-03
Feliformia_vs_Alligators	0.276500480083433	0.36866730677791	3.7e-01
Feliformia_vs_Artiyodactyla	0.942893554029217	0.969833369858623	9.7e-01
Feliformia_vs_Birds	0.112533512238776	0.205124376739035	2.1e-01
Feliformia_vs_Caniformia	0.789512554916126	0.854810585773851	8.5e-01
Feliformia_vs_Chiroptera	0.708281012290603	0.778568440991197	7.8e-01
Feliformia_vs_Monotremata	1	1	1.0e+00
Feliformia_vs_Perissodactyla	0.69263278404196	0.773171479860793	7.7e-01
Feliformia_vs_Primates	0.190103769189734	0.300823546849689	3.0e-01
Feliformia_vs_Reptile	0.159885505204522	0.258691154488215	2.6e-01
Feliformia_vs_Rodents	0.90737317272774	0.946824180237642	9.5e-01
Feliformia_vs_Turtle	0.20304015245218	0.307766125822252	3.1e-01
Monotremata_vs_Alligators	0.276500480083433	0.36866730677791	3.7e-01
Monotremata_vs_Artiyodactyla	0.133297119577538	0.234067178985993	2.3e-01
Monotremata_vs_Birds	0.0874695197953328	0.177402969725745	1.8e-01
Monotremata_vs_Caniformia	0.376385991900261	0.479642325961395	4.8e-01
Monotremata_vs_Chiroptera	0.134913721221093	0.234067178985993	2.3e-01
Monotremata_vs_Feliformia	1	1	1.0e+00
Monotremata_vs_Perissodactyla	0.276500480083433	0.36866730677791	3.7e-01
Monotremata_vs_Primates	0.111022703553388	0.205124376739035	2.1e-01
Monotremata_vs_Reptile	0.159885505204522	0.258691154488215	2.6e-01
Monotremata_vs_Rodents	0.55966165637912	0.666043624120606	6.7e-01
Monotremata_vs_Turtle	0.20304015245218	0.307766125822252	3.1e-01
Perissodactyla_vs_Alligators	0.0284295359987965	0.0611022863257717	6.1e-02
Perissodactyla_vs_Artiyodactyla	0.154728923485378	0.258691154488215	2.6e-01
Perissodactyla_vs_Birds	0.00340233452983824	0.0102070035895147	1.0e-02
Perissodactyla_vs_Caniformia	0.0958855776700607	0.189144153212174	1.9e-01
Perissodactyla_vs_Chiroptera	1	1	1.0e+00
Perissodactyla_vs_Feliformia	0.69263278404196	0.773171479860793	7.7e-01
Perissodactyla_vs_Monotremata	0.276500480083433	0.36866730677791	3.7e-01
Perissodactyla_vs_Primates	0.00475790260545169	0.012927131607265	1.3e-02
Perissodactyla_vs_Reptile	0.00662219773110809	0.0173381176959921	1.7e-02
Perissodactyla_vs_Rodents	0.522276751723066	0.631998758387575	6.3e-01
Perissodactyla_vs_Turtle	0.0133457925836926	0.0320299022008622	3.2e-02
Primates_vs_Alligators	0.00126501841480605	0.00492331491167761	4.9e-03
Primates_vs_Artiyodactyla	0.00184992793246075	0.00649730786034996	6.5e-03
Primates_vs_Birds	3.94032499420583e-16	2.8370339958282e-14	2.8e-14
Primates_vs_Caniformia	0.447684660953223	0.55357418027722	5.5e-01
Primates_vs_Chiroptera	8.97137982145363e-05	0.000650055384755996	6.5e-04
Primates_vs_Feliformia	0.190103769189734	0.300823546849689	3.0e-01
Primates_vs_Monotremata	0.111022703553388	0.205124376739035	2.1e-01
Primates_vs_Perissodactyla	0.00475790260545169	0.012927131607265	1.3e-02
Primates_vs_Reptile	6.06701008435145e-06	8.73649452146609e-05	8.7e-05
Primates_vs_Rodents	0.898883523592052	0.946824180237642	9.5e-01
Primates_vs_Turtle	0.000121621153798353	0.000712284981697656	7.1e-04
Reptile_vs_Alligators	0.244551013277555	0.35215345911968	3.5e-01
Reptile_vs_Artiyodactyla	1.06478266236986e-05	0.000127773919484384	1.3e-04
Reptile_vs_Birds	0.000128607010584299	0.000712284981697656	7.1e-04
Reptile_vs_Caniformia	2.51845370216143e-05	0.000226660833194529	2.3e-04
Reptile_vs_Chiroptera	0.000104111534127957	0.000681457314292081	6.8e-04
Reptile_vs_Feliformia	0.159885505204522	0.258691154488215	2.6e-01
Reptile_vs_Monotremata	0.159885505204522	0.258691154488215	2.6e-01
Reptile_vs_Perissodactyla	0.00662219773110809	0.0173381176959921	1.7e-02
Reptile_vs_Primates	6.06701008435145e-06	8.73649452146609e-05	8.7e-05
Reptile_vs_Rodents	9.02854701049995e-05	0.000650055384755996	6.5e-04
Reptile_vs_Turtle	0.369832283286363	0.479642325961395	4.8e-01
Rodents_vs_Alligators	0.00337791775251344	0.0102070035895147	1.0e-02
Rodents_vs_Artiyodactyla	0.63576080998173	0.720862650687945	7.2e-01
Rodents_vs_Birds	1.84677851212331e-05	0.000189954361246969	1.9e-04
Rodents_vs_Caniformia	0.633551399967831	0.720862650687945	7.2e-01
Rodents_vs_Chiroptera	0.273655733216281	0.36866730677791	3.7e-01
Rodents_vs_Feliformia	0.90737317272774	0.946824180237642	9.5e-01
Rodents_vs_Monotremata	0.55966165637912	0.666043624120606	6.7e-01
Rodents_vs_Perissodactyla	0.522276751723066	0.631998758387575	6.3e-01
Rodents_vs_Primates	0.898883523592052	0.946824180237642	9.5e-01
Rodents_vs_Reptile	9.02854701049995e-05	0.000650055384755996	6.5e-04
Rodents_vs_Turtle	0.000596494636656363	0.00260288568722777	2.6e-03
Turtle_vs_Alligators	0.590636178473811	0.691476501627876	6.9e-01
Turtle_vs_Artiyodactyla	0.000161196360232597	0.000817450806283294	8.2e-04
Turtle_vs_Birds	0.00831703636211874	0.0206491937266396	2.1e-02
Turtle_vs_Caniformia	0.000280217279635847	0.00130165446024394	1.3e-03
Turtle_vs_Chiroptera	0.000710242274548174	0.00292213964385535	2.9e-03
Turtle_vs_Feliformia	0.20304015245218	0.307766125822252	3.1e-01
Turtle_vs_Monotremata	0.20304015245218	0.307766125822252	3.1e-01
Turtle_vs_Perissodactyla	0.0133457925836926	0.0320299022008622	3.2e-02
Turtle_vs_Primates	0.000121621153798353	0.000712284981697656	7.1e-04
Turtle_vs_Reptile	0.369832283286363	0.479642325961395	4.8e-01
Turtle_vs_Rodents	0.000596494636656363	0.00260288568722777	2.6e-03
