Afrotheria_vs_Alligators	0.0174510448279307	0.0302765115086991	3.0e-02
Afrotheria_vs_Artiyodactyla	0.000353589665898383	0.0015592783817553	1.6e-03
Afrotheria_vs_Birds	0.560487422042609	0.620847605954891	6.2e-01
Afrotheria_vs_Caniformia	0.00901259515833476	0.0170764960894764	1.7e-02
Afrotheria_vs_Chiroptera	0.0914158354292276	0.137123753143841	1.4e-01
Afrotheria_vs_Feliformia	0.0654635340621698	0.101362891451102	1.0e-01
Afrotheria_vs_Monotremata	1	1	1.0e+00
Afrotheria_vs_Perissodactyla	0.131586760281186	0.181460879776487	1.8e-01
Afrotheria_vs_Primates	0.0599188118279319	0.0958700989246911	9.6e-02
Afrotheria_vs_Reptile	0.178556841508516	0.238075788678022	2.4e-01
Afrotheria_vs_Rodents	0.329292431215045	0.38551309020298	3.9e-01
Afrotheria_vs_Turtle	0.641166667444126	0.704793893984383	7.0e-01
Alligators_vs_Artiyodactyla	0.00112808062847917	0.00331517572451021	3.3e-03
Alligators_vs_Birds	0.000674832863856877	0.00237443788109571	2.4e-03
Alligators_vs_Caniformia	0.00220320606621948	0.00556599427255446	5.6e-03
Alligators_vs_Chiroptera	0.00364952347069687	0.00808509815046691	8.1e-03
Alligators_vs_Feliformia	0.00326112319119475	0.00769838917265646	7.7e-03
Alligators_vs_Monotremata	0.276500480083433	0.331800576100119	3.3e-01
Alligators_vs_Perissodactyla	0.0284295359987965	0.047055783722146	4.7e-02
Alligators_vs_Primates	0.00112721052737299	0.00331517572451021	3.3e-03
Alligators_vs_Reptile	0.697693832446829	0.755397833626642	7.6e-01
Alligators_vs_Rodents	0.00344456537971109	0.00787329229648248	7.9e-03
Alligators_vs_Turtle	0.0125022947369455	0.0219552492941481	2.2e-02
Artiyodactyla_vs_Alligators	0.00112808062847917	0.00331517572451021	3.3e-03
Artiyodactyla_vs_Birds	2.54531559766332e-14	1.83262723031759e-12	1.8e-12
Artiyodactyla_vs_Caniformia	0.00195261574786903	0.00511230304896619	5.1e-03
Artiyodactyla_vs_Chiroptera	4.62584565406994e-07	6.66121774186071e-06	6.7e-06
Artiyodactyla_vs_Feliformia	1.7114012626085e-05	0.00013691210100868	1.4e-04
Artiyodactyla_vs_Monotremata	0.0898252595465006	0.136156182891538	1.4e-01
Artiyodactyla_vs_Perissodactyla	0.00112808062847917	0.00331517572451021	3.3e-03
Artiyodactyla_vs_Primates	2.42948170762863e-10	5.83075609830871e-09	5.8e-09
Artiyodactyla_vs_Reptile	8.15834547817778e-06	7.34251093036e-05	7.3e-05
Artiyodactyla_vs_Rodents	5.609661150161e-07	6.7315933801932e-06	6.7e-06
Artiyodactyla_vs_Turtle	0.000122747202367841	0.000631271326463185	6.3e-04
Birds_vs_Alligators	0.000674832863856877	0.00237443788109571	2.4e-03
Birds_vs_Artiyodactyla	2.54531559766332e-14	1.83262723031759e-12	1.8e-12
Birds_vs_Caniformia	8.76954714473819e-11	3.15703697210575e-09	3.2e-09
Birds_vs_Chiroptera	8.76689022700011e-05	0.000526013413620006	5.3e-04
Birds_vs_Feliformia	7.41148899686923e-06	7.34251093036e-05	7.3e-05
Birds_vs_Monotremata	0.958147156212523	0.978533265919173	9.8e-01
Birds_vs_Perissodactyla	0.00124888820334863	0.00340194532628983	3.4e-03
Birds_vs_Primates	3.71340031712201e-09	6.68412057081962e-08	6.7e-08
Birds_vs_Reptile	0.000357334629152257	0.0015592783817553	1.6e-03
Birds_vs_Rodents	0.134835514833918	0.181460879776487	1.8e-01
Birds_vs_Turtle	0.0026966272820368	0.00658159879005592	6.6e-03
Caniformia_vs_Alligators	0.00220320606621948	0.00556599427255446	5.6e-03
Caniformia_vs_Artiyodactyla	0.00195261574786903	0.00511230304896619	5.1e-03
Caniformia_vs_Birds	8.76954714473819e-11	3.15703697210575e-09	3.2e-09
Caniformia_vs_Chiroptera	0.000518317644882487	0.00201723623954265	2.0e-03
Caniformia_vs_Feliformia	0.290546903509933	0.34294060742156	3.4e-01
Caniformia_vs_Monotremata	0.115100215832571	0.169126847753982	1.7e-01
Caniformia_vs_Perissodactyla	0.483882816127817	0.557433004179245	5.6e-01
Caniformia_vs_Primates	0.0596863212920932	0.0958700989246911	9.6e-02
Caniformia_vs_Reptile	2.69278880929213e-05	0.000193880794269033	1.9e-04
Caniformia_vs_Rodents	0.0067319878093672	0.012925416593985	1.3e-02
Caniformia_vs_Turtle	0.000299270581265755	0.00143649879007562	1.4e-03
Chiroptera_vs_Alligators	0.00364952347069687	0.00808509815046691	8.1e-03
Chiroptera_vs_Artiyodactyla	4.62584565406994e-07	6.66121774186071e-06	6.7e-06
Chiroptera_vs_Birds	8.76689022700011e-05	0.000526013413620006	5.3e-04
Chiroptera_vs_Caniformia	0.000518317644882487	0.00201723623954265	2.0e-03
Chiroptera_vs_Feliformia	0.00399709457535394	0.00859077043061144	8.6e-03
Chiroptera_vs_Monotremata	0.132311817087574	0.181460879776487	1.8e-01
Chiroptera_vs_Perissodactyla	0.0222741916953152	0.0377351012250045	3.8e-02
Chiroptera_vs_Primates	0.00593496837778068	0.0120371189633862	1.2e-02
Chiroptera_vs_Reptile	0.000100854270980082	0.000558577500812762	5.6e-04
Chiroptera_vs_Rodents	0.770385583895708	0.821744622822088	8.2e-01
Chiroptera_vs_Turtle	0.000676055230034196	0.00237443788109571	2.4e-03
Feliformia_vs_Alligators	0.00326112319119475	0.00769838917265646	7.7e-03
Feliformia_vs_Artiyodactyla	1.7114012626085e-05	0.00013691210100868	1.4e-04
Feliformia_vs_Birds	7.41148899686923e-06	7.34251093036e-05	7.3e-05
Feliformia_vs_Caniformia	0.290546903509933	0.34294060742156	3.4e-01
Feliformia_vs_Chiroptera	0.00399709457535394	0.00859077043061144	8.6e-03
Feliformia_vs_Monotremata	0.0634314252886113	0.0992839700169568	9.9e-02
Feliformia_vs_Perissodactyla	0.823063273758121	0.865117601614376	8.7e-01
Feliformia_vs_Primates	0.499183849580249	0.566003734957133	5.7e-01
Feliformia_vs_Reptile	0.000386761197458173	0.0015912460695422	1.6e-03
Feliformia_vs_Rodents	0.119682760709259	0.172343175421333	1.7e-01
Feliformia_vs_Turtle	0.00111317230030186	0.00331517572451021	3.3e-03
Monotremata_vs_Alligators	0.276500480083433	0.331800576100119	3.3e-01
Monotremata_vs_Artiyodactyla	0.0898252595465006	0.136156182891538	1.4e-01
Monotremata_vs_Birds	0.958147156212523	0.978533265919173	9.8e-01
Monotremata_vs_Caniformia	0.115100215832571	0.169126847753982	1.7e-01
Monotremata_vs_Chiroptera	0.132311817087574	0.181460879776487	1.8e-01
Monotremata_vs_Feliformia	0.0634314252886113	0.0992839700169568	9.9e-02
Monotremata_vs_Perissodactyla	0.276500480083433	0.331800576100119	3.3e-01
Monotremata_vs_Primates	0.225744455519558	0.280234496507038	2.8e-01
Monotremata_vs_Reptile	0.21592493894014	0.276455998107183	2.8e-01
Monotremata_vs_Rodents	0.907704275515741	0.940355508447961	9.4e-01
Monotremata_vs_Turtle	0.190249264433315	0.249053582530885	2.5e-01
Perissodactyla_vs_Alligators	0.0284295359987965	0.047055783722146	4.7e-02
Perissodactyla_vs_Artiyodactyla	0.00112808062847917	0.00331517572451021	3.3e-03
Perissodactyla_vs_Birds	0.00124888820334863	0.00340194532628983	3.4e-03
Perissodactyla_vs_Caniformia	0.483882816127817	0.557433004179245	5.6e-01
Perissodactyla_vs_Chiroptera	0.0222741916953152	0.0377351012250045	3.8e-02
Perissodactyla_vs_Feliformia	0.823063273758121	0.865117601614376	8.7e-01
Perissodactyla_vs_Monotremata	0.276500480083433	0.331800576100119	3.3e-01
Perissodactyla_vs_Primates	0.978166931457386	0.985007259649395	9.9e-01
Perissodactyla_vs_Reptile	0.0065470110740438	0.0129146519816754	1.3e-02
Perissodactyla_vs_Rodents	0.21886099850152	0.276455998107183	2.8e-01
Perissodactyla_vs_Turtle	0.0125022947369455	0.0219552492941481	2.2e-02
Primates_vs_Alligators	0.00112721052737299	0.00331517572451021	3.3e-03
Primates_vs_Artiyodactyla	2.42948170762863e-10	5.83075609830871e-09	5.8e-09
Primates_vs_Birds	3.71340031712201e-09	6.68412057081962e-08	6.7e-08
Primates_vs_Caniformia	0.0596863212920932	0.0958700989246911	9.6e-02
Primates_vs_Chiroptera	0.00593496837778068	0.0120371189633862	1.2e-02
Primates_vs_Feliformia	0.499183849580249	0.566003734957133	5.7e-01
Primates_vs_Monotremata	0.225744455519558	0.280234496507038	2.8e-01
Primates_vs_Perissodactyla	0.978166931457386	0.985007259649395	9.9e-01
Primates_vs_Reptile	5.19914691552297e-05	0.000340307798106958	3.4e-04
Primates_vs_Rodents	0.132864918876983	0.181460879776487	1.8e-01
Primates_vs_Turtle	0.00125210487703723	0.00340194532628983	3.4e-03
Reptile_vs_Alligators	0.697693832446829	0.755397833626642	7.6e-01
Reptile_vs_Artiyodactyla	8.15834547817778e-06	7.34251093036e-05	7.3e-05
Reptile_vs_Birds	0.000357334629152257	0.0015592783817553	1.6e-03
Reptile_vs_Caniformia	2.69278880929213e-05	0.000193880794269033	1.9e-04
Reptile_vs_Chiroptera	0.000100854270980082	0.000558577500812762	5.6e-04
Reptile_vs_Feliformia	0.000386761197458173	0.0015912460695422	1.6e-03
Reptile_vs_Monotremata	0.21592493894014	0.276455998107183	2.8e-01
Reptile_vs_Perissodactyla	0.0065470110740438	0.0129146519816754	1.3e-02
Reptile_vs_Primates	5.19914691552297e-05	0.000340307798106958	3.4e-04
Reptile_vs_Rodents	0.0049943065089556	0.0104229005404291	1.0e-02
Reptile_vs_Turtle	0.549199277196493	0.613059658265852	6.1e-01
Rodents_vs_Alligators	0.00344456537971109	0.00787329229648248	7.9e-03
Rodents_vs_Artiyodactyla	5.609661150161e-07	6.7315933801932e-06	6.7e-06
Rodents_vs_Birds	0.134835514833918	0.181460879776487	1.8e-01
Rodents_vs_Caniformia	0.0067319878093672	0.012925416593985	1.3e-02
Rodents_vs_Chiroptera	0.770385583895708	0.821744622822088	8.2e-01
Rodents_vs_Feliformia	0.119682760709259	0.172343175421333	1.7e-01
Rodents_vs_Monotremata	0.907704275515741	0.940355508447961	9.4e-01
Rodents_vs_Perissodactyla	0.21886099850152	0.276455998107183	2.8e-01
Rodents_vs_Primates	0.132864918876983	0.181460879776487	1.8e-01
Rodents_vs_Reptile	0.0049943065089556	0.0104229005404291	1.0e-02
Rodents_vs_Turtle	0.0116608844614353	0.0215277866980343	2.2e-02
Turtle_vs_Alligators	0.0125022947369455	0.0219552492941481	2.2e-02
Turtle_vs_Artiyodactyla	0.000122747202367841	0.000631271326463185	6.3e-04
Turtle_vs_Birds	0.0026966272820368	0.00658159879005592	6.6e-03
Turtle_vs_Caniformia	0.000299270581265755	0.00143649879007562	1.4e-03
Turtle_vs_Chiroptera	0.000676055230034196	0.00237443788109571	2.4e-03
Turtle_vs_Feliformia	0.00111317230030186	0.00331517572451021	3.3e-03
Turtle_vs_Monotremata	0.190249264433315	0.249053582530885	2.5e-01
Turtle_vs_Perissodactyla	0.0125022947369455	0.0219552492941481	2.2e-02
Turtle_vs_Primates	0.00125210487703723	0.00340194532628983	3.4e-03
Turtle_vs_Reptile	0.549199277196493	0.613059658265852	6.1e-01
Turtle_vs_Rodents	0.0116608844614353	0.0215277866980343	2.2e-02
