

TREE # 1

  0  0.0000   6640.799580  x:  0.06815   0.07176   0.05605   0.02360   0.08156   0.08801   0.09200   0.06852   0.05976   0.07772   0.05854   0.08729   0.10380   0.08770   0.05854   0.10963   0.02912   0.09890   0.09893   0.01651   0.03853   0.04813   0.10853   0.09843   0.10476   0.10680   0.10218   0.09789   0.10491   0.06499   0.02101   0.02220   0.02393   0.04433   0.05346   0.08729   0.01936   0.03813   0.01675   0.02875   0.01444   0.05219   0.05344   0.09083   0.06183   0.09476   0.07293   0.07938   0.09520   0.03900   0.04232   0.03976   0.06069   0.05649   0.10657   0.09553   0.09562   0.09515   0.09257   0.05895   0.09650   0.05005   0.02664   0.09920   0.09364   0.05046   0.07049   0.02923   0.42887   0.50354   0.48992  
  1 99.0000   5664.594507  x:  0.07201   0.11080   0.39473   0.35337   0.11887   0.17157   0.11621   0.16555   0.10771   0.10181   0.14684   0.06219   0.08041   0.08464   0.14832   0.12371   0.12761   0.37854   0.12352   0.36526   0.53190   0.03506   0.09777   0.08016   0.08602   0.08751   0.11072   0.10175   0.10469   0.14558   0.09767   0.02664   0.14721   0.11217   0.10037   0.10682   0.21016   0.02340   0.12582   0.03148   0.02159   0.08464   0.07876   0.11971   0.03563   0.07265   0.05566   0.06439   0.07028   0.01248   0.02904   0.01857   0.03597   0.03326   0.07771   0.06656   0.06665   0.06842   0.07815   0.04085   0.07183   0.02100   0.00504   0.07020   0.06913   0.02557   0.04437   0.00000   0.44057   0.51740   0.49086  
  2 4335.8889   5594.764751  x:  0.07093   0.11088   0.40184   0.34287   0.12604   0.19291   0.12230   0.18180   0.11719   0.10892   0.16242   0.04297   0.06297   0.07771   0.16187   0.12848   0.13365   0.41304   0.11994   0.34895   0.52537   0.01648   0.09176   0.06582   0.06745   0.07433   0.11424   0.10067   0.10308   0.15840   0.09280   0.02038   0.14029   0.11503   0.10647   0.11335   0.20163   0.00894   0.11483   0.03044   0.01892   0.09292   0.08220   0.12595   0.01718   0.05849   0.04583   0.05655   0.05399   0.00114   0.02582   0.01225   0.02159   0.01927   0.05671   0.04547   0.04556   0.04963   0.06940   0.03047   0.05510   0.00000   0.01436   0.04912   0.05249   0.01030   0.02668   0.00000   0.44437   0.52482   0.49165  
  3 726.3077   5557.294726  x:  0.07020   0.11095   0.40653   0.33637   0.13035   0.20590   0.12592   0.19162   0.12283   0.11311   0.17187   0.03042   0.05170   0.07323   0.17007   0.13135   0.13725   0.43461   0.11761   0.33864   0.52154   0.00439   0.08807   0.05673   0.05534   0.06597   0.11640   0.09994   0.10199   0.16619   0.08979   0.01693   0.13608   0.11682   0.11018   0.11739   0.19638   0.00000   0.10805   0.02997   0.01811   0.09777   0.08418   0.12970   0.00547   0.04973   0.03998   0.05205   0.04405   0.01140   0.02444   0.01012   0.01356   0.01118   0.04303   0.03174   0.03184   0.03760   0.06404   0.02461   0.04452   0.00000   0.01593   0.03538   0.04199   0.00235   0.01570   0.00000   0.44686   0.52955   0.49219  
  4 8771.3459   5545.280030  x:  0.06991   0.11099   0.40822   0.33424   0.13160   0.20987   0.12694   0.19455   0.12444   0.11427   0.17471   0.02584   0.04772   0.07164   0.17251   0.13219   0.13825   0.44164   0.11674   0.33512   0.52045   0.00000   0.08693   0.05368   0.05092   0.06318   0.11705   0.09965   0.10156   0.16853   0.08883   0.01633   0.13478   0.11738   0.11129   0.11870   0.19471   0.00000   0.10592   0.02996   0.01881   0.09909   0.08467   0.13076   0.00172   0.04708   0.03843   0.05076   0.04093   0.01264   0.02460   0.01114   0.01259   0.00979   0.03806   0.02675   0.02684   0.03348   0.06244   0.02364   0.04106   0.00000   0.01411   0.03038   0.03855   0.00724   0.01259   0.00000   0.44779   0.53117   0.49241  
  5 3659.7797   5539.215395  x:  0.06971   0.11102   0.40928   0.33313   0.13205   0.21156   0.12725   0.19569   0.12498   0.11461   0.17587   0.02284   0.04531   0.07066   0.17348   0.13251   0.13855   0.44524   0.11617   0.33308   0.52006   0.00000   0.08645   0.05206   0.04803   0.06170   0.11732   0.09945   0.10124   0.16948   0.08836   0.01667   0.13423   0.11764   0.11173   0.11935   0.19391   0.00000   0.10494   0.03011   0.01994   0.09942   0.08474   0.13111   0.00000   0.04603   0.03814   0.05035   0.03959   0.01228   0.02533   0.01274   0.01421   0.01091   0.03484   0.02351   0.02361   0.03118   0.06181   0.02437   0.03928   0.00000   0.01088   0.02714   0.03687   0.00672   0.01205   0.00000   0.44840   0.53210   0.49259  
  6 2225.4210   5518.939123  x:  0.06842   0.11137   0.41536   0.32902   0.13199   0.21504   0.12661   0.19696   0.12456   0.11361   0.17773   0.00465   0.03299   0.06554   0.17464   0.13264   0.13759   0.45899   0.11276   0.32339   0.52085   0.00000   0.08568   0.04597   0.03060   0.05620   0.11771   0.09816   0.09928   0.17085   0.08699   0.02033   0.13334   0.11831   0.11200   0.12142   0.19161   0.00000   0.10268   0.03107   0.02056   0.09779   0.08356   0.13083   0.00000   0.04480   0.04107   0.05180   0.03835   0.01240   0.02705   0.00092   0.01359   0.01431   0.01552   0.00415   0.00424   0.02198   0.06170   0.03502   0.03388   0.00000   0.00469   0.00767   0.03253   0.00756   0.02067   0.00000   0.45184   0.53662   0.49385  
  7 1317.9961   5514.104820  x:  0.06815   0.11146   0.41667   0.32826   0.13189   0.21556   0.12639   0.19704   0.12435   0.11331   0.17797   0.00075   0.03046   0.06449   0.17473   0.13261   0.13729   0.46167   0.11204   0.32144   0.52117   0.00000   0.08560   0.04482   0.02687   0.05517   0.11775   0.09788   0.09887   0.17100   0.08676   0.02106   0.13325   0.11843   0.11198   0.12179   0.19123   0.00000   0.10234   0.03124   0.02023   0.09733   0.08326   0.13070   0.00000   0.04470   0.04183   0.05224   0.03835   0.01246   0.02715   0.00108   0.01262   0.01454   0.01138   0.00000   0.00010   0.02024   0.06181   0.03735   0.03295   0.00000   0.00471   0.00349   0.03185   0.00762   0.02290   0.00000   0.45256   0.53754   0.49413  
  8 5605.1370   5514.020013  x:  0.06814   0.11146   0.41670   0.32825   0.13189   0.21557   0.12638   0.19704   0.12435   0.11330   0.17797   0.00066   0.03041   0.06447   0.17473   0.13261   0.13728   0.46171   0.11202   0.32140   0.52118   0.00000   0.08560   0.04480   0.02678   0.05515   0.11775   0.09788   0.09886   0.17100   0.08676   0.02106   0.13325   0.11843   0.11198   0.12179   0.19123   0.00000   0.10234   0.03124   0.02023   0.09732   0.08325   0.13070   0.00000   0.04470   0.04184   0.05225   0.03835   0.01246   0.02715   0.00108   0.01265   0.01455   0.01128   0.00000   0.00000   0.02022   0.06182   0.03738   0.03294   0.00000   0.00475   0.00340   0.03184   0.00762   0.02292   0.00000   0.45257   0.53756   0.49414  
  9 2809.6221   5513.556547  x:  0.06811   0.11147   0.41687   0.32817   0.13184   0.21557   0.12633   0.19700   0.12431   0.11324   0.17796   0.00000   0.03017   0.06435   0.17470   0.13259   0.13719   0.46198   0.11191   0.32113   0.52128   0.00000   0.08562   0.04473   0.02616   0.05509   0.11775   0.09785   0.09881   0.17098   0.08674   0.02099   0.13326   0.11843   0.11195   0.12182   0.19121   0.00000   0.10234   0.03122   0.02020   0.09727   0.08323   0.13066   0.00000   0.04470   0.04188   0.05229   0.03841   0.01246   0.02705   0.00108   0.01275   0.01439   0.01059   0.00000   0.00000   0.02022   0.06187   0.03735   0.03295   0.00000   0.00471   0.00271   0.03188   0.00762   0.02296   0.00000   0.45267   0.53768   0.49419  
 10 2621.5719   5512.186500  x:  0.06800   0.11153   0.41745   0.32791   0.13168   0.21556   0.12618   0.19684   0.12419   0.11305   0.17793   0.00000   0.02955   0.06397   0.17459   0.13254   0.13682   0.46280   0.11153   0.32014   0.52168   0.00000   0.08569   0.04458   0.02374   0.05498   0.11772   0.09774   0.09866   0.17089   0.08672   0.02082   0.13332   0.11841   0.11186   0.12190   0.19117   0.00000   0.10238   0.03118   0.02042   0.09716   0.08318   0.13053   0.00000   0.04475   0.04190   0.05236   0.03856   0.01245   0.02712   0.00108   0.01257   0.01458   0.00790   0.00000   0.00000   0.02038   0.06201   0.03705   0.03306   0.00000   0.00473   0.00000   0.03201   0.00761   0.02279   0.00000   0.45299   0.53808   0.49440  
 11 4232.0455   5509.548427  x:  0.06785   0.11166   0.41860   0.32736   0.13137   0.21565   0.12602   0.19666   0.12421   0.11286   0.17804   0.00000   0.02928   0.06342   0.17449   0.13253   0.13578   0.46434   0.11066   0.31757   0.52289   0.00000   0.08584   0.04451   0.01665   0.05504   0.11770   0.09759   0.09844   0.17083   0.08680   0.02144   0.13343   0.11838   0.11191   0.12207   0.19116   0.00000   0.10247   0.03134   0.01927   0.09727   0.08324   0.13044   0.00000   0.04476   0.04164   0.05218   0.03840   0.01247   0.02742   0.00107   0.01266   0.01488   0.00000   0.00000   0.00000   0.02054   0.06195   0.03682   0.03318   0.00000   0.00472   0.00000   0.03204   0.00765   0.02236   0.00000   0.45363   0.53898   0.49507  
 12 2776.9296   5506.195331  x:  0.06766   0.11195   0.42056   0.32637   0.13089   0.21602   0.12593   0.19652   0.12459   0.11277   0.17844   0.00000   0.03001   0.06276   0.17450   0.13262   0.13351   0.46685   0.10901   0.31211   0.52572   0.00000   0.08608   0.04452   0.00000   0.05544   0.11771   0.09739   0.09818   0.17087   0.08699   0.02241   0.13358   0.11834   0.11211   0.12235   0.19124   0.00000   0.10262   0.03157   0.02006   0.09776   0.08352   0.13053   0.00000   0.04468   0.04122   0.05171   0.03778   0.01248   0.02721   0.00107   0.01254   0.01407   0.00000   0.00000   0.00000   0.02030   0.06148   0.03732   0.03315   0.00000   0.00474   0.00000   0.03179   0.00762   0.02221   0.00000   0.45471   0.54065   0.49669  
 13 2778.7869   5497.577133  x:  0.06700   0.11433   0.43201   0.32002   0.13032   0.22451   0.12861   0.20067   0.12990   0.11506   0.18435   0.00000   0.03875   0.06205   0.17867   0.13495   0.11485   0.48562   0.09888   0.26221   0.55565   0.00000   0.08655   0.03964   0.00000   0.05639   0.11891   0.09674   0.09825   0.17425   0.08602   0.00000   0.13263   0.11852   0.11213   0.12444   0.19194   0.00000   0.10124   0.02483   0.01658   0.09940   0.08390   0.13372   0.00000   0.04391   0.04439   0.05140   0.03686   0.01335   0.02613   0.00108   0.01287   0.01942   0.00000   0.00000   0.00000   0.01395   0.05868   0.04060   0.02808   0.00000   0.00473   0.00000   0.02770   0.00853   0.02812   0.00000   0.45820   0.55264   0.51594  
 14 432.0108   5489.719697  x:  0.06698   0.11629   0.43578   0.31586   0.13454   0.23995   0.13461   0.21118   0.13540   0.11957   0.19225   0.00000   0.04008   0.06580   0.18747   0.13843   0.10003   0.50297   0.09544   0.21155   0.58883   0.00000   0.08463   0.02652   0.00000   0.05095   0.12120   0.09672   0.10072   0.18078   0.08145   0.00435   0.12918   0.12023   0.10921   0.12604   0.19133   0.00000   0.09587   0.00680   0.01555   0.09488   0.08051   0.13856   0.00000   0.04202   0.05610   0.05886   0.04688   0.01414   0.01775   0.00106   0.01271   0.02573   0.00000   0.00000   0.00000   0.01013   0.06158   0.02730   0.02013   0.00000   0.00461   0.00000   0.02584   0.00967   0.03549   0.00000   0.45408   0.56103   0.54103  
 15 447.9415   5483.011938  x:  0.06698   0.11808   0.43646   0.31245   0.14069   0.25820   0.14175   0.22409   0.14064   0.12461   0.20074   0.00000   0.03753   0.07095   0.19792   0.14222   0.08712   0.52057   0.09531   0.16055   0.62329   0.00000   0.08168   0.01181   0.00000   0.04290   0.12373   0.09672   0.10383   0.18856   0.07549   0.00661   0.12460   0.12239   0.10556   0.12759   0.18993   0.00000   0.08906   0.02015   0.01505   0.08852   0.07617   0.14381   0.00000   0.03917   0.06979   0.06883   0.05954   0.01479   0.01047   0.00103   0.01255   0.03029   0.00000   0.00000   0.00000   0.00898   0.06616   0.01113   0.01273   0.00000   0.00446   0.00000   0.02476   0.01077   0.04348   0.00000   0.44701   0.56807   0.56907  
 16 1000.7131   5474.789825  x:  0.06577   0.11954   0.42885   0.30809   0.15447   0.29039   0.15294   0.24718   0.14505   0.13073   0.21315   0.00000   0.01332   0.07757   0.21546   0.14715   0.08167   0.55036   0.10797   0.10220   0.66412   0.00000   0.07509   0.02062   0.00000   0.02606   0.12675   0.09550   0.10754   0.20237   0.06484   0.00762   0.11542   0.12620   0.10145   0.13022   0.18325   0.00000   0.07605   0.02340   0.01498   0.08021   0.07096   0.15071   0.00000   0.02955   0.08378   0.08426   0.07731   0.01534   0.03571   0.00094   0.01301   0.01719   0.00000   0.00000   0.00000   0.02428   0.07439   0.02011   0.02494   0.00000   0.00453   0.00000   0.02678   0.01124   0.03853   0.00000   0.43138   0.57354   0.61254  
 17 357.7911   5471.520714  x:  0.06369   0.11953   0.42413   0.30486   0.15786   0.29706   0.15343   0.25040   0.14176   0.12826   0.21299   0.00000   0.00237   0.07564   0.21705   0.14647   0.08502   0.56095   0.11797   0.10011   0.66755   0.00000   0.07358   0.02518   0.00000   0.02791   0.12652   0.09343   0.10617   0.20414   0.06444   0.00767   0.11377   0.12636   0.10280   0.13120   0.17864   0.00000   0.07528   0.02405   0.01418   0.08212   0.07247   0.14957   0.00000   0.03111   0.08209   0.08352   0.07801   0.01566   0.02854   0.00091   0.01203   0.01934   0.00000   0.00000   0.00000   0.02124   0.07547   0.02417   0.02471   0.00000   0.00460   0.00000   0.02729   0.01147   0.03233   0.00000   0.42844   0.57409   0.62638  
 18 133.5984   5462.820955  x:  0.05180   0.11888   0.41077   0.28744   0.17150   0.32552   0.15040   0.26174   0.11979   0.11112   0.20964   0.00000   0.00942   0.05530   0.22134   0.14096   0.10819   0.62506   0.16095   0.10223   0.66736   0.00000   0.06658   0.03432   0.00000   0.01933   0.12485   0.08154   0.09546   0.20995   0.05929   0.00789   0.10665   0.12776   0.10464   0.13756   0.15432   0.00000   0.06975   0.02626   0.01137   0.08029   0.07345   0.13949   0.00000   0.03462   0.07997   0.08851   0.08894   0.01672   0.00948   0.00080   0.00868   0.02423   0.00000   0.00000   0.00000   0.01092   0.08834   0.03880   0.02713   0.00000   0.00502   0.00000   0.03206   0.01228   0.00920   0.00000   0.42043   0.57848   0.67926  
 19 439.3807   5455.897560  x:  0.04251   0.11882   0.39929   0.27067   0.18085   0.34569   0.14517   0.26733   0.10226   0.09504   0.20538   0.00000   0.00976   0.03449   0.22133   0.13516   0.12730   0.68241   0.20148   0.12054   0.65278   0.00000   0.06357   0.02408   0.00000   0.03159   0.12334   0.07224   0.08498   0.21234   0.06142   0.00723   0.10501   0.12788   0.10887   0.14365   0.13517   0.00000   0.07235   0.02433   0.01126   0.08524   0.07684   0.12991   0.00000   0.03254   0.07211   0.08806   0.09110   0.01733   0.03101   0.00069   0.00846   0.01167   0.00000   0.00000   0.00000   0.00316   0.09426   0.02576   0.01697   0.00000   0.00510   0.00000   0.03014   0.01307   0.01783   0.00000   0.41883   0.58138   0.72960  
 20 303.2674   5454.114833  x:  0.04013   0.11911   0.39610   0.26365   0.18427   0.35395   0.14345   0.26989   0.09871   0.09067   0.20545   0.00000   0.00983   0.02701   0.22183   0.13360   0.13471   0.70740   0.21706   0.12971   0.64203   0.00000   0.06318   0.01662   0.00000   0.03285   0.12305   0.06987   0.08120   0.21376   0.06284   0.00676   0.10498   0.12811   0.11124   0.14670   0.12921   0.00000   0.07331   0.02300   0.01125   0.08783   0.07801   0.12755   0.00000   0.03096   0.06815   0.08575   0.08817   0.01809   0.03294   0.00073   0.00854   0.01000   0.00000   0.00000   0.00000   0.01857   0.09389   0.02444   0.01188   0.00000   0.00529   0.00000   0.02548   0.01375   0.02577   0.00000   0.42000   0.58268   0.75015  
 21 478.2621   5450.694411  x:  0.04464   0.12138   0.39931   0.25674   0.18501   0.36141   0.14125   0.27101   0.10897   0.09410   0.21079   0.00000   0.00881   0.02668   0.22185   0.13431   0.14084   0.74577   0.23462   0.14884   0.60668   0.00000   0.06931   0.01317   0.00000   0.01917   0.12295   0.07437   0.07973   0.21392   0.06555   0.00648   0.10998   0.12865   0.11072   0.15136   0.13437   0.00000   0.07601   0.02191   0.01155   0.08547   0.07466   0.12959   0.00000   0.02573   0.06175   0.08054   0.08041   0.01949   0.03088   0.00079   0.00898   0.01191   0.00000   0.00000   0.00000   0.01932   0.08946   0.01377   0.03894   0.00000   0.00534   0.00000   0.01896   0.01487   0.04299   0.00000   0.42796   0.58377   0.78215  
 22 166.6582   5447.365003  x:  0.05437   0.12457   0.41525   0.25741   0.18108   0.36667   0.13932   0.27189   0.12806   0.10711   0.22250   0.00000   0.00934   0.03472   0.22397   0.13870   0.14230   0.79120   0.24257   0.16899   0.55137   0.00000   0.07437   0.02741   0.00000   0.02426   0.12463   0.08411   0.08327   0.21342   0.06218   0.00673   0.11616   0.13029   0.10118   0.15450   0.15166   0.00000   0.07451   0.02271   0.01139   0.07132   0.06486   0.13678   0.00000   0.02535   0.06245   0.08356   0.08130   0.02047   0.03126   0.00080   0.00895   0.01195   0.00000   0.00000   0.00000   0.02027   0.08911   0.01058   0.02847   0.00000   0.00540   0.00000   0.03371   0.01583   0.04669   0.00000   0.43745   0.58405   0.81691  
 23 148.0306   5445.812290  x:  0.05857   0.12529   0.42472   0.26338   0.17622   0.36498   0.13779   0.27044   0.13513   0.11375   0.22682   0.00000   0.00876   0.03911   0.22422   0.14086   0.13923   0.80570   0.24154   0.17968   0.52343   0.00000   0.07499   0.01423   0.00000   0.02217   0.12556   0.08831   0.08660   0.21197   0.06143   0.00673   0.11880   0.13043   0.09710   0.15297   0.16188   0.00000   0.07524   0.02275   0.01070   0.07157   0.06521   0.14004   0.00000   0.02806   0.06316   0.08672   0.08662   0.02036   0.03410   0.00074   0.00813   0.00883   0.00000   0.00000   0.00000   0.01907   0.09089   0.01772   0.02537   0.00000   0.00553   0.00000   0.03821   0.01570   0.03619   0.00000   0.43896   0.58219   0.83434  
 24 152.9710   5444.623930  x:  0.05818   0.12312   0.43810   0.27651   0.16833   0.36111   0.13569   0.26981   0.13414   0.11830   0.22964   0.00000   0.00869   0.03630   0.22619   0.14265   0.13376   0.81566   0.23043   0.18834   0.49614   0.00000   0.07026   0.02048   0.00000   0.01629   0.12607   0.08792   0.08962   0.21252   0.06108   0.00683   0.11662   0.13055   0.10077   0.14757   0.16715   0.00000   0.07328   0.02325   0.01020   0.08280   0.07316   0.14183   0.00000   0.02788   0.07125   0.09386   0.09632   0.02020   0.03506   0.00071   0.00780   0.00796   0.00000   0.00000   0.00000   0.01875   0.09357   0.01626   0.02098   0.00000   0.00555   0.00000   0.02539   0.01577   0.03250   0.00000   0.43435   0.57851   0.85291  
 25 75.5910   5444.199495  x:  0.05698   0.12108   0.44403   0.28299   0.16540   0.36103   0.13559   0.27168   0.13270   0.12012   0.23166   0.00000   0.00889   0.03361   0.22880   0.14352   0.13254   0.82061   0.22235   0.19124   0.48515   0.00000   0.06738   0.01966   0.00000   0.02444   0.12670   0.08671   0.09057   0.21466   0.06058   0.00692   0.11425   0.13096   0.10358   0.14523   0.16650   0.00000   0.07155   0.02354   0.01015   0.08313   0.07364   0.14254   0.00000   0.02558   0.07429   0.09651   0.10017   0.02028   0.03380   0.00072   0.00781   0.00887   0.00000   0.00000   0.00000   0.01920   0.09378   0.01695   0.02556   0.00000   0.00556   0.00000   0.02080   0.01585   0.03154   0.00000   0.43104   0.57652   0.86229  
 26 81.9111   5443.334130  x:  0.05185   0.11326   0.45348   0.29810   0.15912   0.36043   0.13684   0.27777   0.12581   0.12118   0.23483   0.00000   0.00849   0.02617   0.23559   0.14408   0.13128   0.82291   0.19298   0.19894   0.46826   0.00000   0.06616   0.01892   0.00000   0.02123   0.12704   0.08158   0.09079   0.22182   0.06348   0.00676   0.10886   0.13132   0.11298   0.14047   0.15639   0.00000   0.07327   0.02336   0.01053   0.07718   0.06938   0.14213   0.00000   0.02428   0.07131   0.09336   0.09909   0.02052   0.03321   0.00076   0.00821   0.00970   0.00000   0.00000   0.00000   0.01905   0.08611   0.01691   0.02690   0.00000   0.00554   0.00000   0.03182   0.01603   0.03367   0.00000   0.42308   0.57051   0.88884  
 27 47.7720   5442.176376  x:  0.05229   0.10456   0.45719   0.30781   0.15734   0.36253   0.13806   0.28455   0.11832   0.11631   0.23488   0.00000   0.00824   0.02912   0.23994   0.14136   0.14300   0.82622   0.14325   0.21003   0.45891   0.00000   0.07381   0.02001   0.00000   0.02043   0.12590   0.08202   0.08761   0.22532   0.05541   0.00732   0.11245   0.13194   0.09918   0.14369   0.14375   0.00000   0.07297   0.02359   0.01064   0.07071   0.06507   0.13794   0.00000   0.03654   0.06589   0.08966   0.09647   0.02047   0.03442   0.00080   0.00854   0.00861   0.00000   0.00000   0.00000   0.01898   0.08315   0.01663   0.02661   0.00000   0.00554   0.00000   0.02219   0.01589   0.03239   0.00000   0.42516   0.56379   0.93485  
 28 44.6964   5440.408748  x:  0.05718   0.09803   0.45448   0.30905   0.15945   0.36583   0.13855   0.28902   0.11500   0.10815   0.22998   0.00000   0.00796   0.03354   0.23910   0.13649   0.17049   0.83233   0.07129   0.22302   0.45237   0.00000   0.07511   0.02017   0.00000   0.02074   0.12387   0.08691   0.08224   0.22425   0.05520   0.00772   0.11743   0.13138   0.08854   0.15353   0.13971   0.00000   0.06975   0.02396   0.01068   0.08013   0.07065   0.13427   0.00000   0.01988   0.06691   0.08886   0.09627   0.02060   0.03248   0.00089   0.00924   0.01167   0.00000   0.00000   0.00000   0.01863   0.08805   0.01880   0.02622   0.00000   0.00557   0.00000   0.02855   0.01591   0.03273   0.00000   0.43650   0.55680   1.00845  
 29 92.7421   5438.823847  x:  0.06024   0.09873   0.44893   0.30072   0.16308   0.36830   0.13892   0.28831   0.12093   0.10637   0.22516   0.00000   0.00798   0.03217   0.23439   0.13498   0.20128   0.83948   0.01309   0.23041   0.44996   0.00000   0.06772   0.02024   0.00000   0.02082   0.12344   0.08997   0.07761   0.22060   0.06307   0.00748   0.11564   0.12989   0.10535   0.16111   0.14831   0.00000   0.06985   0.02421   0.01115   0.07826   0.07088   0.13536   0.00000   0.03071   0.07158   0.09207   0.09447   0.02054   0.03375   0.00096   0.01015   0.01175   0.00000   0.00000   0.00000   0.01867   0.09436   0.01871   0.02644   0.00000   0.00550   0.00000   0.02797   0.01576   0.03012   0.00000   0.44636   0.55363   1.08219  
 30 118.1430   5437.565479  x:  0.05676   0.10345   0.45185   0.29553   0.16085   0.36265   0.13668   0.27977   0.12287   0.11060   0.22380   0.00000   0.00760   0.02714   0.22902   0.13780   0.21561   0.84054   0.00000   0.23078   0.45291   0.00000   0.06915   0.02022   0.00000   0.01940   0.12430   0.08649   0.07544   0.21596   0.05807   0.00767   0.11196   0.12925   0.10666   0.15745   0.15395   0.00000   0.07547   0.02416   0.01108   0.07162   0.06576   0.13754   0.00000   0.02285   0.07269   0.09166   0.09091   0.02010   0.03386   0.00099   0.01009   0.01175   0.00000   0.00000   0.00000   0.01801   0.09145   0.01934   0.02320   0.00000   0.00557   0.00000   0.02169   0.01537   0.02597   0.00000   0.44483   0.55533   1.13034  
 31 58.6639   5437.565479  x:  0.05676   0.10345   0.45185   0.29553   0.16085   0.36265   0.13668   0.27977   0.12287   0.11060   0.22380   0.00000   0.00760   0.02714   0.22902   0.13780   0.21561   0.84054   0.00000   0.23078   0.45291   0.00000   0.06915   0.02022   0.00000   0.01940   0.12430   0.08649   0.07544   0.21596   0.05807   0.00767   0.11196   0.12925   0.10666   0.15745   0.15395   0.00000   0.07547   0.02416   0.01108   0.07162   0.06576   0.13754   0.00000   0.02285   0.07269   0.09166   0.09091   0.02010   0.03386   0.00099   0.01009   0.01175   0.00000   0.00000   0.00000   0.01801   0.09145   0.01934   0.02320   0.00000   0.00557   0.00000   0.02169   0.01537   0.02597   0.00000   0.44483   0.55533   1.13034  
 32 127.0983   5432.289703  x:  0.05675   0.10380   0.45398   0.29642   0.16101   0.36333   0.13696   0.28036   0.12376   0.11110   0.22481   0.00000   0.00760   0.02702   0.22968   0.13810   0.21567   0.84261   0.00030   0.23130   0.45552   0.00000   0.06900   0.02019   0.00000   0.02016   0.12443   0.08648   0.07541   0.21667   0.05884   0.00950   0.11251   0.12960   0.10760   0.15774   0.15471   0.00000   0.07583   0.02484   0.01371   0.07352   0.06687   0.13798   0.00000   0.02272   0.07109   0.09010   0.08861   0.01802   0.03301   0.03561   0.01115   0.01170   0.00000   0.00000   0.00000   0.01635   0.09011   0.01997   0.02215   0.00000   0.00632   0.00000   0.02074   0.01390   0.02398   0.00000   0.44545   0.55602   1.13033  
 33 1826.1495   5413.121703  x:  0.05668   0.10694   0.47304   0.30439   0.16244   0.36944   0.13942   0.28567   0.13165   0.11548   0.23392   0.00000   0.00761   0.02586   0.23561   0.14079   0.21617   0.86127   0.00284   0.23600   0.47897   0.00000   0.06773   0.01986   0.00000   0.02606   0.12558   0.08642   0.07518   0.22307   0.06535   0.02081   0.11729   0.13258   0.11574   0.16031   0.16146   0.00000   0.07892   0.03022   0.02935   0.08971   0.07634   0.14188   0.00000   0.02161   0.05676   0.07615   0.06791   0.00000   0.02541   0.03447   0.01563   0.01138   0.00000   0.00000   0.00000   0.00227   0.07813   0.02481   0.01327   0.00000   0.00953   0.00000   0.01291   0.00171   0.00648   0.00000   0.45086   0.56227   1.13017  
 34 418.5958   5408.013243  x:  0.05665   0.10813   0.48043   0.30746   0.16298   0.37181   0.14035   0.28772   0.13464   0.11714   0.23742   0.00000   0.00761   0.02539   0.23789   0.14182   0.21635   0.86855   0.00377   0.23779   0.48805   0.00000   0.06726   0.01972   0.00000   0.02795   0.12601   0.08638   0.07508   0.22552   0.06771   0.02420   0.11908   0.13369   0.11876   0.16129   0.16403   0.00000   0.08007   0.03198   0.03414   0.09560   0.07978   0.14336   0.00000   0.02123   0.05131   0.07098   0.06007   0.00355   0.02279   0.03417   0.01679   0.01132   0.00000   0.00000   0.00000   0.00133   0.07355   0.02634   0.01055   0.00000   0.01014   0.00000   0.01054   0.00285   0.00097   0.00000   0.45290   0.56470   1.13011  
 35 1514.0816   5393.566515  x:  0.05648   0.11254   0.50815   0.31898   0.16498   0.38070   0.14381   0.29538   0.14576   0.12332   0.25052   0.00000   0.00761   0.02363   0.24642   0.14563   0.21694   0.89596   0.00716   0.24448   0.52212   0.00000   0.06556   0.01920   0.00000   0.03449   0.12760   0.08621   0.07471   0.23466   0.07630   0.03573   0.12568   0.13783   0.12987   0.16494   0.17360   0.00000   0.08428   0.03813   0.05063   0.11707   0.09235   0.14885   0.00000   0.01991   0.03107   0.05163   0.03057   0.00783   0.01365   0.03319   0.02042   0.01123   0.00000   0.00000   0.00000   0.01018   0.05653   0.03158   0.00196   0.00000   0.01172   0.00000   0.00316   0.00673   0.00472   0.00000   0.46055   0.57380   1.12989  
 36 3263.2014   5385.223480  x:  0.05632   0.11571   0.52872   0.32747   0.16640   0.38731   0.14629   0.30103   0.15380   0.12778   0.26015   0.00000   0.00761   0.02228   0.25270   0.14840   0.21730   0.91647   0.00951   0.24936   0.54739   0.00000   0.06440   0.01881   0.00000   0.03843   0.12872   0.08605   0.07442   0.24132   0.08220   0.04264   0.13037   0.14078   0.13771   0.16759   0.18055   0.00000   0.08723   0.04192   0.06092   0.13202   0.10104   0.15280   0.00000   0.01914   0.01705   0.03792   0.00939   0.00999   0.00920   0.03262   0.02201   0.01136   0.00000   0.00000   0.00000   0.01387   0.04438   0.03461   0.01220   0.00000   0.01188   0.00000   0.00726   0.00911   0.00632   0.00000   0.46608   0.58056   1.12971  
 37 3281.9144   5371.795831  x:  0.05537   0.12159   0.57620   0.34638   0.16886   0.40268   0.15082   0.31352   0.16953   0.13641   0.28111   0.00000   0.00760   0.01855   0.26638   0.15389   0.21689   0.96614   0.01254   0.25935   0.60562   0.00000   0.06315   0.01818   0.00000   0.03696   0.13058   0.08510   0.07347   0.25520   0.08994   0.04042   0.13850   0.14601   0.15076   0.17286   0.19452   0.00000   0.09159   0.04137   0.06332   0.15486   0.11330   0.16035   0.00000   0.02061   0.01474   0.02095   0.01155   0.01216   0.04446   0.03262   0.01351   0.01377   0.00000   0.00000   0.00000   0.00993   0.02609   0.03127   0.00478   0.00000   0.00177   0.00000   0.02583   0.01063   0.01004   0.00000   0.47687   0.59627   1.12927  
 38 569.8827   5363.188026  x:  0.05396   0.12776   0.63243   0.36840   0.17131   0.42091   0.15556   0.32798   0.18677   0.14577   0.30527   0.00000   0.00760   0.01399   0.28212   0.15990   0.21574   1.02626   0.01496   0.27048   0.67462   0.00000   0.06221   0.01798   0.00000   0.03267   0.13245   0.08370   0.07219   0.27088   0.09684   0.03279   0.14687   0.15142   0.16412   0.17867   0.21001   0.00000   0.09566   0.03831   0.06013   0.17774   0.12485   0.16852   0.00000   0.02506   0.02329   0.01334   0.02216   0.01447   0.07291   0.03240   0.00513   0.01131   0.00000   0.00000   0.00000   0.00869   0.01563   0.02506   0.00714   0.00000   0.03357   0.00000   0.02907   0.01197   0.01334   0.00000   0.48847   0.61487   1.12871  
 39 1392.4566   5346.807321  x:  0.05124   0.13527   0.71837   0.40104   0.17392   0.44874   0.16129   0.34915   0.21006   0.15811   0.34059   0.00000   0.00761   0.00698   0.30494   0.16785   0.21239   1.12117   0.01601   0.28570   0.78027   0.00000   0.06175   0.01901   0.00000   0.02375   0.13461   0.08097   0.06990   0.29300   0.10299   0.01406   0.15690   0.15793   0.18030   0.18652   0.23119   0.00000   0.09951   0.03090   0.04558   0.20497   0.13678   0.17918   0.00000   0.03212   0.03417   0.04035   0.02711   0.01459   0.09774   0.03234   0.03339   0.00173   0.00000   0.00000   0.00000   0.01204   0.04185   0.01534   0.01596   0.00000   0.03806   0.00000   0.01868   0.01127   0.01326   0.00000   0.50316   0.64317   1.12780  
 40 1081.1414   5343.464345  x:  0.04987   0.13705   0.75232   0.41330   0.17426   0.45967   0.16265   0.35691   0.21745   0.16183   0.35357   0.00000   0.00761   0.00440   0.31317   0.17024   0.21012   1.16045   0.01487   0.29063   0.82216   0.00000   0.06200   0.01980   0.00000   0.02045   0.13507   0.07960   0.06887   0.30061   0.10304   0.00513   0.15929   0.15948   0.18430   0.18899   0.23805   0.00000   0.09970   0.02746   0.03484   0.21136   0.13829   0.18223   0.00000   0.03393   0.03841   0.04955   0.02786   0.01363   0.09990   0.03265   0.03643   0.02490   0.00000   0.00000   0.00000   0.01327   0.05212   0.01514   0.01972   0.00000   0.03782   0.00000   0.01165   0.01060   0.01222   0.00000   0.50708   0.65422   1.12741  
 41 1243.9531   5331.914077  x:  0.04706   0.13473   0.79778   0.42716   0.17204   0.47401   0.16090   0.36483   0.22027   0.16229   0.36711   0.00000   0.00759   0.00207   0.32105   0.17050   0.20339   1.22016   0.00735   0.29288   0.87902   0.00000   0.06363   0.02138   0.00000   0.02061   0.13420   0.07679   0.06729   0.30629   0.09474   0.00621   0.15670   0.15792   0.18090   0.18991   0.24134   0.00000   0.09504   0.02379   0.00458   0.20314   0.12825   0.18169   0.00000   0.02928   0.04340   0.05559   0.02856   0.01048   0.07938   0.03384   0.01165   0.02126   0.00000   0.00000   0.00000   0.01261   0.06137   0.02693   0.01896   0.00000   0.02863   0.00000   0.00933   0.00993   0.00983   0.00000   0.50502   0.66842   1.12673  
 42 445.1434   5327.740133  x:  0.04576   0.13254   0.81670   0.43227   0.17049   0.47990   0.15930   0.36746   0.21960   0.16135   0.37171   0.00000   0.00760   0.00147   0.32348   0.16989   0.19969   1.24699   0.00272   0.29268   0.90288   0.00000   0.06452   0.02161   0.00000   0.02026   0.13349   0.07549   0.06668   0.30750   0.08919   0.00562   0.15418   0.15636   0.17713   0.18970   0.24119   0.00000   0.09211   0.02299   0.01044   0.19534   0.12151   0.18029   0.00000   0.02717   0.04749   0.05876   0.03236   0.01039   0.06834   0.03392   0.00259   0.02067   0.00000   0.00000   0.00000   0.01200   0.06561   0.02762   0.01805   0.00000   0.02492   0.00000   0.01173   0.01006   0.01010   0.00000   0.50251   0.67414   1.12641  
 43 685.6599   5324.859655  x:  0.04509   0.13110   0.82603   0.43458   0.16954   0.48277   0.15826   0.36856   0.21873   0.16055   0.37366   0.00000   0.00760   0.00131   0.32443   0.16937   0.19761   1.26081   0.00000   0.29225   0.91473   0.00000   0.06499   0.02162   0.00000   0.02038   0.13304   0.07482   0.06640   0.30774   0.08591   0.00627   0.15254   0.15533   0.17463   0.18942   0.24067   0.00000   0.09039   0.02287   0.01136   0.19018   0.11734   0.17925   0.00000   0.02577   0.04977   0.05791   0.03522   0.01055   0.06263   0.03390   0.00364   0.02087   0.00000   0.00000   0.00000   0.01123   0.06519   0.02817   0.01714   0.00000   0.02408   0.00000   0.01409   0.01030   0.01059   0.00000   0.50076   0.67691   1.12624  
 44 1318.3845   5319.811597  x:  0.04443   0.12532   0.84995   0.43928   0.16674   0.48987   0.15466   0.36985   0.21354   0.15700   0.37646   0.00000   0.00758   0.00259   0.32505   0.16715   0.19140   1.30085   0.00000   0.28914   0.94588   0.00000   0.06493   0.01925   0.00000   0.02059   0.13178   0.07416   0.06684   0.30647   0.07817   0.00517   0.14736   0.15205   0.16580   0.18818   0.23692   0.00000   0.08745   0.02869   0.01144   0.17100   0.10577   0.17492   0.00000   0.02715   0.05176   0.05129   0.03991   0.01079   0.05512   0.03407   0.00364   0.01911   0.00000   0.00000   0.00000   0.01056   0.05650   0.01330   0.02188   0.00000   0.01682   0.00000   0.00362   0.00842   0.01052   0.00000   0.49454   0.68326   1.12568  
 45 546.5619   5318.690001  x:  0.04494   0.12292   0.85624   0.43997   0.16601   0.49159   0.15347   0.36947   0.21098   0.15552   0.37610   0.00000   0.00758   0.00363   0.32434   0.16628   0.18951   1.31369   0.00000   0.28741   0.95449   0.00000   0.06416   0.01827   0.00000   0.02051   0.13151   0.07467   0.06761   0.30536   0.07758   0.00429   0.14601   0.15117   0.16295   0.18774   0.23498   0.00000   0.08801   0.03163   0.01015   0.16417   0.10356   0.17329   0.00000   0.03114   0.05005   0.05203   0.03755   0.01001   0.05397   0.03415   0.00340   0.01914   0.00000   0.00000   0.00000   0.01326   0.05505   0.00726   0.02012   0.00000   0.01758   0.00000   0.00619   0.00709   0.00847   0.00000   0.49253   0.68452   1.12547  
 46 359.6839   5315.257550  x:  0.04818   0.11289   0.87555   0.44042   0.16368   0.49646   0.14898   0.36616   0.19943   0.14921   0.37176   0.00000   0.00762   0.00831   0.31964   0.16264   0.18274   1.36014   0.00000   0.27931   0.98218   0.00000   0.06022   0.01524   0.00000   0.01857   0.13076   0.07791   0.07163   0.29953   0.07876   0.00236   0.14158   0.14824   0.15206   0.18595   0.22608   0.00000   0.09272   0.04118   0.01204   0.13655   0.09802   0.16681   0.00000   0.05058   0.04248   0.05727   0.02882   0.00725   0.06374   0.03415   0.00382   0.01843   0.00000   0.00000   0.00000   0.02158   0.04882   0.01393   0.01889   0.00000   0.02066   0.00000   0.00660   0.00553   0.00263   0.00000   0.48508   0.68722   1.12465  
 47 425.2487   5313.334628  x:  0.05105   0.10502   0.88821   0.43984   0.16235   0.49939   0.14590   0.36281   0.19022   0.14434   0.36697   0.00000   0.00760   0.01144   0.31513   0.15991   0.17790   1.39489   0.00000   0.27242   1.00114   0.00000   0.05742   0.01662   0.00000   0.01908   0.13044   0.08078   0.07481   0.29449   0.08222   0.01158   0.13926   0.14669   0.14502   0.18465   0.21893   0.00000   0.09734   0.04499   0.01239   0.11734   0.09656   0.16223   0.00000   0.06406   0.03564   0.06417   0.02059   0.00914   0.07198   0.03400   0.00346   0.01968   0.00000   0.00000   0.00000   0.01484   0.04845   0.01406   0.01750   0.00000   0.02443   0.00000   0.00655   0.00694   0.00675   0.00000   0.48007   0.68819   1.12400  
 48 543.2493   5312.315980  x:  0.05270   0.10030   0.89202   0.43799   0.16231   0.49971   0.14483   0.35955   0.18461   0.14161   0.36171   0.00000   0.00757   0.01185   0.31104   0.15850   0.17557   1.41406   0.00000   0.26726   1.00847   0.00000   0.05738   0.02108   0.00000   0.02279   0.13066   0.08243   0.07580   0.29063   0.08643   0.00423   0.13922   0.14648   0.14300   0.18385   0.21446   0.00000   0.10027   0.04033   0.01235   0.11184   0.09984   0.16054   0.00000   0.06497   0.03014   0.06348   0.01756   0.00881   0.07335   0.03411   0.00363   0.01879   0.00000   0.00000   0.00000   0.00992   0.04883   0.01395   0.01627   0.00000   0.02611   0.00000   0.00651   0.00984   0.00884   0.00000   0.47820   0.68684   1.12357  
 49 158.9931   5310.554964  x:  0.05621   0.08993   0.89624   0.43207   0.16346   0.49872   0.14381   0.35068   0.17237   0.13605   0.34682   0.00000   0.00766   0.01155   0.30017   0.15591   0.17118   1.45692   0.00000   0.25429   1.02062   0.00000   0.05902   0.02395   0.00000   0.02420   0.13170   0.08594   0.07684   0.28092   0.09892   0.00686   0.14155   0.14759   0.14245   0.18224   0.20450   0.00000   0.10676   0.02438   0.01298   0.10843   0.11171   0.15846   0.00000   0.05993   0.02276   0.05934   0.02176   0.00917   0.07520   0.03406   0.00380   0.01888   0.00000   0.00000   0.00000   0.01477   0.05258   0.01231   0.01730   0.00000   0.02675   0.00000   0.00558   0.00602   0.00645   0.00000   0.47626   0.68127   1.12250  
 50 180.0844   5308.871593  x:  0.05967   0.07904   0.89720   0.42371   0.16604   0.49594   0.14434   0.33911   0.15975   0.13085   0.32695   0.00000   0.00729   0.01284   0.28634   0.15394   0.16706   1.50868   0.00000   0.23804   1.03111   0.00000   0.06041   0.01532   0.00000   0.01774   0.13313   0.08941   0.07648   0.26886   0.11307   0.00657   0.14536   0.14960   0.14472   0.18059   0.19372   0.00000   0.11291   0.02671   0.01238   0.11323   0.12597   0.15780   0.00000   0.05088   0.03143   0.05504   0.02047   0.00624   0.07372   0.03407   0.00374   0.01894   0.00000   0.00000   0.00000   0.01406   0.05661   0.01173   0.01734   0.00000   0.02583   0.00000   0.00568   0.01238   0.00591   0.00000   0.47624   0.67205   1.12106  
 51 193.7659   5308.105929  x:  0.06077   0.07527   0.89630   0.41966   0.16769   0.49414   0.14532   0.33378   0.15547   0.12926   0.31755   0.00000   0.00792   0.01449   0.28015   0.15360   0.16568   1.53335   0.00000   0.23061   1.03469   0.00000   0.06054   0.01545   0.00000   0.01864   0.13362   0.09050   0.07563   0.26346   0.11799   0.00459   0.14695   0.15050   0.14633   0.17998   0.18969   0.00000   0.11443   0.03286   0.01193   0.11730   0.13083   0.15823   0.00000   0.04724   0.03572   0.05468   0.02058   0.01013   0.07271   0.03407   0.00370   0.01895   0.00000   0.00000   0.00000   0.01329   0.05750   0.01312   0.01751   0.00000   0.02540   0.00000   0.00620   0.00599   0.00778   0.00000   0.47704   0.66689   1.12032  
 52 238.4680   5307.569510  x:  0.06071   0.07461   0.89323   0.41587   0.16997   0.49168   0.14737   0.32932   0.15481   0.12932   0.30914   0.00000   0.00704   0.01729   0.27532   0.15429   0.16542   1.55727   0.00000   0.22434   1.03576   0.00000   0.05990   0.02247   0.00000   0.02350   0.13361   0.09045   0.07373   0.25921   0.11891   0.00626   0.14776   0.15110   0.14837   0.17971   0.18804   0.00000   0.11301   0.03897   0.01186   0.12244   0.13109   0.15984   0.00000   0.04577   0.03741   0.05728   0.02341   0.00859   0.07296   0.03401   0.00363   0.01948   0.00000   0.00000   0.00000   0.01551   0.05625   0.01307   0.01833   0.00000   0.02485   0.00000   0.00626   0.00818   0.00645   0.00000   0.47906   0.66071   1.11950  
 53 123.5422   5306.161717  x:  0.05775   0.08156   0.87780   0.40529   0.17831   0.48228   0.15540   0.31884   0.16220   0.13294   0.28725   0.00000   0.01291   0.02454   0.26514   0.15845   0.16758   1.62878   0.00000   0.20904   1.03208   0.00000   0.05711   0.02078   0.00000   0.01810   0.13244   0.08748   0.06641   0.25036   0.11072   0.00562   0.14719   0.15145   0.15369   0.17985   0.18961   0.00000   0.10160   0.03652   0.01168   0.13581   0.11966   0.16700   0.00000   0.04647   0.02828   0.06712   0.02467   0.00840   0.07328   0.03402   0.00360   0.01948   0.00000   0.00000   0.00000   0.01374   0.04729   0.01304   0.01792   0.00000   0.02588   0.00000   0.00628   0.00911   0.00725   0.00000   0.48708   0.63917   1.11674  
 54 108.4482   5305.644556  x:  0.05686   0.08495   0.87178   0.40203   0.18110   0.47894   0.15767   0.31623   0.16528   0.13410   0.28142   0.00000   0.00600   0.02514   0.26291   0.15970   0.16877   1.65229   0.00000   0.20503   1.02982   0.00000   0.05691   0.01851   0.00000   0.01927   0.13215   0.08659   0.06510   0.24869   0.10762   0.00545   0.14676   0.15143   0.15494   0.18020   0.19089   0.00000   0.09855   0.03386   0.01183   0.13831   0.11574   0.16906   0.00000   0.04734   0.02833   0.06822   0.02264   0.00885   0.07432   0.03402   0.00362   0.01941   0.00000   0.00000   0.00000   0.01347   0.04605   0.01301   0.01769   0.00000   0.02623   0.00000   0.00622   0.00833   0.00747   0.00000   0.48962   0.63182   1.11576  
 55 192.3749   5305.132342  x:  0.05612   0.09141   0.86178   0.39813   0.18476   0.47398   0.15958   0.31466   0.17013   0.13532   0.27706   0.00000   0.00909   0.02216   0.26247   0.16092   0.17135   1.68403   0.00000   0.20204   1.02464   0.00000   0.05847   0.01710   0.00000   0.02456   0.13200   0.08586   0.06633   0.24936   0.10379   0.00622   0.14597   0.15123   0.15548   0.18132   0.19395   0.00000   0.09726   0.02998   0.01233   0.13745   0.11172   0.17081   0.00000   0.04948   0.03392   0.06439   0.01720   0.00881   0.07690   0.03399   0.00368   0.01928   0.00000   0.00000   0.00000   0.01449   0.04886   0.01268   0.01744   0.00000   0.02641   0.00000   0.00598   0.00791   0.00680   0.00000   0.49258   0.62156   1.11429  
 56 117.1687   5304.164132  x:  0.05587   0.10619   0.83859   0.39122   0.19129   0.46344   0.16109   0.31513   0.17978   0.13710   0.27603   0.00000   0.00811   0.01364   0.26634   0.16243   0.17813   1.74763   0.00000   0.20087   1.01071   0.00000   0.06247   0.02174   0.00000   0.01847   0.13201   0.08560   0.07332   0.25606   0.10027   0.00625   0.14505   0.15101   0.15540   0.18442   0.20161   0.00000   0.10174   0.03410   0.01234   0.13125   0.11052   0.17190   0.00000   0.05501   0.03179   0.05196   0.01907   0.00892   0.07511   0.03401   0.00368   0.01869   0.00000   0.00000   0.00000   0.01389   0.05943   0.01310   0.01717   0.00000   0.02618   0.00000   0.00616   0.00792   0.00694   0.00000   0.49724   0.60091   1.11101  
 57 119.0708   5303.704441  x:  0.05549   0.11245   0.82498   0.38816   0.19264   0.45812   0.15996   0.31780   0.18249   0.13756   0.28199   0.00000   0.00874   0.01626   0.27122   0.16251   0.18177   1.78091   0.00000   0.20353   1.00128   0.00000   0.06028   0.01590   0.00000   0.02381   0.13261   0.08522   0.07588   0.26196   0.10153   0.00598   0.14536   0.15109   0.15460   0.18533   0.20487   0.00000   0.10607   0.03557   0.01200   0.12762   0.11468   0.17023   0.00000   0.05462   0.02957   0.05281   0.02419   0.00876   0.07227   0.03401   0.00358   0.01893   0.00000   0.00000   0.00000   0.01315   0.05971   0.01355   0.01755   0.00000   0.02551   0.00000   0.00644   0.00886   0.00746   0.00000   0.49765   0.59130   1.10900  
 58 85.1902   5303.040775  x:  0.05398   0.11903   0.80336   0.38413   0.19195   0.45067   0.15613   0.32402   0.18297   0.13732   0.29621   0.00000   0.00833   0.02289   0.28042   0.16144   0.18638   1.83091   0.00000   0.21013   0.98488   0.00000   0.05672   0.01998   0.00000   0.02014   0.13315   0.08371   0.07652   0.27172   0.10417   0.00590   0.14604   0.15106   0.15230   0.18529   0.20794   0.00000   0.11097   0.03230   0.01209   0.12284   0.12211   0.16558   0.00000   0.04831   0.03497   0.05895   0.02209   0.00883   0.06978   0.03403   0.00364   0.01887   0.00000   0.00000   0.00000   0.01360   0.05137   0.01315   0.01746   0.00000   0.02422   0.00000   0.00633   0.00792   0.00714   0.00000   0.49539   0.57895   1.10560  
 59 112.7544   5302.649651  x:  0.05232   0.11633   0.79020   0.38358   0.18677   0.44840   0.15145   0.33070   0.17661   0.13568   0.30819   0.00000   0.00835   0.01329   0.28582   0.15836   0.18604   1.86113   0.00000   0.21649   0.97181   0.00000   0.06234   0.01891   0.00000   0.02102   0.13316   0.08205   0.07055   0.27535   0.10367   0.00635   0.14657   0.15083   0.15112   0.18293   0.20573   0.00000   0.10585   0.03512   0.01207   0.12793   0.12184   0.16208   0.00000   0.04320   0.03145   0.06249   0.02038   0.00866   0.07379   0.03399   0.00359   0.01917   0.00000   0.00000   0.00000   0.01417   0.05023   0.01316   0.01731   0.00000   0.02598   0.00000   0.00639   0.00801   0.00684   0.00000   0.49010   0.57774   1.10268  
 60 37.6454   5302.349589  x:  0.05428   0.10974   0.78107   0.38626   0.17942   0.44991   0.14984   0.33687   0.16991   0.13725   0.31838   0.00000   0.00832   0.01572   0.28826   0.15727   0.18314   1.88421   0.00000   0.22265   0.95826   0.00000   0.05720   0.01956   0.00000   0.02072   0.13262   0.08401   0.06836   0.27450   0.10313   0.00628   0.14732   0.15106   0.15280   0.18168   0.20189   0.00000   0.10012   0.03331   0.01206   0.13683   0.11850   0.16271   0.00000   0.05083   0.03216   0.05672   0.02077   0.00886   0.07306   0.03398   0.00359   0.01878   0.00000   0.00000   0.00000   0.01366   0.05454   0.01339   0.01732   0.00000   0.02546   0.00000   0.00641   0.00816   0.00717   0.00000   0.48625   0.58395   1.09923  
 61 27.6766   5301.960104  x:  0.06046   0.10190   0.77544   0.39733   0.17095   0.45830   0.15474   0.34281   0.16982   0.14378   0.32255   0.00000   0.00833   0.01441   0.28583   0.15985   0.17678   1.90967   0.00000   0.22951   0.93719   0.00000   0.06505   0.01930   0.00000   0.02105   0.13274   0.09019   0.07671   0.26791   0.10190   0.00606   0.14708   0.15190   0.15720   0.18443   0.19975   0.00000   0.10437   0.03223   0.01210   0.13625   0.11422   0.17158   0.00000   0.05079   0.03311   0.05949   0.02159   0.00883   0.07012   0.03398   0.00355   0.01869   0.00000   0.00000   0.00000   0.01322   0.05036   0.01348   0.01725   0.00000   0.02438   0.00000   0.00649   0.00816   0.00733   0.00000   0.48905   0.60364   1.09243  
 62 17.4393   5301.579118  x:  0.05901   0.09882   0.77523   0.40929   0.16693   0.46741   0.15806   0.34466   0.17399   0.14645   0.32052   0.00000   0.00829   0.01032   0.28252   0.16184   0.17197   1.92931   0.00000   0.23389   0.91917   0.00000   0.05430   0.01936   0.00000   0.02081   0.13265   0.08874   0.07374   0.26330   0.10030   0.00624   0.14592   0.15188   0.15740   0.18483   0.20061   0.00000   0.10641   0.03371   0.01215   0.12951   0.11457   0.17505   0.00000   0.04223   0.03186   0.05846   0.02056   0.00863   0.07132   0.03397   0.00347   0.01879   0.00000   0.00000   0.00000   0.01374   0.05244   0.01344   0.01700   0.00000   0.02529   0.00000   0.00661   0.00798   0.00688   0.00000   0.49268   0.62303   1.08485  
 63 27.6360   5300.990557  x:  0.05044   0.10074   0.78200   0.42573   0.16834   0.48047   0.15727   0.34087   0.18105   0.14317   0.31316   0.00000   0.00829   0.01696   0.27922   0.16263   0.16889   1.95341   0.00000   0.23694   0.89713   0.00000   0.06298   0.01936   0.00000   0.02090   0.13343   0.08018   0.06089   0.26329   0.10201   0.00649   0.14515   0.15082   0.15238   0.18268   0.20441   0.00000   0.10374   0.03335   0.01203   0.12415   0.12201   0.16879   0.00000   0.04574   0.03281   0.05497   0.02108   0.00863   0.06870   0.03395   0.00338   0.01842   0.00000   0.00000   0.00000   0.01332   0.05400   0.01382   0.01680   0.00000   0.02432   0.00000   0.00680   0.00799   0.00699   0.00000   0.49519   0.64891   1.07127  
 64 27.2422   5300.115645  x:  0.04961   0.10689   0.79808   0.43904   0.17986   0.49336   0.14782   0.33034   0.18357   0.13051   0.30266   0.00000   0.00846   0.00890   0.27954   0.15859   0.17012   1.97932   0.00000   0.23461   0.87887   0.00000   0.05841   0.01990   0.00000   0.02123   0.13302   0.07935   0.07193   0.27281   0.10302   0.00642   0.14567   0.14854   0.14522   0.18310   0.20882   0.00000   0.09620   0.03051   0.01177   0.13180   0.12212   0.15472   0.00000   0.04967   0.03604   0.05811   0.02371   0.00866   0.06193   0.03393   0.00323   0.01804   0.00000   0.00000   0.00000   0.01241   0.04749   0.01435   0.01688   0.00000   0.02158   0.00000   0.00711   0.00813   0.00749   0.00000   0.49015   0.67345   1.04987  
 65 28.5588   5299.090703  x:  0.05152   0.10853   0.81829   0.44215   0.19169   0.50138   0.13997   0.31938   0.18076   0.12333   0.30063   0.00000   0.00820   0.02369   0.28528   0.15588   0.17319   2.00303   0.00000   0.22806   0.87121   0.00000   0.06223   0.01959   0.00000   0.02084   0.13204   0.08125   0.08315   0.28475   0.09502   0.00691   0.14550   0.14702   0.14370   0.18377   0.21121   0.00000   0.09439   0.03159   0.01187   0.13641   0.11004   0.14812   0.00000   0.03385   0.03213   0.05410   0.02127   0.00837   0.06553   0.03385   0.00296   0.01816   0.00000   0.00000   0.00000   0.01301   0.05444   0.01471   0.01626   0.00000   0.02400   0.00000   0.00754   0.00807   0.00692   0.00000   0.47967   0.68845   1.02327  
 66 38.1118   5295.515498  x:  0.04354   0.09049   0.87811   0.41734   0.21234   0.50360   0.13919   0.30211   0.16472   0.13182   0.31459   0.00000   0.00841   0.01398   0.30621   0.15318   0.18084   2.06158   0.00000   0.20083   0.88764   0.00000   0.06153   0.02048   0.00000   0.02152   0.13153   0.07327   0.06295   0.30821   0.07003   0.00727   0.14427   0.15079   0.16251   0.17957   0.21005   0.00000   0.11712   0.02544   0.01186   0.12603   0.09121   0.16773   0.00000   0.03267   0.03720   0.05097   0.02551   0.00798   0.04843   0.03374   0.00228   0.01685   0.00000   0.00000   0.00000   0.01072   0.04951   0.01651   0.01530   0.00000   0.01849   0.00000   0.00882   0.00815   0.00747   0.00000   0.45377   0.69439   0.93204  
 67 37.7978   5291.842337  x:  0.04824   0.08543   0.92484   0.39283   0.20331   0.49261   0.15322   0.31604   0.16761   0.14679   0.33340   0.00000   0.00854   0.00995   0.31324   0.15720   0.17772   2.11080   0.00000   0.19137   0.93223   0.00000   0.06418   0.02083   0.00000   0.02189   0.12964   0.07798   0.06545   0.30098   0.07914   0.00777   0.13071   0.14507   0.14611   0.18182   0.20124   0.00000   0.07082   0.02366   0.01146   0.10492   0.09506   0.17558   0.00000   0.02189   0.04041   0.04644   0.02827   0.00743   0.03524   0.03360   0.00158   0.01590   0.00000   0.00000   0.00000   0.00961   0.04875   0.01810   0.01431   0.00000   0.01480   0.00000   0.01011   0.00801   0.00734   0.00000   0.46175   0.67660   0.84242  
 68 59.0183   5289.808103  x:  0.04465   0.09664   0.94207   0.39162   0.17668   0.48227   0.15152   0.33812   0.17315   0.13818   0.33699   0.00000   0.00852   0.00983   0.30298   0.15587   0.16577   2.13801   0.00000   0.20403   0.97519   0.00000   0.06471   0.02120   0.00000   0.02212   0.12881   0.07438   0.06645   0.27486   0.06730   0.00861   0.12800   0.13794   0.12301   0.18083   0.19408   0.00000   0.08795   0.02012   0.01118   0.11671   0.08429   0.15892   0.00000   0.01674   0.04180   0.04369   0.02967   0.00728   0.02833   0.03349   0.00121   0.01528   0.00000   0.00000   0.00000   0.00865   0.04862   0.01911   0.01378   0.00000   0.01287   0.00000   0.01084   0.00812   0.00755   0.00000   0.47641   0.65533   0.79020  
 69 56.2338   5289.106635  x:  0.04196   0.10373   0.93875   0.40396   0.16411   0.48181   0.14138   0.34499   0.17127   0.12637   0.33111   0.00000   0.00856   0.01174   0.29402   0.15363   0.15762   2.14763   0.00000   0.21751   0.99944   0.00000   0.06502   0.02131   0.00000   0.02215   0.12941   0.07169   0.07019   0.26758   0.06214   0.00820   0.13467   0.14163   0.14657   0.18091   0.19985   0.00000   0.08236   0.01987   0.01125   0.10941   0.08402   0.15544   0.00000   0.01567   0.04213   0.04315   0.03009   0.00717   0.02580   0.03345   0.00116   0.01507   0.00000   0.00000   0.00000   0.00832   0.04803   0.01942   0.01355   0.00000   0.01217   0.00000   0.01107   0.00809   0.00757   0.00000   0.47267   0.64373   0.77333  
 70 28.7495   5288.244710  x:  0.04546   0.09893   0.91720   0.43515   0.16635   0.49552   0.13552   0.34306   0.16845   0.13028   0.31812   0.00000   0.00855   0.01247   0.28667   0.15577   0.14732   2.16104   0.00000   0.23544   1.04084   0.00000   0.06504   0.02136   0.00000   0.02231   0.12824   0.07520   0.06420   0.28098   0.07323   0.00840   0.12377   0.14327   0.13991   0.18037   0.21308   0.00000   0.08365   0.01974   0.01156   0.11262   0.07873   0.16890   0.00000   0.01389   0.04265   0.04224   0.03045   0.00709   0.02346   0.03337   0.00129   0.01481   0.00000   0.00000   0.00000   0.00810   0.04739   0.01959   0.01342   0.00000   0.01142   0.00000   0.01126   0.00807   0.00761   0.00000   0.45599   0.63027   0.75826  
 71 16.4521   5287.501347  x:  0.04449   0.08606   0.89872   0.45694   0.17336   0.51044   0.13820   0.33859   0.16856   0.13691   0.31474   0.00000   0.00848   0.01278   0.28841   0.15697   0.14067   2.17368   0.00000   0.24005   1.07515   0.00000   0.06519   0.02132   0.00000   0.02239   0.12870   0.07422   0.06890   0.29047   0.05529   0.00918   0.12881   0.14158   0.13285   0.18025   0.21200   0.00000   0.08088   0.01995   0.01149   0.11570   0.09295   0.17047   0.00000   0.01448   0.04175   0.04141   0.02965   0.00702   0.02282   0.03330   0.00146   0.01455   0.00000   0.00000   0.00000   0.00791   0.04706   0.01975   0.01315   0.00000   0.01130   0.00000   0.01137   0.00804   0.00757   0.00000   0.45341   0.62443   0.74803  
 72 32.0813   5286.407140  x:  0.03590   0.07057   0.87791   0.47885   0.18431   0.53147   0.14703   0.33236   0.17600   0.14095   0.32353   0.00000   0.00841   0.01139   0.30177   0.15630   0.13744   2.19465   0.00000   0.23081   1.12039   0.00000   0.06508   0.02126   0.00000   0.02253   0.13020   0.06564   0.07339   0.29848   0.06537   0.00872   0.14242   0.13842   0.13941   0.18074   0.19990   0.00000   0.08170   0.02007   0.01213   0.11615   0.08211   0.15521   0.00000   0.01427   0.04105   0.03945   0.02916   0.00690   0.02018   0.03319   0.00181   0.01411   0.00000   0.00000   0.00000   0.00746   0.04648   0.01984   0.01274   0.00000   0.01058   0.00000   0.01148   0.00795   0.00754   0.00000   0.46940   0.62578   0.73628  
 73 31.7702   5285.118985  x:  0.05162   0.08457   0.87675   0.48570   0.18835   0.54599   0.14744   0.33181   0.18314   0.12845   0.34416   0.00000   0.00833   0.00978   0.31714   0.15364   0.14327   2.22422   0.00000   0.20618   1.16149   0.00000   0.06499   0.02121   0.00000   0.02274   0.12903   0.08136   0.05886   0.28848   0.06380   0.00899   0.12723   0.14197   0.15097   0.18183   0.19858   0.00000   0.08454   0.02072   0.01257   0.12071   0.08826   0.14790   0.00000   0.01458   0.04061   0.03780   0.02847   0.00686   0.01778   0.03304   0.00234   0.01360   0.00000   0.00000   0.00000   0.00703   0.04523   0.01992   0.01240   0.00000   0.00979   0.00000   0.01158   0.00781   0.00756   0.00000   0.48136   0.64290   0.72724  
 74 24.9449   5283.545179  x:  0.03435   0.10314   0.90155   0.46943   0.17628   0.54737   0.14329   0.33974   0.18620   0.11669   0.36413   0.00000   0.00813   0.01006   0.32235   0.15543   0.15714   2.26432   0.00000   0.18645   1.19734   0.00000   0.06464   0.02106   0.00000   0.02291   0.12970   0.06408   0.07241   0.27149   0.07096   0.00930   0.12457   0.14758   0.14644   0.18632   0.21104   0.00000   0.08579   0.02237   0.01321   0.13147   0.09775   0.17185   0.00000   0.01647   0.03890   0.03560   0.02679   0.00681   0.01706   0.03283   0.00304   0.01301   0.00000   0.00000   0.00000   0.00675   0.04444   0.01986   0.01204   0.00000   0.00950   0.00000   0.01159   0.00768   0.00753   0.00000   0.47218   0.67055   0.72127  
 75 31.7510   5282.256692  x:  0.04203   0.11464   0.94941   0.43993   0.16833   0.53226   0.14577   0.35185   0.18842   0.13324   0.36243   0.00000   0.00803   0.00820   0.30787   0.16150   0.17415   2.30198   0.00000   0.20592   1.21530   0.00000   0.06429   0.02099   0.00000   0.02311   0.13333   0.07177   0.06565   0.27608   0.07466   0.00940   0.15595   0.14270   0.14324   0.18407   0.22374   0.00000   0.08653   0.02362   0.01401   0.13390   0.09815   0.16747   0.00000   0.01644   0.03814   0.03398   0.02597   0.00668   0.01470   0.03267   0.00367   0.01253   0.00000   0.00000   0.00000   0.00639   0.04310   0.01987   0.01166   0.00000   0.00877   0.00000   0.01168   0.00753   0.00747   0.00000   0.46329   0.69135   0.72167  
 76 30.4184   5281.533096  x:  0.03803   0.10812   0.98943   0.42331   0.16455   0.51518   0.14551   0.35838   0.18871   0.14532   0.35512   0.00000   0.00793   0.00829   0.29894   0.16118   0.17031   2.32370   0.00000   0.22902   1.21624   0.00000   0.06422   0.02082   0.00000   0.02324   0.13053   0.06777   0.07035   0.29354   0.07335   0.00972   0.13524   0.14267   0.15499   0.18430   0.22083   0.00000   0.08912   0.02396   0.01430   0.13937   0.10265   0.15721   0.00000   0.01727   0.03708   0.03319   0.02501   0.00668   0.01473   0.03256   0.00402   0.01226   0.00000   0.00000   0.00000   0.00623   0.04270   0.01986   0.01148   0.00000   0.00878   0.00000   0.01168   0.00749   0.00747   0.00000   0.47275   0.69358   0.72603  
 77 27.9920   5281.198808  x:  0.04033   0.10285   1.02109   0.43010   0.16747   0.50148   0.14098   0.35925   0.19095   0.13760   0.35421   0.00000   0.00790   0.00912   0.30713   0.15765   0.14919   2.33381   0.00000   0.23770   1.20547   0.00000   0.06403   0.02085   0.00000   0.02326   0.13342   0.07007   0.06752   0.29974   0.07360   0.00971   0.14022   0.15018   0.15158   0.18714   0.21607   0.00000   0.08837   0.02443   0.01451   0.13991   0.10209   0.16739   0.00000   0.01812   0.03654   0.03276   0.02454   0.00665   0.01436   0.03251   0.00418   0.01210   0.00000   0.00000   0.00000   0.00613   0.04220   0.01979   0.01134   0.00000   0.00863   0.00000   0.01164   0.00744   0.00742   0.00000   0.48437   0.67722   0.73438  
 78 14.1633   5281.004539  x:  0.04053   0.10002   1.04482   0.44436   0.17041   0.49760   0.14676   0.35939   0.19269   0.13845   0.35801   0.00000   0.00787   0.00819   0.31342   0.16030   0.14076   2.34002   0.00000   0.23901   1.19480   0.00000   0.06415   0.02074   0.00000   0.02338   0.12976   0.07027   0.06811   0.29171   0.07555   0.00988   0.14013   0.13956   0.15463   0.18580   0.21639   0.00000   0.08927   0.02469   0.01462   0.14162   0.10397   0.16617   0.00000   0.01854   0.03638   0.03267   0.02432   0.00667   0.01481   0.03247   0.00428   0.01205   0.00000   0.00000   0.00000   0.00617   0.04219   0.01979   0.01137   0.00000   0.00869   0.00000   0.01163   0.00743   0.00743   0.00000   0.47722   0.65686   0.74438  
 79 12.7034   5280.890619  x:  0.04041   0.09542   1.05909   0.45501   0.17095   0.50150   0.14916   0.36024   0.19122   0.14150   0.36191   0.00000   0.00786   0.00749   0.31231   0.16085   0.14777   2.34401   0.00000   0.23934   1.18825   0.00000   0.06413   0.02077   0.00000   0.02337   0.13325   0.07014   0.06913   0.28498   0.07538   0.00985   0.13857   0.14911   0.15368   0.18488   0.21849   0.00000   0.08890   0.02478   0.01475   0.14188   0.10328   0.16202   0.00000   0.01863   0.03620   0.03257   0.02420   0.00666   0.01485   0.03245   0.00433   0.01201   0.00000   0.00000   0.00000   0.00616   0.04217   0.01981   0.01134   0.00000   0.00870   0.00000   0.01164   0.00743   0.00742   0.00000   0.47552   0.64114   0.75466  
 80 10.5716   5280.784461  x:  0.04109   0.09033   1.06815   0.46126   0.16538   0.51046   0.14378   0.36264   0.18940   0.14026   0.36448   0.00000   0.00785   0.00758   0.30622   0.15853   0.15914   2.34795   0.00000   0.23618   1.18473   0.00000   0.06422   0.02070   0.00000   0.02346   0.12966   0.07083   0.06817   0.28733   0.07488   0.00996   0.13931   0.14393   0.15335   0.18621   0.21979   0.00000   0.08862   0.02487   0.01485   0.14161   0.10293   0.16543   0.00000   0.01879   0.03601   0.03260   0.02406   0.00666   0.01505   0.03242   0.00438   0.01197   0.00000   0.00000   0.00000   0.00617   0.04203   0.01982   0.01132   0.00000   0.00870   0.00000   0.01164   0.00742   0.00741   0.00000   0.48242   0.62864   0.76996  
 81  6.9861   5280.589851  x:  0.04216   0.09319   1.07217   0.46003   0.15198   0.52263   0.14314   0.36840   0.19503   0.14049   0.36225   0.00000   0.00782   0.00726   0.30250   0.16344   0.15604   2.35559   0.00000   0.22634   1.18708   0.00000   0.06401   0.02078   0.00000   0.02344   0.13785   0.07189   0.06774   0.29783   0.07445   0.01011   0.13947   0.14361   0.15374   0.18593   0.21391   0.00000   0.08861   0.02522   0.01507   0.14233   0.10246   0.16419   0.00000   0.01907   0.03560   0.03296   0.02376   0.00668   0.01632   0.03234   0.00443   0.01195   0.00000   0.00000   0.00000   0.00632   0.04198   0.01985   0.01140   0.00000   0.00893   0.00000   0.01162   0.00742   0.00739   0.00000   0.47799   0.62069   0.80791  
 82  5.5377   5279.993801  x:  0.04210   0.10197   1.07105   0.44604   0.15540   0.54237   0.14721   0.37788   0.19369   0.13923   0.35714   0.00000   0.00775   0.00772   0.30474   0.16250   0.14641   2.38006   0.00000   0.23094   1.20702   0.00000   0.06458   0.02021   0.00000   0.02410   0.11387   0.07184   0.06704   0.29676   0.07468   0.01027   0.14317   0.15473   0.15144   0.18574   0.20776   0.00000   0.08823   0.02629   0.01583   0.14101   0.10063   0.16247   0.00000   0.01970   0.03455   0.03392   0.02299   0.00673   0.01939   0.03211   0.00460   0.01185   0.00000   0.00000   0.00000   0.00672   0.04165   0.01998   0.01154   0.00000   0.00939   0.00000   0.01162   0.00738   0.00730   0.00000   0.47471   0.61798   0.92800  
 83 15.9282   5279.112013  x:  0.04136   0.10671   1.06472   0.42642   0.17642   0.55623   0.14715   0.38110   0.18144   0.13484   0.35442   0.00000   0.00761   0.00902   0.31170   0.15446   0.13907   2.41894   0.00000   0.25158   1.24364   0.00000   0.06413   0.02032   0.00000   0.02425   0.13322   0.07110   0.06646   0.27931   0.07394   0.01097   0.13938   0.14340   0.15047   0.18565   0.21250   0.00000   0.08595   0.02776   0.01702   0.13911   0.09600   0.16518   0.00000   0.02086   0.03276   0.03529   0.02177   0.00680   0.02405   0.03175   0.00486   0.01167   0.00000   0.00000   0.00000   0.00727   0.04117   0.02021   0.01173   0.00000   0.01009   0.00000   0.01163   0.00732   0.00716   0.00000   0.48145   0.62306   1.11449  
 84 59.2038   5278.638835  x:  0.04310   0.09371   1.05748   0.43745   0.16694   0.51855   0.13576   0.35689   0.18709   0.13852   0.36329   0.00000   0.00755   0.00735   0.30998   0.16374   0.14141   2.43976   0.00000   0.24758   1.26808   0.00000   0.06441   0.02014   0.00000   0.02456   0.13031   0.07283   0.06726   0.27491   0.07284   0.01130   0.13933   0.14404   0.14730   0.18158   0.22631   0.00000   0.08463   0.02842   0.01761   0.13813   0.09373   0.15925   0.00000   0.02152   0.03202   0.03608   0.02125   0.00685   0.02655   0.03155   0.00499   0.01161   0.00000   0.00000   0.00000   0.00759   0.04112   0.02034   0.01188   0.00000   0.01045   0.00000   0.01164   0.00730   0.00710   0.00000   0.48537   0.63782   1.20497  
 85 19.2787   5278.496812  x:  0.04295   0.09567   1.05552   0.45018   0.16616   0.49819   0.14278   0.35556   0.18776   0.13780   0.36431   0.00000   0.00753   0.00789   0.30515   0.15386   0.15008   2.44646   0.00000   0.24526   1.27643   0.00000   0.06436   0.02011   0.00000   0.02462   0.13069   0.07269   0.06639   0.27809   0.07225   0.01143   0.13922   0.14390   0.14684   0.18478   0.21787   0.00000   0.08422   0.02866   0.01782   0.13759   0.09312   0.16139   0.00000   0.02163   0.03181   0.03637   0.02112   0.00686   0.02730   0.03149   0.00503   0.01160   0.00000   0.00000   0.00000   0.00770   0.04107   0.02038   0.01193   0.00000   0.01054   0.00000   0.01165   0.00730   0.00709   0.00000   0.48203   0.64477   1.22794  
 86 12.6591   5278.461111  x:  0.04275   0.09507   1.05504   0.45452   0.16904   0.49219   0.14312   0.36278   0.18387   0.13567   0.36128   0.00000   0.00752   0.00818   0.30597   0.16021   0.15356   2.44855   0.00000   0.24263   1.27830   0.00000   0.06434   0.02010   0.00000   0.02464   0.13063   0.07249   0.06621   0.27943   0.07190   0.01148   0.13903   0.14378   0.14679   0.18443   0.21599   0.00000   0.08421   0.02873   0.01789   0.13718   0.09279   0.16158   0.00000   0.02173   0.03169   0.03645   0.02106   0.00685   0.02735   0.03146   0.00505   0.01158   0.00000   0.00000   0.00000   0.00770   0.04096   0.02039   0.01192   0.00000   0.01053   0.00000   0.01165   0.00729   0.00708   0.00000   0.48278   0.64666   1.22846  
 87  3.9223   5278.410810  x:  0.04301   0.09096   1.05467   0.45635   0.17060   0.48856   0.14147   0.37335   0.18394   0.13839   0.35640   0.00000   0.00752   0.00915   0.30800   0.15463   0.15261   2.45253   0.00000   0.23585   1.27988   0.00000   0.06437   0.02009   0.00000   0.02467   0.13055   0.07275   0.06661   0.27944   0.07193   0.01152   0.13922   0.14388   0.14671   0.18282   0.22162   0.00000   0.08445   0.02885   0.01799   0.13701   0.09267   0.15970   0.00000   0.02194   0.03158   0.03661   0.02102   0.00686   0.02755   0.03141   0.00508   0.01157   0.00000   0.00000   0.00000   0.00772   0.04091   0.02041   0.01195   0.00000   0.01050   0.00000   0.01164   0.00729   0.00707   0.00000   0.48253   0.64701   1.21785  
 88  2.5755   5277.417715  x:  0.04520   0.08981   1.06353   0.45232   0.16380   0.50217   0.12215   0.37187   0.18522   0.15011   0.34059   0.00000   0.00739   0.00996   0.31439   0.15543   0.15512   2.54575   0.00000   0.23455   1.30879   0.00000   0.06496   0.01974   0.00000   0.02558   0.12995   0.07494   0.06273   0.26800   0.07345   0.01262   0.13698   0.14375   0.14241   0.20352   0.20094   0.00000   0.08432   0.03183   0.02038   0.13055   0.08974   0.15711   0.00000   0.02772   0.02942   0.03912   0.02010   0.00689   0.03029   0.03028   0.00578   0.01120   0.00000   0.00000   0.00000   0.00809   0.04007   0.02081   0.01238   0.00000   0.00948   0.00000   0.01167   0.00719   0.00702   0.00000   0.47418   0.61528   0.90437  
 89  4.2833   5276.941899  x:  0.04706   0.09027   1.06777   0.44892   0.15906   0.50982   0.13933   0.36746   0.17705   0.13796   0.34322   0.00000   0.00731   0.01043   0.30443   0.15500   0.15054   2.59002   0.00000   0.23328   1.32195   0.00000   0.06535   0.01956   0.00000   0.02602   0.12953   0.07679   0.06592   0.27365   0.07328   0.01322   0.13610   0.14423   0.13950   0.18257   0.20490   0.00000   0.08420   0.03323   0.02150   0.12729   0.08705   0.15802   0.00000   0.03056   0.02824   0.04017   0.01956   0.00689   0.03149   0.02975   0.00611   0.01100   0.00000   0.00000   0.00000   0.00823   0.03971   0.02098   0.01254   0.00000   0.00899   0.00000   0.01166   0.00714   0.00698   0.00000   0.47758   0.59965   0.75681  
 90 53.4750   5276.915601  x:  0.04688   0.08879   1.06753   0.44799   0.16365   0.50989   0.13941   0.36900   0.17840   0.13617   0.34804   0.00000   0.00731   0.01042   0.29672   0.15623   0.14740   2.59282   0.00000   0.23171   1.32253   0.00000   0.06537   0.01955   0.00000   0.02604   0.12959   0.07661   0.06542   0.27426   0.07311   0.01324   0.13612   0.14430   0.13940   0.18615   0.20590   0.00000   0.08425   0.03327   0.02157   0.12712   0.08681   0.15703   0.00000   0.03073   0.02819   0.04017   0.01954   0.00689   0.03153   0.02971   0.00613   0.01099   0.00000   0.00000   0.00000   0.00823   0.03976   0.02100   0.01255   0.00000   0.00895   0.00000   0.01167   0.00714   0.00698   0.00000   0.47647   0.59878   0.75364  
 91  3.1426   5276.821053  x:  0.04627   0.09439   1.06710   0.44950   0.16907   0.50978   0.13244   0.36847   0.17678   0.14330   0.35156   0.00000   0.00730   0.01034   0.29047   0.15589   0.14399   2.60648   0.00000   0.22815   1.32581   0.00000   0.06538   0.01950   0.00000   0.02607   0.12964   0.07600   0.06730   0.27367   0.07350   0.01333   0.13599   0.14402   0.13957   0.17649   0.20053   0.00000   0.08440   0.03337   0.02179   0.12604   0.08718   0.15905   0.00000   0.03053   0.02818   0.04014   0.01960   0.00687   0.03102   0.02952   0.00620   0.01091   0.00000   0.00000   0.00000   0.00815   0.03985   0.02109   0.01256   0.00000   0.00860   0.00000   0.01173   0.00713   0.00700   0.00000   0.47749   0.59665   0.78045  
 92  1.2278   5276.028525  x:  0.04655   0.08520   1.06078   0.44288   0.16446   0.51088   0.14843   0.35583   0.16764   0.13240   0.34177   0.00000   0.00732   0.01138   0.29229   0.15634   0.14174   2.72820   0.00000   0.21611   1.35630   0.00000   0.06521   0.01911   0.00000   0.02640   0.12790   0.07628   0.06798   0.27663   0.07317   0.01423   0.13145   0.14154   0.13705   0.18143   0.20298   0.00000   0.08574   0.03334   0.02375   0.11933   0.08969   0.15674   0.00000   0.02932   0.02805   0.04000   0.02023   0.00669   0.02618   0.02789   0.00689   0.01022   0.00000   0.00000   0.00000   0.00740   0.04031   0.02198   0.01262   0.00000   0.00548   0.00000   0.01230   0.00713   0.00717   0.00000   0.47323   0.57754   1.03615  
 93 12.9498   5276.015703  x:  0.04696   0.08267   1.06065   0.44202   0.16539   0.51091   0.14785   0.35646   0.17176   0.13021   0.34136   0.00000   0.00732   0.01150   0.29247   0.15645   0.14331   2.73035   0.00000   0.21717   1.35693   0.00000   0.06525   0.01911   0.00000   0.02641   0.12789   0.07668   0.06818   0.27597   0.07329   0.01424   0.13111   0.14159   0.13730   0.17902   0.20150   0.00000   0.08582   0.03332   0.02379   0.11930   0.08982   0.15761   0.00000   0.02928   0.02810   0.03997   0.02026   0.00669   0.02614   0.02786   0.00690   0.01021   0.00000   0.00000   0.00000   0.00739   0.04038   0.02200   0.01263   0.00000   0.00544   0.00000   0.01231   0.00713   0.00718   0.00000   0.47187   0.57727   1.03913  
 94  3.3691   5275.478364  x:  0.04638   0.08090   1.06915   0.44020   0.17224   0.50801   0.14703   0.35074   0.17275   0.13392   0.33965   0.00000   0.00737   0.01103   0.29696   0.15731   0.14684   2.83410   0.00000   0.20734   1.37295   0.00000   0.06481   0.01904   0.00000   0.02657   0.12888   0.07610   0.06776   0.27891   0.07601   0.01437   0.13521   0.14386   0.14268   0.18205   0.20107   0.00000   0.08819   0.03156   0.02512   0.12282   0.09880   0.16124   0.00000   0.02066   0.02646   0.03982   0.01880   0.00668   0.02931   0.02604   0.00773   0.00996   0.00000   0.00000   0.00000   0.00723   0.04361   0.02269   0.01263   0.00000   0.00676   0.00000   0.01297   0.00724   0.00727   0.00000   0.47437   0.56689   0.98370  
 95  0.3323   5275.004727  x:  0.04443   0.09308   1.04512   0.44126   0.17769   0.50792   0.14335   0.34975   0.17883   0.13930   0.33567   0.00000   0.00768   0.01162   0.29833   0.15811   0.15144   2.96577   0.00000   0.20836   1.38373   0.00000   0.06399   0.01998   0.00000   0.02621   0.12867   0.07414   0.06618   0.28051   0.07648   0.01495   0.13667   0.14357   0.14510   0.18351   0.20692   0.00000   0.08383   0.02729   0.02577   0.12976   0.09594   0.16259   0.00000   0.02593   0.02907   0.03720   0.01976   0.00661   0.02770   0.02234   0.00891   0.00957   0.00000   0.00000   0.00000   0.00709   0.04764   0.02379   0.01310   0.00000   0.00644   0.00000   0.01394   0.00733   0.00744   0.00000   0.47436   0.56219   0.93161  
 96  0.1118   5274.713716  x:  0.04307   0.09500   1.04186   0.43813   0.17587   0.50170   0.14238   0.35356   0.17906   0.13700   0.33982   0.00000   0.00808   0.01116   0.29820   0.15708   0.15183   3.04497   0.00000   0.21293   1.36074   0.00000   0.06399   0.02037   0.00000   0.02544   0.12910   0.07278   0.06700   0.27787   0.07305   0.01533   0.13544   0.14344   0.14321   0.18353   0.20774   0.00000   0.08479   0.03014   0.02548   0.12822   0.09203   0.16105   0.00000   0.02258   0.03003   0.04269   0.02107   0.00634   0.02491   0.01837   0.01046   0.00997   0.00000   0.00000   0.00000   0.00732   0.04384   0.02401   0.01366   0.00000   0.00694   0.00000   0.01438   0.00704   0.00731   0.00000   0.47694   0.55795   0.89607  
 97  0.0697   5274.538878  x:  0.04559   0.08827   1.03943   0.44523   0.17402   0.50449   0.14524   0.35412   0.17595   0.13364   0.34426   0.00000   0.00752   0.01046   0.29846   0.15667   0.15013   3.05996   0.00000   0.21635   1.35245   0.00000   0.06453   0.01994   0.00000   0.02511   0.13008   0.07529   0.06747   0.28117   0.07539   0.01496   0.13572   0.14435   0.14241   0.18265   0.20792   0.00000   0.08855   0.03150   0.02378   0.12627   0.09471   0.15970   0.00000   0.02481   0.02858   0.04004   0.01938   0.00609   0.02518   0.01508   0.01121   0.00994   0.00000   0.00000   0.00000   0.00686   0.04479   0.02363   0.01367   0.00000   0.00812   0.00000   0.01435   0.00702   0.00720   0.00000   0.47705   0.56313   0.91509  
 98  0.0234   5274.434300  x:  0.04598   0.08656   1.04775   0.44443   0.17261   0.50616   0.14492   0.35482   0.17563   0.13646   0.34328   0.00000   0.00741   0.01053   0.29915   0.15709   0.14793   3.00305   0.00000   0.21389   1.34053   0.00000   0.06468   0.01960   0.00000   0.02554   0.12986   0.07568   0.06655   0.27983   0.07598   0.01406   0.13625   0.14413   0.14292   0.18321   0.20480   0.00000   0.08608   0.03041   0.02238   0.12662   0.09615   0.16050   0.00000   0.02388   0.02946   0.03841   0.01975   0.00625   0.02620   0.01320   0.01179   0.01010   0.00000   0.00000   0.00000   0.00771   0.04421   0.02286   0.01456   0.00000   0.00709   0.00000   0.01391   0.00683   0.00699   0.00000   0.47628   0.56688   0.91205  
 99  0.0396   5274.399467  x:  0.04530   0.08798   1.04753   0.44423   0.17361   0.50835   0.14500   0.35307   0.17719   0.13720   0.34181   0.00000   0.00764   0.01081   0.29924   0.15760   0.14867   2.95513   0.00000   0.21288   1.34499   0.00000   0.06448   0.01953   0.00000   0.02556   0.12929   0.07500   0.06653   0.28016   0.07567   0.01367   0.13614   0.14372   0.14352   0.18307   0.20562   0.00000   0.08534   0.03003   0.02194   0.12732   0.09549   0.16135   0.00000   0.02429   0.02854   0.03981   0.01970   0.00632   0.02634   0.01303   0.01179   0.01028   0.00000   0.00000   0.00000   0.00685   0.04355   0.02259   0.01444   0.00000   0.00708   0.00000   0.01386   0.00710   0.00733   0.00000   0.47565   0.57014   0.93147  
100  0.0537   5274.387057  x:  0.04476   0.08912   1.04449   0.44370   0.17453   0.50751   0.14444   0.35224   0.17720   0.13619   0.34073   0.00000   0.00767   0.01085   0.29860   0.15735   0.15000   2.93086   0.00000   0.21318   1.35204   0.00000   0.06436   0.01983   0.00000   0.02569   0.12912   0.07447   0.06695   0.28006   0.07507   0.01381   0.13576   0.14372   0.14330   0.18292   0.20651   0.00000   0.08617   0.03050   0.02219   0.12686   0.09457   0.16114   0.00000   0.02427   0.02867   0.03949   0.01975   0.00634   0.02637   0.01293   0.01190   0.01026   0.00000   0.00000   0.00000   0.00723   0.04449   0.02261   0.01440   0.00000   0.00708   0.00000   0.01398   0.00704   0.00717   0.00000   0.47601   0.57038   0.93199  
101  0.0200   5274.382587  x:  0.04493   0.08875   1.04408   0.44391   0.17460   0.50681   0.14432   0.35280   0.17692   0.13597   0.34140   0.00000   0.00757   0.01091   0.29866   0.15719   0.14988   2.92752   0.00000   0.21327   1.35546   0.00000   0.06438   0.01984   0.00000   0.02560   0.12940   0.07464   0.06698   0.28015   0.07548   0.01399   0.13581   0.14396   0.14320   0.18304   0.20636   0.00000   0.08627   0.03037   0.02255   0.12717   0.09522   0.16082   0.00000   0.02416   0.02884   0.03999   0.01955   0.00634   0.02600   0.01265   0.01211   0.01012   0.00000   0.00000   0.00000   0.00712   0.04435   0.02273   0.01427   0.00000   0.00703   0.00000   0.01417   0.00704   0.00716   0.00000   0.47612   0.56967   0.92254  
102  0.0072   5274.380361  x:  0.04519   0.08837   1.04535   0.44361   0.17396   0.50662   0.14471   0.35316   0.17683   0.13611   0.34186   0.00000   0.00761   0.01088   0.29889   0.15721   0.14942   2.92078   0.00000   0.21343   1.35436   0.00000   0.06444   0.01975   0.00000   0.02556   0.12946   0.07490   0.06686   0.28003   0.07533   0.01410   0.13586   0.14387   0.14310   0.18301   0.20615   0.00000   0.08587   0.03035   0.02284   0.12711   0.09495   0.16086   0.00000   0.02408   0.02865   0.03963   0.01965   0.00636   0.02596   0.01285   0.01224   0.00999   0.00000   0.00000   0.00000   0.00706   0.04453   0.02278   0.01418   0.00000   0.00713   0.00000   0.01426   0.00707   0.00715   0.00000   0.47597   0.57035   0.92239  
103  0.0044   5274.378331  x:  0.04517   0.08820   1.04550   0.44450   0.17418   0.50770   0.14487   0.35254   0.17712   0.13655   0.34188   0.00000   0.00763   0.01080   0.29913   0.15741   0.14951   2.91904   0.00000   0.21360   1.35211   0.00000   0.06440   0.01971   0.00000   0.02561   0.12943   0.07488   0.06670   0.28059   0.07551   0.01420   0.13611   0.14385   0.14346   0.18297   0.20648   0.00000   0.08622   0.03047   0.02297   0.12719   0.09518   0.16119   0.00000   0.02427   0.02868   0.03967   0.01971   0.00637   0.02605   0.01291   0.01247   0.00995   0.00000   0.00000   0.00000   0.00717   0.04419   0.02277   0.01420   0.00000   0.00705   0.00000   0.01427   0.00702   0.00707   0.00000   0.47591   0.57192   0.92396  
104  0.0020   5274.376638  x:  0.04497   0.08847   1.04425   0.44437   0.17432   0.50751   0.14455   0.35255   0.17701   0.13626   0.34129   0.00000   0.00759   0.01083   0.29878   0.15729   0.14964   2.92219   0.00000   0.21359   1.34977   0.00000   0.06439   0.01975   0.00000   0.02565   0.12929   0.07469   0.06685   0.28014   0.07545   0.01420   0.13596   0.14383   0.14328   0.18298   0.20633   0.00000   0.08614   0.03045   0.02297   0.12703   0.09506   0.16103   0.00000   0.02431   0.02881   0.03957   0.01970   0.00638   0.02622   0.01286   0.01281   0.01001   0.00000   0.00000   0.00000   0.00704   0.04428   0.02279   0.01423   0.00000   0.00709   0.00000   0.01430   0.00707   0.00709   0.00000   0.47600   0.57154   0.92609  
105  0.0029   5274.375775  x:  0.04499   0.08846   1.04388   0.44426   0.17446   0.50744   0.14448   0.35277   0.17703   0.13614   0.34151   0.00000   0.00760   0.01090   0.29887   0.15725   0.14964   2.92306   0.00000   0.21312   1.35183   0.00000   0.06440   0.01980   0.00000   0.02564   0.12935   0.07471   0.06699   0.28025   0.07547   0.01416   0.13579   0.14393   0.14324   0.18306   0.20622   0.00000   0.08600   0.03046   0.02283   0.12733   0.09517   0.16090   0.00000   0.02428   0.02868   0.03972   0.01961   0.00637   0.02619   0.01306   0.01293   0.01006   0.00000   0.00000   0.00000   0.00708   0.04429   0.02278   0.01421   0.00000   0.00706   0.00000   0.01427   0.00704   0.00705   0.00000   0.47595   0.57089   0.92699  
106  0.0015   5274.375495  x:  0.04505   0.08845   1.04419   0.44413   0.17434   0.50737   0.14461   0.35270   0.17701   0.13628   0.34166   0.00000   0.00761   0.01083   0.29899   0.15729   0.14967   2.92393   0.00000   0.21326   1.35266   0.00000   0.06441   0.01977   0.00000   0.02561   0.12939   0.07477   0.06682   0.28033   0.07545   0.01409   0.13592   0.14389   0.14327   0.18301   0.20631   0.00000   0.08613   0.03047   0.02270   0.12719   0.09514   0.16100   0.00000   0.02423   0.02869   0.03970   0.01966   0.00638   0.02611   0.01304   0.01302   0.01007   0.00000   0.00000   0.00000   0.00707   0.04437   0.02277   0.01423   0.00000   0.00706   0.00000   0.01424   0.00705   0.00706   0.00000   0.47593   0.57084   0.92553  
107  0.0013   5274.375468  x:  0.04505   0.08842   1.04439   0.44423   0.17436   0.50738   0.14462   0.35268   0.17700   0.13624   0.34158   0.00000   0.00760   0.01086   0.29892   0.15729   0.14965   2.92368   0.00000   0.21336   1.35276   0.00000   0.06440   0.01976   0.00000   0.02561   0.12938   0.07477   0.06686   0.28030   0.07546   0.01407   0.13592   0.14388   0.14327   0.18301   0.20633   0.00000   0.08609   0.03044   0.02269   0.12718   0.09513   0.16099   0.00000   0.02424   0.02873   0.03971   0.01965   0.00638   0.02609   0.01305   0.01302   0.01006   0.00000   0.00000   0.00000   0.00708   0.04435   0.02276   0.01424   0.00000   0.00707   0.00000   0.01422   0.00705   0.00706   0.00000   0.47596   0.57089   0.92531  
108  0.0004   5274.375461  x:  0.04503   0.08841   1.04443   0.44429   0.17439   0.50742   0.14459   0.35268   0.17701   0.13625   0.34155   0.00000   0.00761   0.01086   0.29892   0.15728   0.14962   2.92390   0.00000   0.21332   1.35282   0.00000   0.06440   0.01976   0.00000   0.02561   0.12937   0.07476   0.06687   0.28031   0.07546   0.01407   0.13590   0.14388   0.14328   0.18302   0.20631   0.00000   0.08608   0.03046   0.02270   0.12719   0.09512   0.16099   0.00000   0.02425   0.02872   0.03970   0.01965   0.00638   0.02608   0.01305   0.01302   0.01005   0.00000   0.00000   0.00000   0.00708   0.04436   0.02276   0.01424   0.00000   0.00708   0.00000   0.01421   0.00705   0.00707   0.00000   0.47595   0.57090   0.92509  
109  0.0002   5274.375455  x:  0.04503   0.08842   1.04441   0.44423   0.17437   0.50739   0.14460   0.35267   0.17701   0.13624   0.34158   0.00000   0.00760   0.01085   0.29892   0.15729   0.14964   2.92374   0.00000   0.21330   1.35277   0.00000   0.06440   0.01977   0.00000   0.02561   0.12938   0.07476   0.06685   0.28029   0.07546   0.01407   0.13592   0.14389   0.14327   0.18301   0.20632   0.00000   0.08610   0.03045   0.02271   0.12719   0.09513   0.16100   0.00000   0.02425   0.02872   0.03971   0.01965   0.00638   0.02609   0.01305   0.01303   0.01005   0.00000   0.00000   0.00000   0.00709   0.04436   0.02276   0.01424   0.00000   0.00708   0.00000   0.01419   0.00705   0.00708   0.00000   0.47595   0.57088   0.92535  
110  0.0001   5274.375452  x:  0.04504   0.08843   1.04436   0.44423   0.17437   0.50740   0.14461   0.35269   0.17701   0.13625   0.34158   0.00000   0.00760   0.01085   0.29893   0.15729   0.14965   2.92374   0.00000   0.21333   1.35272   0.00000   0.06440   0.01977   0.00000   0.02561   0.12938   0.07477   0.06686   0.28031   0.07546   0.01408   0.13591   0.14388   0.14328   0.18302   0.20632   0.00000   0.08609   0.03045   0.02271   0.12719   0.09513   0.16100   0.00000   0.02425   0.02872   0.03971   0.01965   0.00638   0.02609   0.01304   0.01303   0.01005   0.00000   0.00000   0.00000   0.00709   0.04436   0.02276   0.01423   0.00000   0.00708   0.00000   0.01418   0.00705   0.00708   0.00000   0.47595   0.57089   0.92536  
111  0.0001   5274.375451  x:  0.04504   0.08842   1.04435   0.44425   0.17437   0.50739   0.14460   0.35269   0.17701   0.13625   0.34157   0.00000   0.00761   0.01085   0.29893   0.15728   0.14964   2.92371   0.00000   0.21334   1.35274   0.00000   0.06440   0.01976   0.00000   0.02561   0.12938   0.07477   0.06686   0.28031   0.07546   0.01408   0.13591   0.14388   0.14327   0.18301   0.20632   0.00000   0.08609   0.03045   0.02271   0.12719   0.09513   0.16099   0.00000   0.02425   0.02872   0.03971   0.01965   0.00638   0.02609   0.01305   0.01303   0.01006   0.00000   0.00000   0.00000   0.00709   0.04436   0.02277   0.01423   0.00000   0.00707   0.00000   0.01418   0.00705   0.00708   0.00000   0.47595   0.57089   0.92525  
112  0.0001   5274.375451  x:  0.04504   0.08842   1.04438   0.44425   0.17437   0.50740   0.14460   0.35268   0.17701   0.13625   0.34158   0.00000   0.00760   0.01085   0.29893   0.15729   0.14964   2.92373   0.00000   0.21333   1.35276   0.00000   0.06440   0.01976   0.00000   0.02561   0.12938   0.07477   0.06686   0.28030   0.07546   0.01408   0.13591   0.14388   0.14327   0.18301   0.20632   0.00000   0.08609   0.03045   0.02271   0.12719   0.09513   0.16100   0.00000   0.02425   0.02872   0.03971   0.01965   0.00638   0.02609   0.01305   0.01303   0.01005   0.00000   0.00000   0.00000   0.00709   0.04436   0.02277   0.01422   0.00000   0.00708   0.00000   0.01418   0.00705   0.00708   0.00000   0.47595   0.57090   0.92526  
113  0.0000   5274.375451  x:  0.04504   0.08842   1.04438   0.44425   0.17437   0.50740   0.14460   0.35268   0.17701   0.13625   0.34157   0.00000   0.00760   0.01085   0.29893   0.15729   0.14964   2.92373   0.00000   0.21332   1.35276   0.00000   0.06440   0.01977   0.00000   0.02561   0.12938   0.07477   0.06686   0.28030   0.07546   0.01408   0.13591   0.14388   0.14327   0.18301   0.20632   0.00000   0.08609   0.03045   0.02271   0.12719   0.09513   0.16099   0.00000   0.02425   0.02872   0.03971   0.01965   0.00638   0.02609   0.01305   0.01303   0.01005   0.00000   0.00000   0.00000   0.00709   0.04436   0.02277   0.01422   0.00000   0.00708   0.00000   0.01419   0.00705   0.00708   0.00000   0.47595   0.57089   0.92528  
114  0.0000   5274.375451  x:  0.04504   0.08842   1.04438   0.44425   0.17437   0.50740   0.14460   0.35268   0.17701   0.13625   0.34157   0.00000   0.00760   0.01085   0.29893   0.15729   0.14964   2.92374   0.00000   0.21333   1.35275   0.00000   0.06440   0.01976   0.00000   0.02561   0.12938   0.07477   0.06686   0.28030   0.07546   0.01408   0.13591   0.14388   0.14327   0.18301   0.20632   0.00000   0.08609   0.03045   0.02271   0.12719   0.09513   0.16099   0.00000   0.02425   0.02872   0.03971   0.01965   0.00638   0.02609   0.01305   0.01303   0.01005   0.00000   0.00000   0.00000   0.00709   0.04436   0.02277   0.01422   0.00000   0.00708   0.00000   0.01419   0.00705   0.00708   0.00000   0.47595   0.57089   0.92529  
115  0.0000   5274.375450  x:  0.04503   0.08842   1.04437   0.44425   0.17437   0.50740   0.14460   0.35268   0.17701   0.13625   0.34158   0.00000   0.00760   0.01085   0.29893   0.15729   0.14964   2.92374   0.00000   0.21333   1.35275   0.00000   0.06440   0.01976   0.00000   0.02561   0.12938   0.07477   0.06686   0.28030   0.07546   0.01408   0.13591   0.14388   0.14327   0.18301   0.20632   0.00000   0.08609   0.03045   0.02271   0.12719   0.09513   0.16099   0.00000   0.02425   0.02872   0.03971   0.01965   0.00638   0.02609   0.01305   0.01303   0.01005   0.00000   0.00000   0.00000   0.00709   0.04436   0.02277   0.01422   0.00000   0.00708   0.00000   0.01419   0.00705   0.00708   0.00000   0.47595   0.57089   0.92528  
116  0.0000   5274.375450  x:  0.04503   0.08842   1.04438   0.44425   0.17437   0.50740   0.14460   0.35268   0.17701   0.13625   0.34157   0.00000   0.00760   0.01085   0.29893   0.15729   0.14964   2.92374   0.00000   0.21333   1.35275   0.00000   0.06440   0.01976   0.00000   0.02561   0.12938   0.07477   0.06686   0.28030   0.07546   0.01408   0.13591   0.14388   0.14327   0.18301   0.20632   0.00000   0.08609   0.03045   0.02271   0.12719   0.09513   0.16099   0.00000   0.02425   0.02872   0.03971   0.01965   0.00638   0.02609   0.01305   0.01303   0.01005   0.00000   0.00000   0.00000   0.00709   0.04436   0.02277   0.01422   0.00000   0.00708   0.00000   0.01419   0.00705   0.00708   0.00000   0.47595   0.57089   0.92528  