

TREE # 1

  0  0.0000   2916.848405  x:  0.05826   0.10659   0.10100   0.07416   0.09283   0.01491   0.07445   0.05310   0.01328   0.07899   0.08081   0.06477   0.07928   0.09212   0.07920   0.07555   0.05868   0.08674   0.01507   0.09574   0.41296   0.45875   0.56922  
  1 99.0000   2537.677975  x:  0.23674   0.28507   0.29530   0.27788   0.16201   1.12210   0.00625   0.00000   0.25720   0.26994   0.14842   0.25682   0.24291   0.78368   0.02712   0.06135   0.01988   0.02768   0.01078   0.13935   0.40759   0.47721   0.57218  
  2 2403.7640   2535.936450  x:  0.23775   0.28608   0.29647   0.27877   0.16192   1.12583   0.00625   0.01129   0.25732   0.27076   0.14877   0.25765   0.24345   0.78720   0.02576   0.06139   0.01990   0.02614   0.01200   0.13957   0.40701   0.47753   0.57225  
  3 1146.8762   2532.294897  x:  0.23940   0.28773   0.29861   0.27937   0.16018   1.12382   0.00000   0.01206   0.25344   0.27127   0.14922   0.25817   0.24310   0.79179   0.01999   0.06186   0.02068   0.01964   0.01718   0.13980   0.40423   0.47876   0.57252  
  4 283.9878   2524.659520  x:  0.24407   0.29241   0.30472   0.28106   0.15515   1.11742   0.00000   0.01420   0.24182   0.27268   0.15048   0.25958   0.24195   0.80507   0.00168   0.06321   0.02085   0.00000   0.01835   0.13986   0.39607   0.48237   0.57334  
  5 1515.9318   2524.309798  x:  0.24412   0.29245   0.30484   0.28117   0.15515   1.11713   0.00000   0.01426   0.24102   0.27270   0.15047   0.25957   0.24183   0.80595   0.00000   0.06269   0.02032   0.00000   0.01859   0.13928   0.39577   0.48256   0.57344  
  6 424.7346   2517.840125  x:  0.23948   0.28782   0.30491   0.28999   0.16661   1.09966   0.00000   0.01472   0.17702   0.27298   0.14745   0.25617   0.23094   0.87571   0.00000   0.03205   0.04163   0.00000   0.02631   0.08181   0.38099   0.49511   0.58391  
  7 294.2862   2511.502925  x:  0.22298   0.27131   0.29230   0.30004   0.19794   1.08261   0.00000   0.00789   0.09309   0.27089   0.14125   0.24843   0.21527   0.96040   0.00000   0.06875   0.03586   0.00000   0.03576   0.04644   0.37694   0.50751   0.60029  
  8 186.6274   2505.263029  x:  0.20971   0.25805   0.28119   0.30679   0.22500   1.06916   0.00000   0.00102   0.02942   0.26908   0.13707   0.24272   0.20341   1.02205   0.00000   0.06913   0.03721   0.00000   0.03939   0.06113   0.37756   0.51583   0.61351  
  9 361.5546   2503.523857  x:  0.20039   0.24873   0.27166   0.30918   0.24785   1.06414   0.00000   0.00264   0.00000   0.26766   0.13556   0.24009   0.19752   1.05076   0.00000   0.07003   0.03782   0.00000   0.04207   0.06720   0.38554   0.51794   0.62213  
 10 134.8684   2493.758956  x:  0.23330   0.28163   0.29927   0.30144   0.51449   0.81041   0.00000   0.00123   0.00000   0.27498   0.19767   0.29282   0.15067   1.33478   0.00000   0.07642   0.03764   0.00000   0.04794   0.07833   0.46799   0.54363   0.74622  
 11 41.4691   2488.637544  x:  0.22778   0.27611   0.29626   0.28727   0.53978   0.72539   0.00000   0.00022   0.00000   0.26899   0.13043   0.29718   0.13549   1.43003   0.00000   0.07896   0.03788   0.00000   0.04624   0.08321   0.43565   0.54874   0.79114  
 12 64.8677   2487.772734  x:  0.22655   0.27489   0.29559   0.28431   0.54502   0.70759   0.00518   0.00000   0.00000   0.26781   0.11652   0.29811   0.13237   1.44995   0.00000   0.07949   0.03793   0.00000   0.04588   0.08423   0.42874   0.54973   0.80066  
 13 1699.1269   2487.772734  x:  0.22655   0.27489   0.29559   0.28431   0.54502   0.70759   0.00518   0.00000   0.00000   0.26781   0.11652   0.29811   0.13237   1.44995   0.00000   0.07949   0.03793   0.00000   0.04588   0.08423   0.42874   0.54973   0.80066  
 14 46.2829   2485.816806  x:  0.22666   0.27499   0.29571   0.28431   0.54482   0.70741   0.00538   0.00747   0.00000   0.26785   0.11662   0.29814   0.13238   1.44998   0.00000   0.07943   0.03772   0.00000   0.04571   0.08449   0.42858   0.54976   0.80067  
 15 2172.2012   2484.110434  x:  0.22798   0.27632   0.29722   0.28426   0.54222   0.70506   0.00000   0.00791   0.00000   0.26837   0.11794   0.29854   0.13249   1.45034   0.00000   0.07866   0.03513   0.00000   0.04356   0.08766   0.42651   0.55013   0.80071  
 16 200.2985   2465.131846  x:  0.30451   0.35284   0.39034   0.27884   0.35317   0.53277   0.00000   0.02222   0.00000   0.29420   0.16156   0.31934   0.13404   1.47660   0.00000   0.05991   0.04577   0.00000   0.02888   0.04237   0.28620   0.57718   0.80440  
 17 178.1630   2459.424515  x:  0.32990   0.37823   0.42549   0.27811   0.26280   0.45191   0.00000   0.02712   0.00000   0.30079   0.16001   0.32455   0.13118   1.48957   0.00000   0.07291   0.07714   0.00000   0.06464   0.07396   0.24841   0.59038   0.80637  
 18 298.2085   2454.082320  x:  0.34512   0.39345   0.45651   0.28828   0.15056   0.35500   0.00000   0.02949   0.00000   0.30278   0.13435   0.32356   0.12236   1.50849   0.00000   0.08626   0.07658   0.00000   0.05810   0.07274   0.31280   0.60925   0.80939  
 19 114.5609   2452.880311  x:  0.34569   0.39403   0.46160   0.29271   0.12797   0.33380   0.00000   0.02969   0.02915   0.30256   0.12960   0.32143   0.11917   1.51372   0.00000   0.08641   0.07588   0.00000   0.05739   0.07247   0.32436   0.61431   0.81027  
 20 164.3914   2451.975273  x:  0.32553   0.37386   0.45067   0.31404   0.11409   0.29943   0.00000   0.02749   0.02983   0.29270   0.12284   0.30116   0.10568   1.52929   0.00000   0.06770   0.06871   0.00000   0.05966   0.07166   0.31723   0.62820   0.81325  
 21 27.3009   2451.597895  x:  0.31558   0.36391   0.44571   0.32642   0.11282   0.28310   0.00000   0.02521   0.03024   0.29034   0.12996   0.29169   0.10521   1.54276   0.00000   0.08486   0.06557   0.00000   0.05473   0.06985   0.31182   0.63985   0.81597  
 22 26.9591   2450.721391  x:  0.31410   0.36243   0.45112   0.34370   0.11799   0.27128   0.00000   0.01432   0.02943   0.30283   0.14623   0.28913   0.14383   1.60033   0.00000   0.07565   0.07239   0.00000   0.05656   0.07110   0.31695   0.68924   0.82860  
 23 13.3352   2450.202480  x:  0.31777   0.36610   0.45516   0.34052   0.11370   0.28088   0.00000   0.00744   0.02981   0.30479   0.12866   0.28446   0.14890   1.63273   0.00000   0.07886   0.06979   0.00000   0.05188   0.07020   0.30848   0.71864   0.83705  
 24 25.3415   2450.054363  x:  0.32155   0.36988   0.45752   0.33322   0.11245   0.28623   0.00000   0.00555   0.02944   0.30179   0.13800   0.28070   0.13443   1.64412   0.00000   0.07843   0.06679   0.00000   0.05685   0.06935   0.31142   0.73115   0.84181  
 25 10.7321   2449.866117  x:  0.32645   0.37478   0.46229   0.32711   0.12643   0.28259   0.00000   0.00576   0.02949   0.29608   0.13738   0.28313   0.11724   1.66817   0.00000   0.07655   0.07553   0.00000   0.04820   0.07230   0.31386   0.75848   0.85377  
 26  6.7768   2449.460315  x:  0.32614   0.37448   0.46209   0.31984   0.13584   0.28799   0.00000   0.00838   0.02926   0.29240   0.13282   0.29998   0.10488   1.72372   0.00000   0.07950   0.05508   0.00000   0.06047   0.06929   0.31424   0.82246   0.88482  
 27 13.8582   2449.145724  x:  0.31684   0.36517   0.44873   0.31467   0.11862   0.30765   0.00000   0.01022   0.02850   0.29505   0.14001   0.31061   0.09887   1.75380   0.00000   0.07766   0.05965   0.00000   0.05190   0.07196   0.31338   0.86352   0.91012  
 28 16.6509   2447.142967  x:  0.34501   0.39334   0.36714   0.35485   0.12252   0.31174   0.00000   0.00900   0.02872   0.32382   0.13881   0.34562   0.08054   1.65138   0.00000   0.07670   0.03311   0.00000   0.04446   0.07690   0.31335   0.92991   1.07328  
 29  3.9519   2445.891389  x:  0.33000   0.37833   0.38278   0.33383   0.12566   0.31065   0.00000   0.00810   0.02904   0.29046   0.14343   0.34859   0.10162   1.58856   0.00000   0.07480   0.01624   0.00000   0.03780   0.07969   0.31300   0.94740   1.16437  
 30 22.3486   2445.601532  x:  0.32413   0.37247   0.41355   0.34574   0.12690   0.32047   0.00000   0.00854   0.02809   0.31115   0.14209   0.32297   0.10030   1.58278   0.00000   0.07469   0.01304   0.00000   0.03737   0.08080   0.31423   0.94059   1.18490  
 31  9.8021   2445.474241  x:  0.33400   0.38234   0.41604   0.36046   0.12368   0.32945   0.00000   0.00909   0.02818   0.29684   0.14341   0.30156   0.10813   1.59609   0.00000   0.07475   0.01319   0.00000   0.03668   0.08166   0.31523   0.92230   1.18940  
 32  4.5379   2445.229940  x:  0.34010   0.38843   0.40014   0.33971   0.12684   0.32131   0.00000   0.00939   0.02893   0.30614   0.14371   0.27890   0.11577   1.63803   0.00000   0.07375   0.01174   0.00000   0.03419   0.08297   0.31657   0.85863   1.18824  
 33  4.6394   2444.634819  x:  0.33381   0.38215   0.41120   0.35055   0.12850   0.32075   0.00000   0.00809   0.02833   0.30535   0.14606   0.32349   0.09356   1.72498   0.00000   0.07176   0.01294   0.00000   0.02744   0.08689   0.31638   0.69988   1.17717  
 34  9.4540   2443.853259  x:  0.33109   0.37942   0.43779   0.33119   0.13339   0.32194   0.00000   0.00845   0.02826   0.31148   0.14970   0.28303   0.11350   1.65850   0.00000   0.06793   0.02097   0.00000   0.01822   0.09391   0.31909   0.72416   1.11215  
 35  1.0598   2443.126689  x:  0.33562   0.38395   0.45772   0.31957   0.13627   0.32025   0.00000   0.00823   0.02803   0.30831   0.15661   0.28017   0.11629   1.63765   0.00000   0.06412   0.02261   0.00000   0.02658   0.10325   0.32212   0.70417   0.80371  
 36  0.8370   2442.899313  x:  0.33799   0.38632   0.47210   0.31479   0.13529   0.31645   0.00000   0.00772   0.02807   0.30450   0.15876   0.27974   0.12062   1.61955   0.00000   0.06383   0.02345   0.00000   0.02976   0.10960   0.32218   0.68842   1.01634  
 37  0.5866   2442.575984  x:  0.34420   0.39253   0.47569   0.32081   0.13047   0.31649   0.00000   0.00680   0.02804   0.29471   0.15948   0.30615   0.11632   1.60956   0.00000   0.06662   0.02069   0.00000   0.02654   0.12313   0.31880   0.75492   0.95339  
 38  0.1554   2442.432679  x:  0.33765   0.38598   0.46524   0.32705   0.13285   0.32062   0.00000   0.00723   0.02783   0.30232   0.15796   0.29526   0.11514   1.63348   0.00000   0.06757   0.02123   0.00000   0.02650   0.13361   0.31536   0.71850   0.92496  
 39  0.0435   2442.422942  x:  0.33956   0.38789   0.46349   0.32302   0.13155   0.31788   0.00000   0.00753   0.02811   0.30245   0.15734   0.29343   0.11429   1.62867   0.00000   0.06677   0.02116   0.00000   0.02646   0.13548   0.31589   0.72531   0.93087  
 40  0.0126   2442.422350  x:  0.33909   0.38742   0.46284   0.32315   0.13196   0.31779   0.00000   0.00743   0.02817   0.30227   0.15688   0.29362   0.11516   1.62756   0.00000   0.06677   0.02114   0.00000   0.02653   0.13596   0.31625   0.72685   0.93471  
 41  0.0049   2442.422315  x:  0.33917   0.38750   0.46286   0.32326   0.13189   0.31775   0.00000   0.00743   0.02820   0.30217   0.15683   0.29381   0.11499   1.62757   0.00000   0.06685   0.02113   0.00000   0.02652   0.13604   0.31635   0.72595   0.93496  
 42  0.0012   2442.422314  x:  0.33915   0.38748   0.46288   0.32328   0.13187   0.31777   0.00000   0.00744   0.02820   0.30217   0.15682   0.29385   0.11495   1.62766   0.00000   0.06684   0.02113   0.00000   0.02652   0.13605   0.31637   0.72605   0.93505  
 43  0.0002   2442.422313  x:  0.33914   0.38747   0.46288   0.32328   0.13188   0.31777   0.00000   0.00744   0.02821   0.30217   0.15681   0.29385   0.11495   1.62764   0.00000   0.06684   0.02113   0.00000   0.02652   0.13604   0.31637   0.72603   0.93499  
 44  0.0001   2442.422313  x:  0.33914   0.38747   0.46288   0.32328   0.13188   0.31777   0.00000   0.00744   0.02821   0.30217   0.15681   0.29385   0.11495   1.62764   0.00000   0.06684   0.02114   0.00000   0.02652   0.13604   0.31636   0.72604   0.93499  
 45  0.0000   2442.422313  x:  0.33914   0.38747   0.46288   0.32328   0.13188   0.31777   0.00000   0.00744   0.02821   0.30217   0.15681   0.29385   0.11495   1.62764   0.00000   0.06684   0.02114   0.00000   0.02652   0.13604   0.31636   0.72604   0.93500  
 46  0.0000   2442.422313  x:  0.33914   0.38747   0.46288   0.32328   0.13188   0.31777   0.00000   0.00744   0.02821   0.30217   0.15681   0.29385   0.11495   1.62764   0.00000   0.06684   0.02114   0.00000   0.02652   0.13604   0.31636   0.72604   0.93500  