

TREE # 1

  0  0.0000   1706.636179  x:  0.03053   0.01946   0.06481   0.08910   0.03168   0.10651   0.50492   0.58708  
  1 99.0000   1486.551211  x:  0.13870   0.00000   0.04546   0.19726   0.18486   0.28447   0.50159   0.58939  
  2 1671.1387   1475.683425  x:  0.14434   0.00000   0.00355   0.20291   0.14021   0.32463   0.49244   0.59374  
  3 191.6488   1470.870904  x:  0.15269   0.00000   0.02021   0.21125   0.08055   0.37786   0.47782   0.60058  
  4 257.1855   1468.459679  x:  0.13849   0.00000   0.02075   0.19705   0.08866   0.38926   0.32748   0.66370  
  5 24.6639   1468.024947  x:  0.15169   0.00000   0.02028   0.21025   0.08348   0.37786   0.29543   0.68191  
  6 45.7008   1466.487080  x:  0.15718   0.00000   0.01977   0.21575   0.08528   0.37583   0.34305   1.00781  
  7  7.2204   1395.999982  x:  0.26911   0.00000   0.00000   0.32779   0.17292   0.67497   0.27156   0.85420  
  8  0.2032   1395.999982  x:  0.26911   0.00000   0.00000   0.32779   0.17292   0.67497   0.27156   0.85420  
  9 1352045.2176   1390.034946  x:  0.26911   0.00268   0.00507   0.32779   0.17292   0.67497   0.27156   0.85420  
 10 173181.5894   1388.882316  x:  0.27206   0.00000   0.00648   0.33075   0.17663   0.67963   0.27177   0.85410  
 11 148.0696   1379.342560  x:  0.36121   0.00000   0.02031   0.41989   0.00000   1.01580   0.24846   0.85407  
 12 87.5461   1379.342560  x:  0.36121   0.00000   0.02031   0.41989   0.00000   1.01580   0.24846   0.85407  
 13 56.1165   1371.618687  x:  0.37237   0.00000   0.00214   0.43105   0.04184   1.02745   0.25220   0.85251  
 14 220.3678   1359.645291  x:  0.43152   0.00000   0.04412   0.49020   0.25532   1.09080   0.27150   0.84395  
 15 694.1201   1356.655439  x:  0.47571   0.00000   0.04400   0.53439   0.22894   1.22958   0.18034   0.82246  
 16 29.8662   1353.770259  x:  0.56824   0.00000   0.04005   0.62692   0.13801   1.47393   0.23959   0.77458  
 17 46.9402   1352.949622  x:  0.51175   0.00000   0.03988   0.57043   0.14303   1.56172   0.25956   0.58064  
 18  7.0495   1352.870043  x:  0.52734   0.00000   0.03963   0.58602   0.13767   1.55001   0.25626   0.53984  
 19  3.7148   1351.288532  x:  0.60908   0.00000   0.02397   0.66776   0.10036   1.69810   0.18655   0.55798  
 20  0.0763   1350.272367  x:  0.59711   0.00000   0.00847   0.65578   0.09806   1.77679   0.20138   0.47747  
 21  0.0718   1349.793220  x:  0.55210   0.00000   0.00755   0.61078   0.15848   1.64185   0.22931   0.54340  
 22  0.1026   1349.688665  x:  0.54993   0.00000   0.00782   0.60860   0.18766   1.59285   0.21337   0.53752  
 23  0.0363   1349.674947  x:  0.55403   0.00000   0.00701   0.61270   0.19012   1.60812   0.20996   0.53678  
 24  0.0182   1349.662602  x:  0.55615   0.00000   0.00786   0.61482   0.19438   1.62256   0.20888   0.53504  
 25  0.0250   1349.659009  x:  0.55421   0.00000   0.00772   0.61289   0.20018   1.61951   0.21133   0.53330  
 26  0.0070   1349.658922  x:  0.55501   0.00000   0.00771   0.61368   0.20061   1.61820   0.21088   0.53357  
 27  0.0017   1349.658921  x:  0.55507   0.00000   0.00771   0.61374   0.20053   1.61827   0.21090   0.53355  
 28  0.0001   1349.658921  x:  0.55507   0.00000   0.00771   0.61374   0.20053   1.61827   0.21090   0.53354  