

TREE # 1

  0  0.0000   5508.736405  x:  0.10493   0.04461   0.09897   0.02391   0.02306   0.07407   0.10699   0.08422   0.01766   0.06364   0.01771   0.05055   0.06222   0.03590   0.07988   0.08842   0.07520   0.02002   0.03414   0.05487   0.03497   0.10453   0.02944   0.09888   0.08335   0.02263   0.02108   0.05317   0.02241   0.03127   0.04245   0.01575   0.08420   0.41959   0.41538   0.56931  
  1 99.0000   4654.588981  x:  0.11815   0.31113   0.15956   0.12955   0.24125   0.10131   0.14301   0.10421   0.11915   0.12669   0.00000   0.03523   0.06410   0.14263   0.10069   0.12162   0.32561   0.06566   0.16881   0.29625   0.02603   0.09751   0.02547   0.08455   0.07414   0.09847   0.13928   0.13193   0.06682   0.03031   0.08373   0.17203   0.09592   0.42604   0.43346   0.57001  
  2 4268.2029   4611.223688  x:  0.11909   0.30850   0.19034   0.12007   0.22045   0.11001   0.17391   0.12055   0.10669   0.15245   0.00000   0.01416   0.05550   0.15033   0.11244   0.12687   0.36131   0.05926   0.16310   0.31206   0.00000   0.08854   0.02233   0.05901   0.05655   0.09469   0.12605   0.14820   0.06613   0.02226   0.09357   0.13804   0.10837   0.43013   0.45477   0.57078  
  3 488.9492   4596.296880  x:  0.11663   0.31255   0.19250   0.11668   0.20920   0.11521   0.16321   0.11195   0.09768   0.14543   0.00000   0.03668   0.03723   0.14951   0.11001   0.13015   0.38317   0.04808   0.15889   0.33146   0.00000   0.08159   0.04438   0.00000   0.03475   0.10426   0.12190   0.14803   0.06371   0.02301   0.08478   0.11406   0.10268   0.43373   0.48017   0.57368  
  4 244.7145   4594.533124  x:  0.11383   0.31436   0.18594   0.11642   0.20398   0.11900   0.15108   0.10665   0.09566   0.14245   0.00000   0.03729   0.02815   0.14770   0.10698   0.13205   0.38955   0.03486   0.15435   0.34148   0.00000   0.07880   0.02044   0.00000   0.03322   0.10630   0.12228   0.14461   0.06446   0.02696   0.08765   0.10982   0.09853   0.43745   0.50405   0.57881  
  5 77.8766   4593.620525  x:  0.11077   0.31409   0.17754   0.11747   0.20095   0.12280   0.14556   0.10842   0.09712   0.14642   0.00000   0.02770   0.03095   0.14676   0.10613   0.13515   0.38870   0.01822   0.15028   0.34693   0.00000   0.07924   0.02892   0.00000   0.04442   0.10274   0.12440   0.14141   0.06642   0.02818   0.09205   0.11582   0.09709   0.44248   0.53644   0.58936  
  6 46.8719   4592.701420  x:  0.11022   0.31258   0.17740   0.12029   0.20535   0.12164   0.15438   0.11280   0.09858   0.14232   0.00000   0.02573   0.03817   0.14699   0.10774   0.14341   0.37882   0.01958   0.15813   0.34287   0.00000   0.08340   0.02666   0.00000   0.03494   0.10205   0.12759   0.14144   0.06549   0.02261   0.07788   0.12251   0.09916   0.44594   0.57553   0.61266  
  7 30.1237   4591.514105  x:  0.11237   0.31261   0.18793   0.12084   0.21151   0.11517   0.15754   0.10878   0.09927   0.13813   0.00000   0.03301   0.03750   0.14835   0.10810   0.15161   0.37019   0.03403   0.17052   0.33096   0.00000   0.08404   0.02789   0.00000   0.03436   0.10547   0.12709   0.14545   0.06390   0.02840   0.09940   0.12161   0.10541   0.44284   0.61195   0.65670  
  8 39.0339   4587.606213  x:  0.11511   0.32146   0.20834   0.11585   0.22069   0.10627   0.14582   0.10381   0.10778   0.16525   0.00000   0.03641   0.02708   0.15516   0.10714   0.14885   0.38217   0.05701   0.17997   0.31170   0.00000   0.07167   0.02475   0.00000   0.06594   0.10493   0.11652   0.15588   0.06266   0.01909   0.08232   0.10590   0.08747   0.41159   0.64709   0.81956  
  9 48.6829   4568.416389  x:  0.11167   0.33569   0.20425   0.10684   0.21820   0.12729   0.16162   0.14756   0.10759   0.17778   0.00000   0.01083   0.00000   0.15484   0.11488   0.09998   0.44631   0.07731   0.15218   0.33397   0.00000   0.06399   0.02812   0.00000   0.04263   0.08946   0.10365   0.15258   0.07470   0.07431   0.06701   0.11195   0.13067   0.32186   0.66641   1.55959  
 10 170.1792   4552.515685  x:  0.10978   0.34481   0.20912   0.10331   0.20407   0.14882   0.17028   0.17104   0.09988   0.19833   0.00000   0.01516   0.08031   0.15961   0.12638   0.06120   0.51826   0.08027   0.11703   0.37659   0.00000   0.05819   0.01929   0.00000   0.00928   0.08869   0.09730   0.15514   0.07146   0.08819   0.08274   0.09779   0.13721   0.28960   0.66519   2.35544  
 11 1221.5639   4521.310244  x:  0.11200   0.33887   0.23862   0.11547   0.16789   0.19271   0.24564   0.20596   0.04993   0.16273   0.00000   0.02213   0.11249   0.16054   0.14979   0.06007   0.63302   0.08237   0.08328   0.48314   0.00000   0.07688   0.00331   0.00000   0.06749   0.10979   0.10865   0.17095   0.05309   0.07210   0.08558   0.06734   0.15946   0.37480   0.62510   3.76415  
 12 1390.7296   4510.072934  x:  0.11216   0.33355   0.24716   0.11625   0.16178   0.19894   0.25051   0.20041   0.05211   0.16181   0.00000   0.00162   0.10311   0.15986   0.15001   0.07206   0.65084   0.07769   0.08487   0.50065   0.00000   0.07506   0.00583   0.00000   0.05494   0.10817   0.10871   0.17535   0.05262   0.05603   0.09433   0.06854   0.15106   0.40249   0.60928   4.05556  
 13 1443.7553   4490.244843  x:  0.10990   0.30963   0.27010   0.11359   0.14251   0.22097   0.27924   0.20150   0.07642   0.19498   0.00000   0.01101   0.05865   0.16004   0.15399   0.11215   0.69315   0.03923   0.08867   0.54275   0.00000   0.06694   0.00453   0.00000   0.01756   0.07546   0.10462   0.19043   0.06476   0.00000   0.12655   0.09907   0.13468   0.48162   0.56319   4.83858  
 14 3146.4323   4487.752527  x:  0.10959   0.30373   0.27829   0.11235   0.14055   0.22386   0.28733   0.19964   0.08285   0.20910   0.00000   0.01284   0.05229   0.16199   0.15500   0.12557   0.69930   0.02644   0.09371   0.54942   0.00000   0.06430   0.00430   0.00000   0.00931   0.06959   0.10385   0.19540   0.06772   0.01249   0.12632   0.10227   0.12604   0.50497   0.55183   4.99632  
 15 1422.6516   4485.325311  x:  0.10698   0.30468   0.27888   0.10589   0.15145   0.22198   0.29564   0.19466   0.08376   0.22062   0.00000   0.01250   0.04955   0.16532   0.15348   0.13384   0.69322   0.00000   0.10540   0.55079   0.00000   0.06104   0.00367   0.00000   0.00625   0.08350   0.10518   0.19176   0.07204   0.01108   0.12641   0.09178   0.13605   0.50819   0.54277   5.06737  
 16 176.6417   4485.325311  x:  0.10698   0.30468   0.27888   0.10589   0.15145   0.22198   0.29564   0.19466   0.08376   0.22062   0.00000   0.01250   0.04955   0.16532   0.15348   0.13384   0.69322   0.00000   0.10540   0.55079   0.00000   0.06104   0.00367   0.00000   0.00625   0.08350   0.10518   0.19176   0.07204   0.01108   0.12641   0.09178   0.13605   0.50819   0.54277   5.06737  
 17 72.8172   4462.228137  x:  0.11034   0.34877   0.29403   0.12062   0.19168   0.21831   0.30009   0.19258   0.09620   0.23251   0.00000   0.00141   0.04204   0.18357   0.15495   0.14363   0.72356   0.01272   0.13545   0.57569   0.00000   0.06069   0.14482   0.00000   0.08453   0.09920   0.12261   0.20517   0.07592   0.01317   0.12874   0.10817   0.13767   0.50383   0.55267   5.06715  
 18 862.0530   4446.469183  x:  0.11595   0.44536   0.32803   0.14914   0.27247   0.20888   0.31035   0.18777   0.11993   0.25924   0.00000   0.18104   0.02372   0.22246   0.15788   0.16121   0.79500   0.03119   0.19263   0.63371   0.00000   0.05962   0.24186   0.00000   0.12668   0.12775   0.15680   0.23412   0.08251   0.01319   0.13347   0.13842   0.14107   0.49266   0.57572   5.06660  
 19 868.1756   4396.908314  x:  0.11430   0.56186   0.37073   0.16982   0.35218   0.19217   0.32417   0.18153   0.13671   0.29298   0.00000   0.14623   0.00000   0.26372   0.15993   0.17002   0.90080   0.02961   0.24011   0.71673   0.00000   0.05905   0.21809   0.00000   0.07949   0.14236   0.18414   0.26524   0.08248   0.00540   0.13701   0.15597   0.14452   0.47156   0.60805   5.06563  
 20 330.4990   4378.964003  x:  0.09189   0.65939   0.40314   0.16353   0.41068   0.17314   0.33398   0.18091   0.14268   0.32262   0.00000   0.12560   0.09100   0.28288   0.16368   0.16003   1.03310   0.00000   0.26117   0.81159   0.00000   0.06132   0.20423   0.00000   0.04817   0.13443   0.18565   0.27627   0.08021   0.15560   0.13718   0.15153   0.14985   0.44189   0.63865   5.06390  
 21 302.1290   4371.893177  x:  0.05556   0.67886   0.40774   0.13287   0.40901   0.16554   0.33385   0.18513   0.11119   0.29751   0.00000   0.13238   0.09582   0.24981   0.14990   0.13656   1.15560   0.00000   0.23212   0.88432   0.00000   0.05469   0.19266   0.00000   0.08828   0.11528   0.15285   0.25173   0.05245   0.14561   0.12903   0.12501   0.10468   0.42025   0.64791   5.06118  
 22 87.7316   4368.708690  x:  0.06212   0.66597   0.40893   0.12627   0.39103   0.17159   0.32914   0.19089   0.10153   0.27206   0.00000   0.13516   0.10259   0.22252   0.15107   0.12919   1.25817   0.00000   0.19795   0.93675   0.00000   0.07399   0.18763   0.00000   0.10664   0.12317   0.14413   0.24074   0.10122   0.13190   0.13593   0.13093   0.12264   0.43015   0.64564   5.05798  
 23 82.1256   4366.911556  x:  0.08088   0.64055   0.40396   0.13805   0.37424   0.18080   0.32430   0.19308   0.11329   0.26314   0.00000   0.13600   0.11488   0.22047   0.15977   0.13763   1.32678   0.00000   0.18149   0.96503   0.00000   0.04702   0.18876   0.00000   0.10859   0.12655   0.15013   0.23637   0.09314   0.12278   0.13857   0.13747   0.13164   0.44717   0.63614   5.05488  
 24 65.2040   4365.855240  x:  0.09134   0.61494   0.39579   0.14807   0.36103   0.18669   0.32122   0.19206   0.12314   0.26248   0.00000   0.13696   0.12576   0.22818   0.16496   0.14828   1.37820   0.00000   0.17702   0.98186   0.00000   0.06643   0.19331   0.00000   0.10435   0.12591   0.15672   0.23716   0.07251   0.11416   0.13643   0.13904   0.13229   0.45809   0.62471   5.05180  
 25 75.0404   4365.040378  x:  0.08062   0.58572   0.38053   0.14394   0.35079   0.18363   0.32319   0.18382   0.11742   0.27310   0.00000   0.13859   0.13381   0.24456   0.15617   0.15717   1.42292   0.00000   0.19104   0.98449   0.00000   0.06272   0.20643   0.00000   0.08733   0.12239   0.15887   0.25271   0.08195   0.10383   0.12876   0.13385   0.12965   0.45202   0.60603   5.04670  
 26 27.7310   4364.464763  x:  0.08561   0.58043   0.37835   0.13389   0.35433   0.17910   0.33124   0.18159   0.11346   0.27947   0.00000   0.13961   0.13319   0.24080   0.14919   0.14733   1.45152   0.00000   0.19494   0.96907   0.00000   0.06236   0.21962   0.00000   0.06880   0.13066   0.15521   0.25024   0.07442   0.09977   0.14700   0.14203   0.13344   0.44010   0.59063   5.03891  
 27 13.7701   4362.917138  x:  0.10201   0.59473   0.38847   0.13594   0.37835   0.17548   0.34797   0.18629   0.12177   0.28466   0.00000   0.14111   0.12200   0.22826   0.15955   0.12684   1.51454   0.00000   0.19718   0.91458   0.00000   0.06275   0.23692   0.00000   0.04750   0.11478   0.15878   0.24072   0.07934   0.09593   0.12679   0.12901   0.13346   0.43343   0.56471   5.01237  
 28 19.0719   4358.923704  x:  0.07047   0.64075   0.40335   0.15530   0.42247   0.16734   0.35957   0.18855   0.11893   0.29073   0.00000   0.13562   0.09559   0.24505   0.17553   0.12989   1.65509   0.00000   0.21742   0.79061   0.00000   0.06268   0.21181   0.00000   0.08682   0.14434   0.16578   0.24842   0.08285   0.10512   0.12880   0.14433   0.12342   0.45449   0.54187   4.93292  
 29 36.1493   4354.272002  x:  0.07644   0.69447   0.41703   0.15106   0.42933   0.17020   0.33169   0.17966   0.11882   0.29534   0.00000   0.13718   0.06059   0.26480   0.14079   0.15208   1.74096   0.00000   0.23350   0.76649   0.00000   0.06270   0.21606   0.00000   0.09887   0.09394   0.17407   0.26824   0.07491   0.10310   0.15882   0.13735   0.16036   0.45184   0.59126   4.84103  
 30 34.1376   4344.262519  x:  0.09672   0.80591   0.44044   0.12352   0.42328   0.18289   0.27185   0.17461   0.14247   0.31910   0.00000   0.13924   0.01569   0.29148   0.11831   0.17231   1.86497   0.00000   0.24785   0.82919   0.00000   0.06192   0.26366   0.00000   0.05934   0.16895   0.18017   0.29254   0.06675   0.08006   0.11930   0.11682   0.16448   0.41056   0.72255   4.62133  
 31 77.0243   4336.346311  x:  0.07637   0.87663   0.45149   0.12911   0.43943   0.17839   0.28317   0.18620   0.14792   0.34692   0.00000   0.14028   0.03317   0.30529   0.17185   0.17075   1.92063   0.00000   0.25994   0.92184   0.00000   0.06201   0.30113   0.00000   0.02416   0.15060   0.18225   0.30011   0.08181   0.02685   0.13007   0.17040   0.12831   0.39733   0.79224   4.45936  
 32 114.8197   4330.322379  x:  0.07577   0.89572   0.45243   0.15934   0.48936   0.14916   0.36948   0.18760   0.14469   0.39653   0.00000   0.13807   0.01664   0.31202   0.17841   0.13552   1.93481   0.00000   0.28910   1.06381   0.00000   0.06158   0.29092   0.00000   0.05453   0.15427   0.19647   0.29902   0.07770   0.00516   0.13364   0.15793   0.16248   0.39037   0.77012   4.32506  
 33 72.5699   4329.161365  x:  0.07447   0.89594   0.45260   0.16463   0.49843   0.14791   0.37856   0.18665   0.14339   0.39787   0.00000   0.13738   0.00000   0.31183   0.17714   0.13287   1.93592   0.00000   0.29249   1.08822   0.00000   0.06162   0.29229   0.00000   0.05283   0.15291   0.19826   0.29858   0.07873   0.01334   0.13556   0.16029   0.15852   0.39566   0.76051   4.30548  
 34 106.4129   4326.639825  x:  0.06531   0.91464   0.46853   0.16732   0.55699   0.16509   0.36541   0.17383   0.15178   0.37741   0.00000   0.13280   0.00000   0.30864   0.13536   0.13527   1.92604   0.00000   0.29867   1.15243   0.00000   0.06184   0.29445   0.00000   0.04181   0.15460   0.19631   0.29645   0.08415   0.00515   0.14552   0.15180   0.14432   0.43761   0.69081   4.25112  
 35 50.7144   4324.811243  x:  0.06609   0.93259   0.47948   0.14546   0.59922   0.17164   0.32389   0.16389   0.15094   0.34577   0.00000   0.12775   0.00000   0.32357   0.15265   0.14638   1.91566   0.00000   0.29801   1.20753   0.00000   0.06158   0.28368   0.00000   0.04987   0.14757   0.19504   0.30670   0.07915   0.00610   0.13860   0.16619   0.15800   0.41537   0.60193   4.20052  
 36 39.3012   4323.874541  x:  0.07426   0.95146   0.47744   0.14684   0.59436   0.15856   0.31387   0.20271   0.14184   0.34488   0.00000   0.12377   0.00000   0.33374   0.15247   0.16384   1.91313   0.00000   0.28318   1.21828   0.00000   0.06176   0.27764   0.00000   0.05018   0.14905   0.20958   0.31261   0.08362   0.00607   0.15368   0.14946   0.14722   0.40583   0.56943   4.16845  
 37 13.0313   4318.962313  x:  0.05171   1.04782   0.44152   0.13920   0.53514   0.12986   0.33382   0.21859   0.12772   0.38047   0.00000   0.10081   0.00000   0.33764   0.11929   0.19668   1.91644   0.00000   0.21124   1.23722   0.00000   0.06100   0.24766   0.00000   0.03979   0.14339   0.22181   0.31513   0.06748   0.00540   0.11580   0.18370   0.17322   0.43337   0.49697   3.98792  
 38 18.3094   4306.836343  x:  0.05218   1.20864   0.37429   0.12138   0.41577   0.17287   0.38810   0.13040   0.16528   0.43990   0.00000   0.03844   0.00000   0.33492   0.15009   0.24300   1.93776   0.00000   0.16468   1.27077   0.00000   0.06200   0.14202   0.00000   0.04796   0.14248   0.21051   0.31293   0.08238   0.01037   0.15450   0.13541   0.15373   0.45045   0.39091   3.54234  
 39 93.2212   4297.901459  x:  0.07413   1.23223   0.36472   0.13140   0.39311   0.18196   0.39707   0.13237   0.15201   0.42477   0.00000   0.00348   0.00000   0.32725   0.14088   0.25202   1.95139   0.00000   0.19413   1.27102   0.00000   0.06208   0.08031   0.00000   0.05263   0.14245   0.19729   0.30712   0.08262   0.00982   0.14510   0.14342   0.14871   0.44408   0.38494   3.32582  
 40 133.1316   4297.413344  x:  0.06417   1.22700   0.36844   0.13198   0.39967   0.17834   0.39512   0.13356   0.15161   0.42140   0.00000   0.00166   0.00000   0.33179   0.14675   0.24591   1.95261   0.00000   0.18782   1.27282   0.00000   0.06174   0.08006   0.00000   0.04803   0.14382   0.19789   0.30968   0.08002   0.00982   0.14823   0.13685   0.15507   0.44870   0.38919   3.30763  
 41 33.1137   4297.141063  x:  0.06897   1.22274   0.39418   0.13735   0.39325   0.17497   0.39443   0.12815   0.14211   0.42483   0.00000   0.00177   0.00000   0.34636   0.14786   0.23601   1.95321   0.00000   0.17921   1.27231   0.00000   0.06166   0.08038   0.00000   0.04778   0.14380   0.18668   0.31712   0.07957   0.00964   0.14853   0.13510   0.15267   0.45283   0.38904   3.29481  
 42  9.0674   4296.668449  x:  0.05349   1.21283   0.42277   0.13782   0.38507   0.19109   0.39569   0.14502   0.15873   0.43240   0.00000   0.00182   0.00000   0.35553   0.14233   0.22144   1.95675   0.00000   0.17983   1.27649   0.00000   0.06160   0.07880   0.00000   0.04943   0.14118   0.18098   0.31864   0.08005   0.01125   0.14912   0.13918   0.15470   0.44803   0.38796   3.26541  
 43  7.6761   4293.708364  x:  0.00000   1.16698   0.50449   0.15372   0.37130   0.16969   0.36948   0.13116   0.16132   0.42700   0.00000   0.00295   0.00000   0.32969   0.14720   0.20248   1.97777   0.00000   0.19167   1.27684   0.00000   0.06074   0.07701   0.00000   0.04196   0.14180   0.25109   0.28423   0.07675   0.01104   0.15544   0.13388   0.16160   0.43201   0.41659   3.08693  
 44 13.6339   4288.318659  x:  0.00886   1.09152   0.50884   0.08186   0.45004   0.14462   0.36654   0.15694   0.16465   0.42720   0.00000   0.00500   0.00000   0.32008   0.17593   0.18228   2.01922   0.00000   0.17683   1.27902   0.00000   0.05994   0.06417   0.00000   0.04546   0.13810   0.25392   0.32589   0.06812   0.01262   0.15578   0.12652   0.15781   0.47514   0.50036   2.76725  
 45 43.3393   4285.817415  x:  0.00183   1.06748   0.46913   0.13390   0.50129   0.15248   0.35847   0.16285   0.15988   0.41395   0.00000   0.00651   0.00000   0.32660   0.17824   0.17758   2.03873   0.00000   0.14357   1.27668   0.00000   0.05959   0.06545   0.00000   0.03573   0.13949   0.20455   0.33518   0.06749   0.01276   0.15976   0.11784   0.16721   0.45253   0.53952   2.60915  
 46 61.0701   4285.434490  x:  0.00689   1.06499   0.45637   0.13296   0.50674   0.14250   0.35372   0.16152   0.16788   0.40861   0.00000   0.00646   0.00000   0.35587   0.17307   0.16551   2.04292   0.00000   0.14221   1.27766   0.00000   0.05943   0.06319   0.00000   0.03744   0.13737   0.20125   0.30594   0.07512   0.01275   0.16012   0.12046   0.16347   0.45228   0.54589   2.57537  
 47 11.6858   4284.867379  x:  0.00632   1.07216   0.45339   0.13196   0.49809   0.15137   0.35861   0.17028   0.15102   0.39403   0.00000   0.00698   0.00000   0.36783   0.18251   0.16375   2.04996   0.00000   0.16332   1.28050   0.00000   0.05870   0.06588   0.00000   0.03065   0.13902   0.19068   0.28685   0.07257   0.01208   0.15865   0.11417   0.17445   0.46339   0.54804   2.50699  
 48  8.4267   4279.020327  x:  0.03750   1.04984   0.45254   0.16141   0.48413   0.19067   0.36802   0.17619   0.11887   0.31403   0.00000   0.00614   0.00000   0.35786   0.16815   0.08878   2.11960   0.00000   0.20490   1.27563   0.00000   0.05892   0.04008   0.00000   0.03428   0.13417   0.22606   0.32133   0.06645   0.01021   0.14497   0.13547   0.15395   0.43459   0.60448   1.78455  
 49 30.8773   4274.685860  x:  0.05231   0.99781   0.49949   0.17846   0.50607   0.15112   0.36168   0.18274   0.13885   0.31871   0.00000   0.00523   0.00000   0.30925   0.16575   0.13539   2.17323   0.00000   0.23628   1.28424   0.00000   0.05965   0.02023   0.00000   0.03722   0.12825   0.17446   0.30035   0.07326   0.01130   0.13683   0.14833   0.14318   0.41216   0.64431   1.23342  
 50 130.6001   4274.558930  x:  0.05402   0.99354   0.49961   0.17884   0.51336   0.16103   0.35292   0.18391   0.12849   0.33539   0.00000   0.00513   0.00000   0.30708   0.16708   0.13473   2.17580   0.00000   0.23475   1.28584   0.00000   0.05952   0.01887   0.00000   0.03853   0.12744   0.17744   0.29344   0.07402   0.01153   0.13599   0.14966   0.14249   0.41263   0.64594   1.21188  
 51 11.2926   4274.548477  x:  0.05398   0.99368   0.49959   0.17886   0.51316   0.16071   0.35308   0.18389   0.12879   0.33499   0.00000   0.00514   0.00273   0.30710   0.16705   0.13468   2.17581   0.00000   0.23484   1.28584   0.00000   0.05953   0.01892   0.00000   0.03848   0.12746   0.17733   0.29365   0.07400   0.01153   0.13602   0.14962   0.14251   0.41265   0.64587   1.21174  
 52  7.1972   4273.948169  x:  0.05583   0.99813   0.49718   0.18396   0.51511   0.14907   0.33490   0.18697   0.13216   0.34890   0.00000   0.00529   0.00129   0.29660   0.17036   0.11892   2.20689   0.00000   0.24527   1.30575   0.00000   0.05994   0.02395   0.00000   0.03197   0.12596   0.17258   0.29822   0.07483   0.01160   0.13745   0.15180   0.14195   0.41973   0.64068   0.90227  
 53  2.1136   4273.734374  x:  0.05640   0.99551   0.50408   0.17827   0.52259   0.15692   0.34802   0.18482   0.12881   0.34481   0.00000   0.00528   0.00182   0.30150   0.16817   0.13091   2.21793   0.00000   0.23644   1.30992   0.00000   0.06004   0.02637   0.00000   0.02834   0.12627   0.17823   0.29373   0.07550   0.01151   0.13621   0.15297   0.14150   0.41343   0.64342   0.78956  
 54 29.6895   4273.242365  x:  0.05699   1.00206   0.50781   0.16888   0.52898   0.15791   0.35063   0.18274   0.12965   0.35177   0.00000   0.00547   0.00140   0.29985   0.16505   0.13856   2.26708   0.00000   0.22820   1.33318   0.00000   0.06108   0.02969   0.00000   0.01975   0.12893   0.18223   0.29082   0.07696   0.01127   0.13650   0.15204   0.14387   0.41504   0.63349   1.01757  
 55  0.5458   4272.483884  x:  0.04948   1.03314   0.50276   0.15258   0.52089   0.15593   0.35050   0.18117   0.13661   0.34777   0.00000   0.00611   0.00147   0.30396   0.16061   0.13750   2.37713   0.00000   0.21896   1.37474   0.00000   0.06276   0.01915   0.00000   0.01982   0.13563   0.18546   0.29281   0.07695   0.01030   0.13895   0.14345   0.15147   0.42946   0.61355   0.93273  
 56  0.2628   4272.209430  x:  0.04682   1.05935   0.50112   0.14893   0.51761   0.15963   0.35116   0.18026   0.13473   0.35506   0.00000   0.00640   0.00093   0.30506   0.16116   0.14813   2.45955   0.00000   0.21593   1.40328   0.00000   0.06303   0.02276   0.00000   0.02584   0.13509   0.18286   0.29134   0.07861   0.00997   0.13871   0.14568   0.14869   0.42983   0.60134   0.98323  
 57  0.1584   4272.041827  x:  0.04840   1.05459   0.50468   0.15264   0.52257   0.15403   0.34607   0.18168   0.13271   0.35456   0.00000   0.00680   0.00145   0.30018   0.16078   0.14358   2.55794   0.00000   0.21882   1.42586   0.00000   0.06214   0.02198   0.00000   0.02375   0.13251   0.18119   0.29295   0.07782   0.01051   0.13721   0.14695   0.14560   0.41943   0.58405   0.93494  
 58  0.0855   4272.005661  x:  0.05092   1.04919   0.50327   0.15608   0.51407   0.15776   0.35249   0.18088   0.13247   0.35115   0.00000   0.00713   0.00179   0.30279   0.16052   0.14347   2.59123   0.00000   0.21717   1.41660   0.00000   0.06190   0.02195   0.00000   0.02352   0.13236   0.18176   0.29144   0.07678   0.01100   0.13679   0.14602   0.14680   0.42242   0.57906   0.93834  
 59  0.0228   4272.000575  x:  0.05133   1.04444   0.50205   0.15645   0.51669   0.15744   0.35090   0.18029   0.13272   0.35124   0.00000   0.00725   0.00177   0.30241   0.16009   0.14268   2.59556   0.00000   0.21776   1.41149   0.00000   0.06213   0.02206   0.00000   0.02387   0.13270   0.18200   0.29171   0.07763   0.01084   0.13738   0.14613   0.14690   0.42224   0.57585   0.94424  
 60  0.0087   4271.999599  x:  0.05130   1.04492   0.50103   0.15639   0.51514   0.15709   0.35079   0.18030   0.13258   0.35181   0.00000   0.00732   0.00173   0.30206   0.16048   0.14327   2.59631   0.00000   0.21759   1.40928   0.00000   0.06222   0.02205   0.00000   0.02378   0.13256   0.18154   0.29193   0.07783   0.01073   0.13733   0.14668   0.14658   0.42248   0.57599   0.94280  
 61  0.0035   4271.999033  x:  0.05139   1.04484   0.50135   0.15574   0.51519   0.15701   0.35115   0.18018   0.13302   0.35252   0.00000   0.00744   0.00163   0.30228   0.16039   0.14352   2.59483   0.00000   0.21756   1.40795   0.00000   0.06220   0.02202   0.00000   0.02378   0.13272   0.18178   0.29173   0.07759   0.01074   0.13712   0.14651   0.14668   0.42207   0.57611   0.94125  
 62  0.0014   4271.998692  x:  0.05117   1.04522   0.50184   0.15564   0.51570   0.15713   0.35098   0.18036   0.13265   0.35199   0.00000   0.00756   0.00168   0.30240   0.16054   0.14345   2.59368   0.00000   0.21780   1.40815   0.00000   0.06215   0.02202   0.00000   0.02376   0.13258   0.18202   0.29176   0.07757   0.01073   0.13714   0.14658   0.14652   0.42234   0.57612   0.94146  
 63  0.0009   4271.998581  x:  0.05122   1.04558   0.50181   0.15591   0.51551   0.15722   0.35096   0.18031   0.13276   0.35207   0.00000   0.00761   0.00168   0.30223   0.16036   0.14326   2.59334   0.00000   0.21796   1.40852   0.00000   0.06216   0.02203   0.00000   0.02377   0.13258   0.18178   0.29187   0.07767   0.01076   0.13723   0.14655   0.14655   0.42223   0.57640   0.94189  
 64  0.0009   4271.998564  x:  0.05123   1.04551   0.50178   0.15598   0.51544   0.15710   0.35096   0.18030   0.13274   0.35205   0.00000   0.00762   0.00169   0.30223   0.16036   0.14327   2.59329   0.00000   0.21782   1.40877   0.00000   0.06217   0.02202   0.00000   0.02378   0.13261   0.18181   0.29178   0.07766   0.01076   0.13721   0.14658   0.14660   0.42223   0.57638   0.94228  
 65  0.0004   4271.998561  x:  0.05122   1.04541   0.50177   0.15598   0.51545   0.15713   0.35097   0.18027   0.13276   0.35205   0.00000   0.00762   0.00169   0.30224   0.16036   0.14328   2.59319   0.00000   0.21775   1.40892   0.00000   0.06218   0.02202   0.00000   0.02378   0.13260   0.18180   0.29179   0.07767   0.01076   0.13720   0.14659   0.14657   0.42224   0.57637   0.94220  
 66  0.0002   4271.998560  x:  0.05123   1.04537   0.50176   0.15598   0.51543   0.15713   0.35096   0.18027   0.13275   0.35205   0.00000   0.00762   0.00169   0.30223   0.16037   0.14330   2.59311   0.00000   0.21775   1.40896   0.00000   0.06217   0.02202   0.00000   0.02378   0.13261   0.18180   0.29180   0.07766   0.01075   0.13721   0.14658   0.14657   0.42224   0.57637   0.94210  
 67  0.0001   4271.998560  x:  0.05124   1.04535   0.50175   0.15597   0.51542   0.15713   0.35096   0.18027   0.13275   0.35205   0.00000   0.00762   0.00169   0.30224   0.16036   0.14330   2.59310   0.00000   0.21776   1.40897   0.00000   0.06217   0.02202   0.00000   0.02378   0.13261   0.18180   0.29180   0.07766   0.01075   0.13721   0.14659   0.14657   0.42224   0.57636   0.94210  
 68  0.0000   4271.998560  x:  0.05124   1.04535   0.50175   0.15597   0.51542   0.15713   0.35096   0.18027   0.13275   0.35205   0.00000   0.00762   0.00169   0.30224   0.16036   0.14330   2.59310   0.00000   0.21777   1.40898   0.00000   0.06217   0.02202   0.00000   0.02378   0.13261   0.18180   0.29180   0.07766   0.01075   0.13721   0.14659   0.14657   0.42224   0.57636   0.94212  
 69  0.0000   4271.998560  x:  0.05124   1.04535   0.50175   0.15597   0.51542   0.15713   0.35096   0.18027   0.13275   0.35205   0.00000   0.00762   0.00169   0.30224   0.16036   0.14330   2.59310   0.00000   0.21777   1.40898   0.00000   0.06217   0.02202   0.00000   0.02378   0.13261   0.18180   0.29180   0.07766   0.01075   0.13721   0.14659   0.14657   0.42224   0.57636   0.94212  
 70  0.0000   4271.998560  x:  0.05124   1.04535   0.50175   0.15597   0.51542   0.15713   0.35096   0.18027   0.13275   0.35205   0.00000   0.00762   0.00169   0.30224   0.16036   0.14330   2.59310   0.00000   0.21777   1.40898   0.00000   0.06217   0.02202   0.00000   0.02378   0.13261   0.18180   0.29180   0.07766   0.01075   0.13721   0.14659   0.14657   0.42224   0.57636   0.94212  
 71  0.0000   4271.998560  x:  0.05124   1.04535   0.50175   0.15597   0.51542   0.15713   0.35096   0.18027   0.13275   0.35205   0.00000   0.00762   0.00169   0.30224   0.16036   0.14330   2.59310   0.00000   0.21777   1.40898   0.00000   0.06217   0.02202   0.00000   0.02378   0.13261   0.18180   0.29180   0.07766   0.01075   0.13721   0.14659   0.14657   0.42224   0.57636   0.94212  
 72  0.0000   4271.998560  x:  0.05124   1.04535   0.50175   0.15597   0.51542   0.15713   0.35096   0.18027   0.13275   0.35205   0.00000   0.00762   0.00169   0.30224   0.16036   0.14330   2.59310   0.00000   0.21777   1.40898   0.00000   0.06217   0.02202   0.00000   0.02378   0.13261   0.18180   0.29180   0.07766   0.01075   0.13721   0.14659   0.14657   0.42224   0.57636   0.94212  
check convergence!
