

TREE # 1

  0  0.0000   2474.871151  x:  0.08848   0.01022   0.02025   0.01436   0.06316   0.08678   0.02064   0.07979   0.10622   0.09485   0.01437   0.04579   0.09847   0.10892   0.08321   0.06753   0.01741   0.10871   0.03812   0.05864   0.03772   0.04149   0.02022   0.06112   0.07125   0.02726   0.06522   0.02288   0.06343   0.03020   0.03615   0.04401   0.45693   0.56988   0.58819  
  1 99.0000   2356.918871  x:  0.08919   0.17465   0.02830   0.09566   0.05324   0.08465   0.02738   0.06834   0.09168   0.09339   0.08540   0.12472   0.08926   0.09845   0.11608   0.08814   0.00000   0.09697   0.07527   0.06709   0.05940   0.02650   0.05818   0.07328   0.07196   0.13573   0.08068   0.02359   0.06666   0.06873   0.03934   0.05303   0.45062   0.57461   0.58831  
  2 1737.6764   2333.650706  x:  0.08432   0.15602   0.01967   0.08708   0.03277   0.07525   0.02812   0.05014   0.06793   0.09168   0.08113   0.15178   0.07141   0.08175   0.14858   0.10720   0.00000   0.07601   0.09057   0.07465   0.07453   0.00000   0.05930   0.08365   0.07259   0.14484   0.08736   0.01872   0.07012   0.07814   0.04054   0.06048   0.43919   0.58213   0.58851  
  3 338.4154   2324.622671  x:  0.09069   0.14018   0.05160   0.08803   0.00965   0.07288   0.02880   0.03652   0.02728   0.09183   0.08889   0.15777   0.02908   0.05361   0.14682   0.09711   0.00000   0.02718   0.07675   0.06593   0.07226   0.00000   0.06044   0.07812   0.07547   0.16465   0.09328   0.02509   0.06552   0.07375   0.03613   0.04648   0.41039   0.60047   0.58924  
  4 188.6044   2323.531920  x:  0.09041   0.13357   0.05291   0.08815   0.01790   0.07604   0.02853   0.04268   0.03250   0.09149   0.09262   0.15709   0.01939   0.05236   0.14561   0.09520   0.00000   0.01550   0.07782   0.06727   0.07734   0.00000   0.06058   0.07749   0.07651   0.17251   0.09062   0.02481   0.06511   0.07403   0.04007   0.05368   0.39092   0.61314   0.58992  
  5 74.5516   2321.252349  x:  0.09043   0.11463   0.05684   0.08828   0.01052   0.08534   0.02845   0.05132   0.03285   0.09069   0.10472   0.15420   0.02035   0.05693   0.14151   0.09023   0.00000   0.02812   0.07938   0.06964   0.08983   0.00000   0.06156   0.07562   0.07949   0.19618   0.08397   0.02483   0.06400   0.07462   0.04086   0.05753   0.31439   0.66345   0.59272  
  6 96.2081   2320.360187  x:  0.09077   0.11386   0.05471   0.08856   0.01454   0.08572   0.02857   0.04781   0.03376   0.09067   0.10433   0.15291   0.03279   0.06099   0.14182   0.09390   0.00000   0.01990   0.07934   0.06873   0.08473   0.00000   0.06120   0.07752   0.07829   0.19871   0.08465   0.02517   0.06521   0.07532   0.03793   0.05204   0.27817   0.69140   0.59448  
  7 99.7236   2319.775512  x:  0.09148   0.12190   0.05001   0.08955   0.01531   0.08257   0.02854   0.04275   0.03626   0.09132   0.09850   0.15032   0.02396   0.06337   0.14235   0.09704   0.00000   0.02290   0.07863   0.06758   0.07644   0.00000   0.06096   0.07906   0.07680   0.19110   0.08823   0.02588   0.06649   0.07537   0.03979   0.05138   0.25609   0.71884   0.59643  
  8 61.9749   2319.281590  x:  0.09215   0.13236   0.04617   0.09081   0.01143   0.07948   0.02886   0.04579   0.03290   0.09277   0.09357   0.14975   0.02685   0.05920   0.14055   0.09199   0.00000   0.01986   0.07780   0.06844   0.08341   0.00000   0.06225   0.07648   0.07882   0.17619   0.09064   0.02655   0.06560   0.07387   0.04025   0.05791   0.25036   0.76156   0.59980  
  9 37.2640   2318.720541  x:  0.09212   0.13550   0.04720   0.09182   0.02147   0.08104   0.02827   0.04613   0.02965   0.09263   0.09468   0.15295   0.02532   0.05439   0.14256   0.09175   0.00000   0.02360   0.07922   0.06895   0.08990   0.00000   0.06268   0.07605   0.08057   0.16539   0.09012   0.02652   0.06451   0.07441   0.03537   0.05066   0.25741   0.82590   0.60521  
 10 60.9936   2317.774139  x:  0.09135   0.13343   0.05111   0.09222   0.01427   0.08570   0.02924   0.04426   0.04027   0.09048   0.10176   0.15569   0.02769   0.05469   0.14423   0.09727   0.00000   0.02157   0.07836   0.06679   0.08251   0.00000   0.06093   0.07826   0.07851   0.16163   0.08735   0.02575   0.06476   0.07605   0.04322   0.04747   0.28236   0.94381   0.61581  
 11 101.0615   2317.458989  x:  0.09038   0.13206   0.04992   0.09204   0.01550   0.08456   0.02737   0.04269   0.03514   0.09086   0.10059   0.15274   0.02811   0.06028   0.14299   0.09790   0.00000   0.02161   0.07839   0.06763   0.07608   0.00000   0.06076   0.07875   0.07641   0.16781   0.08724   0.02478   0.06679   0.07534   0.03868   0.05533   0.29263   0.98245   0.61989  
 12 69.7107   2317.365287  x:  0.09034   0.13198   0.04624   0.09113   0.01538   0.08134   0.03063   0.04325   0.03449   0.09162   0.09615   0.15002   0.02751   0.06303   0.14188   0.09675   0.00000   0.02089   0.07891   0.06816   0.07729   0.00000   0.06123   0.07848   0.07618   0.17386   0.08876   0.02474   0.06654   0.07460   0.03916   0.05260   0.29624   0.99325   0.62183  
 13 22.2172   2317.339675  x:  0.09062   0.13204   0.04516   0.09076   0.01530   0.08031   0.02789   0.04307   0.03498   0.09169   0.09452   0.14962   0.02756   0.06307   0.14163   0.09638   0.00000   0.02083   0.07858   0.06778   0.07805   0.00000   0.06120   0.07830   0.07640   0.17584   0.08950   0.02502   0.06629   0.07460   0.03959   0.05171   0.29701   0.99547   0.62274  
 14 12.5148   2317.274467  x:  0.09225   0.13172   0.04468   0.08962   0.01669   0.07996   0.02912   0.04116   0.03683   0.09132   0.09167   0.15111   0.02875   0.05904   0.14156   0.09635   0.00000   0.02235   0.07629   0.06558   0.07814   0.00000   0.06004   0.07784   0.07759   0.17884   0.09143   0.02665   0.06566   0.07555   0.03900   0.05375   0.29733   0.99711   0.62756  
 15  4.0221   2316.717374  x:  0.09547   0.13083   0.04097   0.08446   0.01615   0.08253   0.02848   0.04885   0.03630   0.09067   0.08642   0.15516   0.03031   0.04397   0.14131   0.09896   0.00000   0.02429   0.08434   0.07369   0.06903   0.00000   0.06062   0.07914   0.07787   0.18380   0.09560   0.02988   0.06261   0.07594   0.03805   0.05357   0.29643   1.00109   0.67347  
 16  9.8703   2310.798979  x:  0.08989   0.11958   0.01945   0.06806   0.01639   0.09055   0.02884   0.04142   0.01372   0.08734   0.08662   0.17807   0.02697   0.03851   0.17486   0.12462   0.00000   0.02212   0.08266   0.06777   0.08680   0.00000   0.06889   0.08932   0.07008   0.19108   0.10828   0.02431   0.06914   0.08055   0.05504   0.05734   0.28660   1.02868   1.13912  
 17 73.5834   2307.521244  x:  0.08430   0.11005   0.02183   0.06811   0.00556   0.08077   0.02916   0.02952   0.02774   0.08836   0.08239   0.19310   0.02017   0.04157   0.19811   0.12976   0.00000   0.01646   0.09173   0.07527   0.10081   0.00000   0.07006   0.09188   0.07005   0.19305   0.11560   0.01874   0.07339   0.08198   0.03301   0.05955   0.28060   1.04447   1.40710  
 18 590.1167   2306.665806  x:  0.08480   0.10393   0.03321   0.07600   0.00821   0.06460   0.02936   0.02715   0.02679   0.09070   0.07816   0.20031   0.02231   0.04534   0.20883   0.12659   0.00000   0.01799   0.09876   0.08026   0.10055   0.00000   0.06286   0.09159   0.07426   0.19283   0.11589   0.01924   0.07141   0.08486   0.03993   0.06165   0.27838   1.04897   1.47986  
 19 164.2914   2306.556983  x:  0.08526   0.10280   0.03036   0.07834   0.00756   0.06073   0.02942   0.03070   0.02640   0.09128   0.07886   0.20272   0.02178   0.04562   0.21238   0.12463   0.00000   0.01780   0.09790   0.07757   0.09842   0.00000   0.05960   0.09170   0.07570   0.19269   0.11212   0.01969   0.07072   0.08686   0.03847   0.06110   0.27807   1.04954   1.48820  
 20 29.2090   2306.532642  x:  0.08532   0.10265   0.02859   0.07885   0.00768   0.06066   0.02944   0.02886   0.02645   0.09169   0.07900   0.20307   0.02183   0.04496   0.21362   0.12195   0.00000   0.01774   0.09816   0.07789   0.09746   0.00000   0.05994   0.09149   0.07611   0.19284   0.10892   0.01975   0.07008   0.08667   0.03886   0.06098   0.27802   1.04969   1.48923  
 21 10.1964   2306.524653  x:  0.08524   0.10316   0.02943   0.07822   0.00772   0.06103   0.02943   0.02942   0.02658   0.09182   0.07770   0.20328   0.02196   0.04488   0.21545   0.12119   0.00000   0.01785   0.09768   0.07772   0.09716   0.00000   0.06091   0.09174   0.07571   0.19314   0.10747   0.01967   0.07065   0.08621   0.03895   0.06093   0.27794   1.04983   1.48799  
 22  3.4454   2306.491450  x:  0.08557   0.10508   0.02961   0.07658   0.00773   0.06197   0.02941   0.02937   0.02654   0.09097   0.07809   0.20069   0.02211   0.04430   0.21917   0.12183   0.00000   0.01781   0.09772   0.07883   0.09775   0.00000   0.05726   0.09045   0.07564   0.19386   0.10668   0.02001   0.07072   0.08487   0.03896   0.06099   0.27788   1.05072   1.47347  
 23  2.5481   2306.229478  x:  0.08655   0.10467   0.02715   0.07689   0.00933   0.05867   0.02946   0.03048   0.02783   0.08867   0.08286   0.18901   0.02393   0.03908   0.23156   0.12658   0.00000   0.01890   0.09905   0.07810   0.09807   0.00000   0.06359   0.09057   0.07831   0.19393   0.10952   0.02099   0.06779   0.08656   0.03884   0.06283   0.27792   1.05820   1.34867  
 24 22.7268   2305.067655  x:  0.08529   0.10288   0.01588   0.08136   0.01254   0.07506   0.02916   0.03285   0.02839   0.09364   0.07281   0.19757   0.02571   0.03931   0.24056   0.13385   0.00000   0.01967   0.10778   0.07922   0.10195   0.00000   0.05973   0.09790   0.07885   0.19238   0.11556   0.01975   0.06888   0.10081   0.04081   0.06478   0.27754   1.08925   0.82591  
 25 123.3827   2304.738661  x:  0.08556   0.10451   0.01293   0.07210   0.01495   0.06777   0.02934   0.03324   0.02956   0.08932   0.07532   0.20853   0.02602   0.04007   0.23688   0.13857   0.00000   0.02085   0.10832   0.08088   0.10328   0.00000   0.06047   0.09842   0.07536   0.19214   0.11216   0.02003   0.06826   0.09641   0.04126   0.06577   0.27672   1.09840   0.67363  
 26 169.6816   2304.728136  x:  0.08494   0.10485   0.01323   0.07254   0.01481   0.06724   0.02934   0.03305   0.02948   0.08961   0.07455   0.20810   0.02604   0.03914   0.23560   0.14068   0.00000   0.02089   0.10911   0.08007   0.10368   0.00000   0.06030   0.09867   0.07665   0.19235   0.11004   0.01941   0.06894   0.09566   0.04126   0.06585   0.27668   1.09870   0.66899  
 27  6.9758   2304.726100  x:  0.08565   0.10477   0.01324   0.07288   0.01474   0.06720   0.02934   0.03300   0.02946   0.08991   0.07438   0.20804   0.02600   0.03921   0.23547   0.14140   0.00000   0.02085   0.10883   0.08052   0.10398   0.00000   0.06043   0.09858   0.07630   0.19229   0.10941   0.02012   0.06891   0.09585   0.04118   0.06588   0.27670   1.09878   0.66889  
 28  0.9764   2304.701636  x:  0.08380   0.10482   0.01392   0.07321   0.01476   0.06687   0.02932   0.03304   0.02946   0.09076   0.07415   0.20881   0.02602   0.03861   0.23562   0.14286   0.00000   0.02094   0.10692   0.08201   0.10411   0.00000   0.06042   0.09737   0.07465   0.19227   0.10844   0.01827   0.06649   0.09717   0.04104   0.06593   0.27639   1.09988   0.67325  
 29  0.6087   2304.287246  x:  0.08311   0.10286   0.02136   0.06990   0.01461   0.06691   0.02926   0.03226   0.02909   0.08827   0.08201   0.22567   0.02531   0.04042   0.24160   0.14606   0.00000   0.02017   0.10868   0.08512   0.10511   0.00000   0.06259   0.09367   0.07787   0.18838   0.10576   0.01760   0.07603   0.09823   0.04104   0.06580   0.27261   1.11989   0.75645  
 30  7.4807   2304.197270  x:  0.08363   0.10185   0.02273   0.07286   0.01454   0.06761   0.02920   0.03222   0.02912   0.08698   0.08292   0.22907   0.02534   0.04023   0.24349   0.14643   0.00000   0.02027   0.11068   0.08290   0.10658   0.00000   0.06155   0.09901   0.07419   0.18770   0.10592   0.01812   0.07303   0.09209   0.04056   0.06664   0.27184   1.12402   0.77352  
 31 24.3239   2304.196573  x:  0.08367   0.10197   0.02281   0.07254   0.01453   0.06760   0.02920   0.03220   0.02912   0.08739   0.08307   0.22904   0.02532   0.04033   0.24348   0.14641   0.00000   0.02025   0.11049   0.08307   0.10661   0.00000   0.06148   0.09964   0.07456   0.18770   0.10591   0.01817   0.07280   0.09213   0.04052   0.06666   0.27184   1.12407   0.77350  
 32  1.0844   2304.193034  x:  0.08347   0.10212   0.02286   0.07274   0.01451   0.06714   0.02921   0.03211   0.02911   0.08703   0.08326   0.22865   0.02536   0.03970   0.24335   0.14600   0.00000   0.02031   0.11015   0.08353   0.10684   0.00000   0.06112   0.10077   0.07386   0.18766   0.10581   0.01797   0.07377   0.09282   0.04058   0.06657   0.27188   1.12454   0.77082  
 33  0.2355   2304.053870  x:  0.08297   0.10677   0.02359   0.07593   0.01237   0.06826   0.02921   0.03043   0.02755   0.08520   0.08250   0.23184   0.02436   0.04149   0.25036   0.14744   0.00000   0.01890   0.11232   0.08339   0.10707   0.00000   0.06191   0.10121   0.07494   0.18465   0.10660   0.01750   0.07155   0.09708   0.04047   0.06679   0.27386   1.14315   0.66352  
 34  3.7275   2304.029947  x:  0.08254   0.10698   0.02302   0.07720   0.01231   0.06793   0.02913   0.03033   0.02770   0.08922   0.08359   0.23301   0.02442   0.04064   0.25218   0.14785   0.00000   0.01902   0.11196   0.08360   0.10686   0.00000   0.06194   0.10021   0.07433   0.18434   0.10792   0.01707   0.07324   0.09535   0.04081   0.06666   0.27420   1.14647   0.64475  
 35 24.2935   2304.029079  x:  0.08246   0.10693   0.02286   0.07761   0.01231   0.06800   0.02913   0.03039   0.02770   0.08887   0.08352   0.23321   0.02441   0.04068   0.25228   0.14796   0.00000   0.01903   0.11145   0.08406   0.10679   0.00000   0.06198   0.10028   0.07476   0.18435   0.10803   0.01699   0.07336   0.09497   0.04084   0.06661   0.27422   1.14657   0.64515  
 36  0.5306   2303.915930  x:  0.08147   0.11331   0.01979   0.07949   0.01208   0.06591   0.02918   0.02943   0.02819   0.09031   0.08377   0.23813   0.02385   0.04160   0.25397   0.14977   0.00000   0.01883   0.11281   0.08341   0.10809   0.00000   0.06164   0.10053   0.07413   0.18278   0.10683   0.01603   0.07355   0.09622   0.04116   0.06643   0.27531   1.15970   0.76909  
 37  0.8737   2303.734898  x:  0.08312   0.11904   0.01882   0.08055   0.01229   0.06789   0.02933   0.03129   0.02892   0.08812   0.08805   0.24443   0.02431   0.03843   0.25275   0.14898   0.00000   0.01983   0.11307   0.08217   0.10845   0.00000   0.06180   0.10083   0.07486   0.19919   0.10518   0.01774   0.07155   0.09784   0.04096   0.06470   0.27313   1.18201   0.74251  
 38  0.0208   2303.702269  x:  0.08271   0.12285   0.01999   0.08083   0.01271   0.06576   0.02937   0.03103   0.02865   0.08841   0.08750   0.24289   0.02452   0.04036   0.25058   0.14780   0.00000   0.01982   0.11345   0.08290   0.10823   0.00000   0.06297   0.10052   0.07429   0.20199   0.10726   0.01735   0.07285   0.09644   0.04046   0.06541   0.27376   1.17274   0.72995  
 39  0.0142   2303.696753  x:  0.08245   0.12364   0.02017   0.08181   0.01238   0.06628   0.02936   0.03087   0.02855   0.08890   0.08838   0.24223   0.02433   0.04009   0.24989   0.14775   0.00000   0.01969   0.11340   0.08292   0.10788   0.00000   0.06323   0.10024   0.07464   0.20233   0.10621   0.01709   0.07286   0.09670   0.04115   0.06597   0.27308   1.16061   0.73299  
 40  0.0097   2303.695604  x:  0.08254   0.12365   0.02013   0.08191   0.01250   0.06619   0.02935   0.03082   0.02852   0.08883   0.08831   0.24270   0.02426   0.03987   0.25025   0.14789   0.00000   0.01965   0.11333   0.08292   0.10781   0.00000   0.06301   0.10023   0.07460   0.20252   0.10625   0.01717   0.07276   0.09679   0.04065   0.06613   0.27329   1.15254   0.73548  
 41  0.0057   2303.695316  x:  0.08256   0.12354   0.02014   0.08177   0.01240   0.06610   0.02936   0.03087   0.02858   0.08873   0.08824   0.24295   0.02432   0.03992   0.25046   0.14798   0.00000   0.01975   0.11339   0.08293   0.10779   0.00000   0.06299   0.10032   0.07453   0.20266   0.10632   0.01718   0.07276   0.09678   0.04085   0.06613   0.27351   1.14924   0.73498  
 42  0.0032   2303.695292  x:  0.08253   0.12350   0.02013   0.08173   0.01241   0.06614   0.02936   0.03087   0.02857   0.08875   0.08828   0.24295   0.02430   0.03996   0.25049   0.14799   0.00000   0.01973   0.11341   0.08291   0.10779   0.00000   0.06303   0.10034   0.07454   0.20268   0.10630   0.01715   0.07280   0.09679   0.04083   0.06606   0.27351   1.14884   0.73409  
 43  0.0009   2303.695290  x:  0.08254   0.12350   0.02013   0.08172   0.01241   0.06614   0.02936   0.03087   0.02857   0.08875   0.08828   0.24295   0.02430   0.03994   0.25048   0.14800   0.00000   0.01973   0.11342   0.08292   0.10779   0.00000   0.06304   0.10034   0.07455   0.20267   0.10631   0.01715   0.07280   0.09678   0.04084   0.06604   0.27351   1.14878   0.73405  
 44  0.0001   2303.695290  x:  0.08254   0.12351   0.02013   0.08173   0.01241   0.06614   0.02936   0.03087   0.02857   0.08875   0.08828   0.24295   0.02430   0.03995   0.25047   0.14800   0.00000   0.01973   0.11342   0.08292   0.10779   0.00000   0.06304   0.10034   0.07454   0.20267   0.10631   0.01715   0.07280   0.09678   0.04084   0.06603   0.27351   1.14877   0.73407  
 45  0.0000   2303.695290  x:  0.08254   0.12351   0.02013   0.08173   0.01241   0.06614   0.02936   0.03087   0.02857   0.08875   0.08828   0.24295   0.02430   0.03995   0.25048   0.14800   0.00000   0.01973   0.11342   0.08292   0.10779   0.00000   0.06304   0.10034   0.07454   0.20267   0.10631   0.01715   0.07280   0.09678   0.04084   0.06603   0.27351   1.14877   0.73408  
 46  0.0000   2303.695290  x:  0.08254   0.12351   0.02013   0.08173   0.01241   0.06614   0.02936   0.03087   0.02857   0.08875   0.08828   0.24295   0.02430   0.03995   0.25048   0.14800   0.00000   0.01973   0.11342   0.08292   0.10779   0.00000   0.06304   0.10034   0.07454   0.20267   0.10631   0.01715   0.07280   0.09678   0.04084   0.06603   0.27351   1.14877   0.73408  
 47  0.0000   2303.695290  x:  0.08255   0.12351   0.02013   0.08173   0.01241   0.06614   0.02936   0.03087   0.02857   0.08875   0.08828   0.24295   0.02430   0.03995   0.25048   0.14800   0.00000   0.01973   0.11342   0.08292   0.10779   0.00000   0.06304   0.10034   0.07454   0.20267   0.10631   0.01714   0.07280   0.09678   0.04084   0.06603   0.27351   1.14877   0.73408  
 48  0.0000   2303.695290  x:  0.08255   0.12351   0.02013   0.08173   0.01241   0.06614   0.02936   0.03087   0.02857   0.08875   0.08828   0.24295   0.02430   0.03995   0.25048   0.14800   0.00000   0.01973   0.11342   0.08292   0.10779   0.00000   0.06304   0.10034   0.07454   0.20267   0.10631   0.01714   0.07280   0.09678   0.04084   0.06603   0.27351   1.14877   0.73408  