

TREE # 1

  0  0.0000   4639.074617  x:  0.09399   0.08940   0.05437   0.02379   0.09511   0.07040   0.01532   0.06383   0.02871   0.06293   0.04886   0.05650   0.05947   0.01262   0.10686   0.09118   0.01275   0.06598   0.06610   0.07013   0.08108   0.07886   0.02340   0.02230   0.07784   0.51882   0.52933   0.55751   0.54065   0.50765   0.59497  
  1 99.0000   3848.317139  x:  0.28566   0.22131   0.16442   0.30491   0.13033   0.19448   0.24421   0.12132   0.26059   0.03210   0.02351   0.06740   0.17935   0.30510   0.17124   0.47496   0.22067   0.19152   0.39487   0.04461   0.07570   0.05760   0.00000   0.02489   0.10374   0.51151   0.53091   0.55870   0.54090   0.51487   0.59633  
  2 3394.5169   3816.639857  x:  0.31975   0.24555   0.16770   0.29642   0.13036   0.20369   0.22071   0.11861   0.25007   0.00000   0.00125   0.05031   0.18300   0.26976   0.16830   0.50597   0.20732   0.19465   0.41166   0.01557   0.07243   0.03932   0.00000   0.02493   0.11284   0.50047   0.53149   0.56000   0.54072   0.52116   0.59796  
  3 388.0691   3802.891743  x:  0.33750   0.25812   0.16941   0.29202   0.13042   0.20854   0.20836   0.11725   0.24464   0.00000   0.00367   0.04131   0.18500   0.25107   0.16672   0.52240   0.20024   0.19629   0.42060   0.00000   0.07078   0.02991   0.00000   0.02503   0.11745   0.49460   0.53180   0.56070   0.54063   0.52451   0.59884  
  4 3569.1249   3779.044675  x:  0.34987   0.24403   0.17111   0.28638   0.15286   0.23276   0.14450   0.14271   0.26004   0.00000   0.00478   0.00000   0.22792   0.10378   0.14436   0.65154   0.12729   0.19479   0.50768   0.00000   0.10227   0.15873   0.00000   0.06968   0.05975   0.43255   0.53583   0.57189   0.53826   0.56244   0.61063  
  5 229.6416   3773.968141  x:  0.34230   0.23037   0.16935   0.28249   0.16042   0.23590   0.12910   0.15497   0.26726   0.00000   0.00516   0.01892   0.24152   0.07721   0.13339   0.69052   0.08633   0.18679   0.53332   0.00000   0.10028   0.20095   0.00000   0.04253   0.10981   0.40454   0.53845   0.57835   0.53656   0.58230   0.61746  
  6 155.1871   3772.167274  x:  0.34327   0.23078   0.16907   0.27481   0.16211   0.23604   0.12234   0.15642   0.26065   0.00000   0.00527   0.01867   0.24396   0.09149   0.12953   0.70535   0.05955   0.18117   0.54037   0.00000   0.09067   0.21462   0.00000   0.01982   0.10356   0.38954   0.54069   0.58308   0.53522   0.59628   0.62258  
  7 89.1663   3771.409353  x:  0.34404   0.23342   0.16996   0.26837   0.16271   0.23487   0.12327   0.15601   0.25311   0.00000   0.00536   0.02182   0.24244   0.10487   0.13024   0.71379   0.03914   0.17767   0.54273   0.00000   0.07962   0.22123   0.00000   0.03179   0.10650   0.37838   0.54331   0.58833   0.53368   0.61068   0.62813  
  8 68.2331   3770.361486  x:  0.34157   0.24375   0.17929   0.26259   0.16329   0.22879   0.15128   0.14906   0.23532   0.00000   0.00542   0.02742   0.22586   0.09678   0.15951   0.72330   0.02854   0.18626   0.53946   0.00000   0.07201   0.23090   0.00000   0.02849   0.10546   0.36449   0.55366   0.60816   0.52805   0.65893   0.64811  
  9 29.8963   3769.090576  x:  0.34592   0.24521   0.18004   0.25852   0.16059   0.22109   0.13248   0.14187   0.23204   0.00000   0.00532   0.02758   0.22208   0.10966   0.19278   0.72989   0.03149   0.19496   0.53151   0.00000   0.10053   0.23235   0.00000   0.03014   0.11104   0.36543   0.57419   0.64781   0.51806   0.74354   0.68608  
 10 33.5852   3766.702346  x:  0.35432   0.23199   0.16364   0.26418   0.15971   0.23895   0.11686   0.14717   0.26756   0.00000   0.00470   0.02490   0.24131   0.10035   0.20664   0.72191   0.03842   0.18708   0.51955   0.00000   0.06861   0.20699   0.00000   0.03021   0.10358   0.39072   0.61541   0.73159   0.49813   0.89741   0.76169  
 11 51.1223   3765.021251  x:  0.35158   0.23383   0.15613   0.26785   0.16274   0.25136   0.14097   0.15788   0.27325   0.00000   0.00407   0.00527   0.25182   0.09570   0.16431   0.70786   0.03658   0.17099   0.52650   0.00000   0.09070   0.17499   0.00000   0.03070   0.10343   0.39062   0.64108   0.79549   0.48352   0.98631   0.81213  
 12 52.2127   3763.332961  x:  0.34060   0.24395   0.16700   0.27529   0.16269   0.23911   0.13284   0.16797   0.26290   0.00000   0.00345   0.02718   0.24838   0.08901   0.10664   0.69866   0.06354   0.17430   0.54781   0.00000   0.09117   0.14483   0.00000   0.03237   0.09048   0.37124   0.66100   0.86222   0.46933   1.04832   0.85569  
 13 52.2912   3762.211158  x:  0.33299   0.23955   0.17598   0.28114   0.16409   0.23665   0.12429   0.16470   0.24860   0.00000   0.00311   0.00354   0.24469   0.09072   0.09140   0.69592   0.08348   0.17611   0.55931   0.00000   0.07827   0.14175   0.00000   0.03247   0.09875   0.36154   0.66742   0.90323   0.46288   1.05726   0.87354  
 14 31.3374   3750.522094  x:  0.43383   0.24487   0.20509   0.27192   0.17775   0.30786   0.10094   0.12015   0.19397   0.00000   0.00052   0.02650   0.23933   0.08060   0.10427   0.69552   0.10158   0.10890   0.59836   0.00000   0.08059   0.11113   0.00000   0.03238   0.09601   0.34732   0.68756   1.32447   0.41645   0.92204   0.98801  
 15 30.5970   3748.542614  x:  0.43948   0.25254   0.20049   0.26250   0.17800   0.30450   0.10018   0.12450   0.19847   0.00000   0.00012   0.02319   0.23995   0.07967   0.10438   0.70114   0.09455   0.12477   0.59802   0.00000   0.08003   0.10316   0.00000   0.03220   0.09636   0.35016   0.68851   1.38094   0.41112   0.90039   1.00130  
 16 122.7648   3746.491166  x:  0.47960   0.30136   0.18626   0.24593   0.17249   0.29458   0.10184   0.13493   0.20577   0.00000   0.00026   0.01603   0.23773   0.08128   0.08259   0.69439   0.09881   0.14661   0.58295   0.00000   0.07367   0.13982   0.00000   0.03023   0.10604   0.36877   0.69139   1.47052   0.40306   0.87094   1.02384  
 17 76.9901   3745.378970  x:  0.48414   0.31989   0.15881   0.27313   0.15610   0.26490   0.10201   0.14317   0.20781   0.00000   0.00023   0.00979   0.23664   0.07715   0.08409   0.71754   0.09953   0.12649   0.55824   0.00000   0.07163   0.13582   0.00000   0.03007   0.10568   0.35889   0.68799   1.51891   0.40707   0.85406   1.02948  
 18 17.3224   3740.217971  x:  0.48270   0.30737   0.11141   0.28599   0.15070   0.29874   0.10468   0.10692   0.17948   0.00000   0.00032   0.01942   0.25878   0.07485   0.06848   0.79632   0.09448   0.17767   0.49550   0.00000   0.07458   0.09338   0.00000   0.03102   0.10028   0.33956   0.66774   1.75828   0.45191   0.78844   1.04529  
 19 19.1439   3730.351009  x:  0.46897   0.31499   0.16253   0.27227   0.17321   0.30374   0.08988   0.13426   0.19585   0.00000   0.00042   0.00969   0.25210   0.06883   0.08672   0.86871   0.05851   0.19176   0.46165   0.00000   0.07947   0.01617   0.00000   0.03173   0.09263   0.34320   0.63341   2.12036   0.51832   0.69038   1.06229  
 20 129.7794   3729.372989  x:  0.46989   0.31304   0.14836   0.26328   0.16243   0.29327   0.09180   0.12747   0.19628   0.00000   0.00043   0.00940   0.25064   0.06758   0.09439   0.86639   0.05432   0.19157   0.48933   0.00000   0.07879   0.00803   0.00000   0.03173   0.09160   0.34958   0.62755   2.15843   0.52553   0.68282   1.05888  
 21 44.5531   3728.882497  x:  0.46728   0.31982   0.15224   0.28243   0.13899   0.30322   0.08678   0.13364   0.18973   0.00000   0.00044   0.00946   0.25240   0.06598   0.09952   0.85452   0.03939   0.20158   0.49970   0.00000   0.07953   0.00874   0.00000   0.03142   0.09164   0.35343   0.61678   2.16688   0.54217   0.69078   1.03451  
 22  7.9285   3724.491294  x:  0.49559   0.35110   0.11817   0.29927   0.19352   0.30099   0.07536   0.13537   0.20296   0.00000   0.00047   0.00491   0.25283   0.06544   0.12797   0.81677   0.02505   0.21680   0.54240   0.00000   0.07725   0.01054   0.00000   0.03067   0.09314   0.31519   0.49852   2.19820   0.71439   0.80420   0.73601  
 23 17.0949   3720.625401  x:  0.51373   0.34596   0.13341   0.26642   0.17642   0.27431   0.08589   0.12414   0.19468   0.00000   0.00045   0.00590   0.26243   0.06483   0.12199   0.85615   0.02786   0.20349   0.55912   0.00000   0.07403   0.01456   0.00000   0.02977   0.09488   0.35406   0.41997   2.21761   0.85002   0.89525   0.49420  
 24 94.4949   3719.404915  x:  0.53236   0.32901   0.12740   0.24376   0.14950   0.28170   0.08836   0.13817   0.21181   0.00000   0.00046   0.00235   0.22693   0.06737   0.12333   0.86696   0.03476   0.20374   0.56603   0.00000   0.07479   0.01645   0.00000   0.02976   0.09542   0.33648   0.44229   2.20957   0.88522   0.89578   0.47317  
 25 14.4520   3713.327026  x:  0.58679   0.31174   0.10738   0.21663   0.17095   0.21936   0.09979   0.16691   0.17552   0.00000   0.00052   0.00459   0.23911   0.06789   0.16419   0.89650   0.01035   0.21645   0.63983   0.00000   0.06834   0.02628   0.00000   0.02776   0.09858   0.36195   0.64918   2.12312   1.03596   0.81951   0.55223  
 26 20.7732   3710.903118  x:  0.57324   0.33973   0.11402   0.20295   0.16440   0.20903   0.09841   0.12382   0.20071   0.00000   0.00053   0.00226   0.24703   0.06655   0.17287   0.90502   0.00000   0.21129   0.65880   0.00000   0.06730   0.03037   0.00000   0.02695   0.10060   0.35786   0.70160   2.09095   1.07197   0.79457   0.58606  
 27 56.6120   3709.954832  x:  0.54285   0.37129   0.09800   0.18409   0.16482   0.23113   0.09260   0.13219   0.19458   0.00000   0.00052   0.00487   0.24427   0.06981   0.18491   0.92131   0.01057   0.19852   0.67080   0.00000   0.06619   0.03199   0.00000   0.02701   0.10238   0.36711   0.70228   2.06432   1.06679   0.78716   0.60708  
 28 21.3658   3706.293020  x:  0.55385   0.36927   0.09650   0.19376   0.17122   0.23500   0.09015   0.12596   0.19621   0.00000   0.00053   0.00572   0.21451   0.07237   0.18290   0.94094   0.00000   0.20271   0.67833   0.00000   0.06606   0.03300   0.00000   0.02650   0.10467   0.38473   0.63629   1.96954   0.96686   0.79205   0.65574  
 29 14.1505   3693.683976  x:  0.63441   0.35486   0.12681   0.16644   0.13003   0.23567   0.10601   0.15133   0.19914   0.00000   0.00062   0.00540   0.24792   0.08336   0.21871   0.98738   0.00188   0.22192   0.69160   0.00000   0.06199   0.03483   0.00000   0.02506   0.11601   0.35290   0.31864   1.49560   0.45040   0.81749   0.87480  
 30 228.6820   3691.659937  x:  0.63686   0.36035   0.12834   0.16924   0.13122   0.23939   0.10535   0.15079   0.19917   0.00000   0.00063   0.00594   0.24881   0.08459   0.22146   0.99244   0.00000   0.22366   0.69265   0.00000   0.06177   0.03457   0.00000   0.02489   0.11738   0.35176   0.33561   1.43845   0.38995   0.82407   0.86169  
 31 37.8332   3671.464796  x:  0.72406   0.42890   0.18801   0.18998   0.12327   0.25955   0.12496   0.15055   0.20358   0.00000   0.00062   0.01527   0.26263   0.10792   0.22081   1.05823   0.01933   0.22053   0.70505   0.00000   0.05419   0.03024   0.00000   0.02295   0.14344   0.33401   0.47534   0.39591   0.73903   1.03482   0.90864  
 32 15.4360   3647.642989  x:  0.89012   0.62388   0.28716   0.28785   0.14067   0.31029   0.17375   0.15403   0.23302   0.00000   0.00077   0.04212   0.27998   0.17508   0.29325   1.22928   0.00000   0.25051   0.77092   0.00000   0.03644   0.02358   0.00000   0.01572   0.20300   0.29962   0.69625   2.59405   1.35794   0.80886   0.70023  
 33  6.5324   3647.642989  x:  0.89012   0.62388   0.28716   0.28785   0.14067   0.31029   0.17375   0.15403   0.23302   0.00000   0.00077   0.04212   0.27998   0.17508   0.29325   1.22928   0.00000   0.25051   0.77092   0.00000   0.03644   0.02358   0.00000   0.01572   0.20300   0.29962   0.69625   2.59405   1.35794   0.80886   0.70023  
 34  0.4791   3646.090691  x:  0.89013   0.62380   0.28704   0.28815   0.14076   0.31033   0.17380   0.15400   0.23332   0.00000   0.00906   0.04183   0.28002   0.17501   0.29314   1.22971   0.00006   0.25055   0.77128   0.00000   0.03712   0.02355   0.00000   0.01621   0.20273   0.29970   0.69621   2.59404   1.35791   0.80887   0.70024  
 35 1185.3944   3637.464649  x:  0.89193   0.61352   0.26984   0.33063   0.15439   0.31630   0.18101   0.14993   0.27621   0.00000   0.00849   0.00000   0.28466   0.16549   0.27621   1.29196   0.01475   0.25518   0.82353   0.00000   0.13212   0.01957   0.00000   0.08164   0.16379   0.31147   0.69087   2.59249   1.35372   0.81041   0.70141  
 36 168.3647   3625.081287  x:  0.89525   0.59532   0.23880   0.39533   0.16978   0.32279   0.19044   0.14492   0.33868   0.00000   0.00870   0.00000   0.29232   0.15663   0.24236   1.39772   0.02933   0.25957   0.90917   0.00000   0.14072   0.00295   0.00000   0.04353   0.10936   0.32353   0.68112   2.58968   1.34604   0.81289   0.70320  
 37 167.5616   3619.756903  x:  0.89746   0.58330   0.21828   0.43777   0.17961   0.32696   0.19647   0.14154   0.37922   0.00000   0.00884   0.00000   0.29727   0.15099   0.21980   1.46768   0.03862   0.26228   0.96567   0.00000   0.14520   0.01317   0.00000   0.01871   0.07497   0.33115   0.67464   2.58781   1.34092   0.81452   0.70438  
 38 3333.7010   3604.522885  x:  0.90687   0.54118   0.14641   0.56935   0.19263   0.33428   0.20513   0.12545   0.47918   0.00000   0.00891   0.00000   0.30817   0.14654   0.12747   1.72229   0.04982   0.26011   1.16161   0.00000   0.06054   0.02092   0.00000   0.06731   0.12630   0.33491   0.64863   2.58036   1.32039   0.81993   0.70742  
 39 246.2402   3599.393687  x:  0.91553   0.53568   0.14532   0.59811   0.16741   0.32550   0.18856   0.11664   0.45190   0.00000   0.00888   0.00000   0.29848   0.16646   0.09013   1.84968   0.03690   0.24618   1.24046   0.00000   0.09943   0.02029   0.00000   0.02969   0.18873   0.31042   0.63083   2.57516   1.30594   0.82088   0.70529  
 40 100.7425   3593.015787  x:  0.93677   0.56116   0.21670   0.60224   0.12289   0.30457   0.16589   0.13074   0.31494   0.00000   0.00881   0.00000   0.26971   0.18814   0.09448   2.07969   0.02710   0.22997   1.34954   0.00000   0.08453   0.01966   0.00000   0.04426   0.15241   0.30653   0.59015   2.56288   1.27140   0.81880   0.69405  
 41 78.7520   3591.422985  x:  0.94366   0.57272   0.23834   0.57352   0.16151   0.31262   0.19325   0.14752   0.28223   0.00000   0.00874   0.00000   0.27737   0.17067   0.11534   2.16756   0.01377   0.22662   1.36636   0.00000   0.08814   0.01971   0.00000   0.03790   0.16690   0.32901   0.56631   2.55553   1.25012   0.81488   0.68403  
 42 47.9744   3590.507121  x:  0.94598   0.57481   0.24084   0.54754   0.16300   0.31579   0.19268   0.14094   0.28809   0.00000   0.00866   0.00000   0.28437   0.16353   0.12653   2.20552   0.00000   0.22530   1.36146   0.00000   0.08792   0.01968   0.00000   0.03850   0.16535   0.32310   0.55157   2.55089   1.23671   0.81146   0.67679  
 43 36.9390   3589.385168  x:  0.95127   0.57187   0.23156   0.49601   0.15836   0.31492   0.18002   0.14747   0.31341   0.00000   0.00842   0.00000   0.28311   0.19483   0.16836   2.30259   0.00000   0.24314   1.33048   0.00000   0.08937   0.01980   0.00000   0.03865   0.16656   0.34734   0.50662   2.53542   1.19177   0.79918   0.65388  
 44 49.8367   3588.546662  x:  0.95694   0.54690   0.19225   0.48585   0.15370   0.31381   0.19051   0.16403   0.30489   0.00000   0.00816   0.00000   0.25102   0.18536   0.17214   2.37589   0.00000   0.24458   1.27176   0.00000   0.09002   0.01938   0.00000   0.04141   0.15605   0.34665   0.45904   2.51504   1.13157   0.78214   0.62798  
 45 23.5481   3587.758900  x:  0.97319   0.52935   0.18984   0.52387   0.15144   0.31361   0.18301   0.15248   0.28985   0.00000   0.00786   0.00000   0.28386   0.17660   0.16412   2.44467   0.00000   0.24351   1.19084   0.00000   0.08997   0.01909   0.00000   0.04296   0.14937   0.36368   0.40967   2.48353   1.03809   0.75661   0.59820  
 46 22.5130   3587.202218  x:  0.99418   0.53365   0.22932   0.55759   0.16545   0.32228   0.18682   0.15355   0.30696   0.00000   0.00763   0.00000   0.27144   0.18267   0.15567   2.48814   0.00000   0.24611   1.13952   0.00000   0.08783   0.01924   0.00000   0.04456   0.14713   0.34727   0.38517   2.45102   0.94037   0.73292   0.58198  
 47 22.6338   3586.588638  x:  1.01921   0.54463   0.24585   0.55561   0.14731   0.32117   0.19327   0.14539   0.32000   0.00000   0.00741   0.00000   0.25665   0.16224   0.13676   2.51247   0.00000   0.25235   1.13070   0.00000   0.08761   0.01918   0.00000   0.04379   0.14749   0.37350   0.39015   2.39673   0.77614   0.70271   0.58925  
 48 14.6323   3585.298748  x:  1.05297   0.55017   0.23919   0.54201   0.15587   0.32635   0.19352   0.15100   0.31855   0.00000   0.00703   0.00000   0.26725   0.17064   0.11219   2.54385   0.00000   0.25747   1.13706   0.00000   0.08536   0.01880   0.00000   0.04757   0.13389   0.37518   0.40298   2.29299   0.46329   0.65115   0.61059  
 49 61.7829   3585.059804  x:  1.05223   0.54843   0.23546   0.55114   0.15522   0.33550   0.18709   0.14765   0.31656   0.00000   0.00698   0.00000   0.26464   0.16263   0.13274   2.54834   0.00000   0.26141   1.14390   0.00000   0.08515   0.01880   0.00000   0.04628   0.13612   0.37207   0.40224   2.26591   0.39454   0.64323   0.61522  
 50 27.2720   3584.952458  x:  1.04014   0.54615   0.23779   0.55263   0.14795   0.34429   0.19531   0.14650   0.31921   0.00000   0.00699   0.00000   0.26519   0.16814   0.13698   2.54924   0.00000   0.24290   1.14822   0.00000   0.08464   0.01881   0.00000   0.04602   0.13619   0.37494   0.39498   2.24083   0.37721   0.64640   0.61486  
 51  4.8032   3584.700947  x:  1.01010   0.54081   0.24627   0.54960   0.15474   0.33462   0.17856   0.15281   0.32546   0.00000   0.00706   0.00000   0.26215   0.16234   0.13048   2.55396   0.00000   0.22682   1.15797   0.00000   0.08317   0.01882   0.00000   0.04471   0.13764   0.37921   0.37958   2.16462   0.36254   0.65998   0.61097  
 52  7.2714   3583.790113  x:  0.93213   0.52362   0.26248   0.54128   0.15434   0.32023   0.19653   0.13312   0.32483   0.00000   0.00730   0.00000   0.26705   0.16530   0.10957   2.58271   0.00000   0.26655   1.18922   0.00000   0.07771   0.01874   0.00000   0.03998   0.14119   0.36802   0.35336   1.86321   0.34669   0.70706   0.59394  
 53 22.0688   3581.752262  x:  0.90061   0.52172   0.25225   0.53337   0.13563   0.38346   0.17365   0.16241   0.33172   0.00000   0.00772   0.00000   0.28778   0.15427   0.09250   2.67837   0.00000   0.28016   1.23118   0.00000   0.06669   0.01851   0.00000   0.02916   0.14894   0.35021   0.40674   1.17964   0.37372   0.77908   0.55548  
 54 40.4929   3580.547574  x:  0.91217   0.53063   0.22978   0.53780   0.15244   0.36264   0.17457   0.13078   0.33474   0.00000   0.00790   0.00000   0.28203   0.16183   0.11082   2.73212   0.00000   0.25330   1.25564   0.00000   0.05932   0.01835   0.00000   0.02409   0.15040   0.34295   0.44258   0.79674   0.39679   0.80863   0.54134  
 55 82.6938   3580.437498  x:  0.91784   0.53390   0.22862   0.54089   0.14611   0.34974   0.18106   0.14177   0.33923   0.00000   0.00788   0.00000   0.28965   0.15835   0.11841   2.73553   0.00000   0.25108   1.26209   0.00000   0.05918   0.01838   0.00000   0.02361   0.15122   0.33700   0.43751   0.76381   0.40183   0.80653   0.54710  
 56 10.6171   3580.207161  x:  0.94037   0.53991   0.22497   0.54036   0.14965   0.36064   0.17815   0.14010   0.33917   0.00000   0.00764   0.00000   0.28982   0.15627   0.12104   2.73290   0.00000   0.25091   1.29047   0.00000   0.05794   0.01822   0.00000   0.02450   0.14625   0.33793   0.38861   0.73414   0.42728   0.77960   0.58863  
 57  4.1665   3580.031000  x:  0.94280   0.49788   0.23872   0.53619   0.15265   0.35711   0.17993   0.13864   0.34066   0.00000   0.00743   0.00000   0.29130   0.15480   0.13171   2.74192   0.00000   0.24436   1.30963   0.00000   0.05749   0.01813   0.00000   0.02530   0.14252   0.33905   0.39824   0.78147   0.44604   0.74913   0.59905  
 58  2.3980   3579.704005  x:  0.91833   0.54232   0.21754   0.54378   0.15705   0.34887   0.18213   0.13519   0.34200   0.00000   0.00720   0.00000   0.29366   0.15475   0.14082   2.76501   0.00000   0.23492   1.33276   0.00000   0.05683   0.01804   0.00000   0.02599   0.13780   0.33389   0.41658   0.93982   0.47088   0.70070   0.58274  
 59  4.4025   3579.563666  x:  0.96952   0.53849   0.21120   0.54085   0.15617   0.34488   0.18130   0.13283   0.34352   0.00000   0.00744   0.00000   0.29373   0.15775   0.14114   2.76731   0.00000   0.23202   1.33668   0.00000   0.05729   0.01820   0.00000   0.02397   0.14220   0.33123   0.39553   1.01855   0.46581   0.72452   0.58088  
 60  2.1408   3579.454188  x:  0.96811   0.54279   0.20686   0.54300   0.15812   0.34262   0.18116   0.13112   0.34461   0.00000   0.00735   0.00000   0.29422   0.15981   0.14112   2.80847   0.00000   0.22971   1.31407   0.00000   0.05974   0.01828   0.00000   0.02493   0.13977   0.33000   0.41609   1.02304   0.45959   0.74980   0.64491  
 61  0.6050   3579.171324  x:  0.99504   0.54159   0.20050   0.53498   0.16079   0.34160   0.17917   0.13047   0.34630   0.00000   0.00700   0.00000   0.29597   0.16385   0.13687   2.86260   0.00000   0.22788   1.34846   0.00000   0.06748   0.01859   0.00000   0.02812   0.13230   0.33194   0.42589   0.95245   0.44751   0.67050   0.59651  
 62  0.7777   3579.158842  x:  0.99228   0.54053   0.20051   0.53512   0.15991   0.34126   0.17837   0.13008   0.34637   0.00000   0.00710   0.00000   0.29556   0.16475   0.13574   2.87018   0.00000   0.22789   1.34411   0.00000   0.06776   0.01869   0.00000   0.02730   0.13444   0.33121   0.42600   0.94965   0.44916   0.64716   0.60438  
 63  0.4395   3579.052259  x:  0.99296   0.54026   0.20577   0.54616   0.15466   0.34423   0.17703   0.13057   0.34992   0.00000   0.00703   0.00000   0.29065   0.16312   0.13683   2.97731   0.00000   0.22825   1.34307   0.00000   0.06879   0.01946   0.00000   0.02589   0.13644   0.33485   0.42245   0.93820   0.46213   0.65224   0.59248  
 64  0.1129   3579.034020  x:  0.99474   0.53962   0.20531   0.54550   0.15554   0.34352   0.17841   0.13160   0.34978   0.00000   0.00709   0.00000   0.29134   0.16361   0.13293   3.00923   0.00000   0.23032   1.34529   0.00000   0.06653   0.01991   0.00000   0.02675   0.13622   0.33290   0.41834   0.93873   0.45468   0.64083   0.59146  
 65  0.0350   3579.030197  x:  0.99161   0.53907   0.20524   0.54333   0.15659   0.34319   0.17869   0.13070   0.34878   0.00000   0.00717   0.00000   0.29208   0.16294   0.13418   3.01674   0.00000   0.22951   1.34827   0.00000   0.06720   0.02025   0.00000   0.02654   0.13639   0.33311   0.41456   0.94299   0.45473   0.63762   0.58952  
 66  0.0081   3579.027605  x:  0.99155   0.53884   0.20575   0.54440   0.15617   0.34356   0.17778   0.13104   0.34857   0.00000   0.00739   0.00000   0.29214   0.16327   0.13433   3.01358   0.00000   0.22932   1.34886   0.00000   0.06698   0.02087   0.00000   0.02656   0.13626   0.33395   0.41603   0.94733   0.45191   0.63774   0.59099  
 67  0.0021   3579.026860  x:  0.99170   0.53904   0.20540   0.54439   0.15628   0.34350   0.17853   0.13096   0.34875   0.00000   0.00746   0.00000   0.29182   0.16312   0.13421   3.01007   0.00000   0.22952   1.34796   0.00000   0.06702   0.02107   0.00000   0.02644   0.13597   0.33325   0.41672   0.94446   0.45359   0.63973   0.59021  
 68  0.0039   3579.026810  x:  0.99207   0.53919   0.20539   0.54405   0.15632   0.34337   0.17846   0.13101   0.34888   0.00000   0.00746   0.00000   0.29192   0.16309   0.13416   3.00996   0.00000   0.22959   1.34761   0.00000   0.06698   0.02110   0.00000   0.02642   0.13594   0.33341   0.41630   0.94339   0.45413   0.63958   0.59043  
 69  0.0012   3579.026806  x:  0.99221   0.53919   0.20538   0.54409   0.15632   0.34344   0.17842   0.13100   0.34887   0.00000   0.00746   0.00000   0.29193   0.16312   0.13421   3.01004   0.00000   0.22959   1.34754   0.00000   0.06698   0.02111   0.00000   0.02642   0.13596   0.33336   0.41615   0.94312   0.45419   0.63954   0.59047  
 70  0.0002   3579.026801  x:  0.99224   0.53919   0.20540   0.54414   0.15632   0.34341   0.17846   0.13099   0.34884   0.00000   0.00744   0.00000   0.29193   0.16311   0.13418   3.00996   0.00000   0.22956   1.34760   0.00000   0.06697   0.02112   0.00000   0.02641   0.13597   0.33338   0.41618   0.94303   0.45411   0.63955   0.59051  
 71  0.0001   3579.026800  x:  0.99216   0.53919   0.20538   0.54409   0.15631   0.34340   0.17844   0.13100   0.34885   0.00000   0.00744   0.00000   0.29192   0.16311   0.13419   3.00986   0.00000   0.22958   1.34758   0.00000   0.06698   0.02113   0.00000   0.02642   0.13597   0.33338   0.41622   0.94319   0.45413   0.63961   0.59046  
 72  0.0002   3579.026800  x:  0.99215   0.53919   0.20539   0.54409   0.15631   0.34341   0.17844   0.13100   0.34886   0.00000   0.00744   0.00000   0.29192   0.16311   0.13419   3.00987   0.00000   0.22958   1.34757   0.00000   0.06698   0.02113   0.00000   0.02642   0.13596   0.33338   0.41623   0.94322   0.45413   0.63959   0.59047  
 73  0.0000   3579.026800  x:  0.99215   0.53919   0.20539   0.54409   0.15631   0.34341   0.17844   0.13100   0.34886   0.00000   0.00744   0.00000   0.29192   0.16311   0.13419   3.00987   0.00000   0.22958   1.34757   0.00000   0.06698   0.02113   0.00000   0.02642   0.13597   0.33338   0.41623   0.94323   0.45413   0.63959   0.59047  
 74  0.0000   3579.026800  x:  0.99215   0.53919   0.20539   0.54409   0.15631   0.34341   0.17844   0.13100   0.34886   0.00000   0.00744   0.00000   0.29192   0.16311   0.13419   3.00987   0.00000   0.22958   1.34757   0.00000   0.06698   0.02113   0.00000   0.02642   0.13596   0.33338   0.41623   0.94323   0.45413   0.63959   0.59047  
 75  0.0000   3579.026800  x:  0.99215   0.53919   0.20539   0.54409   0.15631   0.34341   0.17844   0.13100   0.34886   0.00000   0.00744   0.00000   0.29192   0.16311   0.13419   3.00987   0.00000   0.22958   1.34757   0.00000   0.06698   0.02113   0.00000   0.02642   0.13596   0.33338   0.41623   0.94323   0.45413   0.63959   0.59047  