CODONML (in paml version 4.9f, October 2017)  upto_Phalacrocorax_carbo.aln
Model: several dN/dS ratios for branches for branches,  kappa = 1.000 fixed

Codon frequency model: F3x4
ns =  85  ls = 142

Codon usage in sequences
--------------------------------------------------------------------------------------------------------------------------------------
Phe TTT   2   1   2   2   2   4 | Ser TCT   2   3   1   2   2   2 | Tyr TAT   3   4   3   3   2   4 | Cys TGT   1   3   4   3   4   3
    TTC   2   3   3   4   3   2 |     TCC   2   1   0   0   0   1 |     TAC   2   2   2   1   3   1 |     TGC   4   1   3   2   3   2
Leu TTA   2   2   2   2   2   1 |     TCA   2   2   2   2   2   2 | *** TAA   0   0   0   0   0   0 | *** TGA   0   0   0   0   0   0
    TTG   3   4   2   1   3   2 |     TCG   0   0   0   0   0   0 |     TAG   0   0   0   0   0   0 | Trp TGG   1   2   0   1   1   2
--------------------------------------------------------------------------------------------------------------------------------------
Leu CTT   2   2   3   3   4   1 | Pro CCT   3   2   3   2   2   1 | His CAT   4   2   3   2   2   1 | Arg CGT   0   0   1   1   0   1
    CTC   0   0   0   0   0   0 |     CCC   0   0   0   0   0   1 |     CAC   1   3   2   3   1   4 |     CGC   0   1   0   1   1   0
    CTA   1   1   1   1   2   1 |     CCA   0   1   2   2   1   2 | Gln CAA   2   4   6   5   4   4 |     CGA   0   0   0   0   0   0
    CTG  11   8   9   9   9   7 |     CCG   0   1   1   1   1   0 |     CAG   9   7   6   5   7   7 |     CGG   0   1   0   0   0   0
--------------------------------------------------------------------------------------------------------------------------------------
Ile ATT   2   3   3   2   2   2 | Thr ACT   1   0   0   0   0   0 | Asn AAT   4   6   4   4   4   4 | Ser AGT   3   1   2   3   1   4
    ATC   1   1   1   1   1   1 |     ACC   1   1   1   1   1   1 |     AAC   3   3   3   3   3   3 |     AGC   3   4   2   1   2   2
    ATA   2   2   1   1   1   2 |     ACA   6   3   3   2   3   3 | Lys AAA   3   3   2   2   2   3 | Arg AGA   1   2   3   4   4   2
Met ATG   8   7   8   8   8   7 |     ACG   0   0   0   0   0   0 |     AAG   5   4   4   4   4   4 |     AGG   3   1   2   1   2   1
--------------------------------------------------------------------------------------------------------------------------------------
Val GTT   2   1   1   3   1   2 | Ala GCT   4   3   5   4   5   2 | Asp GAT   4   2   3   3   4   4 | Gly GGT   2   2   2   1   2   1
    GTC   2   3   2   2   2   3 |     GCC   5   3   3   4   3   2 |     GAC   2   3   4   3   4   1 |     GGC   0   1   2   1   1   1
    GTA   1   1   1   1   1   1 |     GCA   0   1   1   1   1   1 | Glu GAA   3   4   4   5   5   5 |     GGA   4   3   4   4   4   4
    GTG   4   5   4   5   5   5 |     GCG   0   0   1   0   0   1 |     GAG   1   1   1   2   1   1 |     GGG   0   2   1   1   1   2
--------------------------------------------------------------------------------------------------------------------------------------

--------------------------------------------------------------------------------------------------------------------------------------
Phe TTT   3   3   3   2   2   2 | Ser TCT   1   1   1   2   2   3 | Tyr TAT   4   4   4   3   3   3 | Cys TGT   3   4   3   2   3   1
    TTC   2   2   1   2   2   2 |     TCC   1   1   1   2   2   1 |     TAC   1   1   1   2   3   2 |     TGC   2   2   2   3   2   3
Leu TTA   1   2   1   2   2   2 |     TCA   2   2   2   2   2   2 | *** TAA   0   0   0   0   0   0 | *** TGA   0   0   0   0   0   0
    TTG   2   2   2   2   3   2 |     TCG   0   0   0   0   0   0 |     TAG   0   0   0   0   0   0 | Trp TGG   2   2   1   1   1   0
--------------------------------------------------------------------------------------------------------------------------------------
Leu CTT   2   3   2   3   2   1 | Pro CCT   2   3   3   2   3   2 | His CAT   1   2   1   1   2   4 | Arg CGT   1   0   1   2   1   0
    CTC   0   0   0   0   0   0 |     CCC   1   0   0   1   0   0 |     CAC   4   3   4   1   2   4 |     CGC   0   0   0   0   0   0
    CTA   1   1   1   2   3   1 |     CCA   2   2   2   1   1   3 | Gln CAA   3   4   4   3   4   3 |     CGA   0   0   0   0   0   0
    CTG   7   7   7   8   9   7 |     CCG   0   0   0   0   0   1 |     CAG   8   7   7   6   6   6 |     CGG   0   0   0   2   0   1
--------------------------------------------------------------------------------------------------------------------------------------
Ile ATT   3   3   3   2   3   3 | Thr ACT   0   0   0   0   0   1 | Asn AAT   3   4   3   4   4   2 | Ser AGT   3   2   3   1   3   3
    ATC   2   2   2   1   1   1 |     ACC   1   1   1   1   1   1 |     AAC   3   2   3   4   4   4 |     AGC   3   3   2   3   0   3
    ATA   2   2   2   1   1   2 |     ACA   3   3   3   3   4   4 | Lys AAA   1   1   1   3   2   1 | Arg AGA   2   3   3   3   4   2
Met ATG   7   7   7   9   8   7 |     ACG   0   0   0   0   0   0 |     AAG   5   5   5   3   4   3 |     AGG   1   1   1   1   2   1
--------------------------------------------------------------------------------------------------------------------------------------
Val GTT   1   1   1   1   1   3 | Ala GCT   3   3   3   4   4   2 | Asp GAT   5   5   5   4   4   5 | Gly GGT   1   1   1   3   4   2
    GTC   2   2   2   3   3   3 |     GCC   2   2   1   4   4   4 |     GAC   1   1   1   3   1   0 |     GGC   1   1   1   1   1   1
    GTA   1   1   1   0   2   1 |     GCA   1   1   3   1   0   1 | Glu GAA   5   6   6   4   3   4 |     GGA   4   3   3   4   3   3
    GTG   6   6   5   6   3   6 |     GCG   0   1   0   0   1   0 |     GAG   1   0   1   1   1   0 |     GGG   2   1   2   2   2   3
--------------------------------------------------------------------------------------------------------------------------------------

--------------------------------------------------------------------------------------------------------------------------------------
Phe TTT   1   1   1   1   1   1 | Ser TCT   2   2   1   1   2   2 | Tyr TAT   4   3   4   2   2   2 | Cys TGT   0   0   0   0   0   0
    TTC   2   2   2   2   2   2 |     TCC   2   2   3   2   2   2 |     TAC   2   3   2   4   4   4 |     TGC   3   3   3   3   3   3
Leu TTA   1   2   1   3   0   0 |     TCA   2   2   1   2   2   1 | *** TAA   0   0   0   0   0   0 | *** TGA   0   0   0   0   0   0
    TTG   3   2   3   0   2   3 |     TCG   0   0   1   0   0   1 |     TAG   0   0   0   0   0   0 | Trp TGG   1   1   1   1   1   1
--------------------------------------------------------------------------------------------------------------------------------------
Leu CTT   2   3   3   2   4   4 | Pro CCT   0   2   1   2   2   2 | His CAT   0   0   0   2   0   0 | Arg CGT   2   2   1   1   1   1
    CTC   2   1   1   2   1   1 |     CCC   2   0   2   2   1   1 |     CAC   3   3   3   2   3   3 |     CGC   0   0   0   1   1   1
    CTA   1   0   1   1   2   2 |     CCA   3   4   2   1   2   2 | Gln CAA   5   5   5   4   5   5 |     CGA   1   1   2   1   1   1
    CTG   6   7   6   7   7   6 |     CCG   2   1   2   2   1   1 |     CAG   7   7   7   8   7   7 |     CGG   1   1   1   1   1   1
--------------------------------------------------------------------------------------------------------------------------------------
Ile ATT   2   2   2   3   1   2 | Thr ACT   0   0   0   0   1   0 | Asn AAT   3   3   3   3   5   4 | Ser AGT   3   2   2   2   2   3
    ATC   3   3   3   2   3   3 |     ACC   2   2   2   2   2   2 |     AAC   4   4   4   3   2   3 |     AGC   2   3   3   3   3   2
    ATA   1   1   1   1   1   1 |     ACA   2   2   2   3   3   3 | Lys AAA   3   4   3   4   5   5 | Arg AGA   2   2   2   2   1   1
Met ATG   7   6   6   7   6   6 |     ACG   1   1   1   0   0   0 |     AAG   3   2   3   2   2   2 |     AGG   1   1   1   1   1   1
--------------------------------------------------------------------------------------------------------------------------------------
Val GTT   3   3   3   3   3   3 | Ala GCT   3   2   3   4   3   3 | Asp GAT   2   4   4   4   4   4 | Gly GGT   3   5   3   3   4   3
    GTC   1   1   1   1   1   1 |     GCC   4   4   4   4   4   4 |     GAC   4   2   2   2   2   2 |     GGC   2   1   3   2   2   2
    GTA   1   1   1   1   2   2 |     GCA   1   1   2   1   1   1 | Glu GAA   4   4   3   4   4   4 |     GGA   3   3   3   3   4   5
    GTG   3   4   4   3   3   3 |     GCG   1   1   0   1   1   1 |     GAG   2   2   2   2   2   2 |     GGG   3   3   3   3   1   1
--------------------------------------------------------------------------------------------------------------------------------------

--------------------------------------------------------------------------------------------------------------------------------------
Phe TTT   1   1   1   1   1   1 | Ser TCT   2   2   2   2   2   4 | Tyr TAT   2   2   2   2   2   1 | Cys TGT   0   0   0   0   0   1
    TTC   2   2   2   2   3   2 |     TCC   2   2   2   2   2   0 |     TAC   4   4   4   4   4   5 |     TGC   2   3   2   2   3   3
Leu TTA   0   0   0   0   1   1 |     TCA   1   1   1   2   1   1 | *** TAA   0   0   0   0   0   0 | *** TGA   0   0   0   0   0   0
    TTG   2   2   2   2   2   3 |     TCG   1   1   1   0   1   1 |     TAG   0   0   0   0   0   0 | Trp TGG   1   1   1   1   1   1
--------------------------------------------------------------------------------------------------------------------------------------
Leu CTT   4   4   4   4   3   2 | Pro CCT   2   1   2   2   3   1 | His CAT   0   0   0   0   0   0 | Arg CGT   1   2   1   1   1   2
    CTC   1   1   1   1   1   1 |     CCC   1   1   1   1   2   2 |     CAC   3   3   3   3   2   3 |     CGC   2   0   2   2   1   1
    CTA   2   2   2   2   2   2 |     CCA   2   3   2   2   1   2 | Gln CAA   5   6   5   5   5   3 |     CGA   1   1   1   1   1   0
    CTG   7   7   7   7   6   6 |     CCG   1   1   1   1   2   1 |     CAG   7   6   7   7   7   7 |     CGG   1   1   1   1   1   2
--------------------------------------------------------------------------------------------------------------------------------------
Ile ATT   2   2   2   2   1   2 | Thr ACT   0   1   0   0   0   1 | Asn AAT   4   3   4   4   4   3 | Ser AGT   3   3   3   3   3   2
    ATC   3   3   3   3   3   2 |     ACC   2   2   2   2   2   2 |     AAC   3   3   3   3   3   3 |     AGC   2   2   2   2   2   4
    ATA   1   1   1   1   1   1 |     ACA   3   3   3   3   3   3 | Lys AAA   5   5   5   5   5   4 | Arg AGA   1   1   1   1   1   2
Met ATG   6   6   6   6   6   6 |     ACG   0   0   0   0   0   0 |     AAG   2   2   2   2   2   3 |     AGG   1   1   1   1   1   1
--------------------------------------------------------------------------------------------------------------------------------------
Val GTT   3   3   3   3   3   4 | Ala GCT   3   3   3   3   3   3 | Asp GAT   4   4   4   4   4   4 | Gly GGT   3   3   3   3   4   2
    GTC   1   1   1   1   1   2 |     GCC   4   4   4   4   4   4 |     GAC   2   2   2   2   2   2 |     GGC   2   2   2   2   2   2
    GTA   2   2   2   2   2   0 |     GCA   1   1   1   1   1   1 | Glu GAA   4   4   4   4   4   4 |     GGA   4   4   4   4   4   4
    GTG   2   2   3   3   3   4 |     GCG   2   2   1   1   1   1 |     GAG   2   2   2   2   2   2 |     GGG   2   2   2   2   1   2
--------------------------------------------------------------------------------------------------------------------------------------

--------------------------------------------------------------------------------------------------------------------------------------
Phe TTT   1   2   1   1   1   1 | Ser TCT   3   3   2   3   3   3 | Tyr TAT   1   2   2   2   3   2 | Cys TGT   1   2   0   0   0   0
    TTC   2   2   2   2   3   2 |     TCC   2   2   2   1   1   1 |     TAC   4   4   4   4   3   4 |     TGC   3   1   3   4   2   3
Leu TTA   1   1   1   1   1   1 |     TCA   0   1   1   1   1   1 | *** TAA   0   0   0   0   0   0 | *** TGA   0   0   0   0   0   0
    TTG   2   3   3   3   2   2 |     TCG   2   1   1   1   0   1 |     TAG   0   0   0   0   0   0 | Trp TGG   1   1   1   1   1   1
--------------------------------------------------------------------------------------------------------------------------------------
Leu CTT   3   3   4   3   3   3 | Pro CCT   1   3   2   1   3   2 | His CAT   0   0   0   1   2   1 | Arg CGT   1   1   1   0   0   1
    CTC   1   1   0   1   1   0 |     CCC   1   1   1   3   1   2 |     CAC   3   2   2   3   3   2 |     CGC   2   3   2   1   1   1
    CTA   1   1   1   1   2   1 |     CCA   2   2   3   2   3   1 | Gln CAA   3   5   5   6   3   5 |     CGA   1   0   2   0   1   0
    CTG   7   6   6   7   6   8 |     CCG   1   0   1   1   0   2 |     CAG   8   6   6   5   6   8 |     CGG   2   2   2   2   2   1
--------------------------------------------------------------------------------------------------------------------------------------
Ile ATT   2   3   2   3   3   3 | Thr ACT   1   1   0   0   0   0 | Asn AAT   4   4   3   3   4   4 | Ser AGT   1   2   5   3   2   1
    ATC   2   1   2   2   2   2 |     ACC   2   2   3   2   2   2 |     AAC   2   3   3   3   3   3 |     AGC   4   3   1   3   3   5
    ATA   1   1   1   1   1   1 |     ACA   3   3   3   2   3   3 | Lys AAA   3   5   4   4   4   4 | Arg AGA   1   1   2   2   2   2
Met ATG   6   5   6   6   6   6 |     ACG   0   1   0   1   0   0 |     AAG   3   2   2   2   2   2 |     AGG   1   1   0   1   1   1
--------------------------------------------------------------------------------------------------------------------------------------
Val GTT   4   3   3   3   4   3 | Ala GCT   3   4   2   3   4   3 | Asp GAT   4   4   4   3   4   4 | Gly GGT   3   2   4   4   3   3
    GTC   2   2   1   2   3   1 |     GCC   4   4   5   3   3   4 |     GAC   3   2   2   3   2   2 |     GGC   3   2   2   3   1   2
    GTA   0   0   1   0   0   0 |     GCA   1   0   2   0   2   2 | Glu GAA   3   4   3   3   3   4 |     GGA   3   3   2   2   3   3
    GTG   4   4   4   5   3   5 |     GCG   1   2   0   2   0   0 |     GAG   3   2   3   2   2   2 |     GGG   2   2   3   2   3   2
--------------------------------------------------------------------------------------------------------------------------------------

--------------------------------------------------------------------------------------------------------------------------------------
Phe TTT   1   1   1   0   1   1 | Ser TCT   3   3   3   3   3   1 | Tyr TAT   2   2   2   2   2   2 | Cys TGT   0   0   0   0   0   0
    TTC   2   2   2   3   2   1 |     TCC   1   1   1   1   1   3 |     TAC   4   4   3   4   4   3 |     TGC   3   3   3   3   3   4
Leu TTA   1   1   1   1   1   1 |     TCA   1   1   0   0   0   2 | *** TAA   0   0   0   0   0   0 | *** TGA   0   0   0   0   0   0
    TTG   2   2   4   3   3   3 |     TCG   1   1   2   2   2   0 |     TAG   0   0   0   0   0   0 | Trp TGG   1   1   1   1   1   1
--------------------------------------------------------------------------------------------------------------------------------------
Leu CTT   3   3   2   3   3   4 | Pro CCT   2   2   1   2   2   2 | His CAT   1   1   0   0   0   1 | Arg CGT   1   1   1   1   1   1
    CTC   1   1   1   1   1   2 |     CCC   2   2   2   2   2   2 |     CAC   2   2   3   2   2   3 |     CGC   1   1   2   2   2   1
    CTA   1   1   2   1   1   1 |     CCA   1   2   3   2   2   1 | Gln CAA   5   5   5   5   5   6 |     CGA   0   0   1   0   0   0
    CTG   7   7   5   7   7   5 |     CCG   2   1   0   0   0   1 |     CAG   8   8   8   8   8   6 |     CGG   1   1   1   1   1   0
--------------------------------------------------------------------------------------------------------------------------------------
Ile ATT   3   2   3   2   2   3 | Thr ACT   0   0   0   1   1   2 | Asn AAT   4   4   4   4   4   2 | Ser AGT   1   1   2   2   1   0
    ATC   2   2   2   3   3   3 |     ACC   2   2   2   2   2   3 |     AAC   3   3   3   2   2   5 |     AGC   4   4   3   4   5   4
    ATA   1   2   1   1   1   0 |     ACA   3   3   3   3   3   2 | Lys AAA   4   4   2   4   4   5 | Arg AGA   2   2   2   2   2   2
Met ATG   6   6   6   7   7   6 |     ACG   0   0   0   0   0   0 |     AAG   2   2   2   2   2   2 |     AGG   1   1   1   1   1   1
--------------------------------------------------------------------------------------------------------------------------------------
Val GTT   3   3   3   2   2   1 | Ala GCT   3   3   4   3   3   3 | Asp GAT   4   4   4   4   4   3 | Gly GGT   3   3   3   2   2   3
    GTC   1   1   2   2   2   3 |     GCC   4   3   4   4   4   4 |     GAC   2   2   2   2   2   2 |     GGC   3   3   2   3   3   3
    GTA   0   0   0   0   0   1 |     GCA   2   2   1   1   1   0 | Glu GAA   4   4   5   4   4   5 |     GGA   3   3   4   3   3   3
    GTG   5   5   4   3   3   3 |     GCG   0   1   1   1   1   1 |     GAG   2   2   2   2   2   2 |     GGG   2   2   2   3   3   4
--------------------------------------------------------------------------------------------------------------------------------------

--------------------------------------------------------------------------------------------------------------------------------------
Phe TTT   1   1   1   1   1   1 | Ser TCT   3   3   3   3   4   3 | Tyr TAT   1   1   1   1   1   2 | Cys TGT   0   0   0   0   0   0
    TTC   2   2   2   2   3   2 |     TCC   1   1   1   1   1   1 |     TAC   4   5   5   5   4   4 |     TGC   4   3   3   3   4   3
Leu TTA   1   1   1   1   1   1 |     TCA   1   1   1   1   0   2 | *** TAA   0   0   0   0   0   0 | *** TGA   0   0   0   0   0   0
    TTG   2   2   2   2   3   2 |     TCG   0   0   0   0   0   0 |     TAG   0   0   0   0   0   0 | Trp TGG   1   1   1   1   1   1
--------------------------------------------------------------------------------------------------------------------------------------
Leu CTT   3   3   4   4   3   3 | Pro CCT   2   3   2   2   2   2 | His CAT   1   1   1   1   1   0 | Arg CGT   0   1   0   0   1   1
    CTC   1   1   1   1   1   1 |     CCC   2   1   2   2   1   2 |     CAC   4   4   5   5   3   4 |     CGC   1   1   0   0   1   1
    CTA   0   0   0   0   0   0 |     CCA   3   3   3   3   3   4 | Gln CAA   5   5   5   5   5   5 |     CGA   0   0   0   0   0   0
    CTG   8   8   8   8   7   8 |     CCG   0   0   0   0   1   0 |     CAG   6   5   7   7   4   4 |     CGG   2   2   1   1   4   2
--------------------------------------------------------------------------------------------------------------------------------------
Ile ATT   3   4   3   3   3   5 | Thr ACT   0   0   0   0   0   0 | Asn AAT   4   4   4   4   4   3 | Ser AGT   1   1   1   1   1   2
    ATC   2   2   1   1   1   2 |     ACC   2   2   2   2   2   2 |     AAC   2   2   2   2   3   3 |     AGC   4   4   4   4   4   4
    ATA   1   1   1   1   1   1 |     ACA   2   2   2   2   3   3 | Lys AAA   3   4   6   6   3   4 | Arg AGA   2   2   2   2   3   1
Met ATG   6   6   7   7   6   6 |     ACG   1   1   0   0   0   0 |     AAG   4   3   1   1   2   5 |     AGG   1   1   1   1   1   1
--------------------------------------------------------------------------------------------------------------------------------------
Val GTT   4   2   3   3   4   1 | Ala GCT   3   3   3   3   2   3 | Asp GAT   4   4   4   4   4   4 | Gly GGT   3   3   3   3   3   3
    GTC   1   2   2   2   2   2 |     GCC   4   4   4   4   4   4 |     GAC   2   2   2   2   2   2 |     GGC   3   3   3   3   3   3
    GTA   0   0   0   0   0   0 |     GCA   3   2   2   2   1   0 | Glu GAA   3   3   3   3   3   4 |     GGA   3   3   3   3   3   3
    GTG   4   4   3   3   5   4 |     GCG   1   2   3   3   3   2 |     GAG   2   2   2   2   1   1 |     GGG   2   2   2   2   2   2
--------------------------------------------------------------------------------------------------------------------------------------

--------------------------------------------------------------------------------------------------------------------------------------
Phe TTT   1   1   1   1   1   1 | Ser TCT   3   3   3   3   2   2 | Tyr TAT   2   1   2   2   2   3 | Cys TGT   0   0   0   0   1   1
    TTC   2   2   2   2   2   2 |     TCC   1   1   1   3   2   2 |     TAC   4   4   4   4   2   2 |     TGC   3   4   3   3   3   2
Leu TTA   1   1   1   1   0   1 |     TCA   1   2   1   1   2   2 | *** TAA   0   0   0   0   0   0 | *** TGA   0   0   0   0   0   0
    TTG   2   2   2   3   2   2 |     TCG   1   0   2   1   0   0 |     TAG   0   0   0   0   0   0 | Trp TGG   1   1   1   1   1   1
--------------------------------------------------------------------------------------------------------------------------------------
Leu CTT   3   3   3   3   2   3 | Pro CCT   2   2   2   3   2   3 | His CAT   0   1   0   1   0   0 | Arg CGT   2   0   1   0   2   2
    CTC   1   1   1   1   2   1 |     CCC   2   2   2   0   2   1 |     CAC   4   4   4   3   3   4 |     CGC   0   1   1   1   0   0
    CTA   0   0   0   1   2   1 |     CCA   2   2   1   3   2   2 | Gln CAA   5   5   5   3   5   6 |     CGA   0   0   0   1   1   2
    CTG   8   8   8   6   7   8 |     CCG   2   1   1   0   1   0 |     CAG   6   6   7   8   7   7 |     CGG   1   2   1   2   0   0
--------------------------------------------------------------------------------------------------------------------------------------
Ile ATT   5   4   3   3   3   2 | Thr ACT   0   0   0   0   0   0 | Asn AAT   4   4   4   4   3   4 | Ser AGT   1   1   1   2   3   3
    ATC   2   2   2   2   3   4 |     ACC   2   2   1   2   2   2 |     AAC   3   3   2   2   4   4 |     AGC   4   4   5   3   3   2
    ATA   1   1   1   1   0   1 |     ACA   3   3   3   3   1   2 | Lys AAA   4   2   4   4   4   4 | Arg AGA   1   2   2   2   3   2
Met ATG   6   6   6   6   7   6 |     ACG   0   0   1   0   0   1 |     AAG   4   4   2   2   2   2 |     AGG   1   1   1   1   2   1
--------------------------------------------------------------------------------------------------------------------------------------
Val GTT   1   2   3   3   3   2 | Ala GCT   3   3   3   3   3   3 | Asp GAT   4   4   4   4   3   2 | Gly GGT   4   3   3   3   2   2
    GTC   2   2   2   1   1   1 |     GCC   4   4   4   2   4   3 |     GAC   2   2   3   3   3   3 |     GGC   2   3   2   2   2   3
    GTA   0   0   0   1   0   1 |     GCA   1   0   2   3   3   3 | Glu GAA   4   5   2   4   4   3 |     GGA   3   3   4   3   3   4
    GTG   4   4   3   4   5   4 |     GCG   1   2   1   0   0   0 |     GAG   1   1   3   2   2   2 |     GGG   2   2   2   3   3   2
--------------------------------------------------------------------------------------------------------------------------------------

--------------------------------------------------------------------------------------------------------------------------------------
Phe TTT   1   1   1   2   1   1 | Ser TCT   2   2   1   2   2   2 | Tyr TAT   4   1   4   4   1   3 | Cys TGT   0   0   0   0   0   0
    TTC   2   2   2   1   2   2 |     TCC   2   2   2   2   2   1 |     TAC   2   5   2   2   5   2 |     TGC   3   3   3   3   2   4
Leu TTA   1   2   1   0   1   1 |     TCA   2   2   2   2   3   2 | *** TAA   0   0   0   0   0   0 | *** TGA   0   0   0   0   0   0
    TTG   3   1   3   4   2   2 |     TCG   0   1   0   0   0   1 |     TAG   0   0   0   0   0   0 | Trp TGG   1   1   1   1   1   1
--------------------------------------------------------------------------------------------------------------------------------------
Leu CTT   3   2   3   3   4   3 | Pro CCT   2   2   1   2   2   4 | His CAT   0   1   1   0   0   1 | Arg CGT   2   1   2   2   1   0
    CTC   1   2   1   1   2   1 |     CCC   1   2   1   0   2   0 |     CAC   3   3   2   3   4   3 |     CGC   0   1   0   0   3   1
    CTA   2   1   1   2   0   1 |     CCA   2   2   3   3   1   1 | Gln CAA   5   5   4   5   5   4 |     CGA   1   1   1   1   0   1
    CTG   5   7   6   5   7   7 |     CCG   1   0   1   1   0   1 |     CAG   8   7   8   7   7   8 |     CGG   1   1   1   1   0   0
--------------------------------------------------------------------------------------------------------------------------------------
Ile ATT   2   2   2   2   1   3 | Thr ACT   1   0   0   0   0   0 | Asn AAT   3   2   3   4   3   4 | Ser AGT   3   3   1   1   1   3
    ATC   3   3   3   3   3   3 |     ACC   1   2   2   1   2   2 |     AAC   4   4   4   3   3   4 |     AGC   2   2   3   3   4   2
    ATA   1   1   1   1   1   1 |     ACA   2   3   3   2   2   3 | Lys AAA   3   5   4   3   4   5 | Arg AGA   2   2   2   2   1   3
Met ATG   7   6   6   6   6   6 |     ACG   0   0   0   3   2   0 |     AAG   3   1   2   3   2   2 |     AGG   1   1   1   1   2   1
--------------------------------------------------------------------------------------------------------------------------------------
Val GTT   3   3   3   3   3   2 | Ala GCT   3   3   4   3   3   2 | Asp GAT   4   4   4   4   4   3 | Gly GGT   4   1   2   5   3   3
    GTC   1   1   1   1   1   1 |     GCC   3   5   4   5   4   5 |     GAC   2   2   2   2   3   3 |     GGC   2   2   3   1   2   1
    GTA   2   1   1   1   1   1 |     GCA   3   2   1   0   1   1 | Glu GAA   5   3   3   4   4   3 |     GGA   3   3   3   3   3   2
    GTG   3   4   4   4   4   3 |     GCG   0   0   1   1   1   3 |     GAG   1   3   2   2   2   2 |     GGG   2   4   3   3   3   4
--------------------------------------------------------------------------------------------------------------------------------------

--------------------------------------------------------------------------------------------------------------------------------------
Phe TTT   1   1   1   1   1   1 | Ser TCT   3   2   2   3   2   2 | Tyr TAT   4   2   2   3   2   2 | Cys TGT   0   0   0   0   1   0
    TTC   2   2   2   2   3   2 |     TCC   1   2   1   1   2   2 |     TAC   2   3   4   3   3   4 |     TGC   2   3   2   2   2   2
Leu TTA   1   1   1   0   1   1 |     TCA   3   2   2   0   1   2 | *** TAA   0   0   0   0   0   0 | *** TGA   0   0   0   0   0   0
    TTG   3   2   2   2   2   2 |     TCG   0   0   0   2   0   1 |     TAG   0   0   0   0   0   0 | Trp TGG   1   1   1   1   1   1
--------------------------------------------------------------------------------------------------------------------------------------
Leu CTT   2   3   2   2   3   3 | Pro CCT   1   3   3   1   4   3 | His CAT   2   0   0   2   0   0 | Arg CGT   1   1   1   1   0   0
    CTC   2   1   1   2   1   1 |     CCC   1   2   1   2   1   1 |     CAC   2   2   4   3   4   3 |     CGC   1   1   1   1   2   3
    CTA   1   1   1   2   2   1 |     CCA   3   3   2   3   2   3 | Gln CAA   4   5   5   5   3   5 |     CGA   1   1   1   0   0   1
    CTG   7   7   8   7   6   7 |     CCG   0   0   1   1   1   0 |     CAG   6   8   7   6   8   7 |     CGG   1   1   1   3   2   1
--------------------------------------------------------------------------------------------------------------------------------------
Ile ATT   2   2   3   2   2   2 | Thr ACT   1   0   0   1   0   1 | Asn AAT   3   4   4   2   1   3 | Ser AGT   3   2   1   1   2   1
    ATC   3   2   2   2   1   2 |     ACC   2   2   1   2   2   2 |     AAC   4   2   3   2   4   3 |     AGC   3   5   4   6   4   4
    ATA   1   1   1   1   1   1 |     ACA   1   2   2   2   2   1 | Lys AAA   4   2   4   5   4   4 | Arg AGA   1   2   2   1   2   2
Met ATG   6   6   6   6   6   6 |     ACG   2   1   2   0   0   2 |     AAG   4   4   2   2   3   2 |     AGG   1   1   1   1   0   1
--------------------------------------------------------------------------------------------------------------------------------------
Val GTT   3   3   4   2   4   3 | Ala GCT   5   4   4   3   2   4 | Asp GAT   5   3   4   5   4   3 | Gly GGT   2   3   3   3   2   5
    GTC   1   1   0   1   1   1 |     GCC   3   4   4   4   3   3 |     GAC   1   3   3   1   2   2 |     GGC   0   1   3   3   4   1
    GTA   1   1   1   0   1   1 |     GCA   2   2   1   3   3   2 | Glu GAA   4   3   3   3   3   3 |     GGA   2   2   1   2   2   3
    GTG   3   4   4   5   4   4 |     GCG   2   0   1   1   2   0 |     GAG   2   3   2   3   2   3 |     GGG   4   4   4   3   3   3
--------------------------------------------------------------------------------------------------------------------------------------

--------------------------------------------------------------------------------------------------------------------------------------
Phe TTT   1   1   1   1   1   1 | Ser TCT   2   2   2   2   2   2 | Tyr TAT   2   2   2   3   3   2 | Cys TGT   0   0   1   0   0   0
    TTC   2   2   2   2   2   2 |     TCC   2   2   2   2   2   3 |     TAC   4   4   4   3   3   4 |     TGC   2   3   3   3   3   3
Leu TTA   0   1   1   1   1   1 |     TCA   2   2   3   2   1   1 | *** TAA   0   0   0   0   0   0 | *** TGA   0   0   0   0   0   0
    TTG   4   3   2   3   2   2 |     TCG   0   0   1   0   1   0 |     TAG   0   0   0   0   0   0 | Trp TGG   1   1   1   1   1   1
--------------------------------------------------------------------------------------------------------------------------------------
Leu CTT   3   3   2   3   3   2 | Pro CCT   2   1   3   1   2   3 | His CAT   1   0   0   1   0   0 | Arg CGT   1   1   1   0   1   0
    CTC   2   2   3   2   1   1 |     CCC   1   2   2   3   2   1 |     CAC   2   4   3   3   4   3 |     CGC   3   1   2   1   2   1
    CTA   1   1   0   1   2   1 |     CCA   2   3   1   3   3   2 | Gln CAA   4   4   5   5   4   4 |     CGA   2   2   0   1   1   2
    CTG   7   6   7   6   6   8 |     CCG   2   1   0   0   0   1 |     CAG   8   7   6   5   8   7 |     CGG   1   2   1   0   0   0
--------------------------------------------------------------------------------------------------------------------------------------
Ile ATT   2   1   2   3   3   3 | Thr ACT   0   0   0   0   0   0 | Asn AAT   3   4   2   2   3   3 | Ser AGT   2   1   3   3   4   2
    ATC   1   2   3   2   2   2 |     ACC   2   2   2   2   2   2 |     AAC   4   4   4   4   3   3 |     AGC   1   1   4   4   2   3
    ATA   1   1   1   1   1   1 |     ACA   1   2   2   1   3   3 | Lys AAA   2   3   4   4   5   4 | Arg AGA   2   1   2   2   1   3
Met ATG   5   6   6   6   6   6 |     ACG   2   1   1   1   0   0 |     AAG   3   3   2   4   2   2 |     AGG   1   1   1   2   1   3
--------------------------------------------------------------------------------------------------------------------------------------
Val GTT   3   3   3   3   3   2 | Ala GCT   4   3   3   4   3   4 | Asp GAT   3   2   4   4   4   4 | Gly GGT   3   3   3   4   4   1
    GTC   2   2   1   1   1   2 |     GCC   3   5   4   2   4   3 |     GAC   3   4   2   2   1   2 |     GGC   3   2   1   0   2   2
    GTA   1   1   1   1   1   2 |     GCA   1   2   2   2   1   2 | Glu GAA   4   4   4   4   4   3 |     GGA   3   3   3   3   3   3
    GTG   4   4   4   4   4   3 |     GCG   1   0   0   2   1   0 |     GAG   2   2   2   2   2   2 |     GGG   3   3   2   2   2   3
--------------------------------------------------------------------------------------------------------------------------------------

--------------------------------------------------------------------------------------------------------------------------------------
Phe TTT   1   3   3   2   2   2 | Ser TCT   2   2   2   2   2   1 | Tyr TAT   2   2   2   2   2   2 | Cys TGT   1   1   1   2   1   1
    TTC   2   1   1   1   1   1 |     TCC   2   2   2   3   3   3 |     TAC   4   3   3   4   4   4 |     TGC   2   3   3   1   1   2
Leu TTA   1   2   2   2   2   2 |     TCA   2   2   2   2   2   2 | *** TAA   0   0   0   0   0   0 | *** TGA   0   0   0   0   0   0
    TTG   2   2   2   2   2   2 |     TCG   0   0   0   0   0   0 |     TAG   0   0   0   0   0   0 | Trp TGG   1   1   1   1   1   1
--------------------------------------------------------------------------------------------------------------------------------------
Leu CTT   2   2   2   2   2   2 | Pro CCT   3   3   3   2   2   1 | His CAT   1   1   1   2   2   2 | Arg CGT   1   1   1   0   1   0
    CTC   2   3   3   2   3   3 |     CCC   1   1   1   1   2   4 |     CAC   2   3   3   3   3   4 |     CGC   1   1   1   1   1   2
    CTA   1   0   0   0   0   0 |     CCA   3   3   3   2   2   1 | Gln CAA   5   4   4   4   4   1 |     CGA   1   1   1   0   1   2
    CTG   7   5   5   6   5   6 |     CCG   0   0   0   2   1   1 |     CAG   7   7   7   7   7   8 |     CGG   1   1   1   0   1   2
--------------------------------------------------------------------------------------------------------------------------------------
Ile ATT   3   3   3   2   3   3 | Thr ACT   0   2   2   2   2   1 | Asn AAT   3   3   3   4   4   1 | Ser AGT   2   2   2   2   2   1
    ATC   3   2   2   2   2   2 |     ACC   2   2   2   2   2   2 |     AAC   4   4   4   3   3   4 |     AGC   2   4   4   3   3   8
    ATA   1   1   1   2   2   1 |     ACA   3   1   1   1   1   0 | Lys AAA   4   3   3   3   3   1 | Arg AGA   2   2   2   2   2   1
Met ATG   6   8   8   8   8   6 |     ACG   0   0   0   0   0   2 |     AAG   2   3   3   2   2   4 |     AGG   1   2   2   2   2   1
--------------------------------------------------------------------------------------------------------------------------------------
Val GTT   2   2   2   4   3   2 | Ala GCT   3   5   5   4   4   3 | Asp GAT   4   3   3   3   3   2 | Gly GGT   3   2   2   2   2   1
    GTC   1   1   1   1   1   1 |     GCC   4   3   3   4   4   4 |     GAC   2   1   1   2   2   3 |     GGC   2   1   1   1   1   2
    GTA   1   2   2   1   1   2 |     GCA   1   2   2   2   2   1 | Glu GAA   3   5   5   6   5   4 |     GGA   3   3   3   3   3   4
    GTG   4   3   3   3   3   3 |     GCG   1   0   0   0   0   2 |     GAG   3   1   1   1   1   2 |     GGG   4   3   3   3   3   3
--------------------------------------------------------------------------------------------------------------------------------------

--------------------------------------------------------------------------------------------------------------------------------------
Phe TTT   2   2   2   2   2   2 | Ser TCT   3   2   2   2   2   2 | Tyr TAT   2   2   3   3   3   3 | Cys TGT   0   1   2   1   1   1
    TTC   1   1   2   1   1   1 |     TCC   2   1   1   2   2   2 |     TAC   4   4   3   3   3   3 |     TGC   4   2   1   2   2   2
Leu TTA   2   2   1   1   1   1 |     TCA   2   2   3   3   3   3 | *** TAA   0   0   0   0   0   0 | *** TGA   0   0   0   0   0   0
    TTG   2   2   2   2   2   2 |     TCG   0   1   0   0   0   0 |     TAG   0   0   0   0   0   0 | Trp TGG   1   1   1   1   1   1
--------------------------------------------------------------------------------------------------------------------------------------
Leu CTT   1   2   4   2   2   2 | Pro CCT   3   4   4   4   2   3 | His CAT   2   2   2   1   1   1 | Arg CGT   1   1   1   2   2   2
    CTC   4   3   2   4   4   4 |     CCC   1   1   1   1   2   2 |     CAC   1   3   2   2   2   2 |     CGC   1   2   0   0   0   0
    CTA   0   0   2   0   2   2 |     CCA   2   2   1   1   1   1 | Gln CAA   4   4   6   5   5   5 |     CGA   2   1   2   1   1   1
    CTG   5   5   4   6   4   4 |     CCG   0   0   0   0   1   0 |     CAG   7   7   5   6   6   6 |     CGG   0   1   1   2   2   2
--------------------------------------------------------------------------------------------------------------------------------------
Ile ATT   4   3   3   3   3   3 | Thr ACT   2   1   0   0   0   0 | Asn AAT   3   2   5   4   3   2 | Ser AGT   2   3   3   2   2   3
    ATC   1   2   2   2   2   2 |     ACC   2   2   2   2   2   2 |     AAC   4   3   4   4   4   3 |     AGC   4   3   3   1   2   2
    ATA   2   1   1   1   1   1 |     ACA   2   3   3   3   3   3 | Lys AAA   4   3   4   5   5   6 | Arg AGA   2   1   2   2   2   2
Met ATG   7   7   6   6   6   6 |     ACG   1   0   0   0   0   0 |     AAG   2   3   2   2   2   2 |     AGG   2   2   1   1   1   1
--------------------------------------------------------------------------------------------------------------------------------------
Val GTT   3   3   2   1   1   1 | Ala GCT   5   5   4   4   4   4 | Asp GAT   3   2   2   2   3   3 | Gly GGT   2   3   3   4   4   4
    GTC   1   1   2   1   1   1 |     GCC   3   2   3   4   3   3 |     GAC   2   3   2   4   3   3 |     GGC   0   0   0   1   1   1
    GTA   0   2   1   1   1   1 |     GCA   2   2   2   1   1   1 | Glu GAA   5   5   4   3   3   3 |     GGA   4   3   4   4   4   4
    GTG   4   3   4   6   6   6 |     GCG   0   1   1   0   1   1 |     GAG   1   1   1   1   1   1 |     GGG   1   3   3   4   4   4
--------------------------------------------------------------------------------------------------------------------------------------

--------------------------------------------------------------------------------------------------------------------------------------
Phe TTT   2   2   2   2   2   2 | Ser TCT   2   3   2   2   2   2 | Tyr TAT   3   3   2   3   3   3 | Cys TGT   1   1   1   1   1   1
    TTC   1   1   3   2   2   2 |     TCC   2   1   1   1   1   1 |     TAC   3   3   3   3   2   2 |     TGC   1   1   2   1   2   2
Leu TTA   1   1   1   1   0   0 |     TCA   3   3   1   2   2   2 | *** TAA   0   0   0   0   0   0 | *** TGA   0   0   0   0   0   0
    TTG   2   2   2   2   3   3 |     TCG   0   0   0   0   0   0 |     TAG   0   0   0   0   0   0 | Trp TGG   1   2   1   1   1   1
--------------------------------------------------------------------------------------------------------------------------------------
Leu CTT   2   2   2   3   2   2 | Pro CCT   3   3   3   3   3   3 | His CAT   2   1   3   3   2   2 | Arg CGT   0   1   1   0   1   1
    CTC   3   3   1   1   0   0 |     CCC   2   2   1   1   1   1 |     CAC   2   2   3   2   3   3 |     CGC   2   2   0   3   1   1
    CTA   2   2   1   1   2   2 |     CCA   1   1   3   1   3   2 | Gln CAA   5   5   3   2   3   3 |     CGA   1   1   1   1   0   0
    CTG   4   4   8   7   9   9 |     CCG   0   0   0   2   0   1 |     CAG   6   6   7   9   8   9 |     CGG   2   1   2   1   0   0
--------------------------------------------------------------------------------------------------------------------------------------
Ile ATT   3   3   2   4   3   3 | Thr ACT   0   1   0   0   1   1 | Asn AAT   3   3   3   4   2   3 | Ser AGT   2   2   1   2   4   3
    ATC   2   2   2   0   1   1 |     ACC   2   2   1   1   1   1 |     AAC   4   4   4   4   4   4 |     AGC   2   2   4   3   2   2
    ATA   1   1   1   1   1   1 |     ACA   3   3   3   4   4   4 | Lys AAA   4   4   3   3   4   5 | Arg AGA   1   2   1   2   4   4
Met ATG   6   6   6   6   6   6 |     ACG   0   0   1   0   0   0 |     AAG   3   3   3   3   4   3 |     AGG   2   1   2   1   2   1
--------------------------------------------------------------------------------------------------------------------------------------
Val GTT   1   1   1   2   2   2 | Ala GCT   5   4   4   5   5   5 | Asp GAT   3   3   3   4   3   3 | Gly GGT   3   3   3   1   3   4
    GTC   2   2   3   3   3   3 |     GCC   3   3   4   3   3   3 |     GAC   3   3   2   1   1   1 |     GGC   2   2   1   1   1   1
    GTA   1   1   2   1   1   1 |     GCA   0   0   2   0   1   1 | Glu GAA   3   3   4   4   3   2 |     GGA   4   4   4   4   3   3
    GTG   6   6   4   4   4   4 |     GCG   1   1   1   2   0   0 |     GAG   1   1   1   1   2   2 |     GGG   4   4   3   4   2   2
--------------------------------------------------------------------------------------------------------------------------------------

------------------------------------------------------
Phe TTT   2 | Ser TCT   2 | Tyr TAT   3 | Cys TGT   1
    TTC   2 |     TCC   1 |     TAC   3 |     TGC   2
Leu TTA   1 |     TCA   2 | *** TAA   0 | *** TGA   0
    TTG   2 |     TCG   0 |     TAG   0 | Trp TGG   1
------------------------------------------------------
Leu CTT   2 | Pro CCT   3 | His CAT   2 | Arg CGT   1
    CTC   0 |     CCC   1 |     CAC   2 |     CGC   0
    CTA   2 |     CCA   2 | Gln CAA   3 |     CGA   0
    CTG   9 |     CCG   1 |     CAG   8 |     CGG   1
------------------------------------------------------
Ile ATT   4 | Thr ACT   1 | Asn AAT   4 | Ser AGT   3
    ATC   1 |     ACC   1 |     AAC   6 |     AGC   2
    ATA   1 |     ACA   4 | Lys AAA   4 | Arg AGA   3
Met ATG   5 |     ACG   0 |     AAG   2 |     AGG   0
------------------------------------------------------
Val GTT   3 | Ala GCT   4 | Asp GAT   3 | Gly GGT   3
    GTC   3 |     GCC   3 |     GAC   1 |     GGC   1
    GTA   1 |     GCA   1 | Glu GAA   2 |     GGA   4
    GTG   5 |     GCG   0 |     GAG   2 |     GGG   2
------------------------------------------------------

Codon position x base (3x4) table for each sequence.

#1: Coturnix_japonica
position  1:    T:0.18705    C:0.23741    A:0.33094    G:0.24460
position  2:    T:0.32374    C:0.18705    A:0.33094    G:0.15827
position  3:    T:0.28058    C:0.20144    A:0.19424    G:0.32374
Average         T:0.26379    C:0.20863    A:0.28537    G:0.24221

#2: Meleagris_gallopavo
position  1:    T:0.20438    C:0.24088    A:0.29927    G:0.25547
position  2:    T:0.32117    C:0.15328    A:0.35036    G:0.17518
position  3:    T:0.25547    C:0.21898    A:0.21168    G:0.31387
Average         T:0.26034    C:0.20438    A:0.28710    G:0.24818

#3: Chrysolophus_pictus
position  1:    T:0.17266    C:0.26619    A:0.28058    G:0.28058
position  2:    T:0.30935    C:0.16547    A:0.33813    G:0.18705
position  3:    T:0.28777    C:0.20144    A:0.23022    G:0.28058
Average         T:0.25659    C:0.21103    A:0.28297    G:0.24940

#4: Syrmaticus_mikado
position  1:    T:0.17037    C:0.25926    A:0.27407    G:0.29630
position  2:    T:0.33333    C:0.15556    A:0.33333    G:0.17778
position  3:    T:0.28148    C:0.20000    A:0.23704    G:0.28148
Average         T:0.26173    C:0.20494    A:0.28148    G:0.25185

#5: Phasianus_colchicus
position  1:    T:0.19424    C:0.24460    A:0.27338    G:0.28777
position  2:    T:0.33094    C:0.15108    A:0.33094    G:0.18705
position  3:    T:0.26619    C:0.20144    A:0.23022    G:0.30216
Average         T:0.26379    C:0.19904    A:0.27818    G:0.25899

#6: Lyrurus_tetrix 
position  1:    T:0.19847    C:0.22901    A:0.29771    G:0.27481
position  2:    T:0.31298    C:0.14504    A:0.35115    G:0.19084
position  3:    T:0.27481    C:0.19084    A:0.23664    G:0.29771
Average         T:0.26209    C:0.18830    A:0.29517    G:0.25445

#7: Lagopus_muta   
position  1:    T:0.18321    C:0.24427    A:0.29771    G:0.27481
position  2:    T:0.32061    C:0.14504    A:0.34351    G:0.19084
position  3:    T:0.27481    C:0.19847    A:0.21374    G:0.31298
Average         T:0.25954    C:0.19593    A:0.28499    G:0.25954

#8: Tympanuchus_cupido
position  1:    T:0.19697    C:0.24242    A:0.29545    G:0.26515
position  2:    T:0.33333    C:0.15152    A:0.34091    G:0.17424
position  3:    T:0.29545    C:0.17424    A:0.23485    G:0.29545
Average         T:0.27525    C:0.18939    A:0.29040    G:0.24495

#9: Centrocercus_minimus
position  1:    T:0.17054    C:0.24806    A:0.30233    G:0.27907
position  2:    T:0.31008    C:0.15504    A:0.35659    G:0.17829
position  3:    T:0.28682    C:0.17054    A:0.24806    G:0.29457
Average         T:0.25581    C:0.19121    A:0.30233    G:0.25065

#10: Pavo_cristatus 
position  1:    T:0.18248    C:0.23358    A:0.28467    G:0.29927
position  2:    T:0.32117    C:0.16788    A:0.30657    G:0.20438
position  3:    T:0.26277    C:0.22628    A:0.21168    G:0.29927
Average         T:0.25547    C:0.20925    A:0.26764    G:0.26764

#11: Gallus_gallus  
position  1:    T:0.19565    C:0.23913    A:0.29710    G:0.26812
position  2:    T:0.32609    C:0.17391    A:0.31159    G:0.18841
position  3:    T:0.29710    C:0.18841    A:0.22464    G:0.28986
Average         T:0.27295    C:0.20048    A:0.27778    G:0.24879

#12: Numida_meleagris
position  1:    T:0.17424    C:0.25000    A:0.28788    G:0.28788
position  2:    T:0.32576    C:0.18939    A:0.31061    G:0.17424
position  3:    T:0.28030    C:0.21970    A:0.21970    G:0.28030
Average         T:0.26010    C:0.21970    A:0.27273    G:0.24747

#13: Egretta_garzetta
position  1:    T:0.16547    C:0.26619    A:0.28058    G:0.28777
position  2:    T:0.28058    C:0.19424    A:0.33094    G:0.19424
position  3:    T:0.21583    C:0.27338    A:0.21583    G:0.29496
Average         T:0.22062    C:0.24460    A:0.27578    G:0.25899

#14: Phalacrocorax_carbo
position  1:    T:0.16547    C:0.26619    A:0.27338    G:0.29496
position  2:    T:0.28058    C:0.18705    A:0.33094    G:0.20144
position  3:    T:0.24460    C:0.24460    A:0.23022    G:0.28058
Average         T:0.23022    C:0.23261    A:0.27818    G:0.25899

#15: Nipponia_nippon
position  1:    T:0.16547    C:0.26619    A:0.27338    G:0.29496
position  2:    T:0.28058    C:0.19424    A:0.32374    G:0.20144
position  3:    T:0.22302    C:0.27338    A:0.20863    G:0.29496
Average         T:0.22302    C:0.24460    A:0.26859    G:0.26379

#16: Athene_cunicularia
position  1:    T:0.15108    C:0.28058    A:0.27338    G:0.29496
position  2:    T:0.28058    C:0.19424    A:0.33094    G:0.19424
position  3:    T:0.23741    C:0.26619    A:0.22302    G:0.27338
Average         T:0.22302    C:0.24700    A:0.27578    G:0.25420

#17: Corapipo_altera
position  1:    T:0.15108    C:0.28058    A:0.27338    G:0.29496
position  2:    T:0.28058    C:0.19424    A:0.33813    G:0.18705
position  3:    T:0.25180    C:0.25899    A:0.23741    G:0.25180
Average         T:0.22782    C:0.24460    A:0.28297    G:0.24460

#18: Chiroxiphia_lanceolata
position  1:    T:0.15827    C:0.27338    A:0.27338    G:0.29496
position  2:    T:0.28777    C:0.18705    A:0.33813    G:0.18705
position  3:    T:0.24460    C:0.25899    A:0.23741    G:0.25899
Average         T:0.23022    C:0.23981    A:0.28297    G:0.24700

#19: Pipra_filicauda
position  1:    T:0.14388    C:0.28777    A:0.27338    G:0.29496
position  2:    T:0.28058    C:0.19424    A:0.33813    G:0.18705
position  3:    T:0.24460    C:0.25899    A:0.23022    G:0.26619
Average         T:0.22302    C:0.24700    A:0.28058    G:0.24940

#20: Neopelma_chrysocephalum
position  1:    T:0.15108    C:0.28058    A:0.27338    G:0.29496
position  2:    T:0.28058    C:0.20144    A:0.33094    G:0.18705
position  3:    T:0.24460    C:0.25180    A:0.24460    G:0.25899
Average         T:0.22542    C:0.24460    A:0.28297    G:0.24700

#21: Lepidothrix_coronata
position  1:    T:0.14388    C:0.28777    A:0.27338    G:0.29496
position  2:    T:0.28777    C:0.18705    A:0.33813    G:0.18705
position  3:    T:0.24460    C:0.25899    A:0.23022    G:0.26619
Average         T:0.22542    C:0.24460    A:0.28058    G:0.24940

#22: Manacus_vitellinus
position  1:    T:0.14388    C:0.28777    A:0.27338    G:0.29496
position  2:    T:0.28777    C:0.18705    A:0.33813    G:0.18705
position  3:    T:0.24460    C:0.25899    A:0.23741    G:0.25899
Average         T:0.22542    C:0.24460    A:0.28297    G:0.24700

#23: Empidonax_traillii
position  1:    T:0.16547    C:0.27338    A:0.26619    G:0.29496
position  2:    T:0.28058    C:0.20144    A:0.33094    G:0.18705
position  3:    T:0.24460    C:0.26619    A:0.23022    G:0.25899
Average         T:0.23022    C:0.24700    A:0.27578    G:0.24700

#24: Catharus_ustulatus
position  1:    T:0.17266    C:0.25180    A:0.28058    G:0.29496
position  2:    T:0.28058    C:0.19424    A:0.31655    G:0.20863
position  3:    T:0.23741    C:0.27338    A:0.20144    G:0.28777
Average         T:0.23022    C:0.23981    A:0.26619    G:0.26379

#25: Ficedula_albicollis
position  1:    T:0.16547    C:0.26619    A:0.25899    G:0.30935
position  2:    T:0.28058    C:0.19424    A:0.31655    G:0.20863
position  3:    T:0.23741    C:0.28777    A:0.16547    G:0.30935
Average         T:0.22782    C:0.24940    A:0.24700    G:0.27578

#26: Sturnus_vulgaris
position  1:    T:0.17986    C:0.25899    A:0.27338    G:0.28777
position  2:    T:0.27338    C:0.21583    A:0.32374    G:0.18705
position  3:    T:0.28058    C:0.25180    A:0.19424    G:0.27338
Average         T:0.24460    C:0.24221    A:0.26379    G:0.24940

#27: Columba_livia  
position  1:    T:0.16547    C:0.27338    A:0.26619    G:0.29496
position  2:    T:0.27338    C:0.20144    A:0.30935    G:0.21583
position  3:    T:0.25180    C:0.25180    A:0.22302    G:0.27338
Average         T:0.23022    C:0.24221    A:0.26619    G:0.26139

#28: Stachyridopsis_ruficeps
position  1:    T:0.17266    C:0.26619    A:0.27338    G:0.28777
position  2:    T:0.29496    C:0.18705    A:0.31655    G:0.20144
position  3:    T:0.23741    C:0.28777    A:0.17986    G:0.29496
Average         T:0.23501    C:0.24700    A:0.25659    G:0.26139

#29: Malurus_cyaneus
position  1:    T:0.15441    C:0.27206    A:0.27941    G:0.29412
position  2:    T:0.30147    C:0.19118    A:0.32353    G:0.18382
position  3:    T:0.28676    C:0.25000    A:0.21324    G:0.25000
Average         T:0.24755    C:0.23775    A:0.27206    G:0.24265

#30: Parus_major    
position  1:    T:0.15827    C:0.27338    A:0.28058    G:0.28777
position  2:    T:0.28058    C:0.19424    A:0.33813    G:0.18705
position  3:    T:0.24460    C:0.25899    A:0.20144    G:0.29496
Average         T:0.22782    C:0.24221    A:0.27338    G:0.25659

#31: Cyanistes_caeruleus
position  1:    T:0.15827    C:0.27338    A:0.27338    G:0.29496
position  2:    T:0.28058    C:0.19424    A:0.33813    G:0.18705
position  3:    T:0.24460    C:0.26619    A:0.20144    G:0.28777
Average         T:0.22782    C:0.24460    A:0.27098    G:0.25659

#32: Pseudopodoces_humilis
position  1:    T:0.15827    C:0.27338    A:0.27338    G:0.29496
position  2:    T:0.28058    C:0.19424    A:0.33813    G:0.18705
position  3:    T:0.23741    C:0.25899    A:0.21583    G:0.28777
Average         T:0.22542    C:0.24221    A:0.27578    G:0.25659

#33: Oriolus_oriolus
position  1:    T:0.16547    C:0.26619    A:0.25899    G:0.30935
position  2:    T:0.28058    C:0.19424    A:0.32374    G:0.20144
position  3:    T:0.23741    C:0.26619    A:0.21583    G:0.28058
Average         T:0.22782    C:0.24221    A:0.26619    G:0.26379

#34: Corvus_brachyrhynchos
position  1:    T:0.16547    C:0.26619    A:0.28777    G:0.28058
position  2:    T:0.28058    C:0.19424    A:0.32374    G:0.20144
position  3:    T:0.22302    C:0.28777    A:0.19424    G:0.29496
Average         T:0.22302    C:0.24940    A:0.26859    G:0.25899

#35: Corvus_moneduloides
position  1:    T:0.16547    C:0.26619    A:0.28777    G:0.28058
position  2:    T:0.28058    C:0.19424    A:0.32374    G:0.20144
position  3:    T:0.22302    C:0.28777    A:0.19424    G:0.29496
Average         T:0.22302    C:0.24940    A:0.26859    G:0.25899

#36: Colius_striatus
position  1:    T:0.15827    C:0.25899    A:0.28777    G:0.29496
position  2:    T:0.27338    C:0.19424    A:0.33813    G:0.19424
position  3:    T:0.20863    C:0.33094    A:0.20863    G:0.25180
Average         T:0.21343    C:0.26139    A:0.27818    G:0.24700

#37: Zonotrichia_albicollis
position  1:    T:0.15108    C:0.27338    A:0.27338    G:0.30216
position  2:    T:0.28058    C:0.20144    A:0.32374    G:0.19424
position  3:    T:0.23741    C:0.28058    A:0.19424    G:0.28777
Average         T:0.22302    C:0.25180    A:0.26379    G:0.26139

#38: Molothrus_ater 
position  1:    T:0.15108    C:0.27338    A:0.28058    G:0.29496
position  2:    T:0.28058    C:0.20144    A:0.32374    G:0.19424
position  3:    T:0.24460    C:0.28058    A:0.19424    G:0.28058
Average         T:0.22542    C:0.25180    A:0.26619    G:0.25659

#39: Camarhynchus_parvulus
position  1:    T:0.15108    C:0.28058    A:0.26619    G:0.30216
position  2:    T:0.28058    C:0.20144    A:0.34532    G:0.17266
position  3:    T:0.23741    C:0.28058    A:0.20863    G:0.27338
Average         T:0.22302    C:0.25420    A:0.27338    G:0.24940

#40: Geospiza_fortis
position  1:    T:0.15108    C:0.28058    A:0.26619    G:0.30216
position  2:    T:0.28058    C:0.20144    A:0.34532    G:0.17266
position  3:    T:0.23741    C:0.28058    A:0.20863    G:0.27338
Average         T:0.22302    C:0.25420    A:0.27338    G:0.24940

#41: Serinus_canaria
position  1:    T:0.16547    C:0.26619    A:0.26619    G:0.30216
position  2:    T:0.29496    C:0.19424    A:0.28777    G:0.22302
position  3:    T:0.24460    C:0.28058    A:0.18705    G:0.28777
Average         T:0.23501    C:0.24700    A:0.24700    G:0.27098

#42: Lonchura_Striata_domestica
position  1:    T:0.15827    C:0.26619    A:0.30216    G:0.27338
position  2:    T:0.28058    C:0.20144    A:0.32374    G:0.19424
position  3:    T:0.23741    C:0.28777    A:0.20144    G:0.27338
Average         T:0.22542    C:0.25180    A:0.27578    G:0.24700

#43: Taeniopygia_guttata
position  1:    T:0.15827    C:0.27338    A:0.29496    G:0.27338
position  2:    T:0.28058    C:0.20144    A:0.33813    G:0.17986
position  3:    T:0.25180    C:0.27338    A:0.18705    G:0.28777
Average         T:0.23022    C:0.24940    A:0.27338    G:0.24700

#44: Erythrura_gouldiae
position  1:    T:0.15827    C:0.27338    A:0.28058    G:0.28777
position  2:    T:0.28058    C:0.19424    A:0.33094    G:0.19424
position  3:    T:0.23022    C:0.29496    A:0.18705    G:0.28777
Average         T:0.22302    C:0.25420    A:0.26619    G:0.25659

#45: Passer_domesticus
position  1:    T:0.16547    C:0.26619    A:0.27338    G:0.29496
position  2:    T:0.27338    C:0.20144    A:0.33094    G:0.19424
position  3:    T:0.23741    C:0.28058    A:0.18705    G:0.29496
Average         T:0.22542    C:0.24940    A:0.26379    G:0.26139

#46: Pterocles_gutturalis
position  1:    T:0.17986    C:0.25899    A:0.26619    G:0.29496
position  2:    T:0.28058    C:0.19424    A:0.33094    G:0.19424
position  3:    T:0.25180    C:0.24460    A:0.22302    G:0.28058
Average         T:0.23741    C:0.23261    A:0.27338    G:0.25659

#47: Opisthocomus_hoazin
position  1:    T:0.14388    C:0.27338    A:0.28777    G:0.29496
position  2:    T:0.28777    C:0.18705    A:0.31655    G:0.20863
position  3:    T:0.23022    C:0.27338    A:0.21583    G:0.28058
Average         T:0.22062    C:0.24460    A:0.27338    G:0.26139

#48: Mesitornis_unicolor
position  1:    T:0.15108    C:0.28777    A:0.28777    G:0.27338
position  2:    T:0.28777    C:0.18705    A:0.33094    G:0.19424
position  3:    T:0.23741    C:0.25899    A:0.24460    G:0.25899
Average         T:0.22542    C:0.24460    A:0.28777    G:0.24221

#49: Phaethon_lepturus
position  1:    T:0.16547    C:0.26619    A:0.27338    G:0.29496
position  2:    T:0.28777    C:0.17986    A:0.33813    G:0.19424
position  3:    T:0.26619    C:0.23022    A:0.24460    G:0.25899
Average         T:0.23981    C:0.22542    A:0.28537    G:0.24940

#50: Nestor_notabilis
position  1:    T:0.16547    C:0.27338    A:0.26619    G:0.29496
position  2:    T:0.28058    C:0.20144    A:0.33094    G:0.18705
position  3:    T:0.20144    C:0.29496    A:0.23741    G:0.26619
Average         T:0.21583    C:0.25659    A:0.27818    G:0.24940

#51: Pelecanus_crispus
position  1:    T:0.16176    C:0.26471    A:0.27206    G:0.30147
position  2:    T:0.28676    C:0.19118    A:0.33088    G:0.19118
position  3:    T:0.23529    C:0.25735    A:0.22059    G:0.28676
Average         T:0.22794    C:0.23775    A:0.27451    G:0.25980

#52: Chlamydotis_macqueenii
position  1:    T:0.16547    C:0.25899    A:0.27338    G:0.30216
position  2:    T:0.28058    C:0.19424    A:0.33094    G:0.19424
position  3:    T:0.26619    C:0.22302    A:0.20863    G:0.30216
Average         T:0.23741    C:0.22542    A:0.27098    G:0.26619

#53: Tauraco_erythrolophus
position  1:    T:0.15827    C:0.27338    A:0.26619    G:0.30216
position  2:    T:0.28058    C:0.19424    A:0.33813    G:0.18705
position  3:    T:0.20863    C:0.31655    A:0.19424    G:0.28058
Average         T:0.21583    C:0.26139    A:0.26619    G:0.25659

#54: Apaloderma_vittatum
position  1:    T:0.15827    C:0.25899    A:0.30216    G:0.28058
position  2:    T:0.27338    C:0.20144    A:0.33813    G:0.18705
position  3:    T:0.24460    C:0.25180    A:0.20863    G:0.29496
Average         T:0.22542    C:0.23741    A:0.28297    G:0.25420

#55: Cuculus_canorus
position  1:    T:0.16547    C:0.25180    A:0.29496    G:0.28777
position  2:    T:0.28058    C:0.21583    A:0.33813    G:0.16547
position  3:    T:0.27338    C:0.21583    A:0.20863    G:0.30216
Average         T:0.23981    C:0.22782    A:0.28058    G:0.25180

#56: Merops_nubicus 
position  1:    T:0.15108    C:0.28058    A:0.27338    G:0.29496
position  2:    T:0.27338    C:0.20863    A:0.31655    G:0.20144
position  3:    T:0.23741    C:0.25899    A:0.20144    G:0.30216
Average         T:0.22062    C:0.24940    A:0.26379    G:0.26619

#57: Cariama_cristata
position  1:    T:0.14388    C:0.28058    A:0.27338    G:0.30216
position  2:    T:0.28058    C:0.19424    A:0.33813    G:0.18705
position  3:    T:0.24460    C:0.25899    A:0.19424    G:0.30216
Average         T:0.22302    C:0.24460    A:0.26859    G:0.26379

#58: Picoides_pubescens
position  1:    T:0.14388    C:0.29496    A:0.25899    G:0.30216
position  2:    T:0.26619    C:0.20863    A:0.32374    G:0.20144
position  3:    T:0.23022    C:0.26619    A:0.19424    G:0.30935
Average         T:0.21343    C:0.25659    A:0.25899    G:0.27098

#59: Buceros_rhinoceros
position  1:    T:0.15441    C:0.28676    A:0.25000    G:0.30882
position  2:    T:0.28676    C:0.19853    A:0.31618    G:0.19853
position  3:    T:0.22059    C:0.28676    A:0.19853    G:0.29412
Average         T:0.22059    C:0.25735    A:0.25490    G:0.26716

#60: Tyto_alba_alba 
position  1:    T:0.15827    C:0.28058    A:0.26619    G:0.29496
position  2:    T:0.27338    C:0.20863    A:0.31655    G:0.20144
position  3:    T:0.23741    C:0.25899    A:0.21583    G:0.28777
Average         T:0.22302    C:0.24940    A:0.26619    G:0.26139

#61: Rhynochetus_jubatus
position  1:    T:0.15827    C:0.30216    A:0.23022    G:0.30935
position  2:    T:0.28058    C:0.19424    A:0.32374    G:0.20144
position  3:    T:0.23022    C:0.26619    A:0.18705    G:0.31655
Average         T:0.22302    C:0.25420    A:0.24700    G:0.27578

#62: Eurypyga_helias
position  1:    T:0.16547    C:0.28777    A:0.23741    G:0.30935
position  2:    T:0.28058    C:0.20144    A:0.33813    G:0.17986
position  3:    T:0.19424    C:0.30216    A:0.21583    G:0.28777
Average         T:0.21343    C:0.26379    A:0.26379    G:0.25899

#63: Corythaeola_cristata
position  1:    T:0.17986    C:0.25899    A:0.28058    G:0.28058
position  2:    T:0.28058    C:0.20144    A:0.31655    G:0.20144
position  3:    T:0.23022    C:0.30216    A:0.20863    G:0.25899
Average         T:0.23022    C:0.25420    A:0.26859    G:0.24700

#64: Balearica_regulorum_gibbericeps
position  1:    T:0.16547    C:0.25180    A:0.29496    G:0.28777
position  2:    T:0.28777    C:0.19424    A:0.33094    G:0.18705
position  3:    T:0.24460    C:0.25899    A:0.22302    G:0.27338
Average         T:0.23261    C:0.23501    A:0.28297    G:0.24940

#65: Leptosomus_discolor
position  1:    T:0.15827    C:0.28058    A:0.27338    G:0.28777
position  2:    T:0.28058    C:0.19424    A:0.33094    G:0.19424
position  3:    T:0.25899    C:0.25899    A:0.22302    G:0.25899
Average         T:0.23261    C:0.24460    A:0.27578    G:0.24700

#66: Acanthisitta_chloris
position  1:    T:0.16176    C:0.26471    A:0.29412    G:0.27941
position  2:    T:0.28676    C:0.19853    A:0.31618    G:0.19853
position  3:    T:0.21324    C:0.27206    A:0.23529    G:0.27941
Average         T:0.22059    C:0.24510    A:0.28186    G:0.25245

#67: Melopsittacus_undulatus
position  1:    T:0.15827    C:0.27338    A:0.27338    G:0.29496
position  2:    T:0.28058    C:0.19424    A:0.33094    G:0.19424
position  3:    T:0.23741    C:0.25899    A:0.22302    G:0.28058
Average         T:0.22542    C:0.24221    A:0.27578    G:0.25659

#68: Apteryx_rowi   
position  1:    T:0.17266    C:0.25899    A:0.30216    G:0.26619
position  2:    T:0.28777    C:0.20144    A:0.30935    G:0.20144
position  3:    T:0.26619    C:0.25180    A:0.22302    G:0.25899
Average         T:0.24221    C:0.23741    A:0.27818    G:0.24221

#69: Apteryx_australis_mantelli
position  1:    T:0.17266    C:0.25899    A:0.30216    G:0.26619
position  2:    T:0.28777    C:0.20144    A:0.30935    G:0.20144
position  3:    T:0.26619    C:0.25180    A:0.22302    G:0.25899
Average         T:0.24221    C:0.23741    A:0.27818    G:0.24221

#70: Dromaius_novaehollandiae
position  1:    T:0.17391    C:0.24638    A:0.28986    G:0.28986
position  2:    T:0.28986    C:0.21014    A:0.33333    G:0.16667
position  3:    T:0.26812    C:0.24638    A:0.21739    G:0.26812
Average         T:0.24396    C:0.23430    A:0.28019    G:0.24155

#71: Casuarius_casuarius
position  1:    T:0.16547    C:0.26619    A:0.29496    G:0.27338
position  2:    T:0.28777    C:0.20863    A:0.32374    G:0.17986
position  3:    T:0.26619    C:0.25899    A:0.21583    G:0.25899
Average         T:0.23981    C:0.24460    A:0.27818    G:0.23741

#72: Nothoprocta_perdicaria
position  1:    T:0.16547    C:0.28058    A:0.27338    G:0.28058
position  2:    T:0.27338    C:0.20144    A:0.30216    G:0.22302
position  3:    T:0.17986    C:0.35252    A:0.15827    G:0.30935
Average         T:0.20624    C:0.27818    A:0.24460    G:0.27098

#73: Rhea_americana 
position  1:    T:0.17986    C:0.24460    A:0.31655    G:0.25899
position  2:    T:0.28058    C:0.21583    A:0.31655    G:0.18705
position  3:    T:0.27338    C:0.25180    A:0.23741    G:0.23741
Average         T:0.24460    C:0.23741    A:0.29017    G:0.22782

#74: Struthio_camelus_australis
position  1:    T:0.16547    C:0.27338    A:0.28058    G:0.28058
position  2:    T:0.28058    C:0.20863    A:0.31655    G:0.19424
position  3:    T:0.27338    C:0.23741    A:0.22302    G:0.26619
Average         T:0.23981    C:0.23981    A:0.27338    G:0.24700

#75: Anseranas_semipalmata
position  1:    T:0.16547    C:0.26619    A:0.29496    G:0.27338
position  2:    T:0.28777    C:0.19424    A:0.32374    G:0.19424
position  3:    T:0.30216    C:0.21583    A:0.25899    G:0.22302
Average         T:0.25180    C:0.22542    A:0.29257    G:0.23022

#76: Oxyura_jamaicensis
position  1:    T:0.16547    C:0.26619    A:0.27338    G:0.29496
position  2:    T:0.28058    C:0.19424    A:0.32374    G:0.20144
position  3:    T:0.26619    C:0.24460    A:0.22302    G:0.26619
Average         T:0.23741    C:0.23501    A:0.27338    G:0.25420

#77: Cygnus_atratus 
position  1:    T:0.16547    C:0.26619    A:0.27338    G:0.29496
position  2:    T:0.28058    C:0.19424    A:0.31655    G:0.20863
position  3:    T:0.25180    C:0.24460    A:0.23741    G:0.26619
Average         T:0.23261    C:0.23501    A:0.27578    G:0.25659

#78: Anser_cygnoides
position  1:    T:0.16547    C:0.26619    A:0.27338    G:0.29496
position  2:    T:0.28058    C:0.19424    A:0.30935    G:0.21583
position  3:    T:0.25899    C:0.23741    A:0.24460    G:0.25899
Average         T:0.23501    C:0.23261    A:0.27578    G:0.25659

#79: Aythya_fuligula
position  1:    T:0.15827    C:0.26619    A:0.27338    G:0.30216
position  2:    T:0.28058    C:0.19424    A:0.32374    G:0.20144
position  3:    T:0.25180    C:0.25899    A:0.21583    G:0.27338
Average         T:0.23022    C:0.23981    A:0.27098    G:0.25899

#80: Anas_platyrhynchos
position  1:    T:0.16547    C:0.25899    A:0.28058    G:0.29496
position  2:    T:0.28058    C:0.19424    A:0.31655    G:0.20863
position  3:    T:0.25899    C:0.25180    A:0.22302    G:0.26619
Average         T:0.23501    C:0.23501    A:0.27338    G:0.25659

#81: Alectura_lathami
position  1:    T:0.15108    C:0.28058    A:0.26619    G:0.30216
position  2:    T:0.29496    C:0.19424    A:0.31655    G:0.19424
position  3:    T:0.23741    C:0.25180    A:0.21583    G:0.29496
Average         T:0.22782    C:0.24221    A:0.26619    G:0.26379

#82: Penelope_pileata
position  1:    T:0.15108    C:0.28777    A:0.27338    G:0.28777
position  2:    T:0.28777    C:0.19424    A:0.33094    G:0.18705
position  3:    T:0.28058    C:0.21583    A:0.19424    G:0.30935
Average         T:0.23981    C:0.23261    A:0.26619    G:0.26139

#83: Colinus_virginianus
position  1:    T:0.15108    C:0.27338    A:0.30935    G:0.26619
position  2:    T:0.29496    C:0.19424    A:0.31655    G:0.19424
position  3:    T:0.28058    C:0.20144    A:0.22302    G:0.29496
Average         T:0.24221    C:0.22302    A:0.28297    G:0.25180

#84: Callipepla_squamata
position  1:    T:0.15108    C:0.28058    A:0.30216    G:0.26619
position  2:    T:0.29496    C:0.19424    A:0.32374    G:0.18705
position  3:    T:0.28777    C:0.20144    A:0.21583    G:0.29496
Average         T:0.24460    C:0.22542    A:0.28058    G:0.24940

#85: Odontophorus_gujanensis
position  1:    T:0.15942    C:0.26812    A:0.29710    G:0.27536
position  2:    T:0.31159    C:0.18841    A:0.32609    G:0.17391
position  3:    T:0.29710    C:0.21014    A:0.21739    G:0.27536
Average         T:0.25604    C:0.22222    A:0.28019    G:0.24155

Sums of codon usage counts
------------------------------------------------------------------------------
Phe F TTT     122 | Ser S TCT     190 | Tyr Y TAT     205 | Cys C TGT      62
      TTC     166 |       TCC     134 |       TAC     277 |       TGC     219
Leu L TTA      93 |       TCA     142 | *** * TAA       0 | *** * TGA       0
      TTG     196 |       TCG      33 |       TAG       0 | Trp W TGG      88
------------------------------------------------------------------------------
Leu L CTT     230 | Pro P CCT     193 | His H CAT      83 | Arg R CGT      78
      CTC     110 |       CCC     111 |       CAC     244 |       CGC      83
      CTA      93 |       CCA     177 | Gln Q CAA     377 |       CGA      56
      CTG     578 |       CCG      56 |       CAG     585 |       CGG      89
------------------------------------------------------------------------------
Ile I ATT     223 | Thr T ACT      31 | Asn N AAT     291 | Ser S AGT     179
      ATC     174 |       ACC     151 |       AAC     279 |       AGC     259
      ATA      94 |       ACA     222 | Lys K AAA     312 | Arg R AGA     168
Met M ATG     544 |       ACG      30 |       AAG     230 |       AGG     101
------------------------------------------------------------------------------
Val V GTT     211 | Ala A GCT     294 | Asp D GAT     308 | Gly G GGT     237
      GTC     136 |       GCC     306 |       GAC     184 |       GGC     151
      GTA      76 |       GCA     116 | Glu E GAA     324 |       GGA     276
      GTG     342 |       GCG      73 |       GAG     146 |       GGG     214
------------------------------------------------------------------------------

(Ambiguity data are not used in the counts.)


Codon position x base (3x4) table, overall

position  1:    T:0.16397    C:0.26744    A:0.27978    G:0.28880
position  2:    T:0.28829    C:0.19222    A:0.32718    G:0.19231
position  3:    T:0.24991    C:0.25391    A:0.21494    G:0.28123
Average         T:0.23406    C:0.23786    A:0.27397    G:0.25411

TREE #  1:  ((((((68, 69), (70, 71)), 73), 74), 72), (((81, (((((83, 84), 85), (1, ((2, ((6, (8, 9)), 7)), ((10, 11), ((3, 5), 4))))), 12), 82)), (75, ((76, (77, 78)), (79, 80)))), (((63, 53), 55), (((((((58, 54), 36), 59), (56, 65)), ((67, 50), (16, 60))), (66, (((((17, 18), (19, (21, 22))), 20), 23), ((((((24, 25), 26), 28), ((30, 31), 32)), ((37, (39, 40)), ((45, (38, 41)), ((42, 43), 44)))), ((33, (34, 35)), 29))))), ((27, 47), ((57, ((64, 52), ((61, 62), 48))), (46, (49, (((13, 15), 51), 14)))))))));   MP score: -1
This is a rooted tree.  Please check!
lnL(ntime:168  np:171):  -6983.889178      +0.000000
  86..87   87..88   88..89   89..90   90..91   91..68   91..69   90..92   92..70   92..71   89..73   88..74   87..72   86..93   93..94   94..95   95..81   95..96   96..97   97..98   98..99   99..100 100..83  100..84   99..85   98..101 101..1   101..102 102..103 103..2   103..104 104..105 105..6   105..106 106..8   106..9   104..7   102..107 107..108 108..10  108..11  107..109 109..110 110..3   110..5   109..4    97..12   96..82   94..111 111..75  111..112 112..113 113..76  113..114 114..77  114..78  112..115 115..79  115..80   93..116 116..117 117..118 118..63  118..53  117..55  116..119 119..120 120..121 121..122 122..123 123..124 124..125 125..58  125..54  124..36  123..59  122..126 126..56  126..65  121..127 127..128 128..67  128..50  127..129 129..16  129..60  120..130 130..66  130..131 131..132 132..133 133..134 134..135 135..17  135..18  134..136 136..19  136..137 137..21  137..22  133..20  132..23  131..138 138..139 139..140 140..141 141..142 142..143 143..24  143..25  142..26  141..28  140..144 144..145 145..30  145..31  144..32  139..146 146..147 147..37  147..148 148..39  148..40  146..149 149..150 150..45  150..151 151..38  151..41  149..152 152..153 153..42  153..43  152..44  138..154 154..155 155..33  155..156 156..34  156..35  154..29  119..157 157..158 158..27  158..47  157..159 159..160 160..57  160..161 161..162 162..64  162..52  161..163 163..164 164..61  164..62  163..48  159..165 165..46  165..166 166..49  166..167 167..168 168..169 169..13  169..15  168..51  167..14 
 0.065723 0.018121 0.016265 0.022805 0.042662 0.000004 0.000004 0.065957 0.046186 0.000004 0.119325 0.085536 0.341947 0.068297 0.012837 0.086374 0.141788 0.005904 0.088567 0.014140 0.066088 0.029599 0.030597 0.029183 0.089177 0.092061 0.239937 0.024229 0.054710 0.241374 0.090540 0.000004 0.084730 0.018422 0.039124 0.047161 0.020943 0.000004 0.016270 0.113923 0.083750 0.111442 0.000004 0.064342 0.101590 0.076491 0.198168 0.104517 0.042894 0.090836 0.076168 0.008597 0.059179 0.009047 0.007435 0.015001 0.043218 0.014728 0.022627 0.141179 0.000004 0.054817 0.054455 0.125539 0.241509 0.007599 0.007529 0.000004 0.000004 0.000004 0.000004 0.043010 0.265165 0.129946 0.322847 0.185065 0.000004 0.139694 0.132225 0.011895 0.048341 0.038374 0.101435 0.005226 0.092868 0.096149 0.040752 0.126750 0.000004 0.042446 0.022421 0.000004 0.000004 0.037184 0.014813 0.007346 0.007342 0.000004 0.000004 0.007337 0.044847 0.045731 0.047562 0.014414 0.000004 0.000004 0.024547 0.021161 0.099818 0.071860 0.100393 0.124884 0.059446 0.000004 0.014972 0.000004 0.022528 0.031719 0.029872 0.045087 0.061082 0.000004 0.000004 0.000004 0.000004 0.077094 0.025387 0.050524 0.090576 0.040130 0.022992 0.025098 0.043043 0.034932 0.000004 0.038228 0.069252 0.062127 0.015102 0.000004 0.126775 0.007958 0.020878 0.127408 0.126822 0.000004 0.000004 0.108614 0.025559 0.016773 0.148436 0.113408 0.019380 0.040542 0.094121 0.090794 0.157041 0.000004 0.108579 0.068045 0.085199 0.000004 0.000004 0.000004 0.061382 0.045676 0.070159 0.084235 0.179722 1.193309 0.395904

Note: Branch length is defined as number of nucleotide substitutions per codon (not per neucleotide site).

tree length =  9.454112

((((((68: 0.000004, 69: 0.000004): 0.042662, (70: 0.046186, 71: 0.000004): 0.065957): 0.022805, 73: 0.119325): 0.016265, 74: 0.085536): 0.018121, 72: 0.341947): 0.065723, (((81: 0.141788, (((((83: 0.030597, 84: 0.029183): 0.029599, 85: 0.089177): 0.066088, (1: 0.239937, ((2: 0.241374, ((6: 0.084730, (8: 0.039124, 9: 0.047161): 0.018422): 0.000004, 7: 0.020943): 0.090540): 0.054710, ((10: 0.113923, 11: 0.083750): 0.016270, ((3: 0.064342, 5: 0.101590): 0.000004, 4: 0.076491): 0.111442): 0.000004): 0.024229): 0.092061): 0.014140, 12: 0.198168): 0.088567, 82: 0.104517): 0.005904): 0.086374, (75: 0.090836, ((76: 0.059179, (77: 0.007435, 78: 0.015001): 0.009047): 0.008597, (79: 0.014728, 80: 0.022627): 0.043218): 0.076168): 0.042894): 0.012837, (((63: 0.054455, 53: 0.125539): 0.054817, 55: 0.241509): 0.000004, (((((((58: 0.265165, 54: 0.129946): 0.043010, 36: 0.322847): 0.000004, 59: 0.185065): 0.000004, (56: 0.139694, 65: 0.132225): 0.000004): 0.000004, ((67: 0.038374, 50: 0.101435): 0.048341, (16: 0.092868, 60: 0.096149): 0.005226): 0.011895): 0.000004, (66: 0.126750, (((((17: 0.037184, 18: 0.014813): 0.000004, (19: 0.007342, (21: 0.000004, 22: 0.007337): 0.000004): 0.007346): 0.000004, 20: 0.044847): 0.022421, 23: 0.045731): 0.042446, ((((((24: 0.099818, 25: 0.071860): 0.021161, 26: 0.100393): 0.024547, 28: 0.124884): 0.000004, ((30: 0.014972, 31: 0.000004): 0.000004, 32: 0.022528): 0.059446): 0.000004, ((37: 0.045087, (39: 0.000004, 40: 0.000004): 0.061082): 0.029872, ((45: 0.077094, (38: 0.050524, 41: 0.090576): 0.025387): 0.000004, ((42: 0.025098, 43: 0.043043): 0.022992, 44: 0.034932): 0.040130): 0.000004): 0.031719): 0.014414, ((33: 0.069252, (34: 0.015102, 35: 0.000004): 0.062127): 0.038228, 29: 0.126775): 0.000004): 0.047562): 0.000004): 0.040752): 0.007529, ((27: 0.127408, 47: 0.126822): 0.020878, ((57: 0.108614, ((64: 0.148436, 52: 0.113408): 0.016773, ((61: 0.094121, 62: 0.090794): 0.040542, 48: 0.157041): 0.019380): 0.025559): 0.000004, (46: 0.108579, (49: 0.085199, (((13: 0.061382, 15: 0.045676): 0.000004, 51: 0.070159): 0.000004, 14: 0.084235): 0.000004): 0.068045): 0.000004): 0.000004): 0.007958): 0.007599): 0.141179): 0.068297);

((((((Apteryx_rowi: 0.000004, Apteryx_australis_mantelli: 0.000004): 0.042662, (Dromaius_novaehollandiae: 0.046186, Casuarius_casuarius: 0.000004): 0.065957): 0.022805, Rhea_americana: 0.119325): 0.016265, Struthio_camelus_australis: 0.085536): 0.018121, Nothoprocta_perdicaria: 0.341947): 0.065723, (((Alectura_lathami: 0.141788, (((((Colinus_virginianus: 0.030597, Callipepla_squamata: 0.029183): 0.029599, Odontophorus_gujanensis: 0.089177): 0.066088, (Coturnix_japonica: 0.239937, ((Meleagris_gallopavo: 0.241374, ((Lyrurus_tetrix: 0.084730, (Tympanuchus_cupido: 0.039124, Centrocercus_minimus: 0.047161): 0.018422): 0.000004, Lagopus_muta: 0.020943): 0.090540): 0.054710, ((Pavo_cristatus: 0.113923, Gallus_gallus: 0.083750): 0.016270, ((Chrysolophus_pictus: 0.064342, Phasianus_colchicus: 0.101590): 0.000004, Syrmaticus_mikado: 0.076491): 0.111442): 0.000004): 0.024229): 0.092061): 0.014140, Numida_meleagris: 0.198168): 0.088567, Penelope_pileata: 0.104517): 0.005904): 0.086374, (Anseranas_semipalmata: 0.090836, ((Oxyura_jamaicensis: 0.059179, (Cygnus_atratus: 0.007435, Anser_cygnoides: 0.015001): 0.009047): 0.008597, (Aythya_fuligula: 0.014728, Anas_platyrhynchos: 0.022627): 0.043218): 0.076168): 0.042894): 0.012837, (((Corythaeola_cristata: 0.054455, Tauraco_erythrolophus: 0.125539): 0.054817, Cuculus_canorus: 0.241509): 0.000004, (((((((Picoides_pubescens: 0.265165, Apaloderma_vittatum: 0.129946): 0.043010, Colius_striatus: 0.322847): 0.000004, Buceros_rhinoceros: 0.185065): 0.000004, (Merops_nubicus: 0.139694, Leptosomus_discolor: 0.132225): 0.000004): 0.000004, ((Melopsittacus_undulatus: 0.038374, Nestor_notabilis: 0.101435): 0.048341, (Athene_cunicularia: 0.092868, Tyto_alba_alba: 0.096149): 0.005226): 0.011895): 0.000004, (Acanthisitta_chloris: 0.126750, (((((Corapipo_altera: 0.037184, Chiroxiphia_lanceolata: 0.014813): 0.000004, (Pipra_filicauda: 0.007342, (Lepidothrix_coronata: 0.000004, Manacus_vitellinus: 0.007337): 0.000004): 0.007346): 0.000004, Neopelma_chrysocephalum: 0.044847): 0.022421, Empidonax_traillii: 0.045731): 0.042446, ((((((Catharus_ustulatus: 0.099818, Ficedula_albicollis: 0.071860): 0.021161, Sturnus_vulgaris: 0.100393): 0.024547, Stachyridopsis_ruficeps: 0.124884): 0.000004, ((Parus_major: 0.014972, Cyanistes_caeruleus: 0.000004): 0.000004, Pseudopodoces_humilis: 0.022528): 0.059446): 0.000004, ((Zonotrichia_albicollis: 0.045087, (Camarhynchus_parvulus: 0.000004, Geospiza_fortis: 0.000004): 0.061082): 0.029872, ((Passer_domesticus: 0.077094, (Molothrus_ater: 0.050524, Serinus_canaria: 0.090576): 0.025387): 0.000004, ((Lonchura_Striata_domestica: 0.025098, Taeniopygia_guttata: 0.043043): 0.022992, Erythrura_gouldiae: 0.034932): 0.040130): 0.000004): 0.031719): 0.014414, ((Oriolus_oriolus: 0.069252, (Corvus_brachyrhynchos: 0.015102, Corvus_moneduloides: 0.000004): 0.062127): 0.038228, Malurus_cyaneus: 0.126775): 0.000004): 0.047562): 0.000004): 0.040752): 0.007529, ((Columba_livia: 0.127408, Opisthocomus_hoazin: 0.126822): 0.020878, ((Cariama_cristata: 0.108614, ((Balearica_regulorum_gibbericeps: 0.148436, Chlamydotis_macqueenii: 0.113408): 0.016773, ((Rhynochetus_jubatus: 0.094121, Eurypyga_helias: 0.090794): 0.040542, Mesitornis_unicolor: 0.157041): 0.019380): 0.025559): 0.000004, (Pterocles_gutturalis: 0.108579, (Phaethon_lepturus: 0.085199, (((Egretta_garzetta: 0.061382, Nipponia_nippon: 0.045676): 0.000004, Pelecanus_crispus: 0.070159): 0.000004, Phalacrocorax_carbo: 0.084235): 0.000004): 0.068045): 0.000004): 0.000004): 0.007958): 0.007599): 0.141179): 0.068297);

Detailed output identifying parameters

w (dN/dS) for branches:  0.17972 1.19331 0.39590

dN & dS for each branch

 branch          t       N       S   dN/dS      dN      dS  N*dN  S*dS

  86..87     0.066   326.7    99.3  0.1797  0.0106  0.0591   3.5   5.9
  87..88     0.018   326.7    99.3  0.1797  0.0029  0.0163   1.0   1.6
  88..89     0.016   326.7    99.3  0.1797  0.0026  0.0146   0.9   1.5
  89..90     0.023   326.7    99.3  0.1797  0.0037  0.0205   1.2   2.0
  90..91     0.043   326.7    99.3  0.1797  0.0069  0.0383   2.3   3.8
  91..68     0.000   326.7    99.3  0.1797  0.0000  0.0000   0.0   0.0
  91..69     0.000   326.7    99.3  0.1797  0.0000  0.0000   0.0   0.0
  90..92     0.066   326.7    99.3  0.1797  0.0107  0.0593   3.5   5.9
  92..70     0.046   326.7    99.3  0.1797  0.0075  0.0415   2.4   4.1
  92..71     0.000   326.7    99.3  0.1797  0.0000  0.0000   0.0   0.0
  89..73     0.119   326.7    99.3  0.1797  0.0193  0.1072   6.3  10.6
  88..74     0.086   326.7    99.3  0.1797  0.0138  0.0769   4.5   7.6
  87..72     0.342   326.7    99.3  0.1797  0.0552  0.3073  18.0  30.5
  86..93     0.068   326.7    99.3  0.1797  0.0110  0.0614   3.6   6.1
  93..94     0.013   326.7    99.3  0.1797  0.0021  0.0115   0.7   1.1
  94..95     0.086   326.7    99.3  0.1797  0.0139  0.0776   4.6   7.7
  95..81     0.142   326.7    99.3  0.1797  0.0229  0.1274   7.5  12.7
  95..96     0.006   326.7    99.3  0.1797  0.0010  0.0053   0.3   0.5
  96..97     0.089   326.7    99.3  0.1797  0.0143  0.0796   4.7   7.9
  97..98     0.014   326.7    99.3  0.1797  0.0023  0.0127   0.7   1.3
  98..99     0.066   326.7    99.3  0.1797  0.0107  0.0594   3.5   5.9
  99..100    0.030   326.7    99.3  0.1797  0.0048  0.0266   1.6   2.6
 100..83     0.031   326.7    99.3  0.1797  0.0049  0.0275   1.6   2.7
 100..84     0.029   326.7    99.3  0.1797  0.0047  0.0262   1.5   2.6
  99..85     0.089   326.7    99.3  1.1933  0.0309  0.0259  10.1   2.6
  98..101    0.092   326.7    99.3  0.1797  0.0149  0.0827   4.9   8.2
 101..1      0.240   326.7    99.3  1.1933  0.0831  0.0697  27.2   6.9
 101..102    0.024   326.7    99.3  0.1797  0.0039  0.0218   1.3   2.2
 102..103    0.055   326.7    99.3  0.1797  0.0088  0.0492   2.9   4.9
 103..2      0.241   326.7    99.3  1.1933  0.0836  0.0701  27.3   7.0
 103..104    0.091   326.7    99.3  1.1933  0.0314  0.0263  10.2   2.6
 104..105    0.000   326.7    99.3  0.3959  0.0000  0.0000   0.0   0.0
 105..6      0.085   326.7    99.3  0.3959  0.0208  0.0526   6.8   5.2
 105..106    0.018   326.7    99.3  0.3959  0.0045  0.0114   1.5   1.1
 106..8      0.039   326.7    99.3  0.3959  0.0096  0.0243   3.1   2.4
 106..9      0.047   326.7    99.3  0.3959  0.0116  0.0293   3.8   2.9
 104..7      0.021   326.7    99.3  0.3959  0.0051  0.0130   1.7   1.3
 102..107    0.000   326.7    99.3  0.1797  0.0000  0.0000   0.0   0.0
 107..108    0.016   326.7    99.3  0.1797  0.0026  0.0146   0.9   1.5
 108..10     0.114   326.7    99.3  1.1933  0.0395  0.0331  12.9   3.3
 108..11     0.084   326.7    99.3  1.1933  0.0290  0.0243   9.5   2.4
 107..109    0.111   326.7    99.3  0.1797  0.0180  0.1001   5.9   9.9
 109..110    0.000   326.7    99.3  0.1797  0.0000  0.0000   0.0   0.0
 110..3      0.064   326.7    99.3  0.1797  0.0104  0.0578   3.4   5.7
 110..5      0.102   326.7    99.3  0.1797  0.0164  0.0913   5.4   9.1
 109..4      0.076   326.7    99.3  1.1933  0.0265  0.0222   8.7   2.2
  97..12     0.198   326.7    99.3  1.1933  0.0686  0.0575  22.4   5.7
  96..82     0.105   326.7    99.3  0.1797  0.0169  0.0939   5.5   9.3
  94..111    0.043   326.7    99.3  0.1797  0.0069  0.0385   2.3   3.8
 111..75     0.091   326.7    99.3  0.1797  0.0147  0.0816   4.8   8.1
 111..112    0.076   326.7    99.3  0.1797  0.0123  0.0684   4.0   6.8
 112..113    0.009   326.7    99.3  0.1797  0.0014  0.0077   0.5   0.8
 113..76     0.059   326.7    99.3  0.1797  0.0096  0.0532   3.1   5.3
 113..114    0.009   326.7    99.3  0.1797  0.0015  0.0081   0.5   0.8
 114..77     0.007   326.7    99.3  0.1797  0.0012  0.0067   0.4   0.7
 114..78     0.015   326.7    99.3  0.1797  0.0024  0.0135   0.8   1.3
 112..115    0.043   326.7    99.3  0.1797  0.0070  0.0388   2.3   3.9
 115..79     0.015   326.7    99.3  0.1797  0.0024  0.0132   0.8   1.3
 115..80     0.023   326.7    99.3  0.1797  0.0037  0.0203   1.2   2.0
  93..116    0.141   326.7    99.3  0.1797  0.0228  0.1269   7.4  12.6
 116..117    0.000   326.7    99.3  0.1797  0.0000  0.0000   0.0   0.0
 117..118    0.055   326.7    99.3  0.1797  0.0089  0.0493   2.9   4.9
 118..63     0.054   326.7    99.3  0.1797  0.0088  0.0489   2.9   4.9
 118..53     0.126   326.7    99.3  0.1797  0.0203  0.1128   6.6  11.2
 117..55     0.242   326.7    99.3  0.1797  0.0390  0.2170  12.7  21.6
 116..119    0.008   326.7    99.3  0.1797  0.0012  0.0068   0.4   0.7
 119..120    0.008   326.7    99.3  0.1797  0.0012  0.0068   0.4   0.7
 120..121    0.000   326.7    99.3  0.1797  0.0000  0.0000   0.0   0.0
 121..122    0.000   326.7    99.3  0.1797  0.0000  0.0000   0.0   0.0
 122..123    0.000   326.7    99.3  0.1797  0.0000  0.0000   0.0   0.0
 123..124    0.000   326.7    99.3  0.1797  0.0000  0.0000   0.0   0.0
 124..125    0.043   326.7    99.3  0.1797  0.0069  0.0386   2.3   3.8
 125..58     0.265   326.7    99.3  0.1797  0.0428  0.2383  14.0  23.7
 125..54     0.130   326.7    99.3  0.1797  0.0210  0.1168   6.9  11.6
 124..36     0.323   326.7    99.3  0.1797  0.0521  0.2901  17.0  28.8
 123..59     0.185   326.7    99.3  0.1797  0.0299  0.1663   9.8  16.5
 122..126    0.000   326.7    99.3  0.1797  0.0000  0.0000   0.0   0.0
 126..56     0.140   326.7    99.3  0.1797  0.0226  0.1255   7.4  12.5
 126..65     0.132   326.7    99.3  0.1797  0.0214  0.1188   7.0  11.8
 121..127    0.012   326.7    99.3  0.1797  0.0019  0.0107   0.6   1.1
 127..128    0.048   326.7    99.3  0.1797  0.0078  0.0434   2.6   4.3
 128..67     0.038   326.7    99.3  0.1797  0.0062  0.0345   2.0   3.4
 128..50     0.101   326.7    99.3  0.1797  0.0164  0.0911   5.4   9.1
 127..129    0.005   326.7    99.3  0.1797  0.0008  0.0047   0.3   0.5
 129..16     0.093   326.7    99.3  0.1797  0.0150  0.0834   4.9   8.3
 129..60     0.096   326.7    99.3  0.1797  0.0155  0.0864   5.1   8.6
 120..130    0.041   326.7    99.3  0.1797  0.0066  0.0366   2.1   3.6
 130..66     0.127   326.7    99.3  0.1797  0.0205  0.1139   6.7  11.3
 130..131    0.000   326.7    99.3  0.1797  0.0000  0.0000   0.0   0.0
 131..132    0.042   326.7    99.3  0.1797  0.0069  0.0381   2.2   3.8
 132..133    0.022   326.7    99.3  0.1797  0.0036  0.0201   1.2   2.0
 133..134    0.000   326.7    99.3  0.1797  0.0000  0.0000   0.0   0.0
 134..135    0.000   326.7    99.3  0.1797  0.0000  0.0000   0.0   0.0
 135..17     0.037   326.7    99.3  0.1797  0.0060  0.0334   2.0   3.3
 135..18     0.015   326.7    99.3  0.1797  0.0024  0.0133   0.8   1.3
 134..136    0.007   326.7    99.3  0.1797  0.0012  0.0066   0.4   0.7
 136..19     0.007   326.7    99.3  0.1797  0.0012  0.0066   0.4   0.7
 136..137    0.000   326.7    99.3  0.1797  0.0000  0.0000   0.0   0.0
 137..21     0.000   326.7    99.3  0.1797  0.0000  0.0000   0.0   0.0
 137..22     0.007   326.7    99.3  0.1797  0.0012  0.0066   0.4   0.7
 133..20     0.045   326.7    99.3  0.1797  0.0072  0.0403   2.4   4.0
 132..23     0.046   326.7    99.3  0.1797  0.0074  0.0411   2.4   4.1
 131..138    0.048   326.7    99.3  0.1797  0.0077  0.0427   2.5   4.2
 138..139    0.014   326.7    99.3  0.1797  0.0023  0.0130   0.8   1.3
 139..140    0.000   326.7    99.3  0.1797  0.0000  0.0000   0.0   0.0
 140..141    0.000   326.7    99.3  0.1797  0.0000  0.0000   0.0   0.0
 141..142    0.025   326.7    99.3  0.1797  0.0040  0.0221   1.3   2.2
 142..143    0.021   326.7    99.3  0.1797  0.0034  0.0190   1.1   1.9
 143..24     0.100   326.7    99.3  0.1797  0.0161  0.0897   5.3   8.9
 143..25     0.072   326.7    99.3  0.1797  0.0116  0.0646   3.8   6.4
 142..26     0.100   326.7    99.3  0.1797  0.0162  0.0902   5.3   9.0
 141..28     0.125   326.7    99.3  0.1797  0.0202  0.1122   6.6  11.1
 140..144    0.059   326.7    99.3  0.1797  0.0096  0.0534   3.1   5.3
 144..145    0.000   326.7    99.3  0.1797  0.0000  0.0000   0.0   0.0
 145..30     0.015   326.7    99.3  0.1797  0.0024  0.0135   0.8   1.3
 145..31     0.000   326.7    99.3  0.1797  0.0000  0.0000   0.0   0.0
 144..32     0.023   326.7    99.3  0.1797  0.0036  0.0202   1.2   2.0
 139..146    0.032   326.7    99.3  0.1797  0.0051  0.0285   1.7   2.8
 146..147    0.030   326.7    99.3  0.1797  0.0048  0.0268   1.6   2.7
 147..37     0.045   326.7    99.3  0.1797  0.0073  0.0405   2.4   4.0
 147..148    0.061   326.7    99.3  0.1797  0.0099  0.0549   3.2   5.5
 148..39     0.000   326.7    99.3  0.1797  0.0000  0.0000   0.0   0.0
 148..40     0.000   326.7    99.3  0.1797  0.0000  0.0000   0.0   0.0
 146..149    0.000   326.7    99.3  0.1797  0.0000  0.0000   0.0   0.0
 149..150    0.000   326.7    99.3  0.1797  0.0000  0.0000   0.0   0.0
 150..45     0.077   326.7    99.3  0.1797  0.0124  0.0693   4.1   6.9
 150..151    0.025   326.7    99.3  0.1797  0.0041  0.0228   1.3   2.3
 151..38     0.051   326.7    99.3  0.1797  0.0082  0.0454   2.7   4.5
 151..41     0.091   326.7    99.3  0.1797  0.0146  0.0814   4.8   8.1
 149..152    0.040   326.7    99.3  0.1797  0.0065  0.0361   2.1   3.6
 152..153    0.023   326.7    99.3  0.1797  0.0037  0.0207   1.2   2.1
 153..42     0.025   326.7    99.3  0.1797  0.0041  0.0226   1.3   2.2
 153..43     0.043   326.7    99.3  0.1797  0.0070  0.0387   2.3   3.8
 152..44     0.035   326.7    99.3  0.1797  0.0056  0.0314   1.8   3.1
 138..154    0.000   326.7    99.3  0.1797  0.0000  0.0000   0.0   0.0
 154..155    0.038   326.7    99.3  0.1797  0.0062  0.0344   2.0   3.4
 155..33     0.069   326.7    99.3  0.1797  0.0112  0.0622   3.7   6.2
 155..156    0.062   326.7    99.3  0.1797  0.0100  0.0558   3.3   5.5
 156..34     0.015   326.7    99.3  0.1797  0.0024  0.0136   0.8   1.3
 156..35     0.000   326.7    99.3  0.1797  0.0000  0.0000   0.0   0.0
 154..29     0.127   326.7    99.3  0.1797  0.0205  0.1139   6.7  11.3
 119..157    0.008   326.7    99.3  0.1797  0.0013  0.0072   0.4   0.7
 157..158    0.021   326.7    99.3  0.1797  0.0034  0.0188   1.1   1.9
 158..27     0.127   326.7    99.3  0.1797  0.0206  0.1145   6.7  11.4
 158..47     0.127   326.7    99.3  0.1797  0.0205  0.1140   6.7  11.3
 157..159    0.000   326.7    99.3  0.1797  0.0000  0.0000   0.0   0.0
 159..160    0.000   326.7    99.3  0.1797  0.0000  0.0000   0.0   0.0
 160..57     0.109   326.7    99.3  0.1797  0.0175  0.0976   5.7   9.7
 160..161    0.026   326.7    99.3  0.1797  0.0041  0.0230   1.3   2.3
 161..162    0.017   326.7    99.3  0.1797  0.0027  0.0151   0.9   1.5
 162..64     0.148   326.7    99.3  0.1797  0.0240  0.1334   7.8  13.2
 162..52     0.113   326.7    99.3  0.1797  0.0183  0.1019   6.0  10.1
 161..163    0.019   326.7    99.3  0.1797  0.0031  0.0174   1.0   1.7
 163..164    0.041   326.7    99.3  0.1797  0.0065  0.0364   2.1   3.6
 164..61     0.094   326.7    99.3  0.1797  0.0152  0.0846   5.0   8.4
 164..62     0.091   326.7    99.3  0.1797  0.0147  0.0816   4.8   8.1
 163..48     0.157   326.7    99.3  0.1797  0.0254  0.1411   8.3  14.0
 159..165    0.000   326.7    99.3  0.1797  0.0000  0.0000   0.0   0.0
 165..46     0.109   326.7    99.3  0.1797  0.0175  0.0976   5.7   9.7
 165..166    0.068   326.7    99.3  0.1797  0.0110  0.0611   3.6   6.1
 166..49     0.085   326.7    99.3  0.1797  0.0138  0.0766   4.5   7.6
 166..167    0.000   326.7    99.3  0.1797  0.0000  0.0000   0.0   0.0
 167..168    0.000   326.7    99.3  0.1797  0.0000  0.0000   0.0   0.0
 168..169    0.000   326.7    99.3  0.1797  0.0000  0.0000   0.0   0.0
 169..13     0.061   326.7    99.3  0.1797  0.0099  0.0552   3.2   5.5
 169..15     0.046   326.7    99.3  0.1797  0.0074  0.0410   2.4   4.1
 168..51     0.070   326.7    99.3  0.1797  0.0113  0.0630   3.7   6.3
 167..14     0.084   326.7    99.3  0.1797  0.0136  0.0757   4.4   7.5

tree length for dN:       1.7541
tree length for dS:       7.7473

dS tree:
((((((Apteryx_rowi: 0.000004, Apteryx_australis_mantelli: 0.000004): 0.038334, (Dromaius_novaehollandiae: 0.041501, Casuarius_casuarius: 0.000004): 0.059267): 0.020492, Rhea_americana: 0.107220): 0.014615, Struthio_camelus_australis: 0.076859): 0.016283, Nothoprocta_perdicaria: 0.307260): 0.059056, (((Alectura_lathami: 0.127405, (((((Colinus_virginianus: 0.027493, Callipepla_squamata: 0.026223): 0.026597, Odontophorus_gujanensis: 0.025888): 0.059384, (Coturnix_japonica: 0.069653, ((Meleagris_gallopavo: 0.070071, ((Lyrurus_tetrix: 0.052620, (Tympanuchus_cupido: 0.024297, Centrocercus_minimus: 0.029288): 0.011441): 0.000002, Lagopus_muta: 0.013006): 0.026284): 0.049161, ((Pavo_cristatus: 0.033072, Gallus_gallus: 0.024313): 0.014619, ((Chrysolophus_pictus: 0.057815, Phasianus_colchicus: 0.091285): 0.000004, Syrmaticus_mikado: 0.022205): 0.100137): 0.000004): 0.021771): 0.082723): 0.012705, Numida_meleagris: 0.057528): 0.079582, Penelope_pileata: 0.093915): 0.005305): 0.077613, (Anseranas_semipalmata: 0.081621, ((Oxyura_jamaicensis: 0.053176, (Cygnus_atratus: 0.006681, Anser_cygnoides: 0.013479): 0.008130): 0.007725, (Aythya_fuligula: 0.013234, Anas_platyrhynchos: 0.020331): 0.038834): 0.068441): 0.038543): 0.011535, (((Corythaeola_cristata: 0.048931, Tauraco_erythrolophus: 0.112804): 0.049256, Cuculus_canorus: 0.217010): 0.000004, (((((((Picoides_pubescens: 0.238266, Apaloderma_vittatum: 0.116764): 0.038647, Colius_striatus: 0.290097): 0.000004, Buceros_rhinoceros: 0.166292): 0.000004, (Merops_nubicus: 0.125523, Leptosomus_discolor: 0.118812): 0.000004): 0.000004, ((Melopsittacus_undulatus: 0.034482, Nestor_notabilis: 0.091146): 0.043438, (Athene_cunicularia: 0.083448, Tyto_alba_alba: 0.086395): 0.004696): 0.010688): 0.000004, (Acanthisitta_chloris: 0.113893, (((((Corapipo_altera: 0.033412, Chiroxiphia_lanceolata: 0.013310): 0.000004, (Pipra_filicauda: 0.006597, (Lepidothrix_coronata: 0.000004, Manacus_vitellinus: 0.006592): 0.000004): 0.006600): 0.000004, Neopelma_chrysocephalum: 0.040298): 0.020146, Empidonax_traillii: 0.041092): 0.038140, ((((((Catharus_ustulatus: 0.089692, Ficedula_albicollis: 0.064571): 0.019014, Sturnus_vulgaris: 0.090209): 0.022057, Stachyridopsis_ruficeps: 0.112215): 0.000004, ((Parus_major: 0.013454, Cyanistes_caeruleus: 0.000004): 0.000004, Pseudopodoces_humilis: 0.020243): 0.053416): 0.000004, ((Zonotrichia_albicollis: 0.040513, (Camarhynchus_parvulus: 0.000004, Geospiza_fortis: 0.000004): 0.054886): 0.026841, ((Passer_domesticus: 0.069273, (Molothrus_ater: 0.045399, Serinus_canaria: 0.081388): 0.022811): 0.000004, ((Lonchura_Striata_domestica: 0.022552, Taeniopygia_guttata: 0.038677): 0.020659, Erythrura_gouldiae: 0.031389): 0.036059): 0.000004): 0.028502): 0.012952, ((Oriolus_oriolus: 0.062227, (Corvus_brachyrhynchos: 0.013570, Corvus_moneduloides: 0.000004): 0.055825): 0.034350, Malurus_cyaneus: 0.113915): 0.000004): 0.042737): 0.000004): 0.036618): 0.006765, ((Columba_livia: 0.114483, Opisthocomus_hoazin: 0.113957): 0.018760, ((Cariama_cristata: 0.097596, ((Balearica_regulorum_gibbericeps: 0.133378, Chlamydotis_macqueenii: 0.101904): 0.015072, ((Rhynochetus_jubatus: 0.084574, Eurypyga_helias: 0.081583): 0.036429, Mesitornis_unicolor: 0.141111): 0.017414): 0.022966): 0.000004, (Pterocles_gutturalis: 0.097565, (Phaethon_lepturus: 0.076556, (((Egretta_garzetta: 0.055156, Nipponia_nippon: 0.041042): 0.000004, Pelecanus_crispus: 0.063042): 0.000004, Phalacrocorax_carbo: 0.075690): 0.000004): 0.061143): 0.000004): 0.000004): 0.007151): 0.006828): 0.126858): 0.061369);
dN tree:
((((((Apteryx_rowi: 0.000001, Apteryx_australis_mantelli: 0.000001): 0.006889, (Dromaius_novaehollandiae: 0.007459, Casuarius_casuarius: 0.000001): 0.010652): 0.003683, Rhea_americana: 0.019270): 0.002627, Struthio_camelus_australis: 0.013813): 0.002926, Nothoprocta_perdicaria: 0.055221): 0.010614, (((Alectura_lathami: 0.022897, (((((Colinus_virginianus: 0.004941, Callipepla_squamata: 0.004713): 0.004780, Odontophorus_gujanensis: 0.030893): 0.010673, (Coturnix_japonica: 0.083118, ((Meleagris_gallopavo: 0.083616, ((Lyrurus_tetrix: 0.020832, (Tympanuchus_cupido: 0.009619, Centrocercus_minimus: 0.011595): 0.004529): 0.000001, Lagopus_muta: 0.005149): 0.031365): 0.008835, ((Pavo_cristatus: 0.039465, Gallus_gallus: 0.029012): 0.002627, ((Chrysolophus_pictus: 0.010391, Phasianus_colchicus: 0.016406): 0.000001, Syrmaticus_mikado: 0.026498): 0.017997): 0.000001): 0.003913): 0.014867): 0.002283, Numida_meleagris: 0.068649): 0.014303, Penelope_pileata: 0.016879): 0.000953): 0.013949, (Anseranas_semipalmata: 0.014669, ((Oxyura_jamaicensis: 0.009557, (Cygnus_atratus: 0.001201, Anser_cygnoides: 0.002423): 0.001461): 0.001388, (Aythya_fuligula: 0.002378, Anas_platyrhynchos: 0.003654): 0.006979): 0.012300): 0.006927): 0.002073, (((Corythaeola_cristata: 0.008794, Tauraco_erythrolophus: 0.020273): 0.008852, Cuculus_canorus: 0.039002): 0.000001, (((((((Picoides_pubescens: 0.042822, Apaloderma_vittatum: 0.020985): 0.006946, Colius_striatus: 0.052137): 0.000001, Buceros_rhinoceros: 0.029886): 0.000001, (Merops_nubicus: 0.022559, Leptosomus_discolor: 0.021353): 0.000001): 0.000001, ((Melopsittacus_undulatus: 0.006197, Nestor_notabilis: 0.016381): 0.007807, (Athene_cunicularia: 0.014997, Tyto_alba_alba: 0.015527): 0.000844): 0.001921): 0.000001, (Acanthisitta_chloris: 0.020469, (((((Corapipo_altera: 0.006005, Chiroxiphia_lanceolata: 0.002392): 0.000001, (Pipra_filicauda: 0.001186, (Lepidothrix_coronata: 0.000001, Manacus_vitellinus: 0.001185): 0.000001): 0.001186): 0.000001, Neopelma_chrysocephalum: 0.007242): 0.003621, Empidonax_traillii: 0.007385): 0.006855, ((((((Catharus_ustulatus: 0.016120, Ficedula_albicollis: 0.011605): 0.003417, Sturnus_vulgaris: 0.016213): 0.003964, Stachyridopsis_ruficeps: 0.020168): 0.000001, ((Parus_major: 0.002418, Cyanistes_caeruleus: 0.000001): 0.000001, Pseudopodoces_humilis: 0.003638): 0.009600): 0.000001, ((Zonotrichia_albicollis: 0.007281, (Camarhynchus_parvulus: 0.000001, Geospiza_fortis: 0.000001): 0.009864): 0.004824, ((Passer_domesticus: 0.012450, (Molothrus_ater: 0.008159, Serinus_canaria: 0.014627): 0.004100): 0.000001, ((Lonchura_Striata_domestica: 0.004053, Taeniopygia_guttata: 0.006951): 0.003713, Erythrura_gouldiae: 0.005641): 0.006481): 0.000001): 0.005122): 0.002328, ((Oriolus_oriolus: 0.011184, (Corvus_brachyrhynchos: 0.002439, Corvus_moneduloides: 0.000001): 0.010033): 0.006174, Malurus_cyaneus: 0.020473): 0.000001): 0.007681): 0.000001): 0.006581): 0.001216, ((Columba_livia: 0.020575, Opisthocomus_hoazin: 0.020481): 0.003372, ((Cariama_cristata: 0.017540, ((Balearica_regulorum_gibbericeps: 0.023971, Chlamydotis_macqueenii: 0.018314): 0.002709, ((Rhynochetus_jubatus: 0.015200, Eurypyga_helias: 0.014662): 0.006547, Mesitornis_unicolor: 0.025361): 0.003130): 0.004128): 0.000001, (Pterocles_gutturalis: 0.017535, (Phaethon_lepturus: 0.013759, (((Egretta_garzetta: 0.009913, Nipponia_nippon: 0.007376): 0.000001, Pelecanus_crispus: 0.011330): 0.000001, Phalacrocorax_carbo: 0.013603): 0.000001): 0.010989): 0.000001): 0.000001): 0.001285): 0.001227): 0.022799): 0.011029);

w ratios as labels for TreeView:
((((((Apteryx_rowi #0.179722 , Apteryx_australis_mantelli #0.179722 ) #0.179722 , (Dromaius_novaehollandiae #0.179722 , Casuarius_casuarius #0.179722 ) #0.179722 ) #0.179722 , Rhea_americana #0.179722 ) #0.179722 , Struthio_camelus_australis #0.179722 ) #0.179722 , Nothoprocta_perdicaria #0.179722 ) #0.179722 , (((Alectura_lathami #0.179722 , (((((Colinus_virginianus #0.179722 , Callipepla_squamata #0.179722 ) #0.179722 , Odontophorus_gujanensis #1.19331 ) #0.179722 , (Coturnix_japonica #1.19331 , ((Meleagris_gallopavo #1.19331 , ((Lyrurus_tetrix #0.395904 , (Tympanuchus_cupido #0.395904 , Centrocercus_minimus #0.395904 ) #0.395904 ) #0.395904 , Lagopus_muta #0.395904 ) #1.19331 ) #0.179722 , ((Pavo_cristatus #1.19331 , Gallus_gallus #1.19331 ) #0.179722 , ((Chrysolophus_pictus #0.179722 , Phasianus_colchicus #0.179722 ) #0.179722 , Syrmaticus_mikado #1.19331 ) #0.179722 ) #0.179722 ) #0.179722 ) #0.179722 ) #0.179722 , Numida_meleagris #1.19331 ) #0.179722 , Penelope_pileata #0.179722 ) #0.179722 ) #0.179722 , (Anseranas_semipalmata #0.179722 , ((Oxyura_jamaicensis #0.179722 , (Cygnus_atratus #0.179722 , Anser_cygnoides #0.179722 ) #0.179722 ) #0.179722 , (Aythya_fuligula #0.179722 , Anas_platyrhynchos #0.179722 ) #0.179722 ) #0.179722 ) #0.179722 ) #0.179722 , (((Corythaeola_cristata #0.179722 , Tauraco_erythrolophus #0.179722 ) #0.179722 , Cuculus_canorus #0.179722 ) #0.179722 , (((((((Picoides_pubescens #0.179722 , Apaloderma_vittatum #0.179722 ) #0.179722 , Colius_striatus #0.179722 ) #0.179722 , Buceros_rhinoceros #0.179722 ) #0.179722 , (Merops_nubicus #0.179722 , Leptosomus_discolor #0.179722 ) #0.179722 ) #0.179722 , ((Melopsittacus_undulatus #0.179722 , Nestor_notabilis #0.179722 ) #0.179722 , (Athene_cunicularia #0.179722 , Tyto_alba_alba #0.179722 ) #0.179722 ) #0.179722 ) #0.179722 , (Acanthisitta_chloris #0.179722 , (((((Corapipo_altera #0.179722 , Chiroxiphia_lanceolata #0.179722 ) #0.179722 , (Pipra_filicauda #0.179722 , (Lepidothrix_coronata #0.179722 , Manacus_vitellinus #0.179722 ) #0.179722 ) #0.179722 ) #0.179722 , Neopelma_chrysocephalum #0.179722 ) #0.179722 , Empidonax_traillii #0.179722 ) #0.179722 , ((((((Catharus_ustulatus #0.179722 , Ficedula_albicollis #0.179722 ) #0.179722 , Sturnus_vulgaris #0.179722 ) #0.179722 , Stachyridopsis_ruficeps #0.179722 ) #0.179722 , ((Parus_major #0.179722 , Cyanistes_caeruleus #0.179722 ) #0.179722 , Pseudopodoces_humilis #0.179722 ) #0.179722 ) #0.179722 , ((Zonotrichia_albicollis #0.179722 , (Camarhynchus_parvulus #0.179722 , Geospiza_fortis #0.179722 ) #0.179722 ) #0.179722 , ((Passer_domesticus #0.179722 , (Molothrus_ater #0.179722 , Serinus_canaria #0.179722 ) #0.179722 ) #0.179722 , ((Lonchura_Striata_domestica #0.179722 , Taeniopygia_guttata #0.179722 ) #0.179722 , Erythrura_gouldiae #0.179722 ) #0.179722 ) #0.179722 ) #0.179722 ) #0.179722 , ((Oriolus_oriolus #0.179722 , (Corvus_brachyrhynchos #0.179722 , Corvus_moneduloides #0.179722 ) #0.179722 ) #0.179722 , Malurus_cyaneus #0.179722 ) #0.179722 ) #0.179722 ) #0.179722 ) #0.179722 ) #0.179722 , ((Columba_livia #0.179722 , Opisthocomus_hoazin #0.179722 ) #0.179722 , ((Cariama_cristata #0.179722 , ((Balearica_regulorum_gibbericeps #0.179722 , Chlamydotis_macqueenii #0.179722 ) #0.179722 , ((Rhynochetus_jubatus #0.179722 , Eurypyga_helias #0.179722 ) #0.179722 , Mesitornis_unicolor #0.179722 ) #0.179722 ) #0.179722 ) #0.179722 , (Pterocles_gutturalis #0.179722 , (Phaethon_lepturus #0.179722 , (((Egretta_garzetta #0.179722 , Nipponia_nippon #0.179722 ) #0.179722 , Pelecanus_crispus #0.179722 ) #0.179722 , Phalacrocorax_carbo #0.179722 ) #0.179722 ) #0.179722 ) #0.179722 ) #0.179722 ) #0.179722 ) #0.179722 ) #0.179722 ) #0.179722 );


Time used: 48:52
