CODONML (in paml version 4.9f, October 2017)  upto_Phalacrocorax_carbo.aln
Model: several dN/dS ratios for branches for branches,  kappa = 1.000 fixed

Codon frequency model: F1x4
ns =  85  ls = 142

Codon usage in sequences
--------------------------------------------------------------------------------------------------------------------------------------
Phe TTT   2   1   2   2   2   4 | Ser TCT   2   3   1   2   2   2 | Tyr TAT   3   4   3   3   2   4 | Cys TGT   1   3   4   3   4   3
    TTC   2   3   3   4   3   2 |     TCC   2   1   0   0   0   1 |     TAC   2   2   2   1   3   1 |     TGC   4   1   3   2   3   2
Leu TTA   2   2   2   2   2   1 |     TCA   2   2   2   2   2   2 | *** TAA   0   0   0   0   0   0 | *** TGA   0   0   0   0   0   0
    TTG   3   4   2   1   3   2 |     TCG   0   0   0   0   0   0 |     TAG   0   0   0   0   0   0 | Trp TGG   1   2   0   1   1   2
--------------------------------------------------------------------------------------------------------------------------------------
Leu CTT   2   2   3   3   4   1 | Pro CCT   3   2   3   2   2   1 | His CAT   4   2   3   2   2   1 | Arg CGT   0   0   1   1   0   1
    CTC   0   0   0   0   0   0 |     CCC   0   0   0   0   0   1 |     CAC   1   3   2   3   1   4 |     CGC   0   1   0   1   1   0
    CTA   1   1   1   1   2   1 |     CCA   0   1   2   2   1   2 | Gln CAA   2   4   6   5   4   4 |     CGA   0   0   0   0   0   0
    CTG  11   8   9   9   9   7 |     CCG   0   1   1   1   1   0 |     CAG   9   7   6   5   7   7 |     CGG   0   1   0   0   0   0
--------------------------------------------------------------------------------------------------------------------------------------
Ile ATT   2   3   3   2   2   2 | Thr ACT   1   0   0   0   0   0 | Asn AAT   4   6   4   4   4   4 | Ser AGT   3   1   2   3   1   4
    ATC   1   1   1   1   1   1 |     ACC   1   1   1   1   1   1 |     AAC   3   3   3   3   3   3 |     AGC   3   4   2   1   2   2
    ATA   2   2   1   1   1   2 |     ACA   6   3   3   2   3   3 | Lys AAA   3   3   2   2   2   3 | Arg AGA   1   2   3   4   4   2
Met ATG   8   7   8   8   8   7 |     ACG   0   0   0   0   0   0 |     AAG   5   4   4   4   4   4 |     AGG   3   1   2   1   2   1
--------------------------------------------------------------------------------------------------------------------------------------
Val GTT   2   1   1   3   1   2 | Ala GCT   4   3   5   4   5   2 | Asp GAT   4   2   3   3   4   4 | Gly GGT   2   2   2   1   2   1
    GTC   2   3   2   2   2   3 |     GCC   5   3   3   4   3   2 |     GAC   2   3   4   3   4   1 |     GGC   0   1   2   1   1   1
    GTA   1   1   1   1   1   1 |     GCA   0   1   1   1   1   1 | Glu GAA   3   4   4   5   5   5 |     GGA   4   3   4   4   4   4
    GTG   4   5   4   5   5   5 |     GCG   0   0   1   0   0   1 |     GAG   1   1   1   2   1   1 |     GGG   0   2   1   1   1   2
--------------------------------------------------------------------------------------------------------------------------------------

--------------------------------------------------------------------------------------------------------------------------------------
Phe TTT   3   3   3   2   2   2 | Ser TCT   1   1   1   2   2   3 | Tyr TAT   4   4   4   3   3   3 | Cys TGT   3   4   3   2   3   1
    TTC   2   2   1   2   2   2 |     TCC   1   1   1   2   2   1 |     TAC   1   1   1   2   3   2 |     TGC   2   2   2   3   2   3
Leu TTA   1   2   1   2   2   2 |     TCA   2   2   2   2   2   2 | *** TAA   0   0   0   0   0   0 | *** TGA   0   0   0   0   0   0
    TTG   2   2   2   2   3   2 |     TCG   0   0   0   0   0   0 |     TAG   0   0   0   0   0   0 | Trp TGG   2   2   1   1   1   0
--------------------------------------------------------------------------------------------------------------------------------------
Leu CTT   2   3   2   3   2   1 | Pro CCT   2   3   3   2   3   2 | His CAT   1   2   1   1   2   4 | Arg CGT   1   0   1   2   1   0
    CTC   0   0   0   0   0   0 |     CCC   1   0   0   1   0   0 |     CAC   4   3   4   1   2   4 |     CGC   0   0   0   0   0   0
    CTA   1   1   1   2   3   1 |     CCA   2   2   2   1   1   3 | Gln CAA   3   4   4   3   4   3 |     CGA   0   0   0   0   0   0
    CTG   7   7   7   8   9   7 |     CCG   0   0   0   0   0   1 |     CAG   8   7   7   6   6   6 |     CGG   0   0   0   2   0   1
--------------------------------------------------------------------------------------------------------------------------------------
Ile ATT   3   3   3   2   3   3 | Thr ACT   0   0   0   0   0   1 | Asn AAT   3   4   3   4   4   2 | Ser AGT   3   2   3   1   3   3
    ATC   2   2   2   1   1   1 |     ACC   1   1   1   1   1   1 |     AAC   3   2   3   4   4   4 |     AGC   3   3   2   3   0   3
    ATA   2   2   2   1   1   2 |     ACA   3   3   3   3   4   4 | Lys AAA   1   1   1   3   2   1 | Arg AGA   2   3   3   3   4   2
Met ATG   7   7   7   9   8   7 |     ACG   0   0   0   0   0   0 |     AAG   5   5   5   3   4   3 |     AGG   1   1   1   1   2   1
--------------------------------------------------------------------------------------------------------------------------------------
Val GTT   1   1   1   1   1   3 | Ala GCT   3   3   3   4   4   2 | Asp GAT   5   5   5   4   4   5 | Gly GGT   1   1   1   3   4   2
    GTC   2   2   2   3   3   3 |     GCC   2   2   1   4   4   4 |     GAC   1   1   1   3   1   0 |     GGC   1   1   1   1   1   1
    GTA   1   1   1   0   2   1 |     GCA   1   1   3   1   0   1 | Glu GAA   5   6   6   4   3   4 |     GGA   4   3   3   4   3   3
    GTG   6   6   5   6   3   6 |     GCG   0   1   0   0   1   0 |     GAG   1   0   1   1   1   0 |     GGG   2   1   2   2   2   3
--------------------------------------------------------------------------------------------------------------------------------------

--------------------------------------------------------------------------------------------------------------------------------------
Phe TTT   1   1   1   1   1   1 | Ser TCT   2   2   1   1   2   2 | Tyr TAT   4   3   4   2   2   2 | Cys TGT   0   0   0   0   0   0
    TTC   2   2   2   2   2   2 |     TCC   2   2   3   2   2   2 |     TAC   2   3   2   4   4   4 |     TGC   3   3   3   3   3   3
Leu TTA   1   2   1   3   0   0 |     TCA   2   2   1   2   2   1 | *** TAA   0   0   0   0   0   0 | *** TGA   0   0   0   0   0   0
    TTG   3   2   3   0   2   3 |     TCG   0   0   1   0   0   1 |     TAG   0   0   0   0   0   0 | Trp TGG   1   1   1   1   1   1
--------------------------------------------------------------------------------------------------------------------------------------
Leu CTT   2   3   3   2   4   4 | Pro CCT   0   2   1   2   2   2 | His CAT   0   0   0   2   0   0 | Arg CGT   2   2   1   1   1   1
    CTC   2   1   1   2   1   1 |     CCC   2   0   2   2   1   1 |     CAC   3   3   3   2   3   3 |     CGC   0   0   0   1   1   1
    CTA   1   0   1   1   2   2 |     CCA   3   4   2   1   2   2 | Gln CAA   5   5   5   4   5   5 |     CGA   1   1   2   1   1   1
    CTG   6   7   6   7   7   6 |     CCG   2   1   2   2   1   1 |     CAG   7   7   7   8   7   7 |     CGG   1   1   1   1   1   1
--------------------------------------------------------------------------------------------------------------------------------------
Ile ATT   2   2   2   3   1   2 | Thr ACT   0   0   0   0   1   0 | Asn AAT   3   3   3   3   5   4 | Ser AGT   3   2   2   2   2   3
    ATC   3   3   3   2   3   3 |     ACC   2   2   2   2   2   2 |     AAC   4   4   4   3   2   3 |     AGC   2   3   3   3   3   2
    ATA   1   1   1   1   1   1 |     ACA   2   2   2   3   3   3 | Lys AAA   3   4   3   4   5   5 | Arg AGA   2   2   2   2   1   1
Met ATG   7   6   6   7   6   6 |     ACG   1   1   1   0   0   0 |     AAG   3   2   3   2   2   2 |     AGG   1   1   1   1   1   1
--------------------------------------------------------------------------------------------------------------------------------------
Val GTT   3   3   3   3   3   3 | Ala GCT   3   2   3   4   3   3 | Asp GAT   2   4   4   4   4   4 | Gly GGT   3   5   3   3   4   3
    GTC   1   1   1   1   1   1 |     GCC   4   4   4   4   4   4 |     GAC   4   2   2   2   2   2 |     GGC   2   1   3   2   2   2
    GTA   1   1   1   1   2   2 |     GCA   1   1   2   1   1   1 | Glu GAA   4   4   3   4   4   4 |     GGA   3   3   3   3   4   5
    GTG   3   4   4   3   3   3 |     GCG   1   1   0   1   1   1 |     GAG   2   2   2   2   2   2 |     GGG   3   3   3   3   1   1
--------------------------------------------------------------------------------------------------------------------------------------

--------------------------------------------------------------------------------------------------------------------------------------
Phe TTT   1   1   1   1   1   1 | Ser TCT   2   2   2   2   2   4 | Tyr TAT   2   2   2   2   2   1 | Cys TGT   0   0   0   0   0   1
    TTC   2   2   2   2   3   2 |     TCC   2   2   2   2   2   0 |     TAC   4   4   4   4   4   5 |     TGC   2   3   2   2   3   3
Leu TTA   0   0   0   0   1   1 |     TCA   1   1   1   2   1   1 | *** TAA   0   0   0   0   0   0 | *** TGA   0   0   0   0   0   0
    TTG   2   2   2   2   2   3 |     TCG   1   1   1   0   1   1 |     TAG   0   0   0   0   0   0 | Trp TGG   1   1   1   1   1   1
--------------------------------------------------------------------------------------------------------------------------------------
Leu CTT   4   4   4   4   3   2 | Pro CCT   2   1   2   2   3   1 | His CAT   0   0   0   0   0   0 | Arg CGT   1   2   1   1   1   2
    CTC   1   1   1   1   1   1 |     CCC   1   1   1   1   2   2 |     CAC   3   3   3   3   2   3 |     CGC   2   0   2   2   1   1
    CTA   2   2   2   2   2   2 |     CCA   2   3   2   2   1   2 | Gln CAA   5   6   5   5   5   3 |     CGA   1   1   1   1   1   0
    CTG   7   7   7   7   6   6 |     CCG   1   1   1   1   2   1 |     CAG   7   6   7   7   7   7 |     CGG   1   1   1   1   1   2
--------------------------------------------------------------------------------------------------------------------------------------
Ile ATT   2   2   2   2   1   2 | Thr ACT   0   1   0   0   0   1 | Asn AAT   4   3   4   4   4   3 | Ser AGT   3   3   3   3   3   2
    ATC   3   3   3   3   3   2 |     ACC   2   2   2   2   2   2 |     AAC   3   3   3   3   3   3 |     AGC   2   2   2   2   2   4
    ATA   1   1   1   1   1   1 |     ACA   3   3   3   3   3   3 | Lys AAA   5   5   5   5   5   4 | Arg AGA   1   1   1   1   1   2
Met ATG   6   6   6   6   6   6 |     ACG   0   0   0   0   0   0 |     AAG   2   2   2   2   2   3 |     AGG   1   1   1   1   1   1
--------------------------------------------------------------------------------------------------------------------------------------
Val GTT   3   3   3   3   3   4 | Ala GCT   3   3   3   3   3   3 | Asp GAT   4   4   4   4   4   4 | Gly GGT   3   3   3   3   4   2
    GTC   1   1   1   1   1   2 |     GCC   4   4   4   4   4   4 |     GAC   2   2   2   2   2   2 |     GGC   2   2   2   2   2   2
    GTA   2   2   2   2   2   0 |     GCA   1   1   1   1   1   1 | Glu GAA   4   4   4   4   4   4 |     GGA   4   4   4   4   4   4
    GTG   2   2   3   3   3   4 |     GCG   2   2   1   1   1   1 |     GAG   2   2   2   2   2   2 |     GGG   2   2   2   2   1   2
--------------------------------------------------------------------------------------------------------------------------------------

--------------------------------------------------------------------------------------------------------------------------------------
Phe TTT   1   2   1   1   1   1 | Ser TCT   3   3   2   3   3   3 | Tyr TAT   1   2   2   2   3   2 | Cys TGT   1   2   0   0   0   0
    TTC   2   2   2   2   3   2 |     TCC   2   2   2   1   1   1 |     TAC   4   4   4   4   3   4 |     TGC   3   1   3   4   2   3
Leu TTA   1   1   1   1   1   1 |     TCA   0   1   1   1   1   1 | *** TAA   0   0   0   0   0   0 | *** TGA   0   0   0   0   0   0
    TTG   2   3   3   3   2   2 |     TCG   2   1   1   1   0   1 |     TAG   0   0   0   0   0   0 | Trp TGG   1   1   1   1   1   1
--------------------------------------------------------------------------------------------------------------------------------------
Leu CTT   3   3   4   3   3   3 | Pro CCT   1   3   2   1   3   2 | His CAT   0   0   0   1   2   1 | Arg CGT   1   1   1   0   0   1
    CTC   1   1   0   1   1   0 |     CCC   1   1   1   3   1   2 |     CAC   3   2   2   3   3   2 |     CGC   2   3   2   1   1   1
    CTA   1   1   1   1   2   1 |     CCA   2   2   3   2   3   1 | Gln CAA   3   5   5   6   3   5 |     CGA   1   0   2   0   1   0
    CTG   7   6   6   7   6   8 |     CCG   1   0   1   1   0   2 |     CAG   8   6   6   5   6   8 |     CGG   2   2   2   2   2   1
--------------------------------------------------------------------------------------------------------------------------------------
Ile ATT   2   3   2   3   3   3 | Thr ACT   1   1   0   0   0   0 | Asn AAT   4   4   3   3   4   4 | Ser AGT   1   2   5   3   2   1
    ATC   2   1   2   2   2   2 |     ACC   2   2   3   2   2   2 |     AAC   2   3   3   3   3   3 |     AGC   4   3   1   3   3   5
    ATA   1   1   1   1   1   1 |     ACA   3   3   3   2   3   3 | Lys AAA   3   5   4   4   4   4 | Arg AGA   1   1   2   2   2   2
Met ATG   6   5   6   6   6   6 |     ACG   0   1   0   1   0   0 |     AAG   3   2   2   2   2   2 |     AGG   1   1   0   1   1   1
--------------------------------------------------------------------------------------------------------------------------------------
Val GTT   4   3   3   3   4   3 | Ala GCT   3   4   2   3   4   3 | Asp GAT   4   4   4   3   4   4 | Gly GGT   3   2   4   4   3   3
    GTC   2   2   1   2   3   1 |     GCC   4   4   5   3   3   4 |     GAC   3   2   2   3   2   2 |     GGC   3   2   2   3   1   2
    GTA   0   0   1   0   0   0 |     GCA   1   0   2   0   2   2 | Glu GAA   3   4   3   3   3   4 |     GGA   3   3   2   2   3   3
    GTG   4   4   4   5   3   5 |     GCG   1   2   0   2   0   0 |     GAG   3   2   3   2   2   2 |     GGG   2   2   3   2   3   2
--------------------------------------------------------------------------------------------------------------------------------------

--------------------------------------------------------------------------------------------------------------------------------------
Phe TTT   1   1   1   0   1   1 | Ser TCT   3   3   3   3   3   1 | Tyr TAT   2   2   2   2   2   2 | Cys TGT   0   0   0   0   0   0
    TTC   2   2   2   3   2   1 |     TCC   1   1   1   1   1   3 |     TAC   4   4   3   4   4   3 |     TGC   3   3   3   3   3   4
Leu TTA   1   1   1   1   1   1 |     TCA   1   1   0   0   0   2 | *** TAA   0   0   0   0   0   0 | *** TGA   0   0   0   0   0   0
    TTG   2   2   4   3   3   3 |     TCG   1   1   2   2   2   0 |     TAG   0   0   0   0   0   0 | Trp TGG   1   1   1   1   1   1
--------------------------------------------------------------------------------------------------------------------------------------
Leu CTT   3   3   2   3   3   4 | Pro CCT   2   2   1   2   2   2 | His CAT   1   1   0   0   0   1 | Arg CGT   1   1   1   1   1   1
    CTC   1   1   1   1   1   2 |     CCC   2   2   2   2   2   2 |     CAC   2   2   3   2   2   3 |     CGC   1   1   2   2   2   1
    CTA   1   1   2   1   1   1 |     CCA   1   2   3   2   2   1 | Gln CAA   5   5   5   5   5   6 |     CGA   0   0   1   0   0   0
    CTG   7   7   5   7   7   5 |     CCG   2   1   0   0   0   1 |     CAG   8   8   8   8   8   6 |     CGG   1   1   1   1   1   0
--------------------------------------------------------------------------------------------------------------------------------------
Ile ATT   3   2   3   2   2   3 | Thr ACT   0   0   0   1   1   2 | Asn AAT   4   4   4   4   4   2 | Ser AGT   1   1   2   2   1   0
    ATC   2   2   2   3   3   3 |     ACC   2   2   2   2   2   3 |     AAC   3   3   3   2   2   5 |     AGC   4   4   3   4   5   4
    ATA   1   2   1   1   1   0 |     ACA   3   3   3   3   3   2 | Lys AAA   4   4   2   4   4   5 | Arg AGA   2   2   2   2   2   2
Met ATG   6   6   6   7   7   6 |     ACG   0   0   0   0   0   0 |     AAG   2   2   2   2   2   2 |     AGG   1   1   1   1   1   1
--------------------------------------------------------------------------------------------------------------------------------------
Val GTT   3   3   3   2   2   1 | Ala GCT   3   3   4   3   3   3 | Asp GAT   4   4   4   4   4   3 | Gly GGT   3   3   3   2   2   3
    GTC   1   1   2   2   2   3 |     GCC   4   3   4   4   4   4 |     GAC   2   2   2   2   2   2 |     GGC   3   3   2   3   3   3
    GTA   0   0   0   0   0   1 |     GCA   2   2   1   1   1   0 | Glu GAA   4   4   5   4   4   5 |     GGA   3   3   4   3   3   3
    GTG   5   5   4   3   3   3 |     GCG   0   1   1   1   1   1 |     GAG   2   2   2   2   2   2 |     GGG   2   2   2   3   3   4
--------------------------------------------------------------------------------------------------------------------------------------

--------------------------------------------------------------------------------------------------------------------------------------
Phe TTT   1   1   1   1   1   1 | Ser TCT   3   3   3   3   4   3 | Tyr TAT   1   1   1   1   1   2 | Cys TGT   0   0   0   0   0   0
    TTC   2   2   2   2   3   2 |     TCC   1   1   1   1   1   1 |     TAC   4   5   5   5   4   4 |     TGC   4   3   3   3   4   3
Leu TTA   1   1   1   1   1   1 |     TCA   1   1   1   1   0   2 | *** TAA   0   0   0   0   0   0 | *** TGA   0   0   0   0   0   0
    TTG   2   2   2   2   3   2 |     TCG   0   0   0   0   0   0 |     TAG   0   0   0   0   0   0 | Trp TGG   1   1   1   1   1   1
--------------------------------------------------------------------------------------------------------------------------------------
Leu CTT   3   3   4   4   3   3 | Pro CCT   2   3   2   2   2   2 | His CAT   1   1   1   1   1   0 | Arg CGT   0   1   0   0   1   1
    CTC   1   1   1   1   1   1 |     CCC   2   1   2   2   1   2 |     CAC   4   4   5   5   3   4 |     CGC   1   1   0   0   1   1
    CTA   0   0   0   0   0   0 |     CCA   3   3   3   3   3   4 | Gln CAA   5   5   5   5   5   5 |     CGA   0   0   0   0   0   0
    CTG   8   8   8   8   7   8 |     CCG   0   0   0   0   1   0 |     CAG   6   5   7   7   4   4 |     CGG   2   2   1   1   4   2
--------------------------------------------------------------------------------------------------------------------------------------
Ile ATT   3   4   3   3   3   5 | Thr ACT   0   0   0   0   0   0 | Asn AAT   4   4   4   4   4   3 | Ser AGT   1   1   1   1   1   2
    ATC   2   2   1   1   1   2 |     ACC   2   2   2   2   2   2 |     AAC   2   2   2   2   3   3 |     AGC   4   4   4   4   4   4
    ATA   1   1   1   1   1   1 |     ACA   2   2   2   2   3   3 | Lys AAA   3   4   6   6   3   4 | Arg AGA   2   2   2   2   3   1
Met ATG   6   6   7   7   6   6 |     ACG   1   1   0   0   0   0 |     AAG   4   3   1   1   2   5 |     AGG   1   1   1   1   1   1
--------------------------------------------------------------------------------------------------------------------------------------
Val GTT   4   2   3   3   4   1 | Ala GCT   3   3   3   3   2   3 | Asp GAT   4   4   4   4   4   4 | Gly GGT   3   3   3   3   3   3
    GTC   1   2   2   2   2   2 |     GCC   4   4   4   4   4   4 |     GAC   2   2   2   2   2   2 |     GGC   3   3   3   3   3   3
    GTA   0   0   0   0   0   0 |     GCA   3   2   2   2   1   0 | Glu GAA   3   3   3   3   3   4 |     GGA   3   3   3   3   3   3
    GTG   4   4   3   3   5   4 |     GCG   1   2   3   3   3   2 |     GAG   2   2   2   2   1   1 |     GGG   2   2   2   2   2   2
--------------------------------------------------------------------------------------------------------------------------------------

--------------------------------------------------------------------------------------------------------------------------------------
Phe TTT   1   1   1   1   1   1 | Ser TCT   3   3   3   3   2   2 | Tyr TAT   2   1   2   2   2   3 | Cys TGT   0   0   0   0   1   1
    TTC   2   2   2   2   2   2 |     TCC   1   1   1   3   2   2 |     TAC   4   4   4   4   2   2 |     TGC   3   4   3   3   3   2
Leu TTA   1   1   1   1   0   1 |     TCA   1   2   1   1   2   2 | *** TAA   0   0   0   0   0   0 | *** TGA   0   0   0   0   0   0
    TTG   2   2   2   3   2   2 |     TCG   1   0   2   1   0   0 |     TAG   0   0   0   0   0   0 | Trp TGG   1   1   1   1   1   1
--------------------------------------------------------------------------------------------------------------------------------------
Leu CTT   3   3   3   3   2   3 | Pro CCT   2   2   2   3   2   3 | His CAT   0   1   0   1   0   0 | Arg CGT   2   0   1   0   2   2
    CTC   1   1   1   1   2   1 |     CCC   2   2   2   0   2   1 |     CAC   4   4   4   3   3   4 |     CGC   0   1   1   1   0   0
    CTA   0   0   0   1   2   1 |     CCA   2   2   1   3   2   2 | Gln CAA   5   5   5   3   5   6 |     CGA   0   0   0   1   1   2
    CTG   8   8   8   6   7   8 |     CCG   2   1   1   0   1   0 |     CAG   6   6   7   8   7   7 |     CGG   1   2   1   2   0   0
--------------------------------------------------------------------------------------------------------------------------------------
Ile ATT   5   4   3   3   3   2 | Thr ACT   0   0   0   0   0   0 | Asn AAT   4   4   4   4   3   4 | Ser AGT   1   1   1   2   3   3
    ATC   2   2   2   2   3   4 |     ACC   2   2   1   2   2   2 |     AAC   3   3   2   2   4   4 |     AGC   4   4   5   3   3   2
    ATA   1   1   1   1   0   1 |     ACA   3   3   3   3   1   2 | Lys AAA   4   2   4   4   4   4 | Arg AGA   1   2   2   2   3   2
Met ATG   6   6   6   6   7   6 |     ACG   0   0   1   0   0   1 |     AAG   4   4   2   2   2   2 |     AGG   1   1   1   1   2   1
--------------------------------------------------------------------------------------------------------------------------------------
Val GTT   1   2   3   3   3   2 | Ala GCT   3   3   3   3   3   3 | Asp GAT   4   4   4   4   3   2 | Gly GGT   4   3   3   3   2   2
    GTC   2   2   2   1   1   1 |     GCC   4   4   4   2   4   3 |     GAC   2   2   3   3   3   3 |     GGC   2   3   2   2   2   3
    GTA   0   0   0   1   0   1 |     GCA   1   0   2   3   3   3 | Glu GAA   4   5   2   4   4   3 |     GGA   3   3   4   3   3   4
    GTG   4   4   3   4   5   4 |     GCG   1   2   1   0   0   0 |     GAG   1   1   3   2   2   2 |     GGG   2   2   2   3   3   2
--------------------------------------------------------------------------------------------------------------------------------------

--------------------------------------------------------------------------------------------------------------------------------------
Phe TTT   1   1   1   2   1   1 | Ser TCT   2   2   1   2   2   2 | Tyr TAT   4   1   4   4   1   3 | Cys TGT   0   0   0   0   0   0
    TTC   2   2   2   1   2   2 |     TCC   2   2   2   2   2   1 |     TAC   2   5   2   2   5   2 |     TGC   3   3   3   3   2   4
Leu TTA   1   2   1   0   1   1 |     TCA   2   2   2   2   3   2 | *** TAA   0   0   0   0   0   0 | *** TGA   0   0   0   0   0   0
    TTG   3   1   3   4   2   2 |     TCG   0   1   0   0   0   1 |     TAG   0   0   0   0   0   0 | Trp TGG   1   1   1   1   1   1
--------------------------------------------------------------------------------------------------------------------------------------
Leu CTT   3   2   3   3   4   3 | Pro CCT   2   2   1   2   2   4 | His CAT   0   1   1   0   0   1 | Arg CGT   2   1   2   2   1   0
    CTC   1   2   1   1   2   1 |     CCC   1   2   1   0   2   0 |     CAC   3   3   2   3   4   3 |     CGC   0   1   0   0   3   1
    CTA   2   1   1   2   0   1 |     CCA   2   2   3   3   1   1 | Gln CAA   5   5   4   5   5   4 |     CGA   1   1   1   1   0   1
    CTG   5   7   6   5   7   7 |     CCG   1   0   1   1   0   1 |     CAG   8   7   8   7   7   8 |     CGG   1   1   1   1   0   0
--------------------------------------------------------------------------------------------------------------------------------------
Ile ATT   2   2   2   2   1   3 | Thr ACT   1   0   0   0   0   0 | Asn AAT   3   2   3   4   3   4 | Ser AGT   3   3   1   1   1   3
    ATC   3   3   3   3   3   3 |     ACC   1   2   2   1   2   2 |     AAC   4   4   4   3   3   4 |     AGC   2   2   3   3   4   2
    ATA   1   1   1   1   1   1 |     ACA   2   3   3   2   2   3 | Lys AAA   3   5   4   3   4   5 | Arg AGA   2   2   2   2   1   3
Met ATG   7   6   6   6   6   6 |     ACG   0   0   0   3   2   0 |     AAG   3   1   2   3   2   2 |     AGG   1   1   1   1   2   1
--------------------------------------------------------------------------------------------------------------------------------------
Val GTT   3   3   3   3   3   2 | Ala GCT   3   3   4   3   3   2 | Asp GAT   4   4   4   4   4   3 | Gly GGT   4   1   2   5   3   3
    GTC   1   1   1   1   1   1 |     GCC   3   5   4   5   4   5 |     GAC   2   2   2   2   3   3 |     GGC   2   2   3   1   2   1
    GTA   2   1   1   1   1   1 |     GCA   3   2   1   0   1   1 | Glu GAA   5   3   3   4   4   3 |     GGA   3   3   3   3   3   2
    GTG   3   4   4   4   4   3 |     GCG   0   0   1   1   1   3 |     GAG   1   3   2   2   2   2 |     GGG   2   4   3   3   3   4
--------------------------------------------------------------------------------------------------------------------------------------

--------------------------------------------------------------------------------------------------------------------------------------
Phe TTT   1   1   1   1   1   1 | Ser TCT   3   2   2   3   2   2 | Tyr TAT   4   2   2   3   2   2 | Cys TGT   0   0   0   0   1   0
    TTC   2   2   2   2   3   2 |     TCC   1   2   1   1   2   2 |     TAC   2   3   4   3   3   4 |     TGC   2   3   2   2   2   2
Leu TTA   1   1   1   0   1   1 |     TCA   3   2   2   0   1   2 | *** TAA   0   0   0   0   0   0 | *** TGA   0   0   0   0   0   0
    TTG   3   2   2   2   2   2 |     TCG   0   0   0   2   0   1 |     TAG   0   0   0   0   0   0 | Trp TGG   1   1   1   1   1   1
--------------------------------------------------------------------------------------------------------------------------------------
Leu CTT   2   3   2   2   3   3 | Pro CCT   1   3   3   1   4   3 | His CAT   2   0   0   2   0   0 | Arg CGT   1   1   1   1   0   0
    CTC   2   1   1   2   1   1 |     CCC   1   2   1   2   1   1 |     CAC   2   2   4   3   4   3 |     CGC   1   1   1   1   2   3
    CTA   1   1   1   2   2   1 |     CCA   3   3   2   3   2   3 | Gln CAA   4   5   5   5   3   5 |     CGA   1   1   1   0   0   1
    CTG   7   7   8   7   6   7 |     CCG   0   0   1   1   1   0 |     CAG   6   8   7   6   8   7 |     CGG   1   1   1   3   2   1
--------------------------------------------------------------------------------------------------------------------------------------
Ile ATT   2   2   3   2   2   2 | Thr ACT   1   0   0   1   0   1 | Asn AAT   3   4   4   2   1   3 | Ser AGT   3   2   1   1   2   1
    ATC   3   2   2   2   1   2 |     ACC   2   2   1   2   2   2 |     AAC   4   2   3   2   4   3 |     AGC   3   5   4   6   4   4
    ATA   1   1   1   1   1   1 |     ACA   1   2   2   2   2   1 | Lys AAA   4   2   4   5   4   4 | Arg AGA   1   2   2   1   2   2
Met ATG   6   6   6   6   6   6 |     ACG   2   1   2   0   0   2 |     AAG   4   4   2   2   3   2 |     AGG   1   1   1   1   0   1
--------------------------------------------------------------------------------------------------------------------------------------
Val GTT   3   3   4   2   4   3 | Ala GCT   5   4   4   3   2   4 | Asp GAT   5   3   4   5   4   3 | Gly GGT   2   3   3   3   2   5
    GTC   1   1   0   1   1   1 |     GCC   3   4   4   4   3   3 |     GAC   1   3   3   1   2   2 |     GGC   0   1   3   3   4   1
    GTA   1   1   1   0   1   1 |     GCA   2   2   1   3   3   2 | Glu GAA   4   3   3   3   3   3 |     GGA   2   2   1   2   2   3
    GTG   3   4   4   5   4   4 |     GCG   2   0   1   1   2   0 |     GAG   2   3   2   3   2   3 |     GGG   4   4   4   3   3   3
--------------------------------------------------------------------------------------------------------------------------------------

--------------------------------------------------------------------------------------------------------------------------------------
Phe TTT   1   1   1   1   1   1 | Ser TCT   2   2   2   2   2   2 | Tyr TAT   2   2   2   3   3   2 | Cys TGT   0   0   1   0   0   0
    TTC   2   2   2   2   2   2 |     TCC   2   2   2   2   2   3 |     TAC   4   4   4   3   3   4 |     TGC   2   3   3   3   3   3
Leu TTA   0   1   1   1   1   1 |     TCA   2   2   3   2   1   1 | *** TAA   0   0   0   0   0   0 | *** TGA   0   0   0   0   0   0
    TTG   4   3   2   3   2   2 |     TCG   0   0   1   0   1   0 |     TAG   0   0   0   0   0   0 | Trp TGG   1   1   1   1   1   1
--------------------------------------------------------------------------------------------------------------------------------------
Leu CTT   3   3   2   3   3   2 | Pro CCT   2   1   3   1   2   3 | His CAT   1   0   0   1   0   0 | Arg CGT   1   1   1   0   1   0
    CTC   2   2   3   2   1   1 |     CCC   1   2   2   3   2   1 |     CAC   2   4   3   3   4   3 |     CGC   3   1   2   1   2   1
    CTA   1   1   0   1   2   1 |     CCA   2   3   1   3   3   2 | Gln CAA   4   4   5   5   4   4 |     CGA   2   2   0   1   1   2
    CTG   7   6   7   6   6   8 |     CCG   2   1   0   0   0   1 |     CAG   8   7   6   5   8   7 |     CGG   1   2   1   0   0   0
--------------------------------------------------------------------------------------------------------------------------------------
Ile ATT   2   1   2   3   3   3 | Thr ACT   0   0   0   0   0   0 | Asn AAT   3   4   2   2   3   3 | Ser AGT   2   1   3   3   4   2
    ATC   1   2   3   2   2   2 |     ACC   2   2   2   2   2   2 |     AAC   4   4   4   4   3   3 |     AGC   1   1   4   4   2   3
    ATA   1   1   1   1   1   1 |     ACA   1   2   2   1   3   3 | Lys AAA   2   3   4   4   5   4 | Arg AGA   2   1   2   2   1   3
Met ATG   5   6   6   6   6   6 |     ACG   2   1   1   1   0   0 |     AAG   3   3   2   4   2   2 |     AGG   1   1   1   2   1   3
--------------------------------------------------------------------------------------------------------------------------------------
Val GTT   3   3   3   3   3   2 | Ala GCT   4   3   3   4   3   4 | Asp GAT   3   2   4   4   4   4 | Gly GGT   3   3   3   4   4   1
    GTC   2   2   1   1   1   2 |     GCC   3   5   4   2   4   3 |     GAC   3   4   2   2   1   2 |     GGC   3   2   1   0   2   2
    GTA   1   1   1   1   1   2 |     GCA   1   2   2   2   1   2 | Glu GAA   4   4   4   4   4   3 |     GGA   3   3   3   3   3   3
    GTG   4   4   4   4   4   3 |     GCG   1   0   0   2   1   0 |     GAG   2   2   2   2   2   2 |     GGG   3   3   2   2   2   3
--------------------------------------------------------------------------------------------------------------------------------------

--------------------------------------------------------------------------------------------------------------------------------------
Phe TTT   1   3   3   2   2   2 | Ser TCT   2   2   2   2   2   1 | Tyr TAT   2   2   2   2   2   2 | Cys TGT   1   1   1   2   1   1
    TTC   2   1   1   1   1   1 |     TCC   2   2   2   3   3   3 |     TAC   4   3   3   4   4   4 |     TGC   2   3   3   1   1   2
Leu TTA   1   2   2   2   2   2 |     TCA   2   2   2   2   2   2 | *** TAA   0   0   0   0   0   0 | *** TGA   0   0   0   0   0   0
    TTG   2   2   2   2   2   2 |     TCG   0   0   0   0   0   0 |     TAG   0   0   0   0   0   0 | Trp TGG   1   1   1   1   1   1
--------------------------------------------------------------------------------------------------------------------------------------
Leu CTT   2   2   2   2   2   2 | Pro CCT   3   3   3   2   2   1 | His CAT   1   1   1   2   2   2 | Arg CGT   1   1   1   0   1   0
    CTC   2   3   3   2   3   3 |     CCC   1   1   1   1   2   4 |     CAC   2   3   3   3   3   4 |     CGC   1   1   1   1   1   2
    CTA   1   0   0   0   0   0 |     CCA   3   3   3   2   2   1 | Gln CAA   5   4   4   4   4   1 |     CGA   1   1   1   0   1   2
    CTG   7   5   5   6   5   6 |     CCG   0   0   0   2   1   1 |     CAG   7   7   7   7   7   8 |     CGG   1   1   1   0   1   2
--------------------------------------------------------------------------------------------------------------------------------------
Ile ATT   3   3   3   2   3   3 | Thr ACT   0   2   2   2   2   1 | Asn AAT   3   3   3   4   4   1 | Ser AGT   2   2   2   2   2   1
    ATC   3   2   2   2   2   2 |     ACC   2   2   2   2   2   2 |     AAC   4   4   4   3   3   4 |     AGC   2   4   4   3   3   8
    ATA   1   1   1   2   2   1 |     ACA   3   1   1   1   1   0 | Lys AAA   4   3   3   3   3   1 | Arg AGA   2   2   2   2   2   1
Met ATG   6   8   8   8   8   6 |     ACG   0   0   0   0   0   2 |     AAG   2   3   3   2   2   4 |     AGG   1   2   2   2   2   1
--------------------------------------------------------------------------------------------------------------------------------------
Val GTT   2   2   2   4   3   2 | Ala GCT   3   5   5   4   4   3 | Asp GAT   4   3   3   3   3   2 | Gly GGT   3   2   2   2   2   1
    GTC   1   1   1   1   1   1 |     GCC   4   3   3   4   4   4 |     GAC   2   1   1   2   2   3 |     GGC   2   1   1   1   1   2
    GTA   1   2   2   1   1   2 |     GCA   1   2   2   2   2   1 | Glu GAA   3   5   5   6   5   4 |     GGA   3   3   3   3   3   4
    GTG   4   3   3   3   3   3 |     GCG   1   0   0   0   0   2 |     GAG   3   1   1   1   1   2 |     GGG   4   3   3   3   3   3
--------------------------------------------------------------------------------------------------------------------------------------

--------------------------------------------------------------------------------------------------------------------------------------
Phe TTT   2   2   2   2   2   2 | Ser TCT   3   2   2   2   2   2 | Tyr TAT   2   2   3   3   3   3 | Cys TGT   0   1   2   1   1   1
    TTC   1   1   2   1   1   1 |     TCC   2   1   1   2   2   2 |     TAC   4   4   3   3   3   3 |     TGC   4   2   1   2   2   2
Leu TTA   2   2   1   1   1   1 |     TCA   2   2   3   3   3   3 | *** TAA   0   0   0   0   0   0 | *** TGA   0   0   0   0   0   0
    TTG   2   2   2   2   2   2 |     TCG   0   1   0   0   0   0 |     TAG   0   0   0   0   0   0 | Trp TGG   1   1   1   1   1   1
--------------------------------------------------------------------------------------------------------------------------------------
Leu CTT   1   2   4   2   2   2 | Pro CCT   3   4   4   4   2   3 | His CAT   2   2   2   1   1   1 | Arg CGT   1   1   1   2   2   2
    CTC   4   3   2   4   4   4 |     CCC   1   1   1   1   2   2 |     CAC   1   3   2   2   2   2 |     CGC   1   2   0   0   0   0
    CTA   0   0   2   0   2   2 |     CCA   2   2   1   1   1   1 | Gln CAA   4   4   6   5   5   5 |     CGA   2   1   2   1   1   1
    CTG   5   5   4   6   4   4 |     CCG   0   0   0   0   1   0 |     CAG   7   7   5   6   6   6 |     CGG   0   1   1   2   2   2
--------------------------------------------------------------------------------------------------------------------------------------
Ile ATT   4   3   3   3   3   3 | Thr ACT   2   1   0   0   0   0 | Asn AAT   3   2   5   4   3   2 | Ser AGT   2   3   3   2   2   3
    ATC   1   2   2   2   2   2 |     ACC   2   2   2   2   2   2 |     AAC   4   3   4   4   4   3 |     AGC   4   3   3   1   2   2
    ATA   2   1   1   1   1   1 |     ACA   2   3   3   3   3   3 | Lys AAA   4   3   4   5   5   6 | Arg AGA   2   1   2   2   2   2
Met ATG   7   7   6   6   6   6 |     ACG   1   0   0   0   0   0 |     AAG   2   3   2   2   2   2 |     AGG   2   2   1   1   1   1
--------------------------------------------------------------------------------------------------------------------------------------
Val GTT   3   3   2   1   1   1 | Ala GCT   5   5   4   4   4   4 | Asp GAT   3   2   2   2   3   3 | Gly GGT   2   3   3   4   4   4
    GTC   1   1   2   1   1   1 |     GCC   3   2   3   4   3   3 |     GAC   2   3   2   4   3   3 |     GGC   0   0   0   1   1   1
    GTA   0   2   1   1   1   1 |     GCA   2   2   2   1   1   1 | Glu GAA   5   5   4   3   3   3 |     GGA   4   3   4   4   4   4
    GTG   4   3   4   6   6   6 |     GCG   0   1   1   0   1   1 |     GAG   1   1   1   1   1   1 |     GGG   1   3   3   4   4   4
--------------------------------------------------------------------------------------------------------------------------------------

--------------------------------------------------------------------------------------------------------------------------------------
Phe TTT   2   2   2   2   2   2 | Ser TCT   2   3   2   2   2   2 | Tyr TAT   3   3   2   3   3   3 | Cys TGT   1   1   1   1   1   1
    TTC   1   1   3   2   2   2 |     TCC   2   1   1   1   1   1 |     TAC   3   3   3   3   2   2 |     TGC   1   1   2   1   2   2
Leu TTA   1   1   1   1   0   0 |     TCA   3   3   1   2   2   2 | *** TAA   0   0   0   0   0   0 | *** TGA   0   0   0   0   0   0
    TTG   2   2   2   2   3   3 |     TCG   0   0   0   0   0   0 |     TAG   0   0   0   0   0   0 | Trp TGG   1   2   1   1   1   1
--------------------------------------------------------------------------------------------------------------------------------------
Leu CTT   2   2   2   3   2   2 | Pro CCT   3   3   3   3   3   3 | His CAT   2   1   3   3   2   2 | Arg CGT   0   1   1   0   1   1
    CTC   3   3   1   1   0   0 |     CCC   2   2   1   1   1   1 |     CAC   2   2   3   2   3   3 |     CGC   2   2   0   3   1   1
    CTA   2   2   1   1   2   2 |     CCA   1   1   3   1   3   2 | Gln CAA   5   5   3   2   3   3 |     CGA   1   1   1   1   0   0
    CTG   4   4   8   7   9   9 |     CCG   0   0   0   2   0   1 |     CAG   6   6   7   9   8   9 |     CGG   2   1   2   1   0   0
--------------------------------------------------------------------------------------------------------------------------------------
Ile ATT   3   3   2   4   3   3 | Thr ACT   0   1   0   0   1   1 | Asn AAT   3   3   3   4   2   3 | Ser AGT   2   2   1   2   4   3
    ATC   2   2   2   0   1   1 |     ACC   2   2   1   1   1   1 |     AAC   4   4   4   4   4   4 |     AGC   2   2   4   3   2   2
    ATA   1   1   1   1   1   1 |     ACA   3   3   3   4   4   4 | Lys AAA   4   4   3   3   4   5 | Arg AGA   1   2   1   2   4   4
Met ATG   6   6   6   6   6   6 |     ACG   0   0   1   0   0   0 |     AAG   3   3   3   3   4   3 |     AGG   2   1   2   1   2   1
--------------------------------------------------------------------------------------------------------------------------------------
Val GTT   1   1   1   2   2   2 | Ala GCT   5   4   4   5   5   5 | Asp GAT   3   3   3   4   3   3 | Gly GGT   3   3   3   1   3   4
    GTC   2   2   3   3   3   3 |     GCC   3   3   4   3   3   3 |     GAC   3   3   2   1   1   1 |     GGC   2   2   1   1   1   1
    GTA   1   1   2   1   1   1 |     GCA   0   0   2   0   1   1 | Glu GAA   3   3   4   4   3   2 |     GGA   4   4   4   4   3   3
    GTG   6   6   4   4   4   4 |     GCG   1   1   1   2   0   0 |     GAG   1   1   1   1   2   2 |     GGG   4   4   3   4   2   2
--------------------------------------------------------------------------------------------------------------------------------------

------------------------------------------------------
Phe TTT   2 | Ser TCT   2 | Tyr TAT   3 | Cys TGT   1
    TTC   2 |     TCC   1 |     TAC   3 |     TGC   2
Leu TTA   1 |     TCA   2 | *** TAA   0 | *** TGA   0
    TTG   2 |     TCG   0 |     TAG   0 | Trp TGG   1
------------------------------------------------------
Leu CTT   2 | Pro CCT   3 | His CAT   2 | Arg CGT   1
    CTC   0 |     CCC   1 |     CAC   2 |     CGC   0
    CTA   2 |     CCA   2 | Gln CAA   3 |     CGA   0
    CTG   9 |     CCG   1 |     CAG   8 |     CGG   1
------------------------------------------------------
Ile ATT   4 | Thr ACT   1 | Asn AAT   4 | Ser AGT   3
    ATC   1 |     ACC   1 |     AAC   6 |     AGC   2
    ATA   1 |     ACA   4 | Lys AAA   4 | Arg AGA   3
Met ATG   5 |     ACG   0 |     AAG   2 |     AGG   0
------------------------------------------------------
Val GTT   3 | Ala GCT   4 | Asp GAT   3 | Gly GGT   3
    GTC   3 |     GCC   3 |     GAC   1 |     GGC   1
    GTA   1 |     GCA   1 | Glu GAA   2 |     GGA   4
    GTG   5 |     GCG   0 |     GAG   2 |     GGG   2
------------------------------------------------------

Codon position x base (3x4) table for each sequence.

#1: Coturnix_japonica
position  1:    T:0.18705    C:0.23741    A:0.33094    G:0.24460
position  2:    T:0.32374    C:0.18705    A:0.33094    G:0.15827
position  3:    T:0.28058    C:0.20144    A:0.19424    G:0.32374
Average         T:0.26379    C:0.20863    A:0.28537    G:0.24221

#2: Meleagris_gallopavo
position  1:    T:0.20438    C:0.24088    A:0.29927    G:0.25547
position  2:    T:0.32117    C:0.15328    A:0.35036    G:0.17518
position  3:    T:0.25547    C:0.21898    A:0.21168    G:0.31387
Average         T:0.26034    C:0.20438    A:0.28710    G:0.24818

#3: Chrysolophus_pictus
position  1:    T:0.17266    C:0.26619    A:0.28058    G:0.28058
position  2:    T:0.30935    C:0.16547    A:0.33813    G:0.18705
position  3:    T:0.28777    C:0.20144    A:0.23022    G:0.28058
Average         T:0.25659    C:0.21103    A:0.28297    G:0.24940

#4: Syrmaticus_mikado
position  1:    T:0.17037    C:0.25926    A:0.27407    G:0.29630
position  2:    T:0.33333    C:0.15556    A:0.33333    G:0.17778
position  3:    T:0.28148    C:0.20000    A:0.23704    G:0.28148
Average         T:0.26173    C:0.20494    A:0.28148    G:0.25185

#5: Phasianus_colchicus
position  1:    T:0.19424    C:0.24460    A:0.27338    G:0.28777
position  2:    T:0.33094    C:0.15108    A:0.33094    G:0.18705
position  3:    T:0.26619    C:0.20144    A:0.23022    G:0.30216
Average         T:0.26379    C:0.19904    A:0.27818    G:0.25899

#6: Lyrurus_tetrix 
position  1:    T:0.19847    C:0.22901    A:0.29771    G:0.27481
position  2:    T:0.31298    C:0.14504    A:0.35115    G:0.19084
position  3:    T:0.27481    C:0.19084    A:0.23664    G:0.29771
Average         T:0.26209    C:0.18830    A:0.29517    G:0.25445

#7: Lagopus_muta   
position  1:    T:0.18321    C:0.24427    A:0.29771    G:0.27481
position  2:    T:0.32061    C:0.14504    A:0.34351    G:0.19084
position  3:    T:0.27481    C:0.19847    A:0.21374    G:0.31298
Average         T:0.25954    C:0.19593    A:0.28499    G:0.25954

#8: Tympanuchus_cupido
position  1:    T:0.19697    C:0.24242    A:0.29545    G:0.26515
position  2:    T:0.33333    C:0.15152    A:0.34091    G:0.17424
position  3:    T:0.29545    C:0.17424    A:0.23485    G:0.29545
Average         T:0.27525    C:0.18939    A:0.29040    G:0.24495

#9: Centrocercus_minimus
position  1:    T:0.17054    C:0.24806    A:0.30233    G:0.27907
position  2:    T:0.31008    C:0.15504    A:0.35659    G:0.17829
position  3:    T:0.28682    C:0.17054    A:0.24806    G:0.29457
Average         T:0.25581    C:0.19121    A:0.30233    G:0.25065

#10: Pavo_cristatus 
position  1:    T:0.18248    C:0.23358    A:0.28467    G:0.29927
position  2:    T:0.32117    C:0.16788    A:0.30657    G:0.20438
position  3:    T:0.26277    C:0.22628    A:0.21168    G:0.29927
Average         T:0.25547    C:0.20925    A:0.26764    G:0.26764

#11: Gallus_gallus  
position  1:    T:0.19565    C:0.23913    A:0.29710    G:0.26812
position  2:    T:0.32609    C:0.17391    A:0.31159    G:0.18841
position  3:    T:0.29710    C:0.18841    A:0.22464    G:0.28986
Average         T:0.27295    C:0.20048    A:0.27778    G:0.24879

#12: Numida_meleagris
position  1:    T:0.17424    C:0.25000    A:0.28788    G:0.28788
position  2:    T:0.32576    C:0.18939    A:0.31061    G:0.17424
position  3:    T:0.28030    C:0.21970    A:0.21970    G:0.28030
Average         T:0.26010    C:0.21970    A:0.27273    G:0.24747

#13: Egretta_garzetta
position  1:    T:0.16547    C:0.26619    A:0.28058    G:0.28777
position  2:    T:0.28058    C:0.19424    A:0.33094    G:0.19424
position  3:    T:0.21583    C:0.27338    A:0.21583    G:0.29496
Average         T:0.22062    C:0.24460    A:0.27578    G:0.25899

#14: Phalacrocorax_carbo
position  1:    T:0.16547    C:0.26619    A:0.27338    G:0.29496
position  2:    T:0.28058    C:0.18705    A:0.33094    G:0.20144
position  3:    T:0.24460    C:0.24460    A:0.23022    G:0.28058
Average         T:0.23022    C:0.23261    A:0.27818    G:0.25899

#15: Nipponia_nippon
position  1:    T:0.16547    C:0.26619    A:0.27338    G:0.29496
position  2:    T:0.28058    C:0.19424    A:0.32374    G:0.20144
position  3:    T:0.22302    C:0.27338    A:0.20863    G:0.29496
Average         T:0.22302    C:0.24460    A:0.26859    G:0.26379

#16: Athene_cunicularia
position  1:    T:0.15108    C:0.28058    A:0.27338    G:0.29496
position  2:    T:0.28058    C:0.19424    A:0.33094    G:0.19424
position  3:    T:0.23741    C:0.26619    A:0.22302    G:0.27338
Average         T:0.22302    C:0.24700    A:0.27578    G:0.25420

#17: Corapipo_altera
position  1:    T:0.15108    C:0.28058    A:0.27338    G:0.29496
position  2:    T:0.28058    C:0.19424    A:0.33813    G:0.18705
position  3:    T:0.25180    C:0.25899    A:0.23741    G:0.25180
Average         T:0.22782    C:0.24460    A:0.28297    G:0.24460

#18: Chiroxiphia_lanceolata
position  1:    T:0.15827    C:0.27338    A:0.27338    G:0.29496
position  2:    T:0.28777    C:0.18705    A:0.33813    G:0.18705
position  3:    T:0.24460    C:0.25899    A:0.23741    G:0.25899
Average         T:0.23022    C:0.23981    A:0.28297    G:0.24700

#19: Pipra_filicauda
position  1:    T:0.14388    C:0.28777    A:0.27338    G:0.29496
position  2:    T:0.28058    C:0.19424    A:0.33813    G:0.18705
position  3:    T:0.24460    C:0.25899    A:0.23022    G:0.26619
Average         T:0.22302    C:0.24700    A:0.28058    G:0.24940

#20: Neopelma_chrysocephalum
position  1:    T:0.15108    C:0.28058    A:0.27338    G:0.29496
position  2:    T:0.28058    C:0.20144    A:0.33094    G:0.18705
position  3:    T:0.24460    C:0.25180    A:0.24460    G:0.25899
Average         T:0.22542    C:0.24460    A:0.28297    G:0.24700

#21: Lepidothrix_coronata
position  1:    T:0.14388    C:0.28777    A:0.27338    G:0.29496
position  2:    T:0.28777    C:0.18705    A:0.33813    G:0.18705
position  3:    T:0.24460    C:0.25899    A:0.23022    G:0.26619
Average         T:0.22542    C:0.24460    A:0.28058    G:0.24940

#22: Manacus_vitellinus
position  1:    T:0.14388    C:0.28777    A:0.27338    G:0.29496
position  2:    T:0.28777    C:0.18705    A:0.33813    G:0.18705
position  3:    T:0.24460    C:0.25899    A:0.23741    G:0.25899
Average         T:0.22542    C:0.24460    A:0.28297    G:0.24700

#23: Empidonax_traillii
position  1:    T:0.16547    C:0.27338    A:0.26619    G:0.29496
position  2:    T:0.28058    C:0.20144    A:0.33094    G:0.18705
position  3:    T:0.24460    C:0.26619    A:0.23022    G:0.25899
Average         T:0.23022    C:0.24700    A:0.27578    G:0.24700

#24: Catharus_ustulatus
position  1:    T:0.17266    C:0.25180    A:0.28058    G:0.29496
position  2:    T:0.28058    C:0.19424    A:0.31655    G:0.20863
position  3:    T:0.23741    C:0.27338    A:0.20144    G:0.28777
Average         T:0.23022    C:0.23981    A:0.26619    G:0.26379

#25: Ficedula_albicollis
position  1:    T:0.16547    C:0.26619    A:0.25899    G:0.30935
position  2:    T:0.28058    C:0.19424    A:0.31655    G:0.20863
position  3:    T:0.23741    C:0.28777    A:0.16547    G:0.30935
Average         T:0.22782    C:0.24940    A:0.24700    G:0.27578

#26: Sturnus_vulgaris
position  1:    T:0.17986    C:0.25899    A:0.27338    G:0.28777
position  2:    T:0.27338    C:0.21583    A:0.32374    G:0.18705
position  3:    T:0.28058    C:0.25180    A:0.19424    G:0.27338
Average         T:0.24460    C:0.24221    A:0.26379    G:0.24940

#27: Columba_livia  
position  1:    T:0.16547    C:0.27338    A:0.26619    G:0.29496
position  2:    T:0.27338    C:0.20144    A:0.30935    G:0.21583
position  3:    T:0.25180    C:0.25180    A:0.22302    G:0.27338
Average         T:0.23022    C:0.24221    A:0.26619    G:0.26139

#28: Stachyridopsis_ruficeps
position  1:    T:0.17266    C:0.26619    A:0.27338    G:0.28777
position  2:    T:0.29496    C:0.18705    A:0.31655    G:0.20144
position  3:    T:0.23741    C:0.28777    A:0.17986    G:0.29496
Average         T:0.23501    C:0.24700    A:0.25659    G:0.26139

#29: Malurus_cyaneus
position  1:    T:0.15441    C:0.27206    A:0.27941    G:0.29412
position  2:    T:0.30147    C:0.19118    A:0.32353    G:0.18382
position  3:    T:0.28676    C:0.25000    A:0.21324    G:0.25000
Average         T:0.24755    C:0.23775    A:0.27206    G:0.24265

#30: Parus_major    
position  1:    T:0.15827    C:0.27338    A:0.28058    G:0.28777
position  2:    T:0.28058    C:0.19424    A:0.33813    G:0.18705
position  3:    T:0.24460    C:0.25899    A:0.20144    G:0.29496
Average         T:0.22782    C:0.24221    A:0.27338    G:0.25659

#31: Cyanistes_caeruleus
position  1:    T:0.15827    C:0.27338    A:0.27338    G:0.29496
position  2:    T:0.28058    C:0.19424    A:0.33813    G:0.18705
position  3:    T:0.24460    C:0.26619    A:0.20144    G:0.28777
Average         T:0.22782    C:0.24460    A:0.27098    G:0.25659

#32: Pseudopodoces_humilis
position  1:    T:0.15827    C:0.27338    A:0.27338    G:0.29496
position  2:    T:0.28058    C:0.19424    A:0.33813    G:0.18705
position  3:    T:0.23741    C:0.25899    A:0.21583    G:0.28777
Average         T:0.22542    C:0.24221    A:0.27578    G:0.25659

#33: Oriolus_oriolus
position  1:    T:0.16547    C:0.26619    A:0.25899    G:0.30935
position  2:    T:0.28058    C:0.19424    A:0.32374    G:0.20144
position  3:    T:0.23741    C:0.26619    A:0.21583    G:0.28058
Average         T:0.22782    C:0.24221    A:0.26619    G:0.26379

#34: Corvus_brachyrhynchos
position  1:    T:0.16547    C:0.26619    A:0.28777    G:0.28058
position  2:    T:0.28058    C:0.19424    A:0.32374    G:0.20144
position  3:    T:0.22302    C:0.28777    A:0.19424    G:0.29496
Average         T:0.22302    C:0.24940    A:0.26859    G:0.25899

#35: Corvus_moneduloides
position  1:    T:0.16547    C:0.26619    A:0.28777    G:0.28058
position  2:    T:0.28058    C:0.19424    A:0.32374    G:0.20144
position  3:    T:0.22302    C:0.28777    A:0.19424    G:0.29496
Average         T:0.22302    C:0.24940    A:0.26859    G:0.25899

#36: Colius_striatus
position  1:    T:0.15827    C:0.25899    A:0.28777    G:0.29496
position  2:    T:0.27338    C:0.19424    A:0.33813    G:0.19424
position  3:    T:0.20863    C:0.33094    A:0.20863    G:0.25180
Average         T:0.21343    C:0.26139    A:0.27818    G:0.24700

#37: Zonotrichia_albicollis
position  1:    T:0.15108    C:0.27338    A:0.27338    G:0.30216
position  2:    T:0.28058    C:0.20144    A:0.32374    G:0.19424
position  3:    T:0.23741    C:0.28058    A:0.19424    G:0.28777
Average         T:0.22302    C:0.25180    A:0.26379    G:0.26139

#38: Molothrus_ater 
position  1:    T:0.15108    C:0.27338    A:0.28058    G:0.29496
position  2:    T:0.28058    C:0.20144    A:0.32374    G:0.19424
position  3:    T:0.24460    C:0.28058    A:0.19424    G:0.28058
Average         T:0.22542    C:0.25180    A:0.26619    G:0.25659

#39: Camarhynchus_parvulus
position  1:    T:0.15108    C:0.28058    A:0.26619    G:0.30216
position  2:    T:0.28058    C:0.20144    A:0.34532    G:0.17266
position  3:    T:0.23741    C:0.28058    A:0.20863    G:0.27338
Average         T:0.22302    C:0.25420    A:0.27338    G:0.24940

#40: Geospiza_fortis
position  1:    T:0.15108    C:0.28058    A:0.26619    G:0.30216
position  2:    T:0.28058    C:0.20144    A:0.34532    G:0.17266
position  3:    T:0.23741    C:0.28058    A:0.20863    G:0.27338
Average         T:0.22302    C:0.25420    A:0.27338    G:0.24940

#41: Serinus_canaria
position  1:    T:0.16547    C:0.26619    A:0.26619    G:0.30216
position  2:    T:0.29496    C:0.19424    A:0.28777    G:0.22302
position  3:    T:0.24460    C:0.28058    A:0.18705    G:0.28777
Average         T:0.23501    C:0.24700    A:0.24700    G:0.27098

#42: Lonchura_Striata_domestica
position  1:    T:0.15827    C:0.26619    A:0.30216    G:0.27338
position  2:    T:0.28058    C:0.20144    A:0.32374    G:0.19424
position  3:    T:0.23741    C:0.28777    A:0.20144    G:0.27338
Average         T:0.22542    C:0.25180    A:0.27578    G:0.24700

#43: Taeniopygia_guttata
position  1:    T:0.15827    C:0.27338    A:0.29496    G:0.27338
position  2:    T:0.28058    C:0.20144    A:0.33813    G:0.17986
position  3:    T:0.25180    C:0.27338    A:0.18705    G:0.28777
Average         T:0.23022    C:0.24940    A:0.27338    G:0.24700

#44: Erythrura_gouldiae
position  1:    T:0.15827    C:0.27338    A:0.28058    G:0.28777
position  2:    T:0.28058    C:0.19424    A:0.33094    G:0.19424
position  3:    T:0.23022    C:0.29496    A:0.18705    G:0.28777
Average         T:0.22302    C:0.25420    A:0.26619    G:0.25659

#45: Passer_domesticus
position  1:    T:0.16547    C:0.26619    A:0.27338    G:0.29496
position  2:    T:0.27338    C:0.20144    A:0.33094    G:0.19424
position  3:    T:0.23741    C:0.28058    A:0.18705    G:0.29496
Average         T:0.22542    C:0.24940    A:0.26379    G:0.26139

#46: Pterocles_gutturalis
position  1:    T:0.17986    C:0.25899    A:0.26619    G:0.29496
position  2:    T:0.28058    C:0.19424    A:0.33094    G:0.19424
position  3:    T:0.25180    C:0.24460    A:0.22302    G:0.28058
Average         T:0.23741    C:0.23261    A:0.27338    G:0.25659

#47: Opisthocomus_hoazin
position  1:    T:0.14388    C:0.27338    A:0.28777    G:0.29496
position  2:    T:0.28777    C:0.18705    A:0.31655    G:0.20863
position  3:    T:0.23022    C:0.27338    A:0.21583    G:0.28058
Average         T:0.22062    C:0.24460    A:0.27338    G:0.26139

#48: Mesitornis_unicolor
position  1:    T:0.15108    C:0.28777    A:0.28777    G:0.27338
position  2:    T:0.28777    C:0.18705    A:0.33094    G:0.19424
position  3:    T:0.23741    C:0.25899    A:0.24460    G:0.25899
Average         T:0.22542    C:0.24460    A:0.28777    G:0.24221

#49: Phaethon_lepturus
position  1:    T:0.16547    C:0.26619    A:0.27338    G:0.29496
position  2:    T:0.28777    C:0.17986    A:0.33813    G:0.19424
position  3:    T:0.26619    C:0.23022    A:0.24460    G:0.25899
Average         T:0.23981    C:0.22542    A:0.28537    G:0.24940

#50: Nestor_notabilis
position  1:    T:0.16547    C:0.27338    A:0.26619    G:0.29496
position  2:    T:0.28058    C:0.20144    A:0.33094    G:0.18705
position  3:    T:0.20144    C:0.29496    A:0.23741    G:0.26619
Average         T:0.21583    C:0.25659    A:0.27818    G:0.24940

#51: Pelecanus_crispus
position  1:    T:0.16176    C:0.26471    A:0.27206    G:0.30147
position  2:    T:0.28676    C:0.19118    A:0.33088    G:0.19118
position  3:    T:0.23529    C:0.25735    A:0.22059    G:0.28676
Average         T:0.22794    C:0.23775    A:0.27451    G:0.25980

#52: Chlamydotis_macqueenii
position  1:    T:0.16547    C:0.25899    A:0.27338    G:0.30216
position  2:    T:0.28058    C:0.19424    A:0.33094    G:0.19424
position  3:    T:0.26619    C:0.22302    A:0.20863    G:0.30216
Average         T:0.23741    C:0.22542    A:0.27098    G:0.26619

#53: Tauraco_erythrolophus
position  1:    T:0.15827    C:0.27338    A:0.26619    G:0.30216
position  2:    T:0.28058    C:0.19424    A:0.33813    G:0.18705
position  3:    T:0.20863    C:0.31655    A:0.19424    G:0.28058
Average         T:0.21583    C:0.26139    A:0.26619    G:0.25659

#54: Apaloderma_vittatum
position  1:    T:0.15827    C:0.25899    A:0.30216    G:0.28058
position  2:    T:0.27338    C:0.20144    A:0.33813    G:0.18705
position  3:    T:0.24460    C:0.25180    A:0.20863    G:0.29496
Average         T:0.22542    C:0.23741    A:0.28297    G:0.25420

#55: Cuculus_canorus
position  1:    T:0.16547    C:0.25180    A:0.29496    G:0.28777
position  2:    T:0.28058    C:0.21583    A:0.33813    G:0.16547
position  3:    T:0.27338    C:0.21583    A:0.20863    G:0.30216
Average         T:0.23981    C:0.22782    A:0.28058    G:0.25180

#56: Merops_nubicus 
position  1:    T:0.15108    C:0.28058    A:0.27338    G:0.29496
position  2:    T:0.27338    C:0.20863    A:0.31655    G:0.20144
position  3:    T:0.23741    C:0.25899    A:0.20144    G:0.30216
Average         T:0.22062    C:0.24940    A:0.26379    G:0.26619

#57: Cariama_cristata
position  1:    T:0.14388    C:0.28058    A:0.27338    G:0.30216
position  2:    T:0.28058    C:0.19424    A:0.33813    G:0.18705
position  3:    T:0.24460    C:0.25899    A:0.19424    G:0.30216
Average         T:0.22302    C:0.24460    A:0.26859    G:0.26379

#58: Picoides_pubescens
position  1:    T:0.14388    C:0.29496    A:0.25899    G:0.30216
position  2:    T:0.26619    C:0.20863    A:0.32374    G:0.20144
position  3:    T:0.23022    C:0.26619    A:0.19424    G:0.30935
Average         T:0.21343    C:0.25659    A:0.25899    G:0.27098

#59: Buceros_rhinoceros
position  1:    T:0.15441    C:0.28676    A:0.25000    G:0.30882
position  2:    T:0.28676    C:0.19853    A:0.31618    G:0.19853
position  3:    T:0.22059    C:0.28676    A:0.19853    G:0.29412
Average         T:0.22059    C:0.25735    A:0.25490    G:0.26716

#60: Tyto_alba_alba 
position  1:    T:0.15827    C:0.28058    A:0.26619    G:0.29496
position  2:    T:0.27338    C:0.20863    A:0.31655    G:0.20144
position  3:    T:0.23741    C:0.25899    A:0.21583    G:0.28777
Average         T:0.22302    C:0.24940    A:0.26619    G:0.26139

#61: Rhynochetus_jubatus
position  1:    T:0.15827    C:0.30216    A:0.23022    G:0.30935
position  2:    T:0.28058    C:0.19424    A:0.32374    G:0.20144
position  3:    T:0.23022    C:0.26619    A:0.18705    G:0.31655
Average         T:0.22302    C:0.25420    A:0.24700    G:0.27578

#62: Eurypyga_helias
position  1:    T:0.16547    C:0.28777    A:0.23741    G:0.30935
position  2:    T:0.28058    C:0.20144    A:0.33813    G:0.17986
position  3:    T:0.19424    C:0.30216    A:0.21583    G:0.28777
Average         T:0.21343    C:0.26379    A:0.26379    G:0.25899

#63: Corythaeola_cristata
position  1:    T:0.17986    C:0.25899    A:0.28058    G:0.28058
position  2:    T:0.28058    C:0.20144    A:0.31655    G:0.20144
position  3:    T:0.23022    C:0.30216    A:0.20863    G:0.25899
Average         T:0.23022    C:0.25420    A:0.26859    G:0.24700

#64: Balearica_regulorum_gibbericeps
position  1:    T:0.16547    C:0.25180    A:0.29496    G:0.28777
position  2:    T:0.28777    C:0.19424    A:0.33094    G:0.18705
position  3:    T:0.24460    C:0.25899    A:0.22302    G:0.27338
Average         T:0.23261    C:0.23501    A:0.28297    G:0.24940

#65: Leptosomus_discolor
position  1:    T:0.15827    C:0.28058    A:0.27338    G:0.28777
position  2:    T:0.28058    C:0.19424    A:0.33094    G:0.19424
position  3:    T:0.25899    C:0.25899    A:0.22302    G:0.25899
Average         T:0.23261    C:0.24460    A:0.27578    G:0.24700

#66: Acanthisitta_chloris
position  1:    T:0.16176    C:0.26471    A:0.29412    G:0.27941
position  2:    T:0.28676    C:0.19853    A:0.31618    G:0.19853
position  3:    T:0.21324    C:0.27206    A:0.23529    G:0.27941
Average         T:0.22059    C:0.24510    A:0.28186    G:0.25245

#67: Melopsittacus_undulatus
position  1:    T:0.15827    C:0.27338    A:0.27338    G:0.29496
position  2:    T:0.28058    C:0.19424    A:0.33094    G:0.19424
position  3:    T:0.23741    C:0.25899    A:0.22302    G:0.28058
Average         T:0.22542    C:0.24221    A:0.27578    G:0.25659

#68: Apteryx_rowi   
position  1:    T:0.17266    C:0.25899    A:0.30216    G:0.26619
position  2:    T:0.28777    C:0.20144    A:0.30935    G:0.20144
position  3:    T:0.26619    C:0.25180    A:0.22302    G:0.25899
Average         T:0.24221    C:0.23741    A:0.27818    G:0.24221

#69: Apteryx_australis_mantelli
position  1:    T:0.17266    C:0.25899    A:0.30216    G:0.26619
position  2:    T:0.28777    C:0.20144    A:0.30935    G:0.20144
position  3:    T:0.26619    C:0.25180    A:0.22302    G:0.25899
Average         T:0.24221    C:0.23741    A:0.27818    G:0.24221

#70: Dromaius_novaehollandiae
position  1:    T:0.17391    C:0.24638    A:0.28986    G:0.28986
position  2:    T:0.28986    C:0.21014    A:0.33333    G:0.16667
position  3:    T:0.26812    C:0.24638    A:0.21739    G:0.26812
Average         T:0.24396    C:0.23430    A:0.28019    G:0.24155

#71: Casuarius_casuarius
position  1:    T:0.16547    C:0.26619    A:0.29496    G:0.27338
position  2:    T:0.28777    C:0.20863    A:0.32374    G:0.17986
position  3:    T:0.26619    C:0.25899    A:0.21583    G:0.25899
Average         T:0.23981    C:0.24460    A:0.27818    G:0.23741

#72: Nothoprocta_perdicaria
position  1:    T:0.16547    C:0.28058    A:0.27338    G:0.28058
position  2:    T:0.27338    C:0.20144    A:0.30216    G:0.22302
position  3:    T:0.17986    C:0.35252    A:0.15827    G:0.30935
Average         T:0.20624    C:0.27818    A:0.24460    G:0.27098

#73: Rhea_americana 
position  1:    T:0.17986    C:0.24460    A:0.31655    G:0.25899
position  2:    T:0.28058    C:0.21583    A:0.31655    G:0.18705
position  3:    T:0.27338    C:0.25180    A:0.23741    G:0.23741
Average         T:0.24460    C:0.23741    A:0.29017    G:0.22782

#74: Struthio_camelus_australis
position  1:    T:0.16547    C:0.27338    A:0.28058    G:0.28058
position  2:    T:0.28058    C:0.20863    A:0.31655    G:0.19424
position  3:    T:0.27338    C:0.23741    A:0.22302    G:0.26619
Average         T:0.23981    C:0.23981    A:0.27338    G:0.24700

#75: Anseranas_semipalmata
position  1:    T:0.16547    C:0.26619    A:0.29496    G:0.27338
position  2:    T:0.28777    C:0.19424    A:0.32374    G:0.19424
position  3:    T:0.30216    C:0.21583    A:0.25899    G:0.22302
Average         T:0.25180    C:0.22542    A:0.29257    G:0.23022

#76: Oxyura_jamaicensis
position  1:    T:0.16547    C:0.26619    A:0.27338    G:0.29496
position  2:    T:0.28058    C:0.19424    A:0.32374    G:0.20144
position  3:    T:0.26619    C:0.24460    A:0.22302    G:0.26619
Average         T:0.23741    C:0.23501    A:0.27338    G:0.25420

#77: Cygnus_atratus 
position  1:    T:0.16547    C:0.26619    A:0.27338    G:0.29496
position  2:    T:0.28058    C:0.19424    A:0.31655    G:0.20863
position  3:    T:0.25180    C:0.24460    A:0.23741    G:0.26619
Average         T:0.23261    C:0.23501    A:0.27578    G:0.25659

#78: Anser_cygnoides
position  1:    T:0.16547    C:0.26619    A:0.27338    G:0.29496
position  2:    T:0.28058    C:0.19424    A:0.30935    G:0.21583
position  3:    T:0.25899    C:0.23741    A:0.24460    G:0.25899
Average         T:0.23501    C:0.23261    A:0.27578    G:0.25659

#79: Aythya_fuligula
position  1:    T:0.15827    C:0.26619    A:0.27338    G:0.30216
position  2:    T:0.28058    C:0.19424    A:0.32374    G:0.20144
position  3:    T:0.25180    C:0.25899    A:0.21583    G:0.27338
Average         T:0.23022    C:0.23981    A:0.27098    G:0.25899

#80: Anas_platyrhynchos
position  1:    T:0.16547    C:0.25899    A:0.28058    G:0.29496
position  2:    T:0.28058    C:0.19424    A:0.31655    G:0.20863
position  3:    T:0.25899    C:0.25180    A:0.22302    G:0.26619
Average         T:0.23501    C:0.23501    A:0.27338    G:0.25659

#81: Alectura_lathami
position  1:    T:0.15108    C:0.28058    A:0.26619    G:0.30216
position  2:    T:0.29496    C:0.19424    A:0.31655    G:0.19424
position  3:    T:0.23741    C:0.25180    A:0.21583    G:0.29496
Average         T:0.22782    C:0.24221    A:0.26619    G:0.26379

#82: Penelope_pileata
position  1:    T:0.15108    C:0.28777    A:0.27338    G:0.28777
position  2:    T:0.28777    C:0.19424    A:0.33094    G:0.18705
position  3:    T:0.28058    C:0.21583    A:0.19424    G:0.30935
Average         T:0.23981    C:0.23261    A:0.26619    G:0.26139

#83: Colinus_virginianus
position  1:    T:0.15108    C:0.27338    A:0.30935    G:0.26619
position  2:    T:0.29496    C:0.19424    A:0.31655    G:0.19424
position  3:    T:0.28058    C:0.20144    A:0.22302    G:0.29496
Average         T:0.24221    C:0.22302    A:0.28297    G:0.25180

#84: Callipepla_squamata
position  1:    T:0.15108    C:0.28058    A:0.30216    G:0.26619
position  2:    T:0.29496    C:0.19424    A:0.32374    G:0.18705
position  3:    T:0.28777    C:0.20144    A:0.21583    G:0.29496
Average         T:0.24460    C:0.22542    A:0.28058    G:0.24940

#85: Odontophorus_gujanensis
position  1:    T:0.15942    C:0.26812    A:0.29710    G:0.27536
position  2:    T:0.31159    C:0.18841    A:0.32609    G:0.17391
position  3:    T:0.29710    C:0.21014    A:0.21739    G:0.27536
Average         T:0.25604    C:0.22222    A:0.28019    G:0.24155

Sums of codon usage counts
------------------------------------------------------------------------------
Phe F TTT     122 | Ser S TCT     190 | Tyr Y TAT     205 | Cys C TGT      62
      TTC     166 |       TCC     134 |       TAC     277 |       TGC     219
Leu L TTA      93 |       TCA     142 | *** * TAA       0 | *** * TGA       0
      TTG     196 |       TCG      33 |       TAG       0 | Trp W TGG      88
------------------------------------------------------------------------------
Leu L CTT     230 | Pro P CCT     193 | His H CAT      83 | Arg R CGT      78
      CTC     110 |       CCC     111 |       CAC     244 |       CGC      83
      CTA      93 |       CCA     177 | Gln Q CAA     377 |       CGA      56
      CTG     578 |       CCG      56 |       CAG     585 |       CGG      89
------------------------------------------------------------------------------
Ile I ATT     223 | Thr T ACT      31 | Asn N AAT     291 | Ser S AGT     179
      ATC     174 |       ACC     151 |       AAC     279 |       AGC     259
      ATA      94 |       ACA     222 | Lys K AAA     312 | Arg R AGA     168
Met M ATG     544 |       ACG      30 |       AAG     230 |       AGG     101
------------------------------------------------------------------------------
Val V GTT     211 | Ala A GCT     294 | Asp D GAT     308 | Gly G GGT     237
      GTC     136 |       GCC     306 |       GAC     184 |       GGC     151
      GTA      76 |       GCA     116 | Glu E GAA     324 |       GGA     276
      GTG     342 |       GCG      73 |       GAG     146 |       GGG     214
------------------------------------------------------------------------------

(Ambiguity data are not used in the counts.)


Codon position x base (3x4) table, overall

position  1:    T:0.16397    C:0.26744    A:0.27978    G:0.28880
position  2:    T:0.28829    C:0.19222    A:0.32718    G:0.19231
position  3:    T:0.24991    C:0.25391    A:0.21494    G:0.28123
Average         T:0.23406    C:0.23786    A:0.27397    G:0.25411

TREE #  1:  ((((((68, 69), (70, 71)), 73), 74), 72), (((81, (((((83, 84), 85), (1, ((2, ((6, (8, 9)), 7)), ((10, 11), ((3, 5), 4))))), 12), 82)), (75, ((76, (77, 78)), (79, 80)))), (((63, 53), 55), (((((((58, 54), 36), 59), (56, 65)), ((67, 50), (16, 60))), (66, (((((17, 18), (19, (21, 22))), 20), 23), ((((((24, 25), 26), 28), ((30, 31), 32)), ((37, (39, 40)), ((45, (38, 41)), ((42, 43), 44)))), ((33, (34, 35)), 29))))), ((27, 47), ((57, ((64, 52), ((61, 62), 48))), (46, (49, (((13, 15), 51), 14)))))))));   MP score: -1
This is a rooted tree.  Please check!
lnL(ntime:168  np:171):  -6918.028998      +0.000000
  86..87   87..88   88..89   89..90   90..91   91..68   91..69   90..92   92..70   92..71   89..73   88..74   87..72   86..93   93..94   94..95   95..81   95..96   96..97   97..98   98..99   99..100 100..83  100..84   99..85   98..101 101..1   101..102 102..103 103..2   103..104 104..105 105..6   105..106 106..8   106..9   104..7   102..107 107..108 108..10  108..11  107..109 109..110 110..3   110..5   109..4    97..12   96..82   94..111 111..75  111..112 112..113 113..76  113..114 114..77  114..78  112..115 115..79  115..80   93..116 116..117 117..118 118..63  118..53  117..55  116..119 119..120 120..121 121..122 122..123 123..124 124..125 125..58  125..54  124..36  123..59  122..126 126..56  126..65  121..127 127..128 128..67  128..50  127..129 129..16  129..60  120..130 130..66  130..131 131..132 132..133 133..134 134..135 135..17  135..18  134..136 136..19  136..137 137..21  137..22  133..20  132..23  131..138 138..139 139..140 140..141 141..142 142..143 143..24  143..25  142..26  141..28  140..144 144..145 145..30  145..31  144..32  139..146 146..147 147..37  147..148 148..39  148..40  146..149 149..150 150..45  150..151 151..38  151..41  149..152 152..153 153..42  153..43  152..44  138..154 154..155 155..33  155..156 156..34  156..35  154..29  119..157 157..158 158..27  158..47  157..159 159..160 160..57  160..161 161..162 162..64  162..52  161..163 163..164 164..61  164..62  163..48  159..165 165..46  165..166 166..49  166..167 167..168 168..169 169..13  169..15  168..51  167..14 
 0.089659 0.017056 0.014841 0.020795 0.042459 0.000004 0.000004 0.065803 0.046143 0.000004 0.121704 0.087806 0.335840 0.043171 0.021406 0.079682 0.141113 0.009858 0.090549 0.012626 0.066265 0.029846 0.031421 0.028719 0.087450 0.095395 0.232640 0.025519 0.056978 0.232442 0.092266 0.010817 0.082784 0.020209 0.040385 0.046816 0.009450 0.000004 0.016382 0.108630 0.086876 0.117446 0.000004 0.067652 0.101280 0.075595 0.197744 0.101751 0.042534 0.087340 0.079766 0.009781 0.058261 0.009623 0.007403 0.014914 0.041720 0.014223 0.023027 0.137167 0.000004 0.054342 0.055622 0.124365 0.240272 0.009082 0.007501 0.000004 0.000004 0.000004 0.000004 0.042300 0.265780 0.131159 0.322386 0.185353 0.002182 0.137267 0.130503 0.012098 0.048655 0.038161 0.101258 0.005086 0.093399 0.096065 0.040027 0.127231 0.000004 0.043474 0.022554 0.000004 0.000004 0.037569 0.014960 0.007425 0.007409 0.000004 0.000004 0.007422 0.045215 0.045972 0.048289 0.016037 0.000004 0.000004 0.026717 0.021474 0.099774 0.070998 0.099217 0.122435 0.058102 0.000004 0.015056 0.000004 0.022659 0.031442 0.027717 0.045116 0.061861 0.000004 0.000004 0.000004 0.000004 0.079715 0.025455 0.048275 0.093284 0.041176 0.025263 0.026097 0.042201 0.031921 0.000004 0.039346 0.069319 0.062131 0.015046 0.000004 0.125841 0.007796 0.020246 0.127528 0.127611 0.000004 0.000004 0.108974 0.025386 0.016081 0.149864 0.114436 0.019303 0.041512 0.093244 0.091763 0.157174 0.000004 0.108510 0.068261 0.085426 0.000004 0.000004 0.000004 0.061271 0.045734 0.070302 0.084221 0.185174 1.245895 0.403224

Note: Branch length is defined as number of nucleotide substitutions per codon (not per neucleotide site).

tree length =  9.447854

((((((68: 0.000004, 69: 0.000004): 0.042459, (70: 0.046143, 71: 0.000004): 0.065803): 0.020795, 73: 0.121704): 0.014841, 74: 0.087806): 0.017056, 72: 0.335840): 0.089659, (((81: 0.141113, (((((83: 0.031421, 84: 0.028719): 0.029846, 85: 0.087450): 0.066265, (1: 0.232640, ((2: 0.232442, ((6: 0.082784, (8: 0.040385, 9: 0.046816): 0.020209): 0.010817, 7: 0.009450): 0.092266): 0.056978, ((10: 0.108630, 11: 0.086876): 0.016382, ((3: 0.067652, 5: 0.101280): 0.000004, 4: 0.075595): 0.117446): 0.000004): 0.025519): 0.095395): 0.012626, 12: 0.197744): 0.090549, 82: 0.101751): 0.009858): 0.079682, (75: 0.087340, ((76: 0.058261, (77: 0.007403, 78: 0.014914): 0.009623): 0.009781, (79: 0.014223, 80: 0.023027): 0.041720): 0.079766): 0.042534): 0.021406, (((63: 0.055622, 53: 0.124365): 0.054342, 55: 0.240272): 0.000004, (((((((58: 0.265780, 54: 0.131159): 0.042300, 36: 0.322386): 0.000004, 59: 0.185353): 0.000004, (56: 0.137267, 65: 0.130503): 0.002182): 0.000004, ((67: 0.038161, 50: 0.101258): 0.048655, (16: 0.093399, 60: 0.096065): 0.005086): 0.012098): 0.000004, (66: 0.127231, (((((17: 0.037569, 18: 0.014960): 0.000004, (19: 0.007409, (21: 0.000004, 22: 0.007422): 0.000004): 0.007425): 0.000004, 20: 0.045215): 0.022554, 23: 0.045972): 0.043474, ((((((24: 0.099774, 25: 0.070998): 0.021474, 26: 0.099217): 0.026717, 28: 0.122435): 0.000004, ((30: 0.015056, 31: 0.000004): 0.000004, 32: 0.022659): 0.058102): 0.000004, ((37: 0.045116, (39: 0.000004, 40: 0.000004): 0.061861): 0.027717, ((45: 0.079715, (38: 0.048275, 41: 0.093284): 0.025455): 0.000004, ((42: 0.026097, 43: 0.042201): 0.025263, 44: 0.031921): 0.041176): 0.000004): 0.031442): 0.016037, ((33: 0.069319, (34: 0.015046, 35: 0.000004): 0.062131): 0.039346, 29: 0.125841): 0.000004): 0.048289): 0.000004): 0.040027): 0.007501, ((27: 0.127528, 47: 0.127611): 0.020246, ((57: 0.108974, ((64: 0.149864, 52: 0.114436): 0.016081, ((61: 0.093244, 62: 0.091763): 0.041512, 48: 0.157174): 0.019303): 0.025386): 0.000004, (46: 0.108510, (49: 0.085426, (((13: 0.061271, 15: 0.045734): 0.000004, 51: 0.070302): 0.000004, 14: 0.084221): 0.000004): 0.068261): 0.000004): 0.000004): 0.007796): 0.009082): 0.137167): 0.043171);

((((((Apteryx_rowi: 0.000004, Apteryx_australis_mantelli: 0.000004): 0.042459, (Dromaius_novaehollandiae: 0.046143, Casuarius_casuarius: 0.000004): 0.065803): 0.020795, Rhea_americana: 0.121704): 0.014841, Struthio_camelus_australis: 0.087806): 0.017056, Nothoprocta_perdicaria: 0.335840): 0.089659, (((Alectura_lathami: 0.141113, (((((Colinus_virginianus: 0.031421, Callipepla_squamata: 0.028719): 0.029846, Odontophorus_gujanensis: 0.087450): 0.066265, (Coturnix_japonica: 0.232640, ((Meleagris_gallopavo: 0.232442, ((Lyrurus_tetrix: 0.082784, (Tympanuchus_cupido: 0.040385, Centrocercus_minimus: 0.046816): 0.020209): 0.010817, Lagopus_muta: 0.009450): 0.092266): 0.056978, ((Pavo_cristatus: 0.108630, Gallus_gallus: 0.086876): 0.016382, ((Chrysolophus_pictus: 0.067652, Phasianus_colchicus: 0.101280): 0.000004, Syrmaticus_mikado: 0.075595): 0.117446): 0.000004): 0.025519): 0.095395): 0.012626, Numida_meleagris: 0.197744): 0.090549, Penelope_pileata: 0.101751): 0.009858): 0.079682, (Anseranas_semipalmata: 0.087340, ((Oxyura_jamaicensis: 0.058261, (Cygnus_atratus: 0.007403, Anser_cygnoides: 0.014914): 0.009623): 0.009781, (Aythya_fuligula: 0.014223, Anas_platyrhynchos: 0.023027): 0.041720): 0.079766): 0.042534): 0.021406, (((Corythaeola_cristata: 0.055622, Tauraco_erythrolophus: 0.124365): 0.054342, Cuculus_canorus: 0.240272): 0.000004, (((((((Picoides_pubescens: 0.265780, Apaloderma_vittatum: 0.131159): 0.042300, Colius_striatus: 0.322386): 0.000004, Buceros_rhinoceros: 0.185353): 0.000004, (Merops_nubicus: 0.137267, Leptosomus_discolor: 0.130503): 0.002182): 0.000004, ((Melopsittacus_undulatus: 0.038161, Nestor_notabilis: 0.101258): 0.048655, (Athene_cunicularia: 0.093399, Tyto_alba_alba: 0.096065): 0.005086): 0.012098): 0.000004, (Acanthisitta_chloris: 0.127231, (((((Corapipo_altera: 0.037569, Chiroxiphia_lanceolata: 0.014960): 0.000004, (Pipra_filicauda: 0.007409, (Lepidothrix_coronata: 0.000004, Manacus_vitellinus: 0.007422): 0.000004): 0.007425): 0.000004, Neopelma_chrysocephalum: 0.045215): 0.022554, Empidonax_traillii: 0.045972): 0.043474, ((((((Catharus_ustulatus: 0.099774, Ficedula_albicollis: 0.070998): 0.021474, Sturnus_vulgaris: 0.099217): 0.026717, Stachyridopsis_ruficeps: 0.122435): 0.000004, ((Parus_major: 0.015056, Cyanistes_caeruleus: 0.000004): 0.000004, Pseudopodoces_humilis: 0.022659): 0.058102): 0.000004, ((Zonotrichia_albicollis: 0.045116, (Camarhynchus_parvulus: 0.000004, Geospiza_fortis: 0.000004): 0.061861): 0.027717, ((Passer_domesticus: 0.079715, (Molothrus_ater: 0.048275, Serinus_canaria: 0.093284): 0.025455): 0.000004, ((Lonchura_Striata_domestica: 0.026097, Taeniopygia_guttata: 0.042201): 0.025263, Erythrura_gouldiae: 0.031921): 0.041176): 0.000004): 0.031442): 0.016037, ((Oriolus_oriolus: 0.069319, (Corvus_brachyrhynchos: 0.015046, Corvus_moneduloides: 0.000004): 0.062131): 0.039346, Malurus_cyaneus: 0.125841): 0.000004): 0.048289): 0.000004): 0.040027): 0.007501, ((Columba_livia: 0.127528, Opisthocomus_hoazin: 0.127611): 0.020246, ((Cariama_cristata: 0.108974, ((Balearica_regulorum_gibbericeps: 0.149864, Chlamydotis_macqueenii: 0.114436): 0.016081, ((Rhynochetus_jubatus: 0.093244, Eurypyga_helias: 0.091763): 0.041512, Mesitornis_unicolor: 0.157174): 0.019303): 0.025386): 0.000004, (Pterocles_gutturalis: 0.108510, (Phaethon_lepturus: 0.085426, (((Egretta_garzetta: 0.061271, Nipponia_nippon: 0.045734): 0.000004, Pelecanus_crispus: 0.070302): 0.000004, Phalacrocorax_carbo: 0.084221): 0.000004): 0.068261): 0.000004): 0.000004): 0.007796): 0.009082): 0.137167): 0.043171);

Detailed output identifying parameters

w (dN/dS) for branches:  0.18517 1.24590 0.40322

dN & dS for each branch

 branch          t       N       S   dN/dS      dN      dS  N*dN  S*dS

  86..87     0.090   321.1   104.9  0.1852  0.0143  0.0775   4.6   8.1
  87..88     0.017   321.1   104.9  0.1852  0.0027  0.0147   0.9   1.5
  88..89     0.015   321.1   104.9  0.1852  0.0024  0.0128   0.8   1.3
  89..90     0.021   321.1   104.9  0.1852  0.0033  0.0180   1.1   1.9
  90..91     0.042   321.1   104.9  0.1852  0.0068  0.0367   2.2   3.8
  91..68     0.000   321.1   104.9  0.1852  0.0000  0.0000   0.0   0.0
  91..69     0.000   321.1   104.9  0.1852  0.0000  0.0000   0.0   0.0
  90..92     0.066   321.1   104.9  0.1852  0.0105  0.0569   3.4   6.0
  92..70     0.046   321.1   104.9  0.1852  0.0074  0.0399   2.4   4.2
  92..71     0.000   321.1   104.9  0.1852  0.0000  0.0000   0.0   0.0
  89..73     0.122   321.1   104.9  0.1852  0.0195  0.1052   6.3  11.0
  88..74     0.088   321.1   104.9  0.1852  0.0141  0.0759   4.5   8.0
  87..72     0.336   321.1   104.9  0.1852  0.0537  0.2902  17.3  30.4
  86..93     0.043   321.1   104.9  0.1852  0.0069  0.0373   2.2   3.9
  93..94     0.021   321.1   104.9  0.1852  0.0034  0.0185   1.1   1.9
  94..95     0.080   321.1   104.9  0.1852  0.0128  0.0689   4.1   7.2
  95..81     0.141   321.1   104.9  0.1852  0.0226  0.1219   7.3  12.8
  95..96     0.010   321.1   104.9  0.1852  0.0016  0.0085   0.5   0.9
  96..97     0.091   321.1   104.9  0.1852  0.0145  0.0782   4.7   8.2
  97..98     0.013   321.1   104.9  0.1852  0.0020  0.0109   0.6   1.1
  98..99     0.066   321.1   104.9  0.1852  0.0106  0.0573   3.4   6.0
  99..100    0.030   321.1   104.9  0.1852  0.0048  0.0258   1.5   2.7
 100..83     0.031   321.1   104.9  0.1852  0.0050  0.0272   1.6   2.8
 100..84     0.029   321.1   104.9  0.1852  0.0046  0.0248   1.5   2.6
  99..85     0.087   321.1   104.9  1.2459  0.0306  0.0246   9.8   2.6
  98..101    0.095   321.1   104.9  0.1852  0.0153  0.0824   4.9   8.6
 101..1      0.233   321.1   104.9  1.2459  0.0815  0.0654  26.2   6.9
 101..102    0.026   321.1   104.9  0.1852  0.0041  0.0221   1.3   2.3
 102..103    0.057   321.1   104.9  0.1852  0.0091  0.0492   2.9   5.2
 103..2      0.232   321.1   104.9  1.2459  0.0814  0.0654  26.2   6.9
 103..104    0.092   321.1   104.9  1.2459  0.0323  0.0259  10.4   2.7
 104..105    0.011   321.1   104.9  0.4032  0.0026  0.0066   0.8   0.7
 105..6      0.083   321.1   104.9  0.4032  0.0202  0.0502   6.5   5.3
 105..106    0.020   321.1   104.9  0.4032  0.0049  0.0122   1.6   1.3
 106..8      0.040   321.1   104.9  0.4032  0.0099  0.0245   3.2   2.6
 106..9      0.047   321.1   104.9  0.4032  0.0114  0.0284   3.7   3.0
 104..7      0.009   321.1   104.9  0.4032  0.0023  0.0057   0.7   0.6
 102..107    0.000   321.1   104.9  0.1852  0.0000  0.0000   0.0   0.0
 107..108    0.016   321.1   104.9  0.1852  0.0026  0.0142   0.8   1.5
 108..10     0.109   321.1   104.9  1.2459  0.0381  0.0305  12.2   3.2
 108..11     0.087   321.1   104.9  1.2459  0.0304  0.0244   9.8   2.6
 107..109    0.117   321.1   104.9  0.1852  0.0188  0.1015   6.0  10.6
 109..110    0.000   321.1   104.9  0.1852  0.0000  0.0000   0.0   0.0
 110..3      0.068   321.1   104.9  0.1852  0.0108  0.0585   3.5   6.1
 110..5      0.101   321.1   104.9  0.1852  0.0162  0.0875   5.2   9.2
 109..4      0.076   321.1   104.9  1.2459  0.0265  0.0213   8.5   2.2
  97..12     0.198   321.1   104.9  1.2459  0.0693  0.0556  22.2   5.8
  96..82     0.102   321.1   104.9  0.1852  0.0163  0.0879   5.2   9.2
  94..111    0.043   321.1   104.9  0.1852  0.0068  0.0368   2.2   3.9
 111..75     0.087   321.1   104.9  0.1852  0.0140  0.0755   4.5   7.9
 111..112    0.080   321.1   104.9  0.1852  0.0128  0.0689   4.1   7.2
 112..113    0.010   321.1   104.9  0.1852  0.0016  0.0085   0.5   0.9
 113..76     0.058   321.1   104.9  0.1852  0.0093  0.0503   3.0   5.3
 113..114    0.010   321.1   104.9  0.1852  0.0015  0.0083   0.5   0.9
 114..77     0.007   321.1   104.9  0.1852  0.0012  0.0064   0.4   0.7
 114..78     0.015   321.1   104.9  0.1852  0.0024  0.0129   0.8   1.4
 112..115    0.042   321.1   104.9  0.1852  0.0067  0.0361   2.1   3.8
 115..79     0.014   321.1   104.9  0.1852  0.0023  0.0123   0.7   1.3
 115..80     0.023   321.1   104.9  0.1852  0.0037  0.0199   1.2   2.1
  93..116    0.137   321.1   104.9  0.1852  0.0219  0.1185   7.0  12.4
 116..117    0.000   321.1   104.9  0.1852  0.0000  0.0000   0.0   0.0
 117..118    0.054   321.1   104.9  0.1852  0.0087  0.0470   2.8   4.9
 118..63     0.056   321.1   104.9  0.1852  0.0089  0.0481   2.9   5.0
 118..53     0.124   321.1   104.9  0.1852  0.0199  0.1075   6.4  11.3
 117..55     0.240   321.1   104.9  0.1852  0.0384  0.2076  12.3  21.8
 116..119    0.009   321.1   104.9  0.1852  0.0015  0.0078   0.5   0.8
 119..120    0.008   321.1   104.9  0.1852  0.0012  0.0065   0.4   0.7
 120..121    0.000   321.1   104.9  0.1852  0.0000  0.0000   0.0   0.0
 121..122    0.000   321.1   104.9  0.1852  0.0000  0.0000   0.0   0.0
 122..123    0.000   321.1   104.9  0.1852  0.0000  0.0000   0.0   0.0
 123..124    0.000   321.1   104.9  0.1852  0.0000  0.0000   0.0   0.0
 124..125    0.042   321.1   104.9  0.1852  0.0068  0.0366   2.2   3.8
 125..58     0.266   321.1   104.9  0.1852  0.0425  0.2297  13.7  24.1
 125..54     0.131   321.1   104.9  0.1852  0.0210  0.1133   6.7  11.9
 124..36     0.322   321.1   104.9  0.1852  0.0516  0.2786  16.6  29.2
 123..59     0.185   321.1   104.9  0.1852  0.0297  0.1602   9.5  16.8
 122..126    0.002   321.1   104.9  0.1852  0.0003  0.0019   0.1   0.2
 126..56     0.137   321.1   104.9  0.1852  0.0220  0.1186   7.1  12.4
 126..65     0.131   321.1   104.9  0.1852  0.0209  0.1128   6.7  11.8
 121..127    0.012   321.1   104.9  0.1852  0.0019  0.0105   0.6   1.1
 127..128    0.049   321.1   104.9  0.1852  0.0078  0.0420   2.5   4.4
 128..67     0.038   321.1   104.9  0.1852  0.0061  0.0330   2.0   3.5
 128..50     0.101   321.1   104.9  0.1852  0.0162  0.0875   5.2   9.2
 127..129    0.005   321.1   104.9  0.1852  0.0008  0.0044   0.3   0.5
 129..16     0.093   321.1   104.9  0.1852  0.0149  0.0807   4.8   8.5
 129..60     0.096   321.1   104.9  0.1852  0.0154  0.0830   4.9   8.7
 120..130    0.040   321.1   104.9  0.1852  0.0064  0.0346   2.1   3.6
 130..66     0.127   321.1   104.9  0.1852  0.0204  0.1099   6.5  11.5
 130..131    0.000   321.1   104.9  0.1852  0.0000  0.0000   0.0   0.0
 131..132    0.043   321.1   104.9  0.1852  0.0070  0.0376   2.2   3.9
 132..133    0.023   321.1   104.9  0.1852  0.0036  0.0195   1.2   2.0
 133..134    0.000   321.1   104.9  0.1852  0.0000  0.0000   0.0   0.0
 134..135    0.000   321.1   104.9  0.1852  0.0000  0.0000   0.0   0.0
 135..17     0.038   321.1   104.9  0.1852  0.0060  0.0325   1.9   3.4
 135..18     0.015   321.1   104.9  0.1852  0.0024  0.0129   0.8   1.4
 134..136    0.007   321.1   104.9  0.1852  0.0012  0.0064   0.4   0.7
 136..19     0.007   321.1   104.9  0.1852  0.0012  0.0064   0.4   0.7
 136..137    0.000   321.1   104.9  0.1852  0.0000  0.0000   0.0   0.0
 137..21     0.000   321.1   104.9  0.1852  0.0000  0.0000   0.0   0.0
 137..22     0.007   321.1   104.9  0.1852  0.0012  0.0064   0.4   0.7
 133..20     0.045   321.1   104.9  0.1852  0.0072  0.0391   2.3   4.1
 132..23     0.046   321.1   104.9  0.1852  0.0074  0.0397   2.4   4.2
 131..138    0.048   321.1   104.9  0.1852  0.0077  0.0417   2.5   4.4
 138..139    0.016   321.1   104.9  0.1852  0.0026  0.0139   0.8   1.5
 139..140    0.000   321.1   104.9  0.1852  0.0000  0.0000   0.0   0.0
 140..141    0.000   321.1   104.9  0.1852  0.0000  0.0000   0.0   0.0
 141..142    0.027   321.1   104.9  0.1852  0.0043  0.0231   1.4   2.4
 142..143    0.021   321.1   104.9  0.1852  0.0034  0.0186   1.1   1.9
 143..24     0.100   321.1   104.9  0.1852  0.0160  0.0862   5.1   9.0
 143..25     0.071   321.1   104.9  0.1852  0.0114  0.0614   3.6   6.4
 142..26     0.099   321.1   104.9  0.1852  0.0159  0.0857   5.1   9.0
 141..28     0.122   321.1   104.9  0.1852  0.0196  0.1058   6.3  11.1
 140..144    0.058   321.1   104.9  0.1852  0.0093  0.0502   3.0   5.3
 144..145    0.000   321.1   104.9  0.1852  0.0000  0.0000   0.0   0.0
 145..30     0.015   321.1   104.9  0.1852  0.0024  0.0130   0.8   1.4
 145..31     0.000   321.1   104.9  0.1852  0.0000  0.0000   0.0   0.0
 144..32     0.023   321.1   104.9  0.1852  0.0036  0.0196   1.2   2.1
 139..146    0.031   321.1   104.9  0.1852  0.0050  0.0272   1.6   2.8
 146..147    0.028   321.1   104.9  0.1852  0.0044  0.0240   1.4   2.5
 147..37     0.045   321.1   104.9  0.1852  0.0072  0.0390   2.3   4.1
 147..148    0.062   321.1   104.9  0.1852  0.0099  0.0535   3.2   5.6
 148..39     0.000   321.1   104.9  0.1852  0.0000  0.0000   0.0   0.0
 148..40     0.000   321.1   104.9  0.1852  0.0000  0.0000   0.0   0.0
 146..149    0.000   321.1   104.9  0.1852  0.0000  0.0000   0.0   0.0
 149..150    0.000   321.1   104.9  0.1852  0.0000  0.0000   0.0   0.0
 150..45     0.080   321.1   104.9  0.1852  0.0128  0.0689   4.1   7.2
 150..151    0.025   321.1   104.9  0.1852  0.0041  0.0220   1.3   2.3
 151..38     0.048   321.1   104.9  0.1852  0.0077  0.0417   2.5   4.4
 151..41     0.093   321.1   104.9  0.1852  0.0149  0.0806   4.8   8.5
 149..152    0.041   321.1   104.9  0.1852  0.0066  0.0356   2.1   3.7
 152..153    0.025   321.1   104.9  0.1852  0.0040  0.0218   1.3   2.3
 153..42     0.026   321.1   104.9  0.1852  0.0042  0.0226   1.3   2.4
 153..43     0.042   321.1   104.9  0.1852  0.0068  0.0365   2.2   3.8
 152..44     0.032   321.1   104.9  0.1852  0.0051  0.0276   1.6   2.9
 138..154    0.000   321.1   104.9  0.1852  0.0000  0.0000   0.0   0.0
 154..155    0.039   321.1   104.9  0.1852  0.0063  0.0340   2.0   3.6
 155..33     0.069   321.1   104.9  0.1852  0.0111  0.0599   3.6   6.3
 155..156    0.062   321.1   104.9  0.1852  0.0099  0.0537   3.2   5.6
 156..34     0.015   321.1   104.9  0.1852  0.0024  0.0130   0.8   1.4
 156..35     0.000   321.1   104.9  0.1852  0.0000  0.0000   0.0   0.0
 154..29     0.126   321.1   104.9  0.1852  0.0201  0.1087   6.5  11.4
 119..157    0.008   321.1   104.9  0.1852  0.0012  0.0067   0.4   0.7
 157..158    0.020   321.1   104.9  0.1852  0.0032  0.0175   1.0   1.8
 158..27     0.128   321.1   104.9  0.1852  0.0204  0.1102   6.6  11.6
 158..47     0.128   321.1   104.9  0.1852  0.0204  0.1103   6.6  11.6
 157..159    0.000   321.1   104.9  0.1852  0.0000  0.0000   0.0   0.0
 159..160    0.000   321.1   104.9  0.1852  0.0000  0.0000   0.0   0.0
 160..57     0.109   321.1   104.9  0.1852  0.0174  0.0942   5.6   9.9
 160..161    0.025   321.1   104.9  0.1852  0.0041  0.0219   1.3   2.3
 161..162    0.016   321.1   104.9  0.1852  0.0026  0.0139   0.8   1.5
 162..64     0.150   321.1   104.9  0.1852  0.0240  0.1295   7.7  13.6
 162..52     0.114   321.1   104.9  0.1852  0.0183  0.0989   5.9  10.4
 161..163    0.019   321.1   104.9  0.1852  0.0031  0.0167   1.0   1.7
 163..164    0.042   321.1   104.9  0.1852  0.0066  0.0359   2.1   3.8
 164..61     0.093   321.1   104.9  0.1852  0.0149  0.0806   4.8   8.4
 164..62     0.092   321.1   104.9  0.1852  0.0147  0.0793   4.7   8.3
 163..48     0.157   321.1   104.9  0.1852  0.0252  0.1358   8.1  14.2
 159..165    0.000   321.1   104.9  0.1852  0.0000  0.0000   0.0   0.0
 165..46     0.109   321.1   104.9  0.1852  0.0174  0.0938   5.6   9.8
 165..166    0.068   321.1   104.9  0.1852  0.0109  0.0590   3.5   6.2
 166..49     0.085   321.1   104.9  0.1852  0.0137  0.0738   4.4   7.7
 166..167    0.000   321.1   104.9  0.1852  0.0000  0.0000   0.0   0.0
 167..168    0.000   321.1   104.9  0.1852  0.0000  0.0000   0.0   0.0
 168..169    0.000   321.1   104.9  0.1852  0.0000  0.0000   0.0   0.0
 169..13     0.061   321.1   104.9  0.1852  0.0098  0.0529   3.1   5.6
 169..15     0.046   321.1   104.9  0.1852  0.0073  0.0395   2.4   4.1
 168..51     0.070   321.1   104.9  0.1852  0.0112  0.0608   3.6   6.4
 167..14     0.084   321.1   104.9  0.1852  0.0135  0.0728   4.3   7.6

tree length for dN:       1.7415
tree length for dS:       7.4607

dS tree:
((((((Apteryx_rowi: 0.000003, Apteryx_australis_mantelli: 0.000003): 0.036690, (Dromaius_novaehollandiae: 0.039874, Casuarius_casuarius: 0.000003): 0.056863): 0.017969, Rhea_americana: 0.105169): 0.012824, Struthio_camelus_australis: 0.075876): 0.014738, Nothoprocta_perdicaria: 0.290213): 0.077478, (((Alectura_lathami: 0.121941, (((((Colinus_virginianus: 0.027152, Callipepla_squamata: 0.024817): 0.025791, Odontophorus_gujanensis: 0.024591): 0.057263, (Coturnix_japonica: 0.065420, ((Meleagris_gallopavo: 0.065364, ((Lyrurus_tetrix: 0.050162, (Tympanuchus_cupido: 0.024471, Centrocercus_minimus: 0.028367): 0.012245): 0.006554, Lagopus_muta: 0.005726): 0.025946): 0.049237, ((Pavo_cristatus: 0.030547, Gallus_gallus: 0.024430): 0.014157, ((Chrysolophus_pictus: 0.058460, Phasianus_colchicus: 0.087520): 0.000003, Syrmaticus_mikado: 0.021258): 0.101489): 0.000003): 0.022052): 0.082434): 0.010911, Numida_meleagris: 0.055607): 0.078247, Penelope_pileata: 0.087927): 0.008519): 0.068856, (Anseranas_semipalmata: 0.075474, ((Oxyura_jamaicensis: 0.050346, (Cygnus_atratus: 0.006398, Anser_cygnoides: 0.012888): 0.008316): 0.008452, (Aythya_fuligula: 0.012291, Anas_platyrhynchos: 0.019898): 0.036052): 0.068929): 0.036755): 0.018498, (((Corythaeola_cristata: 0.048065, Tauraco_erythrolophus: 0.107468): 0.046959, Cuculus_canorus: 0.207628): 0.000003, (((((((Picoides_pubescens: 0.229671, Apaloderma_vittatum: 0.113339): 0.036553, Colius_striatus: 0.278586): 0.000003, Buceros_rhinoceros: 0.160171): 0.000003, (Merops_nubicus: 0.118618, Leptosomus_discolor: 0.112773): 0.001886): 0.000003, ((Melopsittacus_undulatus: 0.032976, Nestor_notabilis: 0.087501): 0.042044, (Athene_cunicularia: 0.080709, Tyto_alba_alba: 0.083014): 0.004395): 0.010455): 0.000003, (Acanthisitta_chloris: 0.109946, (((((Corapipo_altera: 0.032465, Chiroxiphia_lanceolata: 0.012928): 0.000003, (Pipra_filicauda: 0.006403, (Lepidothrix_coronata: 0.000003, Manacus_vitellinus: 0.006413): 0.000003): 0.006416): 0.000003, Neopelma_chrysocephalum: 0.039072): 0.019490, Empidonax_traillii: 0.039726): 0.037567, ((((((Catharus_ustulatus: 0.086218, Ficedula_albicollis: 0.061352): 0.018557, Sturnus_vulgaris: 0.085737): 0.023087, Stachyridopsis_ruficeps: 0.105800): 0.000003, ((Parus_major: 0.013010, Cyanistes_caeruleus: 0.000003): 0.000003, Pseudopodoces_humilis: 0.019581): 0.050208): 0.000003, ((Zonotrichia_albicollis: 0.038986, (Camarhynchus_parvulus: 0.000003, Geospiza_fortis: 0.000003): 0.053456): 0.023951, ((Passer_domesticus: 0.068885, (Molothrus_ater: 0.041717, Serinus_canaria: 0.080610): 0.021996): 0.000003, ((Lonchura_Striata_domestica: 0.022552, Taeniopygia_guttata: 0.036468): 0.021831, Erythrura_gouldiae: 0.027584): 0.035582): 0.000003): 0.027170): 0.013859, ((Oriolus_oriolus: 0.059901, (Corvus_brachyrhynchos: 0.013002, Corvus_moneduloides: 0.000003): 0.053690): 0.034000, Malurus_cyaneus: 0.108744): 0.000003): 0.041728): 0.000003): 0.034588): 0.006482, ((Columba_livia: 0.110202, Opisthocomus_hoazin: 0.110274): 0.017495, ((Cariama_cristata: 0.094169, ((Balearica_regulorum_gibbericeps: 0.129503, Chlamydotis_macqueenii: 0.098889): 0.013896, ((Rhynochetus_jubatus: 0.080575, Eurypyga_helias: 0.079296): 0.035872, Mesitornis_unicolor: 0.135820): 0.016680): 0.021937): 0.000003, (Pterocles_gutturalis: 0.093768, (Phaethon_lepturus: 0.073820, (((Egretta_garzetta: 0.052947, Nipponia_nippon: 0.039520): 0.000003, Pelecanus_crispus: 0.060750): 0.000003, Phalacrocorax_carbo: 0.072778): 0.000003): 0.058987): 0.000003): 0.000003): 0.006737): 0.007848): 0.118532): 0.037306);
dN tree:
((((((Apteryx_rowi: 0.000001, Apteryx_australis_mantelli: 0.000001): 0.006794, (Dromaius_novaehollandiae: 0.007384, Casuarius_casuarius: 0.000001): 0.010530): 0.003327, Rhea_americana: 0.019475): 0.002375, Struthio_camelus_australis: 0.014050): 0.002729, Nothoprocta_perdicaria: 0.053740): 0.014347, (((Alectura_lathami: 0.022580, (((((Colinus_virginianus: 0.005028, Callipepla_squamata: 0.004595): 0.004776, Odontophorus_gujanensis: 0.030638): 0.010604, (Coturnix_japonica: 0.081506, ((Meleagris_gallopavo: 0.081437, ((Lyrurus_tetrix: 0.020226, (Tympanuchus_cupido: 0.009867, Centrocercus_minimus: 0.011438): 0.004938): 0.002643, Lagopus_muta: 0.002309): 0.032326): 0.009117, ((Pavo_cristatus: 0.038059, Gallus_gallus: 0.030437): 0.002621, ((Chrysolophus_pictus: 0.010825, Phasianus_colchicus: 0.016206): 0.000001, Syrmaticus_mikado: 0.026485): 0.018793): 0.000001): 0.004083): 0.015265): 0.002020, Numida_meleagris: 0.069280): 0.014489, Penelope_pileata: 0.016282): 0.001577): 0.012750, (Anseranas_semipalmata: 0.013976, ((Oxyura_jamaicensis: 0.009323, (Cygnus_atratus: 0.001185, Anser_cygnoides: 0.002387): 0.001540): 0.001565, (Aythya_fuligula: 0.002276, Anas_platyrhynchos: 0.003685): 0.006676): 0.012764): 0.006806): 0.003425, (((Corythaeola_cristata: 0.008900, Tauraco_erythrolophus: 0.019900): 0.008696, Cuculus_canorus: 0.038447): 0.000001, (((((((Picoides_pubescens: 0.042529, Apaloderma_vittatum: 0.020988): 0.006769, Colius_striatus: 0.051587): 0.000001, Buceros_rhinoceros: 0.029660): 0.000001, (Merops_nubicus: 0.021965, Leptosomus_discolor: 0.020883): 0.000349): 0.000001, ((Melopsittacus_undulatus: 0.006106, Nestor_notabilis: 0.016203): 0.007786, (Athene_cunicularia: 0.014945, Tyto_alba_alba: 0.015372): 0.000814): 0.001936): 0.000001, (Acanthisitta_chloris: 0.020359, (((((Corapipo_altera: 0.006012, Chiroxiphia_lanceolata: 0.002394): 0.000001, (Pipra_filicauda: 0.001186, (Lepidothrix_coronata: 0.000001, Manacus_vitellinus: 0.001188): 0.000001): 0.001188): 0.000001, Neopelma_chrysocephalum: 0.007235): 0.003609, Empidonax_traillii: 0.007356): 0.006956, ((((((Catharus_ustulatus: 0.015965, Ficedula_albicollis: 0.011361): 0.003436, Sturnus_vulgaris: 0.015876): 0.004275, Stachyridopsis_ruficeps: 0.019592): 0.000001, ((Parus_major: 0.002409, Cyanistes_caeruleus: 0.000001): 0.000001, Pseudopodoces_humilis: 0.003626): 0.009297): 0.000001, ((Zonotrichia_albicollis: 0.007219, (Camarhynchus_parvulus: 0.000001, Geospiza_fortis: 0.000001): 0.009899): 0.004435, ((Passer_domesticus: 0.012756, (Molothrus_ater: 0.007725, Serinus_canaria: 0.014927): 0.004073): 0.000001, ((Lonchura_Striata_domestica: 0.004176, Taeniopygia_guttata: 0.006753): 0.004043, Erythrura_gouldiae: 0.005108): 0.006589): 0.000001): 0.005031): 0.002566, ((Oriolus_oriolus: 0.011092, (Corvus_brachyrhynchos: 0.002408, Corvus_moneduloides: 0.000001): 0.009942): 0.006296, Malurus_cyaneus: 0.020137): 0.000001): 0.007727): 0.000001): 0.006405): 0.001200, ((Columba_livia: 0.020407, Opisthocomus_hoazin: 0.020420): 0.003240, ((Cariama_cristata: 0.017438, ((Balearica_regulorum_gibbericeps: 0.023981, Chlamydotis_macqueenii: 0.018312): 0.002573, ((Rhynochetus_jubatus: 0.014921, Eurypyga_helias: 0.014684): 0.006643, Mesitornis_unicolor: 0.025150): 0.003089): 0.004062): 0.000001, (Pterocles_gutturalis: 0.017363, (Phaethon_lepturus: 0.013670, (((Egretta_garzetta: 0.009804, Nipponia_nippon: 0.007318): 0.000001, Pelecanus_crispus: 0.011249): 0.000001, Phalacrocorax_carbo: 0.013477): 0.000001): 0.010923): 0.000001): 0.000001): 0.001248): 0.001453): 0.021949): 0.006908);

w ratios as labels for TreeView:
((((((Apteryx_rowi #0.185174 , Apteryx_australis_mantelli #0.185174 ) #0.185174 , (Dromaius_novaehollandiae #0.185174 , Casuarius_casuarius #0.185174 ) #0.185174 ) #0.185174 , Rhea_americana #0.185174 ) #0.185174 , Struthio_camelus_australis #0.185174 ) #0.185174 , Nothoprocta_perdicaria #0.185174 ) #0.185174 , (((Alectura_lathami #0.185174 , (((((Colinus_virginianus #0.185174 , Callipepla_squamata #0.185174 ) #0.185174 , Odontophorus_gujanensis #1.2459 ) #0.185174 , (Coturnix_japonica #1.2459 , ((Meleagris_gallopavo #1.2459 , ((Lyrurus_tetrix #0.403224 , (Tympanuchus_cupido #0.403224 , Centrocercus_minimus #0.403224 ) #0.403224 ) #0.403224 , Lagopus_muta #0.403224 ) #1.2459 ) #0.185174 , ((Pavo_cristatus #1.2459 , Gallus_gallus #1.2459 ) #0.185174 , ((Chrysolophus_pictus #0.185174 , Phasianus_colchicus #0.185174 ) #0.185174 , Syrmaticus_mikado #1.2459 ) #0.185174 ) #0.185174 ) #0.185174 ) #0.185174 ) #0.185174 , Numida_meleagris #1.2459 ) #0.185174 , Penelope_pileata #0.185174 ) #0.185174 ) #0.185174 , (Anseranas_semipalmata #0.185174 , ((Oxyura_jamaicensis #0.185174 , (Cygnus_atratus #0.185174 , Anser_cygnoides #0.185174 ) #0.185174 ) #0.185174 , (Aythya_fuligula #0.185174 , Anas_platyrhynchos #0.185174 ) #0.185174 ) #0.185174 ) #0.185174 ) #0.185174 , (((Corythaeola_cristata #0.185174 , Tauraco_erythrolophus #0.185174 ) #0.185174 , Cuculus_canorus #0.185174 ) #0.185174 , (((((((Picoides_pubescens #0.185174 , Apaloderma_vittatum #0.185174 ) #0.185174 , Colius_striatus #0.185174 ) #0.185174 , Buceros_rhinoceros #0.185174 ) #0.185174 , (Merops_nubicus #0.185174 , Leptosomus_discolor #0.185174 ) #0.185174 ) #0.185174 , ((Melopsittacus_undulatus #0.185174 , Nestor_notabilis #0.185174 ) #0.185174 , (Athene_cunicularia #0.185174 , Tyto_alba_alba #0.185174 ) #0.185174 ) #0.185174 ) #0.185174 , (Acanthisitta_chloris #0.185174 , (((((Corapipo_altera #0.185174 , Chiroxiphia_lanceolata #0.185174 ) #0.185174 , (Pipra_filicauda #0.185174 , (Lepidothrix_coronata #0.185174 , Manacus_vitellinus #0.185174 ) #0.185174 ) #0.185174 ) #0.185174 , Neopelma_chrysocephalum #0.185174 ) #0.185174 , Empidonax_traillii #0.185174 ) #0.185174 , ((((((Catharus_ustulatus #0.185174 , Ficedula_albicollis #0.185174 ) #0.185174 , Sturnus_vulgaris #0.185174 ) #0.185174 , Stachyridopsis_ruficeps #0.185174 ) #0.185174 , ((Parus_major #0.185174 , Cyanistes_caeruleus #0.185174 ) #0.185174 , Pseudopodoces_humilis #0.185174 ) #0.185174 ) #0.185174 , ((Zonotrichia_albicollis #0.185174 , (Camarhynchus_parvulus #0.185174 , Geospiza_fortis #0.185174 ) #0.185174 ) #0.185174 , ((Passer_domesticus #0.185174 , (Molothrus_ater #0.185174 , Serinus_canaria #0.185174 ) #0.185174 ) #0.185174 , ((Lonchura_Striata_domestica #0.185174 , Taeniopygia_guttata #0.185174 ) #0.185174 , Erythrura_gouldiae #0.185174 ) #0.185174 ) #0.185174 ) #0.185174 ) #0.185174 , ((Oriolus_oriolus #0.185174 , (Corvus_brachyrhynchos #0.185174 , Corvus_moneduloides #0.185174 ) #0.185174 ) #0.185174 , Malurus_cyaneus #0.185174 ) #0.185174 ) #0.185174 ) #0.185174 ) #0.185174 ) #0.185174 , ((Columba_livia #0.185174 , Opisthocomus_hoazin #0.185174 ) #0.185174 , ((Cariama_cristata #0.185174 , ((Balearica_regulorum_gibbericeps #0.185174 , Chlamydotis_macqueenii #0.185174 ) #0.185174 , ((Rhynochetus_jubatus #0.185174 , Eurypyga_helias #0.185174 ) #0.185174 , Mesitornis_unicolor #0.185174 ) #0.185174 ) #0.185174 ) #0.185174 , (Pterocles_gutturalis #0.185174 , (Phaethon_lepturus #0.185174 , (((Egretta_garzetta #0.185174 , Nipponia_nippon #0.185174 ) #0.185174 , Pelecanus_crispus #0.185174 ) #0.185174 , Phalacrocorax_carbo #0.185174 ) #0.185174 ) #0.185174 ) #0.185174 ) #0.185174 ) #0.185174 ) #0.185174 ) #0.185174 ) #0.185174 );


Time used: 46:26
