

TREE # 1

  0  0.0000   5872.176257  x:  0.06539   0.08701   0.09488   0.09669   0.08993   0.09502   0.01004   0.05902   0.05300   0.09499   0.08549   0.06258   0.07893   0.06161   0.04632   0.01288   0.08058   0.05974   0.04914   0.10339   0.07177   0.05410   0.01747   0.07739   0.07056   0.03213   0.05476   0.08018   0.03562   0.08842   0.06469   0.08789   0.05294   0.09425   0.08351   0.07361   0.06500   0.05064   0.10412   0.04689   0.10958   0.09825   0.47292   0.53505   0.40101  
  1 99.0000   4923.941214  x:  0.09525   0.13280   0.54019   0.28918   0.17775   0.27541   0.51888   0.34216   0.20104   0.15312   0.22880   0.00000   0.02215   0.05658   0.37584   0.60869   0.24259   1.14765   0.14701   0.29249   0.65820   0.00347   0.15570   0.03972   0.02297   0.02396   0.14676   0.11003   0.14056   0.21300   0.10566   0.04337   0.14997   0.13380   0.12545   0.25234   0.02254   0.08248   0.06562   0.01299   0.11576   0.10033   0.48411   0.56785   0.40776  
  2 3373.7490   4921.074646  x:  0.09474   0.13267   0.54219   0.29041   0.17766   0.27651   0.51700   0.34214   0.20042   0.15270   0.22985   0.00000   0.01977   0.05514   0.37500   0.60629   0.24170   1.14891   0.14562   0.29204   0.66017   0.00000   0.15359   0.03824   0.01957   0.02393   0.14653   0.10952   0.13960   0.21393   0.10531   0.04149   0.14955   0.13408   0.12576   0.25329   0.02105   0.08260   0.06380   0.01258   0.11608   0.10019   0.48315   0.56887   0.40806  
  3 325.8360   4911.651722  x:  0.09255   0.13190   0.55190   0.29587   0.17712   0.28224   0.50699   0.34224   0.19784   0.15057   0.23476   0.00000   0.02161   0.04800   0.37114   0.59350   0.23709   1.15637   0.13833   0.28969   0.67054   0.00000   0.14363   0.03812   0.00000   0.02526   0.14563   0.10734   0.13480   0.21790   0.10374   0.03623   0.14814   0.13507   0.12739   0.25812   0.02381   0.08304   0.05830   0.02157   0.11717   0.09976   0.47945   0.57376   0.41015  
  4 857.0712   4893.065600  x:  0.08661   0.12854   0.58421   0.31111   0.17441   0.30364   0.46626   0.34302   0.19111   0.14268   0.25019   0.00000   0.04875   0.02342   0.35869   0.54178   0.21953   1.18810   0.11014   0.28005   0.70940   0.00000   0.11218   0.05330   0.00000   0.02283   0.14350   0.10140   0.11766   0.22880   0.09789   0.03613   0.14630   0.13672   0.13236   0.27435   0.02889   0.08220   0.05723   0.00000   0.11711   0.09931   0.47159   0.58986   0.42033  
  5 637.0949   4882.055495  x:  0.08476   0.12507   0.60573   0.31687   0.17130   0.32144   0.42741   0.34422   0.18984   0.13645   0.25932   0.00000   0.05836   0.00759   0.35153   0.49287   0.20486   1.22081   0.08550   0.27097   0.74202   0.00000   0.09621   0.06482   0.00000   0.00744   0.14358   0.09955   0.10599   0.23205   0.09467   0.05563   0.14878   0.13557   0.13347   0.28514   0.00236   0.07863   0.07763   0.00622   0.11298   0.10162   0.47323   0.60003   0.43166  
  6 543.6773   4877.557622  x:  0.08483   0.12355   0.61309   0.31745   0.16982   0.32872   0.41000   0.34479   0.19050   0.13410   0.26216   0.00000   0.05403   0.00314   0.34954   0.47108   0.19894   1.23597   0.07519   0.26700   0.75539   0.00000   0.09300   0.06603   0.00000   0.01450   0.14408   0.09961   0.10218   0.23204   0.09356   0.06648   0.15058   0.13456   0.13283   0.28866   0.00000   0.07699   0.08972   0.00714   0.11068   0.10291   0.47597   0.60326   0.43701  
  7 692.3225   4873.641584  x:  0.08491   0.12246   0.61830   0.31778   0.16875   0.33393   0.39748   0.34519   0.19102   0.13243   0.26415   0.00000   0.04961   0.00000   0.34816   0.45542   0.19470   1.24690   0.06780   0.26415   0.76496   0.00000   0.09083   0.06638   0.00000   0.01665   0.14445   0.09970   0.09949   0.23196   0.09279   0.07443   0.15191   0.13381   0.13232   0.29113   0.00074   0.07579   0.09866   0.00764   0.10896   0.10388   0.47802   0.60553   0.44086  
  8 8337.2530   4852.605751  x:  0.09260   0.11948   0.63362   0.30315   0.16079   0.36905   0.28170   0.34340   0.20836   0.13313   0.27134   0.00000   0.05818   0.00000   0.35429   0.31377   0.17620   1.34632   0.02447   0.24633   0.82702   0.00000   0.14160   0.04634   0.00000   0.01434   0.14711   0.10738   0.11076   0.22353   0.08918   0.06930   0.15376   0.13069   0.11375   0.29307   0.00000   0.11024   0.10111   0.00653   0.13092   0.09140   0.51186   0.60496   0.47858  
  9 223.4520   4840.923532  x:  0.08707   0.12421   0.62953   0.29523   0.15539   0.38410   0.18781   0.33870   0.21990   0.14318   0.26750   0.00000   0.05618   0.00000   0.36492   0.19552   0.18601   1.44230   0.01985   0.24559   0.86483   0.00000   0.14195   0.05747   0.00000   0.01243   0.14203   0.10186   0.11561   0.22388   0.10203   0.04672   0.14917   0.13494   0.14302   0.28111   0.00005   0.04527   0.08156   0.00618   0.10152   0.11252   0.53152   0.58958   0.51641  
 10 172.5333   4840.241778  x:  0.08631   0.12456   0.62885   0.29543   0.15512   0.38401   0.18477   0.33835   0.21978   0.14391   0.26715   0.00000   0.05524   0.00000   0.36501   0.19167   0.18701   1.44640   0.02055   0.24585   0.86565   0.00000   0.13853   0.05907   0.00000   0.01243   0.14164   0.10109   0.11467   0.22406   0.10249   0.04713   0.14897   0.13507   0.14459   0.28048   0.00000   0.04814   0.08123   0.00621   0.10005   0.11337   0.53145   0.58860   0.51845  
 11 110.7123   4840.241778  x:  0.08631   0.12456   0.62885   0.29543   0.15512   0.38401   0.18477   0.33835   0.21978   0.14391   0.26715   0.00000   0.05524   0.00000   0.36501   0.19167   0.18701   1.44640   0.02055   0.24585   0.86565   0.00000   0.13853   0.05907   0.00000   0.01243   0.14164   0.10109   0.11467   0.22406   0.10249   0.04713   0.14897   0.13507   0.14459   0.28048   0.00000   0.04814   0.08123   0.00621   0.10005   0.11337   0.53145   0.58860   0.51845  
 12 79.7224   4837.046369  x:  0.08612   0.12456   0.62952   0.29595   0.15512   0.38428   0.18458   0.33838   0.21954   0.14385   0.26752   0.00000   0.05386   0.00000   0.36478   0.19143   0.18683   1.44686   0.02026   0.24579   0.86620   0.00000   0.13768   0.05812   0.00000   0.01382   0.14158   0.10091   0.11434   0.22442   0.10230   0.04619   0.14881   0.13517   0.14452   0.28083   0.02137   0.04950   0.08037   0.00871   0.10049   0.11314   0.53101   0.58890   0.51852  
 13 1789.2317   4817.848684  x:  0.07927   0.12417   0.65391   0.31486   0.15527   0.39395   0.17781   0.33964   0.21057   0.14139   0.28125   0.00000   0.00390   0.00000   0.35632   0.18269   0.18022   1.46389   0.00965   0.24353   0.88665   0.00000   0.10696   0.02370   0.00000   0.05428   0.13952   0.09405   0.10224   0.23647   0.09741   0.01223   0.14291   0.13873   0.14200   0.29307   0.01899   0.09013   0.04602   0.02252   0.11461   0.10479   0.51460   0.59992   0.52110  
 14 272.7272   4812.910405  x:  0.07437   0.12351   0.67352   0.32941   0.15542   0.40201   0.17279   0.34067   0.20375   0.13967   0.29156   0.00000   0.01939   0.00000   0.34956   0.17622   0.17518   1.47835   0.00163   0.24197   0.90371   0.00000   0.08487   0.01024   0.00000   0.04977   0.13783   0.08916   0.09310   0.24556   0.09449   0.00155   0.13920   0.14134   0.14167   0.30311   0.01960   0.10117   0.02541   0.01579   0.12203   0.09944   0.50205   0.60877   0.52339  
 15 252.6398   4811.486481  x:  0.07341   0.12334   0.67763   0.33240   0.15545   0.40372   0.17178   0.34089   0.20237   0.13933   0.29365   0.00000   0.01929   0.00000   0.34815   0.17493   0.17416   1.48145   0.00000   0.24167   0.90734   0.00000   0.08066   0.01088   0.00000   0.04819   0.13748   0.08820   0.09129   0.24737   0.09408   0.00364   0.13855   0.14190   0.14175   0.30523   0.01974   0.10280   0.02267   0.01447   0.12336   0.09847   0.49951   0.61062   0.52390  
 16 507.9760   4808.087614  x:  0.07067   0.12267   0.69083   0.34176   0.15565   0.40929   0.16874   0.34160   0.19812   0.13837   0.30012   0.00000   0.01618   0.00000   0.34368   0.17105   0.17111   1.49172   0.00000   0.24084   0.91922   0.00000   0.06915   0.01717   0.00000   0.03977   0.13648   0.08546   0.08596   0.25293   0.09276   0.00000   0.13665   0.14334   0.14199   0.31200   0.02015   0.10498   0.02227   0.01093   0.12669   0.09601   0.49163   0.61654   0.52561  
 17 712.8859   4802.664243  x:  0.06482   0.12055   0.72497   0.36505   0.15631   0.42385   0.16160   0.34344   0.18795   0.13628   0.31590   0.00000   0.00861   0.00000   0.33235   0.16207   0.16378   1.51927   0.00000   0.23892   0.95053   0.00000   0.04760   0.00692   0.00000   0.01717   0.13478   0.07960   0.07419   0.26617   0.09030   0.00187   0.13293   0.14645   0.14280   0.32927   0.02015   0.10570   0.04049   0.01262   0.13288   0.09188   0.47248   0.63181   0.53036  
 18 625.3232   4797.099640  x:  0.05835   0.11492   0.79168   0.40723   0.15810   0.45257   0.15063   0.34705   0.17159   0.13382   0.34336   0.00000   0.02729   0.00000   0.31149   0.14901   0.15104   1.57690   0.00000   0.23552   1.01387   0.00000   0.04929   0.01903   0.00000   0.03310   0.13446   0.07313   0.06014   0.28822   0.08736   0.00643   0.12936   0.14996   0.14354   0.36152   0.01677   0.10224   0.07151   0.04312   0.13856   0.09107   0.44016   0.66122   0.54093  
 19 295.2502   4789.595078  x:  0.06348   0.10163   0.88991   0.45973   0.16184   0.49532   0.14502   0.35215   0.16072   0.13525   0.37319   0.00000   0.01558   0.00000   0.28657   0.14548   0.13761   1.67425   0.00000   0.23188   1.11455   0.00000   0.11943   0.01027   0.00000   0.03460   0.13760   0.07827   0.06764   0.31009   0.08554   0.00452   0.13402   0.14863   0.14508   0.40342   0.01878   0.06562   0.05928   0.02688   0.12827   0.10252   0.41232   0.70236   0.55986  
 20 214.1099   4785.443754  x:  0.07617   0.07894   0.95582   0.47314   0.16257   0.52160   0.16397   0.35346   0.18657   0.14337   0.36707   0.00000   0.01917   0.00000   0.29051   0.17547   0.14273   1.77365   0.00000   0.23295   1.20091   0.00000   0.12087   0.01278   0.00000   0.02637   0.13935   0.09095   0.09277   0.29695   0.09045   0.00498   0.14694   0.13880   0.14366   0.41087   0.01876   0.10051   0.06383   0.02448   0.10514   0.11153   0.45332   0.72202   0.58039  
 21 88.7975   4782.618745  x:  0.07194   0.06141   0.99472   0.46459   0.15651   0.53119   0.17473   0.35037   0.20555   0.14119   0.34414   0.00000   0.01738   0.00000   0.30352   0.19073   0.14926   1.86449   0.00000   0.23166   1.26777   0.00000   0.09711   0.01023   0.00000   0.04327   0.13879   0.08672   0.09055   0.27127   0.09127   0.00471   0.14724   0.13663   0.14348   0.39489   0.01943   0.06695   0.06377   0.01937   0.11242   0.10645   0.48272   0.72462   0.60041  
 22 94.1378   4780.900367  x:  0.06551   0.06346   1.01130   0.44483   0.14994   0.52712   0.17245   0.34457   0.20747   0.13164   0.31814   0.00000   0.01556   0.00000   0.31494   0.18549   0.15260   1.94488   0.00000   0.22624   1.31537   0.00000   0.10628   0.01190   0.00000   0.02753   0.13748   0.08030   0.08031   0.25024   0.09388   0.00336   0.14040   0.14097   0.14367   0.36795   0.01756   0.06669   0.05125   0.04118   0.12269   0.10264   0.48502   0.71307   0.61973  
 23 76.1531   4779.217002  x:  0.06474   0.08137   1.01692   0.41766   0.14666   0.51478   0.16410   0.33780   0.19871   0.12315   0.29523   0.00000   0.01746   0.00000   0.32426   0.16930   0.15480   2.03858   0.00000   0.21771   1.36108   0.00000   0.11278   0.01105   0.00000   0.03440   0.13673   0.07952   0.07481   0.24006   0.09761   0.00481   0.13458   0.14508   0.14517   0.33695   0.01933   0.08252   0.06245   0.02069   0.12188   0.10159   0.47247   0.68921   0.64365  
 24 87.0161   4777.804321  x:  0.07532   0.10743   1.00243   0.38773   0.15406   0.49475   0.16034   0.33575   0.18527   0.13468   0.29899   0.00000   0.01658   0.00000   0.32651   0.15880   0.15803   2.14256   0.00000   0.20914   1.39623   0.00000   0.09645   0.01135   0.00000   0.03468   0.13585   0.09010   0.09433   0.25680   0.10090   0.00436   0.14235   0.14088   0.14457   0.32236   0.01865   0.07356   0.05687   0.02900   0.10863   0.10766   0.45865   0.64851   0.67218  
 25 58.1637   4777.284211  x:  0.07173   0.11025   0.99002   0.37984   0.15614   0.48707   0.16226   0.33854   0.18461   0.14073   0.30902   0.00000   0.01669   0.01850   0.32426   0.16324   0.15970   2.18146   0.00000   0.20804   1.40305   0.00000   0.09872   0.01145   0.00000   0.03426   0.13642   0.08651   0.09308   0.26430   0.09545   0.00465   0.14325   0.14027   0.14381   0.32622   0.01870   0.07496   0.05770   0.02797   0.11543   0.10644   0.46043   0.63023   0.68388  
 26 52.0515   4776.374706  x:  0.06341   0.11387   0.95726   0.36609   0.16164   0.46984   0.16463   0.34738   0.18416   0.14677   0.32763   0.00000   0.01674   0.00192   0.31522   0.17026   0.16330   2.27510   0.00000   0.20561   1.41535   0.00000   0.10321   0.01152   0.00000   0.03358   0.13721   0.07819   0.08826   0.28057   0.08424   0.00516   0.14366   0.13980   0.14214   0.34110   0.01877   0.07753   0.05890   0.02609   0.12432   0.10348   0.46756   0.58685   0.71272  
 27 73.5755   4775.937539  x:  0.06630   0.10893   0.93194   0.37733   0.15775   0.46705   0.16241   0.35331   0.18807   0.13574   0.33244   0.00000   0.01624   0.00443   0.30898   0.17086   0.16260   2.32452   0.00000   0.20784   1.40616   0.00000   0.10216   0.01111   0.00000   0.03417   0.13477   0.08108   0.07739   0.27535   0.09510   0.00462   0.13534   0.14480   0.14341   0.35780   0.01879   0.07653   0.05734   0.02649   0.11161   0.10325   0.46952   0.57143   0.73049  
 28 26.3550   4775.616722  x:  0.07229   0.10420   0.90902   0.39576   0.15333   0.47190   0.16084   0.35457   0.18833   0.12911   0.32857   0.00000   0.01645   0.00527   0.30654   0.16635   0.15841   2.36918   0.00000   0.21029   1.38712   0.00000   0.10012   0.01136   0.00000   0.03389   0.13545   0.08707   0.08398   0.26360   0.09328   0.00459   0.14139   0.14116   0.14457   0.36766   0.01880   0.07744   0.05769   0.02602   0.12208   0.10616   0.46464   0.56982   0.74871  
 29 23.8769   4775.322799  x:  0.06483   0.09981   0.89061   0.41297   0.15245   0.48339   0.16413   0.35049   0.18512   0.13974   0.32184   0.00000   0.01614   0.00523   0.30960   0.16541   0.15298   2.41530   0.00000   0.21274   1.35683   0.00000   0.09985   0.01140   0.00000   0.03369   0.13710   0.07961   0.08628   0.26362   0.08865   0.00464   0.14400   0.14006   0.14303   0.36325   0.01881   0.07775   0.05714   0.02605   0.11394   0.10219   0.45973   0.58284   0.77043  
 30 20.2281   4775.141620  x:  0.06714   0.10024   0.88541   0.41747   0.15678   0.49123   0.16395   0.34747   0.18407   0.14342   0.32199   0.00000   0.01604   0.00384   0.31265   0.16819   0.15201   2.44602   0.00000   0.21390   1.33191   0.00000   0.10017   0.01147   0.00000   0.03344   0.13524   0.08193   0.08423   0.27338   0.09493   0.00456   0.13821   0.14353   0.14353   0.35623   0.01885   0.07773   0.05723   0.02548   0.12012   0.10574   0.46292   0.59724   0.78716  
 31 20.1979   4774.992389  x:  0.07006   0.10022   0.89240   0.40955   0.15860   0.49383   0.15924   0.34743   0.18685   0.13389   0.32928   0.00000   0.01574   0.00411   0.31227   0.16913   0.15288   2.46832   0.00000   0.21294   1.30599   0.00000   0.09977   0.01159   0.00000   0.03312   0.13529   0.08485   0.08071   0.27656   0.08750   0.00474   0.14038   0.14099   0.14508   0.35284   0.01881   0.07739   0.05672   0.02583   0.11748   0.10267   0.46488   0.61115   0.80398  
 32 12.4242   4774.869269  x:  0.06521   0.09994   0.90615   0.39918   0.15534   0.49144   0.16030   0.34885   0.18956   0.13130   0.33446   0.00000   0.01556   0.00379   0.30865   0.16755   0.15419   2.48357   0.00000   0.21161   1.28377   0.00000   0.09852   0.01168   0.00000   0.03303   0.13655   0.07999   0.08586   0.27297   0.09332   0.00461   0.14147   0.14213   0.14221   0.35693   0.01889   0.07772   0.05650   0.02506   0.11790   0.10558   0.46231   0.61773   0.82064  
 33 11.7310   4774.743367  x:  0.06812   0.10534   0.92493   0.39583   0.15522   0.48657   0.16560   0.34970   0.18746   0.14057   0.33242   0.00000   0.01527   0.00290   0.30569   0.16737   0.15656   2.49381   0.00000   0.21168   1.26526   0.00000   0.09805   0.01175   0.00000   0.03285   0.13459   0.08291   0.08287   0.26523   0.09237   0.00463   0.13814   0.14252   0.14531   0.36463   0.01891   0.07773   0.05610   0.02473   0.11861   0.10220   0.46082   0.61556   0.84030  
 34  9.6343   4774.556689  x:  0.06717   0.10232   0.94899   0.40369   0.15772   0.48004   0.16052   0.34905   0.18046   0.14122   0.32265   0.00000   0.01457   0.00410   0.30945   0.16920   0.15749   2.49772   0.00000   0.21433   1.25041   0.00000   0.09650   0.01186   0.00000   0.03246   0.13695   0.08196   0.07651   0.26905   0.09149   0.00463   0.14455   0.14046   0.14345   0.36837   0.01897   0.07754   0.05491   0.02399   0.11760   0.11017   0.46468   0.60162   0.87144  
 35  8.1672   4774.316476  x:  0.06725   0.09328   0.97104   0.41476   0.15945   0.47583   0.15575   0.34918   0.18096   0.13723   0.31687   0.00000   0.01403   0.00524   0.31450   0.16830   0.15518   2.49790   0.00000   0.21615   1.24229   0.00000   0.09637   0.01222   0.00000   0.03182   0.13530   0.08204   0.08589   0.27810   0.09197   0.00484   0.14040   0.14202   0.14249   0.36643   0.01902   0.07743   0.05483   0.02320   0.11869   0.09859   0.46592   0.58451   0.91168  
 36 16.5588   4773.846383  x:  0.06777   0.08483   0.98966   0.42907   0.15688   0.47919   0.16510   0.35141   0.19711   0.13632   0.32771   0.00000   0.01252   0.00387   0.31560   0.16172   0.14786   2.49266   0.00000   0.21511   1.25038   0.00000   0.09228   0.01276   0.00000   0.03079   0.13112   0.08256   0.08691   0.28114   0.08281   0.00525   0.13164   0.14395   0.14792   0.34958   0.01913   0.07751   0.05293   0.02155   0.11757   0.11030   0.45777   0.56665   0.99123  
 37 15.7416   4772.911485  x:  0.07015   0.08980   1.00103   0.44262   0.15476   0.49279   0.17322   0.35181   0.20072   0.13667   0.34966   0.00000   0.00958   0.00000   0.30982   0.16290   0.14605   2.47991   0.00000   0.21568   1.28500   0.00000   0.08775   0.01357   0.00000   0.02863   0.13795   0.08494   0.07542   0.27618   0.09792   0.00493   0.14893   0.14237   0.14259   0.33173   0.01952   0.07773   0.04923   0.01743   0.12111   0.09848   0.45186   0.55997   1.13514  
 38 34.5539   4772.911485  x:  0.07015   0.08980   1.00103   0.44262   0.15476   0.49279   0.17322   0.35181   0.20072   0.13667   0.34966   0.00000   0.00958   0.00000   0.30982   0.16290   0.14605   2.47991   0.00000   0.21568   1.28500   0.00000   0.08775   0.01357   0.00000   0.02863   0.13795   0.08494   0.07542   0.27618   0.09792   0.00493   0.14893   0.14237   0.14259   0.33173   0.01952   0.07773   0.04923   0.01743   0.12111   0.09848   0.45186   0.55997   1.13514  
 39 58.8868   4771.429343  x:  0.06904   0.08979   1.00171   0.44301   0.15480   0.49332   0.17170   0.35169   0.19891   0.13618   0.34970   0.00000   0.00537   0.00035   0.30933   0.16251   0.14590   2.48051   0.00000   0.21554   1.28652   0.00000   0.08188   0.02452   0.00000   0.02564   0.13684   0.08383   0.07501   0.27668   0.09713   0.01743   0.14724   0.14306   0.14317   0.33402   0.01104   0.07981   0.04212   0.01259   0.12207   0.09800   0.45157   0.56178   1.13499  
 40 145.8923   4771.006901  x:  0.06795   0.08980   1.00250   0.44342   0.15489   0.49388   0.17009   0.35158   0.19698   0.13567   0.34974   0.00000   0.01129   0.00069   0.30880   0.16210   0.14585   2.48118   0.00000   0.21538   1.28821   0.00000   0.07595   0.02564   0.00000   0.02341   0.13582   0.08274   0.07461   0.27735   0.09566   0.01786   0.14532   0.14357   0.14326   0.33643   0.00722   0.08174   0.03586   0.01192   0.12310   0.09753   0.45117   0.56376   1.13482  
 41 99.1174   4770.344451  x:  0.06551   0.08985   1.00441   0.44442   0.15516   0.49523   0.16633   0.35131   0.19246   0.13453   0.34982   0.00000   0.00855   0.00137   0.30755   0.16116   0.14577   2.48282   0.00000   0.21499   1.29231   0.00000   0.06311   0.02470   0.00000   0.02042   0.13360   0.08030   0.07374   0.27902   0.09202   0.01521   0.14094   0.14466   0.14332   0.34215   0.00856   0.08576   0.02437   0.01414   0.12544   0.09651   0.45027   0.56854   1.13441  
 42 112.2834   4769.987339  x:  0.06291   0.08992   1.00705   0.44581   0.15559   0.49710   0.16176   0.35102   0.18691   0.13326   0.34989   0.00000   0.00744   0.00187   0.30592   0.16005   0.14568   2.48513   0.00000   0.21447   1.29805   0.00000   0.05332   0.02339   0.00000   0.02400   0.13137   0.07770   0.07291   0.28131   0.08814   0.01389   0.13621   0.14590   0.14352   0.34971   0.00701   0.08890   0.02870   0.01139   0.12777   0.09552   0.44928   0.57499   1.13385  
 43 56.4722   4769.820567  x:  0.06136   0.08997   1.00921   0.44693   0.15597   0.49863   0.15855   0.35085   0.18297   0.13250   0.34993   0.00000   0.00912   0.00213   0.30469   0.15932   0.14561   2.48706   0.00000   0.21404   1.30280   0.00000   0.05159   0.02467   0.00000   0.02393   0.13009   0.07616   0.07249   0.28309   0.08597   0.01619   0.13341   0.14674   0.14381   0.35558   0.01024   0.09015   0.03142   0.01315   0.12913   0.09509   0.44866   0.58015   1.13339  
 44 65.6149   4769.443472  x:  0.05843   0.09006   1.01564   0.45022   0.15718   0.50316   0.15069   0.35051   0.17318   0.13106   0.35003   0.00000   0.00798   0.00272   0.30133   0.15768   0.14557   2.49291   0.00000   0.21279   1.31711   0.00000   0.05920   0.02338   0.00000   0.01999   0.12786   0.07322   0.07189   0.28819   0.08159   0.01592   0.12793   0.14845   0.14423   0.37184   0.00721   0.09067   0.03325   0.01584   0.13153   0.09466   0.44707   0.59502   1.13199  
 45 65.3613   4769.258780  x:  0.05799   0.08998   1.01981   0.45228   0.15794   0.50603   0.14754   0.35048   0.16913   0.13100   0.35008   0.00000   0.00841   0.00314   0.29955   0.15720   0.14563   2.49688   0.00000   0.21201   1.32664   0.00000   0.06392   0.02387   0.00000   0.02360   0.12773   0.07278   0.07184   0.29114   0.08070   0.01532   0.12722   0.14891   0.14435   0.38104   0.00914   0.08939   0.03010   0.01213   0.13175   0.09484   0.44636   0.60413   1.13103  
 46 65.1794   4769.026073  x:  0.06104   0.08903   1.02789   0.45596   0.15906   0.51135   0.14840   0.35101   0.16970   0.13358   0.35008   0.00000   0.00836   0.00362   0.29762   0.15814   0.14588   2.50529   0.00000   0.21066   1.34623   0.00000   0.06144   0.02415   0.00000   0.02643   0.13097   0.07584   0.07222   0.29495   0.08563   0.01552   0.13426   0.14771   0.14418   0.39381   0.00745   0.08432   0.02945   0.01571   0.12857   0.09654   0.44617   0.61983   1.12887  
 47 32.1483   4768.901283  x:  0.06244   0.08808   1.03257   0.45796   0.15940   0.51428   0.15001   0.35136   0.17156   0.13513   0.35002   0.00000   0.00834   0.00332   0.29692   0.15887   0.14595   2.51047   0.00000   0.20993   1.35800   0.00000   0.05967   0.02376   0.00000   0.02231   0.13264   0.07723   0.07185   0.29636   0.08802   0.01500   0.13807   0.14678   0.14400   0.39956   0.00879   0.08289   0.03052   0.01274   0.12677   0.09709   0.44612   0.62825   1.12750  
 48 64.7180   4768.753533  x:  0.06068   0.08434   1.04032   0.46049   0.15804   0.51811   0.15647   0.35178   0.18040   0.13652   0.34971   0.00000   0.00829   0.00047   0.29801   0.16041   0.14551   2.52099   0.00000   0.20904   1.38016   0.00000   0.06117   0.02534   0.00000   0.02296   0.13259   0.07548   0.06788   0.29378   0.08748   0.01371   0.13873   0.14502   0.14359   0.40005   0.00865   0.09049   0.03074   0.01323   0.12641   0.09541   0.44591   0.63839   1.12450  
 49 20.7189   4768.701377  x:  0.06013   0.08295   1.04337   0.46139   0.15739   0.51925   0.15836   0.35161   0.18315   0.13629   0.34986   0.00000   0.00833   0.00206   0.29895   0.16086   0.14530   2.52588   0.00000   0.20889   1.38976   0.00000   0.06142   0.02233   0.00000   0.02335   0.13194   0.07493   0.06780   0.29194   0.08698   0.01614   0.13745   0.14500   0.14371   0.39807   0.00867   0.09048   0.03030   0.01307   0.12703   0.09515   0.44574   0.64100   1.12301  
 50 25.7521   4768.601012  x:  0.05995   0.08079   1.04977   0.46317   0.15634   0.52087   0.16013   0.35058   0.18629   0.13390   0.35022   0.00000   0.00831   0.00514   0.30139   0.16098   0.14503   2.53767   0.00000   0.20884   1.41156   0.00000   0.06105   0.02444   0.00000   0.02309   0.12997   0.07474   0.07069   0.28735   0.08548   0.01460   0.13308   0.14602   0.14385   0.39039   0.00866   0.08524   0.03056   0.01319   0.12908   0.09564   0.44523   0.64384   1.11929  
 51 29.3796   4768.537510  x:  0.06071   0.08066   1.05397   0.46438   0.15641   0.52119   0.15865   0.34943   0.18482   0.13081   0.34986   0.00000   0.00833   0.00000   0.30253   0.15984   0.14503   2.54725   0.00000   0.20877   1.42769   0.00000   0.06069   0.02366   0.00000   0.02318   0.12981   0.07551   0.07304   0.28509   0.08603   0.01523   0.13223   0.14710   0.14412   0.38347   0.00866   0.08395   0.03034   0.01314   0.12943   0.09627   0.44529   0.64306   1.11611  
 52 24.2386   4768.454461  x:  0.06173   0.08230   1.05897   0.46570   0.15719   0.52049   0.15458   0.34760   0.17869   0.12878   0.35018   0.00000   0.00831   0.00319   0.30336   0.15873   0.14531   2.56241   0.00000   0.20867   1.45041   0.00000   0.06099   0.02384   0.00000   0.02313   0.13157   0.07653   0.07365   0.28449   0.08828   0.01493   0.13535   0.14789   0.14434   0.37354   0.00875   0.08863   0.03057   0.01311   0.12784   0.09645   0.44602   0.63743   1.11084  
 53 21.8730   4768.395760  x:  0.05928   0.08384   1.06091   0.46492   0.15797   0.51827   0.15383   0.34794   0.17547   0.13334   0.34987   0.00000   0.00831   0.00255   0.30151   0.15919   0.14546   2.57749   0.00000   0.20756   1.46729   0.00000   0.06070   0.02384   0.00000   0.02314   0.13159   0.07407   0.06906   0.28789   0.08680   0.01512   0.13671   0.14548   0.14371   0.37106   0.00869   0.08548   0.03050   0.01322   0.12719   0.09477   0.44709   0.62583   1.10512  
 54 10.9874   4768.329905  x:  0.06077   0.08542   1.06166   0.46208   0.15902   0.51477   0.15484   0.35030   0.17631   0.13849   0.34938   0.00000   0.00830   0.00220   0.29868   0.16010   0.14613   2.59887   0.00000   0.20589   1.48613   0.00000   0.06089   0.02373   0.00000   0.02322   0.13025   0.07556   0.07323   0.29285   0.08556   0.01531   0.13423   0.14498   0.14319   0.37547   0.00866   0.08736   0.03053   0.01324   0.12854   0.09646   0.44789   0.60759   1.09665  
 55 14.6887   4768.292943  x:  0.06049   0.08523   1.06065   0.45901   0.15763   0.51262   0.15423   0.35236   0.17907   0.13326   0.34929   0.00000   0.00829   0.00281   0.29892   0.15923   0.14694   2.61511   0.00000   0.20548   1.49446   0.00000   0.06092   0.02374   0.00000   0.02323   0.13168   0.07528   0.07154   0.29216   0.08610   0.01511   0.13500   0.14865   0.14409   0.38194   0.00867   0.08686   0.03053   0.01326   0.12792   0.09535   0.44619   0.59641   1.08985  
 56  9.0141   4768.276141  x:  0.06083   0.08622   1.05915   0.45774   0.15731   0.51283   0.15461   0.35218   0.17822   0.13088   0.34947   0.00000   0.00828   0.00299   0.30069   0.15931   0.14751   2.62700   0.00000   0.20596   1.49494   0.00000   0.06093   0.02372   0.00000   0.02324   0.13047   0.07562   0.07047   0.28902   0.08636   0.01511   0.13523   0.14477   0.14355   0.38483   0.00869   0.08691   0.03054   0.01322   0.12798   0.09704   0.44669   0.59368   1.08445  
 57  4.7940   4768.244576  x:  0.06040   0.08810   1.05526   0.45592   0.15753   0.51489   0.15645   0.35058   0.17571   0.13283   0.34981   0.00000   0.00826   0.00259   0.30343   0.15979   0.14743   2.65560   0.00000   0.20644   1.49089   0.00000   0.06099   0.02372   0.00000   0.02325   0.13119   0.07519   0.07224   0.28466   0.08767   0.01493   0.13505   0.14524   0.14334   0.38688   0.00873   0.08688   0.03055   0.01322   0.12824   0.09300   0.44849   0.59307   1.07091  
 58  6.9037   4768.204406  x:  0.05935   0.08890   1.05027   0.45419   0.15774   0.51748   0.15673   0.34929   0.17527   0.13572   0.34996   0.00000   0.00823   0.00225   0.30413   0.15946   0.14615   2.69508   0.00000   0.20601   1.48334   0.00000   0.06097   0.02369   0.00000   0.02325   0.13208   0.07414   0.07120   0.28386   0.08744   0.01474   0.13500   0.14892   0.14428   0.38588   0.00876   0.08697   0.03056   0.01317   0.12785   0.09781   0.44843   0.59452   1.05162  
 59 16.9968   4768.164272  x:  0.06119   0.08806   1.04633   0.45396   0.15824   0.51891   0.15365   0.34995   0.17842   0.13450   0.34974   0.00000   0.00821   0.00268   0.30125   0.15856   0.14508   2.73530   0.00000   0.20516   1.47430   0.00000   0.06104   0.02364   0.00000   0.02328   0.13066   0.07598   0.07077   0.28900   0.08641   0.01487   0.13493   0.14684   0.14449   0.38217   0.00874   0.08691   0.03059   0.01328   0.12783   0.09577   0.44560   0.59732   1.03088  
 60 16.7896   4768.158051  x:  0.05995   0.08742   1.04704   0.45546   0.15815   0.51802   0.15387   0.35082   0.17870   0.13303   0.34957   0.00000   0.00820   0.00281   0.30020   0.15951   0.14614   2.74127   0.00000   0.20564   1.47244   0.00000   0.06103   0.02364   0.00000   0.02328   0.13175   0.07474   0.07198   0.29039   0.08663   0.01490   0.13511   0.14622   0.14349   0.38160   0.00874   0.08689   0.03059   0.01327   0.12822   0.09602   0.44669   0.59764   1.02665  
 61  4.2522   4768.153509  x:  0.06062   0.08704   1.04976   0.45848   0.15797   0.51591   0.15518   0.35182   0.17797   0.13241   0.34938   0.00000   0.00820   0.00285   0.29948   0.16007   0.14739   2.74496   0.00000   0.20569   1.47054   0.00000   0.06105   0.02362   0.00000   0.02329   0.13111   0.07542   0.07139   0.29044   0.08582   0.01491   0.13506   0.14700   0.14380   0.38154   0.00873   0.08685   0.03059   0.01329   0.12781   0.09591   0.44779   0.59751   1.02183  
 62  2.3612   4768.149373  x:  0.06050   0.08569   1.05383   0.46112   0.15728   0.51342   0.15537   0.35209   0.17744   0.13322   0.34931   0.00000   0.00818   0.00285   0.29972   0.15910   0.14732   2.74743   0.00000   0.20474   1.46857   0.00000   0.06106   0.02362   0.00000   0.02329   0.13139   0.07529   0.07147   0.28974   0.08678   0.01484   0.13477   0.14655   0.14413   0.38187   0.00876   0.08689   0.03061   0.01327   0.12811   0.09597   0.44643   0.59690   1.01576  
 63  2.4802   4768.146725  x:  0.06049   0.08514   1.05714   0.46149   0.15794   0.51288   0.15406   0.35145   0.17814   0.13378   0.34947   0.00000   0.00818   0.00277   0.30072   0.15924   0.14711   2.74802   0.00000   0.20478   1.46743   0.00000   0.06107   0.02359   0.00000   0.02330   0.13150   0.07528   0.07179   0.28927   0.08571   0.01491   0.13550   0.14663   0.14339   0.38224   0.00875   0.08688   0.03061   0.01330   0.12798   0.09596   0.44644   0.59631   1.01020  
 64  1.8379   4768.143402  x:  0.06046   0.08530   1.06121   0.46056   0.15882   0.51353   0.15328   0.35052   0.17887   0.13380   0.34969   0.00000   0.00816   0.00272   0.30145   0.15972   0.14698   2.74779   0.00000   0.20557   1.46635   0.00000   0.06109   0.02357   0.00000   0.02331   0.13124   0.07525   0.07119   0.28985   0.08685   0.01479   0.13468   0.14671   0.14390   0.38241   0.00877   0.08685   0.03062   0.01329   0.12797   0.09595   0.44727   0.59561   1.00166  
 65  2.6126   4768.137875  x:  0.06042   0.08611   1.06628   0.45759   0.15823   0.51595   0.15509   0.35017   0.17803   0.13296   0.34974   0.00000   0.00813   0.00278   0.30034   0.15921   0.14614   2.74609   0.00000   0.20633   1.46537   0.00000   0.06113   0.02352   0.00000   0.02332   0.13179   0.07521   0.07154   0.29040   0.08599   0.01476   0.13511   0.14642   0.14450   0.38223   0.00877   0.08684   0.03064   0.01332   0.12816   0.09595   0.44678   0.59486   0.98548  
 66  3.2160   4768.134591  x:  0.06044   0.08627   1.06673   0.45670   0.15765   0.51690   0.15510   0.35119   0.17764   0.13301   0.34952   0.00000   0.00811   0.00281   0.29962   0.15942   0.14623   2.74431   0.00000   0.20583   1.46561   0.00000   0.06116   0.02348   0.00000   0.02334   0.13099   0.07523   0.07137   0.28996   0.08667   0.01475   0.13498   0.14694   0.14261   0.38204   0.00880   0.08685   0.03066   0.01333   0.12777   0.09596   0.44649   0.59494   0.97480  
 67  2.9304   4768.125187  x:  0.06055   0.08641   1.06349   0.45669   0.15740   0.51795   0.15329   0.35432   0.17782   0.13385   0.34892   0.00000   0.00804   0.00285   0.29911   0.16015   0.14794   2.73813   0.00000   0.20392   1.46774   0.00000   0.06122   0.02339   0.00000   0.02337   0.13206   0.07535   0.07132   0.28820   0.08654   0.01454   0.13483   0.14651   0.14404   0.38178   0.00885   0.08682   0.03071   0.01335   0.12828   0.09595   0.44714   0.59599   0.94280  
 68  5.1197   4768.118561  x:  0.05999   0.08639   1.05923   0.45830   0.15813   0.51680   0.15429   0.35266   0.17811   0.13349   0.34925   0.00000   0.00799   0.00291   0.30053   0.15862   0.14814   2.73345   0.00000   0.20428   1.46990   0.00000   0.06130   0.02330   0.00000   0.02341   0.13098   0.07478   0.07191   0.28948   0.08649   0.01441   0.13534   0.14658   0.14430   0.38218   0.00888   0.08679   0.03074   0.01338   0.12756   0.09593   0.44701   0.59695   0.91994  
 69  5.3828   4768.116570  x:  0.06046   0.08627   1.05774   0.45889   0.15813   0.51604   0.15472   0.35147   0.17799   0.13325   0.34944   0.00000   0.00797   0.00286   0.30087   0.15903   0.14751   2.73203   0.00000   0.20470   1.47065   0.00000   0.06132   0.02327   0.00000   0.02342   0.13193   0.07526   0.07138   0.28995   0.08632   0.01442   0.13487   0.14663   0.14362   0.38236   0.00888   0.08678   0.03075   0.01339   0.12813   0.09595   0.44676   0.59730   0.91315  
 70  4.3038   4768.116168  x:  0.06044   0.08601   1.05743   0.45891   0.15781   0.51563   0.15460   0.35109   0.17792   0.13324   0.34950   0.00000   0.00797   0.00280   0.30050   0.15971   0.14689   2.73178   0.00000   0.20509   1.47083   0.00000   0.06132   0.02326   0.00000   0.02342   0.13173   0.07524   0.07149   0.28980   0.08637   0.01439   0.13498   0.14662   0.14386   0.38245   0.00889   0.08678   0.03075   0.01340   0.12801   0.09594   0.44670   0.59740   0.91204  
 71  0.7246   4768.115886  x:  0.06046   0.08605   1.05731   0.45890   0.15786   0.51528   0.15443   0.35111   0.17809   0.13339   0.34957   0.00000   0.00796   0.00284   0.29989   0.15931   0.14651   2.73169   0.00000   0.20583   1.47097   0.00000   0.06133   0.02325   0.00000   0.02342   0.13179   0.07526   0.07145   0.28944   0.08643   0.01436   0.13495   0.14660   0.14380   0.38252   0.00889   0.08677   0.03076   0.01339   0.12803   0.09594   0.44696   0.59754   0.91181  
 72  0.2624   4768.113732  x:  0.06033   0.08656   1.05734   0.45826   0.15931   0.51408   0.15475   0.35301   0.17772   0.13342   0.34943   0.00000   0.00789   0.00282   0.30073   0.15972   0.14558   2.73157   0.00000   0.20712   1.47170   0.00000   0.06137   0.02311   0.00000   0.02344   0.13177   0.07512   0.07146   0.28950   0.08645   0.01420   0.13497   0.14664   0.14386   0.38252   0.00894   0.08676   0.03081   0.01343   0.12805   0.09596   0.44602   0.59833   0.91424  
 73  0.1192   4768.106131  x:  0.06053   0.08566   1.05752   0.45674   0.15793   0.51274   0.15473   0.35354   0.17735   0.13318   0.34938   0.00000   0.00764   0.00297   0.30199   0.15884   0.14459   2.73123   0.00000   0.20556   1.47389   0.00000   0.06150   0.02259   0.00000   0.02351   0.13174   0.07532   0.07143   0.29049   0.08626   0.01358   0.13496   0.14651   0.14379   0.38294   0.00910   0.08661   0.03097   0.01356   0.12806   0.09589   0.44835   0.59981   0.92406  
 74  0.8844   4768.098531  x:  0.06039   0.08657   1.05767   0.45751   0.15746   0.51366   0.15449   0.35102   0.17794   0.13346   0.34935   0.00000   0.00739   0.00297   0.30050   0.15941   0.14776   2.73086   0.00000   0.20514   1.47594   0.00000   0.06166   0.02206   0.00000   0.02359   0.13179   0.07518   0.07147   0.28996   0.08625   0.01301   0.13480   0.14651   0.14380   0.38347   0.00928   0.08651   0.03115   0.01370   0.12787   0.09589   0.44677   0.60021   0.93409  
 75  2.3847   4768.097834  x:  0.06035   0.08618   1.05757   0.45858   0.15810   0.51486   0.15460   0.35102   0.17792   0.13323   0.34955   0.00000   0.00736   0.00300   0.30019   0.15946   0.14712   2.73079   0.00000   0.20495   1.47606   0.00000   0.06169   0.02201   0.00000   0.02360   0.13156   0.07514   0.07140   0.28979   0.08641   0.01293   0.13512   0.14661   0.14383   0.38359   0.00930   0.08650   0.03117   0.01370   0.12847   0.09589   0.44681   0.59969   0.93503  
 76  0.6551   4768.097569  x:  0.06034   0.08593   1.05751   0.45918   0.15826   0.51556   0.15462   0.35113   0.17789   0.13316   0.34962   0.00000   0.00736   0.00300   0.30016   0.15946   0.14672   2.73076   0.00000   0.20500   1.47610   0.00000   0.06168   0.02199   0.00000   0.02360   0.13173   0.07513   0.07144   0.28975   0.08636   0.01291   0.13487   0.14653   0.14383   0.38365   0.00930   0.08649   0.03117   0.01371   0.12800   0.09589   0.44681   0.59939   0.93539  
 77  0.7438   4768.097511  x:  0.06037   0.08588   1.05749   0.45942   0.15796   0.51584   0.15454   0.35126   0.17788   0.13325   0.34955   0.00000   0.00735   0.00299   0.30034   0.15943   0.14670   2.73076   0.00000   0.20532   1.47611   0.00000   0.06168   0.02199   0.00000   0.02360   0.13172   0.07516   0.07144   0.28985   0.08634   0.01290   0.13489   0.14654   0.14383   0.38367   0.00930   0.08649   0.03118   0.01371   0.12805   0.09589   0.44678   0.59928   0.93547  
 78  0.1987   4768.097319  x:  0.06036   0.08600   1.05757   0.45949   0.15802   0.51589   0.15454   0.35112   0.17794   0.13322   0.34858   0.00000   0.00742   0.00307   0.30031   0.15942   0.14657   2.73087   0.00000   0.20525   1.47617   0.00000   0.06172   0.02196   0.00000   0.02362   0.13172   0.07515   0.07144   0.28982   0.08636   0.01288   0.13491   0.14652   0.14383   0.38370   0.00932   0.08648   0.03121   0.01371   0.12804   0.09589   0.44683   0.59925   0.93525  
 79  0.0049   4768.096814  x:  0.06041   0.08547   1.05774   0.45932   0.15809   0.51601   0.15459   0.35118   0.17781   0.13333   0.34923   0.00000   0.00758   0.00299   0.30023   0.15943   0.14694   2.73120   0.00000   0.20533   1.47635   0.00000   0.06183   0.02187   0.00000   0.02365   0.13174   0.07520   0.07140   0.28983   0.08638   0.01284   0.13496   0.14650   0.14382   0.38367   0.00938   0.08648   0.03131   0.01372   0.12801   0.09589   0.44677   0.59920   0.93467  
 80  0.1010   4768.096726  x:  0.06038   0.08587   1.05780   0.45944   0.15795   0.51600   0.15455   0.35124   0.17792   0.13331   0.34955   0.00000   0.00761   0.00296   0.30024   0.15947   0.14681   2.73125   0.00000   0.20521   1.47638   0.00000   0.06185   0.02186   0.00000   0.02366   0.13174   0.07517   0.07142   0.28985   0.08638   0.01283   0.13496   0.14650   0.14382   0.38367   0.00939   0.08648   0.03132   0.01372   0.12801   0.09589   0.44678   0.59920   0.93457  
 81  0.2563   4768.096720  x:  0.06037   0.08589   1.05782   0.45941   0.15795   0.51598   0.15454   0.35124   0.17791   0.13331   0.34952   0.00000   0.00761   0.00296   0.30024   0.15946   0.14681   2.73139   0.00000   0.20521   1.47622   0.00000   0.06183   0.02186   0.00000   0.02366   0.13174   0.07517   0.07142   0.28986   0.08637   0.01282   0.13496   0.14650   0.14381   0.38366   0.00941   0.08650   0.03130   0.01372   0.12801   0.09588   0.44678   0.59917   0.93420  
 82  0.0004   4768.096720  x:  0.06038   0.08589   1.05781   0.45941   0.15795   0.51598   0.15454   0.35124   0.17791   0.13331   0.34952   0.00000   0.00761   0.00296   0.30024   0.15946   0.14681   2.73136   0.00000   0.20521   1.47622   0.00000   0.06182   0.02186   0.00000   0.02366   0.13174   0.07517   0.07142   0.28986   0.08637   0.01282   0.13496   0.14650   0.14381   0.38366   0.00942   0.08650   0.03130   0.01372   0.12801   0.09588   0.44678   0.59917   0.93427  
 83  0.0001   4768.096720  x:  0.06038   0.08589   1.05781   0.45941   0.15795   0.51598   0.15454   0.35124   0.17791   0.13331   0.34953   0.00000   0.00761   0.00296   0.30024   0.15946   0.14681   2.73136   0.00000   0.20521   1.47623   0.00000   0.06182   0.02186   0.00000   0.02366   0.13174   0.07517   0.07142   0.28986   0.08637   0.01282   0.13496   0.14650   0.14381   0.38366   0.00942   0.08650   0.03130   0.01372   0.12801   0.09588   0.44678   0.59917   0.93427  
 84  0.0000   4768.096720  x:  0.06038   0.08589   1.05781   0.45941   0.15795   0.51598   0.15454   0.35124   0.17791   0.13331   0.34953   0.00000   0.00761   0.00296   0.30024   0.15946   0.14681   2.73136   0.00000   0.20521   1.47623   0.00000   0.06182   0.02186   0.00000   0.02366   0.13174   0.07517   0.07142   0.28986   0.08637   0.01282   0.13496   0.14650   0.14381   0.38366   0.00942   0.08650   0.03130   0.01372   0.12801   0.09588   0.44678   0.59917   0.93427  
 85  0.0000   4768.096720  x:  0.06038   0.08589   1.05781   0.45941   0.15795   0.51598   0.15454   0.35124   0.17791   0.13331   0.34953   0.00000   0.00761   0.00296   0.30024   0.15946   0.14681   2.73136   0.00000   0.20521   1.47623   0.00000   0.06182   0.02186   0.00000   0.02366   0.13174   0.07517   0.07142   0.28986   0.08637   0.01282   0.13496   0.14650   0.14381   0.38366   0.00942   0.08650   0.03130   0.01372   0.12801   0.09588   0.44678   0.59917   0.93427  
 86  0.0000   4768.096720  x:  0.06038   0.08589   1.05781   0.45941   0.15795   0.51598   0.15454   0.35124   0.17791   0.13331   0.34953   0.00000   0.00761   0.00296   0.30024   0.15946   0.14681   2.73136   0.00000   0.20521   1.47623   0.00000   0.06182   0.02186   0.00000   0.02366   0.13174   0.07517   0.07142   0.28986   0.08637   0.01282   0.13496   0.14650   0.14381   0.38366   0.00942   0.08650   0.03130   0.01372   0.12801   0.09588   0.44678   0.59917   0.93427  
check convergence!
