

TREE # 1

  0  0.0000   1917.827653  x:  0.06104   0.08355   0.10646   0.07824   0.07660   0.08644   0.07521   0.03745   0.04034   0.05422   0.03784   0.51398   0.59306   0.50075  
  1 99.0000   1587.840509  x:  0.01342   0.03271   0.39681   0.28100   0.64115   0.04091   0.06860   0.01072   0.00000   0.03851   0.15695   0.50307   0.59659   0.50402  
  2 1607.1078   1582.007030  x:  0.00000   0.01974   0.40325   0.28124   0.64080   0.02574   0.06841   0.02239   0.00000   0.03410   0.15188   0.49962   0.59703   0.50484  
  3 244.2491   1577.176044  x:  0.00000   0.00469   0.41245   0.28060   0.63829   0.00000   0.06725   0.01765   0.00000   0.02822   0.14404   0.49391   0.59780   0.50622  
  4 463.4600   1574.914847  x:  0.00000   0.00900   0.44988   0.27831   0.62932   0.00000   0.06347   0.01610   0.00000   0.01283   0.11389   0.47024   0.60100   0.51206  
  5 117.2736   1572.749488  x:  0.00000   0.00970   0.49879   0.27442   0.61665   0.00000   0.05941   0.01494   0.00000   0.02639   0.07960   0.43702   0.60559   0.52033  
  6 299.4639   1568.442978  x:  0.00000   0.01064   0.62646   0.24819   0.55877   0.00000   0.07947   0.01440   0.00000   0.03054   0.11796   0.31297   0.62419   0.55198  
  7 94.1374   1567.814678  x:  0.00000   0.01058   0.62755   0.24494   0.55861   0.00000   0.05787   0.01556   0.00000   0.03022   0.12298   0.27758   0.63392   0.56304  
  8 36.9166   1567.304322  x:  0.00000   0.01041   0.61514   0.24539   0.56635   0.00000   0.06689   0.01550   0.00000   0.02983   0.11757   0.23551   0.65088   0.58054  
  9 35.3403   1565.777475  x:  0.00000   0.00966   0.61933   0.31554   0.54533   0.00000   0.06545   0.01831   0.00000   0.02935   0.11956   0.23560   0.88831   0.82005  
 10 10.5000   1565.203865  x:  0.00000   0.00918   0.62537   0.25882   0.56640   0.00000   0.06619   0.02036   0.00000   0.02864   0.11725   0.24896   0.95675   0.90150  
 11 17.1763   1561.577613  x:  0.00000   0.00523   0.62983   0.26771   0.61472   0.00000   0.06653   0.03798   0.00000   0.02427   0.11084   0.26255   0.58956   1.31061  
 12  2.3446   1561.499603  x:  0.00266   0.00508   0.63001   0.26806   0.61659   0.00000   0.06655   0.03866   0.00000   0.02410   0.11059   0.26307   0.57550   1.32625  
 13 531.9467   1554.429047  x:  0.00899   0.00000   0.68874   0.30341   0.67406   0.00000   0.06662   0.06731   0.00000   0.01979   0.11270   0.23768   0.77121   0.92383  
 14  2.0930   1537.540692  x:  0.01849   0.00000   0.93954   0.37010   1.14871   0.00000   0.04908   0.13316   0.00000   0.02510   0.13996   0.17984   0.71131   0.79502  
 15  0.1939   1532.498835  x:  0.00326   0.00000   0.94627   0.30926   1.24030   0.00000   0.07595   0.09691   0.00000   0.03017   0.13019   0.24528   0.67514   1.19642  
 16  0.3062   1531.299408  x:  0.00000   0.00422   0.94771   0.29624   1.25990   0.00000   0.08170   0.08916   0.00000   0.03126   0.12810   0.25929   0.66740   1.28232  
 17 8358.0113   1531.299408  x:  0.00000   0.00422   0.94771   0.29624   1.25990   0.00000   0.08170   0.08916   0.00000   0.03126   0.12810   0.25929   0.66740   1.28232  
 18  0.8443   1530.013243  x:  0.00000   0.02778   0.94884   0.29523   1.26242   0.00000   0.07474   0.06677   0.00000   0.02446   0.12891   0.25524   0.66719   1.28201  
 19 151.4878   1526.666776  x:  0.00000   0.02373   0.95136   0.29308   1.26792   0.00000   0.06192   0.02030   0.00000   0.01724   0.13048   0.24660   0.66674   1.28134  
 20 178.8133   1526.502450  x:  0.00000   0.02430   0.95231   0.29239   1.26985   0.00000   0.06076   0.01673   0.00000   0.02317   0.13070   0.24387   0.66658   1.28111  
 21 54.9881   1525.843643  x:  0.00000   0.02385   0.96962   0.28046   1.30390   0.00000   0.05374   0.02002   0.00000   0.02321   0.13171   0.19757   0.66385   1.27705  
 22 24.1347   1525.648143  x:  0.00000   0.02410   0.98114   0.27607   1.32183   0.00000   0.06488   0.01764   0.00000   0.02282   0.13160   0.18689   0.66248   1.27477  
 23 36.9947   1524.030785  x:  0.00000   0.02373   1.15050   0.23619   1.54999   0.00000   0.06114   0.01848   0.00000   0.02302   0.12392   0.19671   0.64487   1.24382  
 24 31.9034   1523.966798  x:  0.00000   0.02367   1.15703   0.22631   1.55669   0.00000   0.06123   0.01882   0.00000   0.02294   0.13526   0.19858   0.64030   1.24053  
 25 10.4827   1523.772144  x:  0.00000   0.02349   1.17412   0.16423   1.56567   0.00000   0.06172   0.01875   0.00000   0.02298   0.13136   0.20641   0.60948   1.22140  
 26  9.0880   1523.651673  x:  0.00000   0.02302   1.18619   0.17045   1.56635   0.00000   0.06171   0.01885   0.00000   0.02304   0.13145   0.20471   0.53880   1.17375  
 27  2.7541   1523.309461  x:  0.00000   0.02003   1.12052   0.16829   1.61776   0.00000   0.06270   0.01939   0.00000   0.02336   0.13156   0.21390   0.52265   0.89153  
 28  2.0098   1523.156099  x:  0.00000   0.01815   1.16871   0.17111   1.58442   0.00000   0.06235   0.01969   0.00000   0.02357   0.13149   0.20396   0.54873   0.76508  
 29  3.2673   1522.527250  x:  0.00000   0.00738   1.18979   0.17105   1.58808   0.00000   0.06244   0.02060   0.00000   0.02427   0.13079   0.19394   0.56304   0.85857  
 30  0.2056   1522.506867  x:  0.00000   0.00796   1.18811   0.17108   1.58755   0.00000   0.06430   0.02098   0.00000   0.02545   0.13035   0.19638   0.56409   0.90929  
 31  0.0645   1522.501592  x:  0.00000   0.00747   1.18473   0.17014   1.59084   0.00000   0.06429   0.02014   0.00000   0.02554   0.13039   0.19752   0.56145   0.92416  
 32  0.0268   1522.501347  x:  0.00000   0.00757   1.18366   0.16993   1.59146   0.00000   0.06413   0.02002   0.00000   0.02561   0.13043   0.19738   0.56047   0.92487  
 33  0.0024   1522.501301  x:  0.00000   0.00755   1.18317   0.16991   1.59156   0.00000   0.06413   0.02006   0.00000   0.02571   0.13043   0.19733   0.56012   0.92442  
 34  0.0011   1522.501298  x:  0.00000   0.00755   1.18327   0.16998   1.59127   0.00000   0.06413   0.02005   0.00000   0.02573   0.13043   0.19732   0.56033   0.92422  
 35  0.0004   1522.501298  x:  0.00000   0.00755   1.18325   0.16998   1.59128   0.00000   0.06413   0.02005   0.00000   0.02573   0.13043   0.19733   0.56032   0.92414  
 36  0.0001   1522.501298  x:  0.00000   0.00755   1.18326   0.16998   1.59129   0.00000   0.06413   0.02005   0.00000   0.02573   0.13043   0.19733   0.56032   0.92412  