

TREE # 1

  0  0.0000   6586.083974  x:  0.06053   0.05922   0.07686   0.03779   0.01009   0.01275   0.03225   0.01439   0.10707   0.05188   0.04184   0.04861   0.02700   0.07809   0.04039   0.07774   0.05610   0.06533   0.02221   0.08299   0.02676   0.03925   0.07546   0.05602   0.02682   0.04623   0.08936   0.09511   0.04970   0.08567   0.08913   0.04181   0.02770   0.05375   0.02813   0.04405   0.06555   0.02239   0.04213   0.10670   0.06645   0.05161   0.04519   0.06543   0.01779   0.10888   0.02200   0.09484   0.07871   0.04380   0.04622   0.03685   0.08673   0.04165   0.02964   0.01022   0.07556   0.05410   0.54354   0.45420   0.52274  
  1 99.0000   5822.350445  x:  0.06547   0.07778   0.16000   0.10944   0.09786   0.23166   0.07317   0.17890   0.11635   0.07178   0.09029   0.03942   0.02061   0.07758   0.08859   0.08845   0.10787   0.19799   0.05628   0.12370   0.21302   0.03363   0.07457   0.05082   0.02100   0.04186   0.09480   0.10005   0.05854   0.10344   0.09074   0.03888   0.06478   0.07039   0.06218   0.06357   0.08220   0.01569   0.05140   0.10019   0.06043   0.06408   0.05574   0.08009   0.01893   0.10174   0.02874   0.08625   0.06877   0.03996   0.03830   0.02970   0.07794   0.03150   0.01945   0.00000   0.06639   0.05336   0.54373   0.45953   0.52315  
  2 5640.7476   5702.843596  x:  0.06548   0.08633   0.21254   0.13568   0.08667   0.19068   0.07947   0.15003   0.12394   0.08297   0.11841   0.02161   0.00956   0.07262   0.11552   0.10096   0.11384   0.25802   0.05895   0.14125   0.21624   0.01749   0.07297   0.04037   0.00431   0.03481   0.10207   0.10006   0.06765   0.12835   0.09157   0.03117   0.07756   0.08742   0.07695   0.08244   0.10446   0.00326   0.06195   0.08805   0.04948   0.07897   0.06728   0.09672   0.02001   0.08841   0.03397   0.07025   0.04996   0.03339   0.02457   0.01810   0.06155   0.01212   0.00000   0.00000   0.04917   0.05175   0.54255   0.46959   0.52399  
  3 1043.6049   5696.771203  x:  0.06533   0.08667   0.21263   0.13526   0.08658   0.18823   0.08017   0.14955   0.12516   0.08347   0.11778   0.01713   0.01196   0.07100   0.11439   0.10127   0.11480   0.25965   0.05836   0.14220   0.21950   0.01366   0.07291   0.03894   0.00000   0.03458   0.10268   0.09991   0.06679   0.12894   0.09110   0.03010   0.07658   0.08661   0.07615   0.08183   0.10435   0.00025   0.06118   0.08549   0.04796   0.07856   0.06620   0.09629   0.01980   0.08559   0.03297   0.06694   0.04570   0.03332   0.02396   0.01938   0.05791   0.00724   0.00000   0.00000   0.04536   0.05158   0.54220   0.47167   0.52424  
  4 515.4371   5696.349011  x:  0.06533   0.08669   0.21257   0.13520   0.08659   0.18812   0.08019   0.14956   0.12524   0.08349   0.11773   0.01668   0.01166   0.07088   0.11432   0.10128   0.11485   0.25967   0.05829   0.14222   0.21969   0.01328   0.07292   0.03886   0.00000   0.03461   0.10270   0.09991   0.06673   0.12895   0.09106   0.03007   0.07655   0.08657   0.07613   0.08181   0.10433   0.00000   0.06116   0.08527   0.04790   0.07855   0.06613   0.09624   0.01984   0.08535   0.03299   0.06667   0.04532   0.03336   0.02398   0.01933   0.05758   0.00675   0.00000   0.00000   0.04502   0.05159   0.54218   0.47185   0.52427  
  5 1384.9607   5692.565414  x:  0.06537   0.08677   0.21205   0.13518   0.08694   0.18852   0.07985   0.15007   0.12537   0.08328   0.11811   0.01046   0.01265   0.07009   0.11489   0.10123   0.11473   0.25860   0.05765   0.14137   0.21919   0.00832   0.07313   0.03900   0.00000   0.03569   0.10215   0.09995   0.06696   0.12862   0.09094   0.03078   0.07745   0.08709   0.07699   0.08281   0.10462   0.00000   0.06186   0.08328   0.04896   0.07924   0.06641   0.09580   0.02029   0.08315   0.03384   0.06451   0.04165   0.03387   0.02463   0.01804   0.05388   0.00000   0.00000   0.00000   0.04184   0.05194   0.54225   0.47351   0.52473  
  6 919.5362   5689.213266  x:  0.06536   0.08662   0.21237   0.13577   0.08713   0.19007   0.07928   0.15029   0.12475   0.08290   0.11898   0.00000   0.01191   0.06989   0.11591   0.10105   0.11410   0.25796   0.05766   0.14040   0.21723   0.00056   0.07345   0.03980   0.00000   0.03679   0.10098   0.09994   0.06753   0.12838   0.09103   0.03133   0.07758   0.08764   0.07695   0.08344   0.10508   0.00000   0.06210   0.08165   0.05097   0.07953   0.06712   0.09594   0.01944   0.08125   0.03171   0.06327   0.03814   0.03357   0.02423   0.02167   0.04941   0.00000   0.00000   0.00000   0.03897   0.05207   0.54272   0.47502   0.52559  
  7 727.4173   5689.126843  x:  0.06535   0.08659   0.21242   0.13580   0.08711   0.19015   0.07927   0.15025   0.12469   0.08288   0.11898   0.00000   0.01193   0.06992   0.11590   0.10104   0.11406   0.25802   0.05773   0.14041   0.21717   0.00000   0.07346   0.03983   0.00000   0.03681   0.10092   0.09993   0.06754   0.12839   0.09104   0.03130   0.07749   0.08761   0.07686   0.08338   0.10507   0.00000   0.06204   0.08164   0.05105   0.07948   0.06711   0.09598   0.01948   0.08123   0.03172   0.06332   0.03807   0.03358   0.02416   0.02161   0.04920   0.00000   0.00000   0.00000   0.03893   0.05208   0.54277   0.47505   0.52567  
  8 236.5418   5686.601885  x:  0.06463   0.08374   0.21372   0.13416   0.08074   0.18954   0.08170   0.14196   0.12007   0.08382   0.11437   0.00000   0.01378   0.07631   0.11056   0.10129   0.10757   0.26416   0.06743   0.14528   0.22695   0.00000   0.07496   0.03846   0.00000   0.04967   0.09387   0.09921   0.06766   0.13060   0.09374   0.02915   0.08161   0.08545   0.08186   0.07704   0.10338   0.00000   0.06305   0.08356   0.05360   0.07827   0.06350   0.09688   0.01083   0.08091   0.03267   0.07540   0.03475   0.03806   0.03218   0.02191   0.01467   0.00000   0.00000   0.00000   0.03848   0.05064   0.55322   0.47666   0.54504  
  9 57.6613   5685.498218  x:  0.06472   0.08366   0.21334   0.13346   0.07918   0.18750   0.08277   0.14020   0.11980   0.08454   0.11320   0.00000   0.01483   0.07844   0.10964   0.10181   0.10545   0.26538   0.06996   0.14604   0.23167   0.00000   0.07539   0.03656   0.00000   0.05302   0.09277   0.09929   0.06764   0.13114   0.09434   0.02871   0.08320   0.08532   0.08364   0.07699   0.10285   0.00000   0.06391   0.08387   0.05294   0.07889   0.06293   0.09669   0.02065   0.08018   0.02973   0.07938   0.03289   0.03903   0.03419   0.02471   0.00490   0.00000   0.00000   0.00000   0.03770   0.05197   0.55772   0.47770   0.55523  
 10 119.4987   5678.450722  x:  0.06501   0.08464   0.21333   0.13232   0.07476   0.17863   0.08662   0.13469   0.11997   0.08740   0.11085   0.00000   0.02077   0.08510   0.10811   0.10397   0.09514   0.27147   0.07976   0.14517   0.25007   0.00000   0.07818   0.02705   0.00000   0.06639   0.08747   0.09958   0.06741   0.13380   0.09523   0.02623   0.08218   0.08399   0.08220   0.07774   0.10201   0.00000   0.06328   0.07467   0.05243   0.07997   0.06176   0.09453   0.02761   0.06544   0.02022   0.08846   0.00418   0.04485   0.03441   0.02712   0.01811   0.00000   0.00000   0.00000   0.01663   0.05760   0.58173   0.49232   0.61591  
 11 106.7739   5674.252032  x:  0.06520   0.08668   0.21306   0.13249   0.07553   0.17294   0.08779   0.13540   0.12273   0.08859   0.11141   0.00000   0.02398   0.08494   0.10891   0.10498   0.09227   0.27334   0.08075   0.14175   0.25705   0.00000   0.07912   0.02285   0.00000   0.06872   0.08800   0.09976   0.06661   0.13443   0.09421   0.02521   0.07903   0.08367   0.07871   0.07960   0.10270   0.00000   0.06176   0.06529   0.05050   0.08024   0.06208   0.09290   0.02734   0.05352   0.02402   0.08551   0.00996   0.04481   0.03021   0.03120   0.01887   0.00000   0.00000   0.00000   0.00262   0.05884   0.59233   0.50333   0.64986  
 12 297.4234   5665.180856  x:  0.06549   0.09330   0.21227   0.13353   0.08055   0.15703   0.08990   0.14032   0.13273   0.09124   0.11449   0.00000   0.03249   0.07912   0.11211   0.10738   0.08783   0.27742   0.07840   0.13010   0.27301   0.00000   0.08112   0.01382   0.00000   0.07071   0.09191   0.10005   0.06374   0.13553   0.08980   0.02308   0.06912   0.08320   0.06792   0.08567   0.10556   0.00000   0.05704   0.03358   0.04445   0.08067   0.06324   0.08815   0.02253   0.01605   0.03457   0.06591   0.01126   0.04231   0.01577   0.04012   0.01543   0.00000   0.00000   0.00000   0.01096   0.06074   0.61735   0.53792   0.74072  
 13 715.0964   5656.954266  x:  0.06420   0.09939   0.21410   0.13472   0.08844   0.14391   0.09017   0.14604   0.14496   0.09227   0.11717   0.00000   0.04050   0.06313   0.11194   0.10801   0.09292   0.28399   0.06689   0.11952   0.28016   0.00000   0.08008   0.02860   0.00000   0.05747   0.10143   0.09875   0.05902   0.13664   0.08340   0.02227   0.06325   0.08194   0.06316   0.08617   0.10773   0.00000   0.05291   0.01244   0.03368   0.07728   0.06192   0.08766   0.01456   0.03267   0.03046   0.02784   0.00524   0.03355   0.01186   0.03884   0.00654   0.00000   0.00000   0.00000   0.00955   0.05674   0.62969   0.57419   0.82456  
 14 323.2334   5654.449849  x:  0.06316   0.10058   0.21568   0.13513   0.09076   0.14187   0.08966   0.14662   0.14873   0.09201   0.11804   0.00000   0.04314   0.05448   0.11098   0.10769   0.09628   0.28722   0.06140   0.11746   0.28018   0.00000   0.07919   0.03024   0.00000   0.05074   0.10373   0.09771   0.05756   0.13734   0.08109   0.02189   0.06208   0.08109   0.06238   0.08476   0.10809   0.00000   0.05171   0.02311   0.03219   0.07529   0.06093   0.08850   0.01240   0.02997   0.02773   0.01204   0.00380   0.03175   0.01443   0.03804   0.00411   0.00000   0.00000   0.00000   0.00884   0.05509   0.63051   0.58970   0.85149  
 15 379.7349   5650.899705  x:  0.05915   0.09952   0.21987   0.13428   0.09325   0.14421   0.08716   0.14247   0.15523   0.08968   0.11815   0.00000   0.04713   0.02640   0.10470   0.10562   0.10926   0.29580   0.04505   0.12058   0.27576   0.00000   0.07581   0.03246   0.00000   0.03449   0.10465   0.09370   0.05477   0.13969   0.07649   0.02171   0.06680   0.07843   0.06850   0.07683   0.10719   0.00000   0.05219   0.02070   0.03504   0.07048   0.05574   0.09236   0.01251   0.02205   0.01753   0.01725   0.00681   0.03330   0.02259   0.03558   0.00426   0.00000   0.00000   0.00000   0.00850   0.05043   0.61809   0.63096   0.89180  
 16 186.7639   5649.451688  x:  0.05723   0.09802   0.22031   0.13287   0.09299   0.14655   0.08619   0.13938   0.15809   0.08867   0.11827   0.00000   0.04879   0.01767   0.10216   0.10504   0.11656   0.29867   0.03773   0.12549   0.27416   0.00000   0.07363   0.03113   0.00000   0.02896   0.10472   0.09178   0.05435   0.14064   0.07532   0.02109   0.06856   0.07748   0.07055   0.07377   0.10611   0.00000   0.05311   0.02281   0.03568   0.06980   0.05462   0.09350   0.01416   0.02496   0.02731   0.02074   0.00309   0.03457   0.02100   0.04263   0.00508   0.00000   0.00000   0.00000   0.00830   0.04851   0.60733   0.65303   0.90955  
 17 222.2521   5646.764304  x:  0.05365   0.09227   0.21763   0.12797   0.08750   0.15340   0.08555   0.12919   0.16277   0.08755   0.11902   0.00000   0.05222   0.02435   0.09913   0.10555   0.13302   0.30194   0.02703   0.14447   0.27533   0.00000   0.06943   0.02458   0.00000   0.03339   0.10044   0.08820   0.05593   0.14276   0.07575   0.01941   0.07009   0.07642   0.07197   0.07186   0.10261   0.00000   0.05553   0.02313   0.03807   0.07293   0.05488   0.09294   0.01681   0.03360   0.02762   0.01377   0.00806   0.04125   0.01323   0.04641   0.00849   0.00000   0.00000   0.00000   0.01068   0.04966   0.57331   0.71271   0.94599  
 18 185.3129   5644.659140  x:  0.05392   0.09171   0.21425   0.12813   0.08604   0.15184   0.08701   0.13039   0.16923   0.08872   0.12022   0.00000   0.05513   0.03731   0.10376   0.10796   0.14825   0.29845   0.02405   0.15790   0.27563   0.00000   0.06704   0.02255   0.00000   0.03214   0.10528   0.08846   0.05632   0.14269   0.07684   0.02003   0.06330   0.07804   0.06464   0.07868   0.10267   0.00000   0.05275   0.02909   0.02945   0.07516   0.05903   0.09071   0.01335   0.03734   0.02589   0.02494   0.00663   0.03617   0.01651   0.04482   0.00525   0.00000   0.00000   0.00000   0.01063   0.05058   0.53607   0.76210   0.97540  
 19 202.7145   5643.673310  x:  0.05701   0.09326   0.21682   0.13334   0.08461   0.14715   0.09054   0.13388   0.16750   0.09113   0.11442   0.00000   0.05656   0.03994   0.10280   0.10882   0.15119   0.29504   0.04000   0.16390   0.27461   0.00000   0.06967   0.03024   0.00000   0.03397   0.10822   0.09155   0.05429   0.14235   0.08053   0.02121   0.06546   0.07817   0.06692   0.07673   0.10392   0.00000   0.05069   0.02895   0.02703   0.07050   0.05621   0.09304   0.01581   0.03509   0.02870   0.02362   0.00737   0.03061   0.02048   0.04725   0.00802   0.00000   0.00000   0.00000   0.01108   0.05069   0.51282   0.78337   0.98959  
 20 84.4269   5643.234081  x:  0.05996   0.09534   0.21790   0.13473   0.08548   0.14378   0.09299   0.13782   0.16463   0.09371   0.11248   0.00000   0.05714   0.03809   0.10211   0.10889   0.14861   0.29150   0.04672   0.16301   0.27533   0.00000   0.07096   0.02676   0.00000   0.03028   0.11141   0.09450   0.05447   0.14173   0.08238   0.01945   0.06699   0.07808   0.06863   0.07497   0.10425   0.00000   0.05363   0.03031   0.02798   0.07116   0.05637   0.09415   0.01456   0.03661   0.02672   0.02451   0.00722   0.03398   0.01412   0.04597   0.00687   0.00000   0.00000   0.00000   0.01089   0.04999   0.50161   0.78700   0.99559  
 21 44.2470   5642.803542  x:  0.06261   0.09702   0.22027   0.13384   0.08654   0.14234   0.09475   0.13857   0.15930   0.09681   0.11509   0.00000   0.05789   0.03566   0.10235   0.10863   0.14227   0.29212   0.04918   0.15966   0.27777   0.00000   0.07097   0.02097   0.00000   0.02830   0.11366   0.09715   0.05627   0.14224   0.08350   0.01777   0.06394   0.07750   0.06618   0.07250   0.10375   0.00000   0.05341   0.02843   0.02995   0.07340   0.05777   0.09567   0.01496   0.03932   0.02725   0.02284   0.00779   0.03754   0.02034   0.04680   0.00716   0.00000   0.00000   0.00000   0.01140   0.04953   0.49134   0.78543   1.00213  
 22 33.5805   5641.403704  x:  0.06622   0.10008   0.22196   0.12549   0.08895   0.13993   0.09610   0.13411   0.14617   0.10237   0.12253   0.00000   0.06004   0.02919   0.10227   0.10786   0.12231   0.30215   0.04167   0.14636   0.29221   0.00000   0.06786   0.02616   0.00000   0.03336   0.11802   0.10076   0.05845   0.14461   0.08306   0.02587   0.06278   0.07691   0.06513   0.07028   0.10083   0.00000   0.04842   0.03113   0.02458   0.07545   0.05649   0.09601   0.01567   0.03892   0.02705   0.02417   0.00866   0.03498   0.01621   0.04530   0.00794   0.00000   0.00000   0.00000   0.01161   0.04914   0.46716   0.77037   1.02332  
 23 42.4947   5639.071770  x:  0.06314   0.10180   0.21914   0.12695   0.08779   0.13909   0.09336   0.12905   0.14289   0.09959   0.11633   0.00000   0.06325   0.03616   0.10190   0.10862   0.10762   0.31728   0.03205   0.13287   0.30717   0.00000   0.06457   0.02838   0.00000   0.02374   0.11993   0.09767   0.05360   0.14543   0.07926   0.01158   0.06679   0.07798   0.06437   0.07607   0.10213   0.00000   0.05608   0.03125   0.02597   0.06666   0.05512   0.09406   0.01621   0.03770   0.02855   0.02420   0.00885   0.02572   0.01674   0.04328   0.00923   0.00000   0.00000   0.00000   0.01165   0.05025   0.45119   0.74116   1.05596  
 24 58.7623   5635.547677  x:  0.05373   0.10343   0.21864   0.13821   0.08500   0.13410   0.09124   0.12730   0.15416   0.09174   0.10361   0.00000   0.06862   0.04211   0.09995   0.11107   0.10583   0.33769   0.02991   0.12413   0.32061   0.00000   0.06205   0.02271   0.00000   0.01121   0.12413   0.08826   0.04366   0.14765   0.07440   0.02850   0.06095   0.07683   0.06592   0.08059   0.10682   0.00000   0.05439   0.03158   0.02481   0.06188   0.05618   0.09431   0.01699   0.04064   0.02939   0.02378   0.00963   0.03324   0.01678   0.04144   0.00982   0.00000   0.00000   0.00000   0.01216   0.04862   0.44609   0.69135   1.10934  
 25 122.8328   5630.486497  x:  0.04117   0.10775   0.22238   0.15347   0.08780   0.12267   0.09180   0.13428   0.18275   0.08313   0.09477   0.00000   0.07725   0.03065   0.09647   0.11405   0.12027   0.36030   0.02775   0.11704   0.32996   0.00000   0.05945   0.01571   0.00000   0.03213   0.13901   0.07570   0.03765   0.15109   0.06607   0.02120   0.05371   0.07380   0.06150   0.08103   0.11297   0.00000   0.05016   0.03716   0.01977   0.06310   0.05705   0.09781   0.01976   0.04851   0.02859   0.02727   0.01196   0.03900   0.01448   0.03597   0.01184   0.00000   0.00000   0.00000   0.01349   0.04253   0.44858   0.61113   1.19429  
 26 294.9760   5623.625918  x:  0.03946   0.10821   0.22413   0.14532   0.09074   0.11337   0.10164   0.13380   0.21812   0.08923   0.11474   0.00000   0.08680   0.02810   0.09217   0.11693   0.14678   0.36848   0.03435   0.13413   0.34349   0.00000   0.06405   0.02394   0.00000   0.01809   0.15301   0.07398   0.05551   0.15752   0.06672   0.00931   0.06010   0.06952   0.05762   0.07063   0.10773   0.00000   0.03854   0.04074   0.01438   0.07499   0.05123   0.09757   0.02085   0.04809   0.02921   0.02885   0.01363   0.03772   0.01231   0.02920   0.01350   0.00000   0.00000   0.00000   0.01416   0.04335   0.47199   0.51902   1.29422  
 27 261.7165   5621.293242  x:  0.04708   0.10956   0.23056   0.13640   0.09320   0.11107   0.10725   0.13139   0.22917   0.09798   0.11835   0.00000   0.09001   0.02462   0.09418   0.11776   0.15732   0.36806   0.03190   0.14739   0.34965   0.00000   0.06369   0.02039   0.00000   0.01823   0.16193   0.08159   0.05440   0.16065   0.06980   0.01573   0.05440   0.07043   0.05535   0.06494   0.10449   0.00000   0.05135   0.04178   0.02149   0.06723   0.05144   0.09824   0.02110   0.05005   0.02934   0.02934   0.01429   0.02385   0.01138   0.02522   0.01427   0.00000   0.00000   0.00000   0.01446   0.04335   0.48552   0.48954   1.32881  
 28 190.1807   5619.936450  x:  0.05696   0.11110   0.23971   0.13105   0.09412   0.11537   0.10877   0.12842   0.22859   0.10522   0.11398   0.00000   0.09171   0.02377   0.09872   0.11693   0.15932   0.36412   0.02526   0.15666   0.34893   0.00000   0.06179   0.01925   0.00000   0.01789   0.16713   0.09147   0.04678   0.16136   0.07329   0.01291   0.05289   0.07369   0.05903   0.06655   0.10399   0.00000   0.04939   0.04171   0.01272   0.05852   0.05514   0.10076   0.02116   0.05046   0.02943   0.02891   0.01464   0.02698   0.01143   0.02427   0.01447   0.00000   0.00000   0.00000   0.01464   0.04311   0.49756   0.47962   1.34575  
 29 94.6049   5619.202932  x:  0.06324   0.11353   0.24548   0.13003   0.09393   0.11357   0.10902   0.12922   0.22588   0.10951   0.10868   0.00000   0.09218   0.02452   0.09931   0.11634   0.16003   0.36310   0.01868   0.16258   0.35167   0.00000   0.05969   0.02171   0.00000   0.01764   0.17340   0.09775   0.04079   0.16112   0.07403   0.01153   0.05482   0.07398   0.05840   0.07134   0.10464   0.00000   0.04251   0.04293   0.01976   0.06061   0.05452   0.10208   0.02122   0.05144   0.02989   0.02967   0.01511   0.02851   0.01138   0.02415   0.01471   0.00000   0.00000   0.00000   0.01502   0.04249   0.50540   0.47778   1.35438  
 30 77.9794   5617.744977  x:  0.06891   0.11673   0.25256   0.13581   0.09007   0.11336   0.10433   0.13422   0.20999   0.11091   0.10257   0.00000   0.09263   0.02641   0.09251   0.11276   0.15830   0.36539   0.01208   0.16901   0.35143   0.00000   0.05744   0.02253   0.00000   0.01667   0.18372   0.10342   0.04175   0.15818   0.07189   0.01367   0.05776   0.06842   0.05208   0.07557   0.10583   0.00000   0.04877   0.04379   0.01427   0.07181   0.04763   0.10543   0.02149   0.05221   0.03063   0.03016   0.01569   0.02604   0.01231   0.02344   0.01537   0.00000   0.00000   0.00000   0.01538   0.04264   0.52187   0.48476   1.36658  
 31 48.3709   5613.158712  x:  0.06809   0.12330   0.24654   0.14358   0.08000   0.10255   0.08924   0.14842   0.16145   0.10572   0.11207   0.00000   0.09304   0.02823   0.09104   0.10763   0.15950   0.37954   0.01263   0.17527   0.35975   0.00000   0.05543   0.02023   0.00000   0.01567   0.21978   0.10260   0.04908   0.15032   0.06120   0.01091   0.04895   0.06755   0.07417   0.07511   0.10556   0.00000   0.04643   0.04733   0.01513   0.07030   0.05720   0.10252   0.02257   0.05676   0.03171   0.03250   0.01719   0.01869   0.01205   0.02007   0.01721   0.00000   0.00000   0.00000   0.01647   0.04256   0.56313   0.51532   1.39907  
 32 73.3797   5607.819903  x:  0.06005   0.12890   0.23663   0.14442   0.07818   0.09676   0.08652   0.14952   0.12423   0.10286   0.12255   0.00000   0.09293   0.02629   0.10735   0.11174   0.16463   0.39613   0.02041   0.17280   0.36762   0.00000   0.05810   0.02348   0.00000   0.01705   0.25923   0.09456   0.04741   0.15175   0.05859   0.01436   0.06719   0.08284   0.05717   0.07255   0.10760   0.00000   0.05306   0.05089   0.01597   0.05682   0.05745   0.09767   0.02396   0.06126   0.03227   0.03463   0.01890   0.03261   0.01358   0.01828   0.01801   0.00000   0.00000   0.00000   0.01775   0.04147   0.59541   0.54471   1.43414  
 33 145.9085   5592.280683  x:  0.03370   0.13258   0.23609   0.13946   0.09462   0.13189   0.12466   0.10953   0.10517   0.10980   0.11334   0.00000   0.09068   0.02528   0.12613   0.13560   0.16169   0.42152   0.03959   0.13877   0.36600   0.00000   0.07004   0.01636   0.00000   0.01566   0.33295   0.06818   0.04037   0.18303   0.09407   0.01096   0.06560   0.09069   0.07398   0.08614   0.12463   0.00000   0.05546   0.05266   0.01641   0.08722   0.04298   0.09913   0.02415   0.06454   0.03274   0.03580   0.01920   0.02194   0.01305   0.00711   0.01887   0.00000   0.00000   0.00000   0.01810   0.04462   0.63057   0.59598   1.52557  
 34 111.5233   5573.112952  x:  0.03090   0.12548   0.26698   0.14482   0.09781   0.14025   0.14839   0.10936   0.14358   0.11424   0.11931   0.00000   0.08822   0.04363   0.10940   0.14519   0.13969   0.44923   0.03369   0.11937   0.36690   0.00000   0.06773   0.03738   0.00000   0.02032   0.36738   0.06538   0.06179   0.20666   0.10541   0.01266   0.07088   0.07572   0.08287   0.09118   0.12857   0.00000   0.07407   0.05371   0.02141   0.08216   0.07518   0.10748   0.02588   0.05670   0.03573   0.03818   0.01763   0.04271   0.01685   0.00076   0.01918   0.00000   0.00000   0.00000   0.01754   0.05036   0.63464   0.63042   1.61509  
 35 187.9548   5567.816334  x:  0.03458   0.12282   0.28101   0.14394   0.10432   0.13552   0.15318   0.11803   0.15803   0.11541   0.13067   0.00000   0.08699   0.05577   0.11438   0.14395   0.13648   0.46559   0.02863   0.11336   0.36075   0.00000   0.07100   0.04996   0.00000   0.02317   0.37317   0.06905   0.06094   0.21271   0.09912   0.00943   0.05375   0.07924   0.09701   0.09374   0.12604   0.00000   0.08849   0.05574   0.02500   0.08000   0.04775   0.10728   0.02420   0.05447   0.03813   0.04103   0.01722   0.06432   0.01922   0.00257   0.01834   0.00000   0.00000   0.00000   0.01769   0.07429   0.63092   0.63883   1.64085  
 36 197.9802   5563.830793  x:  0.04002   0.11926   0.28755   0.14493   0.10595   0.13258   0.14801   0.12563   0.16455   0.11279   0.13825   0.00000   0.08630   0.05827   0.12263   0.13822   0.13550   0.47447   0.02839   0.11923   0.35416   0.00000   0.07152   0.04161   0.00000   0.02420   0.36107   0.07449   0.05375   0.20990   0.08754   0.00995   0.05512   0.08851   0.10209   0.09265   0.12202   0.00000   0.08525   0.05449   0.02449   0.08205   0.02939   0.10590   0.02259   0.05564   0.03812   0.04062   0.01638   0.06275   0.01891   0.00082   0.01712   0.00000   0.00000   0.00000   0.01729   0.08577   0.62169   0.63598   1.65305  
 37 169.2567   5559.470000  x:  0.04537   0.11919   0.29117   0.13817   0.12004   0.12662   0.14425   0.12587   0.15705   0.11440   0.13353   0.00000   0.08556   0.05312   0.12968   0.12553   0.15318   0.49532   0.03418   0.13082   0.34675   0.00000   0.08289   0.04624   0.00000   0.02359   0.33906   0.07984   0.03210   0.20459   0.06686   0.00825   0.05449   0.09355   0.10311   0.09118   0.11291   0.00000   0.09156   0.05309   0.02261   0.10249   0.04357   0.10294   0.01783   0.05264   0.03876   0.03972   0.01629   0.06348   0.01936   0.00044   0.01512   0.00000   0.00000   0.00000   0.01698   0.12495   0.60545   0.62565   1.65649  
 38 111.1734   5553.849487  x:  0.05053   0.13179   0.29313   0.13726   0.14183   0.11756   0.14222   0.12163   0.13324   0.12652   0.11071   0.00000   0.08451   0.04431   0.13626   0.11310   0.19729   0.51811   0.02812   0.14319   0.33921   0.00000   0.09039   0.03547   0.00000   0.02705   0.30896   0.08500   0.06584   0.19666   0.06176   0.01375   0.06079   0.08894   0.10455   0.11610   0.11399   0.00000   0.08365   0.04821   0.02433   0.09066   0.04486   0.10848   0.01041   0.05236   0.03886   0.03626   0.01546   0.06372   0.01890   0.00040   0.01125   0.00000   0.00000   0.00000   0.01628   0.17510   0.57877   0.60309   1.64165  
 39 99.7275   5543.026216  x:  0.03928   0.15610   0.30298   0.15855   0.13790   0.10552   0.14273   0.13459   0.09643   0.15477   0.14228   0.00000   0.08298   0.05433   0.12140   0.12241   0.25413   0.51804   0.00000   0.15338   0.33496   0.00000   0.07460   0.02645   0.00000   0.03112   0.26270   0.07376   0.04496   0.19486   0.09702   0.01689   0.07344   0.07829   0.10989   0.11578   0.13977   0.00000   0.08107   0.04070   0.02343   0.08303   0.04642   0.12138   0.00725   0.04374   0.03950   0.03242   0.01112   0.06226   0.01863   0.00041   0.00833   0.00000   0.00000   0.00000   0.01347   0.20530   0.54383   0.57450   1.58924  
 40 83.4600   5543.026216  x:  0.03928   0.15610   0.30298   0.15855   0.13790   0.10552   0.14273   0.13459   0.09643   0.15477   0.14228   0.00000   0.08298   0.05433   0.12140   0.12241   0.25413   0.51804   0.00000   0.15338   0.33496   0.00000   0.07460   0.02645   0.00000   0.03112   0.26270   0.07376   0.04496   0.19486   0.09702   0.01689   0.07344   0.07829   0.10989   0.11578   0.13977   0.00000   0.08107   0.04070   0.02343   0.08303   0.04642   0.12138   0.00725   0.04374   0.03950   0.03242   0.01112   0.06226   0.01863   0.00041   0.00833   0.00000   0.00000   0.00000   0.01347   0.20530   0.54383   0.57450   1.58924  
 41 104.2162   5534.340554  x:  0.04028   0.15628   0.30936   0.16320   0.13938   0.11426   0.14348   0.14013   0.09926   0.15509   0.14624   0.00000   0.07937   0.05375   0.12623   0.12350   0.25468   0.52451   0.00284   0.15633   0.34114   0.00000   0.07408   0.02555   0.00000   0.03021   0.26080   0.07476   0.04706   0.19639   0.09652   0.01676   0.07684   0.08173   0.11107   0.11761   0.14133   0.00000   0.08128   0.03972   0.02340   0.08503   0.05038   0.12276   0.00920   0.04239   0.03901   0.03056   0.00912   0.06014   0.01814   0.10088   0.00716   0.00000   0.00000   0.00000   0.01142   0.20242   0.54330   0.57544   1.58918  
 42 3359.6470   5472.162557  x:  0.04600   0.15721   0.34835   0.19127   0.14805   0.16490   0.14784   0.17293   0.11603   0.15680   0.17014   0.00000   0.05669   0.04992   0.15479   0.13008   0.25771   0.56454   0.01799   0.17405   0.37912   0.00000   0.07090   0.02053   0.00000   0.02505   0.24887   0.08048   0.05907   0.20582   0.09336   0.01603   0.09629   0.10145   0.11818   0.12856   0.15085   0.00000   0.08254   0.03395   0.02322   0.09677   0.07164   0.13087   0.01703   0.03452   0.03631   0.01990   0.00000   0.04573   0.00922   0.09947   0.00231   0.00000   0.00000   0.00000   0.00094   0.18427   0.53981   0.58132   1.58884  
 43 665.0580   5467.655739  x:  0.04652   0.15730   0.35196   0.19387   0.14885   0.16957   0.14824   0.17596   0.11758   0.15696   0.17235   0.00000   0.05459   0.04956   0.15743   0.13069   0.25799   0.56824   0.01939   0.17568   0.38263   0.00000   0.07061   0.02007   0.00000   0.02458   0.24777   0.08101   0.06017   0.20669   0.09307   0.01596   0.09808   0.10327   0.11883   0.12957   0.15173   0.00000   0.08265   0.03342   0.02321   0.09785   0.07360   0.13162   0.01775   0.03379   0.03606   0.01893   0.00042   0.04440   0.00841   0.09935   0.00189   0.00000   0.00000   0.00000   0.00014   0.18259   0.53949   0.58186   1.58880  
 44 51430.8591   5443.804512  x:  0.04900   0.15770   0.36892   0.20607   0.15261   0.19154   0.15013   0.19019   0.12486   0.15770   0.18273   0.00000   0.04470   0.04788   0.16983   0.13355   0.25930   0.58568   0.02594   0.18338   0.39917   0.00000   0.06923   0.01792   0.00000   0.02236   0.24257   0.08348   0.06537   0.21080   0.09170   0.01565   0.10650   0.11181   0.12192   0.13432   0.15587   0.00000   0.08320   0.03093   0.02313   0.10294   0.08278   0.13514   0.02110   0.03040   0.03491   0.01439   0.00169   0.03815   0.00466   0.09879   0.00000   0.00000   0.00000   0.00000   0.00140   0.17468   0.53796   0.58442   1.58865  
 45 70671.2316   5388.857002  x:  0.05839   0.15871   0.44245   0.25745   0.16770   0.28098   0.15750   0.24872   0.15454   0.16017   0.22649   0.00000   0.00000   0.03955   0.22079   0.14538   0.26391   0.66300   0.05043   0.21573   0.47144   0.00000   0.06355   0.01234   0.00000   0.01578   0.21901   0.09287   0.08537   0.22877   0.08527   0.01580   0.13922   0.14516   0.13452   0.15404   0.17310   0.00000   0.08545   0.02208   0.02272   0.12335   0.11651   0.14943   0.03034   0.02112   0.03131   0.00413   0.00500   0.01374   0.01540   0.09660   0.06448   0.00000   0.00000   0.00000   0.00435   0.13899   0.53091   0.59588   1.58797  
 46 5145.5801   5388.857002  x:  0.05839   0.15871   0.44245   0.25745   0.16770   0.28098   0.15750   0.24872   0.15454   0.16017   0.22649   0.00000   0.00000   0.03955   0.22079   0.14538   0.26391   0.66300   0.05043   0.21573   0.47144   0.00000   0.06355   0.01234   0.00000   0.01578   0.21901   0.09287   0.08537   0.22877   0.08527   0.01580   0.13922   0.14516   0.13452   0.15404   0.17310   0.00000   0.08545   0.02208   0.02272   0.12335   0.11651   0.14943   0.03034   0.02112   0.03131   0.00413   0.00500   0.01374   0.01540   0.09660   0.06448   0.00000   0.00000   0.00000   0.00435   0.13899   0.53091   0.59588   1.58797  
 47 15285.2446   5382.338442  x:  0.05838   0.15871   0.44246   0.25745   0.16770   0.28099   0.15750   0.24872   0.15454   0.16017   0.22649   0.00020   0.00761   0.03955   0.22079   0.14538   0.26391   0.66301   0.05043   0.21573   0.47144   0.00000   0.06355   0.01234   0.00000   0.01578   0.21901   0.09287   0.08537   0.22877   0.08527   0.01580   0.13922   0.14516   0.13452   0.15404   0.17310   0.00000   0.08545   0.02208   0.02272   0.12335   0.11651   0.14943   0.03034   0.02112   0.03131   0.00415   0.00500   0.01375   0.01540   0.09660   0.06448   0.00000   0.00000   0.00000   0.00435   0.13898   0.53091   0.59588   1.58797  
 48 218496.5470   5381.647473  x:  0.05837   0.15869   0.44262   0.25754   0.16770   0.28109   0.15750   0.24879   0.15457   0.16016   0.22656   0.00000   0.00762   0.03950   0.22085   0.14539   0.26389   0.66323   0.05041   0.21577   0.47162   0.00000   0.06355   0.01247   0.00000   0.01589   0.21894   0.09285   0.08536   0.22881   0.08526   0.01578   0.13921   0.14516   0.13453   0.15405   0.17313   0.00000   0.08545   0.02215   0.02272   0.12336   0.11647   0.14944   0.03026   0.02119   0.03138   0.00500   0.00507   0.01393   0.01537   0.09640   0.06430   0.00000   0.00000   0.00000   0.00449   0.13885   0.53088   0.59591   1.58796  
 49 703.1829   5353.641860  x:  0.05343   0.15279   0.49624   0.28555   0.16816   0.31540   0.15634   0.27108   0.16199   0.15611   0.24904   0.00000   0.00810   0.02575   0.23932   0.14891   0.25855   0.73477   0.04499   0.23058   0.52976   0.00000   0.06391   0.05033   0.00000   0.04807   0.19406   0.08791   0.08112   0.24094   0.08071   0.01012   0.13740   0.14431   0.13879   0.15810   0.18380   0.00000   0.08586   0.04387   0.02204   0.12501   0.10529   0.15187   0.00450   0.04380   0.05192   0.00000   0.02044   0.06687   0.00473   0.03220   0.00701   0.00000   0.00000   0.00000   0.03209   0.09672   0.52022   0.60687   1.58715  
 50 537.3556   5348.986602  x:  0.05280   0.15201   0.50314   0.28912   0.16820   0.31981   0.15617   0.27392   0.16292   0.15558   0.25192   0.00000   0.00816   0.02404   0.24167   0.14935   0.25782   0.74407   0.04425   0.23243   0.53728   0.00000   0.06393   0.05203   0.00000   0.05007   0.19084   0.08729   0.08059   0.24249   0.08015   0.00970   0.13718   0.14421   0.13932   0.15863   0.18513   0.00000   0.08591   0.04572   0.02198   0.12521   0.10389   0.15220   0.00250   0.04563   0.05378   0.00012   0.01887   0.06945   0.00487   0.02395   0.00000   0.00000   0.00000   0.00000   0.02744   0.09141   0.51881   0.60829   1.58704  
 51 1591.9115   5338.814357  x:  0.05124   0.15000   0.52084   0.29824   0.16831   0.33111   0.15575   0.28115   0.16531   0.15422   0.25927   0.00000   0.00827   0.01973   0.24766   0.15048   0.25592   0.76798   0.04228   0.23713   0.55655   0.00000   0.06399   0.05644   0.00000   0.05497   0.18261   0.08572   0.07924   0.24648   0.07867   0.00939   0.13663   0.14398   0.14064   0.16007   0.18843   0.00000   0.08602   0.05011   0.02184   0.12573   0.10037   0.15311   0.00151   0.05029   0.05800   0.00030   0.01531   0.07632   0.00706   0.00334   0.00329   0.00000   0.00000   0.00000   0.01789   0.07826   0.51523   0.61195   1.58676  
 52 2006.5593   5323.445426  x:  0.04742   0.14472   0.56572   0.32115   0.16840   0.35972   0.15460   0.29919   0.17116   0.15078   0.27778   0.00000   0.00850   0.00977   0.26261   0.15326   0.25075   0.82936   0.03688   0.24860   0.60567   0.00000   0.06410   0.06579   0.00000   0.06455   0.16180   0.08191   0.07594   0.25643   0.07521   0.01069   0.13533   0.14348   0.14388   0.16378   0.19656   0.00000   0.08625   0.05816   0.02176   0.12697   0.09203   0.15575   0.03157   0.05850   0.06465   0.00040   0.00785   0.09229   0.01402   0.00038   0.00198   0.00000   0.00000   0.00000   0.00330   0.04749   0.50614   0.62132   1.58602  
 53 1263.3299   5320.793336  x:  0.04684   0.14393   0.57254   0.32463   0.16841   0.36407   0.15443   0.30193   0.17206   0.15026   0.28060   0.00000   0.00853   0.00823   0.26488   0.15369   0.24998   0.83866   0.03607   0.25036   0.61312   0.00000   0.06411   0.06721   0.00000   0.06607   0.15865   0.08132   0.07544   0.25795   0.07468   0.01079   0.13513   0.14339   0.14437   0.16434   0.19781   0.00000   0.08629   0.05948   0.02174   0.12716   0.09075   0.15613   0.03422   0.05986   0.06580   0.00042   0.00665   0.09468   0.01493   0.00135   0.00218   0.00000   0.00000   0.00000   0.00078   0.04273   0.50475   0.62274   1.58591  
 54 15020.1390   5315.798067  x:  0.04579   0.14240   0.58512   0.33100   0.16839   0.37208   0.15409   0.30692   0.17366   0.14930   0.28576   0.00000   0.00859   0.00576   0.26901   0.15446   0.24844   0.85605   0.03445   0.25346   0.62695   0.00000   0.06412   0.06571   0.00000   0.06601   0.15287   0.08027   0.07456   0.26072   0.07377   0.01125   0.13481   0.14324   0.14523   0.16534   0.20008   0.00000   0.08634   0.06053   0.02175   0.12749   0.08856   0.15673   0.03683   0.06076   0.06665   0.00045   0.00097   0.09365   0.01699   0.00221   0.00217   0.00000   0.00000   0.00000   0.00318   0.03445   0.50217   0.62538   1.58570  
 55 2187.6355   5302.873779  x:  0.04298   0.13802   0.61989   0.34843   0.16819   0.39419   0.15312   0.32045   0.17792   0.14669   0.29990   0.00000   0.00874   0.00000   0.28023   0.15654   0.24393   0.90462   0.02967   0.26172   0.66531   0.00000   0.06408   0.05610   0.00000   0.06170   0.13714   0.07747   0.07229   0.26826   0.07145   0.01298   0.13405   0.14282   0.14751   0.16802   0.20628   0.00000   0.08646   0.06098   0.02192   0.12835   0.08305   0.15820   0.04220   0.06038   0.06633   0.00041   0.00818   0.08378   0.02132   0.00381   0.00218   0.00000   0.00000   0.00000   0.00740   0.01379   0.49501   0.63272   1.58508  
 56 2987.3635   5284.865803  x:  0.03978   0.13116   0.66798   0.37165   0.16707   0.42450   0.15176   0.33779   0.18293   0.14365   0.31899   0.00000   0.00892   0.00159   0.29465   0.15931   0.23631   0.97457   0.02141   0.27140   0.71918   0.00000   0.06414   0.04761   0.00000   0.05594   0.11818   0.07426   0.07028   0.27803   0.06960   0.01301   0.13376   0.14206   0.14981   0.17088   0.21483   0.00000   0.08651   0.05728   0.02260   0.12919   0.07936   0.15929   0.04744   0.05484   0.05953   0.00057   0.01024   0.07794   0.00198   0.00476   0.00370   0.00000   0.00000   0.00000   0.00903   0.03511   0.48557   0.64297   1.58414  
 57 955.1869   5263.215832  x:  0.03331   0.11407   0.78111   0.42514   0.16355   0.49540   0.14847   0.37683   0.19352   0.13707   0.36293   0.00000   0.00933   0.01357   0.32708   0.16550   0.21673   1.14264   0.00000   0.29193   0.84695   0.00000   0.06446   0.03559   0.00000   0.04448   0.07829   0.06779   0.06700   0.30005   0.06684   0.01075   0.13394   0.14015   0.15413   0.17682   0.23444   0.00000   0.08654   0.04471   0.02430   0.13073   0.07559   0.16050   0.04972   0.03770   0.03799   0.00042   0.01893   0.07592   0.03002   0.00719   0.00145   0.00000   0.00000   0.00000   0.01537   0.11394   0.46411   0.66714   1.58179  
 58 2543.8074   5254.702190  x:  0.04452   0.10223   0.81970   0.43394   0.15967   0.51438   0.14532   0.37475   0.18628   0.13621   0.36369   0.00000   0.00943   0.01644   0.32289   0.16035   0.19873   1.22806   0.00000   0.28063   0.89882   0.00000   0.06599   0.04245   0.00000   0.03412   0.14617   0.07900   0.07718   0.29764   0.07772   0.02916   0.13912   0.14132   0.14650   0.17644   0.22958   0.00000   0.08606   0.01781   0.01905   0.12782   0.10920   0.15192   0.04714   0.02268   0.02701   0.00040   0.01854   0.08455   0.03040   0.00699   0.00098   0.00000   0.00000   0.00000   0.01497   0.11408   0.46510   0.67421   1.57999  
 59 190.8494   5250.159248  x:  0.05123   0.09271   0.83898   0.43232   0.15614   0.52031   0.14309   0.36418   0.17712   0.13691   0.35539   0.00000   0.00948   0.02122   0.31166   0.15462   0.18244   1.29010   0.00000   0.26322   0.93038   0.00000   0.06445   0.03863   0.00000   0.02270   0.18808   0.08571   0.08290   0.29021   0.08317   0.00951   0.14263   0.14187   0.13810   0.17365   0.22125   0.00000   0.08609   0.04207   0.02668   0.12541   0.12879   0.14402   0.05088   0.03520   0.03535   0.00041   0.01988   0.07799   0.03179   0.00752   0.00130   0.00000   0.00000   0.00000   0.01612   0.11972   0.47008   0.67660   1.57829  
 60 224.3692   5246.137510  x:  0.04755   0.08123   0.84672   0.41363   0.15300   0.51073   0.14168   0.33170   0.16093   0.14015   0.32460   0.00000   0.00950   0.02433   0.28058   0.14607   0.15549   1.37973   0.00000   0.22080   0.96181   0.00000   0.05694   0.03380   0.00000   0.06061   0.19416   0.08204   0.07688   0.26881   0.08039   0.01529   0.14414   0.14252   0.13169   0.16559   0.20199   0.00000   0.08650   0.04508   0.01555   0.12386   0.11972   0.13731   0.05250   0.03986   0.04388   0.00041   0.02074   0.05663   0.03278   0.00785   0.00119   0.00000   0.00000   0.00000   0.01680   0.12484   0.48491   0.67251   1.57470  
 61 110.7986   5244.035449  x:  0.04533   0.07907   0.84610   0.39933   0.15499   0.50014   0.14202   0.31035   0.15432   0.14214   0.30305   0.00000   0.00950   0.02476   0.26127   0.14344   0.14201   1.43606   0.00000   0.19428   0.97754   0.00000   0.06051   0.03899   0.00000   0.06167   0.18661   0.07982   0.07308   0.25615   0.07795   0.00791   0.14339   0.14232   0.13092   0.16261   0.19156   0.00000   0.08643   0.03525   0.03646   0.12426   0.10910   0.13712   0.05116   0.03486   0.03747   0.00041   0.02001   0.05618   0.03194   0.00760   0.00139   0.00000   0.00000   0.00000   0.01622   0.12056   0.49468   0.66769   1.57199  
 62 172.0870   5241.894188  x:  0.04553   0.08374   0.83919   0.38183   0.16207   0.48379   0.14380   0.28846   0.15264   0.14404   0.27970   0.00000   0.00948   0.02847   0.24334   0.14444   0.13381   1.49913   0.00000   0.16921   0.99057   0.00000   0.06685   0.04360   0.00000   0.03493   0.17024   0.08001   0.07232   0.24513   0.07913   0.02028   0.14200   0.14207   0.13404   0.16270   0.18467   0.00000   0.08614   0.03961   0.03038   0.12481   0.09893   0.14048   0.04848   0.03495   0.03415   0.00039   0.01920   0.06597   0.03123   0.00726   0.00095   0.00000   0.00000   0.00000   0.01550   0.11738   0.50494   0.65993   1.56839  
 63 147.2546   5241.064938  x:  0.04655   0.08826   0.83381   0.37458   0.16678   0.47565   0.14486   0.28215   0.15439   0.14428   0.27221   0.00000   0.00947   0.03012   0.23925   0.14612   0.13446   1.52479   0.00000   0.16342   0.99390   0.00000   0.06599   0.04378   0.00000   0.02810   0.16450   0.08103   0.07303   0.24306   0.07989   0.01088   0.14115   0.14177   0.13515   0.16385   0.18415   0.00000   0.08594   0.03431   0.01950   0.12493   0.09854   0.14258   0.04813   0.03326   0.03485   0.00038   0.01889   0.06955   0.03075   0.00715   0.00117   0.00000   0.00000   0.00000   0.01527   0.11488   0.50788   0.65583   1.56666  
 64 121.0918   5239.260799  x:  0.05229   0.11157   0.80525   0.35203   0.18641   0.44440   0.14909   0.27547   0.16859   0.14261   0.25996   0.00000   0.00940   0.03780   0.24150   0.15544   0.15271   1.60525   0.00000   0.16512   0.99539   0.00000   0.05362   0.03257   0.00000   0.03381   0.15408   0.08677   0.07877   0.24670   0.08804   0.01253   0.13965   0.14174   0.14019   0.17106   0.19293   0.00000   0.08537   0.03196   0.02572   0.12515   0.11522   0.15011   0.04714   0.03267   0.04199   0.00035   0.01855   0.07113   0.03029   0.00703   0.00115   0.00000   0.00000   0.00000   0.01497   0.11219   0.51179   0.63903   1.55994  
 65 70.6651   5238.233094  x:  0.04985   0.12179   0.78370   0.33976   0.19289   0.42563   0.15028   0.27861   0.17362   0.14050   0.26046   0.00000   0.00935   0.03585   0.24760   0.15718   0.16334   1.65306   0.00000   0.16992   0.99187   0.00000   0.06477   0.03575   0.00000   0.03948   0.15574   0.08433   0.07634   0.25093   0.08675   0.01120   0.13971   0.14215   0.13976   0.17182   0.19749   0.00000   0.08580   0.03820   0.02319   0.12489   0.11895   0.15024   0.04621   0.03394   0.02806   0.00037   0.01817   0.06388   0.02999   0.00691   0.00110   0.00000   0.00000   0.00000   0.01469   0.11069   0.50960   0.62780   1.55510  
 66 82.1490   5237.234897  x:  0.04269   0.12786   0.75666   0.32903   0.19313   0.40693   0.15024   0.28789   0.17383   0.13821   0.26868   0.00000   0.00927   0.02965   0.25679   0.15471   0.17176   1.70553   0.00000   0.17549   0.98353   0.00000   0.07536   0.04212   0.00000   0.03571   0.16160   0.07718   0.07000   0.25631   0.07996   0.01275   0.14058   0.14274   0.13677   0.16924   0.20020   0.00000   0.08642   0.03519   0.02403   0.12471   0.11378   0.14640   0.04586   0.03229   0.04134   0.00033   0.01843   0.05507   0.03044   0.00697   0.00104   0.00000   0.00000   0.00000   0.01481   0.11315   0.50336   0.61494   1.54869  
 67 91.0843   5236.258233  x:  0.03980   0.12674   0.73006   0.32681   0.18438   0.39681   0.14916   0.30045   0.16656   0.13874   0.28370   0.00000   0.00918   0.02532   0.26446   0.14846   0.17267   1.75149   0.00000   0.17730   0.96912   0.00000   0.05739   0.03778   0.00000   0.02992   0.16599   0.07428   0.07046   0.26062   0.07453   0.01374   0.14146   0.14268   0.13421   0.16608   0.19888   0.00000   0.08622   0.03323   0.02455   0.12502   0.10030   0.14082   0.04419   0.03781   0.03512   0.00032   0.01796   0.05713   0.03022   0.00677   0.00076   0.00000   0.00000   0.00000   0.01440   0.11207   0.49624   0.60419   1.54098  
 68 56.5069   5235.540591  x:  0.04551   0.12220   0.71340   0.33420   0.17423   0.39922   0.14878   0.30888   0.15931   0.14234   0.29539   0.00000   0.00909   0.02865   0.26671   0.14554   0.16816   1.78096   0.00000   0.17581   0.95355   0.00000   0.06033   0.03145   0.00000   0.03184   0.16206   0.07999   0.07740   0.26231   0.07735   0.01244   0.14112   0.14201   0.13581   0.16663   0.19626   0.00000   0.08579   0.03860   0.02416   0.12563   0.09629   0.14059   0.04274   0.02548   0.03592   0.00030   0.01736   0.05888   0.02957   0.00655   0.00097   0.00000   0.00000   0.00000   0.01390   0.10837   0.49409   0.59948   1.53358  
 69 41.5316   5234.738307  x:  0.05260   0.11534   0.69711   0.34868   0.16228   0.40884   0.14871   0.31676   0.15292   0.14738   0.30616   0.00000   0.00896   0.03301   0.26678   0.14499   0.16127   1.81354   0.00000   0.17407   0.93233   0.00000   0.07007   0.02789   0.00000   0.03251   0.15317   0.08708   0.08320   0.26247   0.08364   0.01246   0.14021   0.14133   0.13996   0.16797   0.19446   0.00000   0.08546   0.03166   0.02447   0.12619   0.10055   0.14386   0.04134   0.03640   0.03681   0.00028   0.01688   0.05408   0.02905   0.00638   0.00075   0.00000   0.00000   0.00000   0.01349   0.10556   0.49450   0.59661   1.52320  
 70 68.9104   5233.557264  x:  0.05172   0.10643   0.68777   0.37405   0.15538   0.43217   0.14860   0.31966   0.15576   0.15048   0.30698   0.00000   0.00875   0.02593   0.26223   0.15028   0.15510   1.85035   0.00000   0.17726   0.90266   0.00000   0.06032   0.04014   0.00000   0.02775   0.14349   0.08620   0.07390   0.25847   0.08454   0.01273   0.13917   0.14197   0.14278   0.16870   0.19536   0.00000   0.08643   0.03407   0.02391   0.12558   0.11752   0.15127   0.03848   0.03196   0.03575   0.00025   0.01611   0.03854   0.02837   0.00609   0.00071   0.00000   0.00000   0.00000   0.01281   0.10256   0.50030   0.59957   1.50608  
 71 43.0512   5232.371371  x:  0.04446   0.10186   0.69227   0.39384   0.15955   0.45492   0.14733   0.31532   0.16517   0.14786   0.29857   0.00000   0.00854   0.01885   0.25785   0.15557   0.15475   1.87627   0.00000   0.18508   0.88016   0.00000   0.06506   0.02149   0.00000   0.02738   0.14694   0.07895   0.06261   0.25417   0.07904   0.01260   0.13963   0.14299   0.14025   0.16844   0.19840   0.00000   0.08656   0.03425   0.02392   0.12476   0.11811   0.15275   0.03582   0.03158   0.03523   0.00020   0.01552   0.04250   0.02806   0.00582   0.00048   0.00000   0.00000   0.00000   0.01225   0.10121   0.50434   0.60757   1.48823  
 72 44.2059   5231.145771  x:  0.04344   0.10362   0.71233   0.40492   0.17285   0.47433   0.14493   0.30572   0.17556   0.14056   0.28812   0.00000   0.00828   0.03155   0.25809   0.15779   0.15937   1.89484   0.00000   0.19516   0.86621   0.00000   0.06539   0.02331   0.00000   0.02679   0.15416   0.07792   0.07541   0.25479   0.07753   0.01290   0.14120   0.14246   0.13608   0.17093   0.20323   0.00000   0.08498   0.03366   0.02453   0.12516   0.09569   0.14576   0.03337   0.03273   0.03570   0.00017   0.01477   0.02939   0.02753   0.00555   0.00027   0.00000   0.00000   0.00000   0.01159   0.09744   0.50126   0.62091   1.46626  
 73 39.6595   5229.943412  x:  0.04254   0.10470   0.74984   0.38331   0.17712   0.46794   0.14198   0.30068   0.16412   0.13182   0.28856   0.00000   0.00798   0.02460   0.26897   0.14383   0.15656   1.89275   0.00000   0.18949   0.88075   0.00000   0.06614   0.01832   0.00000   0.02483   0.14214   0.07702   0.07741   0.26680   0.08511   0.01293   0.14095   0.13993   0.14183   0.16402   0.20615   0.00000   0.08932   0.03304   0.02444   0.12640   0.10693   0.13313   0.03026   0.03179   0.03511   0.00013   0.01377   0.02325   0.02668   0.00516   0.00014   0.00000   0.00000   0.00000   0.01071   0.09366   0.48250   0.63506   1.43939  
 74 20.1873   5229.357522  x:  0.04168   0.10439   0.76755   0.36912   0.17183   0.45766   0.14806   0.30703   0.16236   0.14051   0.29839   0.00000   0.00781   0.03720   0.27313   0.14948   0.15359   1.88662   0.00000   0.18478   0.90114   0.00000   0.06573   0.01597   0.00000   0.02396   0.14237   0.07617   0.06911   0.26637   0.07711   0.01325   0.14158   0.14242   0.13932   0.16409   0.20816   0.00000   0.08288   0.03312   0.02444   0.12515   0.10962   0.14531   0.02862   0.03154   0.03465   0.00012   0.01311   0.02041   0.02595   0.00495   0.00010   0.00000   0.00000   0.00000   0.01019   0.08900   0.48452   0.63808   1.42298  
 75 23.5013   5228.927508  x:  0.04545   0.10617   0.77366   0.36686   0.16698   0.44935   0.15020   0.31705   0.16571   0.14612   0.30330   0.00000   0.00767   0.02411   0.26946   0.15537   0.15480   1.88128   0.00000   0.18520   0.92443   0.00000   0.06607   0.01477   0.00000   0.02405   0.14374   0.07993   0.07251   0.26043   0.08072   0.01304   0.14141   0.14329   0.13702   0.16917   0.20714   0.00000   0.09032   0.03302   0.02447   0.12480   0.10349   0.15115   0.02770   0.03181   0.03488   0.00010   0.01316   0.01718   0.02621   0.00494   0.00006   0.00000   0.00000   0.00000   0.01019   0.09107   0.49581   0.63442   1.40815  
 76 18.3926   5228.132979  x:  0.03965   0.10579   0.76842   0.38092   0.15919   0.44255   0.14202   0.32735   0.16988   0.14317   0.30502   0.00000   0.00738   0.02931   0.25714   0.15493   0.16322   1.87603   0.00000   0.19598   0.96959   0.00000   0.06651   0.01351   0.00000   0.02241   0.13833   0.07413   0.07303   0.24855   0.08898   0.01264   0.14031   0.13999   0.13877   0.16888   0.19922   0.00000   0.07954   0.03227   0.02438   0.12528   0.10669   0.13308   0.02673   0.03057   0.03434   0.00011   0.01254   0.01609   0.02554   0.00474   0.00034   0.00000   0.00000   0.00000   0.00971   0.08736   0.50714   0.61819   1.37453  
 77 16.5436   5226.883311  x:  0.04530   0.09961   0.75149   0.40633   0.16225   0.44892   0.13301   0.32269   0.16612   0.13281   0.29682   0.00000   0.00689   0.04007   0.25461   0.14682   0.16724   1.87602   0.00000   0.20048   1.02655   0.00000   0.06680   0.01191   0.00000   0.02126   0.13530   0.07978   0.07121   0.25140   0.06925   0.01362   0.14256   0.14090   0.13998   0.16363   0.20293   0.00000   0.10196   0.03149   0.02452   0.12451   0.10967   0.13879   0.02522   0.03005   0.03382   0.00013   0.01175   0.01506   0.02472   0.00451   0.00069   0.00000   0.00000   0.00000   0.00914   0.08238   0.49619   0.59335   1.31510  
 78 25.5643   5225.130073  x:  0.04449   0.08942   0.73307   0.42829   0.17333   0.46799   0.14108   0.30795   0.16313   0.13093   0.28514   0.00000   0.00623   0.02738   0.26973   0.14624   0.15994   1.88510   0.00000   0.19094   1.08062   0.00000   0.06678   0.01082   0.00000   0.02172   0.13877   0.07897   0.07207   0.27344   0.07997   0.01313   0.14215   0.14601   0.13712   0.16410   0.21351   0.00000   0.07929   0.03194   0.02454   0.12473   0.10131   0.15966   0.02341   0.02927   0.03394   0.00016   0.01128   0.01216   0.02448   0.00436   0.00127   0.00000   0.00000   0.00000   0.00879   0.08137   0.47344   0.57256   1.23057  
 79 45.1500   5222.642019  x:  0.03092   0.09156   0.73837   0.42004   0.18544   0.50112   0.17138   0.29867   0.17542   0.14983   0.29824   0.00000   0.00531   0.02978   0.30327   0.16503   0.13953   1.92180   0.00000   0.17496   1.10036   0.00000   0.06650   0.00967   0.00000   0.02075   0.13559   0.06540   0.07329   0.29077   0.08991   0.01317   0.13870   0.14215   0.12797   0.17460   0.21114   0.00000   0.10213   0.03056   0.02463   0.12658   0.10162   0.13387   0.02172   0.02759   0.03300   0.00022   0.00989   0.01334   0.02301   0.00397   0.00214   0.00000   0.00000   0.00000   0.00781   0.07310   0.47576   0.58943   1.10117  
 80 34.7610   5219.203693  x:  0.05063   0.10982   0.77728   0.39022   0.19808   0.53507   0.17532   0.30632   0.17971   0.14673   0.32191   0.00000   0.00419   0.00926   0.31992   0.16249   0.12845   1.98561   0.00000   0.17689   1.09286   0.00000   0.06788   0.00992   0.00000   0.02026   0.12840   0.08510   0.07034   0.28643   0.05884   0.01485   0.14273   0.13637   0.13968   0.18272   0.20732   0.00000   0.08108   0.02897   0.02466   0.12564   0.10044   0.11934   0.01926   0.02759   0.03248   0.00029   0.00878   0.01276   0.02212   0.00365   0.00294   0.00000   0.00000   0.00000   0.00701   0.06963   0.49109   0.63693   0.92814  
 81 73.8745   5215.540617  x:  0.04166   0.11864   0.84453   0.35135   0.19294   0.55545   0.15019   0.32832   0.17169   0.12524   0.34569   0.00000   0.00309   0.01121   0.31191   0.14533   0.13300   2.06661   0.00000   0.19856   1.06375   0.00000   0.06712   0.00992   0.00000   0.01859   0.12778   0.07614   0.06670   0.27220   0.08446   0.01318   0.14345   0.14264   0.14859   0.18075   0.20806   0.00000   0.08934   0.02809   0.02447   0.12449   0.09040   0.16220   0.01581   0.02490   0.03164   0.00038   0.00716   0.01516   0.02053   0.00320   0.00435   0.00000   0.00000   0.00000   0.00590   0.06042   0.49694   0.69510   0.73510  
 82 110.3138   5214.400604  x:  0.04135   0.11410   0.88806   0.36075   0.17574   0.53369   0.14637   0.33977   0.17221   0.14033   0.33684   0.00000   0.00315   0.00530   0.29230   0.16261   0.14543   2.09452   0.00000   0.20090   1.04264   0.00000   0.06792   0.00982   0.00000   0.01830   0.12392   0.07583   0.07821   0.27648   0.07742   0.01457   0.13095   0.14341   0.13440   0.17525   0.21212   0.00000   0.08830   0.02762   0.02458   0.13103   0.09389   0.16364   0.01495   0.02445   0.03137   0.00040   0.00670   0.01649   0.02009   0.00307   0.00469   0.00000   0.00000   0.00000   0.00559   0.05834   0.46937   0.70072   0.68265  
 83 33.0917   5213.830839  x:  0.04622   0.10942   0.92003   0.37934   0.16903   0.51042   0.15120   0.34380   0.17370   0.14951   0.33084   0.00000   0.00347   0.00661   0.28902   0.16405   0.15330   2.10900   0.00000   0.19723   1.02797   0.00000   0.06733   0.01045   0.00000   0.01852   0.12715   0.08069   0.06498   0.28768   0.08238   0.01360   0.14080   0.14328   0.14767   0.17628   0.21626   0.00000   0.09083   0.02770   0.02466   0.12702   0.08730   0.15861   0.01483   0.02407   0.03141   0.00042   0.00653   0.01623   0.01994   0.00304   0.00495   0.00000   0.00000   0.00000   0.00548   0.05726   0.46597   0.69295   0.66235  
 84 26.9614   5213.386475  x:  0.04138   0.09835   0.94966   0.39852   0.17181   0.48807   0.15505   0.34237   0.17209   0.14581   0.33142   0.00000   0.00404   0.00562   0.30035   0.15335   0.15657   2.11969   0.00000   0.19169   1.01528   0.00000   0.06774   0.01034   0.00000   0.01828   0.12579   0.07586   0.07321   0.29472   0.07613   0.01388   0.14156   0.14288   0.14648   0.18450   0.21540   0.00000   0.08932   0.02744   0.02456   0.12588   0.09047   0.16207   0.01447   0.02399   0.03132   0.00042   0.00639   0.01687   0.01979   0.00300   0.00499   0.00000   0.00000   0.00000   0.00538   0.05663   0.48210   0.67546   0.65556  
 85 19.7015   5213.145742  x:  0.04657   0.09486   0.96313   0.40331   0.17914   0.48324   0.15424   0.34068   0.17132   0.13879   0.33679   0.00000   0.00458   0.00638   0.30875   0.15563   0.15392   2.12455   0.00000   0.19138   1.01167   0.00000   0.06751   0.01085   0.00000   0.01822   0.12514   0.08104   0.06544   0.28842   0.08051   0.01423   0.13209   0.14203   0.13871   0.18218   0.21232   0.00000   0.08942   0.02728   0.02451   0.13025   0.08890   0.16172   0.01426   0.02409   0.03127   0.00043   0.00630   0.01701   0.01970   0.00298   0.00501   0.00000   0.00000   0.00000   0.00533   0.05622   0.48433   0.65966   0.66166  
 86 11.2490   5212.697093  x:  0.04461   0.09442   0.98008   0.39848   0.18798   0.49071   0.15456   0.33939   0.17475   0.13513   0.34705   0.00000   0.00588   0.00340   0.31378   0.16664   0.14401   2.13246   0.00000   0.19432   1.01315   0.00000   0.06750   0.01124   0.00000   0.01879   0.12512   0.07909   0.07184   0.26963   0.08079   0.01365   0.14084   0.14471   0.14784   0.17616   0.20661   0.00000   0.08942   0.02744   0.02446   0.12620   0.09008   0.16358   0.01395   0.02401   0.03141   0.00043   0.00614   0.01770   0.01956   0.00295   0.00509   0.00000   0.00000   0.00000   0.00523   0.05555   0.47398   0.62708   0.68865  
 87 11.9352   5211.813907  x:  0.04257   0.11165   0.99481   0.37781   0.18341   0.52751   0.15645   0.34529   0.17569   0.15182   0.34845   0.00000   0.00864   0.00305   0.29592   0.14803   0.13767   2.14808   0.00000   0.20552   1.03324   0.00000   0.06735   0.01303   0.00000   0.01941   0.12590   0.07704   0.07042   0.28106   0.07964   0.01381   0.13366   0.13890   0.14772   0.18283   0.21916   0.00000   0.08923   0.02749   0.02424   0.13050   0.08933   0.16358   0.01336   0.02412   0.03161   0.00044   0.00576   0.01908   0.01916   0.00286   0.00510   0.00000   0.00000   0.00000   0.00498   0.05355   0.47551   0.58710   0.76222  
 88 14.5861   5211.167285  x:  0.04447   0.11211   0.99002   0.37085   0.17042   0.54316   0.14589   0.35221   0.16799   0.14146   0.33884   0.00000   0.01058   0.00341   0.29762   0.16284   0.14558   2.16021   0.00000   0.20429   1.05796   0.00000   0.06722   0.01452   0.00000   0.01937   0.12144   0.07894   0.06967   0.30127   0.07931   0.01396   0.14320   0.15027   0.13823   0.18314   0.21648   0.00000   0.08801   0.02684   0.02424   0.12409   0.08865   0.16094   0.01272   0.02423   0.03157   0.00044   0.00535   0.02119   0.01868   0.00275   0.00504   0.00000   0.00000   0.00000   0.00469   0.05129   0.48511   0.59557   0.82321  
 89 18.4905   5210.500693  x:  0.04227   0.10679   0.97514   0.37876   0.16261   0.54367   0.14627   0.35887   0.17244   0.13347   0.33221   0.00000   0.01241   0.00379   0.30574   0.16838   0.15606   2.17314   0.00000   0.19566   1.09068   0.00000   0.06657   0.01576   0.00000   0.02060   0.12662   0.07674   0.07139   0.30360   0.07610   0.01356   0.13123   0.13712   0.15465   0.18142   0.20890   0.00000   0.08806   0.02764   0.02392   0.13263   0.08653   0.16756   0.01226   0.02460   0.03207   0.00044   0.00515   0.02215   0.01848   0.00271   0.00504   0.00000   0.00000   0.00000   0.00457   0.05032   0.48295   0.63231   0.88926  
 90 25.0939   5209.965007  x:  0.04338   0.10415   0.95996   0.39612   0.17035   0.53373   0.15481   0.35925   0.17838   0.14091   0.33674   0.00000   0.01366   0.00322   0.30742   0.15226   0.16149   2.18414   0.00000   0.19351   1.11871   0.00000   0.06673   0.01729   0.00000   0.02103   0.12268   0.07785   0.07056   0.28873   0.07908   0.01363   0.13692   0.14329   0.14524   0.18127   0.21075   0.00000   0.08730   0.02730   0.02391   0.12804   0.08770   0.16923   0.01181   0.02465   0.03211   0.00044   0.00486   0.02371   0.01812   0.00265   0.00504   0.00000   0.00000   0.00000   0.00438   0.04871   0.47219   0.67356   0.94243  
 91 27.1456   5209.799559  x:  0.04128   0.10438   0.95665   0.40386   0.17848   0.52518   0.14930   0.35229   0.16870   0.14411   0.34527   0.00000   0.01370   0.00223   0.30206   0.15787   0.15246   2.18782   0.00000   0.19950   1.12649   0.00000   0.06661   0.01773   0.00000   0.02135   0.12373   0.07575   0.07109   0.28898   0.07870   0.01340   0.13541   0.14469   0.14824   0.18459   0.22197   0.00000   0.08725   0.02746   0.02380   0.12952   0.08747   0.16713   0.01195   0.02456   0.03224   0.00045   0.00483   0.02399   0.01808   0.00265   0.00509   0.00000   0.00000   0.00000   0.00438   0.04846   0.47345   0.68360   0.95716  
 92  8.7108   5209.545321  x:  0.04265   0.09732   0.95878   0.40735   0.18140   0.51536   0.14727   0.34824   0.18088   0.14038   0.35142   0.00000   0.01300   0.00211   0.29407   0.15898   0.13489   2.19466   0.00000   0.21018   1.13401   0.00000   0.06651   0.01831   0.00000   0.02179   0.12282   0.07712   0.07196   0.30064   0.07889   0.01374   0.13907   0.13497   0.14445   0.17893   0.21938   0.00000   0.08675   0.02745   0.02372   0.12584   0.08789   0.16921   0.01227   0.02492   0.03240   0.00045   0.00481   0.02478   0.01796   0.00268   0.00502   0.00000   0.00000   0.00000   0.00441   0.04813   0.47448   0.68308   0.97494  
 93  4.5507   5208.820512  x:  0.04414   0.08922   0.97549   0.41668   0.18122   0.50683   0.15523   0.34776   0.19103   0.13728   0.35134   0.00000   0.01029   0.00351   0.29221   0.15595   0.12313   2.21688   0.00000   0.22403   1.15292   0.00000   0.06603   0.01994   0.00000   0.02325   0.12454   0.07861   0.07294   0.30940   0.07607   0.01332   0.13145   0.16254   0.15319   0.17729   0.20554   0.00000   0.08677   0.02794   0.02316   0.13800   0.08894   0.16729   0.01360   0.02609   0.03312   0.00047   0.00503   0.02635   0.01791   0.00286   0.00481   0.00000   0.00000   0.00000   0.00471   0.04888   0.47542   0.66425   1.02243  
 94  9.6727   5206.784902  x:  0.04370   0.08500   1.02203   0.44223   0.17674   0.50497   0.16367   0.35243   0.17178   0.13800   0.34264   0.00000   0.00344   0.00583   0.30968   0.15977   0.13894   2.27186   0.00000   0.22622   1.19575   0.00000   0.06518   0.02430   0.00000   0.02677   0.12630   0.07817   0.07091   0.29559   0.07524   0.01360   0.13255   0.14676   0.14832   0.18649   0.20171   0.00000   0.08559   0.02879   0.02250   0.12411   0.09126   0.16637   0.01708   0.02801   0.03463   0.00051   0.00551   0.03029   0.01766   0.00329   0.00448   0.00000   0.00000   0.00000   0.00542   0.04977   0.47424   0.60733   1.13350  
 95 29.9798   5206.583723  x:  0.04336   0.08258   1.02628   0.44423   0.17659   0.50628   0.15602   0.35558   0.17859   0.13783   0.34553   0.00000   0.00283   0.00631   0.31116   0.15933   0.14244   2.27782   0.00000   0.21411   1.19976   0.00000   0.06515   0.02470   0.00000   0.02750   0.12654   0.07783   0.07205   0.29311   0.07574   0.01337   0.13956   0.14617   0.14655   0.18087   0.21333   0.00000   0.08504   0.02897   0.02227   0.13500   0.09194   0.16446   0.01766   0.02793   0.03482   0.00051   0.00553   0.03062   0.01758   0.00333   0.00454   0.00000   0.00000   0.00000   0.00549   0.04943   0.47695   0.60085   1.14226  
 96 13.8096   5206.474622  x:  0.04293   0.08111   1.02767   0.44487   0.17909   0.50799   0.14953   0.35780   0.18440   0.13824   0.35005   0.00000   0.00278   0.00665   0.30935   0.15877   0.14558   2.28142   0.00000   0.20449   1.20171   0.00000   0.06515   0.02481   0.00000   0.02800   0.12740   0.07740   0.07297   0.29404   0.07556   0.01327   0.13322   0.14946   0.14831   0.17745   0.21818   0.00000   0.08495   0.02911   0.02234   0.12644   0.09184   0.16266   0.01804   0.02798   0.03495   0.00052   0.00558   0.03056   0.01758   0.00337   0.00456   0.00000   0.00000   0.00000   0.00555   0.04949   0.47788   0.59879   1.14098  
 97  6.6512   5205.830270  x:  0.04004   0.08185   1.03305   0.44832   0.19834   0.51895   0.14097   0.36117   0.18240   0.13945   0.37113   0.00000   0.00416   0.00774   0.29097   0.16105   0.16570   2.30885   0.00000   0.18658   1.21505   0.00000   0.06506   0.02512   0.00000   0.02991   0.12965   0.07451   0.06986   0.30402   0.07477   0.01365   0.13997   0.14618   0.14474   0.18393   0.20071   0.00000   0.08530   0.02985   0.02199   0.13211   0.09484   0.16459   0.02037   0.02953   0.03555   0.00055   0.00608   0.02968   0.01766   0.00369   0.00437   0.00000   0.00000   0.00000   0.00613   0.05137   0.47357   0.59824   1.09781  
 98  4.1385   5203.979506  x:  0.03996   0.07870   1.04406   0.44531   0.16449   0.53446   0.15863   0.36081   0.18069   0.11960   0.36011   0.00000   0.00905   0.01410   0.30007   0.15999   0.16254   2.39605   0.00000   0.20097   1.25604   0.00000   0.06447   0.02535   0.00000   0.03297   0.13163   0.07442   0.07591   0.28067   0.07545   0.01351   0.14314   0.14215   0.13863   0.16775   0.24324   0.00000   0.08475   0.03100   0.02100   0.12972   0.09821   0.15421   0.02812   0.03030   0.03737   0.00066   0.00720   0.02994   0.01736   0.00453   0.00465   0.00000   0.00000   0.00000   0.00760   0.05293   0.48145   0.60454   0.95384  
 99 15.9116   5203.739897  x:  0.04007   0.07912   1.04515   0.44466   0.16299   0.53445   0.13766   0.36376   0.18379   0.13568   0.34789   0.00000   0.00965   0.01532   0.31543   0.15710   0.15443   2.40717   0.00000   0.20717   1.26104   0.00000   0.06427   0.02539   0.00000   0.03316   0.13179   0.07453   0.07519   0.27653   0.07581   0.01356   0.14405   0.14149   0.13834   0.17053   0.23997   0.00000   0.08456   0.03109   0.02087   0.13003   0.09851   0.15459   0.02897   0.03059   0.03758   0.00068   0.00735   0.02997   0.01732   0.00463   0.00462   0.00000   0.00000   0.00000   0.00779   0.05327   0.48135   0.60577   0.93692  
100 13.4801   5203.707775  x:  0.03967   0.07954   1.04537   0.44541   0.16938   0.53457   0.13931   0.37237   0.18053   0.13675   0.34328   0.00000   0.00967   0.01620   0.31492   0.15717   0.15137   2.41027   0.00000   0.20709   1.26126   0.00000   0.06425   0.02529   0.00000   0.03309   0.13176   0.07413   0.07613   0.27713   0.07596   0.01360   0.14407   0.14109   0.13848   0.16573   0.23991   0.00000   0.08452   0.03111   0.02088   0.12994   0.09865   0.15452   0.02912   0.03057   0.03759   0.00068   0.00735   0.02995   0.01728   0.00465   0.00464   0.00000   0.00000   0.00000   0.00781   0.05310   0.48295   0.60592   0.93851  
101  1.5163   5203.586158  x:  0.03903   0.07817   1.04656   0.44524   0.17366   0.53383   0.13954   0.38445   0.18126   0.12959   0.33774   0.00000   0.00965   0.01815   0.31139   0.15730   0.14307   2.42458   0.00000   0.20368   1.26213   0.00000   0.06405   0.02492   0.00000   0.03296   0.13199   0.07349   0.07396   0.27566   0.07569   0.01365   0.14415   0.14117   0.13793   0.17895   0.24163   0.00000   0.08457   0.03120   0.02098   0.12940   0.09915   0.15225   0.02944   0.03068   0.03761   0.00069   0.00732   0.02989   0.01710   0.00469   0.00466   0.00000   0.00000   0.00000   0.00785   0.05261   0.47797   0.60501   0.95041  
102  2.1657   5200.794288  x:  0.04082   0.07684   1.09768   0.45892   0.17859   0.54852   0.14095   0.36201   0.17480   0.13781   0.34870   0.00000   0.00877   0.01198   0.29163   0.15793   0.15369   2.78515   0.00000   0.22414   1.30397   0.00000   0.06373   0.01698   0.00000   0.02151   0.13071   0.07525   0.06600   0.28208   0.07842   0.01568   0.13800   0.13855   0.14539   0.18054   0.21425   0.00000   0.08638   0.03238   0.02307   0.12380   0.09587   0.14556   0.03697   0.03026   0.03758   0.00103   0.00710   0.02878   0.01354   0.00585   0.00538   0.00000   0.00000   0.00000   0.00914   0.04482   0.47528   0.58472   1.24688  
103  7.8655   5200.772619  x:  0.04018   0.08433   1.09826   0.46177   0.17685   0.54812   0.14058   0.36170   0.17506   0.13635   0.34919   0.00000   0.00876   0.01202   0.29192   0.15778   0.15143   2.78776   0.00000   0.22234   1.30442   0.00000   0.06373   0.01691   0.00000   0.02164   0.13110   0.07461   0.06605   0.28257   0.07836   0.01568   0.13799   0.13887   0.14479   0.17953   0.21286   0.00000   0.08634   0.03246   0.02309   0.12369   0.09597   0.14634   0.03701   0.03027   0.03759   0.00103   0.00710   0.02866   0.01352   0.00586   0.00539   0.00000   0.00000   0.00000   0.00916   0.04480   0.47494   0.58455   1.24695  
104  4.2567   5200.138169  x:  0.03848   0.08413   1.07282   0.46408   0.18424   0.56394   0.14416   0.35556   0.17596   0.13386   0.34893   0.00000   0.00863   0.01020   0.29364   0.15872   0.14477   2.87077   0.00000   0.21729   1.35964   0.00000   0.06380   0.02071   0.00000   0.02400   0.12930   0.07289   0.06626   0.28517   0.07578   0.01482   0.13678   0.13904   0.14699   0.18140   0.20657   0.00000   0.08617   0.03158   0.02327   0.12449   0.09621   0.14397   0.03613   0.02996   0.03747   0.00108   0.00659   0.02948   0.01245   0.00597   0.00523   0.00000   0.00000   0.00000   0.00902   0.04157   0.47626   0.55550   0.89101  
105  1.0280   5199.427752  x:  0.03606   0.08063   1.06307   0.44586   0.18169   0.54359   0.14441   0.35146   0.17678   0.13562   0.34323   0.00000   0.00867   0.00883   0.29582   0.15694   0.14119   3.03232   0.00000   0.20079   1.33008   0.00000   0.06463   0.02110   0.00000   0.02975   0.12609   0.07045   0.07087   0.28493   0.07287   0.01345   0.13843   0.14251   0.14113   0.17576   0.21143   0.00000   0.08930   0.02848   0.02302   0.12824   0.09641   0.14946   0.03584   0.02790   0.03617   0.00127   0.00710   0.02338   0.01216   0.00665   0.00617   0.00000   0.00000   0.00000   0.00986   0.04398   0.47811   0.55856   0.96754  
106  0.1802   5199.011911  x:  0.04131   0.08401   1.03551   0.44189   0.18478   0.53336   0.14632   0.35063   0.17960   0.13591   0.33768   0.00000   0.00881   0.00876   0.30019   0.15780   0.14080   3.12402   0.00000   0.18606   1.35014   0.00000   0.06503   0.01777   0.00000   0.02648   0.12956   0.07569   0.07234   0.28488   0.07396   0.01429   0.13987   0.14279   0.14246   0.17565   0.21921   0.00000   0.08517   0.02991   0.02270   0.13047   0.09193   0.15361   0.03347   0.02863   0.03602   0.00140   0.00749   0.02776   0.01252   0.00712   0.00638   0.00000   0.00000   0.00000   0.01038   0.04785   0.47811   0.53991   0.90373  
107  0.1556   5198.585984  x:  0.04017   0.08966   1.02180   0.43731   0.18570   0.52663   0.14493   0.34997   0.17678   0.13535   0.33972   0.00000   0.00753   0.01830   0.29887   0.15944   0.14940   3.23573   0.00000   0.19395   1.33747   0.00000   0.06506   0.02033   0.00000   0.02247   0.13073   0.07453   0.07277   0.28216   0.07484   0.01546   0.13955   0.14073   0.14316   0.17788   0.21810   0.00000   0.08545   0.03203   0.02224   0.12672   0.09831   0.15306   0.02803   0.02911   0.03632   0.00163   0.00698   0.02627   0.01222   0.00753   0.00686   0.00000   0.00000   0.00000   0.01031   0.04658   0.47680   0.53376   0.91358  
108  0.0778   5198.208835  x:  0.04066   0.09153   1.02153   0.43860   0.18135   0.53147   0.14292   0.35671   0.17368   0.13463   0.33940   0.00000   0.00649   0.01224   0.29739   0.15582   0.15648   3.28986   0.00000   0.20487   1.32688   0.00000   0.06385   0.01799   0.00000   0.02779   0.13116   0.07500   0.06527   0.28130   0.07896   0.01423   0.13837   0.14014   0.14289   0.18017   0.21418   0.00000   0.08592   0.03069   0.02241   0.12440   0.09725   0.14899   0.02255   0.02943   0.03730   0.00187   0.00669   0.02777   0.01273   0.00801   0.00735   0.00000   0.00000   0.00000   0.01030   0.04894   0.48012   0.53183   0.95599  
109  0.0565   5197.712477  x:  0.03726   0.09080   1.03159   0.44397   0.17631   0.54022   0.14194   0.36162   0.17885   0.13593   0.34246   0.00000   0.00645   0.00410   0.29978   0.15558   0.14784   3.24272   0.00000   0.20185   1.32837   0.00000   0.06484   0.02299   0.00000   0.02242   0.12821   0.07159   0.06864   0.28296   0.07638   0.01402   0.13828   0.14156   0.14408   0.17783   0.21537   0.00000   0.08766   0.02792   0.02430   0.12842   0.09218   0.14871   0.01944   0.02831   0.03836   0.00225   0.00662   0.02837   0.01371   0.00893   0.00793   0.00000   0.00000   0.00000   0.01053   0.05274   0.47940   0.54288   0.95229  
110  0.0270   5196.873103  x:  0.03885   0.08409   1.05903   0.44934   0.17581   0.55185   0.14068   0.35823   0.18179   0.13965   0.34957   0.00000   0.00762   0.01602   0.29935   0.15832   0.13082   3.08169   0.00000   0.19791   1.32611   0.00000   0.06413   0.02060   0.00000   0.02743   0.12189   0.07315   0.07809   0.28575   0.06873   0.01332   0.13928   0.14279   0.14306   0.17425   0.21811   0.00000   0.08554   0.02882   0.02434   0.13269   0.08976   0.14838   0.01833   0.02749   0.03703   0.00298   0.00537   0.03034   0.01371   0.01045   0.00870   0.00000   0.00000   0.00000   0.01015   0.04759   0.47535   0.55833   0.92126  
111  0.0907   5195.820109  x:  0.04177   0.07960   1.06177   0.44719   0.18232   0.54942   0.14687   0.34935   0.17606   0.13751   0.34218   0.00000   0.00819   0.01156   0.29850   0.15979   0.14037   2.87062   0.00000   0.20242   1.32665   0.00000   0.06453   0.01968   0.00000   0.02629   0.12966   0.07604   0.07019   0.28459   0.07688   0.01436   0.13914   0.14035   0.14099   0.17955   0.21212   0.00000   0.08676   0.03497   0.02142   0.12606   0.10180   0.15112   0.02525   0.02984   0.03624   0.00416   0.00586   0.02954   0.01496   0.01359   0.00936   0.00000   0.00000   0.00000   0.01131   0.05172   0.47719   0.56998   0.90553  
112  0.1059   5195.177443  x:  0.03932   0.08652   1.02335   0.44808   0.18550   0.53324   0.14346   0.34976   0.17633   0.13128   0.33485   0.00000   0.00772   0.01203   0.29749   0.15701   0.15658   2.94754   0.00000   0.19730   1.32312   0.00000   0.06528   0.01818   0.00000   0.02424   0.13055   0.07353   0.06614   0.28004   0.07772   0.01333   0.13815   0.14040   0.14453   0.17942   0.21402   0.00000   0.08566   0.02940   0.02289   0.12611   0.09598   0.14961   0.02189   0.02954   0.03741   0.00552   0.00452   0.02780   0.01346   0.01655   0.01080   0.00000   0.00000   0.00000   0.01123   0.04611   0.47958   0.54638   0.94918  
113  0.0555   5194.877707  x:  0.03897   0.08886   1.01151   0.44430   0.18213   0.53565   0.14457   0.35259   0.17713   0.13623   0.34069   0.00000   0.00760   0.01099   0.29560   0.15602   0.14650   2.93226   0.00000   0.20018   1.32395   0.00000   0.06404   0.02107   0.00000   0.02625   0.13043   0.07312   0.07205   0.28526   0.07332   0.01502   0.13878   0.14258   0.14185   0.17812   0.21320   0.00000   0.08666   0.03013   0.02329   0.12727   0.09254   0.14993   0.02350   0.02898   0.03905   0.00682   0.00504   0.02626   0.01341   0.01969   0.01198   0.00000   0.00000   0.00000   0.01188   0.04879   0.47663   0.56347   0.89842  
114  0.0308   5194.727506  x:  0.04088   0.08525   1.02413   0.44716   0.17945   0.54040   0.14368   0.35415   0.17835   0.13632   0.34277   0.00000   0.00780   0.01061   0.30071   0.15851   0.14453   2.92702   0.00000   0.20005   1.32580   0.00000   0.06400   0.01964   0.00000   0.02579   0.12784   0.07499   0.07012   0.28442   0.07539   0.01433   0.13897   0.14037   0.14410   0.17735   0.21605   0.00000   0.08566   0.03093   0.02229   0.12857   0.09721   0.15020   0.02407   0.02882   0.03851   0.00793   0.00490   0.02760   0.01251   0.02196   0.01284   0.00000   0.00000   0.00000   0.01152   0.04632   0.47718   0.55658   0.98271  
115  0.0438   5194.588738  x:  0.03918   0.08491   1.02717   0.44679   0.18377   0.54280   0.14442   0.35193   0.17661   0.13347   0.34185   0.00000   0.00724   0.01246   0.29885   0.15747   0.14733   2.97534   0.00000   0.20412   1.32760   0.00000   0.06512   0.01923   0.00000   0.02538   0.13140   0.07325   0.06834   0.28209   0.07532   0.01381   0.13877   0.14113   0.14224   0.17927   0.21425   0.00000   0.08596   0.03017   0.02278   0.12605   0.09539   0.14989   0.02309   0.03024   0.03766   0.00903   0.00555   0.02838   0.01234   0.02395   0.01321   0.00000   0.00000   0.00000   0.01067   0.04796   0.47764   0.54860   0.89548  
116  0.0384   5194.334446  x:  0.03926   0.08685   1.04334   0.45020   0.18223   0.53455   0.14384   0.35315   0.17815   0.13511   0.33785   0.00000   0.00733   0.01145   0.29543   0.15613   0.14878   2.96111   0.00000   0.19605   1.31351   0.00000   0.06443   0.02041   0.00000   0.02536   0.12779   0.07330   0.07145   0.28343   0.07588   0.01422   0.13800   0.14269   0.14332   0.17765   0.21508   0.00000   0.08725   0.03126   0.02356   0.12837   0.09362   0.14876   0.02321   0.02823   0.03679   0.01025   0.00661   0.02813   0.01258   0.02489   0.01253   0.00000   0.00000   0.00000   0.00697   0.04815   0.47790   0.56384   0.94165  
117  0.0143   5194.223466  x:  0.04007   0.08518   1.03502   0.44728   0.18174   0.53773   0.14394   0.35137   0.17763   0.13570   0.33883   0.00000   0.00760   0.01103   0.29780   0.15771   0.14724   2.96037   0.00000   0.19813   1.32004   0.00000   0.06444   0.01993   0.00000   0.02563   0.12900   0.07413   0.07002   0.28381   0.07488   0.01406   0.13878   0.14085   0.14342   0.17783   0.21419   0.00000   0.08614   0.03028   0.02262   0.12769   0.09572   0.15041   0.02378   0.02897   0.03780   0.00999   0.00695   0.02806   0.01294   0.02336   0.01111   0.00000   0.00000   0.00000   0.00501   0.04760   0.47748   0.55866   0.91318  
118  0.0200   5194.193244  x:  0.04006   0.08560   1.02550   0.44561   0.18185   0.53957   0.14416   0.35198   0.17714   0.13540   0.34075   0.00000   0.00769   0.01124   0.29882   0.15789   0.14649   2.96725   0.00000   0.20047   1.32586   0.00000   0.06447   0.01962   0.00000   0.02557   0.12994   0.07414   0.06956   0.28365   0.07493   0.01427   0.13901   0.14071   0.14300   0.17831   0.21433   0.00000   0.08583   0.03020   0.02253   0.12711   0.09581   0.15053   0.02443   0.02931   0.03822   0.00935   0.00689   0.02784   0.01312   0.02219   0.01059   0.00000   0.00000   0.00000   0.00569   0.04788   0.47730   0.55419   0.92727  
119  0.0201   5194.167146  x:  0.03930   0.08743   1.02188   0.44626   0.18241   0.53976   0.14433   0.35433   0.17726   0.13456   0.34248   0.00000   0.00764   0.01153   0.29812   0.15674   0.14666   2.97758   0.00000   0.20118   1.32836   0.00000   0.06439   0.01982   0.00000   0.02555   0.12958   0.07340   0.07015   0.28351   0.07579   0.01446   0.13855   0.14210   0.14269   0.17839   0.21553   0.00000   0.08658   0.03101   0.02313   0.12730   0.09459   0.14908   0.02462   0.02901   0.03749   0.00925   0.00700   0.02769   0.01319   0.02139   0.00962   0.00000   0.00000   0.00000   0.00513   0.04752   0.47756   0.55333   0.94528  
120  0.0078   5194.024259  x:  0.03893   0.08954   1.02791   0.44783   0.18245   0.53932   0.14427   0.35634   0.17804   0.13535   0.34320   0.00000   0.00717   0.01146   0.29844   0.15611   0.14613   2.98769   0.00000   0.20051   1.32887   0.00000   0.06465   0.02082   0.00000   0.02598   0.12520   0.07302   0.07033   0.28508   0.07531   0.01264   0.13760   0.14178   0.14421   0.17713   0.21772   0.00000   0.08698   0.03035   0.02356   0.12862   0.09461   0.14964   0.02502   0.02820   0.03563   0.01036   0.00724   0.02870   0.01290   0.02199   0.00672   0.00000   0.00000   0.00000   0.00631   0.04768   0.47696   0.55844   0.93011  
121  0.0027   5193.950854  x:  0.03995   0.08539   1.03276   0.44509   0.18161   0.53986   0.14412   0.35272   0.17775   0.13548   0.34129   0.00000   0.00719   0.01088   0.30038   0.15784   0.14667   2.97742   0.00000   0.20020   1.31872   0.00000   0.06462   0.01984   0.00000   0.02566   0.13026   0.07402   0.06993   0.28423   0.07468   0.01425   0.13910   0.14110   0.14268   0.17755   0.21572   0.00000   0.08625   0.03100   0.02269   0.12747   0.09501   0.15079   0.02396   0.02928   0.03714   0.01101   0.00697   0.02861   0.01294   0.02261   0.00592   0.00000   0.00000   0.00000   0.00654   0.04742   0.47715   0.55625   0.93289  
122  0.0119   5193.931810  x:  0.04010   0.08595   1.03005   0.44512   0.18195   0.53906   0.14465   0.35206   0.17693   0.13540   0.34031   0.00000   0.00755   0.01109   0.29819   0.15775   0.14634   2.96622   0.00000   0.19929   1.31677   0.00000   0.06435   0.01951   0.00000   0.02551   0.12981   0.07416   0.06977   0.28291   0.07598   0.01432   0.13878   0.14125   0.14347   0.17856   0.21513   0.00000   0.08621   0.02986   0.02264   0.12715   0.09573   0.14987   0.02371   0.02872   0.03799   0.01133   0.00656   0.02815   0.01292   0.02315   0.00640   0.00000   0.00000   0.00000   0.00662   0.04728   0.47765   0.55691   0.91995  
123  0.0088   5193.897309  x:  0.03961   0.08742   1.02539   0.44613   0.18270   0.53860   0.14459   0.35277   0.17648   0.13513   0.34137   0.00000   0.00817   0.01127   0.29713   0.15683   0.14647   2.96739   0.00000   0.19974   1.32090   0.00000   0.06417   0.01976   0.00000   0.02553   0.12901   0.07368   0.06987   0.28316   0.07582   0.01427   0.13841   0.14138   0.14354   0.17878   0.21472   0.00000   0.08636   0.02973   0.02285   0.12718   0.09533   0.14974   0.02388   0.02829   0.03751   0.01176   0.00594   0.02785   0.01321   0.02261   0.00534   0.00000   0.00000   0.00000   0.00654   0.04795   0.47745   0.55742   0.93475  
124  0.0054   5193.844370  x:  0.03948   0.08707   1.02806   0.44596   0.18302   0.53890   0.14427   0.35303   0.17700   0.13508   0.34247   0.00000   0.00887   0.01115   0.29830   0.15682   0.14708   2.98852   0.00000   0.20038   1.32410   0.00000   0.06445   0.02019   0.00000   0.02571   0.12976   0.07354   0.06998   0.28490   0.07444   0.01429   0.13866   0.14142   0.14261   0.17806   0.21403   0.00000   0.08659   0.03107   0.02283   0.12732   0.09468   0.15092   0.02367   0.02882   0.03662   0.01225   0.00503   0.02790   0.01350   0.02246   0.00635   0.00000   0.00000   0.00000   0.00640   0.04965   0.47675   0.55644   0.95494  
125  0.0140   5193.709884  x:  0.04138   0.08481   1.03742   0.43948   0.18135   0.54198   0.14541   0.35285   0.17837   0.13625   0.34107   0.00000   0.00878   0.01150   0.30048   0.16066   0.14515   3.03602   0.00000   0.19992   1.32448   0.00000   0.06565   0.01991   0.00000   0.02573   0.12908   0.07548   0.06929   0.28568   0.07571   0.01297   0.13921   0.14099   0.14338   0.17784   0.21492   0.00000   0.08588   0.03061   0.02263   0.12730   0.09670   0.15173   0.02589   0.03025   0.03791   0.01250   0.00543   0.02971   0.01406   0.01897   0.00616   0.00000   0.00000   0.00000   0.00581   0.05283   0.47682   0.54841   0.90731  
126  0.0145   5193.374205  x:  0.03957   0.08543   1.04473   0.44600   0.18267   0.53776   0.14468   0.35094   0.17679   0.13431   0.34057   0.00000   0.00721   0.01136   0.29716   0.15744   0.14675   3.02284   0.00000   0.19729   1.30122   0.00000   0.06345   0.01975   0.00000   0.02530   0.12951   0.07374   0.06973   0.28079   0.07644   0.01426   0.13847   0.14141   0.14309   0.17878   0.21485   0.00000   0.08605   0.03049   0.02308   0.12724   0.09478   0.14911   0.02660   0.02873   0.03855   0.01468   0.00468   0.03041   0.01339   0.01308   0.00665   0.00000   0.00000   0.00000   0.00670   0.05019   0.47895   0.55428   0.90657  
127  0.0080   5193.215277  x:  0.03916   0.08600   1.03032   0.44985   0.18200   0.53599   0.14335   0.35233   0.17735   0.13522   0.33908   0.00000   0.00622   0.01119   0.29846   0.15596   0.14718   2.95996   0.00000   0.19949   1.30275   0.00000   0.06434   0.02005   0.00000   0.02535   0.13009   0.07328   0.07019   0.28284   0.07479   0.01484   0.13859   0.14144   0.14333   0.17766   0.21587   0.00000   0.08682   0.03012   0.02276   0.12772   0.09485   0.14975   0.02520   0.02825   0.03728   0.01719   0.00583   0.02917   0.01232   0.01464   0.00771   0.00000   0.00000   0.00000   0.00730   0.04745   0.47781   0.56175   0.93483  
128  0.0385   5193.143588  x:  0.03993   0.08622   1.02032   0.44661   0.18124   0.53940   0.14383   0.35332   0.17788   0.13592   0.34048   0.00000   0.00724   0.01113   0.30012   0.15743   0.14631   2.95688   0.00000   0.20100   1.31995   0.00000   0.06486   0.01998   0.00000   0.02580   0.12991   0.07407   0.07004   0.28452   0.07488   0.01434   0.13894   0.14117   0.14321   0.17740   0.21630   0.00000   0.08651   0.03034   0.02251   0.12769   0.09576   0.15048   0.02496   0.02903   0.03712   0.01875   0.00592   0.02836   0.01261   0.01260   0.00788   0.00000   0.00000   0.00000   0.00700   0.04846   0.47702   0.55743   0.92913  
129  0.0164   5193.129366  x:  0.03993   0.08622   1.02679   0.44553   0.18189   0.54018   0.14448   0.35257   0.17722   0.13534   0.34135   0.00000   0.00756   0.01125   0.29886   0.15773   0.14668   2.96637   0.00000   0.20006   1.32382   0.00000   0.06442   0.01973   0.00000   0.02565   0.12969   0.07406   0.06994   0.28369   0.07542   0.01409   0.13884   0.14113   0.14290   0.17826   0.21510   0.00000   0.08606   0.03046   0.02276   0.12724   0.09522   0.15029   0.02429   0.02905   0.03766   0.01948   0.00621   0.02816   0.01269   0.01335   0.00784   0.00000   0.00000   0.00000   0.00700   0.04869   0.47725   0.55565   0.93022  
130  0.0092   5193.127055  x:  0.03980   0.08620   1.02893   0.44573   0.18211   0.53947   0.14430   0.35261   0.17726   0.13518   0.34096   0.00000   0.00752   0.01126   0.29861   0.15746   0.14667   2.96961   0.00000   0.19982   1.32291   0.00000   0.06443   0.01979   0.00000   0.02558   0.12954   0.07393   0.06983   0.28366   0.07527   0.01414   0.13875   0.14129   0.14307   0.17820   0.21498   0.00000   0.08622   0.03051   0.02281   0.12734   0.09526   0.15016   0.02418   0.02900   0.03775   0.01971   0.00636   0.02816   0.01276   0.01295   0.00777   0.00000   0.00000   0.00000   0.00704   0.04832   0.47740   0.55593   0.92939  
131  0.0034   5193.126274  x:  0.03979   0.08615   1.02825   0.44609   0.18210   0.53913   0.14421   0.35264   0.17736   0.13531   0.34077   0.00000   0.00764   0.01120   0.29871   0.15741   0.14658   2.96873   0.00000   0.20003   1.32239   0.00000   0.06450   0.01984   0.00000   0.02561   0.12954   0.07392   0.06990   0.28383   0.07514   0.01420   0.13877   0.14123   0.14313   0.17805   0.21510   0.00000   0.08632   0.03042   0.02275   0.12741   0.09533   0.15018   0.02422   0.02900   0.03760   0.01969   0.00640   0.02818   0.01293   0.01307   0.00772   0.00000   0.00000   0.00000   0.00710   0.04797   0.47734   0.55618   0.92962  
132  0.0007   5193.126095  x:  0.03981   0.08616   1.02810   0.44600   0.18211   0.53940   0.14434   0.35259   0.17729   0.13528   0.34105   0.00000   0.00763   0.01121   0.29865   0.15751   0.14661   2.97045   0.00000   0.20004   1.32211   0.00000   0.06446   0.01983   0.00000   0.02560   0.12959   0.07394   0.06989   0.28379   0.07524   0.01418   0.13878   0.14121   0.14306   0.17815   0.21500   0.00000   0.08623   0.03045   0.02276   0.12733   0.09529   0.15019   0.02430   0.02899   0.03762   0.01965   0.00641   0.02825   0.01302   0.01303   0.00775   0.00000   0.00000   0.00000   0.00711   0.04796   0.47731   0.55590   0.92997  
133  0.0013   5193.126068  x:  0.03980   0.08618   1.02804   0.44594   0.18210   0.53947   0.14429   0.35264   0.17730   0.13525   0.34101   0.00000   0.00762   0.01121   0.29867   0.15749   0.14660   2.97057   0.00000   0.19999   1.32216   0.00000   0.06447   0.01983   0.00000   0.02561   0.12955   0.07393   0.06986   0.28379   0.07524   0.01418   0.13877   0.14125   0.14309   0.17814   0.21502   0.00000   0.08625   0.03046   0.02277   0.12736   0.09531   0.15016   0.02429   0.02900   0.03764   0.01966   0.00640   0.02823   0.01304   0.01305   0.00778   0.00000   0.00000   0.00000   0.00710   0.04792   0.47733   0.55589   0.92926  
134  0.0004   5193.126062  x:  0.03980   0.08617   1.02811   0.44596   0.18209   0.53942   0.14430   0.35263   0.17730   0.13527   0.34098   0.00000   0.00761   0.01121   0.29868   0.15748   0.14661   2.97041   0.00000   0.19999   1.32225   0.00000   0.06447   0.01982   0.00000   0.02560   0.12955   0.07393   0.06988   0.28378   0.07522   0.01418   0.13877   0.14123   0.14308   0.17813   0.21504   0.00000   0.08625   0.03045   0.02277   0.12736   0.09529   0.15017   0.02430   0.02900   0.03764   0.01967   0.00639   0.02823   0.01305   0.01305   0.00778   0.00000   0.00000   0.00000   0.00710   0.04792   0.47732   0.55593   0.92979  
135  0.0004   5193.126061  x:  0.03980   0.08617   1.02812   0.44596   0.18209   0.53941   0.14430   0.35262   0.17731   0.13527   0.34099   0.00000   0.00760   0.01121   0.29868   0.15749   0.14661   2.97050   0.00000   0.20000   1.32232   0.00000   0.06447   0.01982   0.00000   0.02560   0.12955   0.07394   0.06988   0.28379   0.07523   0.01418   0.13877   0.14123   0.14307   0.17813   0.21505   0.00000   0.08624   0.03046   0.02276   0.12735   0.09530   0.15017   0.02430   0.02900   0.03764   0.01967   0.00639   0.02822   0.01306   0.01305   0.00777   0.00000   0.00000   0.00000   0.00710   0.04792   0.47733   0.55590   0.92959  
136  0.0001   5193.126060  x:  0.03980   0.08617   1.02812   0.44596   0.18209   0.53942   0.14430   0.35263   0.17731   0.13527   0.34099   0.00000   0.00760   0.01121   0.29868   0.15749   0.14661   2.97049   0.00000   0.20000   1.32232   0.00000   0.06447   0.01982   0.00000   0.02560   0.12955   0.07393   0.06988   0.28378   0.07523   0.01418   0.13877   0.14123   0.14308   0.17813   0.21505   0.00000   0.08625   0.03046   0.02276   0.12736   0.09530   0.15017   0.02430   0.02900   0.03764   0.01967   0.00639   0.02823   0.01306   0.01305   0.00777   0.00000   0.00000   0.00000   0.00710   0.04792   0.47732   0.55591   0.92962  
137  0.0000   5193.126060  x:  0.03980   0.08617   1.02812   0.44596   0.18209   0.53942   0.14430   0.35263   0.17730   0.13527   0.34099   0.00000   0.00760   0.01121   0.29868   0.15749   0.14661   2.97049   0.00000   0.20000   1.32231   0.00000   0.06447   0.01982   0.00000   0.02560   0.12955   0.07394   0.06988   0.28378   0.07523   0.01418   0.13877   0.14123   0.14308   0.17813   0.21505   0.00000   0.08625   0.03046   0.02276   0.12736   0.09529   0.15017   0.02430   0.02900   0.03764   0.01967   0.00639   0.02823   0.01306   0.01305   0.00777   0.00000   0.00000   0.00000   0.00710   0.04792   0.47732   0.55591   0.92963  
138  0.0000   5193.126060  x:  0.03980   0.08617   1.02812   0.44596   0.18209   0.53942   0.14430   0.35263   0.17730   0.13527   0.34099   0.00000   0.00760   0.01121   0.29868   0.15749   0.14661   2.97049   0.00000   0.20000   1.32231   0.00000   0.06447   0.01982   0.00000   0.02560   0.12955   0.07394   0.06988   0.28378   0.07523   0.01418   0.13877   0.14123   0.14308   0.17813   0.21505   0.00000   0.08625   0.03046   0.02276   0.12736   0.09529   0.15017   0.02430   0.02900   0.03764   0.01967   0.00639   0.02823   0.01306   0.01305   0.00777   0.00000   0.00000   0.00000   0.00710   0.04792   0.47732   0.55591   0.92963  