

TREE # 1

  0  0.0000   2763.724688  x:  0.08794   0.02947   0.05044   0.02666   0.04317   0.09405   0.01160   0.02503   0.04101   0.04512   0.04562   0.08009   0.08380   0.04475   0.54889   0.40311  
  1 99.0000   2496.699163  x:  0.13263   0.07416   0.10422   0.11575   0.07504   0.11722   0.00000   0.01686   0.04625   0.09823   0.07435   0.10511   0.11496   0.20837   0.54449   0.40564  
  2 2496.0883   2472.139966  x:  0.16622   0.10775   0.13532   0.09443   0.08900   0.15212   0.00000   0.00082   0.04987   0.12255   0.09129   0.13140   0.14152   0.18190   0.53201   0.41197  
  3 399.1922   2459.287734  x:  0.21214   0.15367   0.17771   0.06546   0.10830   0.20045   0.00000   0.02158   0.05450   0.15534   0.11431   0.16777   0.17864   0.14612   0.51389   0.42113  
  4 3311.6094   2453.890606  x:  0.21187   0.15340   0.16569   0.08656   0.11492   0.24346   0.00000   0.02211   0.03367   0.11161   0.10001   0.19578   0.22507   0.13925   0.44935   0.45134  
  5 98.6751   2451.422443  x:  0.20341   0.14494   0.14979   0.06560   0.10941   0.25977   0.00000   0.02189   0.03392   0.10994   0.10013   0.20809   0.24576   0.15481   0.39703   0.47646  
  6 125.7908   2449.816273  x:  0.19437   0.13590   0.13962   0.07646   0.10532   0.26272   0.00000   0.02191   0.04410   0.12775   0.10847   0.21294   0.25088   0.14831   0.34639   0.50429  
  7 105.5552   2448.997608  x:  0.20094   0.14247   0.15454   0.07513   0.10218   0.24539   0.00000   0.02189   0.03703   0.12498   0.10354   0.21237   0.23687   0.14797   0.31520   0.54227  
  8 38.0865   2448.193386  x:  0.20541   0.14694   0.15207   0.07280   0.12025   0.23817   0.00000   0.02186   0.05411   0.11449   0.10661   0.21377   0.22614   0.14934   0.31610   0.62400  
  9 30.0237   2446.451675  x:  0.20550   0.14703   0.14136   0.07450   0.11755   0.23736   0.00000   0.02178   0.03107   0.13033   0.10881   0.21800   0.22011   0.14902   0.34674   0.81804  
 10 79.5554   2446.043751  x:  0.20211   0.14364   0.15236   0.07633   0.10122   0.24100   0.00000   0.02182   0.04019   0.13046   0.10267   0.21672   0.22492   0.14928   0.35587   0.86168  
 11 50.0061   2445.900731  x:  0.19714   0.13867   0.16151   0.07535   0.10315   0.24196   0.00000   0.02178   0.03801   0.12805   0.11091   0.20664   0.23062   0.14923   0.35666   0.86963  
 12  8.0491   2445.464696  x:  0.19982   0.14135   0.16347   0.07450   0.11109   0.24710   0.00000   0.02176   0.03799   0.13417   0.09934   0.17755   0.24042   0.14954   0.35455   0.87646  
 13  7.1502   2443.333191  x:  0.22609   0.16762   0.14539   0.07974   0.08713   0.25279   0.00000   0.02199   0.04141   0.12405   0.12218   0.13904   0.24737   0.15489   0.35011   0.88382  
 14  9.7454   2306.503078  x:  0.40826   0.34961   0.46487   0.29017   0.29043   0.45948   0.00000   0.03624   0.03993   0.34041   0.21086   0.32542   0.09124   0.67721   0.22670   1.16013  
 15  7.2253   2299.366088  x:  0.42840   0.36975   0.45541   0.29772   0.30400   0.30471   0.00000   0.03646   0.05170   0.35691   0.20661   0.36499   0.23909   0.68080   0.23718   1.17002  
 16 67.1764   2293.490656  x:  0.43352   0.37486   0.49165   0.31316   0.26049   0.37203   0.00000   0.03298   0.01184   0.34748   0.17828   0.30645   0.21767   0.75417   0.35446   1.11519  
 17  0.0827   2288.692082  x:  0.43713   0.37846   0.50343   0.32285   0.22650   0.36488   0.00000   0.02950   0.00000   0.34403   0.16106   0.27131   0.23607   0.80719   0.33688   0.99894  
 18  0.1377   2280.657221  x:  0.44558   0.38689   0.53187   0.35015   0.13005   0.34844   0.00000   0.01818   0.00758   0.33056   0.13465   0.17749   0.27573   0.97439   0.26536   0.61189  
 19  0.4635   2278.137453  x:  0.45313   0.39444   0.54296   0.36415   0.11018   0.29991   0.00000   0.01211   0.05665   0.32854   0.14894   0.17022   0.28815   1.06852   0.27363   0.65449  
 20  0.0739   2276.085475  x:  0.44504   0.38633   0.55546   0.37196   0.12373   0.34921   0.00000   0.00653   0.04333   0.31890   0.16797   0.17900   0.23312   1.16334   0.32018   0.76242  
 21  0.0722   2274.713209  x:  0.43912   0.38041   0.54893   0.37477   0.13662   0.33583   0.00000   0.00237   0.03198   0.31308   0.17639   0.20554   0.21181   1.23909   0.29346   0.72736  
 22  0.0613   2274.130087  x:  0.43601   0.37730   0.53659   0.36987   0.15465   0.32741   0.00000   0.00506   0.02284   0.31349   0.17853   0.23406   0.20408   1.23987   0.27409   0.71713  
 23  0.0843   2272.920089  x:  0.42152   0.36281   0.50416   0.36300   0.14339   0.32072   0.00000   0.00539   0.01607   0.29626   0.15938   0.26942   0.16254   1.38144   0.29864   0.57518  
 24  0.0526   2272.327627  x:  0.41130   0.35260   0.47905   0.35529   0.13908   0.31628   0.00000   0.00634   0.03599   0.29273   0.15520   0.28942   0.15425   1.45438   0.30008   0.64421  
 25  0.0702   2272.158021  x:  0.40476   0.34605   0.46319   0.34616   0.14484   0.32210   0.00000   0.00707   0.02941   0.29427   0.15968   0.29222   0.15283   1.48586   0.28844   0.66341  
 26  0.0202   2271.997578  x:  0.40621   0.34751   0.45433   0.33389   0.14295   0.32080   0.00000   0.00833   0.02617   0.30270   0.16173   0.26563   0.17503   1.48830   0.29881   0.64827  
 27  0.0152   2271.974715  x:  0.40780   0.34909   0.45438   0.33021   0.14627   0.31984   0.00000   0.00830   0.02973   0.30514   0.16331   0.26025   0.17837   1.48716   0.29636   0.63651  
 28  0.0082   2271.957416  x:  0.40867   0.34996   0.45581   0.32411   0.15182   0.32262   0.00000   0.00784   0.02814   0.30626   0.16348   0.26127   0.17276   1.49442   0.29737   0.64150  
 29  0.0038   2271.945419  x:  0.41111   0.35240   0.45983   0.32056   0.14929   0.32039   0.00000   0.00730   0.02850   0.30635   0.16077   0.26116   0.17348   1.49508   0.29712   0.63527  
 30  0.0045   2271.942722  x:  0.41138   0.35268   0.46054   0.31898   0.14802   0.32167   0.00000   0.00737   0.02859   0.30614   0.16193   0.26199   0.17497   1.49300   0.29668   0.64351  
 31  0.0041   2271.941891  x:  0.41133   0.35263   0.46090   0.31798   0.14833   0.32167   0.00000   0.00743   0.02858   0.30533   0.16246   0.26389   0.17350   1.49345   0.29688   0.63989  
 32  0.0019   2271.941740  x:  0.41137   0.35266   0.46145   0.31795   0.14811   0.32145   0.00000   0.00751   0.02852   0.30528   0.16239   0.26318   0.17376   1.49222   0.29688   0.63938  
 33  0.0007   2271.941681  x:  0.41133   0.35263   0.46186   0.31780   0.14830   0.32141   0.00000   0.00753   0.02856   0.30522   0.16226   0.26317   0.17341   1.49257   0.29682   0.64053  
 34  0.0007   2271.941668  x:  0.41130   0.35259   0.46199   0.31785   0.14827   0.32143   0.00000   0.00754   0.02858   0.30518   0.16225   0.26314   0.17352   1.49322   0.29683   0.64021  
 35  0.0002   2271.941665  x:  0.41133   0.35262   0.46210   0.31787   0.14830   0.32146   0.00000   0.00753   0.02855   0.30518   0.16227   0.26312   0.17354   1.49320   0.29682   0.64021  
 36  0.0001   2271.941665  x:  0.41132   0.35261   0.46211   0.31787   0.14829   0.32146   0.00000   0.00753   0.02856   0.30518   0.16228   0.26310   0.17354   1.49321   0.29681   0.64020  
 37  0.0000   2271.941665  x:  0.41132   0.35261   0.46211   0.31787   0.14829   0.32145   0.00000   0.00753   0.02856   0.30518   0.16228   0.26310   0.17354   1.49321   0.29682   0.64021  
 38  0.0000   2271.941665  x:  0.41132   0.35261   0.46211   0.31787   0.14830   0.32145   0.00000   0.00753   0.02856   0.30517   0.16228   0.26310   0.17354   1.49321   0.29682   0.64021  