

TREE # 1

  0  0.0000   4951.825470  x:  0.08321   0.03478   0.02430   0.03035   0.03850   0.03770   0.01916   0.01085   0.09597   0.03747   0.05081   0.07521   0.09913   0.01228   0.04647   0.02114   0.04314   0.03173   0.06686   0.06708   0.08115   0.10278   0.01633   0.02643   0.01753   0.43613   0.52090   0.46049  
  1 99.0000   3762.556170  x:  0.27501   0.31348   0.23773   0.27551   0.12086   0.22785   0.20245   0.22347   0.15090   0.01165   0.02868   0.07364   0.14952   0.23891   0.16945   1.19008   0.20358   0.23459   0.34549   0.04774   0.07761   0.08351   0.00000   0.03492   0.17223   0.43693   0.53062   0.46254  
  2 7057.5059   3750.169743  x:  0.28993   0.31767   0.23696   0.27821   0.12157   0.23095   0.20004   0.21915   0.16053   0.00000   0.02001   0.06947   0.15723   0.23403   0.16754   1.18599   0.20112   0.23498   0.35929   0.03729   0.07607   0.07571   0.00000   0.03155   0.16914   0.43401   0.53375   0.46330  
  3 382.5441   3738.291623  x:  0.30250   0.32350   0.23423   0.28599   0.12329   0.23672   0.19642   0.20837   0.15684   0.00000   0.03664   0.05223   0.15464   0.22312   0.16228   1.18339   0.19369   0.23289   0.38350   0.00000   0.07767   0.05861   0.00000   0.05004   0.16494   0.42570   0.54166   0.46628  
  4 301.5036   3735.108675  x:  0.28310   0.32568   0.22669   0.30311   0.12635   0.23933   0.19562   0.18923   0.15034   0.00000   0.04400   0.02939   0.14468   0.20741   0.14998   1.19377   0.17404   0.22044   0.40202   0.00000   0.08608   0.03941   0.00000   0.01985   0.16100   0.40929   0.55709   0.47632  
  5 90.8525   3733.009285  x:  0.24877   0.32614   0.21424   0.32871   0.13019   0.23565   0.19762   0.16289   0.16614   0.00000   0.02757   0.02363   0.14895   0.18955   0.13049   1.21263   0.14010   0.19785   0.41117   0.00000   0.08936   0.04077   0.00000   0.03299   0.15793   0.38749   0.58028   0.49573  
  6 75.4164   3732.038848  x:  0.26403   0.33005   0.20654   0.34993   0.13217   0.22599   0.20023   0.14674   0.15944   0.00000   0.03577   0.03996   0.15109   0.18520   0.11889   1.22128   0.10866   0.18418   0.40527   0.00000   0.08173   0.05620   0.00000   0.02799   0.15708   0.37840   0.60090   0.52108  
  7 36.6367   3731.004029  x:  0.27398   0.32705   0.20487   0.37500   0.13364   0.21793   0.20483   0.14821   0.15067   0.00000   0.02040   0.03591   0.14334   0.19789   0.13262   1.21708   0.07823   0.19653   0.39097   0.00000   0.08432   0.03916   0.00000   0.03321   0.16064   0.38750   0.62630   0.58250  
  8 19.5292   3729.510600  x:  0.26844   0.32324   0.20541   0.40172   0.13125   0.22070   0.20895   0.15533   0.17704   0.00000   0.04175   0.03105   0.15583   0.21045   0.16648   1.20382   0.04548   0.22540   0.39107   0.00000   0.08795   0.03986   0.00000   0.02895   0.15950   0.40007   0.65562   0.69866  
  9 51.0147   3726.942427  x:  0.26361   0.33718   0.20776   0.39919   0.11830   0.24049   0.20473   0.15712   0.15999   0.00000   0.02584   0.01466   0.15029   0.19893   0.21376   1.19074   0.03296   0.24671   0.42486   0.00000   0.06985   0.08125   0.00000   0.02759   0.14940   0.39183   0.66219   0.90814  
 10 54.3735   3721.013400  x:  0.26785   0.37612   0.20480   0.33471   0.12126   0.26236   0.18665   0.16344   0.15197   0.00000   0.01484   0.08704   0.13936   0.15297   0.27526   1.18719   0.04191   0.23028   0.48440   0.00000   0.10479   0.05383   0.00000   0.03005   0.14841   0.34716   0.62163   1.42827  
 11 117.8656   3715.338734  x:  0.28036   0.38721   0.20240   0.27400   0.13543   0.25814   0.17657   0.16328   0.15251   0.00000   0.02075   0.06689   0.18048   0.15550   0.27027   1.20119   0.06583   0.17821   0.49378   0.00000   0.07199   0.01780   0.00000   0.03107   0.15002   0.33249   0.57154   1.81488  
 12 185.9688   3711.085739  x:  0.31830   0.38091   0.20388   0.23644   0.16016   0.24769   0.16936   0.16086   0.18121   0.00000   0.02039   0.02125   0.17240   0.16219   0.22296   1.21150   0.10356   0.13338   0.50311   0.00000   0.10666   0.03165   0.00000   0.03228   0.15187   0.34430   0.52953   2.12947  
 13 207.5422   3706.030671  x:  0.33600   0.34019   0.21185   0.25374   0.15698   0.24869   0.17415   0.13881   0.20646   0.00000   0.01864   0.02649   0.14309   0.15606   0.08782   1.21229   0.20559   0.15417   0.53290   0.00000   0.08330   0.01998   0.00000   0.03229   0.13627   0.37995   0.49831   2.45353  
 14 104.3352   3704.367066  x:  0.33813   0.33162   0.21571   0.27602   0.15222   0.25283   0.17396   0.13776   0.18844   0.00000   0.01531   0.02699   0.17368   0.15856   0.03862   1.20249   0.25607   0.15956   0.54349   0.00000   0.10322   0.02187   0.00000   0.03298   0.14331   0.38111   0.50227   2.55026  
 15 88.2644   3702.613441  x:  0.34579   0.34741   0.21930   0.32507   0.15233   0.25091   0.17103   0.14944   0.20073   0.00000   0.01579   0.02271   0.16728   0.15687   0.03274   1.18185   0.34253   0.12319   0.53620   0.00000   0.09616   0.02002   0.00000   0.03276   0.15249   0.35754   0.54263   2.60304  
 16 28.0799   3700.502856  x:  0.35164   0.37619   0.18293   0.30337   0.16263   0.23347   0.18858   0.11884   0.20640   0.00000   0.01384   0.01810   0.16946   0.17909   0.03627   1.18260   0.38050   0.13976   0.53691   0.00000   0.10251   0.01880   0.00000   0.03366   0.12084   0.34451   0.60061   2.57540  
 17 12.9968   3694.992890  x:  0.36845   0.40362   0.13829   0.25895   0.17593   0.24284   0.19556   0.12479   0.22331   0.00000   0.00628   0.00541   0.16939   0.15236   0.02721   1.17732   0.34706   0.16656   0.57290   0.00000   0.08448   0.01980   0.00000   0.03189   0.20194   0.36491   0.68991   2.41712  
 18 26.3851   3689.797432  x:  0.37890   0.40130   0.15453   0.26472   0.17271   0.24781   0.18517   0.13292   0.22714   0.00000   0.00080   0.00353   0.17451   0.14999   0.03414   1.17657   0.30744   0.16435   0.59612   0.00000   0.08438   0.01714   0.00000   0.03268   0.18719   0.37099   0.70306   2.30995  
 19 77.2633   3688.807870  x:  0.38215   0.40486   0.15701   0.26716   0.16476   0.24334   0.18385   0.13306   0.22971   0.00000   0.00089   0.00000   0.17560   0.14477   0.03486   1.17749   0.30103   0.16947   0.59458   0.00000   0.08558   0.01636   0.00000   0.03288   0.18664   0.36711   0.70073   2.29290  
 20 65.7462   3688.807870  x:  0.38215   0.40486   0.15701   0.26716   0.16476   0.24334   0.18385   0.13306   0.22971   0.00000   0.00089   0.00000   0.17560   0.14477   0.03486   1.17749   0.30103   0.16947   0.59458   0.00000   0.08558   0.01636   0.00000   0.03288   0.18664   0.36711   0.70073   2.29290  
 21 44.2964   3687.163757  x:  0.38338   0.40527   0.15742   0.26789   0.16474   0.24376   0.18386   0.13318   0.23033   0.00000   0.01163   0.00035   0.17637   0.14497   0.03525   1.17820   0.30090   0.16977   0.59551   0.00000   0.08531   0.01667   0.00000   0.03264   0.18628   0.36698   0.70077   2.29288  
 22 1009.8559   3651.055860  x:  0.53634   0.45592   0.20846   0.35866   0.16185   0.29589   0.18514   0.14864   0.30684   0.00000   0.01105   0.04130   0.27208   0.16993   0.08322   1.26662   0.28409   0.20672   0.71135   0.00000   0.05145   0.05230   0.00000   0.00362   0.14169   0.35119   0.70524   2.29072  
 23 227.9315   3639.608949  x:  0.64591   0.49221   0.24391   0.42320   0.15950   0.33287   0.18571   0.15861   0.35997   0.00000   0.01070   0.06482   0.33820   0.18646   0.11596   1.33189   0.27061   0.23248   0.79581   0.00000   0.03090   0.07081   0.00000   0.04380   0.11091   0.33915   0.70841   2.28910  
 24 2494.1285   3624.124555  x:  0.75802   0.52765   0.26448   0.48259   0.15228   0.36316   0.18111   0.15346   0.39259   0.00000   0.01075   0.02602   0.37574   0.18369   0.12817   1.42400   0.23626   0.24748   0.90035   0.00000   0.13182   0.01110   0.00000   0.04926   0.11163   0.31565   0.71040   2.28649  
 25 287.2614   3619.647729  x:  0.77766   0.53270   0.26170   0.49064   0.15044   0.36443   0.17923   0.14834   0.39105   0.00000   0.01077   0.00000   0.37154   0.17713   0.12248   1.45074   0.22165   0.24539   0.92537   0.00000   0.13238   0.02046   0.00000   0.04897   0.12003   0.30982   0.70979   2.28560  
 26 173.2157   3609.213955  x:  0.85677   0.55187   0.24513   0.52198   0.14645   0.36519   0.17333   0.13041   0.38328   0.00000   0.01100   0.00000   0.34794   0.15152   0.09479   1.56875   0.15547   0.23392   1.03157   0.00000   0.09192   0.00330   0.00000   0.04314   0.14960   0.29162   0.70579   2.28149  
 27 625.8365   3599.889867  x:  0.93027   0.56544   0.20187   0.55099   0.18059   0.34167   0.18946   0.16026   0.38162   0.00000   0.01125   0.00000   0.29761   0.17295   0.05852   1.75052   0.05710   0.21695   1.16528   0.00000   0.07471   0.00615   0.00000   0.03663   0.08583   0.34938   0.68898   2.27388  
 28 169.4753   3597.124449  x:  0.93214   0.56175   0.18449   0.55610   0.19067   0.31979   0.19900   0.17967   0.38600   0.00000   0.01134   0.00000   0.28587   0.21173   0.10716   1.85812   0.04569   0.23871   1.21151   0.00000   0.06651   0.00670   0.00000   0.03517   0.12558   0.38793   0.66248   2.26759  
 29 67.7951   3594.398569  x:  0.89614   0.54018   0.16846   0.53706   0.15927   0.30482   0.19079   0.16101   0.38602   0.00000   0.01143   0.00000   0.29493   0.21692   0.17965   2.00778   0.03919   0.26793   1.23909   0.00000   0.05877   0.00671   0.00000   0.03272   0.09252   0.36507   0.61060   2.25613  
 30 52.9209   3592.561840  x:  0.84936   0.51847   0.17890   0.50817   0.16567   0.33228   0.20099   0.17549   0.40847   0.00000   0.01142   0.00000   0.33306   0.20512   0.19066   2.12056   0.00000   0.25539   1.22080   0.00000   0.05897   0.00733   0.00000   0.03291   0.09909   0.35407   0.57306   2.24332  
 31 36.5486   3591.246314  x:  0.82361   0.52142   0.23274   0.49826   0.17431   0.33951   0.17076   0.16524   0.40307   0.00000   0.01135   0.00000   0.31226   0.17798   0.17180   2.23804   0.00000   0.24300   1.17198   0.00000   0.06390   0.00690   0.00000   0.03402   0.09819   0.38727   0.57977   2.22284  
 32 19.4536   3590.228413  x:  0.82417   0.52226   0.23877   0.50417   0.17825   0.33189   0.19328   0.15942   0.38035   0.00000   0.01127   0.00000   0.28490   0.20210   0.12563   2.31431   0.00000   0.23576   1.12478   0.00000   0.06980   0.00666   0.00000   0.03539   0.09788   0.36888   0.60426   2.20189  
 33 22.2785   3589.946902  x:  0.83021   0.52511   0.20972   0.51878   0.18046   0.32135   0.19054   0.16834   0.37728   0.00000   0.01124   0.00000   0.29143   0.18365   0.11182   2.33006   0.00000   0.24473   1.10778   0.00000   0.07132   0.00684   0.00000   0.03579   0.09894   0.37161   0.61498   2.18748  
 34  9.4772   3589.591084  x:  0.83967   0.55074   0.18318   0.53529   0.17745   0.35215   0.18710   0.15349   0.37335   0.00000   0.01126   0.00000   0.29181   0.18726   0.11678   2.35554   0.00000   0.23886   1.08438   0.00000   0.06832   0.00715   0.00000   0.03502   0.09950   0.37759   0.61996   2.13862  
 35  4.7280   3588.440114  x:  0.87206   0.61647   0.19542   0.55491   0.18217   0.33585   0.18069   0.17107   0.37994   0.00000   0.01130   0.00000   0.28900   0.18174   0.13415   2.43229   0.00000   0.22953   1.04028   0.00000   0.05980   0.00941   0.00000   0.03291   0.10377   0.33625   0.61317   1.94968  
 36 12.6827   3586.924904  x:  0.89929   0.62482   0.21540   0.54573   0.14492   0.30804   0.20507   0.13431   0.38058   0.00000   0.01129   0.00000   0.32019   0.17765   0.11500   2.50270   0.00000   0.24428   1.04534   0.00000   0.05415   0.01149   0.00000   0.03164   0.11493   0.34773   0.60467   1.69537  
 37 28.8651   3583.424835  x:  0.93652   0.53288   0.22250   0.52198   0.17400   0.33807   0.16965   0.10325   0.33969   0.00000   0.01114   0.00000   0.30160   0.16866   0.10826   2.60064   0.00000   0.29319   1.14935   0.00000   0.04888   0.01609   0.00000   0.03032   0.13169   0.31817   0.58942   1.09222  
 38 52.8687   3582.552839  x:  0.93733   0.51698   0.21698   0.52422   0.13830   0.34706   0.17714   0.12353   0.32892   0.00000   0.01107   0.00000   0.27711   0.15255   0.12403   2.61118   0.00000   0.26496   1.19006   0.00000   0.05035   0.01706   0.00000   0.03066   0.13531   0.31900   0.58369   0.93985  
 39 44.1534   3582.264621  x:  0.92625   0.52576   0.20545   0.52629   0.14334   0.33193   0.17041   0.11193   0.33006   0.00000   0.01102   0.00000   0.27979   0.15448   0.13094   2.60832   0.00000   0.23234   1.21448   0.00000   0.05268   0.01733   0.00000   0.03124   0.13685   0.31794   0.57942   0.89006  
 40 15.7610   3582.185667  x:  0.91304   0.54296   0.20443   0.52501   0.14916   0.33210   0.17880   0.10982   0.32570   0.00000   0.01101   0.00000   0.27920   0.14876   0.13168   2.60695   0.00000   0.23487   1.22908   0.00000   0.05322   0.01736   0.00000   0.03128   0.13620   0.31715   0.58125   0.87815  
 41  5.8393   3582.116088  x:  0.89701   0.56053   0.20243   0.52245   0.14497   0.33364   0.17327   0.11448   0.32518   0.00000   0.01100   0.00000   0.28101   0.15291   0.12399   2.60804   0.00000   0.24020   1.24385   0.00000   0.05351   0.01744   0.00000   0.03127   0.13699   0.31503   0.58470   0.86963  
 42  7.7135   3582.062791  x:  0.88956   0.56030   0.20200   0.52921   0.14451   0.33383   0.17482   0.11187   0.34038   0.00000   0.01099   0.00000   0.27503   0.15280   0.12189   2.61383   0.00000   0.24294   1.24927   0.00000   0.05380   0.01764   0.00000   0.03118   0.13746   0.31326   0.58878   0.87121  
 43  1.4160   3581.593748  x:  0.86808   0.53942   0.21797   0.58509   0.14799   0.33427   0.17900   0.11816   0.33392   0.00000   0.01091   0.00000   0.29417   0.15812   0.12551   2.68011   0.00000   0.23485   1.28089   0.00000   0.05572   0.01799   0.00000   0.03015   0.13721   0.31287   0.60557   0.90529  
 44  2.7915   3580.095342  x:  0.95175   0.54697   0.19776   0.55368   0.16341   0.34083   0.18050   0.13793   0.35471   0.00000   0.01056   0.00000   0.29295   0.16383   0.12637   2.84147   0.00000   0.23345   1.35340   0.00000   0.07029   0.01904   0.00000   0.02876   0.13873   0.33425   0.52137   1.02929  
 45  6.8087   3580.051904  x:  0.95503   0.54598   0.19423   0.53912   0.16373   0.34015   0.18081   0.13928   0.35689   0.00000   0.01055   0.00000   0.29551   0.16370   0.13481   2.85311   0.00000   0.23147   1.35411   0.00000   0.07101   0.01910   0.00000   0.02880   0.13859   0.33383   0.53875   1.02870  
 46  3.1375   3580.031740  x:  0.94929   0.54504   0.19158   0.53840   0.16232   0.33817   0.18078   0.13824   0.35526   0.00000   0.01050   0.00000   0.29472   0.16510   0.14001   2.86972   0.00000   0.23595   1.34578   0.00000   0.07289   0.01907   0.00000   0.02919   0.13929   0.33344   0.53501   1.01138  
 47  0.7346   3579.879437  x:  0.96221   0.54550   0.19637   0.54311   0.16165   0.34026   0.18098   0.13675   0.35578   0.00000   0.01029   0.00000   0.29653   0.16595   0.13551   2.93874   0.00000   0.23633   1.35304   0.00000   0.07063   0.01943   0.00000   0.02788   0.13844   0.33472   0.52967   0.83916  
 48  1.0962   3579.646775  x:  0.96241   0.55091   0.19843   0.54514   0.15321   0.34102   0.17938   0.13047   0.34689   0.00000   0.00967   0.00000   0.29088   0.16396   0.13400   3.08600   0.00000   0.22953   1.38077   0.00000   0.06714   0.02032   0.00000   0.02604   0.13792   0.33359   0.51901   0.95634  
 49  0.3519   3579.619247  x:  0.96330   0.54665   0.19898   0.54101   0.15753   0.33908   0.17845   0.13179   0.34921   0.00000   0.00910   0.00000   0.29215   0.16211   0.13323   3.12535   0.00000   0.23152   1.37191   0.00000   0.06711   0.02057   0.00000   0.02602   0.13629   0.32989   0.51319   0.94127  
 50  0.0315   3579.602648  x:  0.95955   0.54696   0.20058   0.54130   0.15699   0.34142   0.17918   0.13051   0.34977   0.00000   0.00818   0.00000   0.29191   0.16337   0.13246   3.13781   0.00000   0.23206   1.36356   0.00000   0.06742   0.02086   0.00000   0.02640   0.13501   0.33362   0.51390   0.93850  
 51  0.0074   3579.593156  x:  0.96081   0.54860   0.19859   0.54309   0.15637   0.34032   0.17947   0.13180   0.34915   0.00000   0.00747   0.00000   0.29190   0.16350   0.13292   3.11742   0.00000   0.23046   1.36662   0.00000   0.06681   0.02116   0.00000   0.02665   0.13543   0.33204   0.51577   0.94769  
 52  0.0121   3579.592403  x:  0.96167   0.54806   0.19902   0.54237   0.15645   0.34029   0.17886   0.13152   0.34905   0.00000   0.00747   0.00000   0.29203   0.16300   0.13310   3.11170   0.00000   0.23135   1.36893   0.00000   0.06693   0.02120   0.00000   0.02661   0.13585   0.33202   0.51573   0.94541  
 53  0.0060   3579.592318  x:  0.96174   0.54791   0.19911   0.54213   0.15654   0.34023   0.17913   0.13134   0.34910   0.00000   0.00745   0.00000   0.29193   0.16320   0.13321   3.11199   0.00000   0.23128   1.36933   0.00000   0.06694   0.02118   0.00000   0.02652   0.13591   0.33198   0.51550   0.94356  
 54  0.0013   3579.592269  x:  0.96143   0.54795   0.19905   0.54233   0.15655   0.34022   0.17903   0.13138   0.34913   0.00000   0.00744   0.00000   0.29198   0.16309   0.13318   3.11190   0.00000   0.23122   1.36907   0.00000   0.06698   0.02115   0.00000   0.02642   0.13593   0.33206   0.51566   0.94387  
 55  0.0003   3579.592264  x:  0.96148   0.54796   0.19906   0.54226   0.15651   0.34024   0.17904   0.13140   0.34909   0.00000   0.00744   0.00000   0.29196   0.16311   0.13316   3.11152   0.00000   0.23125   1.36893   0.00000   0.06699   0.02114   0.00000   0.02641   0.13593   0.33200   0.51569   0.94428  
 56  0.0006   3579.592264  x:  0.96149   0.54796   0.19905   0.54223   0.15651   0.34024   0.17904   0.13141   0.34908   0.00000   0.00744   0.00000   0.29195   0.16312   0.13316   3.11151   0.00000   0.23126   1.36892   0.00000   0.06698   0.02113   0.00000   0.02641   0.13592   0.33201   0.51568   0.94429  
 57  0.0000   3579.592263  x:  0.96150   0.54795   0.19906   0.54225   0.15651   0.34024   0.17904   0.13140   0.34909   0.00000   0.00744   0.00000   0.29196   0.16311   0.13316   3.11155   0.00000   0.23126   1.36893   0.00000   0.06699   0.02112   0.00000   0.02642   0.13592   0.33201   0.51568   0.94426  
 58  0.0000   3579.592263  x:  0.96150   0.54796   0.19906   0.54224   0.15651   0.34024   0.17904   0.13140   0.34909   0.00000   0.00744   0.00000   0.29196   0.16311   0.13316   3.11155   0.00000   0.23125   1.36895   0.00000   0.06699   0.02112   0.00000   0.02642   0.13592   0.33201   0.51568   0.94427  
 59  0.0000   3579.592263  x:  0.96150   0.54796   0.19906   0.54224   0.15651   0.34024   0.17904   0.13140   0.34909   0.00000   0.00744   0.00000   0.29196   0.16311   0.13316   3.11156   0.00000   0.23125   1.36895   0.00000   0.06699   0.02112   0.00000   0.02642   0.13592   0.33201   0.51568   0.94428  
 60  0.0000   3579.592263  x:  0.96150   0.54796   0.19906   0.54224   0.15651   0.34024   0.17904   0.13140   0.34909   0.00000   0.00744   0.00000   0.29196   0.16311   0.13316   3.11156   0.00000   0.23125   1.36895   0.00000   0.06699   0.02112   0.00000   0.02642   0.13592   0.33201   0.51568   0.94428  
 61  0.0000   3579.592263  x:  0.96150   0.54796   0.19906   0.54224   0.15651   0.34024   0.17904   0.13140   0.34909   0.00000   0.00744   0.00000   0.29196   0.16311   0.13316   3.11156   0.00000   0.23125   1.36895   0.00000   0.06699   0.02112   0.00000   0.02642   0.13592   0.33201   0.51568   0.94428  
check convergence!
