

TREE # 1

  0  0.0000   4695.276023  x:  0.04407   0.04669   0.08333   0.02626   0.01717   0.07149   0.06309   0.09640   0.05803   0.08841   0.01773   0.09998   0.03449   0.02149   0.01387   0.06259   0.10532   0.05463   0.05339   0.05658   0.10557   0.04341   0.02682   0.07387   0.10958   0.01731   0.57931   0.50085   0.58261   0.49706   0.47822   0.45154  
  1 99.0000   4006.034487  x:  0.10356   0.26483   0.16761   0.08575   0.22613   0.09611   0.13007   0.11243   0.08758   0.12829   0.00000   0.08314   0.03991   0.21745   0.19450   0.11339   0.28611   0.12049   0.13600   0.25552   0.09358   0.05415   0.02170   0.06269   0.10084   0.10839   0.57424   0.50186   0.58340   0.49736   0.48270   0.45379  
  2 3835.7494   3879.066449  x:  0.10556   0.28108   0.24147   0.08775   0.17694   0.12180   0.20063   0.14963   0.10956   0.20662   0.00000   0.01891   0.02031   0.13336   0.08798   0.12464   0.45392   0.14113   0.17259   0.32902   0.03199   0.07107   0.01305   0.00000   0.05538   0.07704   0.55075   0.50337   0.58564   0.49767   0.49925   0.46385  
  3 587.0252   3871.623202  x:  0.10320   0.28146   0.24506   0.08539   0.16753   0.12089   0.19507   0.14682   0.10908   0.20511   0.00000   0.00366   0.01874   0.13498   0.08709   0.12177   0.46477   0.13407   0.16777   0.33369   0.00000   0.06484   0.03238   0.00000   0.04463   0.08845   0.53944   0.50450   0.58695   0.49765   0.50616   0.46828  
  4 219.1367   3868.166041  x:  0.09833   0.28227   0.25318   0.08052   0.14766   0.11934   0.18370   0.14115   0.10853   0.20244   0.00000   0.01982   0.01603   0.13757   0.08481   0.11578   0.48959   0.11833   0.15726   0.34444   0.00000   0.05196   0.05684   0.00000   0.02130   0.10944   0.51319   0.50720   0.59001   0.49764   0.52216   0.47864  
  5 304.4329   3863.348403  x:  0.09186   0.27959   0.26153   0.07405   0.12586   0.11782   0.15890   0.12938   0.11015   0.19144   0.00000   0.01461   0.02361   0.14412   0.09302   0.10581   0.52880   0.07772   0.12908   0.36020   0.00000   0.04475   0.03001   0.00000   0.03771   0.12017   0.43965   0.51593   0.59899   0.49793   0.56638   0.50848  
  6 112.8086   3861.101101  x:  0.09271   0.27467   0.25799   0.07490   0.14056   0.11989   0.15565   0.12789   0.11115   0.18189   0.00000   0.01248   0.02288   0.14349   0.09162   0.11009   0.53520   0.06073   0.12028   0.36132   0.00000   0.06275   0.02553   0.00000   0.02146   0.11301   0.38561   0.52447   0.60694   0.49865   0.60165   0.53350  
  7 105.0046   3859.734450  x:  0.09389   0.27212   0.25442   0.07608   0.15190   0.12256   0.16206   0.13175   0.11169   0.17975   0.00000   0.01610   0.02146   0.14057   0.08723   0.11824   0.53515   0.05770   0.12435   0.36066   0.00000   0.05663   0.03860   0.00000   0.03332   0.10573   0.34521   0.53369   0.61514   0.49965   0.63503   0.55793  
  8 106.1473   3858.705071  x:  0.09352   0.27324   0.25206   0.07571   0.14756   0.12337   0.16794   0.13650   0.11126   0.18534   0.00000   0.01351   0.02403   0.14208   0.09133   0.12483   0.52668   0.06472   0.13400   0.35751   0.00000   0.04155   0.03124   0.00000   0.02479   0.10521   0.32942   0.54538   0.62505   0.50113   0.67085   0.58529  
  9 60.9071   3856.790658  x:  0.09290   0.28212   0.25415   0.07509   0.12418   0.12326   0.17274   0.14229   0.11032   0.20045   0.00000   0.01426   0.02372   0.14758   0.09681   0.13380   0.51020   0.08219   0.14776   0.35440   0.00000   0.06106   0.03080   0.00000   0.02920   0.11768   0.32530   0.57703   0.65194   0.50538   0.76186   0.65601  
 10 92.7915   3853.660347  x:  0.10332   0.29310   0.26757   0.08551   0.13897   0.12430   0.15987   0.13283   0.11585   0.20265   0.00000   0.01365   0.01085   0.14242   0.08000   0.13602   0.50289   0.09413   0.12719   0.35871   0.00000   0.05335   0.02871   0.00000   0.03042   0.11528   0.37172   0.63496   0.70266   0.51375   0.91833   0.78032  
 11 102.7479   3852.677346  x:  0.09843   0.28458   0.26768   0.08062   0.14456   0.12355   0.16733   0.13340   0.11631   0.19887   0.00000   0.01490   0.02947   0.13837   0.09081   0.12763   0.51166   0.09376   0.12275   0.36219   0.00000   0.05356   0.03579   0.00000   0.02920   0.10276   0.39309   0.65451   0.72174   0.51694   0.96624   0.82042  
 12 87.7312   3852.086245  x:  0.09124   0.27484   0.26167   0.07343   0.14845   0.12179   0.17786   0.13588   0.10939   0.18703   0.00000   0.01451   0.01936   0.14235   0.09285   0.11612   0.52108   0.09169   0.13050   0.36434   0.00000   0.05342   0.03382   0.00000   0.02987   0.10280   0.40336   0.66455   0.73452   0.51891   0.98328   0.83799  
 13 37.5709   3851.104395  x:  0.09450   0.27450   0.24984   0.07669   0.15875   0.11913   0.17428   0.13839   0.10596   0.18818   0.00000   0.01413   0.03285   0.14455   0.07806   0.09819   0.53323   0.08633   0.14847   0.35802   0.00000   0.05401   0.03051   0.00000   0.03071   0.11616   0.40627   0.67825   0.76325   0.52209   0.98033   0.85202  
 14 15.0421   3845.323018  x:  0.11840   0.29728   0.23251   0.10059   0.15979   0.12527   0.15500   0.14444   0.11168   0.21262   0.00000   0.01435   0.00931   0.11927   0.10944   0.05857   0.58578   0.07261   0.17814   0.32610   0.00000   0.05475   0.03420   0.00000   0.02965   0.10229   0.40042   0.74783   0.93552   0.53991   0.91470   0.90636  
 15 43.9099   3809.756240  x:  0.11344   0.33004   0.26311   0.09563   0.13487   0.14870   0.18666   0.15890   0.11689   0.27519   0.00000   0.00951   0.00000   0.22909   0.07380   0.16384   0.83797   0.08516   0.13046   0.31461   0.00000   0.06018   0.02650   0.00000   0.02481   0.04360   0.34560   1.22477   2.20011   0.66935   0.36514   1.25751  
 16 192.5060   3802.160618  x:  0.11005   0.32283   0.28215   0.09224   0.14652   0.15509   0.20642   0.16165   0.12644   0.27650   0.00000   0.00789   0.00072   0.19376   0.08487   0.18774   0.86540   0.08644   0.11972   0.33675   0.00000   0.06118   0.01613   0.00000   0.02731   0.08085   0.33365   1.30720   2.43495   0.69224   0.27116   1.30990  
 17 538.7160   3791.361368  x:  0.10074   0.34761   0.33487   0.08293   0.13964   0.13323   0.18687   0.14392   0.12121   0.25197   0.00000   0.00569   0.00776   0.15309   0.07819   0.18795   0.85032   0.06737   0.17795   0.45738   0.00000   0.06408   0.01333   0.00000   0.02381   0.05438   0.31679   1.37554   2.74929   0.71506   0.23094   1.27358  
 18 142.6142   3756.989201  x:  0.11376   0.35057   0.42983   0.09595   0.14724   0.15944   0.25298   0.19931   0.14534   0.30095   0.00000   0.00209   0.00000   0.15469   0.07265   0.17490   0.89092   0.00808   0.16992   0.55214   0.00000   0.06524   0.00128   0.00000   0.02314   0.06501   0.29876   1.43912   3.46047   0.75307   0.34548   0.95141  
 19 175.8857   3756.989201  x:  0.11376   0.35057   0.42983   0.09595   0.14724   0.15944   0.25298   0.19931   0.14534   0.30095   0.00000   0.00209   0.00000   0.15469   0.07265   0.17490   0.89092   0.00808   0.16992   0.55214   0.00000   0.06524   0.00128   0.00000   0.02314   0.06501   0.29876   1.43912   3.46047   0.75307   0.34548   0.95141  
 20 82.9122   3749.962798  x:  0.11470   0.35474   0.43107   0.09689   0.15274   0.15968   0.25410   0.19911   0.14583   0.30161   0.00000   0.01381   0.00127   0.15818   0.07748   0.17610   0.89473   0.01140   0.17197   0.55572   0.00000   0.06568   0.05136   0.00000   0.02463   0.06921   0.29984   1.43896   3.46043   0.75296   0.34803   0.95131  
 21 1556.5721   3719.565879  x:  0.12329   0.39410   0.44289   0.10547   0.20306   0.16189   0.26464   0.19714   0.14999   0.30773   0.00000   0.00050   0.01028   0.19009   0.11920   0.18668   0.93101   0.04078   0.19090   0.58980   0.00000   0.06658   0.05338   0.00000   0.02768   0.10797   0.30973   1.43750   3.45999   0.75191   0.37225   0.95037  
 22 375.0808   3675.555965  x:  0.15901   0.55965   0.49266   0.14120   0.41330   0.17100   0.30904   0.18880   0.16705   0.33337   0.00000   0.03416   0.04605   0.32322   0.29154   0.23043   1.08424   0.16283   0.27006   0.73351   0.00000   0.07005   0.03842   0.00000   0.03919   0.26784   0.35093   1.43131   3.45814   0.74743   0.47421   0.94636  
 23 9741.6612   3659.525278  x:  0.15004   0.61345   0.50958   0.13223   0.44616   0.16271   0.32140   0.18312   0.15328   0.33546   0.00000   0.03294   0.00000   0.32721   0.27275   0.21406   1.16138   0.16210   0.27414   0.79460   0.00000   0.06450   0.03982   0.00000   0.00489   0.23962   0.33006   1.42650   3.45685   0.74371   0.51166   0.94383  
 24 182.3554   3622.157394  x:  0.10602   0.84790   0.58352   0.08821   0.58217   0.12549   0.37390   0.15875   0.09115   0.34500   0.00000   0.02715   0.00000   0.33643   0.17439   0.13499   1.50589   0.14906   0.28632   1.06488   0.00000   0.04098   0.04226   0.00000   0.03088   0.09913   0.23396   1.40458   3.45100   0.72666   0.67598   0.93238  
 25 1508.7597   3612.707067  x:  0.08559   0.91498   0.60968   0.06778   0.60483   0.14884   0.37387   0.17304   0.12154   0.35247   0.00000   0.02484   0.00000   0.31485   0.12063   0.08784   1.65361   0.11048   0.26580   1.16354   0.00000   0.12905   0.04301   0.00000   0.03435   0.09604   0.29700   1.39118   3.44751   0.71558   0.73090   0.92512  
 26 196.3343   3605.984637  x:  0.07446   0.93888   0.62075   0.05665   0.58289   0.17143   0.35112   0.18777   0.15279   0.35373   0.00000   0.02420   0.00000   0.27653   0.12306   0.05016   1.78421   0.05005   0.22581   1.23049   0.00000   0.07440   0.04411   0.00000   0.03613   0.14956   0.34001   1.37287   3.44314   0.70093   0.76118   0.91394  
 27 115.9450   3601.513492  x:  0.11173   0.92391   0.62287   0.09392   0.51866   0.17597   0.30466   0.19211   0.16229   0.34842   0.00000   0.02321   0.00000   0.24389   0.18459   0.11827   1.95420   0.01940   0.20394   1.28673   0.00000   0.06967   0.04457   0.00000   0.03733   0.12716   0.37116   1.33624   3.43511   0.67432   0.77309   0.88954  
 28 67.5082   3598.612430  x:  0.11029   0.87496   0.59482   0.09248   0.46090   0.15940   0.29483   0.18805   0.13961   0.34648   0.00000   0.02317   0.00000   0.27707   0.18114   0.17140   2.10522   0.00000   0.21161   1.31064   0.00000   0.09320   0.04483   0.00000   0.03839   0.18158   0.34251   1.28922   3.42519   0.64380   0.76432   0.85768  
 29 57.7730   3598.612430  x:  0.11029   0.87496   0.59482   0.09248   0.46090   0.15940   0.29483   0.18805   0.13961   0.34648   0.00000   0.02317   0.00000   0.27707   0.18114   0.17140   2.10522   0.00000   0.21161   1.31064   0.00000   0.09320   0.04483   0.00000   0.03839   0.18158   0.34251   1.28922   3.42519   0.64380   0.76432   0.85768  
 30 46.2192   3596.125040  x:  0.10930   0.87520   0.59428   0.09149   0.46285   0.15909   0.29756   0.18755   0.13878   0.34665   0.00000   0.00493   0.00000   0.27794   0.17915   0.17068   2.10801   0.00037   0.21278   1.31107   0.00000   0.08599   0.03162   0.00000   0.03001   0.17553   0.33959   1.28792   3.42492   0.64316   0.76437   0.85682  
 31 132.5546   3595.210488  x:  0.10800   0.87555   0.59357   0.09018   0.46555   0.15871   0.30121   0.18688   0.13772   0.34688   0.00000   0.00888   0.00000   0.27912   0.17653   0.16969   2.11191   0.00088   0.21437   1.31166   0.00000   0.07723   0.01766   0.00000   0.02267   0.16757   0.33581   1.28610   3.42455   0.64225   0.76445   0.85561  
 32 117.7001   3594.157990  x:  0.10377   0.87685   0.59121   0.08596   0.47539   0.15762   0.31361   0.18463   0.13451   0.34778   0.00000   0.00920   0.00000   0.28332   0.16809   0.16609   2.12643   0.00267   0.21994   1.31383   0.00000   0.05508   0.02051   0.00000   0.03008   0.14162   0.32381   1.27925   3.42315   0.63884   0.76473   0.85109  
 33 63.2429   3593.602184  x:  0.10030   0.87860   0.58908   0.08249   0.48711   0.15721   0.32582   0.18245   0.13256   0.34893   0.00000   0.00968   0.00000   0.28793   0.16142   0.16183   2.14492   0.00465   0.22591   1.31653   0.00000   0.06411   0.02593   0.00000   0.02273   0.12346   0.31512   1.27039   3.42132   0.63434   0.76507   0.84525  
 34 48.7488   3593.177262  x:  0.09782   0.88090   0.58725   0.08001   0.50105   0.15746   0.33762   0.18039   0.13194   0.35030   0.00000   0.00917   0.00000   0.29284   0.15713   0.15667   2.16864   0.00667   0.23213   1.31986   0.00000   0.07508   0.01893   0.00000   0.03224   0.11760   0.31057   1.25878   3.41891   0.62835   0.76547   0.83765  
 35 57.5894   3591.254488  x:  0.09273   0.89618   0.58032   0.07492   0.58302   0.16145   0.38992   0.17140   0.13594   0.35755   0.00000   0.00945   0.00000   0.31665   0.15256   0.12422   2.32420   0.01505   0.26216   1.34076   0.00000   0.06900   0.02302   0.00000   0.02754   0.15540   0.31440   1.18052   3.40272   0.58752   0.76774   0.78678  
 36 57.2954   3588.850777  x:  0.11144   0.91285   0.58296   0.09363   0.63452   0.15564   0.36668   0.17462   0.13629   0.35176   0.00000   0.00930   0.00000   0.30166   0.18344   0.09151   2.51835   0.00000   0.25233   1.36152   0.00000   0.06792   0.02217   0.00000   0.02791   0.13514   0.34063   1.06956   3.38009   0.52885   0.76805   0.71780  
 37 50.2196   3588.850777  x:  0.11144   0.91285   0.58296   0.09363   0.63452   0.15564   0.36668   0.17462   0.13629   0.35176   0.00000   0.00930   0.00000   0.30166   0.18344   0.09151   2.51835   0.00000   0.25233   1.36152   0.00000   0.06792   0.02217   0.00000   0.02791   0.13514   0.34063   1.06956   3.38009   0.52885   0.76805   0.71780  
 38 75.7901   3588.752884  x:  0.11113   0.91270   0.58289   0.09332   0.63349   0.15553   0.36584   0.17476   0.13583   0.35162   0.00000   0.00622   0.00000   0.30117   0.18209   0.09245   2.51894   0.00003   0.25197   1.36144   0.00000   0.06767   0.02134   0.00000   0.02707   0.13515   0.33911   1.06872   3.37994   0.52856   0.76795   0.71745  
 39 39.0231   3588.336394  x:  0.10823   0.91130   0.58228   0.09042   0.62357   0.15464   0.35783   0.17614   0.13152   0.35026   0.00000   0.00771   0.00000   0.29652   0.16937   0.10145   2.52467   0.00026   0.24854   1.36067   0.00000   0.06549   0.01596   0.00000   0.02115   0.13526   0.32479   1.06054   3.37845   0.52574   0.76694   0.71398  
 40 50.0877   3587.906948  x:  0.10459   0.90941   0.58161   0.08677   0.61001   0.15387   0.34730   0.17806   0.12657   0.34863   0.00000   0.00765   0.00000   0.29076   0.15400   0.11349   2.53267   0.00045   0.24395   1.35960   0.00000   0.06380   0.02237   0.00000   0.02437   0.13536   0.30780   1.04912   3.37637   0.52188   0.76553   0.70917  
 41 116.7254   3587.709344  x:  0.10322   0.90793   0.58202   0.08541   0.59837   0.15563   0.34061   0.17987   0.12736   0.34850   0.00000   0.00765   0.00000   0.28921   0.15283   0.12268   2.54056   0.00000   0.24061   1.35863   0.00000   0.06724   0.01754   0.00000   0.03131   0.13565   0.30839   1.03779   3.37426   0.51841   0.76419   0.70456  
 42 27.7677   3587.023538  x:  0.09891   0.90189   0.58424   0.08110   0.54920   0.16369   0.31624   0.18660   0.13387   0.34893   0.00000   0.00765   0.00000   0.28591   0.15820   0.15874   2.57535   0.00000   0.22701   1.35445   0.00000   0.07917   0.02126   0.00000   0.02546   0.13532   0.32237   0.98765   3.36492   0.50356   0.75833   0.68435  
 43 72.5508   3586.624215  x:  0.09722   0.89905   0.58443   0.07941   0.52027   0.16345   0.31240   0.18638   0.13509   0.34937   0.00000   0.00767   0.00000   0.28713   0.16512   0.17225   2.59973   0.00000   0.21928   1.35194   0.00000   0.06119   0.02128   0.00000   0.02633   0.13474   0.32963   0.95157   3.35818   0.49420   0.75426   0.67046  
 44 49.0923   3585.743392  x:  0.09772   0.89647   0.57859   0.07991   0.45979   0.14461   0.34652   0.17135   0.12633   0.34995   0.00000   0.00767   0.00000   0.29727   0.17428   0.17272   2.67526   0.00000   0.20632   1.34634   0.00000   0.06865   0.02115   0.00000   0.02640   0.13658   0.32663   0.83508   3.33630   0.46924   0.74170   0.62887  
 45 35.6472   3584.513927  x:  0.11118   0.90240   0.56500   0.09337   0.43599   0.16669   0.38343   0.17833   0.15177   0.35153   0.00000   0.00765   0.00000   0.29755   0.14666   0.16562   2.79958   0.00000   0.22158   1.34156   0.00000   0.06700   0.02112   0.00000   0.02613   0.13246   0.33243   0.63258   3.29793   0.43063   0.72053   0.56443  
 46 44.6434   3583.238778  x:  0.10995   0.91643   0.54535   0.09214   0.46023   0.16477   0.37018   0.17356   0.14207   0.34771   0.00000   0.00765   0.00000   0.29182   0.15901   0.15978   2.92068   0.00000   0.23757   1.34030   0.00000   0.06708   0.02126   0.00000   0.02616   0.13917   0.33176   0.42663   3.25769   0.39557   0.69868   0.50868  
 47 64.5009   3583.120509  x:  0.11253   0.92661   0.54377   0.09472   0.46423   0.15836   0.36532   0.17668   0.13832   0.34907   0.00000   0.00765   0.00000   0.29386   0.15388   0.15598   2.93863   0.00000   0.22816   1.34149   0.00000   0.06740   0.02104   0.00000   0.02641   0.12884   0.33762   0.40706   3.25007   0.39497   0.69433   0.50689  
 48 14.1524   3583.019530  x:  0.11604   0.94590   0.54193   0.09823   0.46707   0.15654   0.36222   0.18058   0.14003   0.35113   0.00000   0.00765   0.00000   0.29662   0.15161   0.15311   2.96200   0.00000   0.21450   1.34422   0.00000   0.06700   0.02124   0.00000   0.02616   0.13857   0.33848   0.39545   3.23855   0.39860   0.68756   0.51059  
 49 10.9618   3582.855304  x:  0.11745   0.98711   0.53702   0.09964   0.46965   0.16330   0.36372   0.17738   0.14460   0.35167   0.00000   0.00765   0.00000   0.29714   0.16034   0.15939   3.01212   0.00000   0.20813   1.35077   0.00000   0.06736   0.02113   0.00000   0.02628   0.13219   0.32890   0.38632   3.21178   0.41008   0.67191   0.52374  
 50 12.7962   3582.716799  x:  0.11443   1.01879   0.53320   0.09662   0.46998   0.16136   0.36707   0.17298   0.13763   0.34985   0.00000   0.00765   0.00000   0.29459   0.15527   0.16800   3.06009   0.00000   0.21866   1.35622   0.00000   0.06698   0.02125   0.00000   0.02625   0.13482   0.33698   0.38466   3.18400   0.42149   0.65610   0.53747  
 51 17.6908   3582.635367  x:  0.10744   1.02065   0.53072   0.08963   0.46814   0.15775   0.36347   0.18325   0.13983   0.34802   0.00000   0.00764   0.00000   0.29377   0.15676   0.15769   3.09404   0.00000   0.22555   1.35637   0.00000   0.06722   0.02118   0.00000   0.02630   0.13433   0.33691   0.39051   3.15869   0.42770   0.64274   0.54640  
 52  7.3868   3582.451645  x:  0.11667   0.99983   0.53680   0.09885   0.47239   0.15524   0.34622   0.17647   0.14077   0.34805   0.00000   0.00763   0.00000   0.29312   0.15756   0.13918   3.17617   0.00000   0.23490   1.35079   0.00000   0.06739   0.02108   0.00000   0.02635   0.13435   0.33451   0.41201   3.08784   0.44007   0.60691   0.56471  
 53 12.4845   3582.272862  x:  0.11397   0.96653   0.54256   0.09616   0.49594   0.16375   0.35221   0.18022   0.12941   0.35178   0.00000   0.00762   0.00000   0.29571   0.15870   0.14260   3.25266   0.00000   0.22255   1.34137   0.00000   0.06739   0.02112   0.00000   0.02633   0.13415   0.33482   0.43368   3.00799   0.45150   0.56983   0.57922  
 54 16.1093   3582.232594  x:  0.11182   0.96019   0.54359   0.09401   0.50391   0.15615   0.35440   0.17768   0.13764   0.35088   0.00000   0.00762   0.00000   0.29420   0.15785   0.14751   3.26577   0.00000   0.21924   1.33875   0.00000   0.06729   0.02115   0.00000   0.02633   0.13400   0.33498   0.43813   2.98414   0.45256   0.56185   0.58063  
 55  8.5055   3582.118981  x:  0.11804   0.96761   0.54714   0.10023   0.51195   0.14960   0.35622   0.18810   0.13507   0.33905   0.00000   0.00761   0.00000   0.29259   0.16237   0.15119   3.26044   0.00000   0.22212   1.33211   0.00000   0.06719   0.02119   0.00000   0.02635   0.13416   0.33286   0.44624   2.86857   0.44036   0.54844   0.56933  
 56  3.5056   3581.539512  x:  0.10663   1.00822   0.54881   0.08882   0.54086   0.15785   0.34680   0.17568   0.13127   0.32843   0.00000   0.00754   0.00000   0.29307   0.16100   0.13133   3.21681   0.00000   0.21986   1.30709   0.00000   0.06745   0.02104   0.00000   0.02649   0.13394   0.33764   0.47720   2.28111   0.38337   0.49233   0.51930  
 57 42.4862   3581.015156  x:  0.10709   1.02878   0.54940   0.08928   0.56265   0.14766   0.34041   0.18355   0.12754   0.37661   0.00000   0.00747   0.00000   0.29659   0.16613   0.12979   3.16764   0.00000   0.23529   1.30778   0.00000   0.06739   0.02098   0.00000   0.02654   0.13452   0.33204   0.48322   1.71183   0.36334   0.46909   0.50685  
 58 60.0793   3580.068118  x:  0.10693   1.03653   0.54739   0.08912   0.58479   0.14759   0.33519   0.18282   0.12430   0.37154   0.00000   0.00738   0.00000   0.28653   0.17007   0.11972   3.09895   0.00000   0.23720   1.32845   0.00000   0.06732   0.02091   0.00000   0.02665   0.13514   0.33318   0.46935   0.94386   0.37497   0.47359   0.52438  
 59 97.2271   3580.042383  x:  0.10635   1.03680   0.54703   0.08854   0.58626   0.14750   0.33338   0.18260   0.12502   0.36915   0.00000   0.00737   0.00000   0.29767   0.16881   0.12122   3.09724   0.00000   0.23923   1.32697   0.00000   0.06733   0.02090   0.00000   0.02664   0.13521   0.33211   0.46899   0.92075   0.37605   0.47861   0.52487  
 60  6.4861   3579.948808  x:  0.10631   1.04163   0.54551   0.08850   0.58957   0.14736   0.33260   0.18268   0.12421   0.37176   0.00000   0.00737   0.00000   0.29283   0.16964   0.11971   3.09614   0.00000   0.23926   1.29815   0.00000   0.06735   0.02090   0.00000   0.02665   0.13527   0.33236   0.47174   0.90108   0.38234   0.53465   0.52206  
 61  1.4315   3579.368608  x:  0.10598   1.02854   0.56358   0.08816   0.58030   0.15269   0.33655   0.17958   0.12697   0.35622   0.00000   0.00733   0.00000   0.29280   0.16815   0.12013   2.96891   0.00000   0.24100   1.30082   0.00000   0.06721   0.02092   0.00000   0.02661   0.13655   0.33144   0.40504   1.03933   0.40880   0.60017   0.62406  
 62  1.3495   3579.273099  x:  0.11163   1.02061   0.52635   0.09382   0.57771   0.15299   0.33534   0.17904   0.12691   0.35335   0.00000   0.00733   0.00000   0.29289   0.16819   0.12332   2.95148   0.00000   0.23895   1.32004   0.00000   0.06716   0.02095   0.00000   0.02662   0.13663   0.33340   0.40362   1.06215   0.42381   0.60945   0.61769  
 63  3.6268   3579.220582  x:  0.10971   1.01778   0.53921   0.09190   0.57811   0.15318   0.33413   0.17911   0.12713   0.35242   0.00000   0.00733   0.00000   0.29278   0.16814   0.12247   2.94814   0.00000   0.23813   1.35499   0.00000   0.06714   0.02096   0.00000   0.02660   0.13658   0.33274   0.40758   1.06970   0.44752   0.61924   0.58692  
 64  1.8546   3579.084545  x:  0.11192   0.99980   0.53967   0.09411   0.56349   0.15583   0.34245   0.17843   0.12954   0.34833   0.00000   0.00738   0.00000   0.28875   0.16506   0.13060   2.98496   0.00000   0.22985   1.37215   0.00000   0.06674   0.02107   0.00000   0.02634   0.13607   0.33268   0.41375   0.92303   0.43139   0.63034   0.60067  
 65  0.2757   3579.061053  x:  0.11226   0.99810   0.53959   0.09445   0.55846   0.15654   0.34259   0.17848   0.13013   0.34797   0.00000   0.00739   0.00000   0.28837   0.16434   0.13186   2.98600   0.00000   0.23002   1.35407   0.00000   0.06668   0.02108   0.00000   0.02630   0.13604   0.33254   0.40956   0.89791   0.45487   0.61975   0.59645  
 66  1.3093   3579.031653  x:  0.11218   0.99118   0.53944   0.09437   0.54778   0.15684   0.34420   0.17846   0.13120   0.34802   0.00000   0.00743   0.00000   0.29170   0.16262   0.13507   3.01691   0.00000   0.22819   1.34829   0.00000   0.06674   0.02112   0.00000   0.02630   0.13577   0.33282   0.41855   0.95572   0.45628   0.62522   0.59201  
 67  0.1103   3579.027077  x:  0.11158   0.99108   0.53930   0.09377   0.54326   0.15630   0.34361   0.17840   0.13111   0.34894   0.00000   0.00745   0.00000   0.29213   0.16307   0.13412   3.00934   0.00000   0.22945   1.34875   0.00000   0.06703   0.02112   0.00000   0.02645   0.13597   0.33361   0.41645   0.94335   0.45369   0.63645   0.59085  
 68  0.0177   3579.026820  x:  0.11155   0.99228   0.53919   0.09374   0.54392   0.15629   0.34329   0.17843   0.13095   0.34885   0.00000   0.00743   0.00000   0.29188   0.16310   0.13425   3.01012   0.00000   0.22967   1.34769   0.00000   0.06697   0.02113   0.00000   0.02641   0.13599   0.33330   0.41607   0.94327   0.45389   0.63880   0.59034  
 69  0.0026   3579.026801  x:  0.11160   0.99226   0.53918   0.09379   0.54408   0.15631   0.34343   0.17844   0.13100   0.34886   0.00000   0.00744   0.00000   0.29192   0.16313   0.13417   3.00984   0.00000   0.22960   1.34755   0.00000   0.06698   0.02113   0.00000   0.02642   0.13596   0.33339   0.41625   0.94318   0.45406   0.63947   0.59040  
 70  0.0009   3579.026800  x:  0.11160   0.99215   0.53918   0.09379   0.54409   0.15631   0.34341   0.17844   0.13100   0.34885   0.00000   0.00744   0.00000   0.29192   0.16311   0.13419   3.00990   0.00000   0.22958   1.34757   0.00000   0.06698   0.02113   0.00000   0.02642   0.13596   0.33338   0.41622   0.94322   0.45412   0.63958   0.59045  
 71  0.0002   3579.026800  x:  0.11160   0.99215   0.53919   0.09379   0.54409   0.15631   0.34341   0.17844   0.13100   0.34886   0.00000   0.00744   0.00000   0.29192   0.16311   0.13419   3.00987   0.00000   0.22958   1.34757   0.00000   0.06698   0.02113   0.00000   0.02642   0.13596   0.33338   0.41623   0.94323   0.45413   0.63959   0.59046  
 72  0.0000   3579.026800  x:  0.11160   0.99215   0.53919   0.09379   0.54409   0.15631   0.34341   0.17844   0.13100   0.34886   0.00000   0.00744   0.00000   0.29192   0.16311   0.13419   3.00987   0.00000   0.22958   1.34757   0.00000   0.06698   0.02113   0.00000   0.02642   0.13596   0.33338   0.41623   0.94323   0.45413   0.63959   0.59047  
 73  0.0000   3579.026800  x:  0.11160   0.99215   0.53919   0.09379   0.54409   0.15631   0.34341   0.17844   0.13100   0.34886   0.00000   0.00744   0.00000   0.29192   0.16311   0.13419   3.00987   0.00000   0.22958   1.34757   0.00000   0.06698   0.02113   0.00000   0.02642   0.13596   0.33338   0.41623   0.94323   0.45413   0.63959   0.59047  
 74  0.0000   3579.026800  x:  0.11160   0.99215   0.53919   0.09379   0.54409   0.15631   0.34341   0.17844   0.13100   0.34886   0.00000   0.00744   0.00000   0.29192   0.16311   0.13419   3.00987   0.00000   0.22958   1.34757   0.00000   0.06698   0.02113   0.00000   0.02642   0.13596   0.33338   0.41623   0.94323   0.45413   0.63959   0.59047  