

TREE # 1

  0  0.0000   3314.079492  x:  0.02699   0.02041   0.01448   0.10628   0.05290   0.01279   0.05758   0.09734   0.07304   0.08428   0.08062   0.07944   0.04345   0.05704   0.03492   0.02514   0.07127   0.02547   0.07365   0.01987   0.03975   0.10089   0.07668   0.03407   0.05605   0.03578   0.06640   0.10854   0.07678   0.03858   0.05663   0.10139   0.04082   0.06498   0.05176   0.02011   0.01418   0.04650   0.08846   0.03702   0.02651   0.09255   0.08698   0.06179   0.05406   0.07668   0.05439   0.01925   0.07866   0.09307   0.05677   0.05599   0.02749   0.04416   0.05270   0.07430   0.07330   0.09541   0.49027   0.51332   0.47956  
  1 99.0000   3210.095818  x:  0.03405   0.03713   0.01480   0.09679   0.05044   0.00000   0.04482   0.09241   0.06760   0.07244   0.08581   0.07916   0.10720   0.06410   0.04435   0.06565   0.06517   0.04763   0.06674   0.03936   0.03642   0.09267   0.06785   0.05234   0.06409   0.09820   0.06262   0.10379   0.09884   0.05246   0.04791   0.09860   0.03479   0.06067   0.04984   0.01379   0.00517   0.04316   0.09180   0.05227   0.05230   0.08193   0.08447   0.06728   0.05917   0.09564   0.06425   0.03471   0.08015   0.09211   0.04899   0.05559   0.02012   0.03343   0.04344   0.06694   0.06253   0.08606   0.48116   0.51766   0.47913  
  2 1331.9982   3199.339532  x:  0.03491   0.03566   0.01466   0.09229   0.04939   0.00000   0.03838   0.09034   0.06528   0.06654   0.08744   0.07905   0.10716   0.06496   0.04498   0.06338   0.06175   0.04847   0.06265   0.03900   0.03533   0.08866   0.06398   0.05393   0.06535   0.09595   0.05966   0.10189   0.10462   0.05500   0.04387   0.09738   0.03257   0.05885   0.04921   0.01100   0.00000   0.04100   0.09299   0.05420   0.05340   0.07652   0.08331   0.06913   0.05994   0.10059   0.06622   0.03479   0.08046   0.09151   0.04525   0.05564   0.01734   0.02852   0.03931   0.06386   0.05737   0.08160   0.47659   0.51971   0.47894  
  3 556.6455   3171.888151  x:  0.03332   0.03833   0.01436   0.06961   0.05035   0.00000   0.00000   0.08395   0.06020   0.03309   0.08924   0.08003   0.10565   0.06337   0.04618   0.07012   0.04886   0.04089   0.04280   0.04262   0.03874   0.07052   0.05033   0.04557   0.06372   0.10065   0.05097   0.09641   0.09650   0.04544   0.03076   0.09362   0.03643   0.05485   0.05099   0.01243   0.00000   0.03331   0.09322   0.04547   0.05347   0.04608   0.07931   0.06885   0.05943   0.09439   0.06347   0.03328   0.07978   0.09044   0.03420   0.05816   0.02614   0.01392   0.02854   0.05561   0.03358   0.06080   0.45184   0.53041   0.47835  
  4 638.3860   3159.806855  x:  0.03254   0.03759   0.01588   0.05254   0.05292   0.00000   0.00000   0.08302   0.06251   0.00000   0.08731   0.08129   0.10295   0.06259   0.04535   0.06830   0.04405   0.05198   0.03016   0.04322   0.04003   0.06017   0.04679   0.05432   0.06157   0.09965   0.04729   0.09706   0.09049   0.05032   0.02656   0.09357   0.04041   0.05539   0.05305   0.02473   0.00000   0.03348   0.09156   0.05314   0.05437   0.01671   0.07915   0.06667   0.05935   0.08749   0.06215   0.03541   0.07919   0.09161   0.03551   0.05655   0.03023   0.02410   0.03229   0.05546   0.02137   0.04821   0.42864   0.54049   0.47794  
  5 449.0362   3156.872336  x:  0.03322   0.03721   0.01567   0.04666   0.05357   0.00000   0.00000   0.08483   0.06644   0.00000   0.08651   0.08168   0.10464   0.06327   0.04468   0.06766   0.04475   0.04900   0.02773   0.04367   0.03912   0.05814   0.04943   0.05163   0.06170   0.09918   0.04748   0.09880   0.09436   0.04947   0.02457   0.09474   0.04002   0.05631   0.05310   0.02865   0.00000   0.03452   0.09099   0.05063   0.05601   0.00000   0.08067   0.06708   0.06059   0.09022   0.06269   0.03525   0.07931   0.09235   0.03913   0.05517   0.02937   0.02680   0.03565   0.05738   0.02427   0.04705   0.41398   0.54696   0.47760  
  6 202.6990   3152.404202  x:  0.03312   0.03674   0.01454   0.04381   0.05009   0.00000   0.00000   0.09422   0.07448   0.00000   0.09094   0.08469   0.09787   0.06317   0.04995   0.07061   0.05589   0.05115   0.03731   0.04103   0.03961   0.06149   0.06185   0.06247   0.06537   0.10149   0.04975   0.10476   0.08488   0.03648   0.00876   0.10119   0.03093   0.05565   0.05134   0.03541   0.00000   0.02551   0.09329   0.05793   0.05975   0.00000   0.08813   0.07466   0.07268   0.08845   0.06460   0.03018   0.08078   0.09552   0.04142   0.06027   0.02338   0.01586   0.03390   0.06087   0.03062   0.05766   0.31567   0.59122   0.47453  
  7 97.8193   3150.077729  x:  0.03303   0.03891   0.01404   0.05136   0.04970   0.00000   0.00000   0.09610   0.07160   0.00000   0.09308   0.08608   0.10032   0.06308   0.05053   0.07088   0.05846   0.05179   0.04249   0.04121   0.04168   0.06403   0.06316   0.05660   0.06482   0.09992   0.04900   0.10682   0.08677   0.05525   0.01203   0.10329   0.03124   0.05319   0.05304   0.03916   0.00000   0.02430   0.09396   0.05295   0.05471   0.00000   0.08839   0.07193   0.06971   0.08224   0.06169   0.03327   0.08166   0.09569   0.03701   0.06309   0.02568   0.01385   0.02867   0.05908   0.02451   0.06190   0.26396   0.61885   0.47222  
  8 131.5524   3147.545179  x:  0.03376   0.03868   0.01268   0.05775   0.05232   0.00000   0.00000   0.09260   0.06281   0.00000   0.09269   0.08675   0.10381   0.06381   0.04589   0.06762   0.05300   0.05509   0.04042   0.04258   0.04174   0.06197   0.05524   0.05576   0.06245   0.09725   0.04648   0.10502   0.09043   0.04031   0.01765   0.10148   0.03686   0.05129   0.05493   0.03531   0.00000   0.03467   0.09301   0.05551   0.05833   0.00000   0.08497   0.06600   0.06063   0.08720   0.06267   0.03575   0.08148   0.09410   0.03089   0.06077   0.03029   0.02613   0.02706   0.05480   0.01067   0.05778   0.23651   0.65305   0.46879  
  9 68.0248   3141.793102  x:  0.03418   0.03834   0.01379   0.04302   0.05770   0.00000   0.00000   0.07934   0.05110   0.00000   0.09018   0.08886   0.09567   0.06423   0.04222   0.07135   0.02921   0.05552   0.01484   0.04190   0.04157   0.04112   0.02948   0.06571   0.06234   0.10071   0.04205   0.09596   0.08031   0.04626   0.01675   0.09239   0.04588   0.05160   0.05559   0.02803   0.00000   0.03048   0.08908   0.06006   0.06027   0.00000   0.07675   0.06828   0.05807   0.08472   0.06548   0.03574   0.07866   0.09091   0.03272   0.05348   0.04098   0.02865   0.03124   0.04851   0.02978   0.03160   0.22493   0.74011   0.45964  
 10 89.2975   3138.628779  x:  0.03355   0.03897   0.01565   0.01940   0.05872   0.00000   0.00000   0.07436   0.05827   0.00000   0.08982   0.08962   0.09511   0.06360   0.04738   0.07120   0.02395   0.06137   0.01451   0.04627   0.04288   0.03190   0.03686   0.06491   0.06313   0.09797   0.03890   0.09234   0.08210   0.04818   0.01190   0.08889   0.04742   0.05279   0.05537   0.03286   0.00000   0.02241   0.08828   0.06036   0.05896   0.00000   0.07630   0.07103   0.06538   0.08025   0.06370   0.03559   0.07887   0.09421   0.03077   0.05431   0.04568   0.02464   0.03190   0.04731   0.01363   0.01934   0.23677   0.79056   0.45431  
 11 130.0719   3138.083149  x:  0.03308   0.03727   0.01705   0.01727   0.05901   0.00000   0.00000   0.07285   0.06122   0.00000   0.09024   0.08982   0.09625   0.06312   0.04745   0.07082   0.02319   0.06241   0.00913   0.04482   0.04322   0.02982   0.03465   0.06474   0.06222   0.09767   0.03477   0.09113   0.08302   0.04833   0.00680   0.08830   0.04772   0.05203   0.05619   0.04203   0.00000   0.02223   0.08878   0.06028   0.06026   0.00000   0.07641   0.07005   0.06577   0.08042   0.06339   0.03551   0.07905   0.09581   0.02901   0.05491   0.04778   0.02231   0.02994   0.04620   0.01106   0.02901   0.24182   0.80709   0.45264  
 12 67.2005   3137.406951  x:  0.03277   0.03529   0.01817   0.02039   0.05940   0.00000   0.00000   0.07079   0.06330   0.00000   0.09082   0.08973   0.09703   0.06282   0.04703   0.07006   0.02336   0.06284   0.01352   0.04446   0.04331   0.02884   0.03060   0.06483   0.06105   0.09772   0.02998   0.08909   0.08473   0.04758   0.00000   0.08787   0.04795   0.05029   0.05752   0.05698   0.00000   0.02209   0.08985   0.05992   0.06120   0.00000   0.07623   0.06863   0.06489   0.08242   0.06323   0.03549   0.07903   0.09703   0.02824   0.05518   0.05041   0.01955   0.02694   0.04441   0.01205   0.02764   0.24710   0.82849   0.45045  
 13 81.9510   3136.630607  x:  0.03314   0.03573   0.01714   0.02276   0.05809   0.00000   0.00000   0.06901   0.06076   0.00000   0.09256   0.08817   0.09627   0.06319   0.04783   0.06965   0.02429   0.06160   0.00773   0.04410   0.04249   0.03629   0.03182   0.06688   0.06074   0.09899   0.03260   0.08442   0.08821   0.04390   0.00000   0.08844   0.04529   0.04686   0.05813   0.07761   0.00000   0.02054   0.09331   0.06034   0.05930   0.00000   0.07570   0.06981   0.06386   0.08436   0.06546   0.03437   0.07908   0.09748   0.02577   0.05606   0.05066   0.01396   0.02244   0.04160   0.01295   0.02331   0.25329   0.86077   0.44676  
 14 78.1072   3135.630706  x:  0.03414   0.03771   0.01494   0.01406   0.05527   0.00000   0.00000   0.06764   0.05141   0.00000   0.09475   0.08595   0.09395   0.06419   0.04906   0.07068   0.02254   0.05728   0.01284   0.04457   0.04089   0.03387   0.03047   0.06844   0.06321   0.10013   0.03798   0.07767   0.08671   0.04121   0.00000   0.08823   0.03982   0.04493   0.05634   0.08891   0.00000   0.02020   0.09635   0.06096   0.05943   0.00000   0.07363   0.07452   0.06454   0.08632   0.06794   0.03289   0.07889   0.09593   0.02200   0.05626   0.04641   0.01150   0.02251   0.03887   0.01381   0.02893   0.25686   0.89673   0.44202  
 15 78.6236   3134.556983  x:  0.03468   0.03717   0.01630   0.02025   0.05200   0.00000   0.00000   0.06847   0.04955   0.00000   0.09761   0.08589   0.09258   0.06473   0.05252   0.07329   0.02023   0.05372   0.01014   0.04410   0.04016   0.02312   0.03281   0.06748   0.06670   0.10028   0.03783   0.07196   0.08316   0.03865   0.00000   0.08734   0.03206   0.04699   0.05260   0.08806   0.00000   0.01820   0.09721   0.06045   0.06264   0.00000   0.07271   0.08156   0.07213   0.08603   0.06881   0.03199   0.07897   0.09490   0.02390   0.05766   0.03770   0.01007   0.02517   0.04022   0.00975   0.03077   0.25963   0.93683   0.43629  
 16 101.7052   3132.982802  x:  0.03182   0.03344   0.01886   0.01481   0.05019   0.00000   0.00000   0.06913   0.05713   0.00000   0.10070   0.08788   0.09432   0.06187   0.05678   0.07630   0.01912   0.05643   0.00695   0.04194   0.04285   0.02937   0.03125   0.06490   0.06737   0.09972   0.02536   0.06866   0.08014   0.03390   0.00000   0.08475   0.02721   0.05049   0.04972   0.06595   0.00000   0.01728   0.09530   0.05937   0.06573   0.00000   0.07171   0.08565   0.08144   0.08261   0.06639   0.03042   0.07959   0.09338   0.02607   0.06252   0.02588   0.00958   0.01958   0.04208   0.01344   0.03199   0.26165   0.99984   0.42676  
 17 110.0861   3131.817880  x:  0.03043   0.03281   0.01797   0.01495   0.05339   0.00000   0.00000   0.06876   0.06744   0.00000   0.09934   0.08935   0.09103   0.06047   0.05672   0.07697   0.02143   0.05381   0.00645   0.04346   0.04366   0.03042   0.02888   0.06940   0.06442   0.10353   0.03061   0.07402   0.08271   0.03446   0.00000   0.08436   0.03378   0.05011   0.05260   0.04321   0.00000   0.01169   0.09339   0.06059   0.06521   0.00000   0.07350   0.08419   0.08376   0.08588   0.06713   0.02567   0.08003   0.09374   0.02531   0.06416   0.02589   0.00559   0.02187   0.04244   0.01107   0.03520   0.26533   1.05954   0.41806  
 18 114.0418   3131.246693  x:  0.03156   0.03485   0.01736   0.01602   0.05336   0.00000   0.00000   0.06755   0.07077   0.00000   0.09975   0.08948   0.08920   0.06161   0.05910   0.07769   0.02229   0.05076   0.00650   0.04344   0.04338   0.02997   0.03142   0.07102   0.06485   0.10501   0.03292   0.07697   0.08239   0.03573   0.00000   0.08469   0.03432   0.04736   0.05358   0.03170   0.00000   0.01380   0.09480   0.06021   0.06298   0.00000   0.07505   0.08522   0.08574   0.08636   0.06834   0.02641   0.08078   0.09457   0.02282   0.06599   0.02844   0.01114   0.01773   0.04005   0.01207   0.03644   0.27001   1.10215   0.41205  
 19 157.2654   3130.707142  x:  0.03301   0.03689   0.01678   0.01693   0.05310   0.00000   0.00000   0.06691   0.07073   0.00000   0.09964   0.08927   0.08983   0.06306   0.06027   0.07720   0.02216   0.05054   0.00676   0.04290   0.04276   0.03034   0.03446   0.07114   0.06572   0.10447   0.03452   0.07961   0.08131   0.03644   0.01161   0.08545   0.03428   0.04572   0.05381   0.02201   0.00000   0.01825   0.09585   0.06013   0.06121   0.00000   0.07604   0.08540   0.08566   0.08537   0.06910   0.02912   0.08129   0.09503   0.02239   0.06638   0.03092   0.01078   0.01765   0.03871   0.01299   0.03729   0.27452   1.14165   0.40632  
 20 232.2694   3130.111802  x:  0.03436   0.03843   0.01598   0.01813   0.05198   0.00000   0.00000   0.06728   0.06495   0.00000   0.09909   0.08812   0.09450   0.06441   0.05908   0.07562   0.02156   0.05320   0.00725   0.04189   0.04144   0.03323   0.03799   0.06773   0.06871   0.10108   0.03575   0.08249   0.07844   0.03714   0.01001   0.08675   0.03185   0.04598   0.05242   0.01265   0.00000   0.01955   0.09606   0.06077   0.06165   0.00000   0.07648   0.08411   0.08162   0.08327   0.06931   0.03206   0.08129   0.09539   0.02409   0.06462   0.03422   0.00778   0.02120   0.03898   0.01338   0.03803   0.28046   1.18901   0.39939  
 21 137.7669   3129.819886  x:  0.03300   0.03753   0.01575   0.01912   0.05083   0.00000   0.00000   0.06904   0.05907   0.00000   0.09892   0.08755   0.09540   0.06305   0.05708   0.07679   0.02180   0.05418   0.00771   0.04270   0.04153   0.03601   0.03817   0.06473   0.07013   0.10074   0.03634   0.08306   0.07885   0.03799   0.01283   0.08706   0.03047   0.04862   0.05059   0.01065   0.00000   0.01471   0.09453   0.06071   0.06319   0.00000   0.07565   0.08352   0.07885   0.08250   0.06834   0.02968   0.08074   0.09447   0.02472   0.06333   0.03284   0.01102   0.02087   0.04111   0.01238   0.03863   0.28390   1.21163   0.39565  
 22 84.0144   3129.654799  x:  0.03151   0.03700   0.01618   0.01933   0.05027   0.00000   0.00000   0.07163   0.05537   0.00000   0.09851   0.08744   0.09322   0.06156   0.05644   0.07868   0.02328   0.05397   0.00781   0.04442   0.04259   0.03653   0.03840   0.06419   0.06979   0.10179   0.03700   0.08365   0.08026   0.03912   0.01235   0.08675   0.03153   0.05157   0.04960   0.01040   0.00000   0.01870   0.09214   0.06089   0.06362   0.00000   0.07438   0.08323   0.07762   0.08191   0.06662   0.02913   0.08044   0.09259   0.02476   0.06316   0.02874   0.00999   0.01937   0.04329   0.01154   0.03846   0.28613   1.22386   0.39287  
 23 40.4281   3129.477916  x:  0.03197   0.03829   0.01632   0.01967   0.05020   0.00000   0.00000   0.07421   0.05396   0.00000   0.09813   0.08743   0.09413   0.06202   0.05751   0.07862   0.02386   0.05391   0.00799   0.04329   0.04395   0.03595   0.03817   0.06449   0.06773   0.10179   0.03755   0.08276   0.08052   0.03810   0.01189   0.08566   0.03443   0.05282   0.05025   0.01111   0.00000   0.01727   0.08969   0.05981   0.06068   0.00000   0.07236   0.08243   0.07646   0.08252   0.06476   0.03352   0.08084   0.08870   0.02289   0.06511   0.02192   0.01022   0.01993   0.04424   0.01205   0.03852   0.28745   1.23034   0.38944  
 24 19.6260   3128.987161  x:  0.03238   0.04004   0.01203   0.02045   0.05003   0.00000   0.00000   0.07611   0.05661   0.00000   0.09799   0.08752   0.09841   0.06243   0.05651   0.07646   0.02082   0.05342   0.00856   0.04260   0.04383   0.03671   0.03822   0.06389   0.06667   0.10159   0.03786   0.07846   0.07766   0.04041   0.01174   0.08369   0.03566   0.04940   0.05245   0.01170   0.00000   0.01963   0.09023   0.05819   0.06272   0.00000   0.06996   0.08163   0.07597   0.08303   0.06740   0.02823   0.08033   0.07857   0.01962   0.07186   0.01617   0.01038   0.02105   0.04821   0.01149   0.03742   0.28789   1.22898   0.37934  
 25 13.1753   3127.125418  x:  0.03238   0.03778   0.01669   0.01943   0.04765   0.00000   0.00000   0.07738   0.05783   0.00000   0.09960   0.09050   0.09692   0.06243   0.05590   0.07685   0.01921   0.05319   0.00961   0.04741   0.04125   0.03618   0.03496   0.05963   0.06881   0.10422   0.04052   0.06457   0.08588   0.04079   0.01169   0.08030   0.03389   0.04068   0.05488   0.00733   0.00000   0.01800   0.09530   0.05801   0.06696   0.00000   0.06604   0.08053   0.07272   0.08284   0.07397   0.03667   0.07967   0.05611   0.02693   0.08670   0.02099   0.00971   0.01645   0.05771   0.01041   0.03785   0.28419   1.20241   0.34098  
 26 44.1210   3121.682235  x:  0.03003   0.03823   0.01306   0.01993   0.04741   0.00000   0.00000   0.06931   0.05316   0.00000   0.10386   0.09241   0.10189   0.06007   0.05925   0.08547   0.01958   0.04748   0.00900   0.04521   0.03897   0.03761   0.02784   0.05544   0.07477   0.10792   0.03281   0.05697   0.09432   0.04376   0.01265   0.07874   0.03070   0.04574   0.05136   0.00000   0.00000   0.01920   0.09938   0.05699   0.06248   0.00000   0.06691   0.08477   0.07206   0.09388   0.07198   0.03752   0.08479   0.06450   0.01841   0.09219   0.02113   0.00927   0.02001   0.05340   0.00917   0.03313   0.27471   1.13557   0.26518  
 27 96.7092   3121.682235  x:  0.03003   0.03823   0.01306   0.01993   0.04741   0.00000   0.00000   0.06931   0.05316   0.00000   0.10386   0.09241   0.10189   0.06007   0.05925   0.08547   0.01958   0.04748   0.00900   0.04521   0.03897   0.03761   0.02784   0.05544   0.07477   0.10792   0.03281   0.05697   0.09432   0.04376   0.01265   0.07874   0.03070   0.04574   0.05136   0.00000   0.00000   0.01920   0.09938   0.05699   0.06248   0.00000   0.06691   0.08477   0.07206   0.09388   0.07198   0.03752   0.08479   0.06450   0.01841   0.09219   0.02113   0.00927   0.02001   0.05340   0.00917   0.03313   0.27471   1.13557   0.26518  
 28 194.0866   3091.048294  x:  0.04371   0.04601   0.01403   0.02364   0.04413   0.00000   0.00000   0.06575   0.04741   0.00000   0.10906   0.08906   0.16632   0.07376   0.06374   0.10160   0.01921   0.07606   0.02543   0.06144   0.03000   0.03167   0.02687   0.07691   0.08351   0.14735   0.02925   0.06307   0.14506   0.08424   0.02286   0.07907   0.02320   0.04182   0.04839   0.03210   0.00000   0.02080   0.10241   0.07640   0.08973   0.00000   0.06738   0.08987   0.07442   0.13297   0.08553   0.05282   0.08662   0.07285   0.01652   0.07778   0.00000   0.00073   0.00963   0.04148   0.01556   0.02478   0.26796   1.13640   0.26757  
 29 470.1504   3083.500557  x:  0.05149   0.05036   0.01456   0.02570   0.04226   0.00000   0.00000   0.06371   0.04412   0.00000   0.11205   0.08711   0.20330   0.08153   0.06626   0.11088   0.01888   0.09231   0.03444   0.07064   0.02492   0.02831   0.02634   0.08915   0.08851   0.17004   0.02720   0.06648   0.17418   0.10713   0.02821   0.07931   0.01880   0.03959   0.04668   0.04978   0.00000   0.02163   0.10416   0.08745   0.10531   0.00000   0.06763   0.09282   0.07575   0.15540   0.09331   0.06149   0.08766   0.07767   0.01572   0.06953   0.00735   0.00365   0.00422   0.03470   0.01901   0.02003   0.26400   1.13689   0.26896  
 30 6223.4339   3080.601124  x:  0.05349   0.05054   0.01448   0.02540   0.04178   0.00000   0.00000   0.06296   0.04325   0.00000   0.11346   0.08602   0.21934   0.08354   0.06653   0.11510   0.01685   0.09713   0.03307   0.07286   0.02473   0.02822   0.02665   0.09297   0.09030   0.18041   0.02630   0.06657   0.18654   0.11314   0.02442   0.07992   0.01693   0.03927   0.04603   0.04961   0.00000   0.02065   0.10509   0.09086   0.11105   0.00000   0.06759   0.09421   0.07597   0.16488   0.09644   0.06362   0.08775   0.07990   0.01476   0.06524   0.00557   0.01183   0.02613   0.03306   0.01739   0.02002   0.26130   1.13723   0.26983  
 31 529.0324   3075.359524  x:  0.05259   0.04634   0.01394   0.02249   0.04214   0.00000   0.00000   0.06250   0.04385   0.00000   0.11549   0.08412   0.24069   0.08264   0.06483   0.12086   0.01026   0.09800   0.01889   0.07140   0.02927   0.03129   0.02808   0.09412   0.09153   0.19511   0.02529   0.06315   0.20212   0.11182   0.00506   0.08192   0.01677   0.04041   0.04573   0.03129   0.00000   0.01656   0.10667   0.09166   0.11586   0.00000   0.06711   0.09618   0.07534   0.17653   0.09974   0.06225   0.08685   0.08285   0.01357   0.05890   0.00905   0.00213   0.02864   0.03544   0.00965   0.02476   0.25531   1.13804   0.27175  
 32 228.9813   3074.125798  x:  0.05216   0.04503   0.01390   0.02184   0.04227   0.00000   0.00000   0.06244   0.04409   0.00000   0.11600   0.08364   0.24626   0.08221   0.06436   0.12233   0.00883   0.09794   0.01493   0.07083   0.03034   0.03202   0.02840   0.09417   0.09174   0.19895   0.02504   0.06209   0.20613   0.11099   0.00000   0.08250   0.01700   0.04067   0.04577   0.02596   0.00000   0.01564   0.10712   0.09161   0.11690   0.00000   0.06696   0.09668   0.07514   0.17949   0.10053   0.06170   0.08654   0.08357   0.01351   0.05735   0.00792   0.00467   0.02674   0.03617   0.00863   0.02584   0.25366   1.13826   0.27233  
 33 676.1402   3072.950259  x:  0.04932   0.04022   0.01516   0.02226   0.04275   0.00000   0.00000   0.06288   0.04512   0.00000   0.11702   0.08279   0.25828   0.07936   0.06331   0.12520   0.01165   0.09491   0.00745   0.06796   0.03043   0.03216   0.02820   0.09168   0.09046   0.20753   0.02462   0.05796   0.21451   0.10387   0.00416   0.08426   0.01989   0.04034   0.04715   0.01581   0.00000   0.01619   0.10905   0.08818   0.11633   0.00000   0.06645   0.09759   0.07433   0.18496   0.10159   0.05867   0.08510   0.08443   0.01648   0.05575   0.00787   0.00436   0.02669   0.03808   0.02064   0.02566   0.24964   1.13888   0.27451  
 34 139.2545   3071.937204  x:  0.04500   0.03434   0.01736   0.02284   0.04326   0.00000   0.00000   0.06368   0.04625   0.00000   0.11789   0.08169   0.27207   0.07504   0.06260   0.12769   0.01642   0.08936   0.01151   0.06412   0.02994   0.03174   0.02791   0.08705   0.08898   0.21682   0.02457   0.05315   0.22292   0.09193   0.01538   0.08578   0.02167   0.04013   0.04858   0.00614   0.00000   0.01737   0.11083   0.08308   0.11399   0.00000   0.06583   0.09840   0.07330   0.19059   0.10141   0.05366   0.08329   0.08525   0.01411   0.05582   0.00746   0.00524   0.02579   0.03880   0.01467   0.02329   0.24490   1.13983   0.27805  
 35 119.2685   3071.765079  x:  0.04408   0.03625   0.01935   0.02293   0.04280   0.00000   0.00000   0.06400   0.04543   0.00000   0.11743   0.08064   0.27846   0.07412   0.06472   0.12676   0.01298   0.08510   0.01062   0.06322   0.02834   0.03059   0.02767   0.08451   0.09001   0.21879   0.02573   0.05490   0.22373   0.08673   0.01548   0.08344   0.02131   0.04079   0.04728   0.00843   0.00000   0.01924   0.10949   0.08278   0.11167   0.00000   0.06583   0.09821   0.07334   0.19116   0.09905   0.05259   0.08250   0.08484   0.01615   0.05900   0.00739   0.00532   0.02572   0.03702   0.01391   0.02391   0.24409   1.14089   0.28183  
 36 28.4331   3071.705968  x:  0.04367   0.03699   0.01986   0.02298   0.04278   0.00000   0.00000   0.06401   0.04522   0.00000   0.11693   0.07976   0.28194   0.07371   0.06629   0.12598   0.01409   0.08350   0.01283   0.06325   0.02875   0.03078   0.02782   0.08374   0.09053   0.21923   0.02550   0.05594   0.22335   0.08472   0.01345   0.08228   0.02033   0.04081   0.04684   0.00856   0.00000   0.01848   0.10859   0.08286   0.11015   0.00000   0.06593   0.09799   0.07350   0.19091   0.09795   0.05223   0.08260   0.08437   0.01582   0.06003   0.00745   0.00515   0.02581   0.03628   0.01529   0.02392   0.24424   1.14174   0.28481  
 37 27.4376   3071.663587  x:  0.04325   0.03658   0.01989   0.02301   0.04306   0.00000   0.00000   0.06385   0.04548   0.00000   0.11622   0.07863   0.28562   0.07329   0.06767   0.12494   0.01574   0.08270   0.01137   0.06349   0.02978   0.03156   0.02790   0.08377   0.09070   0.21906   0.02464   0.05663   0.22214   0.08389   0.01315   0.08181   0.02056   0.04034   0.04717   0.01041   0.00000   0.01737   0.10789   0.08294   0.10858   0.00000   0.06605   0.09772   0.07376   0.18989   0.09730   0.05200   0.08325   0.08384   0.01481   0.05970   0.00746   0.00522   0.02579   0.03675   0.01501   0.02328   0.24493   1.14309   0.28934  
 38 18.8468   3071.617735  x:  0.04294   0.03522   0.02060   0.02324   0.04328   0.00000   0.00000   0.06360   0.04586   0.00000   0.11530   0.07756   0.29024   0.07299   0.06851   0.12337   0.01617   0.08308   0.01137   0.06436   0.02872   0.03107   0.02744   0.08463   0.09028   0.21801   0.02459   0.05699   0.21964   0.08433   0.01289   0.08260   0.01981   0.03979   0.04795   0.00977   0.00000   0.01887   0.10782   0.08281   0.10724   0.00000   0.06619   0.09740   0.07415   0.18791   0.09683   0.05213   0.08409   0.08333   0.01606   0.05834   0.00747   0.00515   0.02586   0.03812   0.01449   0.02329   0.24641   1.14566   0.29780  
 39 17.2762   3071.577316  x:  0.04276   0.03479   0.02148   0.02284   0.04320   0.00000   0.00000   0.06349   0.04572   0.00000   0.11484   0.07717   0.29383   0.07281   0.06818   0.12246   0.01441   0.08390   0.01193   0.06455   0.02874   0.03088   0.02785   0.08521   0.08965   0.21680   0.02566   0.05635   0.21723   0.08528   0.01373   0.08363   0.02094   0.04011   0.04789   0.00892   0.00000   0.01816   0.10829   0.08245   0.10697   0.00000   0.06622   0.09726   0.07418   0.18621   0.09691   0.05182   0.08445   0.08308   0.01492   0.05791   0.00749   0.00520   0.02585   0.03729   0.01498   0.02452   0.24731   1.14878   0.30761  
 40 22.5905   3071.538255  x:  0.04266   0.03586   0.02160   0.02300   0.04305   0.00000   0.00000   0.06357   0.04528   0.00000   0.11499   0.07739   0.29571   0.07271   0.06730   0.12284   0.01405   0.08472   0.01180   0.06378   0.02977   0.03139   0.02804   0.08502   0.08928   0.21551   0.02536   0.05555   0.21535   0.08635   0.01437   0.08358   0.02085   0.04067   0.04683   0.00768   0.00000   0.01767   0.10891   0.08242   0.10807   0.00000   0.06612   0.09737   0.07383   0.18509   0.09786   0.05174   0.08394   0.08335   0.01604   0.05894   0.00747   0.00517   0.02584   0.03616   0.01475   0.02259   0.24693   1.15280   0.31931  
 41 21.5504   3071.494045  x:  0.04259   0.03670   0.02059   0.02311   0.04307   0.00000   0.00000   0.06379   0.04531   0.00000   0.11568   0.07799   0.29575   0.07263   0.06631   0.12444   0.01549   0.08501   0.01149   0.06279   0.02939   0.03143   0.02753   0.08417   0.08960   0.21436   0.02453   0.05546   0.21436   0.08704   0.01468   0.08206   0.02088   0.04054   0.04608   0.00735   0.00000   0.01866   0.10921   0.08295   0.11020   0.00000   0.06595   0.09771   0.07334   0.18487   0.09918   0.05153   0.08323   0.08407   0.01560   0.06000   0.00747   0.00519   0.02583   0.03633   0.01457   0.02456   0.24522   1.15844   0.33458  
 42 26.9661   3071.448608  x:  0.04302   0.03581   0.01981   0.02286   0.04304   0.00000   0.00000   0.06402   0.04591   0.00000   0.11656   0.07891   0.29315   0.07307   0.06594   0.12616   0.01486   0.08423   0.01200   0.06308   0.02847   0.03080   0.02789   0.08357   0.09074   0.21407   0.02587   0.05620   0.21509   0.08674   0.01459   0.08001   0.02143   0.03971   0.04700   0.00733   0.00000   0.01742   0.10864   0.08360   0.11178   0.00000   0.06590   0.09805   0.07318   0.18609   0.09928   0.05191   0.08285   0.08459   0.01540   0.05936   0.00748   0.00515   0.02585   0.03815   0.01484   0.02347   0.24335   1.16524   0.35139  
 43 27.0193   3071.420912  x:  0.04368   0.03528   0.02008   0.02317   0.04290   0.00000   0.00000   0.06402   0.04574   0.00000   0.11687   0.07946   0.29004   0.07372   0.06651   0.12652   0.01408   0.08370   0.01180   0.06400   0.02958   0.03117   0.02792   0.08407   0.09128   0.21467   0.02503   0.05683   0.21688   0.08616   0.01521   0.07977   0.02067   0.03982   0.04737   0.00666   0.00000   0.01831   0.10799   0.08371   0.11161   0.00000   0.06597   0.09808   0.07352   0.18755   0.09847   0.05275   0.08286   0.08451   0.01460   0.05849   0.00747   0.00517   0.02576   0.03753   0.01510   0.02335   0.24317   1.17015   0.36200  
 44 22.9285   3071.404258  x:  0.04389   0.03559   0.01993   0.02283   0.04296   0.00000   0.00000   0.06386   0.04542   0.00000   0.11677   0.07940   0.28757   0.07393   0.06709   0.12615   0.01471   0.08374   0.01180   0.06438   0.02932   0.03134   0.02767   0.08471   0.09127   0.21574   0.02473   0.05675   0.21879   0.08594   0.01524   0.08049   0.02158   0.04026   0.04685   0.00651   0.00000   0.01772   0.10762   0.08350   0.11074   0.00000   0.06604   0.09796   0.07381   0.18877   0.09785   0.05314   0.08290   0.08431   0.01567   0.05832   0.00745   0.00518   0.02575   0.03698   0.01470   0.02392   0.24391   1.17375   0.36847  
 45 17.9805   3071.396381  x:  0.04364   0.03605   0.01966   0.02300   0.04307   0.00000   0.00000   0.06375   0.04548   0.00000   0.11651   0.07911   0.28622   0.07368   0.06703   0.12551   0.01498   0.08402   0.01145   0.06412   0.02878   0.03106   0.02780   0.08485   0.09098   0.21667   0.02526   0.05644   0.22004   0.08624   0.01494   0.08098   0.02105   0.04011   0.04643   0.00664   0.00000   0.01781   0.10769   0.08335   0.11009   0.00000   0.06605   0.09782   0.07385   0.18933   0.09770   0.05250   0.08314   0.08408   0.01517   0.05876   0.00745   0.00516   0.02574   0.03693   0.01470   0.02363   0.24471   1.17602   0.37131  
 46  9.9214   3071.392790  x:  0.04340   0.03608   0.01981   0.02297   0.04306   0.00000   0.00000   0.06376   0.04563   0.00000   0.11632   0.07895   0.28566   0.07344   0.06672   0.12507   0.01475   0.08422   0.01177   0.06374   0.02931   0.03115   0.02789   0.08468   0.09070   0.21729   0.02519   0.05611   0.22067   0.08645   0.01459   0.08108   0.02105   0.03992   0.04657   0.00721   0.00000   0.01810   0.10794   0.08328   0.10983   0.00000   0.06602   0.09776   0.07374   0.18951   0.09777   0.05204   0.08331   0.08400   0.01538   0.05897   0.00745   0.00517   0.02575   0.03734   0.01477   0.02370   0.24509   1.17758   0.37238  
 47  6.1124   3071.390036  x:  0.04339   0.03589   0.02035   0.02297   0.04295   0.00000   0.00000   0.06385   0.04556   0.00000   0.11618   0.07889   0.28539   0.07343   0.06655   0.12481   0.01473   0.08429   0.01177   0.06350   0.02900   0.03118   0.02757   0.08431   0.09040   0.21777   0.02496   0.05581   0.22089   0.08644   0.01430   0.08090   0.02079   0.03992   0.04707   0.00755   0.00000   0.01787   0.10834   0.08322   0.10976   0.00000   0.06600   0.09776   0.07357   0.18924   0.09810   0.05225   0.08348   0.08397   0.01537   0.05888   0.00746   0.00516   0.02575   0.03700   0.01476   0.02370   0.24513   1.17982   0.37258  
 48  2.9561   3071.381945  x:  0.04351   0.03585   0.02008   0.02288   0.04314   0.00000   0.00000   0.06384   0.04533   0.00000   0.11590   0.07840   0.28526   0.07356   0.06666   0.12460   0.01497   0.08420   0.01182   0.06387   0.02913   0.03113   0.02836   0.08381   0.08994   0.21881   0.02554   0.05576   0.22104   0.08605   0.01400   0.08068   0.02098   0.04004   0.04714   0.00784   0.00000   0.01838   0.10925   0.08312   0.10992   0.00000   0.06600   0.09784   0.07340   0.18808   0.09894   0.05306   0.08371   0.08401   0.01541   0.05844   0.00746   0.00515   0.02571   0.03648   0.01471   0.02361   0.24489   1.18818   0.37210  
 49  5.4161   3071.360196  x:  0.04376   0.03638   0.01922   0.02331   0.04333   0.00000   0.00000   0.06363   0.04549   0.00000   0.11570   0.07801   0.28560   0.07381   0.06700   0.12455   0.01405   0.08387   0.01214   0.06474   0.02945   0.03094   0.02726   0.08404   0.08958   0.22060   0.02536   0.05614   0.22106   0.08552   0.01458   0.08088   0.02037   0.03992   0.04608   0.00775   0.00000   0.01751   0.11013   0.08302   0.11024   0.00000   0.06606   0.09801   0.07350   0.18570   0.09994   0.05350   0.08371   0.08421   0.01533   0.05825   0.00743   0.00522   0.02557   0.03746   0.01483   0.02387   0.24429   1.21170   0.37001  
 50 19.4005   3071.327840  x:  0.04378   0.03656   0.02032   0.02276   0.04277   0.00000   0.00000   0.06359   0.04586   0.00000   0.11607   0.07912   0.28664   0.07382   0.06709   0.12499   0.01396   0.08386   0.01233   0.06493   0.02843   0.03146   0.02782   0.08518   0.09015   0.22154   0.02431   0.05709   0.22080   0.08589   0.01455   0.08157   0.02147   0.03990   0.04603   0.00725   0.00000   0.01789   0.10939   0.08335   0.11070   0.00000   0.06606   0.09807   0.07393   0.18396   0.09989   0.05270   0.08301   0.08432   0.01465   0.05918   0.00744   0.00518   0.02550   0.03805   0.01494   0.02316   0.24390   1.24757   0.36640  
 51 39.8736   3071.297056  x:  0.04339   0.03573   0.02061   0.02298   0.04276   0.00000   0.00000   0.06379   0.04565   0.00000   0.11661   0.07992   0.28800   0.07343   0.06692   0.12559   0.01471   0.08423   0.01205   0.06419   0.02929   0.03106   0.02827   0.08573   0.09117   0.22083   0.02566   0.05714   0.22032   0.08684   0.01512   0.08179   0.02051   0.04004   0.04723   0.00708   0.00000   0.01735   0.10765   0.08373   0.11096   0.00000   0.06601   0.09793   0.07403   0.18430   0.09884   0.05205   0.08227   0.08435   0.01551   0.05959   0.00740   0.00523   0.02535   0.03727   0.01471   0.02395   0.24402   1.28180   0.36278  
 52 54.3808   3071.279309  x:  0.04322   0.03540   0.01948   0.02302   0.04322   0.00000   0.00000   0.06390   0.04537   0.00000   0.11673   0.07933   0.28901   0.07327   0.06671   0.12581   0.01437   0.08465   0.01227   0.06353   0.02920   0.03079   0.02737   0.08507   0.09148   0.21890   0.02549   0.05612   0.21989   0.08707   0.01493   0.08149   0.02112   0.04009   0.04722   0.00709   0.00000   0.01787   0.10682   0.08376   0.11094   0.00000   0.06596   0.09779   0.07368   0.18624   0.09776   0.05201   0.08263   0.08425   0.01536   0.05882   0.00742   0.00519   0.02530   0.03653   0.01486   0.02346   0.24430   1.30122   0.36063  
 53 33.4425   3071.271584  x:  0.04346   0.03582   0.01984   0.02299   0.04303   0.00000   0.00000   0.06391   0.04549   0.00000   0.11665   0.07897   0.28951   0.07350   0.06667   0.12581   0.01431   0.08482   0.01222   0.06355   0.02888   0.03125   0.02808   0.08449   0.09130   0.21735   0.02534   0.05546   0.21974   0.08693   0.01520   0.08123   0.02076   0.04000   0.04671   0.00704   0.00000   0.01769   0.10699   0.08364   0.11079   0.00000   0.06596   0.09776   0.07345   0.18791   0.09752   0.05231   0.08323   0.08420   0.01543   0.05844   0.00741   0.00522   0.02525   0.03702   0.01485   0.02367   0.24443   1.30950   0.35969  
 54 18.3030   3071.269159  x:  0.04353   0.03597   0.02034   0.02302   0.04288   0.00000   0.00000   0.06383   0.04560   0.00000   0.11651   0.07889   0.28968   0.07357   0.06668   0.12573   0.01454   0.08480   0.01212   0.06385   0.02916   0.03098   0.02775   0.08449   0.09109   0.21656   0.02564   0.05561   0.21979   0.08680   0.01511   0.08125   0.02094   0.04006   0.04666   0.00699   0.00000   0.01774   0.10743   0.08360   0.11073   0.00000   0.06598   0.09781   0.07350   0.18871   0.09780   0.05241   0.08345   0.08414   0.01532   0.05869   0.00741   0.00522   0.02525   0.03719   0.01481   0.02362   0.24437   1.31183   0.35943  
 55  5.9812   3071.267617  x:  0.04334   0.03577   0.02017   0.02292   0.04307   0.00000   0.00000   0.06372   0.04556   0.00000   0.11631   0.07873   0.28977   0.07338   0.06669   0.12558   0.01440   0.08467   0.01214   0.06403   0.02906   0.03110   0.02782   0.08474   0.09088   0.21594   0.02551   0.05604   0.21992   0.08669   0.01510   0.08138   0.02084   0.04009   0.04691   0.00705   0.00000   0.01763   0.10793   0.08361   0.11071   0.00000   0.06599   0.09789   0.07365   0.18928   0.09823   0.05231   0.08338   0.08406   0.01538   0.05901   0.00741   0.00522   0.02524   0.03706   0.01482   0.02364   0.24422   1.31287   0.35933  
 56  2.4442   3071.265727  x:  0.04323   0.03577   0.02028   0.02351   0.04301   0.00000   0.00000   0.06382   0.04547   0.00000   0.11621   0.07883   0.28984   0.07327   0.06690   0.12536   0.01435   0.08454   0.01219   0.06375   0.02901   0.03103   0.02797   0.08493   0.09086   0.21555   0.02546   0.05619   0.22015   0.08656   0.01494   0.08160   0.02093   0.03991   0.04675   0.00720   0.00000   0.01757   0.10804   0.08362   0.11080   0.00000   0.06596   0.09792   0.07369   0.18938   0.09860   0.05215   0.08304   0.08408   0.01541   0.05857   0.00741   0.00521   0.02522   0.03696   0.01479   0.02366   0.24410   1.31310   0.35934  
 57  0.7372   3071.259439  x:  0.04313   0.03597   0.02041   0.02256   0.04281   0.00000   0.00000   0.06406   0.04542   0.00000   0.11605   0.07901   0.29015   0.07318   0.06753   0.12486   0.01436   0.08436   0.01224   0.06311   0.02912   0.03089   0.02781   0.08519   0.09096   0.21483   0.02562   0.05618   0.22088   0.08630   0.01483   0.08206   0.02056   0.03975   0.04646   0.00750   0.00000   0.01766   0.10799   0.08364   0.11109   0.00000   0.06590   0.09797   0.07368   0.18930   0.09930   0.05193   0.08233   0.08428   0.01534   0.05764   0.00740   0.00523   0.02512   0.03692   0.01484   0.02357   0.24392   1.31315   0.35945  
 58  2.2227   3071.202487  x:  0.04395   0.03578   0.01980   0.02327   0.04305   0.00000   0.00000   0.06434   0.04639   0.00000   0.11593   0.07894   0.29347   0.07399   0.06980   0.12269   0.01377   0.08471   0.01244   0.06320   0.02899   0.03203   0.02757   0.08492   0.09196   0.21244   0.02618   0.05385   0.22641   0.08620   0.01396   0.08318   0.02047   0.04180   0.04787   0.00797   0.00000   0.01786   0.10623   0.08387   0.11259   0.00000   0.06577   0.09800   0.07296   0.18773   0.10092   0.05318   0.08104   0.08631   0.01465   0.05917   0.00736   0.00532   0.02448   0.03810   0.01461   0.02356   0.24410   1.31121   0.36077  
 59  2.5231   3071.079147  x:  0.04421   0.03434   0.02005   0.02250   0.04308   0.00000   0.00000   0.06340   0.04481   0.00000   0.11644   0.07856   0.29968   0.07424   0.06831   0.12201   0.01317   0.08536   0.01211   0.06537   0.02973   0.02901   0.02886   0.08409   0.09229   0.21150   0.02411   0.05320   0.23378   0.08783   0.01266   0.08221   0.02060   0.03799   0.04675   0.00773   0.00000   0.01682   0.10509   0.08439   0.11328   0.00000   0.06586   0.09804   0.07287   0.18607   0.10079   0.05428   0.08133   0.08727   0.01460   0.06063   0.00722   0.00548   0.02300   0.03757   0.01349   0.02396   0.24422   1.30633   0.36348  
 60  9.2220   3070.895285  x:  0.04358   0.03465   0.02098   0.02263   0.04289   0.00000   0.00000   0.06252   0.04429   0.00000   0.11724   0.07787   0.30849   0.07361   0.06385   0.12460   0.01307   0.08613   0.01231   0.06652   0.02953   0.03371   0.02707   0.08481   0.09200   0.21452   0.02634   0.05633   0.23964   0.09052   0.01072   0.07986   0.02041   0.03841   0.04504   0.00843   0.00000   0.01692   0.10629   0.08548   0.11338   0.00000   0.06603   0.09820   0.07387   0.18660   0.09900   0.05336   0.08320   0.08568   0.01486   0.05765   0.00701   0.00582   0.02070   0.03673   0.01208   0.02421   0.24361   1.29852   0.36771  
 61 18.8989   3070.791549  x:  0.04371   0.03671   0.02068   0.02262   0.04303   0.00000   0.00000   0.06328   0.04603   0.00000   0.11710   0.07722   0.31288   0.07374   0.06443   0.12748   0.01255   0.08727   0.01235   0.06524   0.02977   0.03071   0.02844   0.08632   0.09179   0.21912   0.02462   0.05714   0.23836   0.09099   0.00948   0.08020   0.01983   0.04208   0.04664   0.00929   0.00000   0.01633   0.10802   0.08609   0.11363   0.00000   0.06604   0.09837   0.07420   0.18968   0.09843   0.05283   0.08437   0.08413   0.01476   0.05605   0.00688   0.00601   0.01937   0.03706   0.01135   0.02432   0.24303   1.29403   0.37018  
 62 18.2342   3070.732945  x:  0.04420   0.03609   0.02063   0.02255   0.04288   0.00000   0.00000   0.06389   0.04531   0.00000   0.11649   0.07713   0.31481   0.07422   0.06776   0.12903   0.01186   0.08848   0.01243   0.06430   0.02985   0.03167   0.02815   0.08760   0.09226   0.22397   0.02516   0.05597   0.23406   0.09043   0.00840   0.08214   0.01962   0.03951   0.04693   0.01002   0.00000   0.01663   0.10868   0.08637   0.11458   0.00000   0.06597   0.09851   0.07375   0.19383   0.09937   0.05371   0.08453   0.08403   0.01460   0.05755   0.00680   0.00609   0.01864   0.03708   0.01101   0.02442   0.24272   1.29144   0.37160  
 63 13.6880   3070.725192  x:  0.04396   0.03517   0.02090   0.02252   0.04286   0.00000   0.00000   0.06330   0.04509   0.00000   0.11640   0.07736   0.31494   0.07398   0.06767   0.12828   0.01191   0.08838   0.01240   0.06517   0.02980   0.03155   0.02816   0.08713   0.09245   0.22513   0.02503   0.05579   0.23276   0.09059   0.00819   0.08225   0.01941   0.04026   0.04608   0.01040   0.00000   0.01664   0.10801   0.08630   0.11489   0.00000   0.06597   0.09853   0.07360   0.19503   0.10018   0.05353   0.08392   0.08477   0.01449   0.05743   0.00680   0.00610   0.01854   0.03719   0.01106   0.02433   0.24280   1.29109   0.37179  
 64  5.2204   3070.723320  x:  0.04402   0.03568   0.02085   0.02254   0.04296   0.00000   0.00000   0.06320   0.04531   0.00000   0.11641   0.07729   0.31500   0.07405   0.06742   0.12752   0.01193   0.08816   0.01236   0.06542   0.02982   0.03162   0.02813   0.08689   0.09241   0.22559   0.02499   0.05598   0.23230   0.09080   0.00834   0.08208   0.01953   0.04001   0.04644   0.01013   0.00000   0.01662   0.10763   0.08627   0.11496   0.00000   0.06598   0.09852   0.07363   0.19553   0.10052   0.05354   0.08350   0.08522   0.01448   0.05724   0.00679   0.00611   0.01851   0.03709   0.01103   0.02435   0.24296   1.29100   0.37181  
 65  2.6549   3070.723000  x:  0.04412   0.03560   0.02080   0.02253   0.04290   0.00000   0.00000   0.06338   0.04516   0.00000   0.11644   0.07722   0.31502   0.07414   0.06729   0.12717   0.01196   0.08805   0.01236   0.06519   0.02982   0.03160   0.02814   0.08699   0.09237   0.22569   0.02499   0.05610   0.23223   0.09088   0.00841   0.08194   0.01957   0.04008   0.04639   0.01002   0.00000   0.01661   0.10763   0.08635   0.11499   0.00000   0.06598   0.09851   0.07367   0.19564   0.10051   0.05371   0.08345   0.08526   0.01443   0.05730   0.00679   0.00611   0.01850   0.03722   0.01103   0.02435   0.24298   1.29097   0.37181  
 66  0.8065   3070.722662  x:  0.04415   0.03550   0.02075   0.02253   0.04293   0.00000   0.00000   0.06335   0.04549   0.00000   0.11651   0.07736   0.31505   0.07417   0.06722   0.12692   0.01199   0.08798   0.01236   0.06514   0.02982   0.03159   0.02815   0.08714   0.09241   0.22573   0.02499   0.05601   0.23219   0.09087   0.00841   0.08187   0.01957   0.04003   0.04626   0.01003   0.00000   0.01662   0.10775   0.08645   0.11504   0.00000   0.06598   0.09850   0.07365   0.19568   0.10040   0.05383   0.08342   0.08516   0.01445   0.05733   0.00679   0.00611   0.01849   0.03712   0.01103   0.02436   0.24290   1.29093   0.37181  
 67  0.2720   3070.720191  x:  0.04420   0.03582   0.02048   0.02254   0.04293   0.00000   0.00000   0.06300   0.04495   0.00000   0.11680   0.07813   0.31521   0.07423   0.06710   0.12622   0.01213   0.08789   0.01233   0.06542   0.02979   0.03158   0.02814   0.08737   0.09262   0.22578   0.02499   0.05556   0.23211   0.09075   0.00841   0.08187   0.01953   0.04006   0.04653   0.01014   0.00000   0.01666   0.10829   0.08659   0.11523   0.00000   0.06598   0.09849   0.07350   0.19577   0.09994   0.05375   0.08340   0.08472   0.01444   0.05727   0.00678   0.00614   0.01842   0.03727   0.01109   0.02435   0.24258   1.29058   0.37184  
 68  0.4592   3070.687417  x:  0.04491   0.03567   0.01936   0.02264   0.04191   0.00000   0.00000   0.06515   0.04535   0.00000   0.11777   0.07966   0.31599   0.07492   0.06741   0.12573   0.01242   0.08890   0.01227   0.06622   0.02954   0.03150   0.02799   0.08560   0.09281   0.22586   0.02487   0.05733   0.23198   0.09173   0.00907   0.08336   0.01944   0.03989   0.04638   0.01063   0.00000   0.01668   0.10883   0.08530   0.11558   0.00000   0.06599   0.09872   0.07387   0.19623   0.09949   0.05343   0.08449   0.08470   0.01483   0.05753   0.00667   0.00643   0.01745   0.03667   0.01194   0.02416   0.24263   1.28579   0.37219  
 69  0.7891   3070.653536  x:  0.04499   0.03615   0.02068   0.02276   0.04362   0.00000   0.00000   0.06334   0.04506   0.00000   0.11709   0.07840   0.31616   0.07501   0.06761   0.12751   0.01235   0.08905   0.01244   0.06553   0.02925   0.03120   0.02800   0.08760   0.09187   0.22581   0.02503   0.05687   0.23185   0.09222   0.01016   0.08184   0.01961   0.03983   0.04623   0.01059   0.00000   0.01706   0.10773   0.08626   0.11529   0.00000   0.06603   0.09851   0.07397   0.19641   0.10033   0.05405   0.08401   0.08522   0.01480   0.05764   0.00655   0.00675   0.01643   0.03676   0.01289   0.02392   0.24344   1.28092   0.37245  
 70  5.0920   3070.651068  x:  0.04476   0.03618   0.02059   0.02281   0.04262   0.00000   0.00000   0.06323   0.04514   0.00000   0.11672   0.07773   0.31608   0.07477   0.06767   0.12769   0.01235   0.08894   0.01243   0.06579   0.02922   0.03120   0.02799   0.08783   0.09204   0.22580   0.02502   0.05657   0.23183   0.09245   0.01030   0.08161   0.01966   0.03983   0.04634   0.01049   0.00000   0.01710   0.10774   0.08650   0.11528   0.00000   0.06605   0.09843   0.07387   0.19640   0.10029   0.05408   0.08362   0.08506   0.01481   0.05766   0.00654   0.00677   0.01636   0.03671   0.01295   0.02391   0.24335   1.28056   0.37246  
 71  3.2034   3070.650717  x:  0.04463   0.03622   0.02076   0.02281   0.04281   0.00000   0.00000   0.06351   0.04513   0.00000   0.11650   0.07754   0.31603   0.07465   0.06774   0.12769   0.01236   0.08888   0.01242   0.06595   0.02922   0.03121   0.02798   0.08778   0.09226   0.22582   0.02501   0.05648   0.23184   0.09266   0.01035   0.08160   0.01969   0.03983   0.04630   0.01042   0.00000   0.01709   0.10784   0.08657   0.11534   0.00000   0.06606   0.09840   0.07383   0.19639   0.10018   0.05410   0.08346   0.08494   0.01479   0.05766   0.00654   0.00678   0.01635   0.03675   0.01295   0.02391   0.24325   1.28051   0.37246  
 72  1.0618   3070.650651  x:  0.04461   0.03621   0.02079   0.02281   0.04282   0.00000   0.00000   0.06337   0.04513   0.00000   0.11640   0.07751   0.31601   0.07462   0.06781   0.12765   0.01236   0.08887   0.01242   0.06587   0.02922   0.03121   0.02798   0.08769   0.09235   0.22582   0.02500   0.05654   0.23185   0.09275   0.01038   0.08161   0.01971   0.03984   0.04630   0.01038   0.00000   0.01709   0.10788   0.08655   0.11542   0.00000   0.06606   0.09841   0.07385   0.19639   0.10012   0.05412   0.08351   0.08494   0.01479   0.05765   0.00654   0.00678   0.01635   0.03676   0.01295   0.02391   0.24320   1.28049   0.37246  
 73  0.2424   3070.650046  x:  0.04459   0.03618   0.02087   0.02281   0.04282   0.00000   0.00000   0.06348   0.04514   0.00000   0.11616   0.07739   0.31591   0.07461   0.06792   0.12744   0.01240   0.08889   0.01238   0.06594   0.02922   0.03121   0.02798   0.08785   0.09236   0.22583   0.02498   0.05651   0.23184   0.09255   0.01046   0.08142   0.01976   0.03984   0.04630   0.01026   0.00000   0.01706   0.10772   0.08660   0.11593   0.00000   0.06603   0.09853   0.07383   0.19634   0.10011   0.05368   0.08402   0.08497   0.01492   0.05763   0.00654   0.00678   0.01631   0.03663   0.01294   0.02393   0.24318   1.28034   0.37241  
 74  0.0807   3070.636314  x:  0.04370   0.03600   0.02110   0.02280   0.04291   0.00000   0.00000   0.06338   0.04528   0.00000   0.11728   0.07709   0.31517   0.07371   0.06769   0.12725   0.01253   0.08848   0.01210   0.06560   0.02929   0.03124   0.02794   0.08689   0.09159   0.22562   0.02498   0.05682   0.23172   0.09130   0.01057   0.08218   0.02010   0.03988   0.04644   0.00965   0.00000   0.01703   0.10688   0.08675   0.11643   0.00000   0.06572   0.09835   0.07277   0.19620   0.10033   0.05400   0.08393   0.08312   0.01498   0.05773   0.00659   0.00680   0.01549   0.03713   0.01302   0.02399   0.24338   1.27693   0.37168  
 75  0.2414   3070.623708  x:  0.04383   0.03558   0.02094   0.02278   0.04292   0.00000   0.00000   0.06355   0.04537   0.00000   0.11708   0.07748   0.31459   0.07384   0.06738   0.12754   0.01280   0.08777   0.01186   0.06519   0.02934   0.03124   0.02794   0.08675   0.09199   0.22533   0.02505   0.05581   0.23142   0.09084   0.01030   0.08176   0.02032   0.03989   0.04656   0.00947   0.00000   0.01722   0.10789   0.08550   0.11494   0.00000   0.06613   0.09839   0.07413   0.19601   0.09990   0.05337   0.08334   0.08464   0.01506   0.05773   0.00664   0.00681   0.01475   0.03729   0.01312   0.02398   0.24303   1.27383   0.37100  
 76  3.3353   3070.623150  x:  0.04396   0.03553   0.02088   0.02278   0.04292   0.00000   0.00000   0.06354   0.04538   0.00000   0.11676   0.07762   0.31457   0.07397   0.06732   0.12757   0.01282   0.08777   0.01185   0.06516   0.02935   0.03124   0.02795   0.08677   0.09200   0.22531   0.02505   0.05593   0.23142   0.09085   0.01032   0.08182   0.02035   0.03990   0.04656   0.00941   0.00000   0.01723   0.10796   0.08565   0.11459   0.00000   0.06593   0.09842   0.07360   0.19600   0.09982   0.05326   0.08334   0.08490   0.01508   0.05772   0.00664   0.00681   0.01471   0.03727   0.01313   0.02398   0.24287   1.27369   0.37097  
 77  1.2678   3070.623125  x:  0.04396   0.03554   0.02086   0.02278   0.04292   0.00000   0.00000   0.06356   0.04538   0.00000   0.11664   0.07768   0.31458   0.07397   0.06728   0.12757   0.01282   0.08780   0.01185   0.06516   0.02935   0.03124   0.02795   0.08674   0.09197   0.22531   0.02506   0.05592   0.23142   0.09083   0.01032   0.08184   0.02035   0.03990   0.04656   0.00941   0.00000   0.01723   0.10791   0.08570   0.11457   0.00000   0.06598   0.09846   0.07364   0.19600   0.09983   0.05329   0.08333   0.08487   0.01508   0.05772   0.00664   0.00681   0.01471   0.03727   0.01313   0.02398   0.24285   1.27369   0.37097  
 78  0.1660   3070.623010  x:  0.04395   0.03556   0.02083   0.02278   0.04290   0.00000   0.00000   0.06357   0.04538   0.00000   0.11648   0.07777   0.31456   0.07396   0.06721   0.12759   0.01282   0.08780   0.01185   0.06516   0.02934   0.03124   0.02795   0.08680   0.09199   0.22531   0.02505   0.05592   0.23141   0.09081   0.01030   0.08179   0.02034   0.03990   0.04656   0.00943   0.00000   0.01723   0.10785   0.08550   0.11461   0.00000   0.06576   0.09842   0.07367   0.19600   0.09985   0.05337   0.08332   0.08479   0.01506   0.05773   0.00665   0.00681   0.01471   0.03729   0.01312   0.02398   0.24289   1.27369   0.37095  
 79  0.0371   3070.618475  x:  0.04407   0.03561   0.02068   0.02281   0.04287   0.00000   0.00000   0.06355   0.04535   0.00000   0.11592   0.07806   0.31322   0.07407   0.06698   0.12768   0.01292   0.08730   0.01195   0.06506   0.02930   0.03120   0.02795   0.08701   0.09235   0.22471   0.02502   0.05619   0.23077   0.09065   0.01031   0.08164   0.02026   0.03989   0.04658   0.00951   0.00000   0.01724   0.10803   0.08483   0.11487   0.00000   0.06697   0.09806   0.07292   0.19567   0.09983   0.05352   0.08320   0.08470   0.01500   0.05783   0.00680   0.00674   0.01475   0.03725   0.01301   0.02393   0.24400   1.27397   0.37043  
 80  0.1011   3070.606675  x:  0.04415   0.03579   0.02075   0.02289   0.04291   0.00000   0.00000   0.06348   0.04531   0.00000   0.11605   0.07783   0.30938   0.07415   0.06730   0.12711   0.01310   0.08719   0.01219   0.06509   0.02918   0.03116   0.02791   0.08649   0.09199   0.22315   0.02511   0.05610   0.22887   0.09047   0.01046   0.08182   0.02007   0.03988   0.04660   0.00958   0.00000   0.01721   0.10807   0.08607   0.11415   0.00000   0.06584   0.09780   0.07391   0.19461   0.09941   0.05338   0.08326   0.08506   0.01495   0.05800   0.00718   0.00657   0.01485   0.03700   0.01272   0.02379   0.24424   1.27467   0.36905  
 81  2.2909   3070.605620  x:  0.04405   0.03586   0.02082   0.02289   0.04293   0.00000   0.00000   0.06346   0.04531   0.00000   0.11625   0.07767   0.30899   0.07406   0.06746   0.12684   0.01307   0.08752   0.01222   0.06507   0.02917   0.03115   0.02792   0.08668   0.09193   0.22301   0.02514   0.05610   0.22869   0.09063   0.01046   0.08164   0.02007   0.03989   0.04659   0.00959   0.00000   0.01725   0.10775   0.08563   0.11373   0.00000   0.06604   0.09822   0.07377   0.19451   0.09949   0.05343   0.08336   0.08492   0.01495   0.05803   0.00722   0.00655   0.01487   0.03698   0.01269   0.02378   0.24359   1.27473   0.36893  
 82  1.5874   3070.605596  x:  0.04407   0.03586   0.02080   0.02289   0.04293   0.00000   0.00000   0.06346   0.04531   0.00000   0.11626   0.07770   0.30899   0.07408   0.06746   0.12685   0.01306   0.08747   0.01223   0.06505   0.02917   0.03115   0.02792   0.08667   0.09202   0.22301   0.02514   0.05607   0.22869   0.09067   0.01047   0.08162   0.02007   0.03989   0.04659   0.00957   0.00000   0.01726   0.10773   0.08566   0.11366   0.00000   0.06604   0.09821   0.07378   0.19451   0.09959   0.05341   0.08342   0.08485   0.01496   0.05803   0.00722   0.00655   0.01487   0.03697   0.01268   0.02378   0.24359   1.27474   0.36892  
 83  0.1097   3070.604648  x:  0.04362   0.03600   0.02072   0.02288   0.04284   0.00000   0.00000   0.06362   0.04531   0.00000   0.11630   0.07812   0.30907   0.07362   0.06771   0.12687   0.01295   0.08740   0.01224   0.06511   0.02919   0.03116   0.02792   0.08677   0.09188   0.22307   0.02514   0.05607   0.22875   0.09088   0.01051   0.08144   0.02011   0.03991   0.04657   0.00949   0.00000   0.01725   0.10773   0.08580   0.11360   0.00000   0.06610   0.09796   0.07376   0.19455   0.09968   0.05371   0.08380   0.08516   0.01494   0.05798   0.00726   0.00655   0.01483   0.03697   0.01269   0.02379   0.24360   1.27494   0.36899  
 84  0.0176   3070.583177  x:  0.04472   0.03594   0.02044   0.02270   0.04286   0.00000   0.00000   0.06348   0.04523   0.00000   0.11632   0.07813   0.31066   0.07468   0.06806   0.12717   0.01218   0.08798   0.01238   0.06564   0.02943   0.03137   0.02798   0.08695   0.09110   0.22410   0.02508   0.05650   0.22970   0.09212   0.01007   0.08122   0.02002   0.03995   0.04633   0.00974   0.00000   0.01702   0.10757   0.08605   0.11486   0.00000   0.06624   0.09730   0.07381   0.19491   0.09983   0.05331   0.08341   0.08456   0.01493   0.05735   0.00821   0.00648   0.01392   0.03664   0.01277   0.02409   0.24293   1.27955   0.37063  
 85  0.3850   3070.580134  x:  0.04451   0.03618   0.02052   0.02269   0.04284   0.00000   0.00000   0.06349   0.04521   0.00000   0.11654   0.07779   0.31085   0.07447   0.06735   0.12718   0.01210   0.08822   0.01241   0.06562   0.02944   0.03136   0.02800   0.08723   0.09215   0.22421   0.02503   0.05662   0.22975   0.09167   0.00998   0.08169   0.01993   0.03991   0.04634   0.00991   0.00000   0.01698   0.10769   0.08628   0.11497   0.00000   0.06602   0.09835   0.07379   0.19492   0.09991   0.05378   0.08368   0.08495   0.01488   0.05724   0.00834   0.00647   0.01379   0.03660   0.01284   0.02410   0.24324   1.28019   0.37087  
 86  2.4910   3070.580102  x:  0.04451   0.03616   0.02051   0.02269   0.04284   0.00000   0.00000   0.06349   0.04521   0.00000   0.11654   0.07783   0.31086   0.07446   0.06742   0.12717   0.01209   0.08828   0.01240   0.06562   0.02944   0.03136   0.02799   0.08720   0.09216   0.22421   0.02503   0.05664   0.22976   0.09167   0.01000   0.08159   0.01995   0.03992   0.04633   0.00989   0.00000   0.01697   0.10774   0.08629   0.11496   0.00000   0.06600   0.09845   0.07378   0.19492   0.09992   0.05376   0.08362   0.08492   0.01487   0.05724   0.00834   0.00647   0.01379   0.03661   0.01283   0.02410   0.24333   1.28019   0.37087  
 87  0.1214   3070.573849  x:  0.04447   0.03603   0.02054   0.02271   0.04284   0.00000   0.00000   0.06350   0.04524   0.00000   0.11658   0.07790   0.31157   0.07440   0.06757   0.12765   0.01240   0.08661   0.01235   0.06558   0.02941   0.03133   0.02799   0.08719   0.09134   0.22456   0.02504   0.05610   0.23000   0.09234   0.01004   0.08202   0.02000   0.03992   0.04640   0.00992   0.00000   0.01711   0.10768   0.08599   0.11509   0.00000   0.06574   0.09991   0.07363   0.19516   0.09965   0.05367   0.08371   0.08509   0.01496   0.05723   0.00868   0.00648   0.01415   0.03658   0.01285   0.02407   0.24343   1.27901   0.37106  
 88  0.0119   3070.560563  x:  0.04424   0.03574   0.02076   0.02277   0.04289   0.00000   0.00000   0.06345   0.04534   0.00000   0.11651   0.07770   0.31294   0.07413   0.06730   0.12771   0.01278   0.08812   0.01203   0.06529   0.02936   0.03126   0.02797   0.08704   0.09219   0.22536   0.02506   0.05612   0.23056   0.09108   0.01063   0.08171   0.02026   0.03994   0.04647   0.00948   0.00000   0.01722   0.10797   0.08594   0.11461   0.00000   0.06599   0.09850   0.07372   0.19564   0.10002   0.05335   0.08340   0.08551   0.01513   0.05716   0.00938   0.00653   0.01492   0.03662   0.01290   0.02402   0.24302   1.27644   0.37143  
 89  1.7422   3070.554843  x:  0.04419   0.03575   0.02092   0.02291   0.04289   0.00000   0.00000   0.06351   0.04526   0.00000   0.11651   0.07758   0.31319   0.07400   0.06754   0.12714   0.01303   0.08774   0.01213   0.06525   0.02910   0.03110   0.02791   0.08683   0.09195   0.22442   0.02508   0.05607   0.23094   0.09105   0.01048   0.08166   0.02003   0.03984   0.04656   0.00956   0.00000   0.01725   0.10779   0.08578   0.11435   0.00000   0.06601   0.09828   0.07370   0.19565   0.09973   0.05335   0.08345   0.08556   0.01509   0.05732   0.00980   0.00696   0.01448   0.03631   0.01290   0.02373   0.24325   1.27454   0.37051  
 90  0.0015   3070.552804  x:  0.04429   0.03579   0.02078   0.02279   0.04289   0.00000   0.00000   0.06349   0.04528   0.00000   0.11648   0.07765   0.31248   0.07409   0.06744   0.12728   0.01263   0.08784   0.01214   0.06529   0.02929   0.03123   0.02795   0.08693   0.09207   0.22453   0.02506   0.05615   0.23034   0.09098   0.01032   0.08171   0.02011   0.03988   0.04649   0.00955   0.00000   0.01714   0.10783   0.08588   0.11446   0.00000   0.06601   0.09838   0.07373   0.19550   0.09982   0.05337   0.08349   0.08553   0.01504   0.05711   0.00985   0.00724   0.01471   0.03639   0.01292   0.02391   0.24316   1.27601   0.37041  
 91  0.0011   3070.552640  x:  0.04428   0.03579   0.02079   0.02281   0.04289   0.00000   0.00000   0.06348   0.04529   0.00000   0.11651   0.07767   0.31243   0.07408   0.06742   0.12735   0.01276   0.08789   0.01209   0.06530   0.02927   0.03121   0.02795   0.08693   0.09208   0.22460   0.02506   0.05616   0.23040   0.09101   0.01035   0.08172   0.02010   0.03989   0.04649   0.00956   0.00000   0.01718   0.10783   0.08589   0.11450   0.00000   0.06600   0.09838   0.07372   0.19547   0.09985   0.05337   0.08347   0.08553   0.01508   0.05716   0.00977   0.00730   0.01471   0.03640   0.01285   0.02390   0.24315   1.27630   0.37058  
 92  0.0004   3070.552634  x:  0.04427   0.03579   0.02079   0.02281   0.04289   0.00000   0.00000   0.06348   0.04529   0.00000   0.11651   0.07766   0.31243   0.07408   0.06742   0.12734   0.01276   0.08787   0.01209   0.06529   0.02926   0.03121   0.02795   0.08693   0.09208   0.22459   0.02506   0.05616   0.23042   0.09100   0.01034   0.08171   0.02010   0.03989   0.04650   0.00956   0.00000   0.01718   0.10783   0.08588   0.11449   0.00000   0.06600   0.09837   0.07372   0.19547   0.09984   0.05337   0.08347   0.08554   0.01508   0.05717   0.00976   0.00731   0.01471   0.03640   0.01287   0.02390   0.24315   1.27632   0.37059  
 93  0.0001   3070.552633  x:  0.04427   0.03579   0.02079   0.02281   0.04289   0.00000   0.00000   0.06349   0.04529   0.00000   0.11651   0.07766   0.31244   0.07408   0.06742   0.12733   0.01276   0.08787   0.01209   0.06529   0.02926   0.03121   0.02795   0.08693   0.09208   0.22459   0.02506   0.05616   0.23042   0.09100   0.01034   0.08171   0.02010   0.03988   0.04650   0.00956   0.00000   0.01718   0.10783   0.08588   0.11449   0.00000   0.06600   0.09837   0.07372   0.19548   0.09984   0.05337   0.08347   0.08554   0.01508   0.05716   0.00975   0.00731   0.01471   0.03640   0.01287   0.02390   0.24315   1.27631   0.37059  
 94  0.0000   3070.552633  x:  0.04427   0.03579   0.02079   0.02281   0.04289   0.00000   0.00000   0.06349   0.04529   0.00000   0.11651   0.07766   0.31244   0.07408   0.06742   0.12733   0.01276   0.08787   0.01209   0.06529   0.02926   0.03121   0.02795   0.08693   0.09208   0.22459   0.02506   0.05616   0.23042   0.09100   0.01034   0.08171   0.02010   0.03988   0.04650   0.00956   0.00000   0.01718   0.10783   0.08588   0.11449   0.00000   0.06600   0.09837   0.07372   0.19548   0.09984   0.05337   0.08347   0.08554   0.01508   0.05716   0.00975   0.00731   0.01471   0.03640   0.01287   0.02390   0.24315   1.27631   0.37059  