

TREE # 1

  0  0.0000   4470.630145  x:  0.02026   0.09859   0.05813   0.08256   0.09845   0.10435   0.09795   0.02308   0.01656   0.07406   0.06676   0.03903   0.09517   0.06145   0.10093   0.03476   0.10575   0.10837   0.06901   0.10696   0.10640   0.08663   0.09111   0.05071   0.01157   0.06165   0.57497   0.59693   0.43039   0.50746   0.46760   0.55040  
  1 99.0000   3809.465640  x:  0.11236   0.38138   0.35504   0.17466   0.22967   0.14396   0.21459   0.26836   0.23019   0.20903   0.01782   0.00000   0.08251   0.20669   0.13340   0.16499   0.57510   0.20246   0.21086   0.40466   0.06649   0.07553   0.05766   0.01348   0.05233   0.12363   0.56105   0.59683   0.43413   0.50755   0.48069   0.55420  
  2 2286.6483   3786.417672  x:  0.12451   0.42683   0.39761   0.18681   0.25199   0.14932   0.23427   0.29837   0.25602   0.23077   0.00559   0.13170   0.07622   0.22888   0.13904   0.18253   0.65056   0.21558   0.23238   0.45521   0.05258   0.07316   0.04758   0.00000   0.05329   0.13297   0.55539   0.59674   0.43539   0.50757   0.48466   0.55532  
  3 2769.5723   3782.737398  x:  0.12331   0.42860   0.39648   0.18561   0.25339   0.14879   0.23536   0.29437   0.25232   0.23126   0.00000   0.13177   0.07331   0.22890   0.13934   0.18115   0.65386   0.21474   0.23230   0.45871   0.04732   0.07286   0.04461   0.00000   0.05006   0.13274   0.55292   0.59668   0.43586   0.50756   0.48594   0.55568  
  4 302.5103   3767.983705  x:  0.11656   0.43916   0.38994   0.17886   0.26306   0.14768   0.23929   0.26890   0.22854   0.23869   0.00000   0.13223   0.05659   0.22943   0.14063   0.17039   0.67409   0.20567   0.22768   0.47636   0.00000   0.07602   0.05839   0.00000   0.06538   0.13358   0.53474   0.59621   0.44027   0.50732   0.49508   0.55891  
  5 472.6071   3763.944388  x:  0.12421   0.44501   0.39991   0.18652   0.28492   0.17475   0.22086   0.26390   0.21630   0.27347   0.00000   0.13255   0.07143   0.23548   0.14193   0.14060   0.69889   0.15637   0.18842   0.45763   0.00000   0.03976   0.05390   0.00000   0.06695   0.13152   0.48120   0.59497   0.46305   0.50456   0.51746   0.57785  
  6 65.4489   3761.772077  x:  0.13104   0.44590   0.40933   0.19334   0.30072   0.19506   0.20836   0.26669   0.21053   0.29373   0.00000   0.13286   0.08539   0.23860   0.14252   0.11843   0.71599   0.11720   0.16247   0.44232   0.00000   0.06725   0.04764   0.00000   0.06021   0.13082   0.43630   0.59422   0.48389   0.50225   0.53563   0.59562  
  7 140.6936   3759.811530  x:  0.13414   0.42133   0.41415   0.19644   0.31433   0.20468   0.22038   0.28667   0.20314   0.26406   0.00000   0.13295   0.10066   0.22569   0.14109   0.10993   0.72132   0.08929   0.19784   0.44562   0.00000   0.06432   0.05581   0.00000   0.05516   0.13164   0.36585   0.59565   0.53189   0.49934   0.56556   0.63908  
  8 32.8591   3756.971095  x:  0.13191   0.40939   0.41901   0.19421   0.33765   0.19561   0.19032   0.27887   0.18118   0.23418   0.00000   0.13165   0.12276   0.24720   0.16275   0.14491   0.71941   0.09965   0.18713   0.47025   0.00000   0.06604   0.02977   0.00000   0.07714   0.12867   0.36637   0.61183   0.66689   0.49619   0.62839   0.75913  
  9 22.0765   3752.317314  x:  0.12105   0.42778   0.42493   0.18336   0.34184   0.18050   0.22340   0.26192   0.16682   0.24570   0.00000   0.12914   0.14273   0.24811   0.14033   0.16959   0.71731   0.11888   0.15540   0.48986   0.00000   0.06433   0.07290   0.00000   0.03143   0.12223   0.40541   0.64445   0.90033   0.49416   0.71148   0.96133  
 10 80.4554   3747.924517  x:  0.10520   0.46457   0.41612   0.16750   0.30068   0.16983   0.26849   0.24011   0.18568   0.28601   0.00000   0.12643   0.12394   0.21785   0.11193   0.14046   0.71975   0.13264   0.16613   0.48030   0.00000   0.06597   0.03351   0.00000   0.05749   0.14415   0.43251   0.67583   1.11296   0.49295   0.74618   1.13635  
 11 94.8432   3743.735803  x:  0.10149   0.49994   0.39659   0.16379   0.25210   0.16925   0.26042   0.21618   0.22233   0.31544   0.00000   0.12373   0.05554   0.22046   0.17295   0.09066   0.73735   0.15123   0.19821   0.45856   0.00000   0.06557   0.03851   0.00000   0.04595   0.12689   0.44272   0.70350   1.30853   0.49052   0.72136   1.28448  
 12 89.4592   3740.493502  x:  0.11033   0.50445   0.38204   0.17263   0.25901   0.17515   0.24206   0.20971   0.23084   0.31982   0.00000   0.12225   0.00000   0.22233   0.15288   0.08775   0.74918   0.16412   0.19888   0.45271   0.00000   0.06498   0.03940   0.00000   0.03998   0.12874   0.43581   0.71345   1.39696   0.48932   0.66929   1.34147  
 13 68.9470   3725.164941  x:  0.07603   0.52631   0.29970   0.13834   0.28696   0.13754   0.29004   0.12228   0.16517   0.35367   0.00000   0.11809   0.00000   0.23742   0.19568   0.05473   0.80724   0.18603   0.22761   0.54296   0.00000   0.07265   0.03456   0.00000   0.04698   0.11462   0.40238   0.70434   1.40260   0.49439   0.43148   1.27956  
 14 31.0622   3722.190779  x:  0.07347   0.56367   0.30065   0.13578   0.25527   0.14907   0.27651   0.11302   0.11724   0.31642   0.00000   0.11896   0.00000   0.20488   0.21434   0.03637   0.82875   0.18271   0.24246   0.56225   0.00000   0.07375   0.04265   0.00000   0.04521   0.13536   0.42127   0.68921   1.28205   0.49599   0.48227   1.17171  
 15 78.6837   3720.962719  x:  0.07338   0.59082   0.26823   0.13568   0.25241   0.15824   0.28187   0.11315   0.11668   0.30565   0.00000   0.11851   0.00000   0.19737   0.21251   0.05071   0.83921   0.17818   0.24628   0.56048   0.00000   0.07530   0.03920   0.00000   0.05130   0.10360   0.41982   0.68277   1.24839   0.49667   0.51789   1.11920  
 16 29.9840   3718.984301  x:  0.07758   0.62162   0.21585   0.13989   0.26617   0.14937   0.29325   0.10951   0.13104   0.29637   0.00000   0.11586   0.00000   0.22598   0.21657   0.05997   0.83987   0.16631   0.24639   0.55844   0.00000   0.07450   0.03972   0.00000   0.04598   0.13277   0.41042   0.67205   1.24125   0.49751   0.56563   1.04126  
 17 30.7608   3710.556829  x:  0.10961   0.67170   0.25587   0.17192   0.31466   0.08817   0.30537   0.08391   0.11022   0.29788   0.00000   0.10196   0.00000   0.26537   0.18928   0.03204   0.81051   0.14198   0.23996   0.59266   0.00000   0.07216   0.02118   0.00000   0.03959   0.10743   0.38258   0.62579   1.35949   0.49849   0.65255   0.78444  
 18 35.1436   3701.253511  x:  0.09036   0.68604   0.26666   0.15267   0.35984   0.13268   0.30507   0.10444   0.08060   0.32528   0.00000   0.08692   0.00000   0.26859   0.18088   0.02911   0.80139   0.13323   0.21199   0.65080   0.00000   0.06985   0.00427   0.00000   0.02599   0.11102   0.36328   0.58586   1.55437   0.49784   0.67770   0.58979  
 19 165.0792   3698.518982  x:  0.06553   0.67215   0.28161   0.12784   0.36354   0.12043   0.28049   0.08755   0.10776   0.34229   0.00000   0.08229   0.00000   0.23843   0.17921   0.05560   0.81536   0.11014   0.20181   0.67772   0.00000   0.06815   0.00537   0.00000   0.01594   0.11812   0.35085   0.56520   1.59107   0.49670   0.70493   0.50962  
 20 85.5611   3697.472514  x:  0.06384   0.64644   0.26867   0.12615   0.35569   0.09752   0.27379   0.10444   0.10642   0.34295   0.00000   0.08016   0.00000   0.23293   0.17345   0.05097   0.85017   0.09047   0.18814   0.68766   0.00000   0.06623   0.00461   0.00000   0.01453   0.11582   0.36194   0.55759   1.60818   0.49582   0.70470   0.50625  
 21 26.6381   3696.372036  x:  0.07610   0.60749   0.26738   0.13841   0.34591   0.10808   0.28669   0.08804   0.10581   0.34300   0.00000   0.07760   0.00000   0.23729   0.17257   0.05748   0.88382   0.07419   0.18471   0.69022   0.00000   0.06595   0.00282   0.00000   0.01504   0.11644   0.37765   0.54703   1.59716   0.49552   0.71427   0.50944  
 22 25.8440   3693.598559  x:  0.06795   0.54782   0.26920   0.13026   0.33683   0.12456   0.27769   0.08281   0.08534   0.38056   0.00000   0.07041   0.00000   0.27749   0.14730   0.05390   0.92212   0.07092   0.20826   0.70198   0.00000   0.06709   0.00630   0.00000   0.01129   0.11010   0.38889   0.51811   1.50890   0.49492   0.76909   0.52556  
 23 27.2663   3683.466825  x:  0.07983   0.50415   0.28045   0.14214   0.40948   0.13651   0.32390   0.07985   0.07700   0.36670   0.00000   0.04447   0.00000   0.22475   0.17460   0.04176   1.00665   0.12977   0.09504   0.72068   0.00000   0.06096   0.01003   0.00000   0.01292   0.12355   0.34198   0.46324   1.30684   0.49190   0.81405   0.71989  
 24 35.0414   3680.761002  x:  0.07439   0.54099   0.29108   0.13670   0.46215   0.14655   0.32482   0.07917   0.06202   0.34961   0.00000   0.03640   0.00000   0.21318   0.17784   0.06303   1.01048   0.04393   0.10793   0.71887   0.00000   0.05866   0.01136   0.00000   0.01165   0.12883   0.37549   0.47945   1.28488   0.48495   0.77967   0.80412  
 25 32.5537   3680.654943  x:  0.07439   0.54165   0.29136   0.13670   0.46195   0.14701   0.32464   0.07921   0.06217   0.34916   0.00000   0.03607   0.00990   0.21356   0.17746   0.06348   1.01018   0.04201   0.10765   0.72034   0.00000   0.05858   0.01140   0.00000   0.01172   0.12880   0.37541   0.48217   1.28323   0.48389   0.77930   0.80613  
 26 14.8277   3677.854384  x:  0.08211   0.54830   0.29984   0.14442   0.40387   0.15158   0.31608   0.08609   0.05829   0.35464   0.00000   0.02461   0.00544   0.23751   0.16161   0.09474   1.00105   0.02001   0.08919   0.77303   0.00000   0.05696   0.01167   0.00000   0.01466   0.13042   0.33445   0.61750   1.22280   0.43030   0.78177   0.84746  
 27  8.0149   3671.711704  x:  0.08244   0.51087   0.30610   0.14475   0.46396   0.14903   0.29885   0.09233   0.05925   0.39083   0.00000   0.00385   0.00199   0.21306   0.16122   0.08714   1.02594   0.03542   0.11592   0.79527   0.00000   0.05938   0.01133   0.00000   0.01931   0.13218   0.33222   0.82225   1.07592   0.33993   0.84474   0.88786  
 28 43.1026   3671.209650  x:  0.07120   0.50930   0.31359   0.13351   0.46839   0.15325   0.30022   0.08981   0.06867   0.37657   0.00000   0.00241   0.00000   0.22215   0.15541   0.07732   1.03188   0.03513   0.11281   0.79532   0.00000   0.05893   0.01119   0.00000   0.02128   0.12879   0.33409   0.83075   1.05876   0.34210   0.85208   0.88807  
 29 24.6558   3670.538681  x:  0.05965   0.51449   0.32552   0.12197   0.46406   0.14762   0.30349   0.09131   0.05701   0.37049   0.00000   0.00150   0.00303   0.23143   0.15412   0.09232   1.04816   0.04098   0.11494   0.76867   0.00000   0.05888   0.01057   0.00000   0.02176   0.13170   0.32627   0.82183   1.05201   0.36746   0.85067   0.89453  
 30 10.5610   3661.360999  x:  0.06103   0.53371   0.33685   0.12334   0.47107   0.15304   0.28207   0.10599   0.06795   0.36385   0.00000   0.00317   0.00000   0.23849   0.13949   0.10473   1.06240   0.02886   0.13908   0.80262   0.00000   0.06006   0.01064   0.00000   0.02909   0.13196   0.31811   0.71094   0.96821   0.58730   0.87776   0.94144  
 31 10.3500   3653.899141  x:  0.06401   0.58837   0.34960   0.12632   0.45287   0.15887   0.29916   0.11924   0.06815   0.31620   0.00000   0.00358   0.00294   0.26594   0.12624   0.13086   1.09026   0.01975   0.14803   0.81158   0.00000   0.05996   0.01172   0.00000   0.03664   0.13420   0.33191   0.37198   1.09305   0.34726   0.86404   0.86540  
 32 11.9230   3647.549061  x:  0.06090   0.56666   0.38462   0.12321   0.47860   0.17025   0.34608   0.12846   0.06508   0.24076   0.00000   0.00621   0.00775   0.28480   0.13351   0.13018   1.19152   0.03603   0.14644   0.78003   0.00000   0.06033   0.01479   0.00000   0.04355   0.13560   0.35467   0.54298   1.33795   0.30297   0.87609   0.56249  
 33  8.9241   3644.357615  x:  0.10359   0.57711   0.36789   0.16589   0.48023   0.18196   0.34820   0.14094   0.07267   0.23804   0.00000   0.00218   0.00734   0.26887   0.14123   0.12894   1.19677   0.02401   0.15161   0.83434   0.00000   0.06124   0.01745   0.00000   0.04230   0.13683   0.36706   0.50510   1.48002   0.42679   0.87267   0.46173  
 34 14.0939   3629.833814  x:  0.12225   0.67916   0.40200   0.18455   0.50597   0.20150   0.34595   0.16796   0.10674   0.21712   0.00000   0.00023   0.00219   0.28109   0.13798   0.12608   1.27232   0.06598   0.17899   0.92488   0.00000   0.06514   0.01673   0.00000   0.01831   0.13576   0.32854   0.61014   1.15229   0.39891   0.93354   0.79408  
 35  3.6523   3620.805154  x:  0.11797   0.74603   0.43326   0.18027   0.53834   0.21209   0.34295   0.18267   0.12082   0.21511   0.00000   0.00282   0.00000   0.29345   0.13729   0.12354   1.36363   0.09760   0.19524   0.98063   0.00000   0.06821   0.01627   0.00000   0.00970   0.13417   0.30445   0.66312   0.97653   0.41982   0.98730   0.94273  
 36  3.8119   3620.805154  x:  0.11797   0.74603   0.43326   0.18027   0.53834   0.21209   0.34295   0.18267   0.12082   0.21511   0.00000   0.00282   0.00000   0.29345   0.13729   0.12354   1.36363   0.09760   0.19524   0.98063   0.00000   0.06821   0.01627   0.00000   0.00970   0.13417   0.30445   0.66312   0.97653   0.41982   0.98730   0.94273  
 37  0.8236   3619.087697  x:  0.11722   0.74714   0.43420   0.17951   0.53830   0.21103   0.34298   0.18243   0.12116   0.21884   0.00000   0.01564   0.00068   0.29364   0.13838   0.12319   1.36634   0.09734   0.19597   0.98210   0.00000   0.06798   0.01890   0.00000   0.02161   0.13435   0.30531   0.66287   0.97652   0.41990   0.98713   0.94252  
 38 318.5935   3616.353697  x:  0.11262   0.75389   0.44000   0.17491   0.53804   0.20457   0.34315   0.18100   0.12314   0.24092   0.00000   0.00369   0.00696   0.29472   0.14475   0.12103   1.38300   0.09569   0.20037   0.99115   0.00000   0.06726   0.02555   0.00000   0.03983   0.13507   0.31041   0.66131   0.97644   0.42042   0.98605   0.94117  
 39 130.4019   3606.583976  x:  0.07647   0.80788   0.48606   0.13876   0.53560   0.15307   0.34483   0.16996   0.13587   0.39846   0.00000   0.01588   0.03164   0.30166   0.18844   0.10390   1.51751   0.08176   0.23372   1.06389   0.00000   0.06530   0.01699   0.00000   0.01828   0.13900   0.34655   0.64851   0.97577   0.42464   0.97718   0.93017  
 40 209.5803   3602.843594  x:  0.06900   0.82449   0.49959   0.13129   0.53475   0.14230   0.34582   0.16960   0.13396   0.41551   0.00000   0.01478   0.00000   0.29931   0.18633   0.10056   1.56346   0.07587   0.23930   1.08741   0.00000   0.06712   0.02178   0.00000   0.01768   0.13825   0.34464   0.64347   0.97552   0.42612   0.97365   0.92574  
 41 125.5774   3600.733526  x:  0.06027   0.84756   0.51816   0.12256   0.53396   0.13314   0.34681   0.17081   0.13445   0.43640   0.00000   0.01151   0.00000   0.29644   0.18334   0.09746   1.62928   0.06775   0.24648   1.12042   0.00000   0.06699   0.00783   0.00000   0.02339   0.13765   0.34145   0.63600   0.97515   0.42820   0.96836   0.91910  
 42 554.1433   3596.728751  x:  0.06330   0.89775   0.55608   0.12559   0.53810   0.18759   0.34343   0.19206   0.17924   0.46542   0.00000   0.00922   0.00000   0.29909   0.18967   0.11146   1.79738   0.05263   0.25715   1.19620   0.00000   0.04098   0.01235   0.00000   0.02263   0.13977   0.33988   0.61378   0.97402   0.43304   0.95193   0.89842  
 43 131.4582   3595.326781  x:  0.06995   0.91425   0.56598   0.13225   0.54055   0.21654   0.34013   0.19782   0.19634   0.46723   0.00000   0.00882   0.00000   0.30259   0.19399   0.12096   1.86712   0.04530   0.25673   1.22371   0.00000   0.07162   0.01240   0.00000   0.02314   0.14145   0.33862   0.60287   0.97349   0.43510   0.94382   0.88805  
 44 144.9372   3591.319039  x:  0.10936   0.90690   0.52140   0.17165   0.54434   0.25842   0.31901   0.14902   0.15386   0.35430   0.00000   0.01421   0.00000   0.32185   0.19071   0.15398   2.03651   0.00000   0.20075   1.24812   0.00000   0.06626   0.00943   0.00000   0.02255   0.13442   0.30824   0.55679   0.97132   0.44178   0.91032   0.84323  
 45 39.3424   3591.319039  x:  0.10936   0.90690   0.52140   0.17165   0.54434   0.25842   0.31901   0.14902   0.15386   0.35430   0.00000   0.01421   0.00000   0.32185   0.19071   0.15398   2.03651   0.00000   0.20075   1.24812   0.00000   0.06626   0.00943   0.00000   0.02255   0.13442   0.30824   0.55679   0.97132   0.44178   0.91032   0.84323  
 46 36.0569   3590.123630  x:  0.10796   0.90723   0.52154   0.17025   0.54421   0.25486   0.32009   0.15064   0.15193   0.35403   0.00000   0.00711   0.00000   0.32082   0.18881   0.15346   2.03830   0.00003   0.20192   1.24869   0.00000   0.06668   0.02483   0.00000   0.02576   0.13445   0.30912   0.55632   0.97130   0.44190   0.91001   0.84281  
 47 164.3171   3586.515465  x:  0.07737   0.91453   0.52474   0.13966   0.54135   0.17679   0.34297   0.18471   0.11057   0.34819   0.00000   0.00482   0.00000   0.29837   0.14828   0.14218   2.07820   0.00047   0.22731   1.26127   0.00000   0.06766   0.02036   0.00000   0.03737   0.13838   0.32810   0.54574   0.97086   0.44447   0.90321   0.83352  
 48 58.0876   3586.350991  x:  0.07538   0.91517   0.52510   0.13767   0.54120   0.17169   0.34432   0.18651   0.10888   0.34787   0.00000   0.00872   0.00000   0.29692   0.14657   0.14143   2.08158   0.00049   0.22905   1.26230   0.00000   0.06778   0.02224   0.00000   0.03607   0.13840   0.32929   0.54484   0.97082   0.44465   0.90262   0.83270  
 49 135.8986   3585.937074  x:  0.07106   0.91737   0.52667   0.13336   0.54106   0.16067   0.34664   0.18846   0.11017   0.34751   0.00000   0.00781   0.00000   0.29386   0.14739   0.13974   2.09290   0.00048   0.23325   1.26560   0.00000   0.06783   0.02396   0.00000   0.02303   0.13759   0.33168   0.54185   0.97068   0.44512   0.90058   0.82986  
 50 66.2332   3584.888966  x:  0.05753   0.93057   0.53741   0.11983   0.54158   0.12710   0.35119   0.18445   0.14263   0.34815   0.00000   0.00784   0.00000   0.28396   0.17404   0.13373   2.15923   0.00009   0.25023   1.28421   0.00000   0.06318   0.02314   0.00000   0.02847   0.13299   0.33800   0.52439   0.96986   0.44725   0.88833   0.81257  
 51 42.1126   3584.827455  x:  0.05758   0.93119   0.53795   0.11987   0.54161   0.12733   0.35124   0.18433   0.14290   0.34816   0.00000   0.00784   0.00000   0.28378   0.17383   0.13365   2.16246   0.00000   0.25059   1.28504   0.00000   0.06382   0.02312   0.00000   0.02850   0.13319   0.33786   0.52355   0.96982   0.44733   0.88771   0.81167  
 52 37.0951   3583.120344  x:  0.06317   0.96377   0.56458   0.12547   0.54334   0.14653   0.35158   0.17930   0.14236   0.34873   0.00000   0.00795   0.00000   0.28077   0.15825   0.13031   2.33945   0.00000   0.26146   1.32899   0.00000   0.04068   0.02402   0.00000   0.02671   0.13692   0.32957   0.47749   0.96750   0.45162   0.85294   0.76111  
 53 176.1119   3582.203579  x:  0.06461   0.97796   0.56500   0.12690   0.54410   0.14866   0.34400   0.17809   0.11500   0.34861   0.00000   0.00783   0.00000   0.30023   0.17438   0.12660   2.44689   0.00000   0.23889   1.34811   0.00000   0.04348   0.02353   0.00000   0.02762   0.11244   0.33272   0.45014   0.96583   0.45350   0.82946   0.72585  
 54 55.6546   3581.861136  x:  0.06416   0.97944   0.55278   0.12645   0.54550   0.14555   0.33842   0.18255   0.10920   0.34879   0.00000   0.00782   0.00000   0.31074   0.18234   0.12809   2.49251   0.00000   0.21668   1.34974   0.00000   0.04287   0.02380   0.00000   0.02723   0.13061   0.33868   0.43988   0.96495   0.45380   0.81729   0.70702  
 55 33.0388   3581.576531  x:  0.06657   0.97301   0.52316   0.12887   0.54884   0.14171   0.33518   0.19131   0.12281   0.34846   0.00000   0.00784   0.00000   0.31032   0.17043   0.14172   2.53325   0.00000   0.19616   1.33937   0.00000   0.04333   0.02370   0.00000   0.02729   0.12465   0.34298   0.43423   0.96372   0.45339   0.80206   0.68306  
 56 17.8168   3581.397073  x:  0.07182   0.96324   0.49577   0.13412   0.54868   0.13788   0.33698   0.18221   0.11773   0.34666   0.00000   0.00779   0.00000   0.30366   0.17334   0.15671   2.56059   0.00000   0.20274   1.32267   0.00000   0.04364   0.02369   0.00000   0.02740   0.12618   0.33841   0.43444   0.96246   0.45267   0.78749   0.66076  
 57 13.4110   3581.303668  x:  0.06955   0.95513   0.48521   0.13184   0.54271   0.14715   0.34228   0.18635   0.11712   0.34759   0.00000   0.00785   0.00000   0.30207   0.17692   0.14958   2.57494   0.00000   0.21159   1.30595   0.00000   0.04376   0.02369   0.00000   0.02723   0.12595   0.34421   0.43842   0.96126   0.45175   0.77525   0.64380  
 58  7.9844   3581.203269  x:  0.07345   0.94603   0.48958   0.13574   0.53386   0.14299   0.34045   0.18208   0.11965   0.34899   0.00000   0.00781   0.00000   0.30532   0.17274   0.13358   2.58857   0.00000   0.21404   1.28234   0.00000   0.04413   0.02366   0.00000   0.02727   0.12622   0.34132   0.44670   0.95938   0.44972   0.75753   0.62187  
 59  7.6240   3581.118604  x:  0.07396   0.94006   0.50876   0.13625   0.53733   0.14205   0.33707   0.18771   0.11954   0.34762   0.00000   0.00782   0.00000   0.30648   0.17418   0.14176   2.59831   0.00000   0.21606   1.26423   0.00000   0.04474   0.02362   0.00000   0.02721   0.12658   0.34419   0.45592   0.95705   0.44754   0.73861   0.60347  
 60  5.4795   3581.059657  x:  0.06559   0.93742   0.51821   0.12788   0.54193   0.14482   0.33733   0.18519   0.11902   0.34675   0.00000   0.00779   0.00000   0.30359   0.17375   0.14481   2.60435   0.00000   0.21200   1.25700   0.00000   0.04519   0.02358   0.00000   0.02724   0.12673   0.33761   0.46182   0.95517   0.44638   0.72532   0.59378  
 61  7.0708   3580.933920  x:  0.06565   0.94019   0.52294   0.12796   0.55344   0.14642   0.34792   0.17299   0.11868   0.35132   0.00000   0.00775   0.00000   0.29849   0.17075   0.14256   2.61632   0.00000   0.20696   1.26739   0.00000   0.04652   0.02348   0.00000   0.02724   0.12717   0.34813   0.47325   0.95015   0.44609   0.69949   0.58887  
 62  2.8838   3580.558121  x:  0.07377   0.95037   0.52007   0.13608   0.57295   0.14622   0.35999   0.18639   0.12125   0.35408   0.00000   0.00774   0.00000   0.29794   0.17428   0.13138   2.65286   0.00000   0.21125   1.31337   0.00000   0.05068   0.02320   0.00000   0.02691   0.12942   0.33186   0.49870   0.93478   0.44423   0.62979   0.58575  
 63 10.2572   3580.256405  x:  0.06831   0.95293   0.51520   0.13063   0.56731   0.14961   0.33129   0.18167   0.12422   0.34580   0.00000   0.00764   0.00000   0.30419   0.16621   0.13046   2.68481   0.00000   0.22620   1.34759   0.00000   0.05419   0.02295   0.00000   0.02685   0.13119   0.33751   0.50283   0.92296   0.44185   0.59207   0.58915  
 64 10.7510   3579.761597  x:  0.07081   0.94597   0.53085   0.13315   0.50851   0.15379   0.33766   0.18091   0.12707   0.34334   0.00000   0.00755   0.00000   0.28264   0.16701   0.14534   2.74838   0.00000   0.21724   1.37290   0.00000   0.06004   0.02255   0.00000   0.02648   0.13383   0.33782   0.46260   0.90605   0.44591   0.59743   0.59982  
 65  5.9946   3579.509529  x:  0.06770   0.95063   0.53538   0.13005   0.50974   0.15379   0.35111   0.17658   0.13249   0.35506   0.00000   0.00751   0.00000   0.30531   0.15993   0.15153   2.78724   0.00000   0.22694   1.36833   0.00000   0.06330   0.02233   0.00000   0.02629   0.13603   0.33370   0.43373   0.89921   0.45046   0.62661   0.60391  
 66  8.4175   3579.195293  x:  0.07208   0.97577   0.53770   0.13443   0.54644   0.15696   0.34121   0.17848   0.13199   0.34659   0.00000   0.00743   0.00000   0.28982   0.16039   0.13236   2.84277   0.00000   0.23286   1.34437   0.00000   0.06719   0.02204   0.00000   0.02616   0.13765   0.33300   0.40147   0.89408   0.45587   0.68781   0.60733  
 67  9.7591   3579.163453  x:  0.07110   0.99270   0.53625   0.13346   0.54080   0.15721   0.33974   0.17876   0.13188   0.34988   0.00000   0.00743   0.00000   0.28938   0.16024   0.13532   2.85434   0.00000   0.23245   1.33991   0.00000   0.06755   0.02200   0.00000   0.02614   0.13779   0.33260   0.41725   0.89809   0.45573   0.69969   0.60863  
 68  2.3551   3579.160404  x:  0.07111   0.99267   0.53641   0.13347   0.54048   0.15728   0.34124   0.17835   0.13230   0.34594   0.00000   0.00743   0.00000   0.29055   0.16009   0.13543   2.85660   0.00000   0.23225   1.33985   0.00000   0.06758   0.02199   0.00000   0.02613   0.13783   0.33271   0.41956   0.90053   0.45547   0.70082   0.60933  
 69  0.9765   3579.144050  x:  0.07113   0.97685   0.53899   0.13349   0.54352   0.15728   0.34093   0.17860   0.13203   0.34764   0.00000   0.00742   0.00000   0.29019   0.16048   0.13442   2.87608   0.00000   0.23201   1.34267   0.00000   0.06768   0.02192   0.00000   0.02615   0.13771   0.33225   0.43154   0.92957   0.45100   0.70458   0.61668  
 70  0.8132   3579.103100  x:  0.07124   0.99296   0.53830   0.13360   0.54186   0.15688   0.34261   0.17841   0.13192   0.34841   0.00000   0.00739   0.00000   0.29065   0.16139   0.13493   2.90634   0.00000   0.23167   1.33789   0.00000   0.06792   0.02164   0.00000   0.02623   0.13726   0.33292   0.41525   1.01995   0.45299   0.67836   0.61094  
 71  0.7669   3579.076955  x:  0.07121   0.98948   0.53915   0.13357   0.54241   0.15652   0.34232   0.17862   0.13174   0.34868   0.00000   0.00737   0.00000   0.29122   0.16233   0.13442   2.93042   0.00000   0.23120   1.35471   0.00000   0.06793   0.02142   0.00000   0.02633   0.13682   0.33319   0.41842   1.00776   0.46554   0.67817   0.57802  
 72  0.2814   3579.033515  x:  0.07135   0.99272   0.54038   0.13371   0.54391   0.15577   0.34586   0.17839   0.13107   0.34952   0.00000   0.00734   0.00000   0.29228   0.16405   0.13422   2.99301   0.00000   0.22969   1.34857   0.00000   0.06785   0.02102   0.00000   0.02653   0.13607   0.33380   0.41507   0.94688   0.44257   0.65144   0.58495  
 73  0.7922   3579.029567  x:  0.07134   0.99195   0.54072   0.13371   0.54420   0.15578   0.34524   0.17852   0.13098   0.34966   0.00000   0.00734   0.00000   0.29236   0.16420   0.13420   3.00104   0.00000   0.22954   1.34494   0.00000   0.06783   0.02098   0.00000   0.02655   0.13599   0.33368   0.41586   0.94025   0.45459   0.64623   0.59157  
 74  0.5536   3579.026919  x:  0.07155   0.99205   0.53920   0.13392   0.54407   0.15630   0.34327   0.17837   0.13090   0.34880   0.00000   0.00743   0.00000   0.29195   0.16291   0.13428   3.00913   0.00000   0.22938   1.34744   0.00000   0.06725   0.02108   0.00000   0.02641   0.13581   0.33329   0.41612   0.94309   0.45420   0.63941   0.59044  
 75  0.0105   3579.026807  x:  0.07149   0.99212   0.53914   0.13386   0.54410   0.15630   0.34337   0.17845   0.13103   0.34883   0.00000   0.00744   0.00000   0.29190   0.16317   0.13417   3.00989   0.00000   0.22960   1.34772   0.00000   0.06702   0.02112   0.00000   0.02641   0.13595   0.33340   0.41637   0.94325   0.45410   0.63927   0.59043  
 76  0.0008   3579.026800  x:  0.07151   0.99214   0.53918   0.13388   0.54409   0.15631   0.34342   0.17845   0.13100   0.34886   0.00000   0.00744   0.00000   0.29192   0.16310   0.13418   3.00989   0.00000   0.22959   1.34757   0.00000   0.06698   0.02113   0.00000   0.02642   0.13597   0.33338   0.41625   0.94322   0.45413   0.63956   0.59045  
 77  0.0003   3579.026800  x:  0.07151   0.99215   0.53919   0.13388   0.54409   0.15631   0.34341   0.17844   0.13100   0.34886   0.00000   0.00744   0.00000   0.29192   0.16311   0.13419   3.00988   0.00000   0.22958   1.34757   0.00000   0.06698   0.02113   0.00000   0.02642   0.13597   0.33338   0.41623   0.94323   0.45413   0.63959   0.59047  
 78  0.0001   3579.026800  x:  0.07151   0.99215   0.53919   0.13388   0.54409   0.15631   0.34341   0.17844   0.13100   0.34886   0.00000   0.00744   0.00000   0.29192   0.16311   0.13419   3.00987   0.00000   0.22958   1.34757   0.00000   0.06698   0.02113   0.00000   0.02642   0.13596   0.33338   0.41623   0.94323   0.45413   0.63959   0.59047  
 79  0.0000   3579.026800  x:  0.07151   0.99215   0.53919   0.13388   0.54409   0.15631   0.34341   0.17844   0.13100   0.34886   0.00000   0.00744   0.00000   0.29192   0.16311   0.13419   3.00987   0.00000   0.22958   1.34757   0.00000   0.06698   0.02113   0.00000   0.02642   0.13596   0.33338   0.41623   0.94323   0.45413   0.63959   0.59047  