

TREE # 1

  0  0.0000   3035.813102  x:  0.03242   0.09905   0.04023   0.04545   0.10297   0.09806   0.04507   0.07593   0.02861   0.04821   0.03537   0.06138   0.08598   0.03129   0.10345   0.07841   0.05623   0.43026   0.57780   0.55133  
  1 99.0000   2461.256169  x:  0.62318   0.24823   0.20425   0.34735   0.03932   0.03998   0.08203   0.26178   0.27999   0.34786   0.39717   1.01827   0.06171   0.09526   0.05642   0.11131   0.60750   0.42171   0.58443   0.55510  
  2 2708.5152   2447.145730  x:  0.61978   0.25200   0.19741   0.34499   0.00000   0.00747   0.06598   0.26412   0.26740   0.34245   0.38715   1.03160   0.04718   0.08695   0.03114   0.10723   0.61085   0.40575   0.58686   0.55709  
  3 229.5789   2442.661475  x:  0.61404   0.25797   0.18758   0.34170   0.00000   0.01965   0.04449   0.26793   0.24872   0.33402   0.37128   1.05128   0.03159   0.07937   0.00683   0.10499   0.61573   0.38274   0.59068   0.56025  
  4 211.1621   2437.034013  x:  0.60043   0.27173   0.16601   0.33465   0.00000   0.02781   0.00000   0.27680   0.20709   0.31473   0.33471   1.09531   0.00450   0.06673   0.02146   0.10329   0.62657   0.33214   0.59947   0.56754  
  5 321.4346   2437.034013  x:  0.60043   0.27173   0.16601   0.33465   0.00000   0.02781   0.00000   0.27680   0.20709   0.31473   0.33471   1.09531   0.00450   0.06673   0.02146   0.10329   0.62657   0.33214   0.59947   0.56754  
  6 193.4489   2433.522637  x:  0.59715   0.27451   0.16454   0.33488   0.00000   0.00597   0.01601   0.27882   0.20241   0.31135   0.32763   1.10139   0.02508   0.06936   0.01531   0.10905   0.62766   0.32796   0.60123   0.56898  
  7 167.8751   2431.489557  x:  0.57655   0.29000   0.15134   0.33142   0.00000   0.02761   0.04117   0.28866   0.17284   0.29052   0.28458   1.13758   0.03597   0.08046   0.01723   0.11487   0.63510   0.30347   0.61138   0.57780  
  8 73.2783   2427.108625  x:  0.53756   0.31798   0.12523   0.32177   0.00000   0.01213   0.04703   0.30511   0.12314   0.25278   0.20423   1.20682   0.01152   0.08785   0.01962   0.11111   0.65101   0.26809   0.63056   0.59496  
  9 195.1737   2425.124916  x:  0.51197   0.33613   0.11392   0.31476   0.00000   0.01460   0.02803   0.31476   0.12253   0.23479   0.15568   1.25986   0.02159   0.07600   0.00937   0.11737   0.66713   0.28295   0.64491   0.60876  
 10 89.7187   2424.429623  x:  0.49968   0.34459   0.11028   0.31195   0.00000   0.01361   0.02291   0.31904   0.12630   0.22777   0.13394   1.28704   0.02631   0.07146   0.02015   0.12012   0.67573   0.29267   0.65213   0.61596  
 11 248.1224   2423.211918  x:  0.47817   0.35707   0.11419   0.31047   0.00000   0.01305   0.04089   0.32381   0.14864   0.22594   0.10787   1.34516   0.01306   0.07502   0.01822   0.11673   0.69544   0.31446   0.66668   0.63215  
 12 83.5776   2421.200872  x:  0.43682   0.35780   0.13344   0.30985   0.00000   0.01119   0.02609   0.31018   0.15949   0.26896   0.12464   1.50641   0.01527   0.10046   0.01795   0.12079   0.74881   0.30215   0.70365   0.68093  
 13 45.1236   2420.507041  x:  0.42976   0.34879   0.13557   0.31306   0.00000   0.01230   0.03328   0.30417   0.15421   0.28642   0.13296   1.56316   0.01305   0.07368   0.01856   0.12045   0.76358   0.29757   0.71596   0.70108  
 14 57.0641   2420.251946  x:  0.44702   0.32440   0.12439   0.31920   0.00000   0.01218   0.03462   0.30328   0.14586   0.29309   0.12837   1.59174   0.01181   0.07781   0.01862   0.12145   0.75756   0.30905   0.72036   0.72154  
 15 14.0381   2420.084188  x:  0.46900   0.31012   0.13065   0.32166   0.00000   0.01200   0.03226   0.30394   0.15569   0.29266   0.11767   1.61284   0.01210   0.07683   0.01845   0.12216   0.74125   0.29972   0.72184   0.74665  
 16 13.2606   2419.997820  x:  0.48308   0.31913   0.14009   0.32043   0.00000   0.01192   0.03166   0.30306   0.14981   0.29255   0.11783   1.62318   0.01216   0.07684   0.01852   0.12104   0.72688   0.30393   0.72031   0.77168  
 17  8.5015   2419.911426  x:  0.48788   0.33129   0.12745   0.31618   0.00000   0.01169   0.03235   0.30310   0.15421   0.29203   0.12557   1.62889   0.01146   0.07654   0.01852   0.12226   0.71116   0.30309   0.71521   0.81140  
 18  7.7571   2419.713040  x:  0.45822   0.32156   0.13236   0.32414   0.00000   0.01130   0.03127   0.30500   0.15302   0.28126   0.13267   1.61513   0.01319   0.07641   0.01844   0.11669   0.69787   0.30656   0.69255   0.94632  
 19  6.7751   2419.639127  x:  0.45697   0.32005   0.13452   0.31859   0.00000   0.01081   0.03208   0.30312   0.15198   0.28572   0.12827   1.60412   0.00956   0.07612   0.01836   0.12834   0.70819   0.30650   0.68452   1.00068  
 20 10.9355   2419.562730  x:  0.46294   0.32165   0.13284   0.31269   0.00000   0.01087   0.03216   0.30205   0.15200   0.29446   0.12052   1.59066   0.01250   0.07612   0.01835   0.11952   0.72792   0.30439   0.67850   1.05756  
 21 14.2088   2419.549799  x:  0.46608   0.32432   0.13201   0.31999   0.00000   0.01073   0.03145   0.30478   0.15240   0.29386   0.12072   1.58819   0.01226   0.07601   0.01833   0.12025   0.73344   0.30344   0.68064   1.06716  
 22  2.9762   2419.532719  x:  0.47071   0.32369   0.13187   0.31902   0.00000   0.01049   0.03157   0.30126   0.15296   0.28154   0.12600   1.58554   0.01213   0.07591   0.01828   0.12025   0.74028   0.30362   0.69615   1.07780  
 23  1.1795   2419.520256  x:  0.47043   0.32264   0.13262   0.31593   0.00000   0.01019   0.03142   0.30807   0.15264   0.28232   0.12752   1.58334   0.01192   0.07564   0.01824   0.12030   0.73968   0.30395   0.71001   1.08356  
 24  1.2955   2419.491353  x:  0.46585   0.32364   0.13215   0.31822   0.00000   0.00948   0.03079   0.30307   0.15293   0.29196   0.12234   1.57814   0.01164   0.07533   0.01806   0.12038   0.73247   0.30450   0.73950   1.09428  
 25  2.5058   2419.397401  x:  0.46707   0.32385   0.13180   0.31749   0.00000   0.00674   0.02874   0.30310   0.15397   0.29069   0.12004   1.60425   0.01127   0.07380   0.01734   0.11945   0.73403   0.30672   0.71436   1.10124  
 26  0.2954   2419.352327  x:  0.46720   0.32402   0.13218   0.31735   0.00000   0.00775   0.02749   0.30240   0.15739   0.29284   0.11751   1.62890   0.01329   0.07283   0.01620   0.11928   0.73337   0.31126   0.70509   1.14138  
 27  0.0547   2419.347241  x:  0.46625   0.32448   0.13236   0.31729   0.00000   0.00739   0.02839   0.30263   0.15772   0.29285   0.11738   1.63100   0.01367   0.07397   0.01596   0.11933   0.73255   0.31130   0.70648   1.17185  
 28  0.0260   2419.346622  x:  0.46618   0.32431   0.13230   0.31739   0.00000   0.00743   0.02859   0.30264   0.15730   0.29273   0.11770   1.63020   0.01368   0.07347   0.01601   0.11924   0.73230   0.31091   0.70612   1.18421  
 29  0.0099   2419.346558  x:  0.46628   0.32430   0.13231   0.31738   0.00000   0.00745   0.02844   0.30263   0.15731   0.29269   0.11773   1.63003   0.01363   0.07361   0.01603   0.11925   0.73212   0.31090   0.70578   1.18757  
 30  0.0027   2419.346555  x:  0.46627   0.32430   0.13231   0.31738   0.00000   0.00745   0.02843   0.30262   0.15733   0.29272   0.11772   1.63016   0.01360   0.07359   0.01603   0.11927   0.73211   0.31094   0.70585   1.18792  
 31  0.0003   2419.346555  x:  0.46626   0.32431   0.13231   0.31738   0.00000   0.00745   0.02844   0.30263   0.15733   0.29272   0.11771   1.63017   0.01359   0.07359   0.01604   0.11927   0.73212   0.31094   0.70586   1.18790  
 32  0.0000   2419.346555  x:  0.46626   0.32431   0.13231   0.31738   0.00000   0.00745   0.02844   0.30263   0.15733   0.29272   0.11771   1.63018   0.01359   0.07359   0.01604   0.11927   0.73212   0.31093   0.70586   1.18790  
 33  0.0000   2419.346555  x:  0.46626   0.32431   0.13231   0.31738   0.00000   0.00745   0.02844   0.30263   0.15733   0.29272   0.11771   1.63018   0.01359   0.07359   0.01604   0.11927   0.73212   0.31093   0.70586   1.18790  
 34  0.0000   2419.346555  x:  0.46626   0.32431   0.13231   0.31738   0.00000   0.00745   0.02844   0.30263   0.15733   0.29272   0.11771   1.63018   0.01359   0.07359   0.01604   0.11927   0.73212   0.31093   0.70586   1.18790  