CODONML (in paml version 4.9f, October 2017)  upto_Malurus_cyaneus.aln
Model: several dN/dS ratios for branches for branches,  kappa = 1.000 fixed

Codon frequency model: F1x4
ns =  71  ls = 142

Codon usage in sequences
--------------------------------------------------------------------------------------------------------------------------------------
Phe TTT   2   1   2   2   2   4 | Ser TCT   2   3   1   2   2   2 | Tyr TAT   3   4   3   3   2   4 | Cys TGT   1   3   4   3   4   3
    TTC   2   3   3   4   3   2 |     TCC   2   1   0   0   0   1 |     TAC   2   2   2   1   3   1 |     TGC   4   1   3   2   3   2
Leu TTA   2   2   2   2   2   1 |     TCA   2   2   2   2   2   2 | *** TAA   0   0   0   0   0   0 | *** TGA   0   0   0   0   0   0
    TTG   3   4   2   1   3   2 |     TCG   0   0   0   0   0   0 |     TAG   0   0   0   0   0   0 | Trp TGG   1   2   0   1   1   2
--------------------------------------------------------------------------------------------------------------------------------------
Leu CTT   2   2   3   3   4   1 | Pro CCT   3   2   3   2   2   1 | His CAT   4   2   3   2   2   1 | Arg CGT   0   0   1   1   0   1
    CTC   0   0   0   0   0   0 |     CCC   0   0   0   0   0   1 |     CAC   1   3   2   3   1   4 |     CGC   0   1   0   1   1   0
    CTA   1   1   1   1   2   1 |     CCA   0   1   2   2   1   2 | Gln CAA   2   4   6   5   4   4 |     CGA   0   0   0   0   0   0
    CTG  11   8   9   9   9   7 |     CCG   0   1   1   1   1   0 |     CAG   9   7   6   5   7   7 |     CGG   0   1   0   0   0   0
--------------------------------------------------------------------------------------------------------------------------------------
Ile ATT   2   3   3   2   2   2 | Thr ACT   1   0   0   0   0   0 | Asn AAT   4   6   4   4   4   4 | Ser AGT   3   1   2   3   1   4
    ATC   1   1   1   1   1   1 |     ACC   1   1   1   1   1   1 |     AAC   3   3   3   3   3   3 |     AGC   3   4   2   1   2   2
    ATA   2   2   1   1   1   2 |     ACA   6   3   3   2   3   3 | Lys AAA   3   3   2   2   2   3 | Arg AGA   1   2   3   4   4   2
Met ATG   8   7   8   8   8   7 |     ACG   0   0   0   0   0   0 |     AAG   5   4   4   4   4   4 |     AGG   3   1   2   1   2   1
--------------------------------------------------------------------------------------------------------------------------------------
Val GTT   2   1   1   3   1   2 | Ala GCT   4   3   5   4   5   2 | Asp GAT   4   2   3   3   4   4 | Gly GGT   2   2   2   1   2   1
    GTC   2   3   2   2   2   3 |     GCC   5   3   3   4   3   2 |     GAC   2   3   4   3   4   1 |     GGC   0   1   2   1   1   1
    GTA   1   1   1   1   1   1 |     GCA   0   1   1   1   1   1 | Glu GAA   3   4   4   5   5   5 |     GGA   4   3   4   4   4   4
    GTG   4   5   4   5   5   5 |     GCG   0   0   1   0   0   1 |     GAG   1   1   1   2   1   1 |     GGG   0   2   1   1   1   2
--------------------------------------------------------------------------------------------------------------------------------------

--------------------------------------------------------------------------------------------------------------------------------------
Phe TTT   3   3   3   2   2   2 | Ser TCT   1   1   1   2   2   3 | Tyr TAT   4   4   4   3   3   3 | Cys TGT   3   4   3   2   3   1
    TTC   2   2   1   2   2   2 |     TCC   1   1   1   2   2   1 |     TAC   1   1   1   2   3   2 |     TGC   2   2   2   3   2   3
Leu TTA   1   2   1   2   2   2 |     TCA   2   2   2   2   2   2 | *** TAA   0   0   0   0   0   0 | *** TGA   0   0   0   0   0   0
    TTG   2   2   2   2   3   2 |     TCG   0   0   0   0   0   0 |     TAG   0   0   0   0   0   0 | Trp TGG   2   2   1   1   1   0
--------------------------------------------------------------------------------------------------------------------------------------
Leu CTT   2   3   2   3   2   1 | Pro CCT   2   3   3   2   3   2 | His CAT   1   2   1   1   2   4 | Arg CGT   1   0   1   2   1   0
    CTC   0   0   0   0   0   0 |     CCC   1   0   0   1   0   0 |     CAC   4   3   4   1   2   4 |     CGC   0   0   0   0   0   0
    CTA   1   1   1   2   3   1 |     CCA   2   2   2   1   1   3 | Gln CAA   3   4   4   3   4   3 |     CGA   0   0   0   0   0   0
    CTG   7   7   7   8   9   7 |     CCG   0   0   0   0   0   1 |     CAG   8   7   7   6   6   6 |     CGG   0   0   0   2   0   1
--------------------------------------------------------------------------------------------------------------------------------------
Ile ATT   3   3   3   2   3   3 | Thr ACT   0   0   0   0   0   1 | Asn AAT   3   4   3   4   4   2 | Ser AGT   3   2   3   1   3   3
    ATC   2   2   2   1   1   1 |     ACC   1   1   1   1   1   1 |     AAC   3   2   3   4   4   4 |     AGC   3   3   2   3   0   3
    ATA   2   2   2   1   1   2 |     ACA   3   3   3   3   4   4 | Lys AAA   1   1   1   3   2   1 | Arg AGA   2   3   3   3   4   2
Met ATG   7   7   7   9   8   7 |     ACG   0   0   0   0   0   0 |     AAG   5   5   5   3   4   3 |     AGG   1   1   1   1   2   1
--------------------------------------------------------------------------------------------------------------------------------------
Val GTT   1   1   1   1   1   3 | Ala GCT   3   3   3   4   4   2 | Asp GAT   5   5   5   4   4   5 | Gly GGT   1   1   1   3   4   2
    GTC   2   2   2   3   3   3 |     GCC   2   2   1   4   4   4 |     GAC   1   1   1   3   1   0 |     GGC   1   1   1   1   1   1
    GTA   1   1   1   0   2   1 |     GCA   1   1   3   1   0   1 | Glu GAA   5   6   6   4   3   4 |     GGA   4   3   3   4   3   3
    GTG   6   6   5   6   3   6 |     GCG   0   1   0   0   1   0 |     GAG   1   0   1   1   1   0 |     GGG   2   1   2   2   2   3
--------------------------------------------------------------------------------------------------------------------------------------

--------------------------------------------------------------------------------------------------------------------------------------
Phe TTT   1   1   1   1   1   1 | Ser TCT   2   2   3   2   2   2 | Tyr TAT   2   1   3   2   2   3 | Cys TGT   1   0   0   1   0   0
    TTC   2   2   2   3   2   2 |     TCC   2   2   1   2   2   2 |     TAC   4   5   3   3   4   3 |     TGC   3   2   2   2   2   3
Leu TTA   1   1   0   1   1   1 |     TCA   3   3   0   1   2   1 | *** TAA   0   0   0   0   0   0 | *** TGA   0   0   0   0   0   0
    TTG   2   2   2   2   2   2 |     TCG   1   0   2   0   1   1 |     TAG   0   0   0   0   0   0 | Trp TGG   1   1   1   1   1   1
--------------------------------------------------------------------------------------------------------------------------------------
Leu CTT   2   4   2   3   3   3 | Pro CCT   3   2   1   4   3   2 | His CAT   0   0   2   0   0   0 | Arg CGT   1   1   1   0   0   1
    CTC   3   2   2   1   1   1 |     CCC   2   2   2   1   1   2 |     CAC   3   4   3   4   3   4 |     CGC   2   3   1   2   3   2
    CTA   0   0   2   2   1   2 |     CCA   1   1   3   2   3   3 | Gln CAA   5   5   5   3   5   4 |     CGA   0   0   0   0   1   1
    CTG   7   7   7   6   7   6 |     CCG   0   0   1   1   0   0 |     CAG   6   7   6   8   7   8 |     CGG   1   0   3   2   1   0
--------------------------------------------------------------------------------------------------------------------------------------
Ile ATT   2   1   2   2   2   3 | Thr ACT   0   0   1   0   1   0 | Asn AAT   2   3   2   1   3   3 | Ser AGT   3   1   1   2   1   4
    ATC   3   3   2   1   2   2 |     ACC   2   2   2   2   2   2 |     AAC   4   3   2   4   3   3 |     AGC   4   4   6   4   4   2
    ATA   1   1   1   1   1   1 |     ACA   2   2   2   2   1   3 | Lys AAA   4   4   5   4   4   5 | Arg AGA   2   1   1   2   2   1
Met ATG   6   6   6   6   6   6 |     ACG   1   2   0   0   2   0 |     AAG   2   2   2   3   2   2 |     AGG   1   2   1   0   1   1
--------------------------------------------------------------------------------------------------------------------------------------
Val GTT   3   3   2   4   3   3 | Ala GCT   3   3   3   2   4   3 | Asp GAT   4   4   5   4   3   4 | Gly GGT   3   3   3   2   5   4
    GTC   1   1   1   1   1   1 |     GCC   4   4   4   3   3   4 |     GAC   2   3   1   2   2   1 |     GGC   1   2   3   4   1   2
    GTA   1   1   0   1   1   1 |     GCA   2   1   3   3   2   1 | Glu GAA   4   4   3   3   3   4 |     GGA   3   3   2   2   3   3
    GTG   4   4   5   4   4   4 |     GCG   0   1   1   2   0   1 |     GAG   2   2   3   2   3   2 |     GGG   2   3   3   3   3   2
--------------------------------------------------------------------------------------------------------------------------------------

--------------------------------------------------------------------------------------------------------------------------------------
Phe TTT   1   1   1   1   1   1 | Ser TCT   2   3   2   2   1   3 | Tyr TAT   2   4   2   3   2   2 | Cys TGT   0   0   0   0   0   0
    TTC   2   2   2   2   1   2 |     TCC   3   1   2   1   3   1 |     TAC   4   2   3   2   3   4 |     TGC   3   2   3   4   4   3
Leu TTA   1   1   1   1   1   1 |     TCA   1   3   2   2   2   2 | *** TAA   0   0   0   0   0   0 | *** TGA   0   0   0   0   0   0
    TTG   2   3   2   2   3   2 |     TCG   0   0   0   1   0   0 |     TAG   0   0   0   0   0   0 | Trp TGG   1   1   1   1   1   1
--------------------------------------------------------------------------------------------------------------------------------------
Leu CTT   2   2   3   3   4   3 | Pro CCT   3   1   3   4   2   2 | His CAT   0   2   0   1   1   0 | Arg CGT   0   1   1   0   1   1
    CTC   1   2   1   1   2   1 |     CCC   1   1   2   0   2   2 |     CAC   3   2   2   3   3   4 |     CGC   1   1   1   1   1   1
    CTA   1   1   1   1   1   0 |     CCA   2   3   3   1   1   4 | Gln CAA   4   4   5   4   6   5 |     CGA   2   1   1   1   0   0
    CTG   8   7   7   7   5   8 |     CCG   1   0   0   1   1   0 |     CAG   7   6   8   8   6   4 |     CGG   0   1   1   0   0   2
--------------------------------------------------------------------------------------------------------------------------------------
Ile ATT   3   2   2   3   3   5 | Thr ACT   0   1   0   0   2   0 | Asn AAT   3   3   4   4   2   3 | Ser AGT   2   3   2   3   0   2
    ATC   2   3   2   3   3   2 |     ACC   2   2   2   2   3   2 |     AAC   3   4   2   4   5   3 |     AGC   3   3   5   2   4   4
    ATA   1   1   1   1   0   1 |     ACA   3   1   2   3   2   3 | Lys AAA   4   4   2   5   5   4 | Arg AGA   3   1   2   3   2   1
Met ATG   6   6   6   6   6   6 |     ACG   0   2   1   0   0   0 |     AAG   2   4   4   2   2   5 |     AGG   3   1   1   1   1   1
--------------------------------------------------------------------------------------------------------------------------------------
Val GTT   2   3   3   2   1   1 | Ala GCT   4   5   4   2   3   3 | Asp GAT   4   5   3   3   3   4 | Gly GGT   1   2   3   3   3   3
    GTC   2   1   1   1   3   2 |     GCC   3   3   4   5   4   4 |     GAC   2   1   3   3   2   2 |     GGC   2   0   1   1   3   3
    GTA   2   1   1   1   1   0 |     GCA   2   2   2   1   0   0 | Glu GAA   3   4   3   3   5   4 |     GGA   3   2   2   2   3   3
    GTG   3   3   4   3   3   4 |     GCG   0   2   0   3   1   2 |     GAG   2   2   3   2   2   1 |     GGG   3   4   4   4   4   2
--------------------------------------------------------------------------------------------------------------------------------------

--------------------------------------------------------------------------------------------------------------------------------------
Phe TTT   1   1   1   1   1   1 | Ser TCT   3   3   3   3   3   3 | Tyr TAT   2   1   1   1   1   1 | Cys TGT   0   0   0   0   0   0
    TTC   2   2   2   2   2   2 |     TCC   1   1   1   1   1   1 |     TAC   4   4   4   5   5   5 |     TGC   3   4   4   3   3   3
Leu TTA   1   1   1   1   1   1 |     TCA   1   2   1   1   1   1 | *** TAA   0   0   0   0   0   0 | *** TGA   0   0   0   0   0   0
    TTG   2   2   2   2   2   2 |     TCG   1   0   0   0   0   0 |     TAG   0   0   0   0   0   0 | Trp TGG   1   1   1   1   1   1
--------------------------------------------------------------------------------------------------------------------------------------
Leu CTT   3   3   3   3   4   4 | Pro CCT   2   2   2   3   2   2 | His CAT   0   1   1   1   1   1 | Arg CGT   2   0   0   1   0   0
    CTC   1   1   1   1   1   1 |     CCC   2   2   2   1   2   2 |     CAC   4   4   4   4   5   5 |     CGC   0   1   1   1   0   0
    CTA   0   0   0   0   0   0 |     CCA   2   2   3   3   3   3 | Gln CAA   5   5   5   5   5   5 |     CGA   0   0   0   0   0   0
    CTG   8   8   8   8   8   8 |     CCG   2   1   0   0   0   0 |     CAG   6   6   6   5   7   7 |     CGG   1   2   2   2   1   1
--------------------------------------------------------------------------------------------------------------------------------------
Ile ATT   5   4   3   4   3   3 | Thr ACT   0   0   0   0   0   0 | Asn AAT   4   4   4   4   4   4 | Ser AGT   1   1   1   1   1   1
    ATC   2   2   2   2   1   1 |     ACC   2   2   2   2   2   2 |     AAC   3   3   2   2   2   2 |     AGC   4   4   4   4   4   4
    ATA   1   1   1   1   1   1 |     ACA   3   3   2   2   2   2 | Lys AAA   4   2   3   4   6   6 | Arg AGA   1   2   2   2   2   2
Met ATG   6   6   6   6   7   7 |     ACG   0   0   1   1   0   0 |     AAG   4   4   4   3   1   1 |     AGG   1   1   1   1   1   1
--------------------------------------------------------------------------------------------------------------------------------------
Val GTT   1   2   4   2   3   3 | Ala GCT   3   3   3   3   3   3 | Asp GAT   4   4   4   4   4   4 | Gly GGT   4   3   3   3   3   3
    GTC   2   2   1   2   2   2 |     GCC   4   4   4   4   4   4 |     GAC   2   2   2   2   2   2 |     GGC   2   3   3   3   3   3
    GTA   0   0   0   0   0   0 |     GCA   1   0   3   2   2   2 | Glu GAA   4   5   3   3   3   3 |     GGA   3   3   3   3   3   3
    GTG   4   4   4   4   3   3 |     GCG   1   2   1   2   3   3 |     GAG   1   1   2   2   2   2 |     GGG   2   2   2   2   2   2
--------------------------------------------------------------------------------------------------------------------------------------

--------------------------------------------------------------------------------------------------------------------------------------
Phe TTT   1   1   1   1   1   1 | Ser TCT   4   3   2   2   2   2 | Tyr TAT   1   2   2   2   2   2 | Cys TGT   0   0   0   0   0   0
    TTC   3   2   2   2   2   2 |     TCC   1   1   2   2   2   2 |     TAC   4   4   4   4   4   4 |     TGC   4   3   3   3   2   3
Leu TTA   1   1   0   0   0   0 |     TCA   0   1   2   1   1   1 | *** TAA   0   0   0   0   0   0 | *** TGA   0   0   0   0   0   0
    TTG   3   2   2   3   2   2 |     TCG   0   2   0   1   1   1 |     TAG   0   0   0   0   0   0 | Trp TGG   1   1   1   1   1   1
--------------------------------------------------------------------------------------------------------------------------------------
Leu CTT   3   3   4   4   4   4 | Pro CCT   2   2   2   2   2   1 | His CAT   1   0   0   0   0   0 | Arg CGT   1   1   1   1   1   2
    CTC   1   1   1   1   1   1 |     CCC   1   2   1   1   1   1 |     CAC   3   4   3   3   3   3 |     CGC   1   1   1   1   2   0
    CTA   0   0   2   2   2   2 |     CCA   3   1   2   2   2   3 | Gln CAA   5   5   5   5   5   6 |     CGA   0   0   1   1   1   1
    CTG   7   8   7   6   7   7 |     CCG   1   1   1   1   1   1 |     CAG   4   7   7   7   7   6 |     CGG   4   1   1   1   1   1
--------------------------------------------------------------------------------------------------------------------------------------
Ile ATT   3   3   1   2   2   2 | Thr ACT   0   0   1   0   0   1 | Asn AAT   4   4   5   4   4   3 | Ser AGT   1   1   2   3   3   3
    ATC   1   2   3   3   3   3 |     ACC   2   1   2   2   2   2 |     AAC   3   2   2   3   3   3 |     AGC   4   5   3   2   2   2
    ATA   1   1   1   1   1   1 |     ACA   3   3   3   3   3   3 | Lys AAA   3   4   5   5   5   5 | Arg AGA   3   2   1   1   1   1
Met ATG   6   6   6   6   6   6 |     ACG   0   1   0   0   0   0 |     AAG   2   2   2   2   2   2 |     AGG   1   1   1   1   1   1
--------------------------------------------------------------------------------------------------------------------------------------
Val GTT   4   3   3   3   3   3 | Ala GCT   2   3   3   3   3   3 | Asp GAT   4   4   4   4   4   4 | Gly GGT   3   3   4   3   3   3
    GTC   2   2   1   1   1   1 |     GCC   4   4   4   4   4   4 |     GAC   2   3   2   2   2   2 |     GGC   3   2   2   2   2   2
    GTA   0   0   2   2   2   2 |     GCA   1   2   1   1   1   1 | Glu GAA   3   2   4   4   4   4 |     GGA   3   4   4   5   4   4
    GTG   5   3   3   3   2   2 |     GCG   3   1   1   1   2   2 |     GAG   1   3   2   2   2   2 |     GGG   2   2   1   1   2   2
--------------------------------------------------------------------------------------------------------------------------------------

--------------------------------------------------------------------------------------------------------------------------------------
Phe TTT   1   1   1   1   1   2 | Ser TCT   2   2   2   4   3   3 | Tyr TAT   2   2   2   1   1   2 | Cys TGT   0   0   0   1   1   2
    TTC   2   2   3   2   2   2 |     TCC   2   2   2   0   2   2 |     TAC   4   4   4   5   4   4 |     TGC   2   2   3   3   3   1
Leu TTA   0   0   1   1   1   1 |     TCA   1   2   1   1   0   1 | *** TAA   0   0   0   0   0   0 | *** TGA   0   0   0   0   0   0
    TTG   2   2   2   3   2   3 |     TCG   1   0   1   1   2   1 |     TAG   0   0   0   0   0   0 | Trp TGG   1   1   1   1   1   1
--------------------------------------------------------------------------------------------------------------------------------------
Leu CTT   4   4   3   2   3   3 | Pro CCT   2   2   3   1   1   3 | His CAT   0   0   0   0   0   0 | Arg CGT   1   1   1   2   1   1
    CTC   1   1   1   1   1   1 |     CCC   1   1   2   2   1   1 |     CAC   3   3   2   3   3   2 |     CGC   2   2   1   1   2   3
    CTA   2   2   2   2   1   1 |     CCA   2   2   1   2   2   2 | Gln CAA   5   5   5   3   3   5 |     CGA   1   1   1   0   1   0
    CTG   7   7   6   6   7   6 |     CCG   1   1   2   1   1   0 |     CAG   7   7   7   7   8   6 |     CGG   1   1   1   2   2   2
--------------------------------------------------------------------------------------------------------------------------------------
Ile ATT   2   2   1   2   2   3 | Thr ACT   0   0   0   1   1   1 | Asn AAT   4   4   4   3   4   4 | Ser AGT   3   3   3   2   1   2
    ATC   3   3   3   2   2   1 |     ACC   2   2   2   2   2   2 |     AAC   3   3   3   3   2   3 |     AGC   2   2   2   4   4   3
    ATA   1   1   1   1   1   1 |     ACA   3   3   3   3   3   3 | Lys AAA   5   5   5   4   3   5 | Arg AGA   1   1   1   2   1   1
Met ATG   6   6   6   6   6   5 |     ACG   0   0   0   0   0   1 |     AAG   2   2   2   3   3   2 |     AGG   1   1   1   1   1   1
--------------------------------------------------------------------------------------------------------------------------------------
Val GTT   3   3   3   4   4   3 | Ala GCT   3   3   3   3   3   4 | Asp GAT   4   4   4   4   4   4 | Gly GGT   3   3   4   2   3   2
    GTC   1   1   1   2   2   2 |     GCC   4   4   4   4   4   4 |     GAC   2   2   2   2   3   2 |     GGC   2   2   2   2   3   2
    GTA   2   2   2   0   0   0 |     GCA   1   1   1   1   1   0 | Glu GAA   4   4   4   4   3   4 |     GGA   4   4   4   4   3   3
    GTG   3   3   3   4   4   4 |     GCG   1   1   1   1   1   2 |     GAG   2   2   2   2   3   2 |     GGG   2   2   1   2   2   2
--------------------------------------------------------------------------------------------------------------------------------------

--------------------------------------------------------------------------------------------------------------------------------------
Phe TTT   1   1   1   1   1   1 | Ser TCT   3   3   3   3   3   3 | Tyr TAT   2   3   2   2   2   2 | Cys TGT   0   0   0   0   0   0
    TTC   2   3   2   2   2   2 |     TCC   1   1   1   1   1   1 |     TAC   4   3   4   4   4   3 |     TGC   4   2   3   3   3   3
Leu TTA   1   1   1   1   1   1 |     TCA   1   1   1   1   1   0 | *** TAA   0   0   0   0   0   0 | *** TGA   0   0   0   0   0   0
    TTG   3   2   2   2   2   4 |     TCG   1   0   1   1   1   2 |     TAG   0   0   0   0   0   0 | Trp TGG   1   1   1   1   1   1
--------------------------------------------------------------------------------------------------------------------------------------
Leu CTT   3   3   3   3   3   2 | Pro CCT   1   3   2   2   2   1 | His CAT   1   2   1   1   1   0 | Arg CGT   0   0   1   1   1   1
    CTC   1   1   0   1   1   1 |     CCC   3   1   2   2   2   2 |     CAC   3   3   2   2   2   3 |     CGC   1   1   1   1   1   2
    CTA   1   2   1   1   1   2 |     CCA   2   3   1   1   2   3 | Gln CAA   6   3   5   5   5   5 |     CGA   0   1   0   0   0   1
    CTG   7   6   8   7   7   5 |     CCG   1   0   2   2   1   0 |     CAG   5   6   8   8   8   8 |     CGG   2   2   1   1   1   1
--------------------------------------------------------------------------------------------------------------------------------------
Ile ATT   3   3   3   3   2   3 | Thr ACT   0   0   0   0   0   0 | Asn AAT   3   4   4   4   4   4 | Ser AGT   3   2   1   1   1   2
    ATC   2   2   2   2   2   2 |     ACC   2   2   2   2   2   2 |     AAC   3   3   3   3   3   3 |     AGC   3   3   5   4   4   3
    ATA   1   1   1   1   2   1 |     ACA   2   3   3   3   3   3 | Lys AAA   4   4   4   4   4   2 | Arg AGA   2   2   2   2   2   2
Met ATG   6   6   6   6   6   6 |     ACG   1   0   0   0   0   0 |     AAG   2   2   2   2   2   2 |     AGG   1   1   1   1   1   1
--------------------------------------------------------------------------------------------------------------------------------------
Val GTT   3   4   3   3   3   3 | Ala GCT   3   4   3   3   3   4 | Asp GAT   3   4   4   4   4   4 | Gly GGT   4   3   3   3   3   3
    GTC   2   3   1   1   1   2 |     GCC   3   3   4   4   3   4 |     GAC   3   2   2   2   2   2 |     GGC   3   1   2   3   3   2
    GTA   0   0   0   0   0   0 |     GCA   0   2   2   2   2   1 | Glu GAA   3   3   4   4   4   5 |     GGA   2   3   3   3   3   4
    GTG   5   3   5   5   5   4 |     GCG   2   0   0   0   1   1 |     GAG   2   2   2   2   2   2 |     GGG   2   3   2   2   2   2
--------------------------------------------------------------------------------------------------------------------------------------

--------------------------------------------------------------------------------------------------------------------------------------
Phe TTT   0   1   1   1   1   3 | Ser TCT   3   3   1   2   2   2 | Tyr TAT   2   2   2   1   2   2 | Cys TGT   0   0   0   0   1   1
    TTC   3   2   2   2   2   1 |     TCC   1   1   2   2   2   2 |     TAC   4   4   4   5   4   3 |     TGC   3   3   3   3   2   3
Leu TTA   1   1   3   2   1   2 |     TCA   0   0   2   2   2   2 | *** TAA   0   0   0   0   0   0 | *** TGA   0   0   0   0   0   0
    TTG   3   3   0   1   2   2 |     TCG   2   2   0   1   0   0 |     TAG   0   0   0   0   0   0 | Trp TGG   1   1   1   1   1   1
--------------------------------------------------------------------------------------------------------------------------------------
Leu CTT   3   3   2   2   2   2 | Pro CCT   2   2   2   2   3   3 | His CAT   0   0   2   1   1   1 | Arg CGT   1   1   1   1   1   1
    CTC   1   1   2   2   2   3 |     CCC   2   2   2   2   1   1 |     CAC   2   2   2   3   2   3 |     CGC   2   2   1   1   1   1
    CTA   1   1   1   1   1   0 |     CCA   2   2   1   2   3   3 | Gln CAA   5   5   4   5   5   4 |     CGA   0   0   1   1   1   1
    CTG   7   7   7   7   7   5 |     CCG   0   0   2   0   0   0 |     CAG   8   8   8   7   7   7 |     CGG   1   1   1   1   1   1
--------------------------------------------------------------------------------------------------------------------------------------
Ile ATT   2   2   3   2   3   3 | Thr ACT   1   1   0   0   0   2 | Asn AAT   4   4   3   2   3   3 | Ser AGT   2   1   2   3   2   2
    ATC   3   3   2   3   3   2 |     ACC   2   2   2   2   2   2 |     AAC   2   2   3   4   4   4 |     AGC   4   5   3   2   2   4
    ATA   1   1   1   1   1   1 |     ACA   3   3   3   3   3   1 | Lys AAA   4   4   4   5   4   3 | Arg AGA   2   2   2   2   2   2
Met ATG   7   7   7   6   6   8 |     ACG   0   0   0   0   0   0 |     AAG   2   2   2   1   2   3 |     AGG   1   1   1   1   1   2
--------------------------------------------------------------------------------------------------------------------------------------
Val GTT   2   2   3   3   2   2 | Ala GCT   3   3   4   3   3   5 | Asp GAT   4   4   4   4   4   3 | Gly GGT   2   2   3   1   3   2
    GTC   2   2   1   1   1   1 |     GCC   4   4   4   5   4   3 |     GAC   2   2   2   2   2   1 |     GGC   3   3   2   2   2   1
    GTA   0   0   1   1   1   2 |     GCA   1   1   1   2   1   2 | Glu GAA   4   4   4   3   3   5 |     GGA   3   3   3   3   3   3
    GTG   3   3   3   4   4   3 |     GCG   1   1   1   0   1   0 |     GAG   2   2   2   3   3   1 |     GGG   3   3   3   4   4   3
--------------------------------------------------------------------------------------------------------------------------------------

--------------------------------------------------------------------------------------------------------------------------------------
Phe TTT   3   2   2   2   2   2 | Ser TCT   2   2   2   1   3   2 | Tyr TAT   2   2   2   2   2   2 | Cys TGT   1   2   1   1   0   1
    TTC   1   1   1   1   1   1 |     TCC   2   3   3   3   2   1 |     TAC   3   4   4   4   4   4 |     TGC   3   1   1   2   4   2
Leu TTA   2   2   2   2   2   2 |     TCA   2   2   2   2   2   2 | *** TAA   0   0   0   0   0   0 | *** TGA   0   0   0   0   0   0
    TTG   2   2   2   2   2   2 |     TCG   0   0   0   0   0   1 |     TAG   0   0   0   0   0   0 | Trp TGG   1   1   1   1   1   1
--------------------------------------------------------------------------------------------------------------------------------------
Leu CTT   2   2   2   2   1   2 | Pro CCT   3   2   2   1   3   4 | His CAT   1   2   2   2   2   2 | Arg CGT   1   0   1   0   1   1
    CTC   3   2   3   3   4   3 |     CCC   1   1   2   4   1   1 |     CAC   3   3   3   4   1   3 |     CGC   1   1   1   2   1   2
    CTA   0   0   0   0   0   0 |     CCA   3   2   2   1   2   2 | Gln CAA   4   4   4   1   4   4 |     CGA   1   0   1   2   2   1
    CTG   5   6   5   6   5   5 |     CCG   0   2   1   1   0   0 |     CAG   7   7   7   8   7   7 |     CGG   1   0   1   2   0   1
--------------------------------------------------------------------------------------------------------------------------------------
Ile ATT   3   2   3   3   4   3 | Thr ACT   2   2   2   1   2   1 | Asn AAT   3   4   4   1   3   2 | Ser AGT   2   2   2   1   2   3
    ATC   2   2   2   2   1   2 |     ACC   2   2   2   2   2   2 |     AAC   4   3   3   4   4   3 |     AGC   4   3   3   8   4   3
    ATA   1   2   2   1   2   1 |     ACA   1   1   1   0   2   3 | Lys AAA   3   3   3   1   4   3 | Arg AGA   2   2   2   1   2   1
Met ATG   8   8   8   6   7   7 |     ACG   0   0   0   2   1   0 |     AAG   3   2   2   4   2   3 |     AGG   2   2   2   1   2   2
--------------------------------------------------------------------------------------------------------------------------------------
Val GTT   2   4   3   2   3   3 | Ala GCT   5   4   4   3   5   5 | Asp GAT   3   3   3   2   3   2 | Gly GGT   2   2   2   1   2   3
    GTC   1   1   1   1   1   1 |     GCC   3   4   4   4   3   2 |     GAC   1   2   2   3   2   3 |     GGC   1   1   1   2   0   0
    GTA   2   1   1   2   0   2 |     GCA   2   2   2   1   2   2 | Glu GAA   5   6   5   4   5   5 |     GGA   3   3   3   4   4   3
    GTG   3   3   3   3   4   3 |     GCG   0   0   0   2   0   1 |     GAG   1   1   1   2   1   1 |     GGG   3   3   3   3   1   3
--------------------------------------------------------------------------------------------------------------------------------------

--------------------------------------------------------------------------------------------------------------------------------------
Phe TTT   2   2   2   2   2   2 | Ser TCT   2   2   2   2   2   3 | Tyr TAT   3   3   3   3   3   3 | Cys TGT   2   1   1   1   1   1
    TTC   2   1   1   1   1   1 |     TCC   1   2   2   2   2   1 |     TAC   3   3   3   3   3   3 |     TGC   1   2   2   2   1   1
Leu TTA   1   1   1   1   1   1 |     TCA   3   3   3   3   3   3 | *** TAA   0   0   0   0   0   0 | *** TGA   0   0   0   0   0   0
    TTG   2   2   2   2   2   2 |     TCG   0   0   0   0   0   0 |     TAG   0   0   0   0   0   0 | Trp TGG   1   1   1   1   1   2
--------------------------------------------------------------------------------------------------------------------------------------
Leu CTT   4   2   2   2   2   2 | Pro CCT   4   4   2   3   3   3 | His CAT   2   1   1   1   2   1 | Arg CGT   1   2   2   2   0   1
    CTC   2   4   4   4   3   3 |     CCC   1   1   2   2   2   2 |     CAC   2   2   2   2   2   2 |     CGC   0   0   0   0   2   2
    CTA   2   0   2   2   2   2 |     CCA   1   1   1   1   1   1 | Gln CAA   6   5   5   5   5   5 |     CGA   2   1   1   1   1   1
    CTG   4   6   4   4   4   4 |     CCG   0   0   1   0   0   0 |     CAG   5   6   6   6   6   6 |     CGG   1   2   2   2   2   1
--------------------------------------------------------------------------------------------------------------------------------------
Ile ATT   3   3   3   3   3   3 | Thr ACT   0   0   0   0   0   1 | Asn AAT   5   4   3   2   3   3 | Ser AGT   3   2   2   3   2   2
    ATC   2   2   2   2   2   2 |     ACC   2   2   2   2   2   2 |     AAC   4   4   4   3   4   4 |     AGC   3   1   2   2   2   2
    ATA   1   1   1   1   1   1 |     ACA   3   3   3   3   3   3 | Lys AAA   4   5   5   6   4   4 | Arg AGA   2   2   2   2   1   2
Met ATG   6   6   6   6   6   6 |     ACG   0   0   0   0   0   0 |     AAG   2   2   2   2   3   3 |     AGG   1   1   1   1   2   1
--------------------------------------------------------------------------------------------------------------------------------------
Val GTT   2   1   1   1   1   1 | Ala GCT   4   4   4   4   5   4 | Asp GAT   2   2   3   3   3   3 | Gly GGT   3   4   4   4   3   3
    GTC   2   1   1   1   2   2 |     GCC   3   4   3   3   3   3 |     GAC   2   4   3   3   3   3 |     GGC   0   1   1   1   2   2
    GTA   1   1   1   1   1   1 |     GCA   2   1   1   1   0   0 | Glu GAA   4   3   3   3   3   3 |     GGA   4   4   4   4   4   4
    GTG   4   6   6   6   6   6 |     GCG   1   0   1   1   1   1 |     GAG   1   1   1   1   1   1 |     GGG   3   4   4   4   4   4
--------------------------------------------------------------------------------------------------------------------------------------

----------------------------------------------------------------------------------------------------------------------
Phe TTT   2   2   2   2   2 | Ser TCT   2   2   2   2   2 | Tyr TAT   2   3   3   3   3 | Cys TGT   1   1   1   1   1
    TTC   3   2   2   2   2 |     TCC   1   1   1   1   1 |     TAC   3   3   2   2   3 |     TGC   2   1   2   2   2
Leu TTA   1   1   0   0   1 |     TCA   1   2   2   2   2 | *** TAA   0   0   0   0   0 | *** TGA   0   0   0   0   0
    TTG   2   2   3   3   2 |     TCG   0   0   0   0   0 |     TAG   0   0   0   0   0 | Trp TGG   1   1   1   1   1
----------------------------------------------------------------------------------------------------------------------
Leu CTT   2   3   2   2   2 | Pro CCT   3   3   3   3   3 | His CAT   3   3   2   2   2 | Arg CGT   1   0   1   1   1
    CTC   1   1   0   0   0 |     CCC   1   1   1   1   1 |     CAC   3   2   3   3   2 |     CGC   0   3   1   1   0
    CTA   1   1   2   2   2 |     CCA   3   1   3   2   2 | Gln CAA   3   2   3   3   3 |     CGA   1   1   0   0   0
    CTG   8   7   9   9   9 |     CCG   0   2   0   1   1 |     CAG   7   9   8   9   8 |     CGG   2   1   0   0   1
----------------------------------------------------------------------------------------------------------------------
Ile ATT   2   4   3   3   4 | Thr ACT   0   0   1   1   1 | Asn AAT   3   4   2   3   4 | Ser AGT   1   2   4   3   3
    ATC   2   0   1   1   1 |     ACC   1   1   1   1   1 |     AAC   4   4   4   4   6 |     AGC   4   3   2   2   2
    ATA   1   1   1   1   1 |     ACA   3   4   4   4   4 | Lys AAA   3   3   4   5   4 | Arg AGA   1   2   4   4   3
Met ATG   6   6   6   6   5 |     ACG   1   0   0   0   0 |     AAG   3   3   4   3   2 |     AGG   2   1   2   1   0
----------------------------------------------------------------------------------------------------------------------
Val GTT   1   2   2   2   3 | Ala GCT   4   5   5   5   4 | Asp GAT   3   4   3   3   3 | Gly GGT   3   1   3   4   3
    GTC   3   3   3   3   3 |     GCC   4   3   3   3   3 |     GAC   2   1   1   1   1 |     GGC   1   1   1   1   1
    GTA   2   1   1   1   1 |     GCA   2   0   1   1   1 | Glu GAA   4   4   3   2   2 |     GGA   4   4   3   3   4
    GTG   4   4   4   4   5 |     GCG   1   2   0   0   0 |     GAG   1   1   2   2   2 |     GGG   3   4   2   2   2
----------------------------------------------------------------------------------------------------------------------

Codon position x base (3x4) table for each sequence.

#1: Coturnix_japonica
position  1:    T:0.18705    C:0.23741    A:0.33094    G:0.24460
position  2:    T:0.32374    C:0.18705    A:0.33094    G:0.15827
position  3:    T:0.28058    C:0.20144    A:0.19424    G:0.32374
Average         T:0.26379    C:0.20863    A:0.28537    G:0.24221

#2: Meleagris_gallopavo
position  1:    T:0.20438    C:0.24088    A:0.29927    G:0.25547
position  2:    T:0.32117    C:0.15328    A:0.35036    G:0.17518
position  3:    T:0.25547    C:0.21898    A:0.21168    G:0.31387
Average         T:0.26034    C:0.20438    A:0.28710    G:0.24818

#3: Chrysolophus_pictus
position  1:    T:0.17266    C:0.26619    A:0.28058    G:0.28058
position  2:    T:0.30935    C:0.16547    A:0.33813    G:0.18705
position  3:    T:0.28777    C:0.20144    A:0.23022    G:0.28058
Average         T:0.25659    C:0.21103    A:0.28297    G:0.24940

#4: Syrmaticus_mikado
position  1:    T:0.17037    C:0.25926    A:0.27407    G:0.29630
position  2:    T:0.33333    C:0.15556    A:0.33333    G:0.17778
position  3:    T:0.28148    C:0.20000    A:0.23704    G:0.28148
Average         T:0.26173    C:0.20494    A:0.28148    G:0.25185

#5: Phasianus_colchicus
position  1:    T:0.19424    C:0.24460    A:0.27338    G:0.28777
position  2:    T:0.33094    C:0.15108    A:0.33094    G:0.18705
position  3:    T:0.26619    C:0.20144    A:0.23022    G:0.30216
Average         T:0.26379    C:0.19904    A:0.27818    G:0.25899

#6: Lyrurus_tetrix 
position  1:    T:0.19847    C:0.22901    A:0.29771    G:0.27481
position  2:    T:0.31298    C:0.14504    A:0.35115    G:0.19084
position  3:    T:0.27481    C:0.19084    A:0.23664    G:0.29771
Average         T:0.26209    C:0.18830    A:0.29517    G:0.25445

#7: Lagopus_muta   
position  1:    T:0.18321    C:0.24427    A:0.29771    G:0.27481
position  2:    T:0.32061    C:0.14504    A:0.34351    G:0.19084
position  3:    T:0.27481    C:0.19847    A:0.21374    G:0.31298
Average         T:0.25954    C:0.19593    A:0.28499    G:0.25954

#8: Tympanuchus_cupido
position  1:    T:0.19697    C:0.24242    A:0.29545    G:0.26515
position  2:    T:0.33333    C:0.15152    A:0.34091    G:0.17424
position  3:    T:0.29545    C:0.17424    A:0.23485    G:0.29545
Average         T:0.27525    C:0.18939    A:0.29040    G:0.24495

#9: Centrocercus_minimus
position  1:    T:0.17054    C:0.24806    A:0.30233    G:0.27907
position  2:    T:0.31008    C:0.15504    A:0.35659    G:0.17829
position  3:    T:0.28682    C:0.17054    A:0.24806    G:0.29457
Average         T:0.25581    C:0.19121    A:0.30233    G:0.25065

#10: Pavo_cristatus 
position  1:    T:0.18248    C:0.23358    A:0.28467    G:0.29927
position  2:    T:0.32117    C:0.16788    A:0.30657    G:0.20438
position  3:    T:0.26277    C:0.22628    A:0.21168    G:0.29927
Average         T:0.25547    C:0.20925    A:0.26764    G:0.26764

#11: Gallus_gallus  
position  1:    T:0.19565    C:0.23913    A:0.29710    G:0.26812
position  2:    T:0.32609    C:0.17391    A:0.31159    G:0.18841
position  3:    T:0.29710    C:0.18841    A:0.22464    G:0.28986
Average         T:0.27295    C:0.20048    A:0.27778    G:0.24879

#12: Numida_meleagris
position  1:    T:0.17424    C:0.25000    A:0.28788    G:0.28788
position  2:    T:0.32576    C:0.18939    A:0.31061    G:0.17424
position  3:    T:0.28030    C:0.21970    A:0.21970    G:0.28030
Average         T:0.26010    C:0.21970    A:0.27273    G:0.24747

#13: Corythaeola_cristata
position  1:    T:0.17986    C:0.25899    A:0.28058    G:0.28058
position  2:    T:0.28058    C:0.20144    A:0.31655    G:0.20144
position  3:    T:0.23022    C:0.30216    A:0.20863    G:0.25899
Average         T:0.23022    C:0.25420    A:0.26859    G:0.24700

#14: Tauraco_erythrolophus
position  1:    T:0.15827    C:0.27338    A:0.26619    G:0.30216
position  2:    T:0.28058    C:0.19424    A:0.33813    G:0.18705
position  3:    T:0.20863    C:0.31655    A:0.19424    G:0.28058
Average         T:0.21583    C:0.26139    A:0.26619    G:0.25659

#15: Picoides_pubescens
position  1:    T:0.14388    C:0.29496    A:0.25899    G:0.30216
position  2:    T:0.26619    C:0.20863    A:0.32374    G:0.20144
position  3:    T:0.23022    C:0.26619    A:0.19424    G:0.30935
Average         T:0.21343    C:0.25659    A:0.25899    G:0.27098

#16: Buceros_rhinoceros
position  1:    T:0.15441    C:0.28676    A:0.25000    G:0.30882
position  2:    T:0.28676    C:0.19853    A:0.31618    G:0.19853
position  3:    T:0.22059    C:0.28676    A:0.19853    G:0.29412
Average         T:0.22059    C:0.25735    A:0.25490    G:0.26716

#17: Tyto_alba_alba 
position  1:    T:0.15827    C:0.28058    A:0.26619    G:0.29496
position  2:    T:0.27338    C:0.20863    A:0.31655    G:0.20144
position  3:    T:0.23741    C:0.25899    A:0.21583    G:0.28777
Average         T:0.22302    C:0.24940    A:0.26619    G:0.26139

#18: Leptosomus_discolor
position  1:    T:0.15827    C:0.28058    A:0.27338    G:0.28777
position  2:    T:0.28058    C:0.19424    A:0.33094    G:0.19424
position  3:    T:0.25899    C:0.25899    A:0.22302    G:0.25899
Average         T:0.23261    C:0.24460    A:0.27578    G:0.24700

#19: Acanthisitta_chloris
position  1:    T:0.16176    C:0.26471    A:0.29412    G:0.27941
position  2:    T:0.28676    C:0.19853    A:0.31618    G:0.19853
position  3:    T:0.21324    C:0.27206    A:0.23529    G:0.27941
Average         T:0.22059    C:0.24510    A:0.28186    G:0.25245

#20: Cuculus_canorus
position  1:    T:0.16547    C:0.25180    A:0.29496    G:0.28777
position  2:    T:0.28058    C:0.21583    A:0.33813    G:0.16547
position  3:    T:0.27338    C:0.21583    A:0.20863    G:0.30216
Average         T:0.23981    C:0.22782    A:0.28058    G:0.25180

#21: Merops_nubicus 
position  1:    T:0.15108    C:0.28058    A:0.27338    G:0.29496
position  2:    T:0.27338    C:0.20863    A:0.31655    G:0.20144
position  3:    T:0.23741    C:0.25899    A:0.20144    G:0.30216
Average         T:0.22062    C:0.24940    A:0.26379    G:0.26619

#22: Apaloderma_vittatum
position  1:    T:0.15827    C:0.25899    A:0.30216    G:0.28058
position  2:    T:0.27338    C:0.20144    A:0.33813    G:0.18705
position  3:    T:0.24460    C:0.25180    A:0.20863    G:0.29496
Average         T:0.22542    C:0.23741    A:0.28297    G:0.25420

#23: Colius_striatus
position  1:    T:0.15827    C:0.25899    A:0.28777    G:0.29496
position  2:    T:0.27338    C:0.19424    A:0.33813    G:0.19424
position  3:    T:0.20863    C:0.33094    A:0.20863    G:0.25180
Average         T:0.21343    C:0.26139    A:0.27818    G:0.24700

#24: Lonchura_Striata_domestica
position  1:    T:0.15827    C:0.26619    A:0.30216    G:0.27338
position  2:    T:0.28058    C:0.20144    A:0.32374    G:0.19424
position  3:    T:0.23741    C:0.28777    A:0.20144    G:0.27338
Average         T:0.22542    C:0.25180    A:0.27578    G:0.24700

#25: Taeniopygia_guttata
position  1:    T:0.15827    C:0.27338    A:0.29496    G:0.27338
position  2:    T:0.28058    C:0.20144    A:0.33813    G:0.17986
position  3:    T:0.25180    C:0.27338    A:0.18705    G:0.28777
Average         T:0.23022    C:0.24940    A:0.27338    G:0.24700

#26: Erythrura_gouldiae
position  1:    T:0.15827    C:0.27338    A:0.28058    G:0.28777
position  2:    T:0.28058    C:0.19424    A:0.33094    G:0.19424
position  3:    T:0.23022    C:0.29496    A:0.18705    G:0.28777
Average         T:0.22302    C:0.25420    A:0.26619    G:0.25659

#27: Zonotrichia_albicollis
position  1:    T:0.15108    C:0.27338    A:0.27338    G:0.30216
position  2:    T:0.28058    C:0.20144    A:0.32374    G:0.19424
position  3:    T:0.23741    C:0.28058    A:0.19424    G:0.28777
Average         T:0.22302    C:0.25180    A:0.26379    G:0.26139

#28: Molothrus_ater 
position  1:    T:0.15108    C:0.27338    A:0.28058    G:0.29496
position  2:    T:0.28058    C:0.20144    A:0.32374    G:0.19424
position  3:    T:0.24460    C:0.28058    A:0.19424    G:0.28058
Average         T:0.22542    C:0.25180    A:0.26619    G:0.25659

#29: Camarhynchus_parvulus
position  1:    T:0.15108    C:0.28058    A:0.26619    G:0.30216
position  2:    T:0.28058    C:0.20144    A:0.34532    G:0.17266
position  3:    T:0.23741    C:0.28058    A:0.20863    G:0.27338
Average         T:0.22302    C:0.25420    A:0.27338    G:0.24940

#30: Geospiza_fortis
position  1:    T:0.15108    C:0.28058    A:0.26619    G:0.30216
position  2:    T:0.28058    C:0.20144    A:0.34532    G:0.17266
position  3:    T:0.23741    C:0.28058    A:0.20863    G:0.27338
Average         T:0.22302    C:0.25420    A:0.27338    G:0.24940

#31: Serinus_canaria
position  1:    T:0.16547    C:0.26619    A:0.26619    G:0.30216
position  2:    T:0.29496    C:0.19424    A:0.28777    G:0.22302
position  3:    T:0.24460    C:0.28058    A:0.18705    G:0.28777
Average         T:0.23501    C:0.24700    A:0.24700    G:0.27098

#32: Passer_domesticus
position  1:    T:0.16547    C:0.26619    A:0.27338    G:0.29496
position  2:    T:0.27338    C:0.20144    A:0.33094    G:0.19424
position  3:    T:0.23741    C:0.28058    A:0.18705    G:0.29496
Average         T:0.22542    C:0.24940    A:0.26379    G:0.26139

#33: Corapipo_altera
position  1:    T:0.15108    C:0.28058    A:0.27338    G:0.29496
position  2:    T:0.28058    C:0.19424    A:0.33813    G:0.18705
position  3:    T:0.25180    C:0.25899    A:0.23741    G:0.25180
Average         T:0.22782    C:0.24460    A:0.28297    G:0.24460

#34: Chiroxiphia_lanceolata
position  1:    T:0.15827    C:0.27338    A:0.27338    G:0.29496
position  2:    T:0.28777    C:0.18705    A:0.33813    G:0.18705
position  3:    T:0.24460    C:0.25899    A:0.23741    G:0.25899
Average         T:0.23022    C:0.23981    A:0.28297    G:0.24700

#35: Pipra_filicauda
position  1:    T:0.14388    C:0.28777    A:0.27338    G:0.29496
position  2:    T:0.28058    C:0.19424    A:0.33813    G:0.18705
position  3:    T:0.24460    C:0.25899    A:0.23022    G:0.26619
Average         T:0.22302    C:0.24700    A:0.28058    G:0.24940

#36: Neopelma_chrysocephalum
position  1:    T:0.15108    C:0.28058    A:0.27338    G:0.29496
position  2:    T:0.28058    C:0.20144    A:0.33094    G:0.18705
position  3:    T:0.24460    C:0.25180    A:0.24460    G:0.25899
Average         T:0.22542    C:0.24460    A:0.28297    G:0.24700

#37: Lepidothrix_coronata
position  1:    T:0.14388    C:0.28777    A:0.27338    G:0.29496
position  2:    T:0.28777    C:0.18705    A:0.33813    G:0.18705
position  3:    T:0.24460    C:0.25899    A:0.23022    G:0.26619
Average         T:0.22542    C:0.24460    A:0.28058    G:0.24940

#38: Manacus_vitellinus
position  1:    T:0.14388    C:0.28777    A:0.27338    G:0.29496
position  2:    T:0.28777    C:0.18705    A:0.33813    G:0.18705
position  3:    T:0.24460    C:0.25899    A:0.23741    G:0.25899
Average         T:0.22542    C:0.24460    A:0.28297    G:0.24700

#39: Empidonax_traillii
position  1:    T:0.16547    C:0.27338    A:0.26619    G:0.29496
position  2:    T:0.28058    C:0.20144    A:0.33094    G:0.18705
position  3:    T:0.24460    C:0.26619    A:0.23022    G:0.25899
Average         T:0.23022    C:0.24700    A:0.27578    G:0.24700

#40: Catharus_ustulatus
position  1:    T:0.17266    C:0.25180    A:0.28058    G:0.29496
position  2:    T:0.28058    C:0.19424    A:0.31655    G:0.20863
position  3:    T:0.23741    C:0.27338    A:0.20144    G:0.28777
Average         T:0.23022    C:0.23981    A:0.26619    G:0.26379

#41: Ficedula_albicollis
position  1:    T:0.16547    C:0.26619    A:0.25899    G:0.30935
position  2:    T:0.28058    C:0.19424    A:0.31655    G:0.20863
position  3:    T:0.23741    C:0.28777    A:0.16547    G:0.30935
Average         T:0.22782    C:0.24940    A:0.24700    G:0.27578

#42: Sturnus_vulgaris
position  1:    T:0.17986    C:0.25899    A:0.27338    G:0.28777
position  2:    T:0.27338    C:0.21583    A:0.32374    G:0.18705
position  3:    T:0.28058    C:0.25180    A:0.19424    G:0.27338
Average         T:0.24460    C:0.24221    A:0.26379    G:0.24940

#43: Stachyridopsis_ruficeps
position  1:    T:0.17266    C:0.26619    A:0.27338    G:0.28777
position  2:    T:0.29496    C:0.18705    A:0.31655    G:0.20144
position  3:    T:0.23741    C:0.28777    A:0.17986    G:0.29496
Average         T:0.23501    C:0.24700    A:0.25659    G:0.26139

#44: Malurus_cyaneus
position  1:    T:0.15441    C:0.27206    A:0.27941    G:0.29412
position  2:    T:0.30147    C:0.19118    A:0.32353    G:0.18382
position  3:    T:0.28676    C:0.25000    A:0.21324    G:0.25000
Average         T:0.24755    C:0.23775    A:0.27206    G:0.24265

#45: Parus_major    
position  1:    T:0.15827    C:0.27338    A:0.28058    G:0.28777
position  2:    T:0.28058    C:0.19424    A:0.33813    G:0.18705
position  3:    T:0.24460    C:0.25899    A:0.20144    G:0.29496
Average         T:0.22782    C:0.24221    A:0.27338    G:0.25659

#46: Cyanistes_caeruleus
position  1:    T:0.15827    C:0.27338    A:0.27338    G:0.29496
position  2:    T:0.28058    C:0.19424    A:0.33813    G:0.18705
position  3:    T:0.24460    C:0.26619    A:0.20144    G:0.28777
Average         T:0.22782    C:0.24460    A:0.27098    G:0.25659

#47: Pseudopodoces_humilis
position  1:    T:0.15827    C:0.27338    A:0.27338    G:0.29496
position  2:    T:0.28058    C:0.19424    A:0.33813    G:0.18705
position  3:    T:0.23741    C:0.25899    A:0.21583    G:0.28777
Average         T:0.22542    C:0.24221    A:0.27578    G:0.25659

#48: Oriolus_oriolus
position  1:    T:0.16547    C:0.26619    A:0.25899    G:0.30935
position  2:    T:0.28058    C:0.19424    A:0.32374    G:0.20144
position  3:    T:0.23741    C:0.26619    A:0.21583    G:0.28058
Average         T:0.22782    C:0.24221    A:0.26619    G:0.26379

#49: Corvus_brachyrhynchos
position  1:    T:0.16547    C:0.26619    A:0.28777    G:0.28058
position  2:    T:0.28058    C:0.19424    A:0.32374    G:0.20144
position  3:    T:0.22302    C:0.28777    A:0.19424    G:0.29496
Average         T:0.22302    C:0.24940    A:0.26859    G:0.25899

#50: Corvus_moneduloides
position  1:    T:0.16547    C:0.26619    A:0.28777    G:0.28058
position  2:    T:0.28058    C:0.19424    A:0.32374    G:0.20144
position  3:    T:0.22302    C:0.28777    A:0.19424    G:0.29496
Average         T:0.22302    C:0.24940    A:0.26859    G:0.25899

#51: Athene_cunicularia
position  1:    T:0.15108    C:0.28058    A:0.27338    G:0.29496
position  2:    T:0.28058    C:0.19424    A:0.33094    G:0.19424
position  3:    T:0.23741    C:0.26619    A:0.22302    G:0.27338
Average         T:0.22302    C:0.24700    A:0.27578    G:0.25420

#52: Nestor_notabilis
position  1:    T:0.16547    C:0.27338    A:0.26619    G:0.29496
position  2:    T:0.28058    C:0.20144    A:0.33094    G:0.18705
position  3:    T:0.20144    C:0.29496    A:0.23741    G:0.26619
Average         T:0.21583    C:0.25659    A:0.27818    G:0.24940

#53: Melopsittacus_undulatus
position  1:    T:0.15827    C:0.27338    A:0.27338    G:0.29496
position  2:    T:0.28058    C:0.19424    A:0.33094    G:0.19424
position  3:    T:0.23741    C:0.25899    A:0.22302    G:0.28058
Average         T:0.22542    C:0.24221    A:0.27578    G:0.25659

#54: Apteryx_rowi   
position  1:    T:0.17266    C:0.25899    A:0.30216    G:0.26619
position  2:    T:0.28777    C:0.20144    A:0.30935    G:0.20144
position  3:    T:0.26619    C:0.25180    A:0.22302    G:0.25899
Average         T:0.24221    C:0.23741    A:0.27818    G:0.24221

#55: Apteryx_australis_mantelli
position  1:    T:0.17266    C:0.25899    A:0.30216    G:0.26619
position  2:    T:0.28777    C:0.20144    A:0.30935    G:0.20144
position  3:    T:0.26619    C:0.25180    A:0.22302    G:0.25899
Average         T:0.24221    C:0.23741    A:0.27818    G:0.24221

#56: Dromaius_novaehollandiae
position  1:    T:0.17391    C:0.24638    A:0.28986    G:0.28986
position  2:    T:0.28986    C:0.21014    A:0.33333    G:0.16667
position  3:    T:0.26812    C:0.24638    A:0.21739    G:0.26812
Average         T:0.24396    C:0.23430    A:0.28019    G:0.24155

#57: Casuarius_casuarius
position  1:    T:0.16547    C:0.26619    A:0.29496    G:0.27338
position  2:    T:0.28777    C:0.20863    A:0.32374    G:0.17986
position  3:    T:0.26619    C:0.25899    A:0.21583    G:0.25899
Average         T:0.23981    C:0.24460    A:0.27818    G:0.23741

#58: Nothoprocta_perdicaria
position  1:    T:0.16547    C:0.28058    A:0.27338    G:0.28058
position  2:    T:0.27338    C:0.20144    A:0.30216    G:0.22302
position  3:    T:0.17986    C:0.35252    A:0.15827    G:0.30935
Average         T:0.20624    C:0.27818    A:0.24460    G:0.27098

#59: Rhea_americana 
position  1:    T:0.17986    C:0.24460    A:0.31655    G:0.25899
position  2:    T:0.28058    C:0.21583    A:0.31655    G:0.18705
position  3:    T:0.27338    C:0.25180    A:0.23741    G:0.23741
Average         T:0.24460    C:0.23741    A:0.29017    G:0.22782

#60: Struthio_camelus_australis
position  1:    T:0.16547    C:0.27338    A:0.28058    G:0.28058
position  2:    T:0.28058    C:0.20863    A:0.31655    G:0.19424
position  3:    T:0.27338    C:0.23741    A:0.22302    G:0.26619
Average         T:0.23981    C:0.23981    A:0.27338    G:0.24700

#61: Anseranas_semipalmata
position  1:    T:0.16547    C:0.26619    A:0.29496    G:0.27338
position  2:    T:0.28777    C:0.19424    A:0.32374    G:0.19424
position  3:    T:0.30216    C:0.21583    A:0.25899    G:0.22302
Average         T:0.25180    C:0.22542    A:0.29257    G:0.23022

#62: Oxyura_jamaicensis
position  1:    T:0.16547    C:0.26619    A:0.27338    G:0.29496
position  2:    T:0.28058    C:0.19424    A:0.32374    G:0.20144
position  3:    T:0.26619    C:0.24460    A:0.22302    G:0.26619
Average         T:0.23741    C:0.23501    A:0.27338    G:0.25420

#63: Cygnus_atratus 
position  1:    T:0.16547    C:0.26619    A:0.27338    G:0.29496
position  2:    T:0.28058    C:0.19424    A:0.31655    G:0.20863
position  3:    T:0.25180    C:0.24460    A:0.23741    G:0.26619
Average         T:0.23261    C:0.23501    A:0.27578    G:0.25659

#64: Anser_cygnoides
position  1:    T:0.16547    C:0.26619    A:0.27338    G:0.29496
position  2:    T:0.28058    C:0.19424    A:0.30935    G:0.21583
position  3:    T:0.25899    C:0.23741    A:0.24460    G:0.25899
Average         T:0.23501    C:0.23261    A:0.27578    G:0.25659

#65: Aythya_fuligula
position  1:    T:0.15827    C:0.26619    A:0.27338    G:0.30216
position  2:    T:0.28058    C:0.19424    A:0.32374    G:0.20144
position  3:    T:0.25180    C:0.25899    A:0.21583    G:0.27338
Average         T:0.23022    C:0.23981    A:0.27098    G:0.25899

#66: Anas_platyrhynchos
position  1:    T:0.16547    C:0.25899    A:0.28058    G:0.29496
position  2:    T:0.28058    C:0.19424    A:0.31655    G:0.20863
position  3:    T:0.25899    C:0.25180    A:0.22302    G:0.26619
Average         T:0.23501    C:0.23501    A:0.27338    G:0.25659

#67: Alectura_lathami
position  1:    T:0.15108    C:0.28058    A:0.26619    G:0.30216
position  2:    T:0.29496    C:0.19424    A:0.31655    G:0.19424
position  3:    T:0.23741    C:0.25180    A:0.21583    G:0.29496
Average         T:0.22782    C:0.24221    A:0.26619    G:0.26379

#68: Penelope_pileata
position  1:    T:0.15108    C:0.28777    A:0.27338    G:0.28777
position  2:    T:0.28777    C:0.19424    A:0.33094    G:0.18705
position  3:    T:0.28058    C:0.21583    A:0.19424    G:0.30935
Average         T:0.23981    C:0.23261    A:0.26619    G:0.26139

#69: Colinus_virginianus
position  1:    T:0.15108    C:0.27338    A:0.30935    G:0.26619
position  2:    T:0.29496    C:0.19424    A:0.31655    G:0.19424
position  3:    T:0.28058    C:0.20144    A:0.22302    G:0.29496
Average         T:0.24221    C:0.22302    A:0.28297    G:0.25180

#70: Callipepla_squamata
position  1:    T:0.15108    C:0.28058    A:0.30216    G:0.26619
position  2:    T:0.29496    C:0.19424    A:0.32374    G:0.18705
position  3:    T:0.28777    C:0.20144    A:0.21583    G:0.29496
Average         T:0.24460    C:0.22542    A:0.28058    G:0.24940

#71: Odontophorus_gujanensis
position  1:    T:0.15942    C:0.26812    A:0.29710    G:0.27536
position  2:    T:0.31159    C:0.18841    A:0.32609    G:0.17391
position  3:    T:0.29710    C:0.21014    A:0.21739    G:0.27536
Average         T:0.25604    C:0.22222    A:0.28019    G:0.24155

Sums of codon usage counts
------------------------------------------------------------------------------
Phe F TTT     107 | Ser S TCT     163 | Tyr Y TAT     164 | Cys C TGT      60
      TTC     139 |       TCC     105 |       TAC     237 |       TGC     180
Leu L TTA      81 |       TCA     117 | *** * TAA       0 | *** * TGA       0
      TTG     156 |       TCG      30 |       TAG       0 | Trp W TGG      74
------------------------------------------------------------------------------
Leu L CTT     190 | Pro P CCT     168 | His H CAT      79 | Arg R CGT      59
      CTC      92 |       CCC      94 |       CAC     202 |       CGC      74
      CTA      77 |       CCA     140 | Gln Q CAA     311 |       CGA      37
      CTG     489 |       CCG      42 |       CAG     486 |       CGG      75
------------------------------------------------------------------------------
Ile I ATT     192 | Thr T ACT      30 | Asn N AAT     245 | Ser S AGT     147
      ATC     138 |       ACC     125 |       AAC     228 |       AGC     224
      ATA      81 |       ACA     194 | Lys K AAA     263 | Arg R AGA     140
Met M ATG     458 |       ACG      17 |       AAG     194 |       AGG      86
------------------------------------------------------------------------------
Val V GTT     169 | Ala A GCT     250 | Asp D GAT     260 | Gly G GGT     191
      GTC     121 |       GCC     254 |       GAC     147 |       GGC     122
      GTA      62 |       GCA      91 | Glu E GAA     272 |       GGA     236
      GTG     287 |       GCG      65 |       GAG     118 |       GGG     174
------------------------------------------------------------------------------

(Ambiguity data are not used in the counts.)


Codon position x base (3x4) table, overall

position  1:    T:0.16444    C:0.26659    A:0.28158    G:0.28739
position  2:    T:0.28943    C:0.19217    A:0.32684    G:0.19156
position  3:    T:0.25222    C:0.25303    A:0.21429    G:0.28046
Average         T:0.23536    C:0.23727    A:0.27424    G:0.25313

TREE #  1:  ((((((54, 55), (56, 57)), 59), 60), 58), (((67, (((((69, 70), 71), (1, ((2, ((6, (8, 9)), 7)), ((10, 11), ((3, 5), 4))))), 12), 68)), (61, ((62, (63, 64)), (65, 66)))), (((13, 14), 20), ((((((15, 22), 23), 16), (21, 18)), ((53, 52), (51, 17))), (19, (((((33, 34), (35, (37, 38))), 36), 39), ((((((40, 41), 42), 43), ((45, 46), 47)), ((27, (29, 30)), ((32, (28, 31)), ((24, 25), 26)))), ((48, (49, 50)), 44))))))));   MP score: -1
This is a rooted tree.  Please check!
lnL(ntime:140  np:143):  -5859.467473      +0.000000
  72..73   73..74   74..75   75..76   76..77   77..54   77..55   76..78   78..56   78..57   75..59   74..60   73..58   72..79   79..80   80..81   81..67   81..82   82..83   83..84   84..85   85..86   86..69   86..70   85..71   84..87   87..1    87..88   88..89   89..2    89..90   90..91   91..6    91..92   92..8    92..9    90..7    88..93   93..94   94..10   94..11   93..95   95..96   96..3    96..5    95..4    83..12   82..68   80..97   97..61   97..98   98..99   99..62   99..100 100..63  100..64   98..101 101..65  101..66   79..102 102..103 103..104 104..13  104..14  103..20  102..105 105..106 106..107 107..108 108..109 109..110 110..15  110..22  109..23  108..16  107..111 111..21  111..18  106..112 112..113 113..53  113..52  112..114 114..51  114..17  105..115 115..19  115..116 116..117 117..118 118..119 119..120 120..33  120..34  119..121 121..35  121..122 122..37  122..38  118..36  117..39  116..123 123..124 124..125 125..126 126..127 127..128 128..40  128..41  127..42  126..43  125..129 129..130 130..45  130..46  129..47  124..131 131..132 132..27  132..133 133..29  133..30  131..134 134..135 135..32  135..136 136..28  136..31  134..137 137..138 138..24  138..25  137..26  123..139 139..140 140..48  140..141 141..49  141..50  139..44 
 0.058710 0.017093 0.015809 0.022597 0.042366 0.000004 0.000004 0.065268 0.045873 0.000004 0.118651 0.084334 0.335004 0.072532 0.017759 0.079526 0.139618 0.010406 0.090151 0.012284 0.066071 0.029699 0.031421 0.028462 0.087295 0.094140 0.233402 0.025226 0.057038 0.232622 0.091319 0.009688 0.083211 0.019905 0.040426 0.047056 0.010962 0.000004 0.016648 0.108891 0.086191 0.116111 0.000004 0.067149 0.100484 0.075173 0.198210 0.100435 0.042560 0.087559 0.078718 0.009821 0.058024 0.009596 0.007382 0.014864 0.041450 0.014232 0.022896 0.131059 0.004544 0.057850 0.054956 0.124022 0.242359 0.009376 0.000004 0.000004 0.000004 0.000004 0.042197 0.263800 0.129352 0.319820 0.183467 0.002490 0.136741 0.128684 0.012156 0.048927 0.037912 0.100712 0.005214 0.093297 0.094853 0.039236 0.126291 0.000004 0.043332 0.022451 0.000004 0.000004 0.037407 0.014898 0.007398 0.007383 0.000004 0.000004 0.007395 0.045010 0.045734 0.047893 0.016037 0.000004 0.000004 0.026459 0.021440 0.099213 0.070602 0.098685 0.121754 0.057955 0.000004 0.014988 0.000004 0.022552 0.031232 0.027684 0.044943 0.061508 0.000004 0.000004 0.000004 0.000004 0.079166 0.025348 0.048193 0.092723 0.041029 0.025027 0.025991 0.041980 0.031874 0.000004 0.039184 0.068955 0.061767 0.014980 0.000004 0.125004 0.211363 1.231033 0.370677

Note: Branch length is defined as number of nucleotide substitutions per codon (not per neucleotide site).

tree length =  7.776903

((((((54: 0.000004, 55: 0.000004): 0.042366, (56: 0.045873, 57: 0.000004): 0.065268): 0.022597, 59: 0.118651): 0.015809, 60: 0.084334): 0.017093, 58: 0.335004): 0.058710, (((67: 0.139618, (((((69: 0.031421, 70: 0.028462): 0.029699, 71: 0.087295): 0.066071, (1: 0.233402, ((2: 0.232622, ((6: 0.083211, (8: 0.040426, 9: 0.047056): 0.019905): 0.009688, 7: 0.010962): 0.091319): 0.057038, ((10: 0.108891, 11: 0.086191): 0.016648, ((3: 0.067149, 5: 0.100484): 0.000004, 4: 0.075173): 0.116111): 0.000004): 0.025226): 0.094140): 0.012284, 12: 0.198210): 0.090151, 68: 0.100435): 0.010406): 0.079526, (61: 0.087559, ((62: 0.058024, (63: 0.007382, 64: 0.014864): 0.009596): 0.009821, (65: 0.014232, 66: 0.022896): 0.041450): 0.078718): 0.042560): 0.017759, (((13: 0.054956, 14: 0.124022): 0.057850, 20: 0.242359): 0.004544, ((((((15: 0.263800, 22: 0.129352): 0.042197, 23: 0.319820): 0.000004, 16: 0.183467): 0.000004, (21: 0.136741, 18: 0.128684): 0.002490): 0.000004, ((53: 0.037912, 52: 0.100712): 0.048927, (51: 0.093297, 17: 0.094853): 0.005214): 0.012156): 0.000004, (19: 0.126291, (((((33: 0.037407, 34: 0.014898): 0.000004, (35: 0.007383, (37: 0.000004, 38: 0.007395): 0.000004): 0.007398): 0.000004, 36: 0.045010): 0.022451, 39: 0.045734): 0.043332, ((((((40: 0.099213, 41: 0.070602): 0.021440, 42: 0.098685): 0.026459, 43: 0.121754): 0.000004, ((45: 0.014988, 46: 0.000004): 0.000004, 47: 0.022552): 0.057955): 0.000004, ((27: 0.044943, (29: 0.000004, 30: 0.000004): 0.061508): 0.027684, ((32: 0.079166, (28: 0.048193, 31: 0.092723): 0.025348): 0.000004, ((24: 0.025991, 25: 0.041980): 0.025027, 26: 0.031874): 0.041029): 0.000004): 0.031232): 0.016037, ((48: 0.068955, (49: 0.014980, 50: 0.000004): 0.061767): 0.039184, 44: 0.125004): 0.000004): 0.047893): 0.000004): 0.039236): 0.009376): 0.131059): 0.072532);

((((((Apteryx_rowi: 0.000004, Apteryx_australis_mantelli: 0.000004): 0.042366, (Dromaius_novaehollandiae: 0.045873, Casuarius_casuarius: 0.000004): 0.065268): 0.022597, Rhea_americana: 0.118651): 0.015809, Struthio_camelus_australis: 0.084334): 0.017093, Nothoprocta_perdicaria: 0.335004): 0.058710, (((Alectura_lathami: 0.139618, (((((Colinus_virginianus: 0.031421, Callipepla_squamata: 0.028462): 0.029699, Odontophorus_gujanensis: 0.087295): 0.066071, (Coturnix_japonica: 0.233402, ((Meleagris_gallopavo: 0.232622, ((Lyrurus_tetrix: 0.083211, (Tympanuchus_cupido: 0.040426, Centrocercus_minimus: 0.047056): 0.019905): 0.009688, Lagopus_muta: 0.010962): 0.091319): 0.057038, ((Pavo_cristatus: 0.108891, Gallus_gallus: 0.086191): 0.016648, ((Chrysolophus_pictus: 0.067149, Phasianus_colchicus: 0.100484): 0.000004, Syrmaticus_mikado: 0.075173): 0.116111): 0.000004): 0.025226): 0.094140): 0.012284, Numida_meleagris: 0.198210): 0.090151, Penelope_pileata: 0.100435): 0.010406): 0.079526, (Anseranas_semipalmata: 0.087559, ((Oxyura_jamaicensis: 0.058024, (Cygnus_atratus: 0.007382, Anser_cygnoides: 0.014864): 0.009596): 0.009821, (Aythya_fuligula: 0.014232, Anas_platyrhynchos: 0.022896): 0.041450): 0.078718): 0.042560): 0.017759, (((Corythaeola_cristata: 0.054956, Tauraco_erythrolophus: 0.124022): 0.057850, Cuculus_canorus: 0.242359): 0.004544, ((((((Picoides_pubescens: 0.263800, Apaloderma_vittatum: 0.129352): 0.042197, Colius_striatus: 0.319820): 0.000004, Buceros_rhinoceros: 0.183467): 0.000004, (Merops_nubicus: 0.136741, Leptosomus_discolor: 0.128684): 0.002490): 0.000004, ((Melopsittacus_undulatus: 0.037912, Nestor_notabilis: 0.100712): 0.048927, (Athene_cunicularia: 0.093297, Tyto_alba_alba: 0.094853): 0.005214): 0.012156): 0.000004, (Acanthisitta_chloris: 0.126291, (((((Corapipo_altera: 0.037407, Chiroxiphia_lanceolata: 0.014898): 0.000004, (Pipra_filicauda: 0.007383, (Lepidothrix_coronata: 0.000004, Manacus_vitellinus: 0.007395): 0.000004): 0.007398): 0.000004, Neopelma_chrysocephalum: 0.045010): 0.022451, Empidonax_traillii: 0.045734): 0.043332, ((((((Catharus_ustulatus: 0.099213, Ficedula_albicollis: 0.070602): 0.021440, Sturnus_vulgaris: 0.098685): 0.026459, Stachyridopsis_ruficeps: 0.121754): 0.000004, ((Parus_major: 0.014988, Cyanistes_caeruleus: 0.000004): 0.000004, Pseudopodoces_humilis: 0.022552): 0.057955): 0.000004, ((Zonotrichia_albicollis: 0.044943, (Camarhynchus_parvulus: 0.000004, Geospiza_fortis: 0.000004): 0.061508): 0.027684, ((Passer_domesticus: 0.079166, (Molothrus_ater: 0.048193, Serinus_canaria: 0.092723): 0.025348): 0.000004, ((Lonchura_Striata_domestica: 0.025991, Taeniopygia_guttata: 0.041980): 0.025027, Erythrura_gouldiae: 0.031874): 0.041029): 0.000004): 0.031232): 0.016037, ((Oriolus_oriolus: 0.068955, (Corvus_brachyrhynchos: 0.014980, Corvus_moneduloides: 0.000004): 0.061767): 0.039184, Malurus_cyaneus: 0.125004): 0.000004): 0.047893): 0.000004): 0.039236): 0.009376): 0.131059): 0.072532);

Detailed output identifying parameters

w (dN/dS) for branches:  0.21136 1.23103 0.37068

dN & dS for each branch

 branch          t       N       S   dN/dS      dN      dS  N*dN  S*dS

  72..73     0.059   321.3   104.7  0.2114  0.0102  0.0483   3.3   5.1
  73..74     0.017   321.3   104.7  0.2114  0.0030  0.0141   1.0   1.5
  74..75     0.016   321.3   104.7  0.2114  0.0027  0.0130   0.9   1.4
  75..76     0.023   321.3   104.7  0.2114  0.0039  0.0186   1.3   1.9
  76..77     0.042   321.3   104.7  0.2114  0.0074  0.0349   2.4   3.6
  77..54     0.000   321.3   104.7  0.2114  0.0000  0.0000   0.0   0.0
  77..55     0.000   321.3   104.7  0.2114  0.0000  0.0000   0.0   0.0
  76..78     0.065   321.3   104.7  0.2114  0.0114  0.0537   3.6   5.6
  78..56     0.046   321.3   104.7  0.2114  0.0080  0.0377   2.6   4.0
  78..57     0.000   321.3   104.7  0.2114  0.0000  0.0000   0.0   0.0
  75..59     0.119   321.3   104.7  0.2114  0.0206  0.0976   6.6  10.2
  74..60     0.084   321.3   104.7  0.2114  0.0147  0.0694   4.7   7.3
  73..58     0.335   321.3   104.7  0.2114  0.0583  0.2756  18.7  28.9
  72..79     0.073   321.3   104.7  0.2114  0.0126  0.0597   4.1   6.2
  79..80     0.018   321.3   104.7  0.2114  0.0031  0.0146   1.0   1.5
  80..81     0.080   321.3   104.7  0.2114  0.0138  0.0654   4.4   6.8
  81..67     0.140   321.3   104.7  0.2114  0.0243  0.1149   7.8  12.0
  81..82     0.010   321.3   104.7  0.2114  0.0018  0.0086   0.6   0.9
  82..83     0.090   321.3   104.7  0.2114  0.0157  0.0742   5.0   7.8
  83..84     0.012   321.3   104.7  0.2114  0.0021  0.0101   0.7   1.1
  84..85     0.066   321.3   104.7  0.2114  0.0115  0.0544   3.7   5.7
  85..86     0.030   321.3   104.7  0.2114  0.0052  0.0244   1.7   2.6
  86..69     0.031   321.3   104.7  0.2114  0.0055  0.0259   1.8   2.7
  86..70     0.028   321.3   104.7  0.2114  0.0049  0.0234   1.6   2.5
  85..71     0.087   321.3   104.7  1.2310  0.0305  0.0248   9.8   2.6
  84..87     0.094   321.3   104.7  0.2114  0.0164  0.0775   5.3   8.1
  87..1      0.233   321.3   104.7  1.2310  0.0816  0.0663  26.2   6.9
  87..88     0.025   321.3   104.7  0.2114  0.0044  0.0208   1.4   2.2
  88..89     0.057   321.3   104.7  0.2114  0.0099  0.0469   3.2   4.9
  89..2      0.233   321.3   104.7  1.2310  0.0813  0.0660  26.1   6.9
  89..90     0.091   321.3   104.7  1.2310  0.0319  0.0259  10.3   2.7
  90..91     0.010   321.3   104.7  0.3707  0.0023  0.0061   0.7   0.6
  91..6      0.083   321.3   104.7  0.3707  0.0196  0.0528   6.3   5.5
  91..92     0.020   321.3   104.7  0.3707  0.0047  0.0126   1.5   1.3
  92..8      0.040   321.3   104.7  0.3707  0.0095  0.0257   3.1   2.7
  92..9      0.047   321.3   104.7  0.3707  0.0111  0.0299   3.6   3.1
  90..7      0.011   321.3   104.7  0.3707  0.0026  0.0070   0.8   0.7
  88..93     0.000   321.3   104.7  0.2114  0.0000  0.0000   0.0   0.0
  93..94     0.017   321.3   104.7  0.2114  0.0029  0.0137   0.9   1.4
  94..10     0.109   321.3   104.7  1.2310  0.0381  0.0309  12.2   3.2
  94..11     0.086   321.3   104.7  1.2310  0.0301  0.0245   9.7   2.6
  93..95     0.116   321.3   104.7  0.2114  0.0202  0.0955   6.5  10.0
  95..96     0.000   321.3   104.7  0.2114  0.0000  0.0000   0.0   0.0
  96..3      0.067   321.3   104.7  0.2114  0.0117  0.0552   3.8   5.8
  96..5      0.100   321.3   104.7  0.2114  0.0175  0.0827   5.6   8.7
  95..4      0.075   321.3   104.7  1.2310  0.0263  0.0213   8.4   2.2
  83..12     0.198   321.3   104.7  1.2310  0.0693  0.0563  22.3   5.9
  82..68     0.100   321.3   104.7  0.2114  0.0175  0.0826   5.6   8.6
  80..97     0.043   321.3   104.7  0.2114  0.0074  0.0350   2.4   3.7
  97..61     0.088   321.3   104.7  0.2114  0.0152  0.0720   4.9   7.5
  97..98     0.079   321.3   104.7  0.2114  0.0137  0.0648   4.4   6.8
  98..99     0.010   321.3   104.7  0.2114  0.0017  0.0081   0.5   0.8
  99..62     0.058   321.3   104.7  0.2114  0.0101  0.0477   3.2   5.0
  99..100    0.010   321.3   104.7  0.2114  0.0017  0.0079   0.5   0.8
 100..63     0.007   321.3   104.7  0.2114  0.0013  0.0061   0.4   0.6
 100..64     0.015   321.3   104.7  0.2114  0.0026  0.0122   0.8   1.3
  98..101    0.041   321.3   104.7  0.2114  0.0072  0.0341   2.3   3.6
 101..65     0.014   321.3   104.7  0.2114  0.0025  0.0117   0.8   1.2
 101..66     0.023   321.3   104.7  0.2114  0.0040  0.0188   1.3   2.0
  79..102    0.131   321.3   104.7  0.2114  0.0228  0.1078   7.3  11.3
 102..103    0.005   321.3   104.7  0.2114  0.0008  0.0037   0.3   0.4
 103..104    0.058   321.3   104.7  0.2114  0.0101  0.0476   3.2   5.0
 104..13     0.055   321.3   104.7  0.2114  0.0096  0.0452   3.1   4.7
 104..14     0.124   321.3   104.7  0.2114  0.0216  0.1020   6.9  10.7
 103..20     0.242   321.3   104.7  0.2114  0.0421  0.1994  13.5  20.9
 102..105    0.009   321.3   104.7  0.2114  0.0016  0.0077   0.5   0.8
 105..106    0.000   321.3   104.7  0.2114  0.0000  0.0000   0.0   0.0
 106..107    0.000   321.3   104.7  0.2114  0.0000  0.0000   0.0   0.0
 107..108    0.000   321.3   104.7  0.2114  0.0000  0.0000   0.0   0.0
 108..109    0.000   321.3   104.7  0.2114  0.0000  0.0000   0.0   0.0
 109..110    0.042   321.3   104.7  0.2114  0.0073  0.0347   2.4   3.6
 110..15     0.264   321.3   104.7  0.2114  0.0459  0.2170  14.7  22.7
 110..22     0.129   321.3   104.7  0.2114  0.0225  0.1064   7.2  11.1
 109..23     0.320   321.3   104.7  0.2114  0.0556  0.2631  17.9  27.5
 108..16     0.183   321.3   104.7  0.2114  0.0319  0.1509  10.3  15.8
 107..111    0.002   321.3   104.7  0.2114  0.0004  0.0020   0.1   0.2
 111..21     0.137   321.3   104.7  0.2114  0.0238  0.1125   7.6  11.8
 111..18     0.129   321.3   104.7  0.2114  0.0224  0.1059   7.2  11.1
 106..112    0.012   321.3   104.7  0.2114  0.0021  0.0100   0.7   1.0
 112..113    0.049   321.3   104.7  0.2114  0.0085  0.0403   2.7   4.2
 113..53     0.038   321.3   104.7  0.2114  0.0066  0.0312   2.1   3.3
 113..52     0.101   321.3   104.7  0.2114  0.0175  0.0829   5.6   8.7
 112..114    0.005   321.3   104.7  0.2114  0.0009  0.0043   0.3   0.4
 114..51     0.093   321.3   104.7  0.2114  0.0162  0.0768   5.2   8.0
 114..17     0.095   321.3   104.7  0.2114  0.0165  0.0780   5.3   8.2
 105..115    0.039   321.3   104.7  0.2114  0.0068  0.0323   2.2   3.4
 115..19     0.126   321.3   104.7  0.2114  0.0220  0.1039   7.1  10.9
 115..116    0.000   321.3   104.7  0.2114  0.0000  0.0000   0.0   0.0
 116..117    0.043   321.3   104.7  0.2114  0.0075  0.0357   2.4   3.7
 117..118    0.022   321.3   104.7  0.2114  0.0039  0.0185   1.3   1.9
 118..119    0.000   321.3   104.7  0.2114  0.0000  0.0000   0.0   0.0
 119..120    0.000   321.3   104.7  0.2114  0.0000  0.0000   0.0   0.0
 120..33     0.037   321.3   104.7  0.2114  0.0065  0.0308   2.1   3.2
 120..34     0.015   321.3   104.7  0.2114  0.0026  0.0123   0.8   1.3
 119..121    0.007   321.3   104.7  0.2114  0.0013  0.0061   0.4   0.6
 121..35     0.007   321.3   104.7  0.2114  0.0013  0.0061   0.4   0.6
 121..122    0.000   321.3   104.7  0.2114  0.0000  0.0000   0.0   0.0
 122..37     0.000   321.3   104.7  0.2114  0.0000  0.0000   0.0   0.0
 122..38     0.007   321.3   104.7  0.2114  0.0013  0.0061   0.4   0.6
 118..36     0.045   321.3   104.7  0.2114  0.0078  0.0370   2.5   3.9
 117..39     0.046   321.3   104.7  0.2114  0.0080  0.0376   2.6   3.9
 116..123    0.048   321.3   104.7  0.2114  0.0083  0.0394   2.7   4.1
 123..124    0.016   321.3   104.7  0.2114  0.0028  0.0132   0.9   1.4
 124..125    0.000   321.3   104.7  0.2114  0.0000  0.0000   0.0   0.0
 125..126    0.000   321.3   104.7  0.2114  0.0000  0.0000   0.0   0.0
 126..127    0.026   321.3   104.7  0.2114  0.0046  0.0218   1.5   2.3
 127..128    0.021   321.3   104.7  0.2114  0.0037  0.0176   1.2   1.8
 128..40     0.099   321.3   104.7  0.2114  0.0173  0.0816   5.5   8.5
 128..41     0.071   321.3   104.7  0.2114  0.0123  0.0581   3.9   6.1
 127..42     0.099   321.3   104.7  0.2114  0.0172  0.0812   5.5   8.5
 126..43     0.122   321.3   104.7  0.2114  0.0212  0.1002   6.8  10.5
 125..129    0.058   321.3   104.7  0.2114  0.0101  0.0477   3.2   5.0
 129..130    0.000   321.3   104.7  0.2114  0.0000  0.0000   0.0   0.0
 130..45     0.015   321.3   104.7  0.2114  0.0026  0.0123   0.8   1.3
 130..46     0.000   321.3   104.7  0.2114  0.0000  0.0000   0.0   0.0
 129..47     0.023   321.3   104.7  0.2114  0.0039  0.0186   1.3   1.9
 124..131    0.031   321.3   104.7  0.2114  0.0054  0.0257   1.7   2.7
 131..132    0.028   321.3   104.7  0.2114  0.0048  0.0228   1.5   2.4
 132..27     0.045   321.3   104.7  0.2114  0.0078  0.0370   2.5   3.9
 132..133    0.062   321.3   104.7  0.2114  0.0107  0.0506   3.4   5.3
 133..29     0.000   321.3   104.7  0.2114  0.0000  0.0000   0.0   0.0
 133..30     0.000   321.3   104.7  0.2114  0.0000  0.0000   0.0   0.0
 131..134    0.000   321.3   104.7  0.2114  0.0000  0.0000   0.0   0.0
 134..135    0.000   321.3   104.7  0.2114  0.0000  0.0000   0.0   0.0
 135..32     0.079   321.3   104.7  0.2114  0.0138  0.0651   4.4   6.8
 135..136    0.025   321.3   104.7  0.2114  0.0044  0.0209   1.4   2.2
 136..28     0.048   321.3   104.7  0.2114  0.0084  0.0397   2.7   4.2
 136..31     0.093   321.3   104.7  0.2114  0.0161  0.0763   5.2   8.0
 134..137    0.041   321.3   104.7  0.2114  0.0071  0.0338   2.3   3.5
 137..138    0.025   321.3   104.7  0.2114  0.0044  0.0206   1.4   2.2
 138..24     0.026   321.3   104.7  0.2114  0.0045  0.0214   1.5   2.2
 138..25     0.042   321.3   104.7  0.2114  0.0073  0.0345   2.3   3.6
 137..26     0.032   321.3   104.7  0.2114  0.0055  0.0262   1.8   2.7
 123..139    0.000   321.3   104.7  0.2114  0.0000  0.0000   0.0   0.0
 139..140    0.039   321.3   104.7  0.2114  0.0068  0.0322   2.2   3.4
 140..48     0.069   321.3   104.7  0.2114  0.0120  0.0567   3.9   5.9
 140..141    0.062   321.3   104.7  0.2114  0.0107  0.0508   3.5   5.3
 141..49     0.015   321.3   104.7  0.2114  0.0026  0.0123   0.8   1.3
 141..50     0.000   321.3   104.7  0.2114  0.0000  0.0000   0.0   0.0
 139..44     0.125   321.3   104.7  0.2114  0.0217  0.1028   7.0  10.8

tree length for dN:       1.5608
tree length for dS:       5.7589

dS tree:
((((((Apteryx_rowi: 0.000003, Apteryx_australis_mantelli: 0.000003): 0.034857, (Dromaius_novaehollandiae: 0.037742, Casuarius_casuarius: 0.000003): 0.053700): 0.018592, Rhea_americana: 0.097622): 0.013007, Struthio_camelus_australis: 0.069386): 0.014063, Nothoprocta_perdicaria: 0.275628): 0.048305, (((Alectura_lathami: 0.114872, (((((Colinus_virginianus: 0.025852, Callipepla_squamata: 0.023418): 0.024436, Odontophorus_gujanensis: 0.024780): 0.054360, (Coturnix_japonica: 0.066255, ((Meleagris_gallopavo: 0.066033, ((Lyrurus_tetrix: 0.052801, (Tympanuchus_cupido: 0.025652, Centrocercus_minimus: 0.029859): 0.012631): 0.006147, Lagopus_muta: 0.006956): 0.025922): 0.046928, ((Pavo_cristatus: 0.030910, Gallus_gallus: 0.024467): 0.013697, ((Chrysolophus_pictus: 0.055247, Phasianus_colchicus: 0.082675): 0.000003, Syrmaticus_mikado: 0.021339): 0.095531): 0.000003): 0.020755): 0.077455): 0.010107, Numida_meleagris: 0.056265): 0.074173, Penelope_pileata: 0.082634): 0.008561): 0.065431, (Anseranas_semipalmata: 0.072040, ((Oxyura_jamaicensis: 0.047740, (Cygnus_atratus: 0.006073, Anser_cygnoides: 0.012230): 0.007895): 0.008081, (Aythya_fuligula: 0.011710, Anas_platyrhynchos: 0.018838): 0.034103): 0.064766): 0.035017): 0.014612, (((Corythaeola_cristata: 0.045216, Tauraco_erythrolophus: 0.102040): 0.047596, Cuculus_canorus: 0.199403): 0.003739, ((((((Picoides_pubescens: 0.217044, Apaloderma_vittatum: 0.106426): 0.034718, Colius_striatus: 0.263135): 0.000003, Buceros_rhinoceros: 0.150950): 0.000003, (Merops_nubicus: 0.112505, Leptosomus_discolor: 0.105876): 0.002049): 0.000003, ((Melopsittacus_undulatus: 0.031192, Nestor_notabilis: 0.082862): 0.040255, (Athene_cunicularia: 0.076761, Tyto_alba_alba: 0.078041): 0.004290): 0.010001): 0.000003, (Acanthisitta_chloris: 0.103908, (((((Corapipo_altera: 0.030777, Chiroxiphia_lanceolata: 0.012257): 0.000003, (Pipra_filicauda: 0.006075, (Lepidothrix_coronata: 0.000003, Manacus_vitellinus: 0.006084): 0.000003): 0.006087): 0.000003, Neopelma_chrysocephalum: 0.037033): 0.018472, Empidonax_traillii: 0.037628): 0.035652, ((((((Catharus_ustulatus: 0.081628, Ficedula_albicollis: 0.058089): 0.017640, Sturnus_vulgaris: 0.081194): 0.021770, Stachyridopsis_ruficeps: 0.100174): 0.000003, ((Parus_major: 0.012332, Cyanistes_caeruleus: 0.000003): 0.000003, Pseudopodoces_humilis: 0.018555): 0.047683): 0.000003, ((Zonotrichia_albicollis: 0.036978, (Camarhynchus_parvulus: 0.000003, Geospiza_fortis: 0.000003): 0.050606): 0.022777, ((Passer_domesticus: 0.065134, (Molothrus_ater: 0.039651, Serinus_canaria: 0.076289): 0.020855): 0.000003, ((Lonchura_Striata_domestica: 0.021385, Taeniopygia_guttata: 0.034540): 0.020591, Erythrura_gouldiae: 0.026224): 0.033757): 0.000003): 0.025696): 0.013194, ((Oriolus_oriolus: 0.056734, (Corvus_brachyrhynchos: 0.012325, Corvus_moneduloides: 0.000003): 0.050820): 0.032239, Malurus_cyaneus: 0.102848): 0.000003): 0.039405): 0.000003): 0.032282): 0.007714): 0.107830): 0.059676);
dN tree:
((((((Apteryx_rowi: 0.000001, Apteryx_australis_mantelli: 0.000001): 0.007368, (Dromaius_novaehollandiae: 0.007977, Casuarius_casuarius: 0.000001): 0.011350): 0.003930, Rhea_americana: 0.020634): 0.002749, Struthio_camelus_australis: 0.014666): 0.002972, Nothoprocta_perdicaria: 0.058258): 0.010210, (((Alectura_lathami: 0.024280, (((((Colinus_virginianus: 0.005464, Callipepla_squamata: 0.004950): 0.005165, Odontophorus_gujanensis: 0.030505): 0.011490, (Coturnix_japonica: 0.081562, ((Meleagris_gallopavo: 0.081289, ((Lyrurus_tetrix: 0.019572, (Tympanuchus_cupido: 0.009509, Centrocercus_minimus: 0.011068): 0.004682): 0.002279, Lagopus_muta: 0.002578): 0.031911): 0.009919, ((Pavo_cristatus: 0.038052, Gallus_gallus: 0.030119): 0.002895, ((Chrysolophus_pictus: 0.011677, Phasianus_colchicus: 0.017474): 0.000001, Syrmaticus_mikado: 0.026269): 0.020192): 0.000001): 0.004387): 0.016371): 0.002136, Numida_meleagris: 0.069264): 0.015677, Penelope_pileata: 0.017466): 0.001810): 0.013830, (Anseranas_semipalmata: 0.015227, ((Oxyura_jamaicensis: 0.010090, (Cygnus_atratus: 0.001284, Anser_cygnoides: 0.002585): 0.001669): 0.001708, (Aythya_fuligula: 0.002475, Anas_platyrhynchos: 0.003982): 0.007208): 0.013689): 0.007401): 0.003088, (((Corythaeola_cristata: 0.009557, Tauraco_erythrolophus: 0.021568): 0.010060, Cuculus_canorus: 0.042146): 0.000790, ((((((Picoides_pubescens: 0.045875, Apaloderma_vittatum: 0.022494): 0.007338, Colius_striatus: 0.055617): 0.000001, Buceros_rhinoceros: 0.031905): 0.000001, (Merops_nubicus: 0.023779, Leptosomus_discolor: 0.022378): 0.000433): 0.000001, ((Melopsittacus_undulatus: 0.006593, Nestor_notabilis: 0.017514): 0.008509, (Athene_cunicularia: 0.016224, Tyto_alba_alba: 0.016495): 0.000907): 0.002114): 0.000001, (Acanthisitta_chloris: 0.021962, (((((Corapipo_altera: 0.006505, Chiroxiphia_lanceolata: 0.002591): 0.000001, (Pipra_filicauda: 0.001284, (Lepidothrix_coronata: 0.000001, Manacus_vitellinus: 0.001286): 0.000001): 0.001286): 0.000001, Neopelma_chrysocephalum: 0.007827): 0.003904, Empidonax_traillii: 0.007953): 0.007535, ((((((Catharus_ustulatus: 0.017253, Ficedula_albicollis: 0.012278): 0.003728, Sturnus_vulgaris: 0.017161): 0.004601, Stachyridopsis_ruficeps: 0.021173): 0.000001, ((Parus_major: 0.002606, Cyanistes_caeruleus: 0.000001): 0.000001, Pseudopodoces_humilis: 0.003922): 0.010078): 0.000001, ((Zonotrichia_albicollis: 0.007816, (Camarhynchus_parvulus: 0.000001, Geospiza_fortis: 0.000001): 0.010696): 0.004814, ((Passer_domesticus: 0.013767, (Molothrus_ater: 0.008381, Serinus_canaria: 0.016125): 0.004408): 0.000001, ((Lonchura_Striata_domestica: 0.004520, Taeniopygia_guttata: 0.007300): 0.004352, Erythrura_gouldiae: 0.005543): 0.007135): 0.000001): 0.005431): 0.002789, ((Oriolus_oriolus: 0.011991, (Corvus_brachyrhynchos: 0.002605, Corvus_moneduloides: 0.000001): 0.010741): 0.006814, Malurus_cyaneus: 0.021738): 0.000001): 0.008329): 0.000001): 0.006823): 0.001630): 0.022791): 0.012613);

w ratios as labels for TreeView:
((((((Apteryx_rowi #0.211363 , Apteryx_australis_mantelli #0.211363 ) #0.211363 , (Dromaius_novaehollandiae #0.211363 , Casuarius_casuarius #0.211363 ) #0.211363 ) #0.211363 , Rhea_americana #0.211363 ) #0.211363 , Struthio_camelus_australis #0.211363 ) #0.211363 , Nothoprocta_perdicaria #0.211363 ) #0.211363 , (((Alectura_lathami #0.211363 , (((((Colinus_virginianus #0.211363 , Callipepla_squamata #0.211363 ) #0.211363 , Odontophorus_gujanensis #1.23103 ) #0.211363 , (Coturnix_japonica #1.23103 , ((Meleagris_gallopavo #1.23103 , ((Lyrurus_tetrix #0.370677 , (Tympanuchus_cupido #0.370677 , Centrocercus_minimus #0.370677 ) #0.370677 ) #0.370677 , Lagopus_muta #0.370677 ) #1.23103 ) #0.211363 , ((Pavo_cristatus #1.23103 , Gallus_gallus #1.23103 ) #0.211363 , ((Chrysolophus_pictus #0.211363 , Phasianus_colchicus #0.211363 ) #0.211363 , Syrmaticus_mikado #1.23103 ) #0.211363 ) #0.211363 ) #0.211363 ) #0.211363 ) #0.211363 , Numida_meleagris #1.23103 ) #0.211363 , Penelope_pileata #0.211363 ) #0.211363 ) #0.211363 , (Anseranas_semipalmata #0.211363 , ((Oxyura_jamaicensis #0.211363 , (Cygnus_atratus #0.211363 , Anser_cygnoides #0.211363 ) #0.211363 ) #0.211363 , (Aythya_fuligula #0.211363 , Anas_platyrhynchos #0.211363 ) #0.211363 ) #0.211363 ) #0.211363 ) #0.211363 , (((Corythaeola_cristata #0.211363 , Tauraco_erythrolophus #0.211363 ) #0.211363 , Cuculus_canorus #0.211363 ) #0.211363 , ((((((Picoides_pubescens #0.211363 , Apaloderma_vittatum #0.211363 ) #0.211363 , Colius_striatus #0.211363 ) #0.211363 , Buceros_rhinoceros #0.211363 ) #0.211363 , (Merops_nubicus #0.211363 , Leptosomus_discolor #0.211363 ) #0.211363 ) #0.211363 , ((Melopsittacus_undulatus #0.211363 , Nestor_notabilis #0.211363 ) #0.211363 , (Athene_cunicularia #0.211363 , Tyto_alba_alba #0.211363 ) #0.211363 ) #0.211363 ) #0.211363 , (Acanthisitta_chloris #0.211363 , (((((Corapipo_altera #0.211363 , Chiroxiphia_lanceolata #0.211363 ) #0.211363 , (Pipra_filicauda #0.211363 , (Lepidothrix_coronata #0.211363 , Manacus_vitellinus #0.211363 ) #0.211363 ) #0.211363 ) #0.211363 , Neopelma_chrysocephalum #0.211363 ) #0.211363 , Empidonax_traillii #0.211363 ) #0.211363 , ((((((Catharus_ustulatus #0.211363 , Ficedula_albicollis #0.211363 ) #0.211363 , Sturnus_vulgaris #0.211363 ) #0.211363 , Stachyridopsis_ruficeps #0.211363 ) #0.211363 , ((Parus_major #0.211363 , Cyanistes_caeruleus #0.211363 ) #0.211363 , Pseudopodoces_humilis #0.211363 ) #0.211363 ) #0.211363 , ((Zonotrichia_albicollis #0.211363 , (Camarhynchus_parvulus #0.211363 , Geospiza_fortis #0.211363 ) #0.211363 ) #0.211363 , ((Passer_domesticus #0.211363 , (Molothrus_ater #0.211363 , Serinus_canaria #0.211363 ) #0.211363 ) #0.211363 , ((Lonchura_Striata_domestica #0.211363 , Taeniopygia_guttata #0.211363 ) #0.211363 , Erythrura_gouldiae #0.211363 ) #0.211363 ) #0.211363 ) #0.211363 ) #0.211363 , ((Oriolus_oriolus #0.211363 , (Corvus_brachyrhynchos #0.211363 , Corvus_moneduloides #0.211363 ) #0.211363 ) #0.211363 , Malurus_cyaneus #0.211363 ) #0.211363 ) #0.211363 ) #0.211363 ) #0.211363 ) #0.211363 ) #0.211363 ) #0.211363 );


Time used: 27:24
