

TREE # 1

  0  0.0000   1666.768913  x:  0.04845   0.09431   0.07056   0.02398   0.08873   0.03216   0.09919   0.07942   0.05600   0.04329   0.08088   0.02512   0.08105   0.07847   0.09539   0.07989   0.03239   0.10681   0.08730   0.02674   0.04863   0.54371   0.57039   0.51178  
  1 99.0000   1641.812015  x:  0.11689   0.06701   0.07995   0.13435   0.05523   0.03406   0.11395   0.09462   0.01956   0.06941   0.07130   0.00859   0.07681   0.07786   0.09024   0.08608   0.10478   0.09534   0.09296   0.05804   0.06121   0.52750   0.57016   0.51191  
  2 464.5613   1636.841906  x:  0.12400   0.04420   0.08035   0.13060   0.03006   0.03214   0.12036   0.10187   0.00000   0.07214   0.06530   0.02643   0.07434   0.07793   0.08723   0.08912   0.10635   0.08630   0.09302   0.05008   0.06341   0.51174   0.57005   0.51206  
  3 157.5497   1635.453459  x:  0.12849   0.02743   0.08112   0.12290   0.02444   0.03747   0.12104   0.10444   0.00000   0.07314   0.06277   0.01340   0.07768   0.07851   0.08549   0.09166   0.10611   0.07963   0.09269   0.04526   0.06477   0.49036   0.56989   0.51224  
  4 98.3341   1634.746982  x:  0.13280   0.01769   0.08213   0.11758   0.02511   0.04156   0.12073   0.10603   0.01074   0.07395   0.06179   0.00910   0.08097   0.07906   0.08435   0.09385   0.10690   0.07501   0.09242   0.04321   0.06587   0.46981   0.56974   0.51243  
  5 213.3377   1630.617193  x:  0.16131   0.02686   0.09058   0.09018   0.03969   0.04586   0.12446   0.11666   0.00727   0.07625   0.06056   0.01273   0.08541   0.08200   0.07911   0.10948   0.11713   0.05703   0.09072   0.04187   0.07166   0.31821   0.56867   0.51393  
  6 117.2405   1629.438986  x:  0.15964   0.02372   0.08872   0.09012   0.03515   0.03634   0.12255   0.11357   0.00889   0.07332   0.06431   0.01022   0.08373   0.08240   0.08255   0.10631   0.11551   0.07216   0.09271   0.04489   0.06899   0.26292   0.56828   0.51460  
  7 110.8128   1629.314468  x:  0.15480   0.02207   0.08768   0.09508   0.03661   0.04227   0.12230   0.11076   0.00711   0.07287   0.06363   0.01284   0.08307   0.08217   0.08412   0.10338   0.11313   0.07138   0.09250   0.04435   0.06774   0.25500   0.56825   0.51490  
  8 24.8828   1629.274598  x:  0.15110   0.02408   0.08761   0.09732   0.03476   0.04170   0.12301   0.10942   0.00816   0.07343   0.06236   0.01176   0.08330   0.08187   0.08437   0.10253   0.11161   0.06791   0.09209   0.04346   0.06800   0.25240   0.56829   0.51525  
  9 11.9957   1629.250389  x:  0.14742   0.02272   0.08796   0.09747   0.03616   0.03987   0.12480   0.10906   0.00763   0.07421   0.06286   0.01215   0.08431   0.08159   0.08379   0.10326   0.11158   0.06664   0.09272   0.04479   0.06956   0.25198   0.56847   0.51610  
 10  3.8185   1629.158510  x:  0.13885   0.02394   0.08818   0.09490   0.03502   0.04209   0.12955   0.10987   0.00800   0.07452   0.06339   0.01213   0.08661   0.08119   0.08274   0.10733   0.11417   0.06969   0.09469   0.04153   0.06985   0.25224   0.56953   0.52050  
 11  4.4783   1628.868668  x:  0.12915   0.02391   0.08506   0.08298   0.03255   0.04237   0.12838   0.10908   0.00802   0.06870   0.06084   0.01281   0.08336   0.08169   0.08632   0.10718   0.11067   0.06743   0.09219   0.04639   0.06339   0.25567   0.57316   0.53508  
 12  8.1585   1628.643640  x:  0.12785   0.02331   0.08524   0.07806   0.03462   0.03911   0.12413   0.10795   0.00721   0.06997   0.06264   0.01380   0.08031   0.08142   0.08643   0.10293   0.10013   0.06784   0.09078   0.03866   0.06620   0.25863   0.57601   0.54643  
 13 20.4093   1628.611686  x:  0.12835   0.02417   0.08632   0.07736   0.03311   0.04051   0.12363   0.10838   0.00718   0.07072   0.06268   0.01406   0.08188   0.08138   0.08471   0.10240   0.09546   0.06892   0.09182   0.04061   0.06784   0.25905   0.57645   0.54808  
 14 10.5744   1628.606744  x:  0.12868   0.02411   0.08685   0.07787   0.03334   0.04003   0.12368   0.10866   0.00698   0.07018   0.06224   0.01427   0.08334   0.08161   0.08414   0.10253   0.09446   0.06896   0.09229   0.04037   0.06653   0.25916   0.57653   0.54829  
 15  3.1439   1628.593368  x:  0.12870   0.02435   0.08568   0.07804   0.03229   0.03974   0.12178   0.10800   0.00632   0.07031   0.06358   0.01515   0.08716   0.08209   0.08507   0.10204   0.09534   0.06865   0.09161   0.04019   0.06684   0.25959   0.57690   0.54854  
 16  0.6991   1628.532952  x:  0.12785   0.02427   0.08411   0.07861   0.03167   0.03848   0.11826   0.10617   0.00550   0.07099   0.05795   0.01645   0.08876   0.07988   0.08359   0.10151   0.09733   0.07041   0.09174   0.03998   0.06842   0.26117   0.57875   0.54935  
 17  1.9327   1628.152692  x:  0.12427   0.02382   0.08550   0.08588   0.02435   0.03564   0.11812   0.10525   0.00500   0.07189   0.06356   0.01883   0.07725   0.07670   0.07902   0.10133   0.09773   0.07123   0.09496   0.04045   0.06417   0.27085   0.59069   0.55414  
 18  5.1526   1627.996894  x:  0.12440   0.02387   0.08480   0.08915   0.02308   0.03411   0.12627   0.10906   0.00524   0.07112   0.06059   0.01923   0.07436   0.08201   0.08654   0.09864   0.09526   0.07389   0.09375   0.04048   0.06676   0.27516   0.59576   0.55601  
 19 17.0766   1627.988030  x:  0.12513   0.02397   0.08350   0.08900   0.02316   0.03405   0.12866   0.10892   0.00531   0.07162   0.06075   0.01917   0.07480   0.08005   0.08641   0.09735   0.09498   0.07422   0.09252   0.04058   0.06622   0.27540   0.59596   0.55597  
 20  4.5039   1627.987449  x:  0.12542   0.02397   0.08363   0.08893   0.02309   0.03406   0.12906   0.10808   0.00531   0.07128   0.06077   0.01920   0.07485   0.07999   0.08646   0.09739   0.09499   0.07422   0.09262   0.04054   0.06636   0.27544   0.59589   0.55575  
 21  0.9279   1627.987015  x:  0.12552   0.02396   0.08368   0.08882   0.02310   0.03405   0.12914   0.10772   0.00528   0.07181   0.06070   0.01924   0.07485   0.08007   0.08670   0.09755   0.09493   0.07425   0.09276   0.04058   0.06611   0.27547   0.59565   0.55508  
 22  0.3549   1627.966805  x:  0.12564   0.02402   0.08329   0.08900   0.02376   0.03388   0.12872   0.10852   0.00447   0.07120   0.06111   0.02002   0.07460   0.07848   0.08803   0.09932   0.09416   0.07466   0.09327   0.04061   0.06624   0.27596   0.58280   0.51836  
 23  1.0010   1627.957763  x:  0.12538   0.02413   0.08372   0.08848   0.02400   0.03387   0.12900   0.10843   0.00411   0.07144   0.06119   0.02037   0.07446   0.08022   0.08640   0.09767   0.09494   0.07504   0.09278   0.04069   0.06597   0.27617   0.57699   0.50203  
 24 15.0562   1627.956004  x:  0.12531   0.02415   0.08486   0.08822   0.02400   0.03390   0.12894   0.10867   0.00400   0.07144   0.06119   0.02048   0.07460   0.07966   0.08691   0.09686   0.09533   0.07506   0.09313   0.04071   0.06591   0.27621   0.57628   0.50274  
 25  0.3156   1627.900484  x:  0.12700   0.02446   0.08459   0.08829   0.02643   0.03372   0.12889   0.10921   0.00111   0.07058   0.06178   0.02312   0.07401   0.08062   0.08612   0.09787   0.09615   0.07691   0.09311   0.04124   0.06536   0.27691   0.55589   0.54471  
 26  1.4759   1627.899878  x:  0.12709   0.02452   0.08413   0.08820   0.02646   0.03372   0.12892   0.10926   0.00108   0.07055   0.06180   0.02316   0.07404   0.08066   0.08613   0.09760   0.09622   0.07675   0.09388   0.04120   0.06538   0.27686   0.55875   0.54451  
 27  0.2114   1627.890250  x:  0.12732   0.02457   0.08446   0.08809   0.02633   0.03383   0.12861   0.10870   0.00016   0.07067   0.06177   0.02418   0.07509   0.08042   0.08624   0.09820   0.09622   0.07709   0.09311   0.04124   0.06532   0.27597   0.60919   0.54053  
 28  3.2924   1627.887878  x:  0.12728   0.02462   0.08442   0.08805   0.02620   0.03389   0.12846   0.10872   0.00000   0.07068   0.06176   0.02438   0.07532   0.08042   0.08622   0.09821   0.09617   0.07708   0.09312   0.04122   0.06533   0.27588   0.60759   0.54055  
 29  0.0257   1627.887878  x:  0.12728   0.02462   0.08442   0.08805   0.02620   0.03389   0.12846   0.10872   0.00000   0.07068   0.06176   0.02438   0.07532   0.08042   0.08622   0.09821   0.09617   0.07708   0.09312   0.04122   0.06533   0.27588   0.60759   0.54055  
 30  0.1456   1627.881777  x:  0.12710   0.02477   0.08426   0.08805   0.02532   0.03407   0.12831   0.10871   0.00011   0.07074   0.06171   0.02569   0.07560   0.08037   0.08625   0.09813   0.09598   0.07689   0.09310   0.04116   0.06540   0.27580   0.60756   0.54055  
 31  7.4669   1627.881099  x:  0.12708   0.02478   0.08424   0.08806   0.02527   0.03409   0.12829   0.10870   0.00000   0.07075   0.06170   0.02575   0.07563   0.08037   0.08625   0.09812   0.09596   0.07687   0.09310   0.04116   0.06541   0.27579   0.60755   0.54055  
 32  7.9567   1627.880982  x:  0.12702   0.02482   0.08419   0.08806   0.02514   0.03415   0.12824   0.10869   0.00000   0.07077   0.06168   0.02593   0.07572   0.08035   0.08626   0.09809   0.09590   0.07682   0.09310   0.04114   0.06543   0.27577   0.60754   0.54055  
 33 87.1222   1627.879777  x:  0.12660   0.02498   0.08391   0.08809   0.02530   0.03452   0.12780   0.10847   0.00000   0.07088   0.06152   0.02571   0.07643   0.08026   0.08632   0.09790   0.09552   0.07646   0.09310   0.04108   0.06555   0.27558   0.60745   0.54055  
 34  2.0038   1627.879580  x:  0.12645   0.02498   0.08385   0.08812   0.02523   0.03426   0.12763   0.10837   0.00000   0.07088   0.06152   0.02565   0.07661   0.08023   0.08631   0.09785   0.09544   0.07642   0.09313   0.04110   0.06555   0.27551   0.60739   0.54055  
 35  1.2015   1627.879541  x:  0.12636   0.02499   0.08384   0.08816   0.02522   0.03430   0.12751   0.10828   0.00000   0.07083   0.06159   0.02565   0.07656   0.08024   0.08628   0.09785   0.09548   0.07650   0.09317   0.04112   0.06550   0.27542   0.60728   0.54055  
 36  0.3050   1627.879513  x:  0.12632   0.02497   0.08387   0.08816   0.02523   0.03429   0.12746   0.10828   0.00000   0.07087   0.06149   0.02566   0.07649   0.08027   0.08629   0.09787   0.09551   0.07649   0.09316   0.04108   0.06555   0.27526   0.60691   0.54056  
 37  0.1695   1627.879434  x:  0.12635   0.02503   0.08392   0.08813   0.02524   0.03428   0.12748   0.10840   0.00000   0.07089   0.06158   0.02566   0.07650   0.08031   0.08630   0.09791   0.09556   0.07643   0.09313   0.04119   0.06555   0.27494   0.60560   0.54058  
 38  0.5177   1627.879303  x:  0.12643   0.02489   0.08390   0.08810   0.02523   0.03431   0.12755   0.10852   0.00000   0.07082   0.06168   0.02564   0.07658   0.08029   0.08629   0.09790   0.09553   0.07644   0.09314   0.04106   0.06547   0.27470   0.60331   0.54061  
 39  1.7823   1627.878929  x:  0.12662   0.02510   0.08382   0.08817   0.02525   0.03427   0.12767   0.10849   0.00000   0.07067   0.06148   0.02566   0.07661   0.08020   0.08619   0.09783   0.09540   0.07666   0.09322   0.04104   0.06548   0.27475   0.59653   0.54072  
 40  2.9534   1627.878603  x:  0.12658   0.02490   0.08383   0.08818   0.02524   0.03431   0.12762   0.10840   0.00000   0.07080   0.06151   0.02567   0.07651   0.08026   0.08620   0.09779   0.09537   0.07662   0.09322   0.04125   0.06556   0.27510   0.59061   0.54082  
 41  6.2309   1627.878460  x:  0.12647   0.02500   0.08392   0.08813   0.02525   0.03429   0.12753   0.10843   0.00000   0.07088   0.06163   0.02567   0.07645   0.08033   0.08624   0.09783   0.09544   0.07651   0.09315   0.04110   0.06552   0.27536   0.58799   0.54086  
 42  4.0915   1627.878437  x:  0.12640   0.02499   0.08393   0.08809   0.02524   0.03429   0.12747   0.10854   0.00000   0.07079   0.06159   0.02566   0.07646   0.08033   0.08622   0.09785   0.09550   0.07649   0.09315   0.04111   0.06551   0.27543   0.58758   0.54087  
 43  0.5699   1627.878436  x:  0.12639   0.02499   0.08392   0.08810   0.02524   0.03429   0.12745   0.10858   0.00000   0.07081   0.06160   0.02566   0.07646   0.08033   0.08620   0.09785   0.09550   0.07650   0.09316   0.04111   0.06552   0.27544   0.58755   0.54087  
 44  0.0782   1627.878435  x:  0.12639   0.02499   0.08392   0.08810   0.02524   0.03429   0.12745   0.10858   0.00000   0.07081   0.06160   0.02566   0.07646   0.08034   0.08620   0.09785   0.09549   0.07650   0.09316   0.04111   0.06551   0.27544   0.58754   0.54087  
 45  0.0161   1627.878435  x:  0.12639   0.02499   0.08392   0.08810   0.02524   0.03429   0.12745   0.10858   0.00000   0.07081   0.06160   0.02566   0.07646   0.08034   0.08620   0.09785   0.09549   0.07650   0.09316   0.04111   0.06551   0.27544   0.58754   0.54088  
 46  0.0046   1627.878435  x:  0.12640   0.02499   0.08393   0.08810   0.02524   0.03429   0.12744   0.10858   0.00000   0.07081   0.06160   0.02566   0.07646   0.08033   0.08620   0.09785   0.09549   0.07650   0.09316   0.04111   0.06551   0.27544   0.58755   0.54090  
 47  0.0047   1627.878435  x:  0.12639   0.02499   0.08392   0.08810   0.02524   0.03429   0.12745   0.10858   0.00000   0.07080   0.06160   0.02566   0.07646   0.08033   0.08620   0.09785   0.09549   0.07650   0.09316   0.04111   0.06551   0.27544   0.58757   0.54109  
 48  0.0289   1627.878435  x:  0.12639   0.02499   0.08392   0.08810   0.02524   0.03429   0.12745   0.10858   0.00000   0.07081   0.06160   0.02566   0.07646   0.08034   0.08620   0.09785   0.09549   0.07650   0.09316   0.04111   0.06551   0.27544   0.58757   0.54111  
 49  0.0178   1627.878435  x:  0.12639   0.02499   0.08392   0.08810   0.02524   0.03429   0.12745   0.10858   0.00000   0.07080   0.06160   0.02566   0.07646   0.08033   0.08620   0.09785   0.09549   0.07650   0.09316   0.04111   0.06551   0.27544   0.58757   0.54111  
 50  0.0013   1627.878435  x:  0.12639   0.02499   0.08393   0.08810   0.02524   0.03429   0.12745   0.10858   0.00000   0.07081   0.06160   0.02566   0.07645   0.08033   0.08622   0.09784   0.09549   0.07650   0.09316   0.04111   0.06551   0.27545   0.58764   0.54110  
 51  0.0010   1627.878434  x:  0.12638   0.02499   0.08392   0.08810   0.02524   0.03429   0.12745   0.10857   0.00000   0.07081   0.06160   0.02566   0.07645   0.08034   0.08620   0.09784   0.09549   0.07650   0.09316   0.04112   0.06552   0.27548   0.58792   0.54105  
 52  0.0706   1627.878434  x:  0.12638   0.02499   0.08392   0.08810   0.02524   0.03429   0.12745   0.10857   0.00000   0.07081   0.06160   0.02566   0.07645   0.08034   0.08621   0.09785   0.09549   0.07650   0.09316   0.04112   0.06552   0.27548   0.58793   0.54105  
 53  0.0055   1627.878434  x:  0.12638   0.02499   0.08392   0.08810   0.02524   0.03429   0.12745   0.10857   0.00000   0.07081   0.06160   0.02566   0.07645   0.08033   0.08621   0.09785   0.09549   0.07649   0.09316   0.04112   0.06552   0.27548   0.58792   0.54105  
 54  0.0001   1627.878432  x:  0.12638   0.02499   0.08391   0.08810   0.02522   0.03430   0.12747   0.10858   0.00000   0.07081   0.06159   0.02564   0.07643   0.08034   0.08621   0.09784   0.09549   0.07650   0.09314   0.04111   0.06552   0.27547   0.58775   0.54107  
 55  0.0008   1627.878432  x:  0.12638   0.02500   0.08392   0.08810   0.02522   0.03430   0.12747   0.10858   0.00000   0.07081   0.06159   0.02564   0.07643   0.08033   0.08621   0.09784   0.09548   0.07649   0.09316   0.04111   0.06552   0.27547   0.58772   0.54107  
 56  0.0363   1627.878432  x:  0.12638   0.02500   0.08392   0.08810   0.02522   0.03430   0.12747   0.10858   0.00000   0.07081   0.06159   0.02564   0.07643   0.08033   0.08621   0.09784   0.09548   0.07649   0.09316   0.04111   0.06552   0.27547   0.58778   0.54107  