

TREE # 1

  0  0.0000   6489.734484  x:  0.05283   0.02211   0.06265   0.09949   0.09432   0.05566   0.02964   0.02988   0.08532   0.09173   0.10504   0.09081   0.07906   0.10805   0.03951   0.02537   0.02393   0.09369   0.08742   0.05268   0.09359   0.07978   0.09397   0.01753   0.03534   0.08889   0.08098   0.05466   0.01639   0.03894   0.09863   0.04138   0.02284   0.01274   0.08526   0.08664   0.04093   0.07884   0.05255   0.08032   0.02532   0.02496   0.08808   0.10086   0.03409   0.03963   0.04263   0.05499   0.08508   0.05315   0.04430   0.09766   0.06333   0.02378   0.05667   0.05592   0.08430   0.03006   0.07322   0.05495   0.09252   0.10523   0.01516   0.01985   0.48074   0.42934   0.52969  
  1 99.0000   5866.522416  x:  0.06314   0.07040   0.20960   0.14179   0.11479   0.12899   0.07925   0.15175   0.10260   0.10188   0.12732   0.07732   0.06694   0.10268   0.11929   0.09186   0.09049   0.24553   0.10049   0.11125   0.19341   0.06861   0.09102   0.01672   0.02407   0.07998   0.08948   0.06497   0.06168   0.11115   0.10031   0.03458   0.09623   0.15958   0.09418   0.10013   0.08132   0.06909   0.06088   0.07204   0.02153   0.07176   0.09138   0.11164   0.02296   0.03285   0.03776   0.05036   0.07257   0.03882   0.03749   0.08364   0.05043   0.01528   0.04164   0.04086   0.06930   0.01855   0.06786   0.04893   0.07762   0.09127   0.00000   0.01523   0.48364   0.44048   0.53027  
  2 3533.1965   5745.107939  x:  0.06729   0.07291   0.22906   0.17390   0.12646   0.15455   0.08300   0.13230   0.11509   0.11204   0.15527   0.05148   0.04417   0.09272   0.12300   0.08106   0.09428   0.29809   0.10271   0.13369   0.24938   0.04528   0.08594   0.01616   0.00000   0.06382   0.10046   0.06912   0.05233   0.11820   0.09778   0.02365   0.07288   0.08648   0.10662   0.11201   0.10017   0.04864   0.06975   0.05760   0.01662   0.06998   0.09376   0.12464   0.00227   0.02465   0.03162   0.04407   0.05039   0.01338   0.02891   0.05794   0.02804   0.00704   0.01315   0.01233   0.04087   0.00199   0.05934   0.04121   0.04936   0.06518   0.00000   0.01425   0.48662   0.45824   0.53140  
  3 879.0857   5733.726833  x:  0.06763   0.07298   0.23098   0.17706   0.12758   0.15699   0.08325   0.13059   0.11646   0.11300   0.15810   0.04801   0.04127   0.09137   0.12348   0.08025   0.09431   0.30328   0.10274   0.13544   0.25472   0.04212   0.08536   0.01626   0.00000   0.06187   0.10153   0.06946   0.05148   0.11896   0.09748   0.02267   0.07125   0.07921   0.10783   0.11319   0.10180   0.04603   0.07047   0.05595   0.01655   0.07001   0.09395   0.12593   0.00000   0.02433   0.03124   0.04358   0.04782   0.01098   0.02848   0.05473   0.02571   0.00796   0.00936   0.00853   0.03708   0.00923   0.05848   0.04083   0.04559   0.06179   0.00000   0.01434   0.48703   0.46040   0.53156  
  4 2861.2606   5721.535781  x:  0.06736   0.07171   0.23150   0.17871   0.12796   0.15767   0.08250   0.13055   0.11803   0.11321   0.16010   0.04012   0.03549   0.08830   0.12413   0.08114   0.09189   0.30579   0.10153   0.13339   0.25651   0.03480   0.08454   0.01724   0.00000   0.05853   0.10203   0.06919   0.05135   0.11950   0.09697   0.02292   0.07450   0.07566   0.10836   0.11378   0.10125   0.04077   0.06994   0.05370   0.01900   0.07109   0.09375   0.12669   0.00000   0.02702   0.03244   0.04429   0.04415   0.01199   0.03072   0.04876   0.02419   0.01593   0.00084   0.00000   0.02859   0.00857   0.05792   0.04329   0.03711   0.05472   0.00000   0.01540   0.48804   0.46419   0.53195  
  5 793.9234   5720.642246  x:  0.06732   0.07159   0.23148   0.17878   0.12796   0.15767   0.08242   0.13058   0.11814   0.11320   0.16021   0.03934   0.03499   0.08801   0.12416   0.08122   0.09164   0.30589   0.10140   0.13313   0.25654   0.03408   0.08447   0.01726   0.00000   0.05825   0.10205   0.06915   0.05136   0.11953   0.09693   0.02296   0.07475   0.07560   0.10837   0.11381   0.10117   0.04027   0.06988   0.05353   0.01909   0.07116   0.09372   0.12672   0.00000   0.02706   0.03251   0.04439   0.04389   0.01206   0.03077   0.04825   0.02415   0.01568   0.00000   0.00000   0.02775   0.00858   0.05789   0.04345   0.03628   0.05405   0.00000   0.01538   0.48814   0.46453   0.53199  
  6 1813.8569   5701.747618  x:  0.06696   0.07185   0.23081   0.17849   0.12772   0.15772   0.08217   0.13100   0.11871   0.11223   0.16102   0.01319   0.02578   0.08075   0.12338   0.08082   0.08753   0.30615   0.09971   0.12821   0.25699   0.01095   0.08361   0.01638   0.00000   0.05491   0.10176   0.06879   0.05172   0.11938   0.09638   0.02214   0.06906   0.08143   0.10737   0.11421   0.10210   0.02747   0.07020   0.05294   0.01493   0.07074   0.09213   0.12568   0.00000   0.02549   0.02952   0.04068   0.04387   0.00645   0.02932   0.04023   0.02679   0.01784   0.00000   0.00000   0.00000   0.00836   0.05845   0.03974   0.00861   0.03670   0.00000   0.01671   0.49124   0.47212   0.53347  
  7 1373.4312   5697.608307  x:  0.06698   0.07238   0.23083   0.17838   0.12770   0.15798   0.08240   0.13087   0.11861   0.11199   0.16114   0.00503   0.02437   0.07899   0.12314   0.08043   0.08705   0.30639   0.09963   0.12766   0.25761   0.00395   0.08354   0.01660   0.00000   0.05476   0.10165   0.06881   0.05171   0.11930   0.09631   0.02184   0.06715   0.08230   0.10718   0.11433   0.10286   0.02448   0.07054   0.05323   0.01544   0.07060   0.09166   0.12533   0.00000   0.02495   0.02897   0.03991   0.04466   0.00901   0.02879   0.03919   0.02725   0.01814   0.00000   0.00000   0.00000   0.00842   0.05863   0.03848   0.00000   0.03240   0.00000   0.01646   0.49212   0.47389   0.53397  
  8 2152.6422   5696.185786  x:  0.06700   0.07273   0.23083   0.17821   0.12766   0.15809   0.08256   0.13076   0.11843   0.11186   0.16109   0.00027   0.02441   0.07829   0.12305   0.08028   0.08707   0.30639   0.09976   0.12766   0.25792   0.00000   0.08358   0.01691   0.00000   0.05512   0.10153   0.06883   0.05167   0.11923   0.09632   0.02185   0.06703   0.08227   0.10715   0.11438   0.10325   0.02339   0.07070   0.05355   0.01656   0.07068   0.09141   0.12510   0.00000   0.02497   0.02924   0.04008   0.04528   0.00865   0.02879   0.03936   0.02723   0.01807   0.00000   0.00000   0.00000   0.00841   0.05872   0.03835   0.00000   0.03079   0.00000   0.01618   0.49256   0.47454   0.53428  
  9 1176.8299   5696.137794  x:  0.06700   0.07274   0.23083   0.17820   0.12766   0.15810   0.08256   0.13076   0.11842   0.11186   0.16109   0.00000   0.02442   0.07826   0.12305   0.08028   0.08707   0.30639   0.09977   0.12767   0.25794   0.00000   0.08358   0.01690   0.00000   0.05515   0.10152   0.06883   0.05167   0.11923   0.09632   0.02185   0.06705   0.08225   0.10715   0.11438   0.10326   0.02334   0.07071   0.05356   0.01654   0.07069   0.09140   0.12509   0.00000   0.02498   0.02925   0.04009   0.04531   0.00866   0.02880   0.03937   0.02723   0.01807   0.00000   0.00000   0.00000   0.00841   0.05872   0.03836   0.00000   0.03073   0.00000   0.01619   0.49258   0.47457   0.53430  
 10 1367.9089   5692.289756  x:  0.06533   0.06817   0.23106   0.17784   0.12519   0.15824   0.07871   0.13090   0.12017   0.11141   0.16583   0.00000   0.02965   0.06493   0.12680   0.08631   0.08678   0.30850   0.10432   0.12922   0.26217   0.00000   0.08442   0.01007   0.00000   0.06525   0.10018   0.06716   0.05214   0.12206   0.09619   0.02036   0.07101   0.07407   0.10878   0.11915   0.09988   0.00320   0.06619   0.05179   0.02179   0.07540   0.08630   0.12190   0.00000   0.01930   0.01235   0.03031   0.03940   0.00766   0.02581   0.04658   0.02405   0.01899   0.00000   0.00000   0.00000   0.00791   0.05594   0.04343   0.00000   0.02884   0.00000   0.00974   0.49898   0.48804   0.55148  
 11 69.4178   5691.120673  x:  0.06505   0.06714   0.23122   0.17816   0.12481   0.15834   0.07793   0.13092   0.12077   0.11150   0.16701   0.00000   0.03011   0.06267   0.12737   0.08718   0.08661   0.30919   0.10510   0.12945   0.26290   0.00000   0.08453   0.01086   0.00000   0.06665   0.10012   0.06688   0.05218   0.12263   0.09612   0.01991   0.07029   0.07328   0.10907   0.12017   0.09930   0.00000   0.06547   0.05107   0.02241   0.07591   0.08551   0.12148   0.00000   0.01836   0.01347   0.02878   0.03769   0.00753   0.02515   0.04743   0.02386   0.01886   0.00000   0.00000   0.00000   0.00783   0.05545   0.04344   0.00000   0.02966   0.00000   0.01063   0.49993   0.49045   0.55507  
 12 247.8496   5679.446181  x:  0.06337   0.05571   0.23539   0.19113   0.12176   0.16406   0.06933   0.12596   0.13357   0.11536   0.19076   0.00000   0.02569   0.02678   0.12933   0.08830   0.08084   0.32615   0.11595   0.13099   0.27750   0.00000   0.08431   0.00580   0.00000   0.07841   0.10277   0.06522   0.04898   0.12847   0.09357   0.01679   0.04660   0.07058   0.11390   0.14080   0.10150   0.00000   0.06385   0.03635   0.02753   0.07713   0.07492   0.11440   0.00000   0.03475   0.01792   0.05339   0.01197   0.00484   0.02998   0.04906   0.02618   0.01697   0.00000   0.00000   0.00000   0.00662   0.05162   0.03191   0.00000   0.04604   0.00000   0.00430   0.51287   0.53289   0.62564  
 13 269.8745   5674.824514  x:  0.06323   0.05206   0.23712   0.19890   0.12136   0.16746   0.06675   0.12223   0.14003   0.11779   0.20256   0.00000   0.02023   0.01368   0.12876   0.08646   0.07703   0.33504   0.11991   0.13072   0.28480   0.00000   0.08357   0.01276   0.00000   0.07983   0.10483   0.06508   0.04667   0.12987   0.09201   0.01668   0.04218   0.06851   0.11633   0.14989   0.10389   0.00000   0.06493   0.03005   0.03263   0.07615   0.07219   0.11287   0.00000   0.04101   0.00802   0.06414   0.01153   0.00360   0.03177   0.04561   0.02667   0.01372   0.00000   0.00000   0.00000   0.00614   0.05028   0.02747   0.00000   0.05330   0.00000   0.01640   0.51754   0.55257   0.66042  
 14 689.9593   5661.441562  x:  0.06411   0.04904   0.23899   0.21690   0.12290   0.17512   0.06524   0.11232   0.15307   0.12387   0.22642   0.00000   0.00169   0.00654   0.12501   0.07919   0.06662   0.35348   0.12416   0.12730   0.29984   0.00000   0.08030   0.01062   0.00000   0.07184   0.11048   0.06599   0.04140   0.12965   0.08830   0.01689   0.04958   0.06198   0.12082   0.16471   0.10945   0.00000   0.06964   0.02274   0.03595   0.07038   0.07313   0.11531   0.00000   0.04017   0.01066   0.06473   0.03736   0.00102   0.02858   0.02784   0.02625   0.01367   0.00000   0.00000   0.00000   0.00504   0.04816   0.02317   0.00000   0.06351   0.00000   0.01361   0.52300   0.58976   0.72936  
 15 511.2583   5655.790030  x:  0.06467   0.04825   0.23953   0.22600   0.12427   0.17878   0.06514   0.10800   0.15948   0.12687   0.23762   0.00000   0.00898   0.00724   0.12275   0.07538   0.06013   0.36244   0.12436   0.12359   0.30665   0.00000   0.07810   0.01095   0.00000   0.06360   0.11350   0.06655   0.03915   0.12902   0.08635   0.01714   0.05205   0.06040   0.12255   0.17074   0.11213   0.00000   0.07225   0.02045   0.03708   0.06738   0.07471   0.11761   0.00000   0.03952   0.01122   0.06444   0.04468   0.00000   0.02738   0.01467   0.02640   0.01367   0.00000   0.00000   0.00000   0.00457   0.04761   0.02234   0.00000   0.06382   0.00000   0.01229   0.52471   0.60736   0.76017  
 16 1200.3221   5655.790030  x:  0.06467   0.04825   0.23953   0.22600   0.12427   0.17878   0.06514   0.10800   0.15948   0.12687   0.23762   0.00000   0.00898   0.00724   0.12275   0.07538   0.06013   0.36244   0.12436   0.12359   0.30665   0.00000   0.07810   0.01095   0.00000   0.06360   0.11350   0.06655   0.03915   0.12902   0.08635   0.01714   0.05205   0.06040   0.12255   0.17074   0.11213   0.00000   0.07225   0.02045   0.03708   0.06738   0.07471   0.11761   0.00000   0.03952   0.01122   0.06444   0.04468   0.00000   0.02738   0.01467   0.02640   0.01367   0.00000   0.00000   0.00000   0.00457   0.04761   0.02234   0.00000   0.06382   0.00000   0.01229   0.52471   0.60736   0.76017  
 17 345.2727   5596.392894  x:  0.07404   0.09327   0.33936   0.26051   0.14453   0.23455   0.10819   0.18810   0.16922   0.13587   0.25417   0.00000   0.00213   0.04392   0.17726   0.12053   0.10603   0.47436   0.12769   0.16444   0.38983   0.00000   0.07368   0.03465   0.00000   0.03946   0.11972   0.07592   0.07051   0.17401   0.08754   0.01372   0.12326   0.12493   0.13071   0.17306   0.14308   0.00000   0.08046   0.04127   0.02145   0.10434   0.08613   0.13539   0.00000   0.02096   0.08273   0.05073   0.02284   0.57109   0.02335   0.00857   0.00000   0.00280   0.00000   0.00000   0.00000   0.03074   0.04432   0.05278   0.00000   0.02131   0.00000   0.01952   0.52263   0.61712   0.76064  
 18 1881.3406   5588.620088  x:  0.07525   0.09907   0.35223   0.26496   0.14715   0.24175   0.11373   0.19842   0.17047   0.13703   0.25630   0.00000   0.00128   0.04864   0.18429   0.12635   0.11194   0.48880   0.12812   0.16971   0.40055   0.00000   0.07311   0.03770   0.00000   0.03635   0.12052   0.07713   0.07455   0.17981   0.08769   0.01329   0.13242   0.13324   0.13177   0.17336   0.14707   0.00000   0.08152   0.04395   0.01944   0.10910   0.08760   0.13769   0.00000   0.01858   0.09193   0.04896   0.02003   0.64461   0.02284   0.00782   0.00250   0.00143   0.00000   0.00000   0.00000   0.03410   0.04390   0.05670   0.00000   0.01583   0.00000   0.02045   0.52236   0.61837   0.76070  
 19 366547.5333   5576.670432  x:  0.07597   0.10653   0.38001   0.27514   0.15168   0.25709   0.12134   0.21505   0.17251   0.13846   0.26110   0.00000   0.07263   0.04790   0.19673   0.13374   0.12148   0.52395   0.12706   0.18020   0.42656   0.00000   0.07134   0.03318   0.00000   0.02980   0.12252   0.07785   0.07800   0.19088   0.08721   0.01340   0.13935   0.14057   0.13393   0.17338   0.15474   0.00000   0.08300   0.04153   0.02024   0.11480   0.08980   0.14179   0.00000   0.02195   0.08834   0.04470   0.01616   0.68320   0.02523   0.01856   0.00312   0.06626   0.00000   0.00000   0.00000   0.02422   0.04443   0.05476   0.00000   0.00316   0.00000   0.01632   0.51984   0.62185   0.76089  
 20 1117.4858   5546.128592  x:  0.07553   0.11397   0.42110   0.29050   0.15729   0.27960   0.12947   0.23581   0.17491   0.13976   0.26848   0.00000   0.07566   0.04037   0.21305   0.14107   0.13297   0.57919   0.12355   0.19464   0.46718   0.00000   0.06862   0.02160   0.00000   0.02320   0.12547   0.07741   0.07957   0.20590   0.08578   0.01372   0.14188   0.14485   0.13689   0.17299   0.16512   0.00000   0.08449   0.03397   0.02328   0.11996   0.09216   0.14709   0.00000   0.01878   0.06947   0.04308   0.01698   0.67718   0.02296   0.01329   0.00314   0.06813   0.00000   0.00000   0.00000   0.00081   0.04541   0.04608   0.00000   0.03310   0.00000   0.01111   0.51429   0.62764   0.76124  
 21 527.2396   5510.942597  x:  0.07448   0.12701   0.49627   0.31859   0.16728   0.32071   0.14385   0.27321   0.17917   0.14200   0.28206   0.00000   0.07939   0.02598   0.24253   0.15395   0.15347   0.68089   0.11666   0.22073   0.54188   0.00000   0.06378   0.00169   0.00000   0.01285   0.13077   0.07636   0.08199   0.23307   0.08306   0.01421   0.14564   0.15190   0.14221   0.17222   0.18384   0.00000   0.08706   0.02054   0.02825   0.12893   0.09629   0.15657   0.00000   0.01389   0.03357   0.04054   0.01864   0.65867   0.01924   0.00532   0.00314   0.06989   0.00000   0.00000   0.00000   0.02151   0.04713   0.03027   0.00000   0.07532   0.00000   0.00438   0.50388   0.63835   0.76191  
 22 3427.7822   5488.929119  x:  0.07341   0.13700   0.55679   0.34113   0.17501   0.35372   0.15501   0.30286   0.18246   0.14369   0.29309   0.00000   0.08082   0.01442   0.26592   0.16391   0.16947   0.76335   0.11059   0.24134   0.60230   0.00000   0.06040   0.02531   0.00000   0.01023   0.13476   0.07530   0.08363   0.25460   0.08078   0.01442   0.14824   0.15714   0.14636   0.17160   0.19859   0.00000   0.08900   0.01226   0.03128   0.13575   0.09940   0.16394   0.00000   0.01200   0.00557   0.03900   0.01976   0.64030   0.01724   0.00696   0.00310   0.06982   0.00000   0.00000   0.00000   0.03406   0.04830   0.01941   0.00000   0.10265   0.00000   0.00950   0.49528   0.64707   0.76248  
 23 4555.1039   5454.070769  x:  0.07079   0.14862   0.64222   0.37241   0.18422   0.39981   0.16869   0.34249   0.18633   0.14552   0.30906   0.00000   0.07667   0.00000   0.29717   0.17596   0.18957   0.88273   0.09930   0.26840   0.68894   0.00000   0.05689   0.03553   0.00000   0.02839   0.13973   0.07267   0.08454   0.28315   0.07719   0.01384   0.15000   0.16246   0.15138   0.17078   0.21772   0.00000   0.09105   0.02569   0.03107   0.14335   0.10268   0.17289   0.00000   0.02244   0.04633   0.03946   0.01999   0.59917   0.02084   0.02567   0.00292   0.06395   0.00000   0.00000   0.00000   0.04344   0.04866   0.02292   0.00000   0.11754   0.00000   0.02084   0.48252   0.65975   0.76338  
 24 1540.5769   5409.180174  x:  0.06333   0.15079   0.73853   0.40318   0.18463   0.44848   0.17572   0.37803   0.18629   0.14609   0.32943   0.00000   0.05456   0.02243   0.32424   0.18236   0.20031   1.03128   0.07185   0.28758   0.79151   0.00000   0.06473   0.03415   0.00000   0.02492   0.13944   0.06521   0.08139   0.30511   0.07285   0.01096   0.15055   0.16410   0.15188   0.17070   0.22948   0.00000   0.08904   0.04791   0.00831   0.14348   0.10014   0.17509   0.00000   0.02394   0.03247   0.04660   0.01051   0.54542   0.03455   0.00189   0.00263   0.04087   0.00000   0.00000   0.00000   0.02678   0.04124   0.08118   0.00000   0.01051   0.00000   0.00486   0.46436   0.67485   0.76481  
 25 598.8661   5406.362426  x:  0.06279   0.15082   0.74525   0.40526   0.18455   0.45183   0.17611   0.38040   0.18623   0.14609   0.33083   0.00000   0.05243   0.02416   0.32601   0.18271   0.20091   1.04183   0.06974   0.28876   0.79872   0.00000   0.06532   0.03290   0.00000   0.02413   0.13935   0.06467   0.08115   0.30651   0.07257   0.01086   0.15062   0.16419   0.15186   0.17071   0.23017   0.00000   0.08886   0.04898   0.00763   0.14341   0.09992   0.17514   0.00000   0.02367   0.03035   0.04705   0.01024   0.54191   0.03522   0.00453   0.00259   0.03876   0.00000   0.00000   0.00000   0.02531   0.04077   0.08501   0.00000   0.00222   0.00000   0.00474   0.46309   0.67590   0.76492  
 26 3513.2933   5405.809852  x:  0.06253   0.15037   0.74681   0.40552   0.18412   0.45244   0.17583   0.38057   0.18601   0.14596   0.33116   0.00000   0.05226   0.02544   0.32603   0.18245   0.20052   1.04490   0.06860   0.28850   0.80061   0.00000   0.06575   0.03225   0.00000   0.02375   0.13908   0.06442   0.08098   0.30637   0.07255   0.01098   0.15066   0.16409   0.15164   0.17077   0.22990   0.00000   0.08868   0.04937   0.00921   0.14310   0.09968   0.17480   0.00000   0.02352   0.02987   0.04717   0.01078   0.54134   0.03531   0.00395   0.00259   0.03865   0.00000   0.00000   0.00000   0.02507   0.04065   0.08683   0.00000   0.00111   0.00000   0.00745   0.46275   0.67616   0.76497  
 27 346.6805   5402.121644  x:  0.05869   0.14229   0.76277   0.40670   0.17661   0.45759   0.17030   0.37943   0.18237   0.14410   0.33506   0.00000   0.05240   0.04890   0.32352   0.17751   0.19270   1.08097   0.05199   0.28203   0.82145   0.00000   0.07346   0.02927   0.00000   0.01851   0.13445   0.06057   0.07812   0.30162   0.07236   0.01187   0.15111   0.16206   0.14776   0.17177   0.22390   0.00000   0.08556   0.05879   0.01782   0.13736   0.09538   0.16874   0.00000   0.02224   0.02321   0.04977   0.01392   0.53714   0.03927   0.00710   0.00258   0.03932   0.00000   0.00000   0.00000   0.02610   0.03762   0.12150   0.00000   0.00662   0.00000   0.02081   0.45846   0.67900   0.76558  
 28 607.5555   5396.507822  x:  0.05542   0.12341   0.78044   0.40272   0.16109   0.45910   0.15572   0.36915   0.17390   0.13778   0.33583   0.00000   0.05074   0.06853   0.31056   0.16341   0.17223   1.13709   0.01870   0.26173   0.84987   0.00000   0.07756   0.03290   0.00000   0.02936   0.12555   0.05730   0.07431   0.28572   0.07479   0.01877   0.15263   0.15777   0.14003   0.17513   0.20800   0.00000   0.08175   0.04371   0.03624   0.12633   0.08936   0.15497   0.00000   0.01507   0.02822   0.04180   0.02846   0.53911   0.02015   0.00676   0.00261   0.04230   0.00000   0.00000   0.00000   0.02681   0.04913   0.13256   0.00000   0.00491   0.00000   0.00850   0.45598   0.68182   0.76687  
 29 203.5104   5392.825771  x:  0.05562   0.11195   0.78789   0.39911   0.15289   0.45813   0.14675   0.36096   0.16919   0.13391   0.33453   0.00000   0.04894   0.07421   0.30099   0.15472   0.15974   1.16859   0.00000   0.24812   0.86449   0.00000   0.07688   0.03216   0.00000   0.02866   0.12146   0.05751   0.07280   0.27496   0.07634   0.01611   0.15327   0.15519   0.13609   0.17765   0.19834   0.00000   0.08103   0.03226   0.02757   0.12104   0.08743   0.14738   0.00000   0.01702   0.03119   0.03859   0.02082   0.54128   0.01823   0.00679   0.00262   0.04432   0.00000   0.00000   0.00000   0.02675   0.05271   0.12840   0.00000   0.00542   0.00000   0.01324   0.45662   0.68277   0.76770  
 30 269.1706   5392.825771  x:  0.05562   0.11195   0.78789   0.39911   0.15289   0.45813   0.14675   0.36096   0.16919   0.13391   0.33453   0.00000   0.04894   0.07421   0.30099   0.15472   0.15974   1.16859   0.00000   0.24812   0.86449   0.00000   0.07688   0.03216   0.00000   0.02866   0.12146   0.05751   0.07280   0.27496   0.07634   0.01611   0.15327   0.15519   0.13609   0.17765   0.19834   0.00000   0.08103   0.03226   0.02757   0.12104   0.08743   0.14738   0.00000   0.01702   0.03119   0.03859   0.02082   0.54128   0.01823   0.00679   0.00262   0.04432   0.00000   0.00000   0.00000   0.02675   0.05271   0.12840   0.00000   0.00542   0.00000   0.01324   0.45662   0.68277   0.76770  
 31 187.1849   5388.110352  x:  0.05624   0.11171   0.78967   0.39966   0.15357   0.45890   0.14667   0.36083   0.16938   0.13380   0.33431   0.00000   0.04101   0.06997   0.30090   0.15453   0.16005   1.17294   0.00001   0.24822   0.86706   0.00000   0.07544   0.02865   0.00000   0.02763   0.12218   0.05812   0.07265   0.27513   0.07629   0.01523   0.15221   0.15450   0.13658   0.17783   0.19875   0.00000   0.08162   0.03176   0.02611   0.12150   0.08821   0.14792   0.00000   0.01717   0.03050   0.04000   0.01997   0.53126   0.02085   0.01706   0.04606   0.03736   0.00000   0.00000   0.00000   0.01935   0.05184   0.12168   0.00000   0.00854   0.00000   0.01398   0.45701   0.68297   0.76779  
 32 681.6516   5384.227797  x:  0.05668   0.11152   0.79109   0.40010   0.15409   0.45951   0.14660   0.36072   0.16953   0.13372   0.33414   0.00000   0.03486   0.06666   0.30083   0.15438   0.16029   1.17641   0.00000   0.24829   0.86909   0.00000   0.07440   0.02631   0.00000   0.02704   0.12271   0.05856   0.07254   0.27526   0.07627   0.01476   0.15141   0.15398   0.13695   0.17796   0.19907   0.00000   0.08204   0.03145   0.02521   0.12184   0.08879   0.14833   0.00000   0.01740   0.03008   0.04080   0.01949   0.52324   0.02190   0.01655   0.04595   0.03211   0.00000   0.00000   0.00000   0.01412   0.05124   0.11641   0.00000   0.00774   0.00000   0.01418   0.45730   0.68312   0.76786  
 33 309.8554   5370.034037  x:  0.05833   0.11014   0.80015   0.40282   0.15672   0.46329   0.14626   0.35997   0.17055   0.13348   0.33345   0.00000   0.00226   0.04730   0.30043   0.15388   0.16146   1.19890   0.00000   0.24857   0.88218   0.00000   0.07087   0.02649   0.00000   0.02933   0.12488   0.06021   0.07175   0.27598   0.07632   0.01717   0.14736   0.15146   0.13887   0.17864   0.20071   0.00000   0.08347   0.03186   0.02687   0.12345   0.09095   0.15061   0.00000   0.02076   0.03067   0.03861   0.02155   0.46922   0.01634   0.01965   0.04319   0.01117   0.00000   0.00000   0.00000   0.01809   0.04970   0.08501   0.00000   0.02677   0.00000   0.01134   0.45972   0.68402   0.76840  
 34 715.4285   5362.359201  x:  0.05945   0.10906   0.80708   0.40487   0.15861   0.46616   0.14602   0.35939   0.17133   0.13336   0.33302   0.00000   0.00757   0.03306   0.30015   0.15357   0.16228   1.21613   0.00000   0.24875   0.89218   0.00000   0.06849   0.02630   0.00000   0.03027   0.12641   0.06133   0.07117   0.27651   0.07632   0.01802   0.14442   0.14963   0.14020   0.17913   0.20190   0.00000   0.08442   0.03201   0.02750   0.12458   0.09241   0.15230   0.00000   0.02282   0.03087   0.03731   0.02223   0.42739   0.01690   0.02077   0.04203   0.00108   0.00000   0.00000   0.00000   0.01935   0.04859   0.06185   0.00000   0.03435   0.00000   0.01184   0.46156   0.68469   0.76881  
 35 761.9179   5347.859188  x:  0.06211   0.10656   0.82325   0.40967   0.16303   0.47286   0.14547   0.35802   0.17315   0.13307   0.33202   0.00000   0.01277   0.00000   0.29949   0.15285   0.16421   1.25638   0.00000   0.24917   0.91555   0.00000   0.06280   0.02437   0.00000   0.03166   0.13003   0.06399   0.06983   0.27775   0.07628   0.01921   0.13753   0.14534   0.14331   0.18027   0.20470   0.00000   0.08672   0.03208   0.02809   0.12722   0.09587   0.15625   0.00000   0.02793   0.03101   0.03476   0.02307   0.32963   0.02078   0.02247   0.03988   0.00508   0.00000   0.00000   0.00000   0.01830   0.04578   0.00829   0.00000   0.04858   0.00000   0.01351   0.46582   0.68625   0.76977  
 36 3784.0425   5347.859188  x:  0.06211   0.10656   0.82325   0.40967   0.16303   0.47286   0.14547   0.35802   0.17315   0.13307   0.33202   0.00000   0.01277   0.00000   0.29949   0.15285   0.16421   1.25638   0.00000   0.24917   0.91555   0.00000   0.06280   0.02437   0.00000   0.03166   0.13003   0.06399   0.06983   0.27775   0.07628   0.01921   0.13753   0.14534   0.14331   0.18027   0.20470   0.00000   0.08672   0.03208   0.02809   0.12722   0.09587   0.15625   0.00000   0.02793   0.03101   0.03476   0.02307   0.32963   0.02078   0.02247   0.03988   0.00508   0.00000   0.00000   0.00000   0.01830   0.04578   0.00829   0.00000   0.04858   0.00000   0.01351   0.46582   0.68625   0.76977  
 37 719.4055   5337.370546  x:  0.06201   0.10602   0.82626   0.41047   0.16299   0.47403   0.14582   0.35768   0.17356   0.13393   0.33288   0.00000   0.00487   0.00698   0.29968   0.15356   0.16432   1.26422   0.00000   0.24921   0.91988   0.00000   0.06347   0.02084   0.00000   0.02801   0.13014   0.06389   0.06973   0.27788   0.07609   0.01539   0.13724   0.14515   0.14327   0.18037   0.20490   0.00000   0.08661   0.03112   0.02468   0.12722   0.09571   0.15687   0.00000   0.02690   0.02958   0.03734   0.01961   0.30833   0.02729   0.01304   0.02470   0.02062   0.00000   0.00000   0.00000   0.00551   0.04492   0.07764   0.00000   0.03076   0.00000   0.01458   0.46640   0.68644   0.76996  
 38 547.5175   5329.851430  x:  0.06187   0.10520   0.83094   0.41170   0.16310   0.47580   0.14610   0.35718   0.17411   0.13477   0.33380   0.00000   0.01729   0.01162   0.29983   0.15428   0.16442   1.27648   0.00000   0.24916   0.92667   0.00000   0.06427   0.01873   0.00000   0.02502   0.13029   0.06376   0.06956   0.27807   0.07596   0.01284   0.13689   0.14492   0.14332   0.18048   0.20519   0.00000   0.08647   0.03034   0.02195   0.12723   0.09554   0.15736   0.00000   0.02136   0.02845   0.04064   0.01808   0.27459   0.02697   0.01052   0.00666   0.01189   0.00000   0.00000   0.00000   0.01017   0.04538   0.08211   0.00000   0.00485   0.00000   0.01414   0.46729   0.68672   0.77027  
 39 266.3244   5327.560650  x:  0.06181   0.10480   0.83326   0.41231   0.16317   0.47666   0.14619   0.35694   0.17435   0.13511   0.33419   0.00000   0.01619   0.01308   0.29988   0.15457   0.16444   1.28258   0.00000   0.24911   0.93004   0.00000   0.06458   0.01848   0.00000   0.02434   0.13036   0.06370   0.06948   0.27816   0.07594   0.01248   0.13675   0.14482   0.14337   0.18053   0.20533   0.00000   0.08641   0.03014   0.02135   0.12725   0.09547   0.15755   0.00000   0.02001   0.02818   0.04158   0.01796   0.25761   0.02677   0.01148   0.00921   0.00952   0.00000   0.00000   0.00000   0.00856   0.04566   0.08229   0.00000   0.00104   0.00000   0.01411   0.46777   0.68685   0.77043  
 40 369.0068   5319.069081  x:  0.06160   0.10336   0.84156   0.41448   0.16342   0.47976   0.14655   0.35608   0.17524   0.13632   0.33561   0.00000   0.01582   0.01861   0.30006   0.15563   0.16454   1.30437   0.00000   0.24894   0.94209   0.00000   0.06573   0.01723   0.00000   0.02160   0.13059   0.06348   0.06920   0.27849   0.07584   0.01083   0.13622   0.14447   0.14352   0.18072   0.20581   0.00000   0.08620   0.02935   0.01893   0.12729   0.09523   0.15825   0.00000   0.01474   0.02712   0.04517   0.01721   0.19703   0.02616   0.01344   0.01072   0.00085   0.00000   0.00000   0.00000   0.00512   0.04662   0.08406   0.00000   0.00183   0.00000   0.01390   0.46946   0.68733   0.77099  
 41 2718.1801   5298.616490  x:  0.06106   0.09972   0.86257   0.41998   0.16407   0.48759   0.14741   0.35391   0.17745   0.13933   0.33915   0.00000   0.01700   0.03199   0.30051   0.15827   0.16476   1.35960   0.00000   0.24848   0.97262   0.00000   0.06856   0.01451   0.00000   0.01522   0.13117   0.06295   0.06851   0.27931   0.07561   0.00716   0.13490   0.14360   0.14393   0.18118   0.20702   0.00000   0.08567   0.02747   0.01334   0.12740   0.09462   0.15998   0.00000   0.00297   0.02466   0.05378   0.01571   0.04333   0.02436   0.01820   0.01240   0.00322   0.00000   0.00000   0.00000   0.00032   0.04914   0.08219   0.00000   0.00255   0.00000   0.01330   0.47376   0.68853   0.77242  
 42 7026.5867   5295.691844  x:  0.06096   0.09901   0.86668   0.42106   0.16420   0.48912   0.14758   0.35349   0.17788   0.13992   0.33984   0.00000   0.01688   0.03459   0.30060   0.15878   0.16480   1.37039   0.00000   0.24839   0.97859   0.00000   0.06910   0.01401   0.00000   0.01404   0.13129   0.06284   0.06837   0.27947   0.07557   0.00649   0.13465   0.14343   0.14401   0.18127   0.20726   0.00000   0.08556   0.02711   0.01230   0.12742   0.09450   0.16031   0.00000   0.00111   0.02419   0.05543   0.01543   0.01328   0.02404   0.01913   0.01309   0.00353   0.00000   0.00000   0.00000   0.00106   0.04963   0.08219   0.00000   0.00269   0.00000   0.01320   0.47460   0.68877   0.77270  
 43 50888.8232   5294.695405  x:  0.06093   0.09879   0.86790   0.42138   0.16423   0.48957   0.14763   0.35336   0.17801   0.14009   0.34004   0.00000   0.01691   0.03535   0.30062   0.15893   0.16482   1.37361   0.00000   0.24837   0.98037   0.00000   0.06926   0.01388   0.00000   0.01372   0.13132   0.06281   0.06833   0.27951   0.07556   0.00631   0.13457   0.14338   0.14403   0.18130   0.20733   0.00000   0.08553   0.02701   0.01203   0.12743   0.09447   0.16041   0.00000   0.00155   0.02406   0.05592   0.01536   0.00434   0.02393   0.01937   0.01316   0.00356   0.00000   0.00000   0.00000   0.00106   0.04977   0.08213   0.00000   0.00271   0.00000   0.01317   0.47485   0.68884   0.77278  
 44 14108.5548   5294.256599  x:  0.06088   0.09827   0.87108   0.42219   0.16434   0.49071   0.14766   0.35306   0.17826   0.14035   0.34043   0.00000   0.01565   0.03616   0.30064   0.15916   0.16478   1.38208   0.00000   0.24822   0.98501   0.00000   0.06935   0.01544   0.00000   0.01686   0.13139   0.06276   0.06827   0.27962   0.07562   0.00871   0.13448   0.14332   0.14413   0.18136   0.20746   0.00000   0.08550   0.02730   0.01491   0.12747   0.09446   0.16053   0.00000   0.00116   0.02458   0.05617   0.01669   0.00270   0.02359   0.01798   0.01209   0.00337   0.00000   0.00000   0.00000   0.00090   0.05001   0.08194   0.00000   0.00256   0.00000   0.01347   0.47550   0.68899   0.77301  
 45 88.8343   5283.398610  x:  0.05906   0.08308   0.96176   0.44554   0.16729   0.52348   0.14937   0.34426   0.18607   0.14948   0.35285   0.00000   0.00198   0.07140   0.30173   0.16732   0.16433   1.62306   0.00000   0.24479   1.11735   0.00000   0.07546   0.01852   0.00000   0.02147   0.13331   0.06094   0.06592   0.28273   0.07534   0.00844   0.13038   0.14051   0.14574   0.18311   0.21177   0.00000   0.08404   0.02810   0.01851   0.12795   0.09297   0.16526   0.00000   0.00214   0.02697   0.07470   0.02605   0.00664   0.01641   0.00839   0.00887   0.00433   0.00000   0.00000   0.00000   0.00141   0.05725   0.07566   0.00000   0.00256   0.00000   0.01450   0.49319   0.69343   0.77936  
 46 279.5967   5279.571604  x:  0.05797   0.07292   1.02364   0.46134   0.16926   0.54552   0.15004   0.33846   0.19089   0.15477   0.36063   0.00000   0.01763   0.09144   0.30227   0.17209   0.16363   1.78847   0.00000   0.24204   1.20786   0.00000   0.07822   0.02203   0.00000   0.02866   0.13441   0.05985   0.06457   0.28472   0.07537   0.01414   0.12811   0.13891   0.14680   0.18423   0.21443   0.00000   0.08327   0.02941   0.02493   0.12823   0.09222   0.16796   0.00000   0.00300   0.02926   0.08278   0.02974   0.00971   0.01631   0.00937   0.01963   0.00555   0.00000   0.00000   0.00000   0.00188   0.06043   0.07891   0.00000   0.00386   0.00000   0.01537   0.50447   0.69619   0.78375  
 47 2458.7022   5276.097133  x:  0.05808   0.06757   1.06379   0.47087   0.17019   0.55785   0.14778   0.33592   0.19120   0.15311   0.36196   0.00000   0.01440   0.08482   0.30155   0.17094   0.16104   1.90170   0.00000   0.23812   1.26780   0.00000   0.07310   0.02008   0.00000   0.03269   0.13380   0.05996   0.06507   0.28518   0.07563   0.02071   0.12929   0.13931   0.14656   0.18444   0.21460   0.00000   0.08406   0.03130   0.02862   0.12799   0.09289   0.16679   0.00000   0.00342   0.02969   0.06685   0.01491   0.01103   0.03278   0.03121   0.01304   0.00533   0.00000   0.00000   0.00000   0.00206   0.05357   0.07883   0.00000   0.00355   0.00000   0.01271   0.50624   0.69626   0.78691  
 48 445.4065   5271.147492  x:  0.05905   0.06414   1.10377   0.47917   0.17057   0.56699   0.14209   0.33533   0.18760   0.14457   0.35805   0.00000   0.01554   0.05122   0.29941   0.16415   0.15549   2.02446   0.00000   0.23123   1.32955   0.00000   0.06153   0.01553   0.00000   0.02889   0.13138   0.06094   0.06707   0.28441   0.07552   0.01801   0.13351   0.14135   0.14470   0.18385   0.21258   0.00000   0.08614   0.03122   0.02449   0.12717   0.09471   0.16181   0.00000   0.00318   0.02705   0.02668   0.01729   0.00994   0.03596   0.02116   0.01294   0.00429   0.00000   0.00000   0.00000   0.00184   0.03998   0.07939   0.00000   0.00314   0.00000   0.01726   0.49975   0.69341   0.79058  
 49 358.5181   5269.169637  x:  0.05964   0.06433   1.11861   0.48114   0.17033   0.56760   0.13826   0.33673   0.18369   0.13708   0.35291   0.00000   0.01611   0.01955   0.29774   0.15825   0.15135   2.07996   0.00000   0.22653   1.35456   0.00000   0.05786   0.02282   0.00000   0.02621   0.12957   0.06152   0.06832   0.28318   0.07555   0.01539   0.13661   0.14307   0.14324   0.18307   0.21029   0.00000   0.08719   0.03021   0.02271   0.12666   0.09582   0.15769   0.00000   0.00299   0.02785   0.03100   0.01326   0.00941   0.03659   0.01571   0.01323   0.00402   0.00000   0.00000   0.00000   0.00173   0.04191   0.08092   0.00000   0.00298   0.00000   0.00832   0.49153   0.68951   0.79250  
 50 217.0885   5268.497741  x:  0.05983   0.06484   1.12368   0.48142   0.17010   0.56688   0.13679   0.33772   0.18175   0.13366   0.35028   0.00000   0.01613   0.00523   0.29701   0.15561   0.14940   2.10251   0.00000   0.22437   1.36386   0.00000   0.05734   0.02326   0.00000   0.02499   0.12889   0.06171   0.06878   0.28248   0.07563   0.01481   0.13796   0.14387   0.14262   0.18267   0.20910   0.00000   0.08752   0.02989   0.02234   0.12647   0.09624   0.15576   0.00000   0.00295   0.02813   0.03583   0.01478   0.00928   0.03668   0.01726   0.01242   0.00397   0.00000   0.00000   0.00000   0.00170   0.04399   0.08184   0.00000   0.00290   0.00000   0.01392   0.48714   0.68716   0.79335  
 51 313.3147   5268.274170  x:  0.05982   0.06604   1.12340   0.48027   0.16956   0.56427   0.13678   0.33908   0.18025   0.13201   0.34833   0.00000   0.01608   0.00288   0.29677   0.15439   0.14808   2.11175   0.00000   0.22304   1.36552   0.00000   0.05883   0.01827   0.00000   0.02544   0.12872   0.06170   0.06890   0.28176   0.07581   0.01589   0.13868   0.14441   0.14231   0.18232   0.20804   0.00000   0.08749   0.03012   0.02323   0.12645   0.09635   0.15445   0.00000   0.00295   0.02766   0.03681   0.01775   0.00932   0.03440   0.01937   0.01203   0.00405   0.00000   0.00000   0.00000   0.00172   0.04530   0.08250   0.00000   0.00291   0.00000   0.01144   0.48296   0.68436   0.79388  
 52 58.6241   5267.937053  x:  0.05975   0.06928   1.12011   0.47679   0.16821   0.55703   0.13749   0.34251   0.17691   0.12905   0.34403   0.00000   0.01605   0.00461   0.29646   0.15227   0.14532   2.12811   0.00000   0.22030   1.36594   0.00000   0.06223   0.01484   0.00000   0.02723   0.12833   0.06163   0.06907   0.28005   0.07614   0.01680   0.14005   0.14552   0.14168   0.18157   0.20565   0.00000   0.08735   0.03047   0.02418   0.12644   0.09649   0.15173   0.00000   0.00295   0.02720   0.03705   0.01321   0.00941   0.02950   0.01905   0.01240   0.00417   0.00000   0.00000   0.00000   0.00173   0.04682   0.08269   0.00000   0.00296   0.00000   0.01252   0.47333   0.67726   0.79503  
 53 70.8722   5267.414620  x:  0.05966   0.07596   1.11155   0.46912   0.16587   0.54158   0.13958   0.34953   0.17073   0.12418   0.33565   0.00000   0.01605   0.01176   0.29606   0.14884   0.14040   2.15860   0.00000   0.21530   1.36452   0.00000   0.06687   0.02051   0.00000   0.02776   0.12744   0.06154   0.06934   0.27678   0.07666   0.01578   0.14219   0.14737   0.14061   0.18027   0.20128   0.00000   0.08712   0.03073   0.02255   0.12651   0.09664   0.14718   0.00000   0.00300   0.02732   0.03605   0.01588   0.00956   0.02822   0.02211   0.01190   0.00427   0.00000   0.00000   0.00000   0.00177   0.04672   0.08299   0.00000   0.00299   0.00000   0.01279   0.45558   0.66228   0.79738  
 54 127.7564   5267.075162  x:  0.05969   0.08088   1.10213   0.46223   0.16599   0.52868   0.14232   0.35466   0.16809   0.12325   0.33004   0.00000   0.01611   0.01536   0.29624   0.14842   0.13883   2.18136   0.00000   0.21298   1.36077   0.00000   0.06443   0.01766   0.00000   0.02576   0.12756   0.06157   0.06923   0.27513   0.07695   0.01671   0.14197   0.14770   0.14080   0.18012   0.19968   0.00000   0.08705   0.03029   0.02459   0.12688   0.09651   0.14698   0.00000   0.00303   0.02904   0.03890   0.01680   0.00952   0.03668   0.01778   0.01297   0.00417   0.00000   0.00000   0.00000   0.00176   0.04480   0.08145   0.00000   0.00303   0.00000   0.01320   0.44937   0.64935   0.79937  
 55 69.4891   5266.182459  x:  0.05993   0.09352   1.06650   0.43969   0.17283   0.48964   0.15240   0.36755   0.16799   0.12934   0.31787   0.00000   0.01618   0.01368   0.29817   0.15383   0.14225   2.24829   0.00000   0.21172   1.34270   0.00000   0.05227   0.01840   0.00000   0.02864   0.13018   0.06181   0.06785   0.27377   0.07685   0.01585   0.13578   0.14514   0.14388   0.18234   0.20126   0.00000   0.08691   0.03006   0.02291   0.12846   0.09529   0.15652   0.00000   0.00305   0.02373   0.03841   0.01644   0.00957   0.03412   0.01926   0.01275   0.00425   0.00000   0.00000   0.00000   0.00178   0.04782   0.08186   0.00000   0.00304   0.00000   0.01305   0.45846   0.60795   0.80603  
 56 63.2482   5265.872081  x:  0.06003   0.09758   1.05121   0.43093   0.17572   0.47552   0.15462   0.37125   0.16874   0.13177   0.31511   0.00000   0.01616   0.01130   0.29892   0.15553   0.14473   2.27476   0.00000   0.21205   1.33426   0.00000   0.05702   0.01906   0.00000   0.02564   0.13074   0.06191   0.06750   0.27402   0.07664   0.01660   0.13438   0.14441   0.14461   0.18313   0.20242   0.00000   0.08696   0.03059   0.02379   0.12857   0.09526   0.15940   0.00000   0.00302   0.03132   0.03662   0.01599   0.00948   0.03200   0.01999   0.01236   0.00422   0.00000   0.00000   0.00000   0.00177   0.04635   0.08226   0.00000   0.00301   0.00000   0.01285   0.46510   0.59215   0.80886  
 57 110.5463   5265.702212  x:  0.06009   0.09867   1.04079   0.42636   0.17679   0.46975   0.15273   0.37127   0.16952   0.13223   0.31659   0.00000   0.01619   0.00971   0.29918   0.15502   0.14703   2.29044   0.00000   0.21291   1.32751   0.00000   0.06495   0.01928   0.00000   0.02594   0.13005   0.06197   0.06779   0.27507   0.07625   0.01657   0.13586   0.14478   0.14388   0.18308   0.20321   0.00000   0.08712   0.03049   0.02400   0.12778   0.09590   0.15845   0.00000   0.00305   0.02677   0.03663   0.01589   0.00951   0.03392   0.01908   0.01255   0.00419   0.00000   0.00000   0.00000   0.00177   0.04375   0.08197   0.00000   0.00301   0.00000   0.01280   0.47028   0.58437   0.81085  
 58 46.7117   5265.518203  x:  0.06006   0.09804   1.02509   0.42212   0.17594   0.46778   0.14501   0.36743   0.17040   0.13071   0.32371   0.00000   0.01629   0.01075   0.29900   0.15162   0.15023   2.31078   0.00000   0.21446   1.31548   0.00000   0.06421   0.01815   0.00000   0.02959   0.12748   0.06195   0.06888   0.27748   0.07552   0.01487   0.14075   0.14640   0.14126   0.18189   0.20375   0.00000   0.08737   0.02976   0.02159   0.12587   0.09702   0.15245   0.00000   0.00304   0.02885   0.03637   0.01620   0.00943   0.03541   0.01876   0.01270   0.00418   0.00000   0.00000   0.00000   0.00177   0.04667   0.08177   0.00000   0.00302   0.00000   0.01285   0.47516   0.57822   0.81399  
 59 29.2055   5265.394512  x:  0.05995   0.09738   1.01340   0.42001   0.17458   0.46834   0.13963   0.36385   0.17108   0.12976   0.32950   0.00000   0.01620   0.01188   0.29874   0.14943   0.15200   2.32543   0.00000   0.21536   1.30581   0.00000   0.06110   0.01897   0.00000   0.02557   0.12612   0.06183   0.06944   0.27912   0.07534   0.01666   0.14315   0.14717   0.14000   0.18100   0.20401   0.00000   0.08731   0.03036   0.02417   0.12510   0.09724   0.14853   0.00000   0.00305   0.02775   0.03679   0.01612   0.00948   0.03357   0.01934   0.01256   0.00423   0.00000   0.00000   0.00000   0.00178   0.04664   0.08193   0.00000   0.00303   0.00000   0.01294   0.47680   0.57553   0.81647  
 60 51.8790   5265.269037  x:  0.05969   0.09703   0.99918   0.42046   0.17161   0.47399   0.13771   0.35868   0.17221   0.13054   0.33568   0.00000   0.01619   0.01075   0.29817   0.14968   0.15194   2.34277   0.00000   0.21548   1.29189   0.00000   0.05980   0.01873   0.00000   0.02710   0.12833   0.06157   0.06900   0.28005   0.07566   0.01637   0.14018   0.14579   0.14130   0.18060   0.20424   0.00000   0.08668   0.03075   0.02314   0.12662   0.09539   0.14883   0.00000   0.00306   0.02840   0.03862   0.01606   0.00946   0.03203   0.01977   0.01259   0.00430   0.00000   0.00000   0.00000   0.00178   0.04106   0.08200   0.00000   0.00305   0.00000   0.01283   0.47304   0.57743   0.82008  
 61 22.1697   5265.103700  x:  0.05976   0.09719   0.97925   0.42266   0.16760   0.48392   0.13800   0.35184   0.17379   0.13236   0.34284   0.00000   0.01621   0.00868   0.29739   0.15147   0.15091   2.36739   0.00000   0.21537   1.27099   0.00000   0.06170   0.01911   0.00000   0.02635   0.13156   0.06164   0.06833   0.28059   0.07607   0.01616   0.13512   0.14373   0.14370   0.18064   0.20447   0.00000   0.08626   0.03001   0.02378   0.12890   0.09367   0.15171   0.00000   0.00306   0.02800   0.03631   0.01596   0.00942   0.03393   0.01912   0.01263   0.00424   0.00000   0.00000   0.00000   0.00178   0.04575   0.08181   0.00000   0.00304   0.00000   0.01282   0.46667   0.58269   0.82560  
 62 53.2137   5265.004739  x:  0.06134   0.09912   0.96825   0.42686   0.16789   0.49191   0.14333   0.35121   0.17364   0.13261   0.34118   0.00000   0.01616   0.00852   0.29731   0.15353   0.14922   2.38346   0.00000   0.21558   1.25551   0.00000   0.06166   0.01905   0.00000   0.02624   0.12846   0.06322   0.06913   0.27904   0.07531   0.01767   0.13841   0.14585   0.14283   0.18203   0.20391   0.00000   0.08832   0.03227   0.02220   0.12695   0.09844   0.15469   0.00000   0.00307   0.02801   0.03671   0.01601   0.00939   0.03378   0.01885   0.01265   0.00425   0.00000   0.00000   0.00000   0.00178   0.04569   0.08172   0.00000   0.00305   0.00000   0.01286   0.46622   0.59082   0.83013  
 63 17.4049   5264.965165  x:  0.06145   0.09972   0.96444   0.42875   0.16844   0.49495   0.14536   0.35172   0.17332   0.13223   0.33945   0.00000   0.01622   0.00866   0.29737   0.15403   0.14850   2.38985   0.00000   0.21579   1.24906   0.00000   0.06153   0.01898   0.00000   0.02646   0.12728   0.06333   0.06909   0.27831   0.07508   0.01560   0.13983   0.14663   0.14221   0.18248   0.20360   0.00000   0.08848   0.03022   0.02411   0.12620   0.09926   0.15531   0.00000   0.00307   0.02811   0.03679   0.01601   0.00937   0.03341   0.01929   0.01267   0.00428   0.00000   0.00000   0.00000   0.00179   0.04512   0.08174   0.00000   0.00306   0.00000   0.01284   0.46684   0.59470   0.83217  
 64 32.1073   5264.916647  x:  0.05977   0.09947   0.96143   0.43130   0.17011   0.49790   0.14644   0.35432   0.17231   0.13035   0.33483   0.00000   0.01615   0.00922   0.29766   0.15337   0.14764   2.39785   0.00000   0.21639   1.24028   0.00000   0.06164   0.01901   0.00000   0.02620   0.12724   0.06165   0.06796   0.27742   0.07589   0.01717   0.14063   0.14677   0.14157   0.18251   0.20314   0.00000   0.08653   0.02840   0.02302   0.12606   0.09591   0.15393   0.00000   0.00308   0.02808   0.03682   0.01602   0.00938   0.03333   0.01919   0.01265   0.00429   0.00000   0.00000   0.00000   0.00179   0.04512   0.08167   0.00000   0.00306   0.00000   0.01286   0.46956   0.60101   0.83546  
 65 14.9508   5264.889544  x:  0.05893   0.09893   0.96040   0.43265   0.17123   0.49911   0.14636   0.35617   0.17173   0.12920   0.33189   0.00000   0.01619   0.00960   0.29786   0.15271   0.14722   2.40235   0.00000   0.21675   1.23513   0.00000   0.06173   0.01895   0.00000   0.02631   0.12775   0.06081   0.06761   0.27708   0.07621   0.01604   0.14042   0.14641   0.14135   0.18240   0.20300   0.00000   0.08578   0.03091   0.02357   0.12631   0.09415   0.15276   0.00000   0.00307   0.02806   0.03680   0.01606   0.00931   0.03352   0.01914   0.01268   0.00429   0.00000   0.00000   0.00000   0.00179   0.04536   0.08163   0.00000   0.00307   0.00000   0.01287   0.47123   0.60481   0.83759  
 66 24.7528   5264.847613  x:  0.06010   0.09637   0.96232   0.43376   0.17306   0.49829   0.14304   0.35962   0.17147   0.12864   0.32790   0.00000   0.01617   0.01064   0.29822   0.15122   0.14703   2.40868   0.00000   0.21714   1.22724   0.00000   0.06187   0.01889   0.00000   0.02622   0.13009   0.06198   0.06977   0.27766   0.07570   0.01624   0.13736   0.14436   0.14240   0.18189   0.20377   0.00000   0.08839   0.03033   0.02343   0.12772   0.09658   0.15083   0.00000   0.00308   0.02805   0.03705   0.01613   0.00928   0.03332   0.01918   0.01271   0.00432   0.00000   0.00000   0.00000   0.00179   0.04539   0.08155   0.00000   0.00308   0.00000   0.01290   0.47255   0.61063   0.84209  
 67  7.9975   5264.760257  x:  0.05985   0.09034   0.97403   0.43392   0.17326   0.49094   0.13748   0.36319   0.17406   0.13480   0.32724   0.00000   0.01614   0.01027   0.29870   0.15217   0.14760   2.41959   0.00000   0.21704   1.21278   0.00000   0.06198   0.01883   0.00000   0.02615   0.12754   0.06173   0.06716   0.28048   0.07386   0.01620   0.13793   0.14543   0.14342   0.18021   0.20655   0.00000   0.08433   0.03045   0.02332   0.12626   0.09867   0.15342   0.00000   0.00310   0.02806   0.03711   0.01615   0.00916   0.03317   0.01910   0.01277   0.00436   0.00000   0.00000   0.00000   0.00180   0.04543   0.08132   0.00000   0.00311   0.00000   0.01291   0.46944   0.61880   0.85418  
 68  6.1222   5264.657317  x:  0.06051   0.08954   0.98974   0.43497   0.17186   0.48276   0.13764   0.36275   0.17524   0.13865   0.33143   0.00000   0.01611   0.00966   0.29882   0.15349   0.14940   2.43085   0.00000   0.21726   1.19864   0.00000   0.06211   0.01878   0.00000   0.02596   0.12704   0.06240   0.06944   0.28213   0.07772   0.01590   0.14084   0.14698   0.14203   0.18119   0.20658   0.00000   0.08998   0.03040   0.02331   0.12608   0.09276   0.15479   0.00000   0.00311   0.02806   0.03735   0.01621   0.00901   0.03286   0.01900   0.01285   0.00443   0.00000   0.00000   0.00000   0.00182   0.04552   0.08104   0.00000   0.00314   0.00000   0.01294   0.46814   0.62392   0.86976  
 69 12.5381   5264.445859  x:  0.05946   0.09610   1.01993   0.43794   0.16806   0.47230   0.14642   0.35507   0.17241   0.13422   0.34300   0.00000   0.01603   0.00890   0.29835   0.15326   0.15354   2.45087   0.00000   0.21833   1.17722   0.00000   0.06197   0.01879   0.00000   0.02530   0.13168   0.06134   0.06851   0.27962   0.07454   0.01579   0.13984   0.14487   0.13980   0.18402   0.20170   0.00000   0.08601   0.03032   0.02292   0.12880   0.09691   0.15142   0.00000   0.00315   0.02800   0.03772   0.01630   0.00863   0.03233   0.01876   0.01300   0.00456   0.00000   0.00000   0.00000   0.00184   0.04566   0.08042   0.00000   0.00322   0.00000   0.01298   0.47191   0.62528   0.90316  
 70 15.6529   5264.207015  x:  0.05995   0.09348   1.03843   0.43582   0.16851   0.47900   0.14849   0.34777   0.17041   0.12345   0.34369   0.00000   0.01592   0.01064   0.29770   0.15201   0.15334   2.46813   0.00000   0.21752   1.17096   0.00000   0.06261   0.01831   0.00000   0.02510   0.12180   0.06183   0.06545   0.27564   0.07634   0.01518   0.13249   0.14403   0.14920   0.18221   0.20363   0.00000   0.08827   0.03031   0.02262   0.12273   0.09583   0.15485   0.00000   0.00319   0.02789   0.03846   0.01654   0.00820   0.03156   0.01857   0.01320   0.00473   0.00000   0.00000   0.00000   0.00187   0.04585   0.07961   0.00000   0.00332   0.00000   0.01308   0.47487   0.61351   0.94078  
 71 10.4699   5263.534821  x:  0.06328   0.08072   1.06884   0.42801   0.17520   0.51455   0.14838   0.33921   0.17614   0.12204   0.33218   0.00000   0.01560   0.01386   0.29674   0.15549   0.14759   2.51222   0.00000   0.21481   1.17677   0.00000   0.06326   0.01783   0.00000   0.02340   0.13163   0.06517   0.07361   0.27089   0.07568   0.01420   0.14014   0.14836   0.14512   0.17809   0.20978   0.00000   0.08183   0.03018   0.02173   0.12860   0.09355   0.16126   0.00000   0.00334   0.02772   0.04050   0.01716   0.00696   0.02928   0.01798   0.01381   0.00524   0.00000   0.00000   0.00000   0.00197   0.04670   0.07729   0.00000   0.00361   0.00000   0.01338   0.47628   0.57358   1.04748  
 72 24.4549   5263.104485  x:  0.05649   0.08387   1.07704   0.42893   0.17630   0.53258   0.14630   0.34313   0.17972   0.13427   0.32840   0.00000   0.01541   0.01389   0.29718   0.15760   0.14498   2.53882   0.00000   0.21688   1.19202   0.00000   0.06359   0.01751   0.00000   0.02243   0.13156   0.05837   0.06201   0.27487   0.07578   0.01380   0.13850   0.14402   0.13857   0.17838   0.20773   0.00000   0.09153   0.03000   0.02100   0.12909   0.09736   0.15497   0.00000   0.00342   0.02760   0.04150   0.01745   0.00615   0.02803   0.01750   0.01417   0.00554   0.00000   0.00000   0.00000   0.00202   0.04713   0.07586   0.00000   0.00379   0.00000   0.01352   0.47603   0.55692   1.11334  
 73 37.6147   5262.587265  x:  0.06041   0.09846   1.07391   0.43605   0.17452   0.54268   0.14086   0.35592   0.17937   0.14793   0.33174   0.00000   0.01518   0.01409   0.29892   0.15794   0.14501   2.57057   0.00000   0.22291   1.22432   0.00000   0.06445   0.01695   0.00000   0.02150   0.12377   0.06229   0.06918   0.28444   0.07847   0.01287   0.13234   0.13881   0.14113   0.18686   0.20256   0.00000   0.08285   0.02993   0.02028   0.12466   0.09486   0.14910   0.00000   0.00353   0.02747   0.04285   0.01786   0.00517   0.02646   0.01694   0.01464   0.00593   0.00000   0.00000   0.00000   0.00210   0.04764   0.07407   0.00000   0.00401   0.00000   0.01370   0.47703   0.55265   1.19123  
 74 37.8276   5261.982287  x:  0.05758   0.10161   1.05525   0.44174   0.16681   0.53475   0.13654   0.36874   0.17289   0.14216   0.34366   0.00000   0.01489   0.01607   0.30117   0.15590   0.14691   2.60725   0.00000   0.22808   1.27597   0.00000   0.06508   0.01657   0.00000   0.02004   0.13075   0.05947   0.06723   0.28757   0.06834   0.01192   0.13704   0.14803   0.15147   0.18869   0.20365   0.00000   0.08695   0.02980   0.01954   0.12769   0.09258   0.16248   0.00000   0.00368   0.02735   0.04456   0.01840   0.00406   0.02446   0.01636   0.01518   0.00640   0.00000   0.00000   0.00000   0.00219   0.04827   0.07186   0.00000   0.00428   0.00000   0.01397   0.48145   0.56837   1.27812  
 75 34.5763   5261.641915  x:  0.05869   0.09119   1.03953   0.44199   0.16577   0.52174   0.14330   0.36711   0.17451   0.13617   0.34948   0.00000   0.01472   0.01650   0.30123   0.15827   0.14900   2.62817   0.00000   0.22627   1.30947   0.00000   0.06531   0.01636   0.00000   0.01935   0.13104   0.06057   0.06473   0.28368   0.08213   0.01100   0.13558   0.14479   0.14397   0.18339   0.20722   0.00000   0.08446   0.02977   0.01905   0.12883   0.09766   0.16411   0.00000   0.00375   0.02728   0.04539   0.01865   0.00341   0.02337   0.01594   0.01547   0.00665   0.00000   0.00000   0.00000   0.00224   0.04855   0.07064   0.00000   0.00442   0.00000   0.01408   0.48311   0.58454   1.32481  
 76 33.4703   5261.514926  x:  0.06006   0.08567   1.03291   0.44210   0.16931   0.51467   0.14811   0.36035   0.17793   0.13684   0.34904   0.00000   0.01465   0.01643   0.30030   0.16020   0.15004   2.63571   0.00000   0.22259   1.32213   0.00000   0.06547   0.01622   0.00000   0.01910   0.12820   0.06194   0.06603   0.27963   0.07461   0.01136   0.13386   0.14121   0.14065   0.18142   0.20771   0.00000   0.08555   0.02974   0.01884   0.12735   0.09374   0.15985   0.00000   0.00378   0.02724   0.04570   0.01872   0.00319   0.02298   0.01580   0.01556   0.00675   0.00000   0.00000   0.00000   0.00226   0.04865   0.07020   0.00000   0.00448   0.00000   0.01411   0.48254   0.59196   1.33956  
 77 19.8630   5261.460811  x:  0.05763   0.08615   1.03017   0.44399   0.17427   0.51032   0.14787   0.35094   0.17995   0.13953   0.34513   0.00000   0.01462   0.01681   0.29905   0.16021   0.15092   2.63903   0.00000   0.21814   1.32712   0.00000   0.06550   0.01621   0.00000   0.01906   0.12899   0.05952   0.06758   0.27910   0.07587   0.01104   0.13478   0.14337   0.14565   0.18333   0.20715   0.00000   0.08543   0.02969   0.01882   0.12723   0.09491   0.15698   0.00000   0.00380   0.02723   0.04584   0.01876   0.00311   0.02281   0.01571   0.01560   0.00679   0.00000   0.00000   0.00000   0.00227   0.04874   0.07000   0.00000   0.00450   0.00000   0.01414   0.48232   0.59536   1.34251  
 78  7.0927   5261.429963  x:  0.05946   0.08921   1.02949   0.44625   0.17680   0.50842   0.14466   0.34524   0.17933   0.13927   0.34195   0.00000   0.01460   0.01762   0.29861   0.15920   0.15192   2.64108   0.00000   0.21534   1.32884   0.00000   0.06562   0.01618   0.00000   0.01913   0.12928   0.06134   0.06465   0.28066   0.07601   0.01112   0.13456   0.14336   0.14347   0.18441   0.20744   0.00000   0.08533   0.02972   0.01884   0.12791   0.09429   0.15932   0.00000   0.00382   0.02723   0.04596   0.01882   0.00310   0.02273   0.01568   0.01563   0.00683   0.00000   0.00000   0.00000   0.00228   0.04878   0.06983   0.00000   0.00452   0.00000   0.01417   0.48243   0.59652   1.34023  
 79  4.0592   5261.356913  x:  0.05546   0.08984   1.02980   0.44887   0.17429   0.50743   0.14249   0.34190   0.17846   0.13767   0.33851   0.00000   0.01452   0.01806   0.29922   0.15923   0.15430   2.64645   0.00000   0.21201   1.32992   0.00000   0.06573   0.01621   0.00000   0.01940   0.12771   0.05734   0.06957   0.28441   0.07505   0.01148   0.13342   0.14032   0.13913   0.18401   0.20652   0.00000   0.08538   0.02972   0.01893   0.12680   0.09506   0.16437   0.00000   0.00387   0.02726   0.04600   0.01886   0.00314   0.02265   0.01552   0.01568   0.00690   0.00000   0.00000   0.00000   0.00231   0.04876   0.06938   0.00000   0.00456   0.00000   0.01420   0.48268   0.59620   1.32544  
 80  3.1050   5260.474286  x:  0.06158   0.08074   1.03847   0.46750   0.14773   0.50828   0.15207   0.34132   0.18132   0.13434   0.32367   0.00000   0.01369   0.01599   0.30652   0.16420   0.18003   2.71261   0.00000   0.19391   1.33648   0.00000   0.06560   0.01765   0.00000   0.02227   0.13118   0.06346   0.06603   0.30619   0.07357   0.01258   0.13927   0.13880   0.14807   0.16998   0.20047   0.00000   0.08565   0.02984   0.02042   0.12585   0.09431   0.15774   0.00000   0.00449   0.02774   0.04558   0.01913   0.00358   0.02215   0.01313   0.01604   0.00778   0.00000   0.00000   0.00000   0.00264   0.04896   0.06432   0.00000   0.00502   0.00000   0.01450   0.48664   0.58707   1.12497  
 81 13.5444   5259.161983  x:  0.05941   0.06902   1.05354   0.47838   0.16076   0.51177   0.15338   0.35184   0.17914   0.13597   0.33435   0.00000   0.01246   0.01353   0.30413   0.15415   0.19154   2.80937   0.00000   0.19564   1.34493   0.00000   0.06600   0.01956   0.00000   0.02680   0.12776   0.06129   0.06598   0.28877   0.07378   0.01487   0.12690   0.15539   0.13980   0.19080   0.20998   0.00000   0.08581   0.03001   0.02249   0.13180   0.09493   0.15537   0.00000   0.00542   0.02848   0.04486   0.01950   0.00431   0.02152   0.00969   0.01661   0.00907   0.00000   0.00000   0.00000   0.00313   0.04916   0.05687   0.00000   0.00571   0.00000   0.01492   0.48010   0.57739   0.82908  
 82 63.6077   5258.730952  x:  0.05898   0.07398   1.05967   0.47489   0.17158   0.51196   0.14705   0.35344   0.17781   0.13645   0.34255   0.00000   0.01204   0.01284   0.30075   0.15723   0.17593   2.84158   0.00000   0.20046   1.34792   0.00000   0.06602   0.02034   0.00000   0.02818   0.13235   0.06086   0.06552   0.27807   0.07543   0.01547   0.13807   0.13851   0.14481   0.18757   0.21037   0.00000   0.08593   0.03011   0.02334   0.12511   0.09491   0.15843   0.00000   0.00572   0.02874   0.04461   0.01963   0.00455   0.02129   0.00855   0.01679   0.00950   0.00000   0.00000   0.00000   0.00329   0.04928   0.05437   0.00000   0.00594   0.00000   0.01507   0.48040   0.57777   0.73196  
 83 51.7408   5258.593403  x:  0.05915   0.07936   1.06222   0.46649   0.17227   0.51141   0.14534   0.35030   0.17910   0.13692   0.34390   0.00000   0.01190   0.01248   0.29931   0.16106   0.15820   2.85179   0.00000   0.20491   1.34938   0.00000   0.06613   0.02052   0.00000   0.02870   0.13021   0.06103   0.06710   0.28051   0.07530   0.01566   0.13450   0.14388   0.14380   0.17884   0.20616   0.00000   0.08588   0.03013   0.02348   0.12860   0.09490   0.15788   0.00000   0.00582   0.02879   0.04455   0.01967   0.00463   0.02127   0.00820   0.01682   0.00964   0.00000   0.00000   0.00000   0.00334   0.04927   0.05356   0.00000   0.00601   0.00000   0.01511   0.48521   0.58108   0.70465  
 84 15.7305   5258.548551  x:  0.05948   0.07970   1.06310   0.45692   0.17031   0.51191   0.14804   0.34645   0.18015   0.13646   0.34106   0.00000   0.01184   0.01251   0.29937   0.15773   0.15378   2.85513   0.00000   0.21220   1.35071   0.00000   0.06604   0.02062   0.00000   0.02882   0.13213   0.06136   0.06647   0.28590   0.07496   0.01579   0.13440   0.14377   0.14338   0.18258   0.20635   0.00000   0.08587   0.03013   0.02362   0.12530   0.09486   0.15785   0.00000   0.00586   0.02882   0.04453   0.01968   0.00467   0.02125   0.00815   0.01682   0.00968   0.00000   0.00000   0.00000   0.00336   0.04927   0.05328   0.00000   0.00603   0.00000   0.01512   0.48485   0.58431   0.70208  
 85  4.7229   5258.521328  x:  0.05925   0.08151   1.06345   0.45080   0.16945   0.51289   0.14798   0.34488   0.17965   0.13610   0.33932   0.00000   0.01180   0.01238   0.30030   0.15867   0.15526   2.85690   0.00000   0.21557   1.35187   0.00000   0.06609   0.02061   0.00000   0.02901   0.12928   0.06113   0.06642   0.28608   0.07485   0.01584   0.13612   0.14189   0.14436   0.18383   0.20751   0.00000   0.08591   0.03013   0.02365   0.13009   0.09493   0.15748   0.00000   0.00588   0.02885   0.04448   0.01969   0.00471   0.02128   0.00816   0.01681   0.00971   0.00000   0.00000   0.00000   0.00338   0.04928   0.05309   0.00000   0.00605   0.00000   0.01512   0.48402   0.58661   0.70687  
 86  3.3220   5258.418735  x:  0.05881   0.09054   1.06367   0.43520   0.16829   0.51676   0.14411   0.34472   0.17795   0.13722   0.33764   0.00000   0.01160   0.01173   0.30292   0.16372   0.16300   2.86248   0.00000   0.21490   1.35625   0.00000   0.06586   0.02088   0.00000   0.02943   0.13166   0.06069   0.06718   0.27879   0.07538   0.01616   0.13435   0.14457   0.14312   0.18052   0.20927   0.00000   0.08597   0.03018   0.02402   0.12555   0.09499   0.15611   0.00000   0.00598   0.02896   0.04423   0.01970   0.00488   0.02151   0.00831   0.01672   0.00983   0.00000   0.00000   0.00000   0.00343   0.04923   0.05236   0.00000   0.00610   0.00000   0.01512   0.48311   0.59310   0.73977  
 87  4.8975   5258.209675  x:  0.05897   0.09413   1.06127   0.42205   0.17045   0.51955   0.14549   0.35040   0.18165   0.14046   0.34309   0.00000   0.01116   0.01177   0.29932   0.15155   0.15947   2.87244   0.00000   0.19940   1.36394   0.00000   0.06561   0.02124   0.00000   0.03044   0.12986   0.06084   0.06657   0.27597   0.07602   0.01669   0.13559   0.14229   0.14376   0.18116   0.20402   0.00000   0.08591   0.03029   0.02471   0.12769   0.09503   0.15940   0.00000   0.00619   0.02915   0.04388   0.01979   0.00524   0.02190   0.00874   0.01652   0.01006   0.00000   0.00000   0.00000   0.00354   0.04916   0.05079   0.00000   0.00621   0.00000   0.01515   0.48686   0.59767   0.81607  
 88 11.7828   5257.904913  x:  0.05852   0.08653   1.05475   0.43419   0.18371   0.51309   0.14545   0.35320   0.17683   0.13174   0.34967   0.00000   0.01049   0.01068   0.29382   0.16527   0.14485   2.88698   0.00000   0.20452   1.37500   0.00000   0.06496   0.02187   0.00000   0.03188   0.13005   0.06039   0.06581   0.28713   0.07515   0.01768   0.13673   0.14209   0.14341   0.18694   0.20445   0.00000   0.08621   0.03040   0.02577   0.12701   0.09537   0.15587   0.00000   0.00650   0.02945   0.04317   0.01983   0.00578   0.02254   0.00944   0.01618   0.01041   0.00000   0.00000   0.00000   0.00370   0.04905   0.04849   0.00000   0.00638   0.00000   0.01513   0.48374   0.59171   0.93472  
 89 17.6037   5257.785087  x:  0.05852   0.08601   1.05183   0.44854   0.18270   0.50766   0.14628   0.34964   0.17855   0.13512   0.34741   0.00000   0.01022   0.01026   0.29494   0.15816   0.13937   2.89301   0.00000   0.21968   1.37949   0.00000   0.06472   0.02209   0.00000   0.03245   0.12963   0.06040   0.06749   0.28178   0.07550   0.01806   0.13704   0.14210   0.14368   0.17869   0.20835   0.00000   0.08623   0.03047   0.02617   0.12720   0.09540   0.15683   0.00000   0.00663   0.02956   0.04293   0.01986   0.00600   0.02280   0.00976   0.01604   0.01055   0.00000   0.00000   0.00000   0.00376   0.04900   0.04757   0.00000   0.00645   0.00000   0.01514   0.48237   0.58667   0.97984  
 90 15.1918   5257.770612  x:  0.05903   0.08403   1.05140   0.45012   0.17897   0.50658   0.14423   0.34855   0.17851   0.13611   0.34604   0.00000   0.01018   0.01016   0.29692   0.15898   0.13709   2.89400   0.00000   0.22081   1.37989   0.00000   0.06471   0.02210   0.00000   0.03251   0.12951   0.06090   0.06697   0.27808   0.07577   0.01805   0.13705   0.14199   0.14362   0.18144   0.20608   0.00000   0.08625   0.03047   0.02620   0.12715   0.09542   0.15699   0.00000   0.00665   0.02956   0.04291   0.01987   0.00601   0.02284   0.00982   0.01601   0.01057   0.00000   0.00000   0.00000   0.00377   0.04899   0.04743   0.00000   0.00646   0.00000   0.01513   0.48371   0.58582   0.98354  
 91  3.1930   5257.503369  x:  0.05945   0.08273   1.05325   0.44535   0.18501   0.50886   0.14308   0.35041   0.18051   0.13532   0.34569   0.00000   0.00897   0.01070   0.29911   0.15830   0.14723   2.93524   0.00000   0.22409   1.37751   0.00000   0.06500   0.02209   0.00000   0.03227   0.12972   0.06132   0.06620   0.27839   0.07625   0.01772   0.13614   0.14333   0.14390   0.17952   0.18978   0.00000   0.08620   0.03058   0.02635   0.12719   0.09536   0.16167   0.00000   0.00704   0.02954   0.04296   0.02015   0.00576   0.02339   0.01309   0.01469   0.01107   0.00000   0.00000   0.00000   0.00398   0.04880   0.04371   0.00000   0.00665   0.00000   0.01499   0.48024   0.57967   0.92164  
 92  0.3681   5257.268137  x:  0.05864   0.08846   1.05526   0.44308   0.17737   0.50989   0.14431   0.35216   0.17770   0.13670   0.34506   0.00000   0.00790   0.01110   0.29921   0.15825   0.14451   2.97117   0.00000   0.21529   1.37493   0.00000   0.06524   0.02205   0.00000   0.03199   0.12990   0.06051   0.06688   0.27898   0.07542   0.01744   0.13597   0.14328   0.14340   0.18331   0.20806   0.00000   0.08607   0.03059   0.02643   0.12700   0.09509   0.15747   0.00000   0.00739   0.02948   0.04308   0.02042   0.00552   0.02388   0.01593   0.01350   0.01150   0.00000   0.00000   0.00000   0.00416   0.04865   0.04046   0.00000   0.00681   0.00000   0.01486   0.48219   0.57436   0.86685  
 93 19.4783   5257.264757  x:  0.05874   0.08802   1.05519   0.44295   0.17653   0.50989   0.14421   0.35210   0.17623   0.13749   0.34457   0.00000   0.00789   0.01115   0.29567   0.15842   0.14501   2.97171   0.00000   0.21563   1.37487   0.00000   0.06523   0.02204   0.00000   0.03196   0.12986   0.06061   0.06689   0.27871   0.07545   0.01743   0.13594   0.14328   0.14340   0.18317   0.20778   0.00000   0.08605   0.03059   0.02642   0.12699   0.09507   0.15755   0.00000   0.00740   0.02947   0.04308   0.02042   0.00552   0.02389   0.01592   0.01348   0.01151   0.00000   0.00000   0.00000   0.00416   0.04864   0.04039   0.00000   0.00682   0.00000   0.01486   0.48257   0.57421   0.86721  
 94  0.5616   5257.230645  x:  0.05866   0.09027   1.05451   0.44399   0.17415   0.50928   0.14268   0.35383   0.18424   0.13383   0.34281   0.00000   0.00779   0.01134   0.29024   0.15956   0.14657   2.97740   0.00000   0.21615   1.37370   0.00000   0.06505   0.02190   0.00000   0.03160   0.12979   0.06053   0.06669   0.27786   0.07535   0.01724   0.13596   0.14363   0.14323   0.18469   0.20757   0.00000   0.08613   0.03059   0.02635   0.12708   0.09514   0.15770   0.00000   0.00750   0.02942   0.04281   0.02043   0.00545   0.02407   0.01556   0.01314   0.01158   0.00000   0.00000   0.00000   0.00421   0.04839   0.03966   0.00000   0.00683   0.00000   0.01479   0.48177   0.57219   0.87689  
 95  0.4154   5257.012243  x:  0.05905   0.08872   1.04921   0.44539   0.17386   0.50815   0.14344   0.35482   0.17670   0.13557   0.33974   0.00000   0.00717   0.01022   0.29885   0.15621   0.15156   3.01230   0.00000   0.21285   1.36610   0.00000   0.06389   0.02109   0.00000   0.02920   0.12888   0.06092   0.06693   0.28056   0.07518   0.01603   0.13612   0.14473   0.14298   0.18400   0.20467   0.00000   0.08626   0.03061   0.02588   0.12721   0.09518   0.15833   0.00000   0.00814   0.02909   0.04110   0.02042   0.00506   0.02510   0.01320   0.01100   0.01203   0.00000   0.00000   0.00000   0.00450   0.04681   0.03514   0.00000   0.00691   0.00000   0.01436   0.47921   0.55919   0.93870  
 96  4.6542   5256.702855  x:  0.05911   0.08974   1.03346   0.44189   0.17186   0.50265   0.14526   0.35336   0.17545   0.13612   0.33822   0.00000   0.00684   0.00988   0.30030   0.15631   0.15365   2.98532   0.00000   0.20936   1.34200   0.00000   0.06353   0.01934   0.00000   0.02442   0.12902   0.06097   0.06690   0.28151   0.07543   0.01432   0.13566   0.14418   0.14310   0.18256   0.20604   0.00000   0.08605   0.03057   0.02385   0.12735   0.09511   0.15823   0.00000   0.00924   0.02849   0.04061   0.02045   0.00573   0.02129   0.01229   0.01479   0.01250   0.00000   0.00000   0.00000   0.00499   0.04505   0.03728   0.00000   0.00730   0.00000   0.01351   0.47922   0.55847   0.96909  
 97  0.0255   5256.356034  x:  0.05865   0.08836   1.03326   0.44046   0.17479   0.50386   0.14675   0.34948   0.17832   0.13800   0.34425   0.00000   0.00777   0.01306   0.29870   0.15908   0.14995   2.91408   0.00000   0.21211   1.34034   0.00000   0.06602   0.01807   0.00000   0.02373   0.13013   0.06051   0.06632   0.27990   0.07577   0.01270   0.13501   0.14240   0.14347   0.18195   0.20857   0.00000   0.08564   0.03035   0.02109   0.12737   0.09480   0.15912   0.00000   0.01146   0.02848   0.04319   0.01993   0.00737   0.02641   0.01249   0.01290   0.01301   0.00000   0.00000   0.00000   0.00593   0.04605   0.03971   0.00000   0.00737   0.00000   0.01380   0.48295   0.57809   0.95270  
 98  0.0410   5256.077605  x:  0.05892   0.08906   1.05348   0.44279   0.17634   0.51233   0.14306   0.35441   0.17658   0.13531   0.34298   0.00000   0.00702   0.00918   0.29735   0.15623   0.14466   2.88712   0.00000   0.21673   1.35191   0.00000   0.06406   0.02081   0.00000   0.02621   0.12908   0.06076   0.06723   0.27787   0.07558   0.01404   0.13708   0.14441   0.14284   0.18386   0.20724   0.00000   0.08651   0.03043   0.02157   0.12686   0.09560   0.15824   0.00000   0.01448   0.02929   0.04091   0.01882   0.00765   0.02466   0.01396   0.01286   0.01425   0.00000   0.00000   0.00000   0.00724   0.04637   0.03819   0.00000   0.00792   0.00000   0.01425   0.48023   0.57825   0.92331  
 99  0.0291   5255.938129  x:  0.05917   0.08831   1.04356   0.44598   0.17266   0.50667   0.14450   0.35357   0.17685   0.13650   0.33994   0.00000   0.00768   0.01178   0.29960   0.15752   0.15201   2.89041   0.00000   0.21364   1.35065   0.00000   0.06425   0.01934   0.00000   0.02499   0.12952   0.06101   0.06673   0.28180   0.07531   0.01391   0.13538   0.14409   0.14395   0.18367   0.20475   0.00000   0.08590   0.03047   0.02337   0.12732   0.09490   0.16105   0.00000   0.01721   0.02851   0.04087   0.01963   0.00709   0.02388   0.01264   0.01242   0.01474   0.00000   0.00000   0.00000   0.00834   0.04569   0.03749   0.00000   0.00805   0.00000   0.01435   0.48013   0.56792   0.92572  
100  0.0103   5255.884928  x:  0.05900   0.08828   1.04327   0.44377   0.17339   0.50692   0.14469   0.35220   0.17664   0.13604   0.34053   0.00000   0.00774   0.01064   0.29922   0.15708   0.15009   2.90469   0.00000   0.21258   1.34818   0.00000   0.06440   0.01975   0.00000   0.02550   0.12946   0.06083   0.06689   0.28102   0.07540   0.01384   0.13604   0.14364   0.14317   0.18237   0.20596   0.00000   0.08609   0.03040   0.02258   0.12722   0.09512   0.15957   0.00000   0.01875   0.02863   0.04053   0.01973   0.00609   0.02605   0.01274   0.01357   0.01457   0.00000   0.00000   0.00000   0.00890   0.04525   0.03832   0.00000   0.00802   0.00000   0.01420   0.47996   0.57074   0.91837  
101  0.0105   5255.852042  x:  0.05885   0.08821   1.04397   0.44307   0.17505   0.50714   0.14491   0.35170   0.17739   0.13624   0.34253   0.00000   0.00806   0.01088   0.29825   0.15751   0.14783   2.92257   0.00000   0.21369   1.35173   0.00000   0.06467   0.01983   0.00000   0.02609   0.12947   0.06069   0.06690   0.27931   0.07563   0.01431   0.13614   0.14354   0.14298   0.18250   0.20737   0.00000   0.08615   0.03040   0.02236   0.12714   0.09522   0.15911   0.00000   0.01972   0.02875   0.04122   0.01978   0.00592   0.02452   0.01334   0.01260   0.01397   0.00000   0.00000   0.00000   0.00918   0.04538   0.03907   0.00000   0.00767   0.00000   0.01415   0.48072   0.57455   0.92270  
102  0.0127   5255.792793  x:  0.05910   0.08787   1.04408   0.44644   0.17459   0.50703   0.14450   0.35344   0.17722   0.13626   0.34178   0.00000   0.00752   0.01108   0.29871   0.15718   0.15157   2.95610   0.00000   0.21350   1.36261   0.00000   0.06432   0.01998   0.00000   0.02536   0.12918   0.06093   0.06680   0.27975   0.07552   0.01449   0.13563   0.14454   0.14347   0.18486   0.20619   0.00000   0.08607   0.03055   0.02359   0.12712   0.09509   0.16064   0.00000   0.02103   0.02899   0.04045   0.01972   0.00625   0.02573   0.01297   0.01296   0.01177   0.00000   0.00000   0.00000   0.00935   0.04558   0.03849   0.00000   0.00677   0.00000   0.01417   0.48074   0.57108   0.94685  
103  0.0125   5255.771185  x:  0.05901   0.08867   1.04636   0.44363   0.17399   0.50785   0.14436   0.35310   0.17683   0.13609   0.34097   0.00000   0.00753   0.01087   0.29883   0.15723   0.14948   2.94817   0.00000   0.21311   1.35524   0.00000   0.06431   0.01973   0.00000   0.02545   0.12938   0.06085   0.06688   0.28067   0.07540   0.01379   0.13593   0.14379   0.14339   0.18303   0.20584   0.00000   0.08609   0.03045   0.02276   0.12716   0.09510   0.16016   0.00000   0.02117   0.02871   0.03992   0.01959   0.00643   0.02573   0.01307   0.01303   0.01067   0.00000   0.00000   0.00000   0.00922   0.04528   0.03873   0.00000   0.00639   0.00000   0.01414   0.48039   0.56768   0.93635  
104  0.0113   5255.763616  x:  0.05891   0.08840   1.04480   0.44325   0.17418   0.50710   0.14474   0.35225   0.17704   0.13632   0.34154   0.00000   0.00748   0.01094   0.29886   0.15733   0.14931   2.92662   0.00000   0.21313   1.35197   0.00000   0.06452   0.01969   0.00000   0.02584   0.12954   0.06075   0.06680   0.28029   0.07552   0.01425   0.13601   0.14366   0.14318   0.18250   0.20637   0.00000   0.08607   0.03043   0.02237   0.12725   0.09517   0.15970   0.00000   0.02110   0.02865   0.04006   0.01963   0.00656   0.02581   0.01307   0.01324   0.01047   0.00000   0.00000   0.00000   0.00910   0.04522   0.03787   0.00000   0.00651   0.00000   0.01423   0.48041   0.57010   0.91986  
105  0.0145   5255.757480  x:  0.05901   0.08826   1.04427   0.44473   0.17417   0.50735   0.14447   0.35272   0.17693   0.13611   0.34139   0.00000   0.00772   0.01067   0.29870   0.15713   0.14943   2.91203   0.00000   0.21376   1.35120   0.00000   0.06437   0.01992   0.00000   0.02559   0.12934   0.06085   0.06695   0.28007   0.07544   0.01392   0.13604   0.14394   0.14317   0.18334   0.20655   0.00000   0.08615   0.03044   0.02289   0.12713   0.09514   0.15999   0.00000   0.02143   0.02879   0.04001   0.01966   0.00633   0.02576   0.01294   0.01303   0.01011   0.00000   0.00000   0.00000   0.00906   0.04519   0.03747   0.00000   0.00663   0.00000   0.01421   0.48038   0.57259   0.91870  
106  0.0062   5255.749811  x:  0.05901   0.08848   1.04310   0.44413   0.17413   0.50714   0.14457   0.35298   0.17687   0.13628   0.34140   0.00000   0.00757   0.01096   0.29880   0.15747   0.14918   2.91693   0.00000   0.21385   1.35500   0.00000   0.06446   0.01969   0.00000   0.02538   0.12949   0.06085   0.06680   0.28057   0.07557   0.01436   0.13571   0.14379   0.14373   0.18322   0.20608   0.00000   0.08598   0.03048   0.02271   0.12720   0.09509   0.16047   0.00000   0.02178   0.02872   0.03994   0.01981   0.00607   0.02587   0.01320   0.01303   0.00985   0.00000   0.00000   0.00000   0.00891   0.04535   0.03742   0.00000   0.00707   0.00000   0.01410   0.48069   0.57126   0.93787  
107  0.0048   5255.741673  x:  0.05896   0.08831   1.04410   0.44321   0.17430   0.50712   0.14472   0.35246   0.17708   0.13612   0.34135   0.00000   0.00762   0.01077   0.29885   0.15715   0.15018   2.91876   0.00000   0.21270   1.35449   0.00000   0.06438   0.01971   0.00000   0.02572   0.12937   0.06079   0.06681   0.28003   0.07544   0.01384   0.13604   0.14387   0.14302   0.18282   0.20596   0.00000   0.08614   0.03041   0.02259   0.12722   0.09517   0.15978   0.00000   0.02174   0.02866   0.03976   0.01963   0.00639   0.02601   0.01322   0.01295   0.00966   0.00000   0.00000   0.00000   0.00853   0.04522   0.03798   0.00000   0.00758   0.00000   0.01416   0.48017   0.57116   0.93579  
108  0.0015   5255.737013  x:  0.05898   0.08856   1.04609   0.44423   0.17405   0.50795   0.14431   0.35292   0.17699   0.13626   0.34137   0.00000   0.00761   0.01093   0.29871   0.15724   0.14926   2.93142   0.00000   0.21368   1.35139   0.00000   0.06440   0.01986   0.00000   0.02552   0.12943   0.06081   0.06692   0.28042   0.07553   0.01420   0.13594   0.14379   0.14332   0.18321   0.20633   0.00000   0.08611   0.03046   0.02277   0.12715   0.09513   0.16025   0.00000   0.02211   0.02878   0.03988   0.01959   0.00643   0.02602   0.01293   0.01299   0.00957   0.00000   0.00000   0.00000   0.00838   0.04513   0.03789   0.00000   0.00777   0.00000   0.01426   0.48052   0.57030   0.92352  
109  0.0069   5255.727904  x:  0.05904   0.08775   1.04158   0.44512   0.17416   0.50493   0.14530   0.35210   0.17644   0.13593   0.34142   0.00000   0.00767   0.01073   0.29896   0.15744   0.14905   2.93964   0.00000   0.21357   1.35550   0.00000   0.06454   0.01966   0.00000   0.02601   0.12946   0.06088   0.06678   0.28019   0.07525   0.01388   0.13591   0.14402   0.14360   0.18301   0.20713   0.00000   0.08593   0.03046   0.02282   0.12719   0.09508   0.15973   0.00000   0.02282   0.02869   0.03967   0.01980   0.00639   0.02584   0.01290   0.01301   0.00998   0.00000   0.00000   0.00000   0.00806   0.04519   0.03797   0.00000   0.00772   0.00000   0.01406   0.48068   0.56983   0.90847  
110  0.0028   5255.710744  x:  0.05899   0.08832   1.04404   0.44440   0.17445   0.50752   0.14456   0.35248   0.17703   0.13628   0.34142   0.00000   0.00757   0.01075   0.29882   0.15735   0.14899   2.92459   0.00000   0.21363   1.35585   0.00000   0.06440   0.01972   0.00000   0.02550   0.12948   0.06083   0.06685   0.28034   0.07554   0.01406   0.13611   0.14376   0.14319   0.18279   0.20630   0.00000   0.08613   0.03043   0.02247   0.12720   0.09520   0.15996   0.00000   0.02355   0.02866   0.03962   0.01972   0.00641   0.02603   0.01294   0.01298   0.00987   0.00000   0.00000   0.00000   0.00714   0.04523   0.03799   0.00000   0.00711   0.00000   0.01399   0.48033   0.57018   0.91820  
111  0.0058   5255.709202  x:  0.05897   0.08846   1.04488   0.44398   0.17420   0.50755   0.14447   0.35276   0.17699   0.13627   0.34143   0.00000   0.00756   0.01088   0.29876   0.15727   0.14934   2.92377   0.00000   0.21354   1.35367   0.00000   0.06440   0.01980   0.00000   0.02559   0.12943   0.06081   0.06688   0.28028   0.07549   0.01402   0.13595   0.14379   0.14325   0.18309   0.20626   0.00000   0.08611   0.03044   0.02272   0.12718   0.09512   0.16025   0.00000   0.02349   0.02873   0.03981   0.01967   0.00637   0.02602   0.01303   0.01303   0.01015   0.00000   0.00000   0.00000   0.00709   0.04512   0.03776   0.00000   0.00708   0.00000   0.01416   0.48045   0.57070   0.92541  
112  0.0066   5255.709124  x:  0.05898   0.08838   1.04461   0.44401   0.17415   0.50728   0.14456   0.35269   0.17695   0.13619   0.34137   0.00000   0.00759   0.01085   0.29879   0.15724   0.14954   2.92448   0.00000   0.21339   1.35310   0.00000   0.06441   0.01979   0.00000   0.02561   0.12941   0.06082   0.06687   0.28026   0.07548   0.01407   0.13596   0.14385   0.14328   0.18309   0.20629   0.00000   0.08609   0.03045   0.02271   0.12718   0.09514   0.16017   0.00000   0.02351   0.02873   0.03978   0.01966   0.00637   0.02602   0.01304   0.01302   0.01012   0.00000   0.00000   0.00000   0.00709   0.04508   0.03777   0.00000   0.00707   0.00000   0.01419   0.48043   0.57084   0.92655  
113  0.0013   5255.709120  x:  0.05898   0.08838   1.04463   0.44402   0.17416   0.50733   0.14456   0.35269   0.17696   0.13619   0.34138   0.00000   0.00760   0.01085   0.29879   0.15725   0.14950   2.92473   0.00000   0.21341   1.35303   0.00000   0.06441   0.01978   0.00000   0.02561   0.12942   0.06082   0.06687   0.28028   0.07548   0.01406   0.13596   0.14383   0.14328   0.18306   0.20628   0.00000   0.08609   0.03045   0.02271   0.12718   0.09514   0.16018   0.00000   0.02352   0.02872   0.03978   0.01966   0.00638   0.02602   0.01304   0.01303   0.01012   0.00000   0.00000   0.00000   0.00709   0.04509   0.03775   0.00000   0.00708   0.00000   0.01419   0.48043   0.57081   0.92657  
114  0.0002   5255.709120  x:  0.05898   0.08839   1.04464   0.44401   0.17416   0.50733   0.14455   0.35269   0.17696   0.13619   0.34138   0.00000   0.00760   0.01085   0.29879   0.15725   0.14950   2.92472   0.00000   0.21341   1.35308   0.00000   0.06441   0.01978   0.00000   0.02561   0.12942   0.06082   0.06687   0.28028   0.07548   0.01406   0.13596   0.14383   0.14328   0.18307   0.20628   0.00000   0.08609   0.03045   0.02271   0.12718   0.09514   0.16018   0.00000   0.02352   0.02872   0.03978   0.01965   0.00638   0.02602   0.01305   0.01303   0.01012   0.00000   0.00000   0.00000   0.00709   0.04509   0.03775   0.00000   0.00708   0.00000   0.01419   0.48043   0.57080   0.92657  
115  0.0000   5255.709120  x:  0.05898   0.08839   1.04464   0.44401   0.17416   0.50733   0.14455   0.35269   0.17696   0.13619   0.34138   0.00000   0.00760   0.01085   0.29879   0.15725   0.14950   2.92472   0.00000   0.21341   1.35308   0.00000   0.06441   0.01978   0.00000   0.02561   0.12942   0.06082   0.06687   0.28027   0.07548   0.01406   0.13596   0.14384   0.14328   0.18307   0.20628   0.00000   0.08609   0.03045   0.02271   0.12718   0.09514   0.16018   0.00000   0.02352   0.02872   0.03978   0.01965   0.00638   0.02602   0.01305   0.01303   0.01012   0.00000   0.00000   0.00000   0.00709   0.04509   0.03775   0.00000   0.00708   0.00000   0.01419   0.48043   0.57080   0.92657  