

TREE # 1

  0  0.0000   2897.213671  x:  0.05626   0.10961   0.03817   0.01594   0.02880   0.09468   0.07411   0.01716   0.04023   0.06007   0.10782   0.10512   0.09562   0.10201   0.10827   0.01049   0.03067   0.07798   0.52947   0.42124   0.46302  
  1 99.0000   2567.576274  x:  0.12978   0.18313   0.24104   0.41789   0.15138   0.15813   0.04382   0.00000   0.05461   0.15113   0.12635   0.15695   0.14533   0.33879   0.10082   0.01839   0.01953   0.10445   0.52049   0.42909   0.46586  
  2 2398.4507   2548.695526  x:  0.17835   0.23170   0.30104   0.48110   0.17098   0.20285   0.00000   0.32341   0.05512   0.20388   0.13801   0.19033   0.17732   0.47102   0.08518   0.01035   0.01000   0.12808   0.50193   0.44190   0.47028  
  3 1185.3319   2494.679533  x:  0.29894   0.35229   0.32320   0.25647   0.08055   0.30599   0.00000   0.27570   0.00801   0.30576   0.15837   0.26684   0.24223   0.80883   0.02242   0.03500   0.11482   0.18534   0.37772   0.51205   0.49591  
  4 235.8482   2482.193338  x:  0.33116   0.38451   0.32959   0.16667   0.08834   0.33593   0.00000   0.25462   0.07225   0.32633   0.16500   0.28544   0.24549   0.93286   0.09109   0.00672   0.05803   0.17801   0.32161   0.54408   0.51074  
  5 248.4648   2478.301270  x:  0.33558   0.38893   0.32491   0.14847   0.09834   0.33746   0.00000   0.24917   0.06067   0.32181   0.16286   0.28618   0.23744   0.96658   0.08010   0.00717   0.01361   0.16749   0.30827   0.55690   0.51799  
  6 135.9950   2476.335742  x:  0.33029   0.38364   0.30516   0.13917   0.13398   0.32689   0.00000   0.25111   0.04856   0.29310   0.15731   0.27826   0.20240   1.01440   0.08618   0.01999   0.02260   0.13831   0.29786   0.58615   0.53701  
  7 59.3560   2475.590641  x:  0.32760   0.38096   0.29761   0.13836   0.14058   0.32210   0.00000   0.25111   0.04522   0.28227   0.15654   0.27615   0.18816   1.03167   0.08355   0.00613   0.02687   0.13275   0.29915   0.59835   0.54553  
  8 100.0003   2474.315472  x:  0.31635   0.36971   0.27711   0.14471   0.12260   0.30578   0.00000   0.25136   0.05628   0.25505   0.16253   0.27622   0.14547   1.07730   0.08108   0.00986   0.02377   0.14841   0.32785   0.64064   0.57807  
  9 50.4733   2473.861938  x:  0.29936   0.35271   0.28172   0.15075   0.10549   0.29592   0.00000   0.25237   0.04918   0.26478   0.15999   0.29389   0.14170   1.07950   0.08847   0.00909   0.02317   0.13852   0.32055   0.68114   0.61994  
 10 15.4576   2473.329167  x:  0.28211   0.33546   0.28681   0.14759   0.12117   0.29452   0.00000   0.25208   0.05917   0.27898   0.15803   0.31727   0.14686   1.06887   0.07628   0.01005   0.02465   0.14664   0.31903   0.74308   0.68960  
 11 30.3152   2472.904295  x:  0.29529   0.34864   0.28965   0.14820   0.12834   0.30857   0.00000   0.25117   0.04558   0.27326   0.15717   0.32184   0.15639   1.04897   0.08838   0.00815   0.02263   0.15207   0.33070   0.79697   0.76244  
 12 21.4377   2472.583871  x:  0.31278   0.36613   0.29055   0.15570   0.12113   0.31732   0.00000   0.25127   0.05539   0.26562   0.16186   0.30729   0.15971   1.03031   0.08058   0.00908   0.02294   0.14291   0.32059   0.83419   0.82518  
 13 25.9224   2472.438173  x:  0.31667   0.37003   0.29715   0.15551   0.12151   0.30773   0.00000   0.25144   0.05284   0.27166   0.16096   0.28301   0.15980   1.02723   0.08225   0.00864   0.02291   0.15218   0.31315   0.83934   0.85978  
 14 10.2532   2472.316155  x:  0.31658   0.36993   0.30490   0.15148   0.12102   0.30205   0.00000   0.25105   0.05420   0.27778   0.16019   0.26462   0.16762   1.03125   0.08037   0.00887   0.02338   0.14484   0.32377   0.83324   0.89265  
 15 11.2568   2471.979104  x:  0.30192   0.35527   0.30059   0.15380   0.11761   0.31428   0.00000   0.25001   0.05330   0.26097   0.15834   0.24717   0.19239   1.04749   0.08009   0.00870   0.02308   0.14755   0.32072   0.78069   0.99175  
 16  9.5284   2471.229984  x:  0.30327   0.35662   0.29067   0.15258   0.12310   0.31676   0.00000   0.24620   0.04759   0.26994   0.18148   0.26755   0.16464   1.06077   0.07858   0.00942   0.02234   0.14309   0.32089   0.64409   1.20108  
 17 20.5288   2470.989350  x:  0.30846   0.36181   0.29316   0.15163   0.12224   0.31137   0.00000   0.24517   0.05080   0.26737   0.15893   0.27977   0.15436   1.06430   0.07566   0.01003   0.02256   0.14295   0.32127   0.60307   1.26269  
 18 30.6475   2470.704018  x:  0.31582   0.36918   0.28539   0.15480   0.12534   0.28135   0.00000   0.24345   0.05148   0.25914   0.16338   0.29165   0.17078   1.06863   0.07472   0.00993   0.02169   0.14312   0.32008   0.59951   1.27873  
 19  2.0385   2465.077924  x:  0.31316   0.36652   0.22547   0.20177   0.14103   0.27752   0.00000   0.20870   0.03326   0.31080   0.12669   0.28080   0.16097   1.10728   0.05709   0.00985   0.00677   0.13137   0.33166   0.66884   1.39716  
 20  3.0296   2461.720243  x:  0.30284   0.35619   0.28967   0.20071   0.14785   0.27553   0.00000   0.19016   0.01908   0.28076   0.13772   0.28435   0.13640   1.12202   0.03980   0.01140   0.00215   0.12877   0.33142   0.70881   1.46238  
 21 41.2006   2456.693257  x:  0.29179   0.34514   0.34534   0.21713   0.15465   0.27314   0.00000   0.15351   0.00000   0.26436   0.14108   0.28858   0.10917   1.15307   0.01516   0.01241   0.01030   0.12459   0.33715   0.76870   1.60404  
 22  1.8506   2431.124423  x:  0.27945   0.33279   0.46306   0.28975   0.14084   0.29110   0.00000   0.00708   0.01033   0.25672   0.15440   0.31094   0.08389   1.27002   0.05729   0.01607   0.01835   0.14228   0.36153   0.91663   2.04361  
 23  0.6111   2430.360880  x:  0.28489   0.33823   0.45716   0.29095   0.13788   0.29441   0.00000   0.00282   0.01692   0.26320   0.15532   0.30839   0.09655   1.27818   0.05281   0.01622   0.01848   0.14269   0.35657   0.90533   2.05245  
 24  0.1644   2428.582536  x:  0.30212   0.35546   0.43561   0.28910   0.12819   0.30471   0.00000   0.00844   0.03965   0.28227   0.15915   0.29567   0.14039   1.29140   0.03988   0.01645   0.01876   0.14345   0.33731   0.85676   2.01424  
 25  1.1296   2427.072502  x:  0.32842   0.38176   0.41277   0.28926   0.12686   0.31237   0.00000   0.00751   0.02442   0.30568   0.16048   0.26620   0.16570   1.35856   0.05677   0.01360   0.01895   0.14212   0.30264   0.75586   1.94981  
 26  0.1302   2425.548653  x:  0.33693   0.39027   0.43832   0.29575   0.13403   0.31088   0.00000   0.00681   0.03991   0.29065   0.15087   0.26455   0.10733   1.52150   0.06252   0.00877   0.02221   0.14118   0.31134   0.65931   1.68519  
 27  0.1217   2424.863200  x:  0.33531   0.38865   0.45204   0.30488   0.13853   0.31482   0.00000   0.00656   0.03470   0.29667   0.15606   0.30609   0.12157   1.59781   0.06581   0.01352   0.02345   0.14492   0.31963   0.68181   1.36085  
 28  0.1878   2424.654925  x:  0.33721   0.39055   0.45780   0.31662   0.13350   0.31826   0.00000   0.00685   0.03284   0.30826   0.15875   0.29758   0.11354   1.63346   0.06108   0.01287   0.02357   0.14388   0.30879   0.70894   1.17222  
 29  0.0984   2424.578278  x:  0.33843   0.39176   0.46047   0.32186   0.13137   0.31633   0.00000   0.00730   0.02915   0.30369   0.15608   0.29112   0.11637   1.61720   0.05516   0.01237   0.02283   0.14312   0.31133   0.71350   1.22883  
 30  0.0319   2424.565157  x:  0.33927   0.39261   0.46504   0.32369   0.13313   0.31727   0.00000   0.00740   0.02810   0.30151   0.15757   0.29469   0.11575   1.62700   0.05426   0.01346   0.02288   0.14349   0.31168   0.69848   1.21909  
 31  0.0145   2424.563816  x:  0.33948   0.39282   0.46612   0.32364   0.13321   0.31739   0.00000   0.00743   0.02840   0.30263   0.15714   0.29484   0.11457   1.62761   0.05412   0.01358   0.02286   0.14359   0.31085   0.69452   1.23482  
 32  0.0106   2424.563269  x:  0.33944   0.39278   0.46740   0.32380   0.13293   0.31747   0.00000   0.00746   0.02828   0.30304   0.15727   0.29510   0.11464   1.62949   0.05428   0.01336   0.02280   0.14353   0.31115   0.69685   1.24164  
 33  0.0028   2424.563099  x:  0.33955   0.39288   0.46733   0.32369   0.13303   0.31751   0.00000   0.00746   0.02834   0.30257   0.15732   0.29480   0.11485   1.63042   0.05435   0.01343   0.02272   0.14356   0.31086   0.69769   1.24568  
 34  0.0018   2424.562992  x:  0.33956   0.39289   0.46678   0.32383   0.13310   0.31748   0.00000   0.00745   0.02834   0.30280   0.15728   0.29466   0.11475   1.63123   0.05429   0.01346   0.02260   0.14361   0.31110   0.69752   1.24532  
 35  0.0004   2424.562919  x:  0.33943   0.39276   0.46673   0.32380   0.13306   0.31747   0.00000   0.00745   0.02839   0.30272   0.15727   0.29522   0.11465   1.63089   0.05434   0.01343   0.02249   0.14348   0.31102   0.69719   1.24389  
 36  0.0005   2424.562897  x:  0.33946   0.39279   0.46703   0.32382   0.13302   0.31746   0.00000   0.00745   0.02836   0.30271   0.15729   0.29500   0.11467   1.63052   0.05436   0.01342   0.02245   0.14361   0.31100   0.69716   1.24297  
 37  0.0006   2424.562895  x:  0.33950   0.39283   0.46709   0.32381   0.13304   0.31746   0.00000   0.00745   0.02837   0.30273   0.15728   0.29489   0.11471   1.63044   0.05437   0.01343   0.02245   0.14356   0.31101   0.69720   1.24273  
 38  0.0002   2424.562895  x:  0.33951   0.39284   0.46708   0.32381   0.13304   0.31747   0.00000   0.00745   0.02838   0.30273   0.15728   0.29489   0.11473   1.63043   0.05437   0.01343   0.02245   0.14357   0.31101   0.69720   1.24272  
 39  0.0000   2424.562895  x:  0.33950   0.39284   0.46709   0.32381   0.13304   0.31747   0.00000   0.00745   0.02838   0.30273   0.15728   0.29489   0.11473   1.63043   0.05437   0.01343   0.02245   0.14357   0.31101   0.69720   1.24273  
 40  0.0000   2424.562895  x:  0.33950   0.39284   0.46709   0.32381   0.13304   0.31747   0.00000   0.00745   0.02838   0.30273   0.15728   0.29489   0.11473   1.63043   0.05437   0.01343   0.02245   0.14357   0.31101   0.69720   1.24272  
 41  0.0000   2424.562895  x:  0.33950   0.39284   0.46708   0.32381   0.13304   0.31747   0.00000   0.00745   0.02838   0.30273   0.15728   0.29489   0.11473   1.63043   0.05437   0.01343   0.02245   0.14357   0.31101   0.69720   1.24272  
 42  0.0000   2424.562895  x:  0.33950   0.39284   0.46709   0.32381   0.13304   0.31747   0.00000   0.00745   0.02838   0.30273   0.15728   0.29489   0.11473   1.63043   0.05437   0.01343   0.02245   0.14357   0.31101   0.69720   1.24272  
 43  0.0000   2424.562895  x:  0.33950   0.39284   0.46709   0.32381   0.13304   0.31747   0.00000   0.00745   0.02838   0.30273   0.15728   0.29489   0.11473   1.63043   0.05437   0.01343   0.02245   0.14357   0.31101   0.69720   1.24272  