

TREE # 1

  0  0.0000   3122.173375  x:  0.01802   0.02125   0.07149   0.05393   0.01787   0.10539   0.08678   0.06800   0.05998   0.05318   0.06045   0.03599   0.09816   0.02920   0.50273   0.51262  
  1 99.0000   2476.995868  x:  0.88032   0.88356   0.42042   0.38541   0.43711   0.23973   0.00976   0.00000   0.06904   0.36873   0.17441   0.40320   1.14149   0.67116   0.48044   0.52182  
  2 3169.9399   2474.983009  x:  0.88284   0.88607   0.42143   0.38635   0.43823   0.24019   0.00945   0.00656   0.06896   0.36963   0.17470   0.40422   1.14482   0.67302   0.48013   0.52187  
  3 3295.4576   2471.957532  x:  0.88156   0.88479   0.42064   0.38491   0.43476   0.24177   0.00000   0.00690   0.06595   0.36861   0.17353   0.40229   1.15175   0.67166   0.47317   0.52260  
  4 204.6303   2432.925244  x:  0.84212   0.84535   0.42077   0.38086   0.33598   0.24370   0.00000   0.01633   0.11959   0.37736   0.24500   0.34051   1.32251   0.62103   0.17061   0.54344  
  5 406.1939   2423.239671  x:  0.75926   0.76250   0.50829   0.46021   0.16269   0.22233   0.00000   0.01897   0.22901   0.41501   0.32890   0.24520   1.56594   0.51891   0.26087   0.60999  
  6 59.7745   2417.708010  x:  0.66669   0.66992   0.70346   0.62613   0.26344   0.19485   0.00000   0.01737   0.27877   0.41538   0.23325   0.13103   1.70710   0.37764   0.25504   0.62802  
  7 36.0702   2415.345112  x:  0.62985   0.63308   0.92536   0.59179   0.21497   0.25260   0.00000   0.00910   0.25274   0.40096   0.26400   0.12013   1.72372   0.37878   0.24415   0.51109  
  8  9.4937   2414.487460  x:  0.62553   0.62877   0.99119   0.56840   0.19396   0.20661   0.00000   0.00586   0.23054   0.40030   0.26685   0.11256   1.73199   0.38207   0.23889   0.48898  
  9 24.8706   2413.447271  x:  0.63101   0.63425   1.01310   0.52742   0.19484   0.21717   0.00000   0.00215   0.22812   0.41795   0.26599   0.08274   1.73467   0.37786   0.23622   0.54479  
 10  6.7730   2408.516594  x:  0.63393   0.63718   1.12949   0.39769   0.18706   0.22649   0.00000   0.00639   0.19779   0.39016   0.28168   0.00000   1.77704   0.36992   0.23307   0.65406  
 11  5.8035   2392.108364  x:  0.51675   0.52003   0.91851   0.59850   0.05495   0.26551   0.00000   0.00560   0.04169   0.34530   0.28569   0.00000   1.98876   0.37743   0.20249   0.73011  
 12 10.2463   2374.312496  x:  0.29709   0.30040   0.51526   0.56831   0.12056   0.27235   0.00000   0.00258   0.03172   0.29689   0.27793   0.20696   2.42549   0.38267   0.24055   0.61366  
 13 72.4197   2369.844712  x:  0.29125   0.29457   0.39835   0.52819   0.09095   0.28011   0.00000   0.00213   0.08471   0.33649   0.18730   0.19296   2.53368   0.30661   0.25124   0.51752  
 14 52.9074   2368.045040  x:  0.31086   0.31418   0.34770   0.50628   0.10461   0.28532   0.00000   0.00223   0.05224   0.35325   0.21723   0.18432   2.57809   0.22640   0.26442   0.46325  
 15 29.1048   2366.652774  x:  0.34685   0.35018   0.32790   0.49586   0.07675   0.29507   0.00000   0.00283   0.04201   0.32992   0.20626   0.24978   2.60055   0.21401   0.27188   0.42489  
 16 11.6440   2363.661471  x:  0.33769   0.34103   0.32283   0.40616   0.09299   0.30357   0.00000   0.00465   0.03100   0.30370   0.19060   0.10775   2.67793   0.36211   0.30018   0.35216  
 17  7.6100   2363.197029  x:  0.33075   0.33409   0.33879   0.39560   0.09253   0.30585   0.00000   0.00502   0.01736   0.34105   0.18154   0.11912   2.68013   0.36160   0.29966   0.34811  
 18  4.2798   2360.348384  x:  0.34396   0.34731   0.42555   0.33769   0.10034   0.30990   0.00000   0.00401   0.01889   0.28650   0.13981   0.14305   2.70620   0.25548   0.30540   0.35484  
 19  6.7241   2358.491249  x:  0.35903   0.36238   0.47067   0.29512   0.11844   0.31837   0.00000   0.00681   0.04209   0.32227   0.16134   0.17640   2.75210   0.24707   0.31000   0.38545  
 20  0.2399   2357.460133  x:  0.36426   0.36761   0.45890   0.32924   0.14235   0.32173   0.00000   0.00913   0.03060   0.30366   0.15343   0.19631   2.80689   0.24053   0.31400   0.47727  
 21  0.1983   2356.569684  x:  0.34269   0.34607   0.49184   0.32508   0.14193   0.32513   0.00000   0.01164   0.02436   0.28746   0.17902   0.22349   3.04312   0.18073   0.32760   0.42759  
 22  0.2097   2355.414990  x:  0.34969   0.35310   0.47221   0.30657   0.15652   0.31989   0.00000   0.01551   0.03132   0.31492   0.14106   0.24631   3.34092   0.17472   0.32759   0.34203  
 23  0.2590   2354.583080  x:  0.37703   0.38047   0.46183   0.29199   0.15045   0.31676   0.00000   0.01773   0.02208   0.30747   0.16381   0.21507   3.59975   0.22499   0.31649   0.33218  
 24  0.1802   2354.141054  x:  0.38553   0.38899   0.48234   0.33405   0.13917   0.31421   0.00000   0.01930   0.02844   0.31240   0.16647   0.19275   3.78228   0.22956   0.30699   0.28231  
 25  0.2588   2353.834164  x:  0.37270   0.37618   0.47419   0.32674   0.13069   0.31701   0.00000   0.01955   0.03132   0.30635   0.15329   0.18634   4.02877   0.22004   0.29797   0.26922  
 26  0.1691   2353.680767  x:  0.37138   0.37488   0.46945   0.32084   0.13497   0.31838   0.00000   0.01911   0.02998   0.30180   0.15423   0.19892   4.18514   0.21489   0.29564   0.22840  
 27  0.1893   2353.060136  x:  0.36934   0.37291   0.47717   0.31467   0.15824   0.32443   0.00000   0.01364   0.02049   0.30363   0.16485   0.24043   4.82428   0.20768   0.30442   0.19608  
 28  0.1870   2352.761186  x:  0.37056   0.37418   0.48344   0.31723   0.15335   0.32308   0.00000   0.01092   0.02373   0.30814   0.16344   0.22608   5.15150   0.21021   0.30491   0.15819  
 29  0.4244   2352.475879  x:  0.37445   0.37808   0.48709   0.32311   0.14209   0.31917   0.00000   0.00707   0.03040   0.31279   0.15886   0.19750   5.35555   0.21515   0.30460   0.15826  
 30  0.3366   2352.442525  x:  0.37753   0.38118   0.47791   0.32772   0.14023   0.31830   0.00000   0.00683   0.02913   0.30922   0.15567   0.19047   5.51153   0.22567   0.30175   0.14778  
 31  0.1089   2352.422752  x:  0.37792   0.38158   0.47397   0.32851   0.13968   0.31854   0.00000   0.00773   0.02821   0.30830   0.15533   0.18785   5.60178   0.23115   0.30144   0.14746  
 32  0.0656   2352.371302  x:  0.37525   0.37897   0.47359   0.32528   0.14006   0.31977   0.00000   0.00739   0.02730   0.30946   0.15797   0.18413   6.11025   0.23765   0.30414   0.12494  
 33  0.2561   2352.326261  x:  0.37335   0.37715   0.48148   0.32275   0.14247   0.31902   0.00000   0.00698   0.03021   0.31144   0.15919   0.18705   6.80190   0.22684   0.30614   0.10963  
 34  0.2427   2352.316162  x:  0.37373   0.37755   0.48103   0.32354   0.14227   0.31881   0.00000   0.00714   0.03020   0.31122   0.15871   0.18589   7.01087   0.22801   0.30563   0.10281  
 35  0.6333   2352.294475  x:  0.37638   0.38023   0.47672   0.32767   0.14049   0.31809   0.00000   0.00791   0.02900   0.30907   0.15616   0.18446   7.26552   0.23305   0.30216   0.09833  
 36  0.2606   2352.282715  x:  0.37555   0.37944   0.47700   0.32628   0.13996   0.31859   0.00000   0.00755   0.02832   0.30924   0.15705   0.18456   7.71009   0.23545   0.30248   0.08951  
 37  0.2360   2352.270512  x:  0.37459   0.37852   0.47828   0.32446   0.13956   0.31929   0.00000   0.00716   0.02786   0.31010   0.15819   0.18462   8.01461   0.23646   0.30336   0.08672  
 38  0.3153   2352.258602  x:  0.37472   0.37871   0.47914   0.32476   0.13948   0.31929   0.00000   0.00725   0.02816   0.31064   0.15801   0.18264   8.54776   0.23701   0.30344   0.07818  
 39  0.6920   2352.247404  x:  0.37586   0.37990   0.47859   0.32713   0.14041   0.31852   0.00000   0.00783   0.02934   0.31015   0.15648   0.18030   9.04496   0.23581   0.30281   0.07244  
 40  0.3540   2352.243547  x:  0.37595   0.37999   0.47796   0.32746   0.14071   0.31834   0.00000   0.00790   0.02949   0.30979   0.15628   0.18043   9.04285   0.23557   0.30271   0.07344  
 41  0.0048   2352.228548  x:  0.37485   0.37898   0.47562   0.32646   0.14110   0.31841   0.00000   0.00753   0.02892   0.30863   0.15707   0.18116   9.86908   0.23854   0.30297   0.06486  
 42  0.5296   2352.213167  x:  0.37402   0.37827   0.47766   0.32508   0.13949   0.31888   0.00000   0.00718   0.02801   0.31080   0.15831   0.17882  10.90344   0.24088   0.30375   0.05720  
 43  0.3630   2352.209120  x:  0.37409   0.37834   0.47820   0.32499   0.13930   0.31896   0.00000   0.00719   0.02798   0.31105   0.15832   0.17893  10.94226   0.24057   0.30376   0.05772  
 44  0.1394   2352.194689  x:  0.37511   0.37947   0.47871   0.32628   0.13999   0.31877   0.00000   0.00764   0.02889   0.31017   0.15701   0.17974  11.90834   0.23842   0.30303   0.05146  
 45  0.8348   2352.183201  x:  0.37585   0.38034   0.47656   0.32747   0.14133   0.31832   0.00000   0.00778   0.02954   0.30811   0.15602   0.18232  13.08515   0.23569   0.30206   0.04603  
 46  0.3840   2352.180216  x:  0.37575   0.38024   0.47637   0.32744   0.14133   0.31829   0.00000   0.00775   0.02951   0.30813   0.15612   0.18231  13.13795   0.23572   0.30212   0.04632  
 47  0.1629   2352.169358  x:  0.37465   0.37926   0.47742   0.32633   0.14011   0.31855   0.00000   0.00751   0.02879   0.30990   0.15739   0.18040  14.19647   0.23791   0.30305   0.04183  
 48  1.1046   2352.162393  x:  0.37415   0.37889   0.47870   0.32558   0.13936   0.31884   0.00000   0.00743   0.02843   0.31098   0.15775   0.17840  15.35015   0.24031   0.30376   0.03815  
 49  0.4359   2352.159470  x:  0.37418   0.37893   0.47895   0.32549   0.13933   0.31891   0.00000   0.00743   0.02842   0.31106   0.15770   0.17806  15.49265   0.24073   0.30381   0.03814  
 50  0.3895   2352.152707  x:  0.37478   0.37965   0.47801   0.32618   0.14027   0.31875   0.00000   0.00757   0.02882   0.30989   0.15706   0.17922  16.61575   0.23930   0.30312   0.03493  
 51  1.0800   2352.149480  x:  0.37497   0.37994   0.47712   0.32671   0.14080   0.31854   0.00000   0.00761   0.02907   0.30908   0.15685   0.18075  17.51453   0.23739   0.30255   0.03285  
 52  0.5557   2352.147286  x:  0.37500   0.37999   0.47670   0.32696   0.14095   0.31841   0.00000   0.00761   0.02917   0.30877   0.15682   0.18170  17.72909   0.23624   0.30231   0.03270  
 53  0.4274   2352.143138  x:  0.37454   0.37966   0.47745   0.32656   0.14031   0.31849   0.00000   0.00755   0.02897   0.30952   0.15718   0.18151  18.90605   0.23659   0.30276   0.03021  
 54  1.0017   2352.140314  x:  0.37419   0.37943   0.47876   0.32574   0.13937   0.31876   0.00000   0.00749   0.02859   0.31073   0.15748   0.17979  19.97080   0.23889   0.30366   0.02842  
 55  0.4891   2352.139443  x:  0.37428   0.37951   0.47867   0.32576   0.13947   0.31878   0.00000   0.00750   0.02861   0.31065   0.15742   0.17961  19.97704   0.23908   0.30364   0.02857  
 56  0.0127   2352.136436  x:  0.37469   0.38004   0.47757   0.32634   0.14033   0.31864   0.00000   0.00757   0.02889   0.30963   0.15705   0.18032  21.08894   0.23801   0.30301   0.02680  
 57  1.0840   2352.135526  x:  0.37461   0.38004   0.47735   0.32647   0.14053   0.31861   0.00000   0.00757   0.02896   0.30942   0.15703   0.18051  21.86084   0.23768   0.30283   0.02570  
 58  0.8203   2352.132087  x:  0.37348   0.37923   0.47663   0.32727   0.14136   0.31831   0.00000   0.00753   0.02929   0.30850   0.15735   0.18240  24.94845   0.23479   0.30165   0.02242  
 59  0.6748   2352.131520  x:  0.37346   0.37924   0.47671   0.32724   0.14133   0.31832   0.00000   0.00753   0.02928   0.30855   0.15736   0.18237  25.30872   0.23484   0.30169   0.02199  
 60  3.7794   2352.128985  x:  0.37411   0.37994   0.47822   0.32618   0.14015   0.31862   0.00000   0.00754   0.02883   0.30996   0.15722   0.18053  25.75063   0.23779   0.30305   0.02156  
 61  0.4375   2352.128383  x:  0.37468   0.38056   0.47732   0.32623   0.14010   0.31868   0.00000   0.00756   0.02887   0.30960   0.15706   0.18079  26.31316   0.23751   0.30316   0.02115  
 62  0.1421   2352.127620  x:  0.37484   0.38082   0.47687   0.32630   0.14009   0.31870   0.00000   0.00756   0.02890   0.30943   0.15700   0.18107  27.28549   0.23718   0.30319   0.02026  
 63  1.5559   2352.127394  x:  0.37462   0.38066   0.47700   0.32634   0.14010   0.31869   0.00000   0.00756   0.02891   0.30951   0.15706   0.18119  27.78288   0.23704   0.30318   0.01984  
 64  1.0301   2352.126739  x:  0.37336   0.37945   0.47833   0.32642   0.14020   0.31858   0.00000   0.00754   0.02891   0.31011   0.15743   0.18129  28.42334   0.23687   0.30299   0.01938  
 65  0.4629   2352.125833  x:  0.37460   0.38082   0.47777   0.32604   0.14024   0.31857   0.00000   0.00753   0.02879   0.30951   0.15700   0.18038  29.65519   0.23790   0.30288   0.01852  
 66  0.3145   2352.125529  x:  0.37441   0.38066   0.47786   0.32612   0.14027   0.31861   0.00000   0.00755   0.02884   0.30958   0.15706   0.18045  29.98231   0.23781   0.30291   0.01836  
 67  0.2958   2352.124847  x:  0.37393   0.38031   0.47804   0.32627   0.14031   0.31867   0.00000   0.00756   0.02892   0.30975   0.15719   0.18070  31.29079   0.23748   0.30297   0.01748  
 68  2.7981   2352.124758  x:  0.37385   0.38027   0.47799   0.32630   0.14029   0.31867   0.00000   0.00756   0.02891   0.30978   0.15721   0.18081  31.69217   0.23737   0.30300   0.01723  
 69  0.9391   2352.124227  x:  0.37348   0.38002   0.47721   0.32641   0.13993   0.31859   0.00000   0.00749   0.02882   0.30998   0.15739   0.18194  32.78570   0.23627   0.30322   0.01668  
 70  0.4822   2352.123867  x:  0.37363   0.38025   0.47728   0.32639   0.13994   0.31858   0.00000   0.00751   0.02885   0.30990   0.15732   0.18193  33.66263   0.23627   0.30320   0.01618  
 71  1.1461   2352.123736  x:  0.37382   0.38049   0.47754   0.32634   0.14003   0.31858   0.00000   0.00754   0.02889   0.30978   0.15722   0.18168  34.20330   0.23650   0.30313   0.01589  
 72  0.9394   2352.123574  x:  0.37411   0.38079   0.47801   0.32625   0.14023   0.31860   0.00000   0.00759   0.02895   0.30962   0.15708   0.18107  34.20416   0.23710   0.30298   0.01591  
 73  0.0023   2352.123197  x:  0.37347   0.38027   0.47802   0.32616   0.14035   0.31869   0.00000   0.00750   0.02878   0.30987   0.15732   0.18069  35.46495   0.23754   0.30289   0.01531  
 74  0.2850   2352.122945  x:  0.37359   0.38048   0.47788   0.32625   0.14026   0.31867   0.00000   0.00754   0.02886   0.30980   0.15723   0.18075  36.40405   0.23741   0.30299   0.01488  
 75  0.5697   2352.122732  x:  0.37387   0.38082   0.47759   0.32640   0.14010   0.31861   0.00000   0.00759   0.02898   0.30966   0.15710   0.18113  37.00880   0.23695   0.30316   0.01466  
 76  0.7447   2352.122593  x:  0.37385   0.38086   0.47757   0.32639   0.14010   0.31860   0.00000   0.00759   0.02898   0.30965   0.15711   0.18125  37.61354   0.23685   0.30316   0.01440  
 77  1.4561   2352.122560  x:  0.37383   0.38089   0.47756   0.32638   0.14009   0.31860   0.00000   0.00759   0.02898   0.30965   0.15711   0.18131  37.93971   0.23680   0.30316   0.01426  
 78 37.1195   2352.122497  x:  0.37365   0.38074   0.47772   0.32627   0.14019   0.31860   0.00000   0.00755   0.02889   0.30973   0.15721   0.18140  38.26588   0.23682   0.30305   0.01412  
 79  0.3377   2352.122468  x:  0.37357   0.38064   0.47786   0.32620   0.14024   0.31861   0.00000   0.00753   0.02884   0.30978   0.15726   0.18136  38.11620   0.23688   0.30298   0.01419  
 80  0.1596   2352.122402  x:  0.37369   0.38078   0.47794   0.32629   0.14014   0.31862   0.00000   0.00756   0.02892   0.30974   0.15715   0.18119  38.23909   0.23689   0.30301   0.01416  
 81  0.0330   2352.122199  x:  0.37359   0.38080   0.47771   0.32627   0.14020   0.31863   0.00000   0.00755   0.02889   0.30970   0.15720   0.18137  39.42319   0.23688   0.30306   0.01369  
 82  0.2871   2352.122058  x:  0.37349   0.38080   0.47775   0.32625   0.14023   0.31864   0.00000   0.00754   0.02887   0.30974   0.15723   0.18131  40.30437   0.23692   0.30303   0.01337  
 83  0.5507   2352.121962  x:  0.37333   0.38075   0.47796   0.32621   0.14026   0.31863   0.00000   0.00752   0.02884   0.30984   0.15726   0.18107  41.18555   0.23704   0.30295   0.01311  
 84  0.7085   2352.121703  x:  0.37329   0.38085   0.47800   0.32622   0.14024   0.31862   0.00000   0.00753   0.02886   0.30983   0.15724   0.18106  42.42946   0.23702   0.30295   0.01268  
 85  2.1334   2352.121698  x:  0.37328   0.38086   0.47799   0.32622   0.14024   0.31862   0.00000   0.00753   0.02886   0.30983   0.15724   0.18106  42.58240   0.23702   0.30295   0.01263  
 86  4.0207   2352.121662  x:  0.37338   0.38100   0.47783   0.32626   0.14020   0.31862   0.00000   0.00755   0.02890   0.30972   0.15719   0.18129  42.99865   0.23688   0.30303   0.01249  
 87  0.3965   2352.121629  x:  0.37346   0.38107   0.47771   0.32630   0.14016   0.31862   0.00000   0.00756   0.02893   0.30966   0.15716   0.18147  42.90650   0.23675   0.30308   0.01253  
 88  0.0755   2352.121595  x:  0.37332   0.38096   0.47789   0.32625   0.14020   0.31862   0.00000   0.00754   0.02887   0.30980   0.15723   0.18129  43.06398   0.23679   0.30299   0.01249  
 89  0.0727   2352.121502  x:  0.37331   0.38105   0.47783   0.32625   0.14021   0.31863   0.00000   0.00755   0.02890   0.30969   0.15719   0.18136  43.98324   0.23688   0.30303   0.01221  
 90  0.2081   2352.121294  x:  0.37322   0.38121   0.47780   0.32631   0.14015   0.31860   0.00000   0.00754   0.02887   0.30989   0.15723   0.18130  45.97540   0.23655   0.30301   0.01166  
 91  0.2490   2352.121289  x:  0.37321   0.38120   0.47781   0.32630   0.14016   0.31860   0.00000   0.00754   0.02887   0.30986   0.15723   0.18132  45.94947   0.23658   0.30301   0.01167  
 92  0.1120   2352.121221  x:  0.37310   0.38119   0.47785   0.32622   0.14022   0.31864   0.00000   0.00755   0.02891   0.30963   0.15719   0.18153  46.76581   0.23685   0.30304   0.01145  
 93  1.0125   2352.121221  x:  0.37308   0.38119   0.47785   0.32621   0.14022   0.31864   0.00000   0.00755   0.02891   0.30961   0.15719   0.18155  46.84414   0.23688   0.30304   0.01143  
 94 169.1708   2352.121221  x:  0.37308   0.38119   0.47786   0.32620   0.14023   0.31864   0.00000   0.00755   0.02891   0.30960   0.15719   0.18156  46.87005   0.23690   0.30304   0.01143  
 95  0.3014   2352.121220  x:  0.37308   0.38119   0.47786   0.32620   0.14023   0.31865   0.00000   0.00755   0.02892   0.30959   0.15718   0.18156  46.86852   0.23692   0.30304   0.01143  
 96  0.0061   2352.121220  x:  0.37308   0.38119   0.47786   0.32620   0.14023   0.31865   0.00000   0.00755   0.02892   0.30959   0.15718   0.18156  46.86852   0.23692   0.30304   0.01143  
 97  0.0103   2352.121216  x:  0.37310   0.38121   0.47785   0.32623   0.14021   0.31863   0.00000   0.00754   0.02890   0.30967   0.15719   0.18149  46.86137   0.23683   0.30301   0.01143  
 98  0.0032   2352.121205  x:  0.37313   0.38123   0.47784   0.32625   0.14020   0.31862   0.00000   0.00755   0.02890   0.30973   0.15720   0.18140  46.81354   0.23679   0.30301   0.01144  
 99  0.0146   2352.121205  x:  0.37313   0.38123   0.47784   0.32625   0.14020   0.31862   0.00000   0.00755   0.02890   0.30973   0.15720   0.18140  46.81354   0.23679   0.30301   0.01144  
100  0.0111   2352.121205  x:  0.37313   0.38123   0.47784   0.32625   0.14020   0.31862   0.00000   0.00755   0.02890   0.30973   0.15720   0.18140  46.81354   0.23679   0.30301   0.01144  
101  0.0126   2352.121205  x:  0.37313   0.38123   0.47784   0.32625   0.14020   0.31862   0.00000   0.00755   0.02890   0.30973   0.15720   0.18140  46.81354   0.23679   0.30301   0.01145  
102  0.6653   2352.121205  x:  0.37313   0.38123   0.47784   0.32625   0.14020   0.31862   0.00000   0.00755   0.02889   0.30973   0.15721   0.18139  46.81354   0.23678   0.30302   0.01145  
103  0.0132   2352.121205  x:  0.37313   0.38123   0.47784   0.32625   0.14020   0.31862   0.00000   0.00755   0.02889   0.30974   0.15721   0.18139  46.81354   0.23678   0.30302   0.01145  
104  0.1031   2352.121205  x:  0.37313   0.38123   0.47784   0.32625   0.14020   0.31862   0.00000   0.00755   0.02889   0.30974   0.15721   0.18138  46.81354   0.23677   0.30303   0.01145  
105  0.0133   2352.121205  x:  0.37313   0.38123   0.47784   0.32625   0.14020   0.31862   0.00000   0.00755   0.02889   0.30974   0.15721   0.18138  46.81354   0.23676   0.30302   0.01145  
106  0.0041   2352.121205  x:  0.37313   0.38123   0.47784   0.32626   0.14020   0.31862   0.00000   0.00755   0.02889   0.30974   0.15721   0.18138  46.81354   0.23676   0.30302   0.01145  
107  0.0008   2352.121205  x:  0.37313   0.38123   0.47784   0.32626   0.14020   0.31862   0.00000   0.00755   0.02889   0.30974   0.15721   0.18138  46.81354   0.23676   0.30302   0.01145  
108  0.0013   2352.121205  x:  0.37313   0.38123   0.47784   0.32626   0.14020   0.31862   0.00000   0.00755   0.02889   0.30974   0.15721   0.18138  46.81354   0.23676   0.30302   0.01145  
109  0.0009   2352.121205  x:  0.37313   0.38123   0.47784   0.32626   0.14020   0.31862   0.00000   0.00755   0.02889   0.30974   0.15721   0.18138  46.81354   0.23676   0.30302   0.01145  
110  0.0012   2352.121205  x:  0.37313   0.38123   0.47784   0.32626   0.14020   0.31862   0.00000   0.00755   0.02889   0.30974   0.15721   0.18138  46.81354   0.23676   0.30302   0.01145  
111  0.0005   2352.121205  x:  0.37313   0.38123   0.47784   0.32626   0.14020   0.31862   0.00000   0.00755   0.02889   0.30974   0.15721   0.18138  46.81354   0.23676   0.30302   0.01145  
check convergence!
