

TREE # 1

  0  0.0000   2923.372845  x:  0.09978   0.10185   0.05476   0.02275   0.10610   0.07896   0.08413   0.02966   0.08448   0.09057   0.09798   0.02669   0.03006   0.05778   0.04165   0.58016   0.49146   0.58943  
  1 99.0000   2403.476222  x:  0.26022   0.20561   0.17297   0.50102   0.05407   0.03454   0.09476   0.45582   0.13786   0.22502   0.23793   1.27045   0.07355   0.12498   0.57814   0.55829   0.49896   0.59088  
  2 3452.5773   2392.249247  x:  0.27504   0.21899   0.16998   0.48912   0.01181   0.00000   0.07598   0.44496   0.13818   0.22767   0.23663   1.27519   0.06367   0.12257   0.58510   0.53776   0.50105   0.59202  
  3 210.8675   2389.335432  x:  0.27939   0.22291   0.16910   0.48560   0.00000   0.00097   0.07045   0.44173   0.13829   0.22845   0.23623   1.27658   0.06080   0.12189   0.58715   0.53166   0.50168   0.59236  
  4 560.1809   2373.681447  x:  0.33434   0.25590   0.16099   0.37737   0.00000   0.00057   0.00000   0.38043   0.15747   0.23638   0.22137   1.31682   0.07175   0.15235   0.62859   0.37675   0.51666   0.60081  
  5 135.5512   2369.190004  x:  0.36284   0.27108   0.16356   0.31809   0.00000   0.00120   0.03977   0.34701   0.17006   0.24095   0.21228   1.33759   0.06571   0.15658   0.65113   0.29177   0.52634   0.60647  
  6 201.0563   2368.448721  x:  0.37312   0.27473   0.16297   0.30264   0.00000   0.00064   0.04354   0.33409   0.16606   0.24380   0.20769   1.34390   0.04500   0.14056   0.66325   0.29615   0.53292   0.61068  
  7 36.0516   2368.009864  x:  0.37925   0.26859   0.16222   0.27516   0.00000   0.00090   0.04669   0.31815   0.15967   0.24607   0.19741   1.35306   0.05274   0.13648   0.68242   0.31573   0.54636   0.61969  
  8 25.4065   2367.724451  x:  0.38002   0.26322   0.16084   0.29329   0.00000   0.00083   0.04734   0.30112   0.15929   0.24498   0.16782   1.34492   0.05606   0.13587   0.70741   0.31408   0.58594   0.64955  
  9  8.5626   2367.366419  x:  0.37511   0.25941   0.16398   0.29219   0.00000   0.00098   0.04429   0.32022   0.17655   0.26426   0.16528   1.32491   0.04739   0.13904   0.73499   0.31270   0.65915   0.71116  
 10 12.1504   2367.119982  x:  0.37633   0.27122   0.16453   0.29497   0.00000   0.00093   0.04577   0.32865   0.15517   0.27425   0.17739   1.31502   0.05051   0.13993   0.74167   0.30906   0.70931   0.75933  
 11 19.1483   2366.747076  x:  0.37480   0.28127   0.15177   0.29649   0.00000   0.00108   0.04379   0.31978   0.16061   0.24484   0.19813   1.33499   0.05249   0.12570   0.70502   0.30887   0.77474   0.84983  
 12  9.7626   2366.604056  x:  0.38832   0.28316   0.16003   0.29863   0.00000   0.00109   0.04404   0.31326   0.16190   0.23704   0.20120   1.34142   0.04382   0.14101   0.68724   0.31477   0.78940   0.88706  
 13 12.3061   2366.457250  x:  0.40709   0.26584   0.16174   0.30051   0.00000   0.00121   0.04164   0.31830   0.15518   0.24181   0.19417   1.34450   0.04120   0.13686   0.67403   0.31076   0.77966   0.92658  
 14  6.1802   2366.203682  x:  0.43465   0.27865   0.16039   0.30786   0.00000   0.00117   0.04186   0.31960   0.16389   0.25964   0.18171   1.34007   0.05181   0.12540   0.66613   0.31471   0.74087   0.99652  
 15 11.8448   2365.644537  x:  0.42229   0.30156   0.14037   0.31230   0.00000   0.00152   0.04031   0.31518   0.15783   0.27611   0.15998   1.33691   0.03596   0.13303   0.68160   0.31377   0.63666   1.14032  
 16 17.9536   2365.529410  x:  0.41807   0.30076   0.15668   0.31602   0.00000   0.00163   0.03698   0.30664   0.15826   0.27252   0.16872   1.33219   0.03597   0.12692   0.69364   0.31097   0.61293   1.16842  
 17 10.8075   2365.466561  x:  0.42894   0.29629   0.15038   0.32066   0.00000   0.00162   0.03767   0.30395   0.16027   0.25984   0.18338   1.32381   0.03601   0.12838   0.70943   0.31104   0.60175   1.17741  
 18  4.7795   2365.440318  x:  0.43394   0.29900   0.15209   0.31934   0.00000   0.00164   0.03745   0.31068   0.15925   0.24714   0.18240   1.31991   0.03613   0.12756   0.71570   0.31087   0.59987   1.17604  
 19  3.2050   2365.062149  x:  0.45594   0.31355   0.14800   0.32817   0.00000   0.00204   0.03074   0.30201   0.15898   0.24782   0.18236   1.31262   0.03118   0.12694   0.72584   0.30506   0.70285   0.93810  
 20  1.1165   2364.871089  x:  0.46267   0.31805   0.14673   0.31884   0.00000   0.00235   0.02476   0.29659   0.16002   0.24912   0.17743   1.31559   0.03921   0.13188   0.73308   0.29777   0.69917   1.02929  
 21  0.1356   2364.647703  x:  0.46195   0.31875   0.14322   0.32010   0.00000   0.00356   0.02551   0.30370   0.15640   0.25558   0.17495   1.31930   0.03956   0.13429   0.73149   0.31681   0.69526   1.09801  
 22  0.0264   2364.410416  x:  0.45984   0.31118   0.14707   0.31248   0.00000   0.00534   0.02758   0.30029   0.16436   0.24964   0.17773   1.33474   0.03474   0.13230   0.73246   0.30104   0.69771   1.09925  
 23  0.0095   2364.333367  x:  0.46011   0.31404   0.14645   0.32148   0.00000   0.00666   0.02893   0.30138   0.15849   0.25267   0.17568   1.33878   0.04049   0.13023   0.73407   0.30381   0.69828   1.04096  
 24  0.0337   2364.310957  x:  0.46052   0.31498   0.14586   0.31769   0.00000   0.00761   0.02778   0.30179   0.15989   0.25267   0.17484   1.34665   0.03724   0.13350   0.73596   0.30518   0.68988   1.05881  
 25  0.0131   2364.308180  x:  0.46050   0.31418   0.14619   0.31846   0.00000   0.00795   0.02798   0.30174   0.16014   0.25222   0.17539   1.34992   0.03811   0.13172   0.73617   0.30421   0.69026   1.05340  
 26  0.0042   2364.303652  x:  0.46099   0.31477   0.14638   0.31937   0.00000   0.00817   0.02828   0.30226   0.15940   0.25379   0.17324   1.35807   0.03754   0.13386   0.73790   0.30478   0.69109   1.06296  
 27  0.0017   2364.292759  x:  0.46202   0.31499   0.14554   0.32029   0.00000   0.00763   0.02759   0.30290   0.16020   0.25455   0.17167   1.37640   0.03762   0.13242   0.74178   0.30432   0.69043   1.07310  
 28  0.0051   2364.291710  x:  0.46148   0.31472   0.14624   0.31987   0.00000   0.00743   0.02788   0.30281   0.16008   0.25384   0.17260   1.37599   0.03773   0.13244   0.74143   0.30406   0.68702   1.05972  
 29  0.0104   2364.291633  x:  0.46146   0.31475   0.14612   0.31982   0.00000   0.00748   0.02786   0.30282   0.16005   0.25389   0.17250   1.37665   0.03769   0.13251   0.74141   0.30416   0.68542   1.05605  
 30  0.0033   2364.291632  x:  0.46146   0.31475   0.14611   0.31982   0.00000   0.00748   0.02785   0.30282   0.16006   0.25389   0.17249   1.37674   0.03770   0.13251   0.74143   0.30417   0.68537   1.05618  
 31  0.0002   2364.291632  x:  0.46146   0.31475   0.14611   0.31982   0.00000   0.00748   0.02785   0.30282   0.16006   0.25389   0.17249   1.37674   0.03770   0.13251   0.74143   0.30417   0.68537   1.05618  
 32  0.0000   2364.291632  x:  0.46146   0.31475   0.14611   0.31982   0.00000   0.00748   0.02785   0.30282   0.16006   0.25389   0.17249   1.37674   0.03770   0.13251   0.74143   0.30417   0.68537   1.05618  