

TREE # 1

  0  0.0000   2759.798033  x:  0.08633   0.01765   0.01482   0.02130   0.05890   0.06616   0.01099   0.05895   0.10097   0.02514   0.09537   0.01103   0.10580   0.10455   0.58879   0.55227  
  1 99.0000   2453.388779  x:  0.14271   0.07403   0.19078   0.14098   0.08103   0.10197   0.00000   0.04916   0.09978   0.11572   0.10657   0.14093   0.13108   0.17386   0.58630   0.55365  
  2 3317.7046   2376.696866  x:  0.20749   0.13881   0.13065   0.12884   0.12044   0.18381   0.00000   0.00000   0.08562   0.14453   0.12852   0.10696   0.18179   0.35123   0.56931   0.56218  
  3 558.5183   2376.696866  x:  0.20749   0.13881   0.13065   0.12884   0.12044   0.18381   0.00000   0.00000   0.08562   0.14453   0.12852   0.10696   0.18179   0.35123   0.56931   0.56218  
  4 12983.9379   2370.178183  x:  0.20749   0.13881   0.13066   0.12884   0.12044   0.18381   0.00018   0.00760   0.08562   0.14453   0.12852   0.10697   0.18179   0.35123   0.56931   0.56218  
  5 218799.3294   2369.950191  x:  0.20764   0.13896   0.13089   0.12904   0.12051   0.18391   0.00000   0.00761   0.08557   0.14469   0.12857   0.10713   0.18189   0.35149   0.56926   0.56220  
  6 401.5740   2359.819631  x:  0.23062   0.16194   0.08853   0.09243   0.11842   0.21626   0.00000   0.00803   0.05375   0.15478   0.12959   0.08438   0.19418   0.47800   0.51690   0.57969  
  7 138.7674   2357.510906  x:  0.21642   0.14774   0.10112   0.10953   0.11433   0.21470   0.00000   0.00812   0.05412   0.12460   0.12509   0.06847   0.18910   0.51780   0.47270   0.59363  
  8 73.3601   2356.547584  x:  0.20391   0.13523   0.10911   0.09926   0.11038   0.20662   0.00000   0.00814   0.06536   0.12996   0.12797   0.08238   0.18471   0.52962   0.43423   0.60797  
  9 50.9468   2356.109601  x:  0.20475   0.13608   0.10024   0.10881   0.11329   0.20169   0.00000   0.00815   0.06786   0.13971   0.13028   0.08225   0.17885   0.52586   0.40976   0.62253  
 10 32.6388   2355.561484  x:  0.21835   0.14968   0.10540   0.10300   0.11758   0.20055   0.00000   0.00813   0.06111   0.13482   0.12719   0.08110   0.17660   0.51169   0.38317   0.65429  
 11 25.6431   2353.014202  x:  0.21283   0.14420   0.09588   0.11073   0.11402   0.25088   0.00000   0.00797   0.05638   0.12465   0.13726   0.09725   0.22012   0.48860   0.37454   0.87878  
 12 22.6919   2349.573823  x:  0.20915   0.14057   0.12527   0.10650   0.11026   0.25861   0.00000   0.00775   0.06423   0.15861   0.14056   0.06050   0.22280   0.49026   0.40094   1.16173  
 13 123.8568   2342.609821  x:  0.22659   0.15812   0.12769   0.11909   0.11765   0.17967   0.00000   0.00729   0.06531   0.15819   0.11903   0.10413   0.16343   0.54202   0.49495   1.71921  
 14 190.7145   2341.942509  x:  0.22684   0.15839   0.13014   0.11597   0.13846   0.19144   0.00000   0.00725   0.06922   0.15257   0.13993   0.10694   0.14271   0.54637   0.49962   1.73386  
 15 15.0352   2329.786306  x:  0.22540   0.15714   0.15351   0.13391   0.12326   0.23950   0.00000   0.00682   0.00765   0.18151   0.13691   0.12759   0.12411   0.57750   0.48215   1.58970  
 16  7.1231   2288.707794  x:  0.33523   0.26807   0.22798   0.22502   0.05563   0.48771   0.00000   0.00446   0.08977   0.26184   0.06484   0.19154   0.14406   0.78151   0.38588   0.77903  
 17 392.0710   2271.600246  x:  0.37488   0.30816   0.25557   0.24974   0.10466   0.42852   0.00000   0.00362   0.08130   0.27056   0.18559   0.18102   0.31175   0.87281   0.34474   0.44025  
 18 206.6483   2270.867924  x:  0.36710   0.30041   0.25612   0.24715   0.14719   0.42685   0.00000   0.00380   0.07876   0.27654   0.15915   0.18083   0.32714   0.87727   0.34304   0.43167  
 19 26.6904   2265.999153  x:  0.38146   0.31496   0.27386   0.25869   0.16060   0.39624   0.00000   0.02564   0.07788   0.28531   0.18512   0.18765   0.35202   0.93011   0.36125   0.83677  
 20  1.9026   2262.573614  x:  0.38556   0.31922   0.29169   0.26835   0.17635   0.37233   0.00000   0.00458   0.07135   0.29479   0.18413   0.19495   0.35214   0.99241   0.36099   1.00438  
 21  0.3460   2256.333672  x:  0.41669   0.35108   0.37967   0.32702   0.15526   0.34000   0.00000   0.01897   0.04403   0.33816   0.17730   0.23883   0.28199   1.27213   0.30079   0.87962  
 22  0.2177   2254.333077  x:  0.42322   0.35782   0.41248   0.34393   0.14269   0.33755   0.00000   0.01209   0.03113   0.34269   0.16363   0.25968   0.21742   1.36702   0.36623   0.81167  
 23  0.1151   2253.785031  x:  0.41464   0.34922   0.42029   0.34274   0.13567   0.33722   0.00000   0.00607   0.03115   0.33623   0.15685   0.26373   0.18204   1.37830   0.35588   0.74971  
 24  0.0635   2253.609366  x:  0.40840   0.34293   0.42026   0.33835   0.13448   0.33692   0.00000   0.00869   0.03455   0.32856   0.15683   0.26266   0.17674   1.36704   0.34730   0.68268  
 25  0.0715   2253.491794  x:  0.40215   0.33666   0.42767   0.33384   0.14295   0.32288   0.00000   0.00725   0.03695   0.31772   0.16091   0.26329   0.18512   1.36808   0.34699   0.65563  
 26  0.0176   2253.447255  x:  0.40324   0.33781   0.43875   0.33490   0.14360   0.32481   0.00000   0.00790   0.03697   0.31579   0.16292   0.26862   0.18400   1.38366   0.35423   0.66401  
 27  0.0110   2253.420948  x:  0.40070   0.33529   0.44956   0.33317   0.14134   0.32972   0.00000   0.00766   0.03748   0.31214   0.16213   0.27362   0.17572   1.39062   0.35049   0.65781  
 28  0.0090   2253.411694  x:  0.40036   0.33495   0.45150   0.33090   0.14156   0.33023   0.00000   0.00781   0.03702   0.31209   0.16202   0.27392   0.18011   1.38398   0.34812   0.67808  
 29  0.0125   2253.405445  x:  0.40000   0.33458   0.45315   0.32816   0.14032   0.32986   0.00000   0.00778   0.03620   0.31186   0.16105   0.27396   0.18078   1.37382   0.35031   0.67569  
 30  0.0044   2253.403126  x:  0.40118   0.33576   0.45558   0.32816   0.14082   0.32859   0.00000   0.00768   0.03631   0.31396   0.16135   0.27421   0.17931   1.37131   0.34922   0.67515  
 31  0.0013   2253.402862  x:  0.40134   0.33593   0.45584   0.32810   0.14111   0.32898   0.00000   0.00777   0.03657   0.31412   0.16149   0.27406   0.17960   1.37017   0.34950   0.67629  
 32  0.0013   2253.402667  x:  0.40109   0.33567   0.45635   0.32842   0.14124   0.32906   0.00000   0.00772   0.03661   0.31379   0.16135   0.27295   0.17965   1.36889   0.34949   0.67694  
 33  0.0002   2253.402595  x:  0.40124   0.33583   0.45659   0.32874   0.14105   0.32896   0.00000   0.00777   0.03649   0.31385   0.16148   0.27262   0.17991   1.36923   0.34952   0.67699  
 34  0.0004   2253.402585  x:  0.40127   0.33585   0.45673   0.32879   0.14099   0.32904   0.00000   0.00775   0.03652   0.31383   0.16148   0.27248   0.18009   1.36915   0.34947   0.67664  
 35  0.0002   2253.402584  x:  0.40128   0.33587   0.45669   0.32878   0.14100   0.32904   0.00000   0.00775   0.03652   0.31386   0.16144   0.27250   0.18012   1.36924   0.34947   0.67654  
 36  0.0001   2253.402583  x:  0.40127   0.33585   0.45674   0.32875   0.14099   0.32902   0.00000   0.00775   0.03653   0.31387   0.16143   0.27243   0.18012   1.36930   0.34948   0.67656  
 37  0.0000   2253.402583  x:  0.40127   0.33586   0.45672   0.32873   0.14098   0.32902   0.00000   0.00775   0.03653   0.31387   0.16145   0.27243   0.18012   1.36932   0.34948   0.67654  
 38  0.0000   2253.402583  x:  0.40128   0.33586   0.45672   0.32872   0.14100   0.32904   0.00000   0.00775   0.03652   0.31387   0.16145   0.27241   0.18013   1.36933   0.34948   0.67653  
 39  0.0000   2253.402583  x:  0.40128   0.33586   0.45673   0.32872   0.14100   0.32904   0.00000   0.00775   0.03652   0.31387   0.16145   0.27241   0.18013   1.36933   0.34948   0.67653  
 40  0.0000   2253.402583  x:  0.40128   0.33587   0.45673   0.32872   0.14100   0.32903   0.00000   0.00775   0.03652   0.31387   0.16145   0.27241   0.18013   1.36933   0.34948   0.67653  
 41  0.0000   2253.402583  x:  0.40128   0.33587   0.45673   0.32872   0.14100   0.32903   0.00000   0.00775   0.03652   0.31387   0.16145   0.27241   0.18013   1.36933   0.34948   0.67653  
 42  0.0000   2253.402583  x:  0.40128   0.33587   0.45673   0.32872   0.14100   0.32903   0.00000   0.00775   0.03652   0.31387   0.16145   0.27241   0.18013   1.36933   0.34948   0.67653  