CODONML (in paml version 4.9f, October 2017)  upto_Erythrura_gouldiae.aln
Model: several dN/dS ratios for branches for branches,  kappa = 1.000 fixed

Codon frequency model: F3x4
ns =  67  ls = 142

Codon usage in sequences
--------------------------------------------------------------------------------------------------------------------------------------
Phe TTT   2   1   2   2   2   4 | Ser TCT   2   3   1   2   2   2 | Tyr TAT   3   4   3   3   2   4 | Cys TGT   1   3   4   3   4   3
    TTC   2   3   3   4   3   2 |     TCC   2   1   0   0   0   1 |     TAC   2   2   2   1   3   1 |     TGC   4   1   3   2   3   2
Leu TTA   2   2   2   2   2   1 |     TCA   2   2   2   2   2   2 | *** TAA   0   0   0   0   0   0 | *** TGA   0   0   0   0   0   0
    TTG   3   4   2   1   3   2 |     TCG   0   0   0   0   0   0 |     TAG   0   0   0   0   0   0 | Trp TGG   1   2   0   1   1   2
--------------------------------------------------------------------------------------------------------------------------------------
Leu CTT   2   2   3   3   4   1 | Pro CCT   3   2   3   2   2   1 | His CAT   4   2   3   2   2   1 | Arg CGT   0   0   1   1   0   1
    CTC   0   0   0   0   0   0 |     CCC   0   0   0   0   0   1 |     CAC   1   3   2   3   1   4 |     CGC   0   1   0   1   1   0
    CTA   1   1   1   1   2   1 |     CCA   0   1   2   2   1   2 | Gln CAA   2   4   6   5   4   4 |     CGA   0   0   0   0   0   0
    CTG  11   8   9   9   9   7 |     CCG   0   1   1   1   1   0 |     CAG   9   7   6   5   7   7 |     CGG   0   1   0   0   0   0
--------------------------------------------------------------------------------------------------------------------------------------
Ile ATT   2   3   3   2   2   2 | Thr ACT   1   0   0   0   0   0 | Asn AAT   4   6   4   4   4   4 | Ser AGT   3   1   2   3   1   4
    ATC   1   1   1   1   1   1 |     ACC   1   1   1   1   1   1 |     AAC   3   3   3   3   3   3 |     AGC   3   4   2   1   2   2
    ATA   2   2   1   1   1   2 |     ACA   6   3   3   2   3   3 | Lys AAA   3   3   2   2   2   3 | Arg AGA   1   2   3   4   4   2
Met ATG   8   7   8   8   8   7 |     ACG   0   0   0   0   0   0 |     AAG   5   4   4   4   4   4 |     AGG   3   1   2   1   2   1
--------------------------------------------------------------------------------------------------------------------------------------
Val GTT   2   1   1   3   1   2 | Ala GCT   4   3   5   4   5   2 | Asp GAT   4   2   3   3   4   4 | Gly GGT   2   2   2   1   2   1
    GTC   2   3   2   2   2   3 |     GCC   5   3   3   4   3   2 |     GAC   2   3   4   3   4   1 |     GGC   0   1   2   1   1   1
    GTA   1   1   1   1   1   1 |     GCA   0   1   1   1   1   1 | Glu GAA   3   4   4   5   5   5 |     GGA   4   3   4   4   4   4
    GTG   4   5   4   5   5   5 |     GCG   0   0   1   0   0   1 |     GAG   1   1   1   2   1   1 |     GGG   0   2   1   1   1   2
--------------------------------------------------------------------------------------------------------------------------------------

--------------------------------------------------------------------------------------------------------------------------------------
Phe TTT   3   3   3   2   2   1 | Ser TCT   1   1   1   2   2   2 | Tyr TAT   4   4   4   3   3   2 | Cys TGT   3   4   3   2   3   1
    TTC   2   2   1   2   2   2 |     TCC   1   1   1   2   2   2 |     TAC   1   1   1   2   3   4 |     TGC   2   2   2   3   2   3
Leu TTA   1   2   1   2   2   1 |     TCA   2   2   2   2   2   3 | *** TAA   0   0   0   0   0   0 | *** TGA   0   0   0   0   0   0
    TTG   2   2   2   2   3   2 |     TCG   0   0   0   0   0   1 |     TAG   0   0   0   0   0   0 | Trp TGG   2   2   1   1   1   1
--------------------------------------------------------------------------------------------------------------------------------------
Leu CTT   2   3   2   3   2   2 | Pro CCT   2   3   3   2   3   3 | His CAT   1   2   1   1   2   0 | Arg CGT   1   0   1   2   1   1
    CTC   0   0   0   0   0   3 |     CCC   1   0   0   1   0   2 |     CAC   4   3   4   1   2   3 |     CGC   0   0   0   0   0   2
    CTA   1   1   1   2   3   0 |     CCA   2   2   2   1   1   1 | Gln CAA   3   4   4   3   4   5 |     CGA   0   0   0   0   0   0
    CTG   7   7   7   8   9   7 |     CCG   0   0   0   0   0   0 |     CAG   8   7   7   6   6   6 |     CGG   0   0   0   2   0   1
--------------------------------------------------------------------------------------------------------------------------------------
Ile ATT   3   3   3   2   3   2 | Thr ACT   0   0   0   0   0   0 | Asn AAT   3   4   3   4   4   2 | Ser AGT   3   2   3   1   3   3
    ATC   2   2   2   1   1   3 |     ACC   1   1   1   1   1   2 |     AAC   3   2   3   4   4   4 |     AGC   3   3   2   3   0   4
    ATA   2   2   2   1   1   1 |     ACA   3   3   3   3   4   2 | Lys AAA   1   1   1   3   2   4 | Arg AGA   2   3   3   3   4   2
Met ATG   7   7   7   9   8   6 |     ACG   0   0   0   0   0   1 |     AAG   5   5   5   3   4   2 |     AGG   1   1   1   1   2   1
--------------------------------------------------------------------------------------------------------------------------------------
Val GTT   1   1   1   1   1   3 | Ala GCT   3   3   3   4   4   3 | Asp GAT   5   5   5   4   4   4 | Gly GGT   1   1   1   3   4   3
    GTC   2   2   2   3   3   1 |     GCC   2   2   1   4   4   4 |     GAC   1   1   1   3   1   2 |     GGC   1   1   1   1   1   1
    GTA   1   1   1   0   2   1 |     GCA   1   1   3   1   0   2 | Glu GAA   5   6   6   4   3   4 |     GGA   4   3   3   4   3   3
    GTG   6   6   5   6   3   4 |     GCG   0   1   0   0   1   0 |     GAG   1   0   1   1   1   2 |     GGG   2   1   2   2   2   2
--------------------------------------------------------------------------------------------------------------------------------------

--------------------------------------------------------------------------------------------------------------------------------------
Phe TTT   1   1   1   1   1   1 | Ser TCT   2   3   2   2   3   2 | Tyr TAT   1   3   2   2   4   2 | Cys TGT   0   0   1   0   0   0
    TTC   2   2   3   2   2   2 |     TCC   2   1   2   2   1   2 |     TAC   5   3   3   4   2   3 |     TGC   2   2   2   2   2   3
Leu TTA   1   0   1   1   1   1 |     TCA   3   0   1   2   3   2 | *** TAA   0   0   0   0   0   0 | *** TGA   0   0   0   0   0   0
    TTG   2   2   2   2   3   2 |     TCG   0   2   0   1   0   0 |     TAG   0   0   0   0   0   0 | Trp TGG   1   1   1   1   1   1
--------------------------------------------------------------------------------------------------------------------------------------
Leu CTT   4   2   3   3   2   3 | Pro CCT   2   1   4   3   1   3 | His CAT   0   2   0   0   2   0 | Arg CGT   1   1   0   0   1   1
    CTC   2   2   1   1   2   1 |     CCC   2   2   1   1   1   2 |     CAC   4   3   4   3   2   2 |     CGC   3   1   2   3   1   1
    CTA   0   2   2   1   1   1 |     CCA   1   3   2   3   3   3 | Gln CAA   5   5   3   5   4   5 |     CGA   0   0   0   1   1   1
    CTG   7   7   6   7   7   7 |     CCG   0   1   1   0   0   0 |     CAG   7   6   8   7   6   8 |     CGG   0   3   2   1   1   1
--------------------------------------------------------------------------------------------------------------------------------------
Ile ATT   1   2   2   2   2   2 | Thr ACT   0   1   0   1   1   0 | Asn AAT   3   2   1   3   3   4 | Ser AGT   1   1   2   1   3   2
    ATC   3   2   1   2   3   2 |     ACC   2   2   2   2   2   2 |     AAC   3   2   4   3   4   2 |     AGC   4   6   4   4   3   5
    ATA   1   1   1   1   1   1 |     ACA   2   2   2   1   1   2 | Lys AAA   4   5   4   4   4   2 | Arg AGA   1   1   2   2   1   2
Met ATG   6   6   6   6   6   6 |     ACG   2   0   0   2   2   1 |     AAG   2   2   3   2   4   4 |     AGG   2   1   0   1   1   1
--------------------------------------------------------------------------------------------------------------------------------------
Val GTT   3   2   4   3   3   3 | Ala GCT   3   3   2   4   5   4 | Asp GAT   4   5   4   3   5   3 | Gly GGT   3   3   2   5   2   3
    GTC   1   1   1   1   1   1 |     GCC   4   4   3   3   3   4 |     GAC   3   1   2   2   1   3 |     GGC   2   3   4   1   0   1
    GTA   1   0   1   1   1   1 |     GCA   1   3   3   2   2   2 | Glu GAA   4   3   3   3   4   3 |     GGA   3   2   2   3   2   2
    GTG   4   5   4   4   3   4 |     GCG   1   1   2   0   2   0 |     GAG   2   3   2   3   2   3 |     GGG   3   3   3   3   4   4
--------------------------------------------------------------------------------------------------------------------------------------

--------------------------------------------------------------------------------------------------------------------------------------
Phe TTT   1   1   1   1   1   1 | Ser TCT   2   1   3   3   3   3 | Tyr TAT   3   2   1   1   1   1 | Cys TGT   0   0   0   0   0   0
    TTC   2   1   2   2   2   2 |     TCC   1   3   1   1   1   1 |     TAC   2   3   4   5   5   5 |     TGC   4   4   4   3   3   3
Leu TTA   1   1   1   1   1   1 |     TCA   2   2   1   1   1   1 | *** TAA   0   0   0   0   0   0 | *** TGA   0   0   0   0   0   0
    TTG   2   3   2   2   2   2 |     TCG   1   0   0   0   0   0 |     TAG   0   0   0   0   0   0 | Trp TGG   1   1   1   1   1   1
--------------------------------------------------------------------------------------------------------------------------------------
Leu CTT   3   4   3   3   4   4 | Pro CCT   4   2   2   3   2   2 | His CAT   1   1   1   1   1   1 | Arg CGT   0   1   0   1   0   0
    CTC   1   2   1   1   1   1 |     CCC   0   2   2   1   2   2 |     CAC   3   3   4   4   5   5 |     CGC   1   1   1   1   0   0
    CTA   1   1   0   0   0   0 |     CCA   1   1   3   3   3   3 | Gln CAA   4   6   5   5   5   5 |     CGA   1   0   0   0   0   0
    CTG   7   5   8   8   8   8 |     CCG   1   1   0   0   0   0 |     CAG   8   6   6   5   7   7 |     CGG   0   0   2   2   1   1
--------------------------------------------------------------------------------------------------------------------------------------
Ile ATT   3   3   3   4   3   3 | Thr ACT   0   2   0   0   0   0 | Asn AAT   4   2   4   4   4   4 | Ser AGT   3   0   1   1   1   1
    ATC   3   3   2   2   1   1 |     ACC   2   3   2   2   2   2 |     AAC   4   5   2   2   2   2 |     AGC   2   4   4   4   4   4
    ATA   1   0   1   1   1   1 |     ACA   3   2   2   2   2   2 | Lys AAA   5   5   3   4   6   6 | Arg AGA   3   2   2   2   2   2
Met ATG   6   6   6   6   7   7 |     ACG   0   0   1   1   0   0 |     AAG   2   2   4   3   1   1 |     AGG   1   1   1   1   1   1
--------------------------------------------------------------------------------------------------------------------------------------
Val GTT   2   1   4   2   3   3 | Ala GCT   2   3   3   3   3   3 | Asp GAT   3   3   4   4   4   4 | Gly GGT   3   3   3   3   3   3
    GTC   1   3   1   2   2   2 |     GCC   5   4   4   4   4   4 |     GAC   3   2   2   2   2   2 |     GGC   1   3   3   3   3   3
    GTA   1   1   0   0   0   0 |     GCA   1   0   3   2   2   2 | Glu GAA   3   5   3   3   3   3 |     GGA   2   3   3   3   3   3
    GTG   3   3   4   4   3   3 |     GCG   3   1   1   2   3   3 |     GAG   2   2   2   2   2   2 |     GGG   4   4   2   2   2   2
--------------------------------------------------------------------------------------------------------------------------------------

--------------------------------------------------------------------------------------------------------------------------------------
Phe TTT   1   1   1   1   1   1 | Ser TCT   4   3   3   3   3   2 | Tyr TAT   1   2   2   1   2   2 | Cys TGT   0   0   0   0   0   0
    TTC   3   2   2   2   2   2 |     TCC   1   1   1   1   1   2 |     TAC   4   4   4   4   4   4 |     TGC   4   3   3   4   3   3
Leu TTA   1   1   1   1   1   0 |     TCA   0   2   1   2   1   2 | *** TAA   0   0   0   0   0   0 | *** TGA   0   0   0   0   0   0
    TTG   3   2   2   2   2   2 |     TCG   0   0   1   0   2   0 |     TAG   0   0   0   0   0   0 | Trp TGG   1   1   1   1   1   1
--------------------------------------------------------------------------------------------------------------------------------------
Leu CTT   3   3   3   3   3   4 | Pro CCT   2   2   2   2   2   2 | His CAT   1   0   0   1   0   0 | Arg CGT   1   1   2   0   1   1
    CTC   1   1   1   1   1   1 |     CCC   1   2   2   2   2   1 |     CAC   3   4   4   4   4   3 |     CGC   1   1   0   1   1   1
    CTA   0   0   0   0   0   2 |     CCA   3   4   2   2   1   2 | Gln CAA   5   5   5   5   5   5 |     CGA   0   0   0   0   0   1
    CTG   7   8   8   8   8   7 |     CCG   1   0   2   1   1   1 |     CAG   4   4   6   6   7   7 |     CGG   4   2   1   2   1   1
--------------------------------------------------------------------------------------------------------------------------------------
Ile ATT   3   5   5   4   3   1 | Thr ACT   0   0   0   0   0   1 | Asn AAT   4   3   4   4   4   5 | Ser AGT   1   2   1   1   1   2
    ATC   1   2   2   2   2   3 |     ACC   2   2   2   2   1   2 |     AAC   3   3   3   3   2   2 |     AGC   4   4   4   4   5   3
    ATA   1   1   1   1   1   1 |     ACA   3   3   3   3   3   3 | Lys AAA   3   4   4   2   4   5 | Arg AGA   3   1   1   2   2   1
Met ATG   6   6   6   6   6   6 |     ACG   0   0   0   0   1   0 |     AAG   2   5   4   4   2   2 |     AGG   1   1   1   1   1   1
--------------------------------------------------------------------------------------------------------------------------------------
Val GTT   4   1   1   2   3   3 | Ala GCT   2   3   3   3   3   3 | Asp GAT   4   4   4   4   4   4 | Gly GGT   3   3   4   3   3   4
    GTC   2   2   2   2   2   1 |     GCC   4   4   4   4   4   4 |     GAC   2   2   2   2   3   2 |     GGC   3   3   2   3   2   2
    GTA   0   0   0   0   0   2 |     GCA   1   0   1   0   2   1 | Glu GAA   3   4   4   5   2   4 |     GGA   3   3   3   3   4   4
    GTG   5   4   4   4   3   3 |     GCG   3   2   1   2   1   1 |     GAG   1   1   1   1   3   2 |     GGG   2   2   2   2   2   1
--------------------------------------------------------------------------------------------------------------------------------------

--------------------------------------------------------------------------------------------------------------------------------------
Phe TTT   1   1   1   1   1   1 | Ser TCT   2   2   2   2   2   2 | Tyr TAT   2   2   2   2   2   2 | Cys TGT   0   0   0   0   0   0
    TTC   2   2   2   2   2   3 |     TCC   2   2   2   2   2   2 |     TAC   4   4   4   4   4   4 |     TGC   3   2   3   2   2   3
Leu TTA   0   0   0   0   0   1 |     TCA   1   1   1   1   2   1 | *** TAA   0   0   0   0   0   0 | *** TGA   0   0   0   0   0   0
    TTG   3   2   2   2   2   2 |     TCG   1   1   1   1   0   1 |     TAG   0   0   0   0   0   0 | Trp TGG   1   1   1   1   1   1
--------------------------------------------------------------------------------------------------------------------------------------
Leu CTT   4   4   4   4   4   3 | Pro CCT   2   2   1   2   2   3 | His CAT   0   0   0   0   0   0 | Arg CGT   1   1   2   1   1   1
    CTC   1   1   1   1   1   1 |     CCC   1   1   1   1   1   2 |     CAC   3   3   3   3   3   2 |     CGC   1   2   0   2   2   1
    CTA   2   2   2   2   2   2 |     CCA   2   2   3   2   2   1 | Gln CAA   5   5   6   5   5   5 |     CGA   1   1   1   1   1   1
    CTG   6   7   7   7   7   6 |     CCG   1   1   1   1   1   2 |     CAG   7   7   6   7   7   7 |     CGG   1   1   1   1   1   1
--------------------------------------------------------------------------------------------------------------------------------------
Ile ATT   2   2   2   2   2   1 | Thr ACT   0   0   1   0   0   0 | Asn AAT   4   4   3   4   4   4 | Ser AGT   3   3   3   3   3   3
    ATC   3   3   3   3   3   3 |     ACC   2   2   2   2   2   2 |     AAC   3   3   3   3   3   3 |     AGC   2   2   2   2   2   2
    ATA   1   1   1   1   1   1 |     ACA   3   3   3   3   3   3 | Lys AAA   5   5   5   5   5   5 | Arg AGA   1   1   1   1   1   1
Met ATG   6   6   6   6   6   6 |     ACG   0   0   0   0   0   0 |     AAG   2   2   2   2   2   2 |     AGG   1   1   1   1   1   1
--------------------------------------------------------------------------------------------------------------------------------------
Val GTT   3   3   3   3   3   3 | Ala GCT   3   3   3   3   3   3 | Asp GAT   4   4   4   4   4   4 | Gly GGT   3   3   3   3   3   4
    GTC   1   1   1   1   1   1 |     GCC   4   4   4   4   4   4 |     GAC   2   2   2   2   2   2 |     GGC   2   2   2   2   2   2
    GTA   2   2   2   2   2   2 |     GCA   1   1   1   1   1   1 | Glu GAA   4   4   4   4   4   4 |     GGA   5   4   4   4   4   4
    GTG   3   2   2   3   3   3 |     GCG   1   2   2   1   1   1 |     GAG   2   2   2   2   2   2 |     GGG   1   2   2   2   2   1
--------------------------------------------------------------------------------------------------------------------------------------

--------------------------------------------------------------------------------------------------------------------------------------
Phe TTT   1   1   2   1   1   1 | Ser TCT   4   3   3   3   3   3 | Tyr TAT   1   1   2   2   2   2 | Cys TGT   1   1   2   0   0   0
    TTC   2   2   2   2   2   2 |     TCC   0   2   2   1   1   1 |     TAC   5   4   4   4   4   4 |     TGC   3   3   1   4   3   3
Leu TTA   1   1   1   1   1   1 |     TCA   1   0   1   1   1   1 | *** TAA   0   0   0   0   0   0 | *** TGA   0   0   0   0   0   0
    TTG   3   2   3   3   2   2 |     TCG   1   2   1   1   1   1 |     TAG   0   0   0   0   0   0 | Trp TGG   1   1   1   1   1   1
--------------------------------------------------------------------------------------------------------------------------------------
Leu CTT   2   3   3   3   3   3 | Pro CCT   1   1   3   1   2   2 | His CAT   0   0   0   1   1   1 | Arg CGT   2   1   1   0   1   1
    CTC   1   1   1   1   0   1 |     CCC   2   1   1   3   2   2 |     CAC   3   3   2   3   2   2 |     CGC   1   2   3   1   1   1
    CTA   2   1   1   1   1   1 |     CCA   2   2   2   2   1   1 | Gln CAA   3   3   5   6   5   5 |     CGA   0   1   0   0   0   0
    CTG   6   7   6   7   8   7 |     CCG   1   1   0   1   2   2 |     CAG   7   8   6   5   8   8 |     CGG   2   2   2   2   1   1
--------------------------------------------------------------------------------------------------------------------------------------
Ile ATT   2   2   3   3   3   3 | Thr ACT   1   1   1   0   0   0 | Asn AAT   3   4   4   3   4   4 | Ser AGT   2   1   2   3   1   1
    ATC   2   2   1   2   2   2 |     ACC   2   2   2   2   2   2 |     AAC   3   2   3   3   3   3 |     AGC   4   4   3   3   5   4
    ATA   1   1   1   1   1   1 |     ACA   3   3   3   2   3   3 | Lys AAA   4   3   5   4   4   4 | Arg AGA   2   1   1   2   2   2
Met ATG   6   6   5   6   6   6 |     ACG   0   0   1   1   0   0 |     AAG   3   3   2   2   2   2 |     AGG   1   1   1   1   1   1
--------------------------------------------------------------------------------------------------------------------------------------
Val GTT   4   4   3   3   3   3 | Ala GCT   3   3   4   3   3   3 | Asp GAT   4   4   4   3   4   4 | Gly GGT   2   3   2   4   3   3
    GTC   2   2   2   2   1   1 |     GCC   4   4   4   3   4   4 |     GAC   2   3   2   3   2   2 |     GGC   2   3   2   3   2   3
    GTA   0   0   0   0   0   0 |     GCA   1   1   0   0   2   2 | Glu GAA   4   3   4   3   4   4 |     GGA   4   3   3   2   3   3
    GTG   4   4   4   5   5   5 |     GCG   1   1   2   2   0   0 |     GAG   2   3   2   2   2   2 |     GGG   2   2   2   2   2   2
--------------------------------------------------------------------------------------------------------------------------------------

--------------------------------------------------------------------------------------------------------------------------------------
Phe TTT   1   1   1   1   1   1 | Ser TCT   3   2   2   1   2   2 | Tyr TAT   2   3   2   2   1   2 | Cys TGT   0   0   0   0   0   1
    TTC   2   2   2   2   2   2 |     TCC   1   2   3   2   2   2 |     TAC   4   3   4   4   5   4 |     TGC   3   3   3   3   3   2
Leu TTA   1   1   1   3   2   1 |     TCA   1   1   1   2   2   2 | *** TAA   0   0   0   0   0   0 | *** TGA   0   0   0   0   0   0
    TTG   2   2   2   0   1   2 |     TCG   1   1   0   0   1   0 |     TAG   0   0   0   0   0   0 | Trp TGG   1   1   1   1   1   1
--------------------------------------------------------------------------------------------------------------------------------------
Leu CTT   3   3   2   2   2   2 | Pro CCT   2   2   3   2   2   3 | His CAT   1   0   0   2   1   1 | Arg CGT   1   1   0   1   1   1
    CTC   1   1   1   2   2   2 |     CCC   2   2   1   2   2   1 |     CAC   2   4   3   2   3   2 |     CGC   1   2   1   1   1   1
    CTA   1   2   1   1   1   1 |     CCA   2   3   2   1   2   3 | Gln CAA   5   4   4   4   5   5 |     CGA   0   1   2   1   1   1
    CTG   7   6   8   7   7   7 |     CCG   1   0   1   2   0   0 |     CAG   8   8   7   8   7   7 |     CGG   1   0   0   1   1   1
--------------------------------------------------------------------------------------------------------------------------------------
Ile ATT   2   3   3   3   2   3 | Thr ACT   0   0   0   0   0   0 | Asn AAT   4   3   3   3   2   3 | Ser AGT   1   4   2   2   3   2
    ATC   2   2   2   2   3   3 |     ACC   2   2   2   2   2   2 |     AAC   3   3   3   3   4   4 |     AGC   4   2   3   3   2   2
    ATA   2   1   1   1   1   1 |     ACA   3   3   3   3   3   3 | Lys AAA   4   5   4   4   5   4 | Arg AGA   2   1   3   2   2   2
Met ATG   6   6   6   7   6   6 |     ACG   0   0   0   0   0   0 |     AAG   2   2   2   2   1   2 |     AGG   1   1   3   1   1   1
--------------------------------------------------------------------------------------------------------------------------------------
Val GTT   3   3   2   3   3   2 | Ala GCT   3   3   4   4   3   3 | Asp GAT   4   4   4   4   4   4 | Gly GGT   3   4   1   3   1   3
    GTC   1   1   2   1   1   1 |     GCC   3   4   3   4   5   4 |     GAC   2   1   2   2   2   2 |     GGC   3   2   2   2   2   2
    GTA   0   1   2   1   1   1 |     GCA   2   1   2   1   2   1 | Glu GAA   4   4   3   4   3   3 |     GGA   3   3   3   3   3   3
    GTG   5   4   3   3   4   4 |     GCG   1   1   0   1   0   1 |     GAG   2   2   2   2   3   3 |     GGG   2   2   3   3   4   4
--------------------------------------------------------------------------------------------------------------------------------------

--------------------------------------------------------------------------------------------------------------------------------------
Phe TTT   3   3   2   2   2   2 | Ser TCT   2   2   2   2   1   3 | Tyr TAT   2   2   2   2   2   2 | Cys TGT   1   1   2   1   1   0
    TTC   1   1   1   1   1   1 |     TCC   2   2   3   3   3   2 |     TAC   3   3   4   4   4   4 |     TGC   3   3   1   1   2   4
Leu TTA   2   2   2   2   2   2 |     TCA   2   2   2   2   2   2 | *** TAA   0   0   0   0   0   0 | *** TGA   0   0   0   0   0   0
    TTG   2   2   2   2   2   2 |     TCG   0   0   0   0   0   0 |     TAG   0   0   0   0   0   0 | Trp TGG   1   1   1   1   1   1
--------------------------------------------------------------------------------------------------------------------------------------
Leu CTT   2   2   2   2   2   1 | Pro CCT   3   3   2   2   1   3 | His CAT   1   1   2   2   2   2 | Arg CGT   1   1   0   1   0   1
    CTC   3   3   2   3   3   4 |     CCC   1   1   1   2   4   1 |     CAC   3   3   3   3   4   1 |     CGC   1   1   1   1   2   1
    CTA   0   0   0   0   0   0 |     CCA   3   3   2   2   1   2 | Gln CAA   4   4   4   4   1   4 |     CGA   1   1   0   1   2   2
    CTG   5   5   6   5   6   5 |     CCG   0   0   2   1   1   0 |     CAG   7   7   7   7   8   7 |     CGG   1   1   0   1   2   0
--------------------------------------------------------------------------------------------------------------------------------------
Ile ATT   3   3   2   3   3   4 | Thr ACT   2   2   2   2   1   2 | Asn AAT   3   3   4   4   1   3 | Ser AGT   2   2   2   2   1   2
    ATC   2   2   2   2   2   1 |     ACC   2   2   2   2   2   2 |     AAC   4   4   3   3   4   4 |     AGC   4   4   3   3   8   4
    ATA   1   1   2   2   1   2 |     ACA   1   1   1   1   0   2 | Lys AAA   3   3   3   3   1   4 | Arg AGA   2   2   2   2   1   2
Met ATG   8   8   8   8   6   7 |     ACG   0   0   0   0   2   1 |     AAG   3   3   2   2   4   2 |     AGG   2   2   2   2   1   2
--------------------------------------------------------------------------------------------------------------------------------------
Val GTT   2   2   4   3   2   3 | Ala GCT   5   5   4   4   3   5 | Asp GAT   3   3   3   3   2   3 | Gly GGT   2   2   2   2   1   2
    GTC   1   1   1   1   1   1 |     GCC   3   3   4   4   4   3 |     GAC   1   1   2   2   3   2 |     GGC   1   1   1   1   2   0
    GTA   2   2   1   1   2   0 |     GCA   2   2   2   2   1   2 | Glu GAA   5   5   6   5   4   5 |     GGA   3   3   3   3   4   4
    GTG   3   3   3   3   3   4 |     GCG   0   0   0   0   2   0 |     GAG   1   1   1   1   2   1 |     GGG   3   3   3   3   3   1
--------------------------------------------------------------------------------------------------------------------------------------

--------------------------------------------------------------------------------------------------------------------------------------
Phe TTT   2   2   2   2   2   2 | Ser TCT   2   2   2   2   2   2 | Tyr TAT   2   3   3   3   3   3 | Cys TGT   1   2   1   1   1   1
    TTC   1   2   1   1   1   1 |     TCC   1   1   2   2   2   2 |     TAC   4   3   3   3   3   3 |     TGC   2   1   2   2   2   1
Leu TTA   2   1   1   1   1   1 |     TCA   2   3   3   3   3   3 | *** TAA   0   0   0   0   0   0 | *** TGA   0   0   0   0   0   0
    TTG   2   2   2   2   2   2 |     TCG   1   0   0   0   0   0 |     TAG   0   0   0   0   0   0 | Trp TGG   1   1   1   1   1   1
--------------------------------------------------------------------------------------------------------------------------------------
Leu CTT   2   4   2   2   2   2 | Pro CCT   4   4   4   2   3   3 | His CAT   2   2   1   1   1   2 | Arg CGT   1   1   2   2   2   0
    CTC   3   2   4   4   4   3 |     CCC   1   1   1   2   2   2 |     CAC   3   2   2   2   2   2 |     CGC   2   0   0   0   0   2
    CTA   0   2   0   2   2   2 |     CCA   2   1   1   1   1   1 | Gln CAA   4   6   5   5   5   5 |     CGA   1   2   1   1   1   1
    CTG   5   4   6   4   4   4 |     CCG   0   0   0   1   0   0 |     CAG   7   5   6   6   6   6 |     CGG   1   1   2   2   2   2
--------------------------------------------------------------------------------------------------------------------------------------
Ile ATT   3   3   3   3   3   3 | Thr ACT   1   0   0   0   0   0 | Asn AAT   2   5   4   3   2   3 | Ser AGT   3   3   2   2   3   2
    ATC   2   2   2   2   2   2 |     ACC   2   2   2   2   2   2 |     AAC   3   4   4   4   3   4 |     AGC   3   3   1   2   2   2
    ATA   1   1   1   1   1   1 |     ACA   3   3   3   3   3   3 | Lys AAA   3   4   5   5   6   4 | Arg AGA   1   2   2   2   2   1
Met ATG   7   6   6   6   6   6 |     ACG   0   0   0   0   0   0 |     AAG   3   2   2   2   2   3 |     AGG   2   1   1   1   1   2
--------------------------------------------------------------------------------------------------------------------------------------
Val GTT   3   2   1   1   1   1 | Ala GCT   5   4   4   4   4   5 | Asp GAT   2   2   2   3   3   3 | Gly GGT   3   3   4   4   4   3
    GTC   1   2   1   1   1   2 |     GCC   2   3   4   3   3   3 |     GAC   3   2   4   3   3   3 |     GGC   0   0   1   1   1   2
    GTA   2   1   1   1   1   1 |     GCA   2   2   1   1   1   0 | Glu GAA   5   4   3   3   3   3 |     GGA   3   4   4   4   4   4
    GTG   3   4   6   6   6   6 |     GCG   1   1   0   1   1   1 |     GAG   1   1   1   1   1   1 |     GGG   3   3   4   4   4   4
--------------------------------------------------------------------------------------------------------------------------------------

--------------------------------------------------------------------------------------------------------------------------------------
Phe TTT   2   2   2   2   2   2 | Ser TCT   3   2   2   2   2   2 | Tyr TAT   3   2   3   3   3   3 | Cys TGT   1   1   1   1   1   1
    TTC   1   3   2   2   2   2 |     TCC   1   1   1   1   1   1 |     TAC   3   3   3   2   2   3 |     TGC   1   2   1   2   2   2
Leu TTA   1   1   1   0   0   1 |     TCA   3   1   2   2   2   2 | *** TAA   0   0   0   0   0   0 | *** TGA   0   0   0   0   0   0
    TTG   2   2   2   3   3   2 |     TCG   0   0   0   0   0   0 |     TAG   0   0   0   0   0   0 | Trp TGG   2   1   1   1   1   1
--------------------------------------------------------------------------------------------------------------------------------------
Leu CTT   2   2   3   2   2   2 | Pro CCT   3   3   3   3   3   3 | His CAT   1   3   3   2   2   2 | Arg CGT   1   1   0   1   1   1
    CTC   3   1   1   0   0   0 |     CCC   2   1   1   1   1   1 |     CAC   2   3   2   3   3   2 |     CGC   2   0   3   1   1   0
    CTA   2   1   1   2   2   2 |     CCA   1   3   1   3   2   2 | Gln CAA   5   3   2   3   3   3 |     CGA   1   1   1   0   0   0
    CTG   4   8   7   9   9   9 |     CCG   0   0   2   0   1   1 |     CAG   6   7   9   8   9   8 |     CGG   1   2   1   0   0   1
--------------------------------------------------------------------------------------------------------------------------------------
Ile ATT   3   2   4   3   3   4 | Thr ACT   1   0   0   1   1   1 | Asn AAT   3   3   4   2   3   4 | Ser AGT   2   1   2   4   3   3
    ATC   2   2   0   1   1   1 |     ACC   2   1   1   1   1   1 |     AAC   4   4   4   4   4   6 |     AGC   2   4   3   2   2   2
    ATA   1   1   1   1   1   1 |     ACA   3   3   4   4   4   4 | Lys AAA   4   3   3   4   5   4 | Arg AGA   2   1   2   4   4   3
Met ATG   6   6   6   6   6   5 |     ACG   0   1   0   0   0   0 |     AAG   3   3   3   4   3   2 |     AGG   1   2   1   2   1   0
--------------------------------------------------------------------------------------------------------------------------------------
Val GTT   1   1   2   2   2   3 | Ala GCT   4   4   5   5   5   4 | Asp GAT   3   3   4   3   3   3 | Gly GGT   3   3   1   3   4   3
    GTC   2   3   3   3   3   3 |     GCC   3   4   3   3   3   3 |     GAC   3   2   1   1   1   1 |     GGC   2   1   1   1   1   1
    GTA   1   2   1   1   1   1 |     GCA   0   2   0   1   1   1 | Glu GAA   3   4   4   3   2   2 |     GGA   4   4   4   3   3   4
    GTG   6   4   4   4   4   5 |     GCG   1   1   2   0   0   0 |     GAG   1   1   1   2   2   2 |     GGG   4   3   4   2   2   2
--------------------------------------------------------------------------------------------------------------------------------------

------------------------------------------------------
Phe TTT   2 | Ser TCT   3 | Tyr TAT   3 | Cys TGT   1
    TTC   2 |     TCC   1 |     TAC   2 |     TGC   3
Leu TTA   2 |     TCA   2 | *** TAA   0 | *** TGA   0
    TTG   2 |     TCG   0 |     TAG   0 | Trp TGG   0
------------------------------------------------------
Leu CTT   1 | Pro CCT   2 | His CAT   4 | Arg CGT   0
    CTC   0 |     CCC   0 |     CAC   4 |     CGC   0
    CTA   1 |     CCA   3 | Gln CAA   3 |     CGA   0
    CTG   7 |     CCG   1 |     CAG   6 |     CGG   1
------------------------------------------------------
Ile ATT   3 | Thr ACT   1 | Asn AAT   2 | Ser AGT   3
    ATC   1 |     ACC   1 |     AAC   4 |     AGC   3
    ATA   2 |     ACA   4 | Lys AAA   1 | Arg AGA   2
Met ATG   7 |     ACG   0 |     AAG   3 |     AGG   1
------------------------------------------------------
Val GTT   3 | Ala GCT   2 | Asp GAT   5 | Gly GGT   2
    GTC   3 |     GCC   4 |     GAC   0 |     GGC   1
    GTA   1 |     GCA   1 | Glu GAA   4 |     GGA   3
    GTG   6 |     GCG   0 |     GAG   0 |     GGG   3
------------------------------------------------------

Codon position x base (3x4) table for each sequence.

#1: Coturnix_japonica
position  1:    T:0.18705    C:0.23741    A:0.33094    G:0.24460
position  2:    T:0.32374    C:0.18705    A:0.33094    G:0.15827
position  3:    T:0.28058    C:0.20144    A:0.19424    G:0.32374
Average         T:0.26379    C:0.20863    A:0.28537    G:0.24221

#2: Meleagris_gallopavo
position  1:    T:0.20438    C:0.24088    A:0.29927    G:0.25547
position  2:    T:0.32117    C:0.15328    A:0.35036    G:0.17518
position  3:    T:0.25547    C:0.21898    A:0.21168    G:0.31387
Average         T:0.26034    C:0.20438    A:0.28710    G:0.24818

#3: Chrysolophus_pictus
position  1:    T:0.17266    C:0.26619    A:0.28058    G:0.28058
position  2:    T:0.30935    C:0.16547    A:0.33813    G:0.18705
position  3:    T:0.28777    C:0.20144    A:0.23022    G:0.28058
Average         T:0.25659    C:0.21103    A:0.28297    G:0.24940

#4: Syrmaticus_mikado
position  1:    T:0.17037    C:0.25926    A:0.27407    G:0.29630
position  2:    T:0.33333    C:0.15556    A:0.33333    G:0.17778
position  3:    T:0.28148    C:0.20000    A:0.23704    G:0.28148
Average         T:0.26173    C:0.20494    A:0.28148    G:0.25185

#5: Phasianus_colchicus
position  1:    T:0.19424    C:0.24460    A:0.27338    G:0.28777
position  2:    T:0.33094    C:0.15108    A:0.33094    G:0.18705
position  3:    T:0.26619    C:0.20144    A:0.23022    G:0.30216
Average         T:0.26379    C:0.19904    A:0.27818    G:0.25899

#6: Lyrurus_tetrix 
position  1:    T:0.19847    C:0.22901    A:0.29771    G:0.27481
position  2:    T:0.31298    C:0.14504    A:0.35115    G:0.19084
position  3:    T:0.27481    C:0.19084    A:0.23664    G:0.29771
Average         T:0.26209    C:0.18830    A:0.29517    G:0.25445

#7: Lagopus_muta   
position  1:    T:0.18321    C:0.24427    A:0.29771    G:0.27481
position  2:    T:0.32061    C:0.14504    A:0.34351    G:0.19084
position  3:    T:0.27481    C:0.19847    A:0.21374    G:0.31298
Average         T:0.25954    C:0.19593    A:0.28499    G:0.25954

#8: Tympanuchus_cupido
position  1:    T:0.19697    C:0.24242    A:0.29545    G:0.26515
position  2:    T:0.33333    C:0.15152    A:0.34091    G:0.17424
position  3:    T:0.29545    C:0.17424    A:0.23485    G:0.29545
Average         T:0.27525    C:0.18939    A:0.29040    G:0.24495

#9: Centrocercus_minimus
position  1:    T:0.17054    C:0.24806    A:0.30233    G:0.27907
position  2:    T:0.31008    C:0.15504    A:0.35659    G:0.17829
position  3:    T:0.28682    C:0.17054    A:0.24806    G:0.29457
Average         T:0.25581    C:0.19121    A:0.30233    G:0.25065

#10: Pavo_cristatus 
position  1:    T:0.18248    C:0.23358    A:0.28467    G:0.29927
position  2:    T:0.32117    C:0.16788    A:0.30657    G:0.20438
position  3:    T:0.26277    C:0.22628    A:0.21168    G:0.29927
Average         T:0.25547    C:0.20925    A:0.26764    G:0.26764

#11: Gallus_gallus  
position  1:    T:0.19565    C:0.23913    A:0.29710    G:0.26812
position  2:    T:0.32609    C:0.17391    A:0.31159    G:0.18841
position  3:    T:0.29710    C:0.18841    A:0.22464    G:0.28986
Average         T:0.27295    C:0.20048    A:0.27778    G:0.24879

#12: Corythaeola_cristata
position  1:    T:0.17986    C:0.25899    A:0.28058    G:0.28058
position  2:    T:0.28058    C:0.20144    A:0.31655    G:0.20144
position  3:    T:0.23022    C:0.30216    A:0.20863    G:0.25899
Average         T:0.23022    C:0.25420    A:0.26859    G:0.24700

#13: Tauraco_erythrolophus
position  1:    T:0.15827    C:0.27338    A:0.26619    G:0.30216
position  2:    T:0.28058    C:0.19424    A:0.33813    G:0.18705
position  3:    T:0.20863    C:0.31655    A:0.19424    G:0.28058
Average         T:0.21583    C:0.26139    A:0.26619    G:0.25659

#14: Picoides_pubescens
position  1:    T:0.14388    C:0.29496    A:0.25899    G:0.30216
position  2:    T:0.26619    C:0.20863    A:0.32374    G:0.20144
position  3:    T:0.23022    C:0.26619    A:0.19424    G:0.30935
Average         T:0.21343    C:0.25659    A:0.25899    G:0.27098

#15: Buceros_rhinoceros
position  1:    T:0.15441    C:0.28676    A:0.25000    G:0.30882
position  2:    T:0.28676    C:0.19853    A:0.31618    G:0.19853
position  3:    T:0.22059    C:0.28676    A:0.19853    G:0.29412
Average         T:0.22059    C:0.25735    A:0.25490    G:0.26716

#16: Tyto_alba_alba 
position  1:    T:0.15827    C:0.28058    A:0.26619    G:0.29496
position  2:    T:0.27338    C:0.20863    A:0.31655    G:0.20144
position  3:    T:0.23741    C:0.25899    A:0.21583    G:0.28777
Average         T:0.22302    C:0.24940    A:0.26619    G:0.26139

#17: Cuculus_canorus
position  1:    T:0.16547    C:0.25180    A:0.29496    G:0.28777
position  2:    T:0.28058    C:0.21583    A:0.33813    G:0.16547
position  3:    T:0.27338    C:0.21583    A:0.20863    G:0.30216
Average         T:0.23981    C:0.22782    A:0.28058    G:0.25180

#18: Merops_nubicus 
position  1:    T:0.15108    C:0.28058    A:0.27338    G:0.29496
position  2:    T:0.27338    C:0.20863    A:0.31655    G:0.20144
position  3:    T:0.23741    C:0.25899    A:0.20144    G:0.30216
Average         T:0.22062    C:0.24940    A:0.26379    G:0.26619

#19: Apaloderma_vittatum
position  1:    T:0.15827    C:0.25899    A:0.30216    G:0.28058
position  2:    T:0.27338    C:0.20144    A:0.33813    G:0.18705
position  3:    T:0.24460    C:0.25180    A:0.20863    G:0.29496
Average         T:0.22542    C:0.23741    A:0.28297    G:0.25420

#20: Colius_striatus
position  1:    T:0.15827    C:0.25899    A:0.28777    G:0.29496
position  2:    T:0.27338    C:0.19424    A:0.33813    G:0.19424
position  3:    T:0.20863    C:0.33094    A:0.20863    G:0.25180
Average         T:0.21343    C:0.26139    A:0.27818    G:0.24700

#21: Zonotrichia_albicollis
position  1:    T:0.15108    C:0.27338    A:0.27338    G:0.30216
position  2:    T:0.28058    C:0.20144    A:0.32374    G:0.19424
position  3:    T:0.23741    C:0.28058    A:0.19424    G:0.28777
Average         T:0.22302    C:0.25180    A:0.26379    G:0.26139

#22: Molothrus_ater 
position  1:    T:0.15108    C:0.27338    A:0.28058    G:0.29496
position  2:    T:0.28058    C:0.20144    A:0.32374    G:0.19424
position  3:    T:0.24460    C:0.28058    A:0.19424    G:0.28058
Average         T:0.22542    C:0.25180    A:0.26619    G:0.25659

#23: Camarhynchus_parvulus
position  1:    T:0.15108    C:0.28058    A:0.26619    G:0.30216
position  2:    T:0.28058    C:0.20144    A:0.34532    G:0.17266
position  3:    T:0.23741    C:0.28058    A:0.20863    G:0.27338
Average         T:0.22302    C:0.25420    A:0.27338    G:0.24940

#24: Geospiza_fortis
position  1:    T:0.15108    C:0.28058    A:0.26619    G:0.30216
position  2:    T:0.28058    C:0.20144    A:0.34532    G:0.17266
position  3:    T:0.23741    C:0.28058    A:0.20863    G:0.27338
Average         T:0.22302    C:0.25420    A:0.27338    G:0.24940

#25: Serinus_canaria
position  1:    T:0.16547    C:0.26619    A:0.26619    G:0.30216
position  2:    T:0.29496    C:0.19424    A:0.28777    G:0.22302
position  3:    T:0.24460    C:0.28058    A:0.18705    G:0.28777
Average         T:0.23501    C:0.24700    A:0.24700    G:0.27098

#26: Lonchura_Striata_domestica
position  1:    T:0.15827    C:0.26619    A:0.30216    G:0.27338
position  2:    T:0.28058    C:0.20144    A:0.32374    G:0.19424
position  3:    T:0.23741    C:0.28777    A:0.20144    G:0.27338
Average         T:0.22542    C:0.25180    A:0.27578    G:0.24700

#27: Taeniopygia_guttata
position  1:    T:0.15827    C:0.27338    A:0.29496    G:0.27338
position  2:    T:0.28058    C:0.20144    A:0.33813    G:0.17986
position  3:    T:0.25180    C:0.27338    A:0.18705    G:0.28777
Average         T:0.23022    C:0.24940    A:0.27338    G:0.24700

#28: Erythrura_gouldiae
position  1:    T:0.15827    C:0.27338    A:0.28058    G:0.28777
position  2:    T:0.28058    C:0.19424    A:0.33094    G:0.19424
position  3:    T:0.23022    C:0.29496    A:0.18705    G:0.28777
Average         T:0.22302    C:0.25420    A:0.26619    G:0.25659

#29: Passer_domesticus
position  1:    T:0.16547    C:0.26619    A:0.27338    G:0.29496
position  2:    T:0.27338    C:0.20144    A:0.33094    G:0.19424
position  3:    T:0.23741    C:0.28058    A:0.18705    G:0.29496
Average         T:0.22542    C:0.24940    A:0.26379    G:0.26139

#30: Corapipo_altera
position  1:    T:0.15108    C:0.28058    A:0.27338    G:0.29496
position  2:    T:0.28058    C:0.19424    A:0.33813    G:0.18705
position  3:    T:0.25180    C:0.25899    A:0.23741    G:0.25180
Average         T:0.22782    C:0.24460    A:0.28297    G:0.24460

#31: Chiroxiphia_lanceolata
position  1:    T:0.15827    C:0.27338    A:0.27338    G:0.29496
position  2:    T:0.28777    C:0.18705    A:0.33813    G:0.18705
position  3:    T:0.24460    C:0.25899    A:0.23741    G:0.25899
Average         T:0.23022    C:0.23981    A:0.28297    G:0.24700

#32: Pipra_filicauda
position  1:    T:0.14388    C:0.28777    A:0.27338    G:0.29496
position  2:    T:0.28058    C:0.19424    A:0.33813    G:0.18705
position  3:    T:0.24460    C:0.25899    A:0.23022    G:0.26619
Average         T:0.22302    C:0.24700    A:0.28058    G:0.24940

#33: Neopelma_chrysocephalum
position  1:    T:0.15108    C:0.28058    A:0.27338    G:0.29496
position  2:    T:0.28058    C:0.20144    A:0.33094    G:0.18705
position  3:    T:0.24460    C:0.25180    A:0.24460    G:0.25899
Average         T:0.22542    C:0.24460    A:0.28297    G:0.24700

#34: Lepidothrix_coronata
position  1:    T:0.14388    C:0.28777    A:0.27338    G:0.29496
position  2:    T:0.28777    C:0.18705    A:0.33813    G:0.18705
position  3:    T:0.24460    C:0.25899    A:0.23022    G:0.26619
Average         T:0.22542    C:0.24460    A:0.28058    G:0.24940

#35: Manacus_vitellinus
position  1:    T:0.14388    C:0.28777    A:0.27338    G:0.29496
position  2:    T:0.28777    C:0.18705    A:0.33813    G:0.18705
position  3:    T:0.24460    C:0.25899    A:0.23741    G:0.25899
Average         T:0.22542    C:0.24460    A:0.28297    G:0.24700

#36: Empidonax_traillii
position  1:    T:0.16547    C:0.27338    A:0.26619    G:0.29496
position  2:    T:0.28058    C:0.20144    A:0.33094    G:0.18705
position  3:    T:0.24460    C:0.26619    A:0.23022    G:0.25899
Average         T:0.23022    C:0.24700    A:0.27578    G:0.24700

#37: Catharus_ustulatus
position  1:    T:0.17266    C:0.25180    A:0.28058    G:0.29496
position  2:    T:0.28058    C:0.19424    A:0.31655    G:0.20863
position  3:    T:0.23741    C:0.27338    A:0.20144    G:0.28777
Average         T:0.23022    C:0.23981    A:0.26619    G:0.26379

#38: Ficedula_albicollis
position  1:    T:0.16547    C:0.26619    A:0.25899    G:0.30935
position  2:    T:0.28058    C:0.19424    A:0.31655    G:0.20863
position  3:    T:0.23741    C:0.28777    A:0.16547    G:0.30935
Average         T:0.22782    C:0.24940    A:0.24700    G:0.27578

#39: Sturnus_vulgaris
position  1:    T:0.17986    C:0.25899    A:0.27338    G:0.28777
position  2:    T:0.27338    C:0.21583    A:0.32374    G:0.18705
position  3:    T:0.28058    C:0.25180    A:0.19424    G:0.27338
Average         T:0.24460    C:0.24221    A:0.26379    G:0.24940

#40: Stachyridopsis_ruficeps
position  1:    T:0.17266    C:0.26619    A:0.27338    G:0.28777
position  2:    T:0.29496    C:0.18705    A:0.31655    G:0.20144
position  3:    T:0.23741    C:0.28777    A:0.17986    G:0.29496
Average         T:0.23501    C:0.24700    A:0.25659    G:0.26139

#41: Parus_major    
position  1:    T:0.15827    C:0.27338    A:0.28058    G:0.28777
position  2:    T:0.28058    C:0.19424    A:0.33813    G:0.18705
position  3:    T:0.24460    C:0.25899    A:0.20144    G:0.29496
Average         T:0.22782    C:0.24221    A:0.27338    G:0.25659

#42: Cyanistes_caeruleus
position  1:    T:0.15827    C:0.27338    A:0.27338    G:0.29496
position  2:    T:0.28058    C:0.19424    A:0.33813    G:0.18705
position  3:    T:0.24460    C:0.26619    A:0.20144    G:0.28777
Average         T:0.22782    C:0.24460    A:0.27098    G:0.25659

#43: Pseudopodoces_humilis
position  1:    T:0.15827    C:0.27338    A:0.27338    G:0.29496
position  2:    T:0.28058    C:0.19424    A:0.33813    G:0.18705
position  3:    T:0.23741    C:0.25899    A:0.21583    G:0.28777
Average         T:0.22542    C:0.24221    A:0.27578    G:0.25659

#44: Leptosomus_discolor
position  1:    T:0.15827    C:0.28058    A:0.27338    G:0.28777
position  2:    T:0.28058    C:0.19424    A:0.33094    G:0.19424
position  3:    T:0.25899    C:0.25899    A:0.22302    G:0.25899
Average         T:0.23261    C:0.24460    A:0.27578    G:0.24700

#45: Acanthisitta_chloris
position  1:    T:0.16176    C:0.26471    A:0.29412    G:0.27941
position  2:    T:0.28676    C:0.19853    A:0.31618    G:0.19853
position  3:    T:0.21324    C:0.27206    A:0.23529    G:0.27941
Average         T:0.22059    C:0.24510    A:0.28186    G:0.25245

#46: Athene_cunicularia
position  1:    T:0.15108    C:0.28058    A:0.27338    G:0.29496
position  2:    T:0.28058    C:0.19424    A:0.33094    G:0.19424
position  3:    T:0.23741    C:0.26619    A:0.22302    G:0.27338
Average         T:0.22302    C:0.24700    A:0.27578    G:0.25420

#47: Nestor_notabilis
position  1:    T:0.16547    C:0.27338    A:0.26619    G:0.29496
position  2:    T:0.28058    C:0.20144    A:0.33094    G:0.18705
position  3:    T:0.20144    C:0.29496    A:0.23741    G:0.26619
Average         T:0.21583    C:0.25659    A:0.27818    G:0.24940

#48: Melopsittacus_undulatus
position  1:    T:0.15827    C:0.27338    A:0.27338    G:0.29496
position  2:    T:0.28058    C:0.19424    A:0.33094    G:0.19424
position  3:    T:0.23741    C:0.25899    A:0.22302    G:0.28058
Average         T:0.22542    C:0.24221    A:0.27578    G:0.25659

#49: Apteryx_rowi   
position  1:    T:0.17266    C:0.25899    A:0.30216    G:0.26619
position  2:    T:0.28777    C:0.20144    A:0.30935    G:0.20144
position  3:    T:0.26619    C:0.25180    A:0.22302    G:0.25899
Average         T:0.24221    C:0.23741    A:0.27818    G:0.24221

#50: Apteryx_australis_mantelli
position  1:    T:0.17266    C:0.25899    A:0.30216    G:0.26619
position  2:    T:0.28777    C:0.20144    A:0.30935    G:0.20144
position  3:    T:0.26619    C:0.25180    A:0.22302    G:0.25899
Average         T:0.24221    C:0.23741    A:0.27818    G:0.24221

#51: Dromaius_novaehollandiae
position  1:    T:0.17391    C:0.24638    A:0.28986    G:0.28986
position  2:    T:0.28986    C:0.21014    A:0.33333    G:0.16667
position  3:    T:0.26812    C:0.24638    A:0.21739    G:0.26812
Average         T:0.24396    C:0.23430    A:0.28019    G:0.24155

#52: Casuarius_casuarius
position  1:    T:0.16547    C:0.26619    A:0.29496    G:0.27338
position  2:    T:0.28777    C:0.20863    A:0.32374    G:0.17986
position  3:    T:0.26619    C:0.25899    A:0.21583    G:0.25899
Average         T:0.23981    C:0.24460    A:0.27818    G:0.23741

#53: Nothoprocta_perdicaria
position  1:    T:0.16547    C:0.28058    A:0.27338    G:0.28058
position  2:    T:0.27338    C:0.20144    A:0.30216    G:0.22302
position  3:    T:0.17986    C:0.35252    A:0.15827    G:0.30935
Average         T:0.20624    C:0.27818    A:0.24460    G:0.27098

#54: Rhea_americana 
position  1:    T:0.17986    C:0.24460    A:0.31655    G:0.25899
position  2:    T:0.28058    C:0.21583    A:0.31655    G:0.18705
position  3:    T:0.27338    C:0.25180    A:0.23741    G:0.23741
Average         T:0.24460    C:0.23741    A:0.29017    G:0.22782

#55: Struthio_camelus_australis
position  1:    T:0.16547    C:0.27338    A:0.28058    G:0.28058
position  2:    T:0.28058    C:0.20863    A:0.31655    G:0.19424
position  3:    T:0.27338    C:0.23741    A:0.22302    G:0.26619
Average         T:0.23981    C:0.23981    A:0.27338    G:0.24700

#56: Anseranas_semipalmata
position  1:    T:0.16547    C:0.26619    A:0.29496    G:0.27338
position  2:    T:0.28777    C:0.19424    A:0.32374    G:0.19424
position  3:    T:0.30216    C:0.21583    A:0.25899    G:0.22302
Average         T:0.25180    C:0.22542    A:0.29257    G:0.23022

#57: Oxyura_jamaicensis
position  1:    T:0.16547    C:0.26619    A:0.27338    G:0.29496
position  2:    T:0.28058    C:0.19424    A:0.32374    G:0.20144
position  3:    T:0.26619    C:0.24460    A:0.22302    G:0.26619
Average         T:0.23741    C:0.23501    A:0.27338    G:0.25420

#58: Cygnus_atratus 
position  1:    T:0.16547    C:0.26619    A:0.27338    G:0.29496
position  2:    T:0.28058    C:0.19424    A:0.31655    G:0.20863
position  3:    T:0.25180    C:0.24460    A:0.23741    G:0.26619
Average         T:0.23261    C:0.23501    A:0.27578    G:0.25659

#59: Anser_cygnoides
position  1:    T:0.16547    C:0.26619    A:0.27338    G:0.29496
position  2:    T:0.28058    C:0.19424    A:0.30935    G:0.21583
position  3:    T:0.25899    C:0.23741    A:0.24460    G:0.25899
Average         T:0.23501    C:0.23261    A:0.27578    G:0.25659

#60: Aythya_fuligula
position  1:    T:0.15827    C:0.26619    A:0.27338    G:0.30216
position  2:    T:0.28058    C:0.19424    A:0.32374    G:0.20144
position  3:    T:0.25180    C:0.25899    A:0.21583    G:0.27338
Average         T:0.23022    C:0.23981    A:0.27098    G:0.25899

#61: Anas_platyrhynchos
position  1:    T:0.16547    C:0.25899    A:0.28058    G:0.29496
position  2:    T:0.28058    C:0.19424    A:0.31655    G:0.20863
position  3:    T:0.25899    C:0.25180    A:0.22302    G:0.26619
Average         T:0.23501    C:0.23501    A:0.27338    G:0.25659

#62: Alectura_lathami
position  1:    T:0.15108    C:0.28058    A:0.26619    G:0.30216
position  2:    T:0.29496    C:0.19424    A:0.31655    G:0.19424
position  3:    T:0.23741    C:0.25180    A:0.21583    G:0.29496
Average         T:0.22782    C:0.24221    A:0.26619    G:0.26379

#63: Penelope_pileata
position  1:    T:0.15108    C:0.28777    A:0.27338    G:0.28777
position  2:    T:0.28777    C:0.19424    A:0.33094    G:0.18705
position  3:    T:0.28058    C:0.21583    A:0.19424    G:0.30935
Average         T:0.23981    C:0.23261    A:0.26619    G:0.26139

#64: Colinus_virginianus
position  1:    T:0.15108    C:0.27338    A:0.30935    G:0.26619
position  2:    T:0.29496    C:0.19424    A:0.31655    G:0.19424
position  3:    T:0.28058    C:0.20144    A:0.22302    G:0.29496
Average         T:0.24221    C:0.22302    A:0.28297    G:0.25180

#65: Callipepla_squamata
position  1:    T:0.15108    C:0.28058    A:0.30216    G:0.26619
position  2:    T:0.29496    C:0.19424    A:0.32374    G:0.18705
position  3:    T:0.28777    C:0.20144    A:0.21583    G:0.29496
Average         T:0.24460    C:0.22542    A:0.28058    G:0.24940

#66: Odontophorus_gujanensis
position  1:    T:0.15942    C:0.26812    A:0.29710    G:0.27536
position  2:    T:0.31159    C:0.18841    A:0.32609    G:0.17391
position  3:    T:0.29710    C:0.21014    A:0.21739    G:0.27536
Average         T:0.25604    C:0.22222    A:0.28019    G:0.24155

#67: Numida_meleagris
position  1:    T:0.17424    C:0.25000    A:0.28788    G:0.28788
position  2:    T:0.32576    C:0.18939    A:0.31061    G:0.17424
position  3:    T:0.28030    C:0.21970    A:0.21970    G:0.28030
Average         T:0.26010    C:0.21970    A:0.27273    G:0.24747

Sums of codon usage counts
------------------------------------------------------------------------------
Phe F TTT     104 | Ser S TCT     151 | Tyr Y TAT     155 | Cys C TGT      60
      TTC     129 |       TCC     101 |       TAC     223 |       TGC     169
Leu L TTA      77 |       TCA     116 | *** * TAA       0 | *** * TGA       0
      TTG     144 |       TCG      24 |       TAG       0 | Trp W TGG      70
------------------------------------------------------------------------------
Leu L CTT     179 | Pro P CCT     160 | His H CAT      77 | Arg R CGT      56
      CTC      88 |       CCC      87 |       CAC     192 |       CGC      67
      CTA      71 |       CCA     130 | Gln Q CAA     293 |       CGA      35
      CTG     464 |       CCG      42 |       CAG     456 |       CGG      70
------------------------------------------------------------------------------
Ile I ATT     182 | Thr T ACT      28 | Asn N AAT     229 | Ser S AGT     140
      ATC     128 |       ACC     117 |       AAC     218 |       AGC     209
      ATA      77 |       ACA     182 | Lys K AAA     249 | Arg R AGA     132
Met M ATG     432 |       ACG      17 |       AAG     186 |       AGG      82
------------------------------------------------------------------------------
Val V GTT     158 | Ala A GCT     236 | Asp D GAT     244 | Gly G GGT     181
      GTC     112 |       GCC     239 |       GAC     139 |       GGC     113
      GTA      62 |       GCA      86 | Glu E GAA     256 |       GGA     223
      GTG     274 |       GCG      62 |       GAG     110 |       GGG     163
------------------------------------------------------------------------------

(Ambiguity data are not used in the counts.)


Codon position x base (3x4) table, overall

position  1:    T:0.16454    C:0.26653    A:0.28176    G:0.28717
position  2:    T:0.28965    C:0.19209    A:0.32703    G:0.19123
position  3:    T:0.25281    C:0.25184    A:0.21489    G:0.28047
Average         T:0.23567    C:0.23682    A:0.27456    G:0.25295

TREE #  1:  (((((49, 50), (51, 52)), 54), 55), 53, (((62, (((((64, 65), 66), (1, ((2, ((6, (8, 9)), 7)), ((10, 11), ((3, 5), 4))))), 67), 63)), (56, ((57, (58, 59)), (60, 61)))), (((12, 13), 17), ((((((14, 19), 20), 15), (18, 44)), ((48, 47), (46, 16))), (45, (((((30, 31), (32, (34, 35))), 33), 36), (((((37, 38), 39), 40), ((41, 42), 43)), ((21, (23, 24)), ((29, (22, 25)), ((26, 27), 28))))))))));   MP score: -1
check convergence..
lnL(ntime:131  np:134):  -5681.327737      +0.000000
  68..69   69..70   70..71   71..72   72..49   72..50   71..73   73..51   73..52   70..54   69..55   68..53   68..74   74..75   75..76   76..62   76..77   77..78   78..79   79..80   80..81   81..64   81..65   80..66   79..82   82..1    82..83   83..84   84..2    84..85   85..86   86..6    86..87   87..8    87..9    85..7    83..88   88..89   89..10   89..11   88..90   90..91   91..3    91..5    90..4    78..67   77..63   75..92   92..56   92..93   93..94   94..57   94..95   95..58   95..59   93..96   96..60   96..61   74..97   97..98   98..99   99..12   99..13   98..17   97..100 100..101 101..102 102..103 103..104 104..105 105..14  105..19  104..20  103..15  102..106 106..18  106..44  101..107 107..108 108..48  108..47  107..109 109..46  109..16  100..110 110..45  110..111 111..112 112..113 113..114 114..115 115..30  115..31  114..116 116..32  116..117 117..34  117..35  113..33  112..36  111..118 118..119 119..120 120..121 121..122 122..37  122..38  121..39  120..40  119..123 123..124 124..41  124..42  123..43  118..125 125..126 126..21  126..127 127..23  127..24  125..128 128..129 129..29  129..130 130..22  130..25  128..131 131..132 132..26  132..27  131..28 
 0.018237 0.016990 0.023438 0.042612 0.000004 0.000004 0.065553 0.045987 0.000004 0.117796 0.083674 0.339552 0.132831 0.011557 0.085821 0.140394 0.006617 0.088391 0.014004 0.066141 0.029508 0.030635 0.029001 0.089014 0.091219 0.231692 0.024186 0.054988 0.240807 0.089898 0.000004 0.084539 0.018350 0.039204 0.047271 0.021100 0.000004 0.016421 0.113710 0.083543 0.110991 0.000004 0.063967 0.101120 0.076054 0.198155 0.103592 0.042908 0.090590 0.075764 0.008621 0.059026 0.009041 0.007427 0.014978 0.043099 0.014718 0.022577 0.133524 0.005191 0.057645 0.053883 0.125301 0.243301 0.007698 0.000004 0.000004 0.000004 0.000004 0.042944 0.263319 0.128702 0.320489 0.183654 0.000004 0.139531 0.131200 0.011954 0.048535 0.038156 0.101062 0.005348 0.092770 0.095296 0.040230 0.124753 0.000004 0.042587 0.022368 0.000004 0.000004 0.037113 0.014787 0.007336 0.007333 0.000004 0.000004 0.007327 0.044752 0.045594 0.063880 0.000004 0.000004 0.024700 0.021162 0.100246 0.070715 0.099171 0.122737 0.060007 0.000004 0.014932 0.000004 0.022465 0.030598 0.029405 0.044894 0.060958 0.000004 0.000004 0.000004 0.000004 0.077267 0.025357 0.049908 0.090804 0.039973 0.023273 0.025049 0.042862 0.034445 0.206084 1.234829 0.363852

Note: Branch length is defined as number of nucleotide substitutions per codon (not per neucleotide site).

tree length =  7.475895

(((((49: 0.000004, 50: 0.000004): 0.042612, (51: 0.045987, 52: 0.000004): 0.065553): 0.023438, 54: 0.117796): 0.016990, 55: 0.083674): 0.018237, 53: 0.339552, (((62: 0.140394, (((((64: 0.030635, 65: 0.029001): 0.029508, 66: 0.089014): 0.066141, (1: 0.231692, ((2: 0.240807, ((6: 0.084539, (8: 0.039204, 9: 0.047271): 0.018350): 0.000004, 7: 0.021100): 0.089898): 0.054988, ((10: 0.113710, 11: 0.083543): 0.016421, ((3: 0.063967, 5: 0.101120): 0.000004, 4: 0.076054): 0.110991): 0.000004): 0.024186): 0.091219): 0.014004, 67: 0.198155): 0.088391, 63: 0.103592): 0.006617): 0.085821, (56: 0.090590, ((57: 0.059026, (58: 0.007427, 59: 0.014978): 0.009041): 0.008621, (60: 0.014718, 61: 0.022577): 0.043099): 0.075764): 0.042908): 0.011557, (((12: 0.053883, 13: 0.125301): 0.057645, 17: 0.243301): 0.005191, ((((((14: 0.263319, 19: 0.128702): 0.042944, 20: 0.320489): 0.000004, 15: 0.183654): 0.000004, (18: 0.139531, 44: 0.131200): 0.000004): 0.000004, ((48: 0.038156, 47: 0.101062): 0.048535, (46: 0.092770, 16: 0.095296): 0.005348): 0.011954): 0.000004, (45: 0.124753, (((((30: 0.037113, 31: 0.014787): 0.000004, (32: 0.007333, (34: 0.000004, 35: 0.007327): 0.000004): 0.007336): 0.000004, 33: 0.044752): 0.022368, 36: 0.045594): 0.042587, (((((37: 0.100246, 38: 0.070715): 0.021162, 39: 0.099171): 0.024700, 40: 0.122737): 0.000004, ((41: 0.014932, 42: 0.000004): 0.000004, 43: 0.022465): 0.060007): 0.000004, ((21: 0.044894, (23: 0.000004, 24: 0.000004): 0.060958): 0.029405, ((29: 0.077267, (22: 0.049908, 25: 0.090804): 0.025357): 0.000004, ((26: 0.025049, 27: 0.042862): 0.023273, 28: 0.034445): 0.039973): 0.000004): 0.030598): 0.063880): 0.000004): 0.040230): 0.007698): 0.133524): 0.132831);

(((((Apteryx_rowi: 0.000004, Apteryx_australis_mantelli: 0.000004): 0.042612, (Dromaius_novaehollandiae: 0.045987, Casuarius_casuarius: 0.000004): 0.065553): 0.023438, Rhea_americana: 0.117796): 0.016990, Struthio_camelus_australis: 0.083674): 0.018237, Nothoprocta_perdicaria: 0.339552, (((Alectura_lathami: 0.140394, (((((Colinus_virginianus: 0.030635, Callipepla_squamata: 0.029001): 0.029508, Odontophorus_gujanensis: 0.089014): 0.066141, (Coturnix_japonica: 0.231692, ((Meleagris_gallopavo: 0.240807, ((Lyrurus_tetrix: 0.084539, (Tympanuchus_cupido: 0.039204, Centrocercus_minimus: 0.047271): 0.018350): 0.000004, Lagopus_muta: 0.021100): 0.089898): 0.054988, ((Pavo_cristatus: 0.113710, Gallus_gallus: 0.083543): 0.016421, ((Chrysolophus_pictus: 0.063967, Phasianus_colchicus: 0.101120): 0.000004, Syrmaticus_mikado: 0.076054): 0.110991): 0.000004): 0.024186): 0.091219): 0.014004, Numida_meleagris: 0.198155): 0.088391, Penelope_pileata: 0.103592): 0.006617): 0.085821, (Anseranas_semipalmata: 0.090590, ((Oxyura_jamaicensis: 0.059026, (Cygnus_atratus: 0.007427, Anser_cygnoides: 0.014978): 0.009041): 0.008621, (Aythya_fuligula: 0.014718, Anas_platyrhynchos: 0.022577): 0.043099): 0.075764): 0.042908): 0.011557, (((Corythaeola_cristata: 0.053883, Tauraco_erythrolophus: 0.125301): 0.057645, Cuculus_canorus: 0.243301): 0.005191, ((((((Picoides_pubescens: 0.263319, Apaloderma_vittatum: 0.128702): 0.042944, Colius_striatus: 0.320489): 0.000004, Buceros_rhinoceros: 0.183654): 0.000004, (Merops_nubicus: 0.139531, Leptosomus_discolor: 0.131200): 0.000004): 0.000004, ((Melopsittacus_undulatus: 0.038156, Nestor_notabilis: 0.101062): 0.048535, (Athene_cunicularia: 0.092770, Tyto_alba_alba: 0.095296): 0.005348): 0.011954): 0.000004, (Acanthisitta_chloris: 0.124753, (((((Corapipo_altera: 0.037113, Chiroxiphia_lanceolata: 0.014787): 0.000004, (Pipra_filicauda: 0.007333, (Lepidothrix_coronata: 0.000004, Manacus_vitellinus: 0.007327): 0.000004): 0.007336): 0.000004, Neopelma_chrysocephalum: 0.044752): 0.022368, Empidonax_traillii: 0.045594): 0.042587, (((((Catharus_ustulatus: 0.100246, Ficedula_albicollis: 0.070715): 0.021162, Sturnus_vulgaris: 0.099171): 0.024700, Stachyridopsis_ruficeps: 0.122737): 0.000004, ((Parus_major: 0.014932, Cyanistes_caeruleus: 0.000004): 0.000004, Pseudopodoces_humilis: 0.022465): 0.060007): 0.000004, ((Zonotrichia_albicollis: 0.044894, (Camarhynchus_parvulus: 0.000004, Geospiza_fortis: 0.000004): 0.060958): 0.029405, ((Passer_domesticus: 0.077267, (Molothrus_ater: 0.049908, Serinus_canaria: 0.090804): 0.025357): 0.000004, ((Lonchura_Striata_domestica: 0.025049, Taeniopygia_guttata: 0.042862): 0.023273, Erythrura_gouldiae: 0.034445): 0.039973): 0.000004): 0.030598): 0.063880): 0.000004): 0.040230): 0.007698): 0.133524): 0.132831);

Detailed output identifying parameters

w (dN/dS) for branches:  0.20608 1.23483 0.36385

dN & dS for each branch

 branch          t       N       S   dN/dS      dN      dS  N*dN  S*dS

  68..69     0.018   326.8    99.2  0.2061  0.0032  0.0156   1.0   1.5
  69..70     0.017   326.8    99.2  0.2061  0.0030  0.0145   1.0   1.4
  70..71     0.023   326.8    99.2  0.2061  0.0041  0.0200   1.3   2.0
  71..72     0.043   326.8    99.2  0.2061  0.0075  0.0363   2.4   3.6
  72..49     0.000   326.8    99.2  0.2061  0.0000  0.0000   0.0   0.0
  72..50     0.000   326.8    99.2  0.2061  0.0000  0.0000   0.0   0.0
  71..73     0.066   326.8    99.2  0.2061  0.0115  0.0559   3.8   5.5
  73..51     0.046   326.8    99.2  0.2061  0.0081  0.0392   2.6   3.9
  73..52     0.000   326.8    99.2  0.2061  0.0000  0.0000   0.0   0.0
  70..54     0.118   326.8    99.2  0.2061  0.0207  0.1005   6.8  10.0
  69..55     0.084   326.8    99.2  0.2061  0.0147  0.0714   4.8   7.1
  68..53     0.340   326.8    99.2  0.2061  0.0597  0.2896  19.5  28.7
  68..74     0.133   326.8    99.2  0.2061  0.0233  0.1133   7.6  11.2
  74..75     0.012   326.8    99.2  0.2061  0.0020  0.0099   0.7   1.0
  75..76     0.086   326.8    99.2  0.2061  0.0151  0.0732   4.9   7.3
  76..62     0.140   326.8    99.2  0.2061  0.0247  0.1197   8.1  11.9
  76..77     0.007   326.8    99.2  0.2061  0.0012  0.0056   0.4   0.6
  77..78     0.088   326.8    99.2  0.2061  0.0155  0.0754   5.1   7.5
  78..79     0.014   326.8    99.2  0.2061  0.0025  0.0119   0.8   1.2
  79..80     0.066   326.8    99.2  0.2061  0.0116  0.0564   3.8   5.6
  80..81     0.030   326.8    99.2  0.2061  0.0052  0.0252   1.7   2.5
  81..64     0.031   326.8    99.2  0.2061  0.0054  0.0261   1.8   2.6
  81..65     0.029   326.8    99.2  0.2061  0.0051  0.0247   1.7   2.5
  80..66     0.089   326.8    99.2  1.2348  0.0310  0.0251  10.1   2.5
  79..82     0.091   326.8    99.2  0.2061  0.0160  0.0778   5.2   7.7
  82..1      0.232   326.8    99.2  1.2348  0.0808  0.0654  26.4   6.5
  82..83     0.024   326.8    99.2  0.2061  0.0043  0.0206   1.4   2.0
  83..84     0.055   326.8    99.2  0.2061  0.0097  0.0469   3.2   4.6
  84..2      0.241   326.8    99.2  1.2348  0.0840  0.0680  27.4   6.7
  84..85     0.090   326.8    99.2  1.2348  0.0314  0.0254  10.2   2.5
  85..86     0.000   326.8    99.2  0.3639  0.0000  0.0000   0.0   0.0
  86..6      0.085   326.8    99.2  0.3639  0.0200  0.0550   6.5   5.5
  86..87     0.018   326.8    99.2  0.3639  0.0043  0.0119   1.4   1.2
  87..8      0.039   326.8    99.2  0.3639  0.0093  0.0255   3.0   2.5
  87..9      0.047   326.8    99.2  0.3639  0.0112  0.0308   3.7   3.1
  85..7      0.021   326.8    99.2  0.3639  0.0050  0.0137   1.6   1.4
  83..88     0.000   326.8    99.2  0.2061  0.0000  0.0000   0.0   0.0
  88..89     0.016   326.8    99.2  0.2061  0.0029  0.0140   0.9   1.4
  89..10     0.114   326.8    99.2  1.2348  0.0397  0.0321  13.0   3.2
  89..11     0.084   326.8    99.2  1.2348  0.0291  0.0236   9.5   2.3
  88..90     0.111   326.8    99.2  0.2061  0.0195  0.0946   6.4   9.4
  90..91     0.000   326.8    99.2  0.2061  0.0000  0.0000   0.0   0.0
  91..3      0.064   326.8    99.2  0.2061  0.0112  0.0545   3.7   5.4
  91..5      0.101   326.8    99.2  0.2061  0.0178  0.0862   5.8   8.6
  90..4      0.076   326.8    99.2  1.2348  0.0265  0.0215   8.7   2.1
  78..67     0.198   326.8    99.2  1.2348  0.0691  0.0560  22.6   5.6
  77..63     0.104   326.8    99.2  0.2061  0.0182  0.0883   6.0   8.8
  75..92     0.043   326.8    99.2  0.2061  0.0075  0.0366   2.5   3.6
  92..56     0.091   326.8    99.2  0.2061  0.0159  0.0772   5.2   7.7
  92..93     0.076   326.8    99.2  0.2061  0.0133  0.0646   4.4   6.4
  93..94     0.009   326.8    99.2  0.2061  0.0015  0.0074   0.5   0.7
  94..57     0.059   326.8    99.2  0.2061  0.0104  0.0503   3.4   5.0
  94..95     0.009   326.8    99.2  0.2061  0.0016  0.0077   0.5   0.8
  95..58     0.007   326.8    99.2  0.2061  0.0013  0.0063   0.4   0.6
  95..59     0.015   326.8    99.2  0.2061  0.0026  0.0128   0.9   1.3
  93..96     0.043   326.8    99.2  0.2061  0.0076  0.0368   2.5   3.6
  96..60     0.015   326.8    99.2  0.2061  0.0026  0.0126   0.8   1.2
  96..61     0.023   326.8    99.2  0.2061  0.0040  0.0193   1.3   1.9
  74..97     0.134   326.8    99.2  0.2061  0.0235  0.1139   7.7  11.3
  97..98     0.005   326.8    99.2  0.2061  0.0009  0.0044   0.3   0.4
  98..99     0.058   326.8    99.2  0.2061  0.0101  0.0492   3.3   4.9
  99..12     0.054   326.8    99.2  0.2061  0.0095  0.0459   3.1   4.6
  99..13     0.125   326.8    99.2  0.2061  0.0220  0.1068   7.2  10.6
  98..17     0.243   326.8    99.2  0.2061  0.0428  0.2075  14.0  20.6
  97..100    0.008   326.8    99.2  0.2061  0.0014  0.0066   0.4   0.7
 100..101    0.000   326.8    99.2  0.2061  0.0000  0.0000   0.0   0.0
 101..102    0.000   326.8    99.2  0.2061  0.0000  0.0000   0.0   0.0
 102..103    0.000   326.8    99.2  0.2061  0.0000  0.0000   0.0   0.0
 103..104    0.000   326.8    99.2  0.2061  0.0000  0.0000   0.0   0.0
 104..105    0.043   326.8    99.2  0.2061  0.0075  0.0366   2.5   3.6
 105..14     0.263   326.8    99.2  0.2061  0.0463  0.2245  15.1  22.3
 105..19     0.129   326.8    99.2  0.2061  0.0226  0.1097   7.4  10.9
 104..20     0.320   326.8    99.2  0.2061  0.0563  0.2733  18.4  27.1
 103..15     0.184   326.8    99.2  0.2061  0.0323  0.1566  10.5  15.5
 102..106    0.000   326.8    99.2  0.2061  0.0000  0.0000   0.0   0.0
 106..18     0.140   326.8    99.2  0.2061  0.0245  0.1190   8.0  11.8
 106..44     0.131   326.8    99.2  0.2061  0.0231  0.1119   7.5  11.1
 101..107    0.012   326.8    99.2  0.2061  0.0021  0.0102   0.7   1.0
 107..108    0.049   326.8    99.2  0.2061  0.0085  0.0414   2.8   4.1
 108..48     0.038   326.8    99.2  0.2061  0.0067  0.0325   2.2   3.2
 108..47     0.101   326.8    99.2  0.2061  0.0178  0.0862   5.8   8.5
 107..109    0.005   326.8    99.2  0.2061  0.0009  0.0046   0.3   0.5
 109..46     0.093   326.8    99.2  0.2061  0.0163  0.0791   5.3   7.8
 109..16     0.095   326.8    99.2  0.2061  0.0167  0.0813   5.5   8.1
 100..110    0.040   326.8    99.2  0.2061  0.0071  0.0343   2.3   3.4
 110..45     0.125   326.8    99.2  0.2061  0.0219  0.1064   7.2  10.5
 110..111    0.000   326.8    99.2  0.2061  0.0000  0.0000   0.0   0.0
 111..112    0.043   326.8    99.2  0.2061  0.0075  0.0363   2.4   3.6
 112..113    0.022   326.8    99.2  0.2061  0.0039  0.0191   1.3   1.9
 113..114    0.000   326.8    99.2  0.2061  0.0000  0.0000   0.0   0.0
 114..115    0.000   326.8    99.2  0.2061  0.0000  0.0000   0.0   0.0
 115..30     0.037   326.8    99.2  0.2061  0.0065  0.0316   2.1   3.1
 115..31     0.015   326.8    99.2  0.2061  0.0026  0.0126   0.8   1.3
 114..116    0.007   326.8    99.2  0.2061  0.0013  0.0063   0.4   0.6
 116..32     0.007   326.8    99.2  0.2061  0.0013  0.0063   0.4   0.6
 116..117    0.000   326.8    99.2  0.2061  0.0000  0.0000   0.0   0.0
 117..34     0.000   326.8    99.2  0.2061  0.0000  0.0000   0.0   0.0
 117..35     0.007   326.8    99.2  0.2061  0.0013  0.0062   0.4   0.6
 113..33     0.045   326.8    99.2  0.2061  0.0079  0.0382   2.6   3.8
 112..36     0.046   326.8    99.2  0.2061  0.0080  0.0389   2.6   3.9
 111..118    0.064   326.8    99.2  0.2061  0.0112  0.0545   3.7   5.4
 118..119    0.000   326.8    99.2  0.2061  0.0000  0.0000   0.0   0.0
 119..120    0.000   326.8    99.2  0.2061  0.0000  0.0000   0.0   0.0
 120..121    0.025   326.8    99.2  0.2061  0.0043  0.0211   1.4   2.1
 121..122    0.021   326.8    99.2  0.2061  0.0037  0.0180   1.2   1.8
 122..37     0.100   326.8    99.2  0.2061  0.0176  0.0855   5.8   8.5
 122..38     0.071   326.8    99.2  0.2061  0.0124  0.0603   4.1   6.0
 121..39     0.099   326.8    99.2  0.2061  0.0174  0.0846   5.7   8.4
 120..40     0.123   326.8    99.2  0.2061  0.0216  0.1047   7.0  10.4
 119..123    0.060   326.8    99.2  0.2061  0.0105  0.0512   3.4   5.1
 123..124    0.000   326.8    99.2  0.2061  0.0000  0.0000   0.0   0.0
 124..41     0.015   326.8    99.2  0.2061  0.0026  0.0127   0.9   1.3
 124..42     0.000   326.8    99.2  0.2061  0.0000  0.0000   0.0   0.0
 123..43     0.022   326.8    99.2  0.2061  0.0039  0.0192   1.3   1.9
 118..125    0.031   326.8    99.2  0.2061  0.0054  0.0261   1.8   2.6
 125..126    0.029   326.8    99.2  0.2061  0.0052  0.0251   1.7   2.5
 126..21     0.045   326.8    99.2  0.2061  0.0079  0.0383   2.6   3.8
 126..127    0.061   326.8    99.2  0.2061  0.0107  0.0520   3.5   5.2
 127..23     0.000   326.8    99.2  0.2061  0.0000  0.0000   0.0   0.0
 127..24     0.000   326.8    99.2  0.2061  0.0000  0.0000   0.0   0.0
 125..128    0.000   326.8    99.2  0.2061  0.0000  0.0000   0.0   0.0
 128..129    0.000   326.8    99.2  0.2061  0.0000  0.0000   0.0   0.0
 129..29     0.077   326.8    99.2  0.2061  0.0136  0.0659   4.4   6.5
 129..130    0.025   326.8    99.2  0.2061  0.0045  0.0216   1.5   2.1
 130..22     0.050   326.8    99.2  0.2061  0.0088  0.0426   2.9   4.2
 130..25     0.091   326.8    99.2  0.2061  0.0160  0.0774   5.2   7.7
 128..131    0.040   326.8    99.2  0.2061  0.0070  0.0341   2.3   3.4
 131..132    0.023   326.8    99.2  0.2061  0.0041  0.0198   1.3   2.0
 132..26     0.025   326.8    99.2  0.2061  0.0044  0.0214   1.4   2.1
 132..27     0.043   326.8    99.2  0.2061  0.0075  0.0366   2.5   3.6
 131..28     0.034   326.8    99.2  0.2061  0.0061  0.0294   2.0   2.9

tree length for dN:       1.5210
tree length for dS:       5.6922

dS tree:
(((((Apteryx_rowi: 0.000003, Apteryx_australis_mantelli: 0.000003): 0.036337, (Dromaius_novaehollandiae: 0.039215, Casuarius_casuarius: 0.000003): 0.055900): 0.019986, Rhea_americana: 0.100450): 0.014488, Struthio_camelus_australis: 0.071352): 0.015552, Nothoprocta_perdicaria: 0.289551, (((Alectura_lathami: 0.119720, (((((Colinus_virginianus: 0.026124, Callipepla_squamata: 0.024730): 0.025163, Odontophorus_gujanensis: 0.025142): 0.056402, (Coturnix_japonica: 0.065441, ((Meleagris_gallopavo: 0.068015, ((Lyrurus_tetrix: 0.055045, (Tympanuchus_cupido: 0.025526, Centrocercus_minimus: 0.030779): 0.011948): 0.000003, Lagopus_muta: 0.013739): 0.025391): 0.046891, ((Pavo_cristatus: 0.032117, Gallus_gallus: 0.023596): 0.014003, ((Chrysolophus_pictus: 0.054547, Phasianus_colchicus: 0.086230): 0.000003, Syrmaticus_mikado: 0.021481): 0.094647): 0.000003): 0.020624): 0.077786): 0.011942, Numida_meleagris: 0.055968): 0.075375, Penelope_pileata: 0.088338): 0.005642): 0.073183, (Anseranas_semipalmata: 0.077250, ((Oxyura_jamaicensis: 0.050334, (Cygnus_atratus: 0.006333, Anser_cygnoides: 0.012773): 0.007710): 0.007351, (Aythya_fuligula: 0.012551, Anas_platyrhynchos: 0.019253): 0.036753): 0.064607): 0.036590): 0.009856, (((Corythaeola_cristata: 0.045948, Tauraco_erythrolophus: 0.106850): 0.049157, Cuculus_canorus: 0.207473): 0.004426, ((((((Picoides_pubescens: 0.224544, Apaloderma_vittatum: 0.109750): 0.036620, Colius_striatus: 0.273295): 0.000003, Buceros_rhinoceros: 0.156610): 0.000003, (Merops_nubicus: 0.118984, Leptosomus_discolor: 0.111880): 0.000003): 0.000003, ((Melopsittacus_undulatus: 0.032537, Nestor_notabilis: 0.086180): 0.041388, (Athene_cunicularia: 0.079109, Tyto_alba_alba: 0.081263): 0.004561): 0.010194): 0.000003, (Acanthisitta_chloris: 0.106383, (((((Corapipo_altera: 0.031648, Chiroxiphia_lanceolata: 0.012610): 0.000003, (Pipra_filicauda: 0.006254, (Lepidothrix_coronata: 0.000003, Manacus_vitellinus: 0.006248): 0.000003): 0.006256): 0.000003, Neopelma_chrysocephalum: 0.038162): 0.019075, Empidonax_traillii: 0.038880): 0.036315, (((((Catharus_ustulatus: 0.085484, Ficedula_albicollis: 0.060301): 0.018046, Sturnus_vulgaris: 0.084568): 0.021062, Stachyridopsis_ruficeps: 0.104663): 0.000003, ((Parus_major: 0.012733, Cyanistes_caeruleus: 0.000003): 0.000003, Pseudopodoces_humilis: 0.019157): 0.051171): 0.000003, ((Zonotrichia_albicollis: 0.038283, (Camarhynchus_parvulus: 0.000003, Geospiza_fortis: 0.000003): 0.051981): 0.025075, ((Passer_domesticus: 0.065889, (Molothrus_ater: 0.042558, Serinus_canaria: 0.077433): 0.021623): 0.000003, ((Lonchura_Striata_domestica: 0.021360, Taeniopygia_guttata: 0.036551): 0.019846, Erythrura_gouldiae: 0.029372): 0.034087): 0.000003): 0.026092): 0.054473): 0.000003): 0.034306): 0.006564): 0.113862): 0.113271);
dN tree:
(((((Apteryx_rowi: 0.000001, Apteryx_australis_mantelli: 0.000001): 0.007489, (Dromaius_novaehollandiae: 0.008082, Casuarius_casuarius: 0.000001): 0.011520): 0.004119, Rhea_americana: 0.020701): 0.002986, Struthio_camelus_australis: 0.014705): 0.003205, Nothoprocta_perdicaria: 0.059672, (((Alectura_lathami: 0.024672, (((((Colinus_virginianus: 0.005384, Callipepla_squamata: 0.005096): 0.005186, Odontophorus_gujanensis: 0.031046): 0.011623, (Coturnix_japonica: 0.080808, ((Meleagris_gallopavo: 0.083987, ((Lyrurus_tetrix: 0.020028, (Tympanuchus_cupido: 0.009288, Centrocercus_minimus: 0.011199): 0.004347): 0.000001, Lagopus_muta: 0.004999): 0.031354): 0.009664, ((Pavo_cristatus: 0.039659, Gallus_gallus: 0.029137): 0.002886, ((Chrysolophus_pictus: 0.011241, Phasianus_colchicus: 0.017771): 0.000001, Syrmaticus_mikado: 0.026525): 0.019505): 0.000001): 0.004250): 0.016031): 0.002461, Numida_meleagris: 0.069111): 0.015534, Penelope_pileata: 0.018205): 0.001163): 0.015082, (Anseranas_semipalmata: 0.015920, ((Oxyura_jamaicensis: 0.010373, (Cygnus_atratus: 0.001305, Anser_cygnoides: 0.002632): 0.001589): 0.001515, (Aythya_fuligula: 0.002586, Anas_platyrhynchos: 0.003968): 0.007574): 0.013315): 0.007541): 0.002031, (((Corythaeola_cristata: 0.009469, Tauraco_erythrolophus: 0.022020): 0.010130, Cuculus_canorus: 0.042757): 0.000912, ((((((Picoides_pubescens: 0.046275, Apaloderma_vittatum: 0.022618): 0.007547, Colius_striatus: 0.056322): 0.000001, Buceros_rhinoceros: 0.032275): 0.000001, (Merops_nubicus: 0.024521, Leptosomus_discolor: 0.023057): 0.000001): 0.000001, ((Melopsittacus_undulatus: 0.006705, Nestor_notabilis: 0.017760): 0.008529, (Athene_cunicularia: 0.016303, Tyto_alba_alba: 0.016747): 0.000940): 0.002101): 0.000001, (Acanthisitta_chloris: 0.021924, (((((Corapipo_altera: 0.006522, Chiroxiphia_lanceolata: 0.002599): 0.000001, (Pipra_filicauda: 0.001289, (Lepidothrix_coronata: 0.000001, Manacus_vitellinus: 0.001288): 0.000001): 0.001289): 0.000001, Neopelma_chrysocephalum: 0.007865): 0.003931, Empidonax_traillii: 0.008013): 0.007484, (((((Catharus_ustulatus: 0.017617, Ficedula_albicollis: 0.012427): 0.003719, Sturnus_vulgaris: 0.017428): 0.004341, Stachyridopsis_ruficeps: 0.021569): 0.000001, ((Parus_major: 0.002624, Cyanistes_caeruleus: 0.000001): 0.000001, Pseudopodoces_humilis: 0.003948): 0.010545): 0.000001, ((Zonotrichia_albicollis: 0.007890, (Camarhynchus_parvulus: 0.000001, Geospiza_fortis: 0.000001): 0.010713): 0.005168, ((Passer_domesticus: 0.013579, (Molothrus_ater: 0.008771, Serinus_canaria: 0.015958): 0.004456): 0.000001, ((Lonchura_Striata_domestica: 0.004402, Taeniopygia_guttata: 0.007533): 0.004090, Erythrura_gouldiae: 0.006053): 0.007025): 0.000001): 0.005377): 0.011226): 0.000001): 0.007070): 0.001353): 0.023465): 0.023343);

w ratios as labels for TreeView:
(((((Apteryx_rowi #0.206084 , Apteryx_australis_mantelli #0.206084 ) #0.206084 , (Dromaius_novaehollandiae #0.206084 , Casuarius_casuarius #0.206084 ) #0.206084 ) #0.206084 , Rhea_americana #0.206084 ) #0.206084 , Struthio_camelus_australis #0.206084 ) #0.206084 , Nothoprocta_perdicaria #0.206084 , (((Alectura_lathami #0.206084 , (((((Colinus_virginianus #0.206084 , Callipepla_squamata #0.206084 ) #0.206084 , Odontophorus_gujanensis #1.23483 ) #0.206084 , (Coturnix_japonica #1.23483 , ((Meleagris_gallopavo #1.23483 , ((Lyrurus_tetrix #0.363852 , (Tympanuchus_cupido #0.363852 , Centrocercus_minimus #0.363852 ) #0.363852 ) #0.363852 , Lagopus_muta #0.363852 ) #1.23483 ) #0.206084 , ((Pavo_cristatus #1.23483 , Gallus_gallus #1.23483 ) #0.206084 , ((Chrysolophus_pictus #0.206084 , Phasianus_colchicus #0.206084 ) #0.206084 , Syrmaticus_mikado #1.23483 ) #0.206084 ) #0.206084 ) #0.206084 ) #0.206084 ) #0.206084 , Numida_meleagris #1.23483 ) #0.206084 , Penelope_pileata #0.206084 ) #0.206084 ) #0.206084 , (Anseranas_semipalmata #0.206084 , ((Oxyura_jamaicensis #0.206084 , (Cygnus_atratus #0.206084 , Anser_cygnoides #0.206084 ) #0.206084 ) #0.206084 , (Aythya_fuligula #0.206084 , Anas_platyrhynchos #0.206084 ) #0.206084 ) #0.206084 ) #0.206084 ) #0.206084 , (((Corythaeola_cristata #0.206084 , Tauraco_erythrolophus #0.206084 ) #0.206084 , Cuculus_canorus #0.206084 ) #0.206084 , ((((((Picoides_pubescens #0.206084 , Apaloderma_vittatum #0.206084 ) #0.206084 , Colius_striatus #0.206084 ) #0.206084 , Buceros_rhinoceros #0.206084 ) #0.206084 , (Merops_nubicus #0.206084 , Leptosomus_discolor #0.206084 ) #0.206084 ) #0.206084 , ((Melopsittacus_undulatus #0.206084 , Nestor_notabilis #0.206084 ) #0.206084 , (Athene_cunicularia #0.206084 , Tyto_alba_alba #0.206084 ) #0.206084 ) #0.206084 ) #0.206084 , (Acanthisitta_chloris #0.206084 , (((((Corapipo_altera #0.206084 , Chiroxiphia_lanceolata #0.206084 ) #0.206084 , (Pipra_filicauda #0.206084 , (Lepidothrix_coronata #0.206084 , Manacus_vitellinus #0.206084 ) #0.206084 ) #0.206084 ) #0.206084 , Neopelma_chrysocephalum #0.206084 ) #0.206084 , Empidonax_traillii #0.206084 ) #0.206084 , (((((Catharus_ustulatus #0.206084 , Ficedula_albicollis #0.206084 ) #0.206084 , Sturnus_vulgaris #0.206084 ) #0.206084 , Stachyridopsis_ruficeps #0.206084 ) #0.206084 , ((Parus_major #0.206084 , Cyanistes_caeruleus #0.206084 ) #0.206084 , Pseudopodoces_humilis #0.206084 ) #0.206084 ) #0.206084 , ((Zonotrichia_albicollis #0.206084 , (Camarhynchus_parvulus #0.206084 , Geospiza_fortis #0.206084 ) #0.206084 ) #0.206084 , ((Passer_domesticus #0.206084 , (Molothrus_ater #0.206084 , Serinus_canaria #0.206084 ) #0.206084 ) #0.206084 , ((Lonchura_Striata_domestica #0.206084 , Taeniopygia_guttata #0.206084 ) #0.206084 , Erythrura_gouldiae #0.206084 ) #0.206084 ) #0.206084 ) #0.206084 ) #0.206084 ) #0.206084 ) #0.206084 ) #0.206084 ) #0.206084 ) #0.206084 );


Time used: 24:50
