CODONML (in paml version 4.9f, October 2017)  upto_Erythrura_gouldiae.aln
Model: several dN/dS ratios for branches for branches,  kappa = 1.000 fixed

Codon frequency model: F1x4
ns =  67  ls = 142

Codon usage in sequences
--------------------------------------------------------------------------------------------------------------------------------------
Phe TTT   2   1   2   2   2   4 | Ser TCT   2   3   1   2   2   2 | Tyr TAT   3   4   3   3   2   4 | Cys TGT   1   3   4   3   4   3
    TTC   2   3   3   4   3   2 |     TCC   2   1   0   0   0   1 |     TAC   2   2   2   1   3   1 |     TGC   4   1   3   2   3   2
Leu TTA   2   2   2   2   2   1 |     TCA   2   2   2   2   2   2 | *** TAA   0   0   0   0   0   0 | *** TGA   0   0   0   0   0   0
    TTG   3   4   2   1   3   2 |     TCG   0   0   0   0   0   0 |     TAG   0   0   0   0   0   0 | Trp TGG   1   2   0   1   1   2
--------------------------------------------------------------------------------------------------------------------------------------
Leu CTT   2   2   3   3   4   1 | Pro CCT   3   2   3   2   2   1 | His CAT   4   2   3   2   2   1 | Arg CGT   0   0   1   1   0   1
    CTC   0   0   0   0   0   0 |     CCC   0   0   0   0   0   1 |     CAC   1   3   2   3   1   4 |     CGC   0   1   0   1   1   0
    CTA   1   1   1   1   2   1 |     CCA   0   1   2   2   1   2 | Gln CAA   2   4   6   5   4   4 |     CGA   0   0   0   0   0   0
    CTG  11   8   9   9   9   7 |     CCG   0   1   1   1   1   0 |     CAG   9   7   6   5   7   7 |     CGG   0   1   0   0   0   0
--------------------------------------------------------------------------------------------------------------------------------------
Ile ATT   2   3   3   2   2   2 | Thr ACT   1   0   0   0   0   0 | Asn AAT   4   6   4   4   4   4 | Ser AGT   3   1   2   3   1   4
    ATC   1   1   1   1   1   1 |     ACC   1   1   1   1   1   1 |     AAC   3   3   3   3   3   3 |     AGC   3   4   2   1   2   2
    ATA   2   2   1   1   1   2 |     ACA   6   3   3   2   3   3 | Lys AAA   3   3   2   2   2   3 | Arg AGA   1   2   3   4   4   2
Met ATG   8   7   8   8   8   7 |     ACG   0   0   0   0   0   0 |     AAG   5   4   4   4   4   4 |     AGG   3   1   2   1   2   1
--------------------------------------------------------------------------------------------------------------------------------------
Val GTT   2   1   1   3   1   2 | Ala GCT   4   3   5   4   5   2 | Asp GAT   4   2   3   3   4   4 | Gly GGT   2   2   2   1   2   1
    GTC   2   3   2   2   2   3 |     GCC   5   3   3   4   3   2 |     GAC   2   3   4   3   4   1 |     GGC   0   1   2   1   1   1
    GTA   1   1   1   1   1   1 |     GCA   0   1   1   1   1   1 | Glu GAA   3   4   4   5   5   5 |     GGA   4   3   4   4   4   4
    GTG   4   5   4   5   5   5 |     GCG   0   0   1   0   0   1 |     GAG   1   1   1   2   1   1 |     GGG   0   2   1   1   1   2
--------------------------------------------------------------------------------------------------------------------------------------

--------------------------------------------------------------------------------------------------------------------------------------
Phe TTT   3   3   3   2   2   1 | Ser TCT   1   1   1   2   2   2 | Tyr TAT   4   4   4   3   3   2 | Cys TGT   3   4   3   2   3   1
    TTC   2   2   1   2   2   2 |     TCC   1   1   1   2   2   2 |     TAC   1   1   1   2   3   4 |     TGC   2   2   2   3   2   3
Leu TTA   1   2   1   2   2   1 |     TCA   2   2   2   2   2   3 | *** TAA   0   0   0   0   0   0 | *** TGA   0   0   0   0   0   0
    TTG   2   2   2   2   3   2 |     TCG   0   0   0   0   0   1 |     TAG   0   0   0   0   0   0 | Trp TGG   2   2   1   1   1   1
--------------------------------------------------------------------------------------------------------------------------------------
Leu CTT   2   3   2   3   2   2 | Pro CCT   2   3   3   2   3   3 | His CAT   1   2   1   1   2   0 | Arg CGT   1   0   1   2   1   1
    CTC   0   0   0   0   0   3 |     CCC   1   0   0   1   0   2 |     CAC   4   3   4   1   2   3 |     CGC   0   0   0   0   0   2
    CTA   1   1   1   2   3   0 |     CCA   2   2   2   1   1   1 | Gln CAA   3   4   4   3   4   5 |     CGA   0   0   0   0   0   0
    CTG   7   7   7   8   9   7 |     CCG   0   0   0   0   0   0 |     CAG   8   7   7   6   6   6 |     CGG   0   0   0   2   0   1
--------------------------------------------------------------------------------------------------------------------------------------
Ile ATT   3   3   3   2   3   2 | Thr ACT   0   0   0   0   0   0 | Asn AAT   3   4   3   4   4   2 | Ser AGT   3   2   3   1   3   3
    ATC   2   2   2   1   1   3 |     ACC   1   1   1   1   1   2 |     AAC   3   2   3   4   4   4 |     AGC   3   3   2   3   0   4
    ATA   2   2   2   1   1   1 |     ACA   3   3   3   3   4   2 | Lys AAA   1   1   1   3   2   4 | Arg AGA   2   3   3   3   4   2
Met ATG   7   7   7   9   8   6 |     ACG   0   0   0   0   0   1 |     AAG   5   5   5   3   4   2 |     AGG   1   1   1   1   2   1
--------------------------------------------------------------------------------------------------------------------------------------
Val GTT   1   1   1   1   1   3 | Ala GCT   3   3   3   4   4   3 | Asp GAT   5   5   5   4   4   4 | Gly GGT   1   1   1   3   4   3
    GTC   2   2   2   3   3   1 |     GCC   2   2   1   4   4   4 |     GAC   1   1   1   3   1   2 |     GGC   1   1   1   1   1   1
    GTA   1   1   1   0   2   1 |     GCA   1   1   3   1   0   2 | Glu GAA   5   6   6   4   3   4 |     GGA   4   3   3   4   3   3
    GTG   6   6   5   6   3   4 |     GCG   0   1   0   0   1   0 |     GAG   1   0   1   1   1   2 |     GGG   2   1   2   2   2   2
--------------------------------------------------------------------------------------------------------------------------------------

--------------------------------------------------------------------------------------------------------------------------------------
Phe TTT   1   1   1   1   1   1 | Ser TCT   2   3   2   2   3   2 | Tyr TAT   1   3   2   2   4   2 | Cys TGT   0   0   1   0   0   0
    TTC   2   2   3   2   2   2 |     TCC   2   1   2   2   1   2 |     TAC   5   3   3   4   2   3 |     TGC   2   2   2   2   2   3
Leu TTA   1   0   1   1   1   1 |     TCA   3   0   1   2   3   2 | *** TAA   0   0   0   0   0   0 | *** TGA   0   0   0   0   0   0
    TTG   2   2   2   2   3   2 |     TCG   0   2   0   1   0   0 |     TAG   0   0   0   0   0   0 | Trp TGG   1   1   1   1   1   1
--------------------------------------------------------------------------------------------------------------------------------------
Leu CTT   4   2   3   3   2   3 | Pro CCT   2   1   4   3   1   3 | His CAT   0   2   0   0   2   0 | Arg CGT   1   1   0   0   1   1
    CTC   2   2   1   1   2   1 |     CCC   2   2   1   1   1   2 |     CAC   4   3   4   3   2   2 |     CGC   3   1   2   3   1   1
    CTA   0   2   2   1   1   1 |     CCA   1   3   2   3   3   3 | Gln CAA   5   5   3   5   4   5 |     CGA   0   0   0   1   1   1
    CTG   7   7   6   7   7   7 |     CCG   0   1   1   0   0   0 |     CAG   7   6   8   7   6   8 |     CGG   0   3   2   1   1   1
--------------------------------------------------------------------------------------------------------------------------------------
Ile ATT   1   2   2   2   2   2 | Thr ACT   0   1   0   1   1   0 | Asn AAT   3   2   1   3   3   4 | Ser AGT   1   1   2   1   3   2
    ATC   3   2   1   2   3   2 |     ACC   2   2   2   2   2   2 |     AAC   3   2   4   3   4   2 |     AGC   4   6   4   4   3   5
    ATA   1   1   1   1   1   1 |     ACA   2   2   2   1   1   2 | Lys AAA   4   5   4   4   4   2 | Arg AGA   1   1   2   2   1   2
Met ATG   6   6   6   6   6   6 |     ACG   2   0   0   2   2   1 |     AAG   2   2   3   2   4   4 |     AGG   2   1   0   1   1   1
--------------------------------------------------------------------------------------------------------------------------------------
Val GTT   3   2   4   3   3   3 | Ala GCT   3   3   2   4   5   4 | Asp GAT   4   5   4   3   5   3 | Gly GGT   3   3   2   5   2   3
    GTC   1   1   1   1   1   1 |     GCC   4   4   3   3   3   4 |     GAC   3   1   2   2   1   3 |     GGC   2   3   4   1   0   1
    GTA   1   0   1   1   1   1 |     GCA   1   3   3   2   2   2 | Glu GAA   4   3   3   3   4   3 |     GGA   3   2   2   3   2   2
    GTG   4   5   4   4   3   4 |     GCG   1   1   2   0   2   0 |     GAG   2   3   2   3   2   3 |     GGG   3   3   3   3   4   4
--------------------------------------------------------------------------------------------------------------------------------------

--------------------------------------------------------------------------------------------------------------------------------------
Phe TTT   1   1   1   1   1   1 | Ser TCT   2   1   3   3   3   3 | Tyr TAT   3   2   1   1   1   1 | Cys TGT   0   0   0   0   0   0
    TTC   2   1   2   2   2   2 |     TCC   1   3   1   1   1   1 |     TAC   2   3   4   5   5   5 |     TGC   4   4   4   3   3   3
Leu TTA   1   1   1   1   1   1 |     TCA   2   2   1   1   1   1 | *** TAA   0   0   0   0   0   0 | *** TGA   0   0   0   0   0   0
    TTG   2   3   2   2   2   2 |     TCG   1   0   0   0   0   0 |     TAG   0   0   0   0   0   0 | Trp TGG   1   1   1   1   1   1
--------------------------------------------------------------------------------------------------------------------------------------
Leu CTT   3   4   3   3   4   4 | Pro CCT   4   2   2   3   2   2 | His CAT   1   1   1   1   1   1 | Arg CGT   0   1   0   1   0   0
    CTC   1   2   1   1   1   1 |     CCC   0   2   2   1   2   2 |     CAC   3   3   4   4   5   5 |     CGC   1   1   1   1   0   0
    CTA   1   1   0   0   0   0 |     CCA   1   1   3   3   3   3 | Gln CAA   4   6   5   5   5   5 |     CGA   1   0   0   0   0   0
    CTG   7   5   8   8   8   8 |     CCG   1   1   0   0   0   0 |     CAG   8   6   6   5   7   7 |     CGG   0   0   2   2   1   1
--------------------------------------------------------------------------------------------------------------------------------------
Ile ATT   3   3   3   4   3   3 | Thr ACT   0   2   0   0   0   0 | Asn AAT   4   2   4   4   4   4 | Ser AGT   3   0   1   1   1   1
    ATC   3   3   2   2   1   1 |     ACC   2   3   2   2   2   2 |     AAC   4   5   2   2   2   2 |     AGC   2   4   4   4   4   4
    ATA   1   0   1   1   1   1 |     ACA   3   2   2   2   2   2 | Lys AAA   5   5   3   4   6   6 | Arg AGA   3   2   2   2   2   2
Met ATG   6   6   6   6   7   7 |     ACG   0   0   1   1   0   0 |     AAG   2   2   4   3   1   1 |     AGG   1   1   1   1   1   1
--------------------------------------------------------------------------------------------------------------------------------------
Val GTT   2   1   4   2   3   3 | Ala GCT   2   3   3   3   3   3 | Asp GAT   3   3   4   4   4   4 | Gly GGT   3   3   3   3   3   3
    GTC   1   3   1   2   2   2 |     GCC   5   4   4   4   4   4 |     GAC   3   2   2   2   2   2 |     GGC   1   3   3   3   3   3
    GTA   1   1   0   0   0   0 |     GCA   1   0   3   2   2   2 | Glu GAA   3   5   3   3   3   3 |     GGA   2   3   3   3   3   3
    GTG   3   3   4   4   3   3 |     GCG   3   1   1   2   3   3 |     GAG   2   2   2   2   2   2 |     GGG   4   4   2   2   2   2
--------------------------------------------------------------------------------------------------------------------------------------

--------------------------------------------------------------------------------------------------------------------------------------
Phe TTT   1   1   1   1   1   1 | Ser TCT   4   3   3   3   3   2 | Tyr TAT   1   2   2   1   2   2 | Cys TGT   0   0   0   0   0   0
    TTC   3   2   2   2   2   2 |     TCC   1   1   1   1   1   2 |     TAC   4   4   4   4   4   4 |     TGC   4   3   3   4   3   3
Leu TTA   1   1   1   1   1   0 |     TCA   0   2   1   2   1   2 | *** TAA   0   0   0   0   0   0 | *** TGA   0   0   0   0   0   0
    TTG   3   2   2   2   2   2 |     TCG   0   0   1   0   2   0 |     TAG   0   0   0   0   0   0 | Trp TGG   1   1   1   1   1   1
--------------------------------------------------------------------------------------------------------------------------------------
Leu CTT   3   3   3   3   3   4 | Pro CCT   2   2   2   2   2   2 | His CAT   1   0   0   1   0   0 | Arg CGT   1   1   2   0   1   1
    CTC   1   1   1   1   1   1 |     CCC   1   2   2   2   2   1 |     CAC   3   4   4   4   4   3 |     CGC   1   1   0   1   1   1
    CTA   0   0   0   0   0   2 |     CCA   3   4   2   2   1   2 | Gln CAA   5   5   5   5   5   5 |     CGA   0   0   0   0   0   1
    CTG   7   8   8   8   8   7 |     CCG   1   0   2   1   1   1 |     CAG   4   4   6   6   7   7 |     CGG   4   2   1   2   1   1
--------------------------------------------------------------------------------------------------------------------------------------
Ile ATT   3   5   5   4   3   1 | Thr ACT   0   0   0   0   0   1 | Asn AAT   4   3   4   4   4   5 | Ser AGT   1   2   1   1   1   2
    ATC   1   2   2   2   2   3 |     ACC   2   2   2   2   1   2 |     AAC   3   3   3   3   2   2 |     AGC   4   4   4   4   5   3
    ATA   1   1   1   1   1   1 |     ACA   3   3   3   3   3   3 | Lys AAA   3   4   4   2   4   5 | Arg AGA   3   1   1   2   2   1
Met ATG   6   6   6   6   6   6 |     ACG   0   0   0   0   1   0 |     AAG   2   5   4   4   2   2 |     AGG   1   1   1   1   1   1
--------------------------------------------------------------------------------------------------------------------------------------
Val GTT   4   1   1   2   3   3 | Ala GCT   2   3   3   3   3   3 | Asp GAT   4   4   4   4   4   4 | Gly GGT   3   3   4   3   3   4
    GTC   2   2   2   2   2   1 |     GCC   4   4   4   4   4   4 |     GAC   2   2   2   2   3   2 |     GGC   3   3   2   3   2   2
    GTA   0   0   0   0   0   2 |     GCA   1   0   1   0   2   1 | Glu GAA   3   4   4   5   2   4 |     GGA   3   3   3   3   4   4
    GTG   5   4   4   4   3   3 |     GCG   3   2   1   2   1   1 |     GAG   1   1   1   1   3   2 |     GGG   2   2   2   2   2   1
--------------------------------------------------------------------------------------------------------------------------------------

--------------------------------------------------------------------------------------------------------------------------------------
Phe TTT   1   1   1   1   1   1 | Ser TCT   2   2   2   2   2   2 | Tyr TAT   2   2   2   2   2   2 | Cys TGT   0   0   0   0   0   0
    TTC   2   2   2   2   2   3 |     TCC   2   2   2   2   2   2 |     TAC   4   4   4   4   4   4 |     TGC   3   2   3   2   2   3
Leu TTA   0   0   0   0   0   1 |     TCA   1   1   1   1   2   1 | *** TAA   0   0   0   0   0   0 | *** TGA   0   0   0   0   0   0
    TTG   3   2   2   2   2   2 |     TCG   1   1   1   1   0   1 |     TAG   0   0   0   0   0   0 | Trp TGG   1   1   1   1   1   1
--------------------------------------------------------------------------------------------------------------------------------------
Leu CTT   4   4   4   4   4   3 | Pro CCT   2   2   1   2   2   3 | His CAT   0   0   0   0   0   0 | Arg CGT   1   1   2   1   1   1
    CTC   1   1   1   1   1   1 |     CCC   1   1   1   1   1   2 |     CAC   3   3   3   3   3   2 |     CGC   1   2   0   2   2   1
    CTA   2   2   2   2   2   2 |     CCA   2   2   3   2   2   1 | Gln CAA   5   5   6   5   5   5 |     CGA   1   1   1   1   1   1
    CTG   6   7   7   7   7   6 |     CCG   1   1   1   1   1   2 |     CAG   7   7   6   7   7   7 |     CGG   1   1   1   1   1   1
--------------------------------------------------------------------------------------------------------------------------------------
Ile ATT   2   2   2   2   2   1 | Thr ACT   0   0   1   0   0   0 | Asn AAT   4   4   3   4   4   4 | Ser AGT   3   3   3   3   3   3
    ATC   3   3   3   3   3   3 |     ACC   2   2   2   2   2   2 |     AAC   3   3   3   3   3   3 |     AGC   2   2   2   2   2   2
    ATA   1   1   1   1   1   1 |     ACA   3   3   3   3   3   3 | Lys AAA   5   5   5   5   5   5 | Arg AGA   1   1   1   1   1   1
Met ATG   6   6   6   6   6   6 |     ACG   0   0   0   0   0   0 |     AAG   2   2   2   2   2   2 |     AGG   1   1   1   1   1   1
--------------------------------------------------------------------------------------------------------------------------------------
Val GTT   3   3   3   3   3   3 | Ala GCT   3   3   3   3   3   3 | Asp GAT   4   4   4   4   4   4 | Gly GGT   3   3   3   3   3   4
    GTC   1   1   1   1   1   1 |     GCC   4   4   4   4   4   4 |     GAC   2   2   2   2   2   2 |     GGC   2   2   2   2   2   2
    GTA   2   2   2   2   2   2 |     GCA   1   1   1   1   1   1 | Glu GAA   4   4   4   4   4   4 |     GGA   5   4   4   4   4   4
    GTG   3   2   2   3   3   3 |     GCG   1   2   2   1   1   1 |     GAG   2   2   2   2   2   2 |     GGG   1   2   2   2   2   1
--------------------------------------------------------------------------------------------------------------------------------------

--------------------------------------------------------------------------------------------------------------------------------------
Phe TTT   1   1   2   1   1   1 | Ser TCT   4   3   3   3   3   3 | Tyr TAT   1   1   2   2   2   2 | Cys TGT   1   1   2   0   0   0
    TTC   2   2   2   2   2   2 |     TCC   0   2   2   1   1   1 |     TAC   5   4   4   4   4   4 |     TGC   3   3   1   4   3   3
Leu TTA   1   1   1   1   1   1 |     TCA   1   0   1   1   1   1 | *** TAA   0   0   0   0   0   0 | *** TGA   0   0   0   0   0   0
    TTG   3   2   3   3   2   2 |     TCG   1   2   1   1   1   1 |     TAG   0   0   0   0   0   0 | Trp TGG   1   1   1   1   1   1
--------------------------------------------------------------------------------------------------------------------------------------
Leu CTT   2   3   3   3   3   3 | Pro CCT   1   1   3   1   2   2 | His CAT   0   0   0   1   1   1 | Arg CGT   2   1   1   0   1   1
    CTC   1   1   1   1   0   1 |     CCC   2   1   1   3   2   2 |     CAC   3   3   2   3   2   2 |     CGC   1   2   3   1   1   1
    CTA   2   1   1   1   1   1 |     CCA   2   2   2   2   1   1 | Gln CAA   3   3   5   6   5   5 |     CGA   0   1   0   0   0   0
    CTG   6   7   6   7   8   7 |     CCG   1   1   0   1   2   2 |     CAG   7   8   6   5   8   8 |     CGG   2   2   2   2   1   1
--------------------------------------------------------------------------------------------------------------------------------------
Ile ATT   2   2   3   3   3   3 | Thr ACT   1   1   1   0   0   0 | Asn AAT   3   4   4   3   4   4 | Ser AGT   2   1   2   3   1   1
    ATC   2   2   1   2   2   2 |     ACC   2   2   2   2   2   2 |     AAC   3   2   3   3   3   3 |     AGC   4   4   3   3   5   4
    ATA   1   1   1   1   1   1 |     ACA   3   3   3   2   3   3 | Lys AAA   4   3   5   4   4   4 | Arg AGA   2   1   1   2   2   2
Met ATG   6   6   5   6   6   6 |     ACG   0   0   1   1   0   0 |     AAG   3   3   2   2   2   2 |     AGG   1   1   1   1   1   1
--------------------------------------------------------------------------------------------------------------------------------------
Val GTT   4   4   3   3   3   3 | Ala GCT   3   3   4   3   3   3 | Asp GAT   4   4   4   3   4   4 | Gly GGT   2   3   2   4   3   3
    GTC   2   2   2   2   1   1 |     GCC   4   4   4   3   4   4 |     GAC   2   3   2   3   2   2 |     GGC   2   3   2   3   2   3
    GTA   0   0   0   0   0   0 |     GCA   1   1   0   0   2   2 | Glu GAA   4   3   4   3   4   4 |     GGA   4   3   3   2   3   3
    GTG   4   4   4   5   5   5 |     GCG   1   1   2   2   0   0 |     GAG   2   3   2   2   2   2 |     GGG   2   2   2   2   2   2
--------------------------------------------------------------------------------------------------------------------------------------

--------------------------------------------------------------------------------------------------------------------------------------
Phe TTT   1   1   1   1   1   1 | Ser TCT   3   2   2   1   2   2 | Tyr TAT   2   3   2   2   1   2 | Cys TGT   0   0   0   0   0   1
    TTC   2   2   2   2   2   2 |     TCC   1   2   3   2   2   2 |     TAC   4   3   4   4   5   4 |     TGC   3   3   3   3   3   2
Leu TTA   1   1   1   3   2   1 |     TCA   1   1   1   2   2   2 | *** TAA   0   0   0   0   0   0 | *** TGA   0   0   0   0   0   0
    TTG   2   2   2   0   1   2 |     TCG   1   1   0   0   1   0 |     TAG   0   0   0   0   0   0 | Trp TGG   1   1   1   1   1   1
--------------------------------------------------------------------------------------------------------------------------------------
Leu CTT   3   3   2   2   2   2 | Pro CCT   2   2   3   2   2   3 | His CAT   1   0   0   2   1   1 | Arg CGT   1   1   0   1   1   1
    CTC   1   1   1   2   2   2 |     CCC   2   2   1   2   2   1 |     CAC   2   4   3   2   3   2 |     CGC   1   2   1   1   1   1
    CTA   1   2   1   1   1   1 |     CCA   2   3   2   1   2   3 | Gln CAA   5   4   4   4   5   5 |     CGA   0   1   2   1   1   1
    CTG   7   6   8   7   7   7 |     CCG   1   0   1   2   0   0 |     CAG   8   8   7   8   7   7 |     CGG   1   0   0   1   1   1
--------------------------------------------------------------------------------------------------------------------------------------
Ile ATT   2   3   3   3   2   3 | Thr ACT   0   0   0   0   0   0 | Asn AAT   4   3   3   3   2   3 | Ser AGT   1   4   2   2   3   2
    ATC   2   2   2   2   3   3 |     ACC   2   2   2   2   2   2 |     AAC   3   3   3   3   4   4 |     AGC   4   2   3   3   2   2
    ATA   2   1   1   1   1   1 |     ACA   3   3   3   3   3   3 | Lys AAA   4   5   4   4   5   4 | Arg AGA   2   1   3   2   2   2
Met ATG   6   6   6   7   6   6 |     ACG   0   0   0   0   0   0 |     AAG   2   2   2   2   1   2 |     AGG   1   1   3   1   1   1
--------------------------------------------------------------------------------------------------------------------------------------
Val GTT   3   3   2   3   3   2 | Ala GCT   3   3   4   4   3   3 | Asp GAT   4   4   4   4   4   4 | Gly GGT   3   4   1   3   1   3
    GTC   1   1   2   1   1   1 |     GCC   3   4   3   4   5   4 |     GAC   2   1   2   2   2   2 |     GGC   3   2   2   2   2   2
    GTA   0   1   2   1   1   1 |     GCA   2   1   2   1   2   1 | Glu GAA   4   4   3   4   3   3 |     GGA   3   3   3   3   3   3
    GTG   5   4   3   3   4   4 |     GCG   1   1   0   1   0   1 |     GAG   2   2   2   2   3   3 |     GGG   2   2   3   3   4   4
--------------------------------------------------------------------------------------------------------------------------------------

--------------------------------------------------------------------------------------------------------------------------------------
Phe TTT   3   3   2   2   2   2 | Ser TCT   2   2   2   2   1   3 | Tyr TAT   2   2   2   2   2   2 | Cys TGT   1   1   2   1   1   0
    TTC   1   1   1   1   1   1 |     TCC   2   2   3   3   3   2 |     TAC   3   3   4   4   4   4 |     TGC   3   3   1   1   2   4
Leu TTA   2   2   2   2   2   2 |     TCA   2   2   2   2   2   2 | *** TAA   0   0   0   0   0   0 | *** TGA   0   0   0   0   0   0
    TTG   2   2   2   2   2   2 |     TCG   0   0   0   0   0   0 |     TAG   0   0   0   0   0   0 | Trp TGG   1   1   1   1   1   1
--------------------------------------------------------------------------------------------------------------------------------------
Leu CTT   2   2   2   2   2   1 | Pro CCT   3   3   2   2   1   3 | His CAT   1   1   2   2   2   2 | Arg CGT   1   1   0   1   0   1
    CTC   3   3   2   3   3   4 |     CCC   1   1   1   2   4   1 |     CAC   3   3   3   3   4   1 |     CGC   1   1   1   1   2   1
    CTA   0   0   0   0   0   0 |     CCA   3   3   2   2   1   2 | Gln CAA   4   4   4   4   1   4 |     CGA   1   1   0   1   2   2
    CTG   5   5   6   5   6   5 |     CCG   0   0   2   1   1   0 |     CAG   7   7   7   7   8   7 |     CGG   1   1   0   1   2   0
--------------------------------------------------------------------------------------------------------------------------------------
Ile ATT   3   3   2   3   3   4 | Thr ACT   2   2   2   2   1   2 | Asn AAT   3   3   4   4   1   3 | Ser AGT   2   2   2   2   1   2
    ATC   2   2   2   2   2   1 |     ACC   2   2   2   2   2   2 |     AAC   4   4   3   3   4   4 |     AGC   4   4   3   3   8   4
    ATA   1   1   2   2   1   2 |     ACA   1   1   1   1   0   2 | Lys AAA   3   3   3   3   1   4 | Arg AGA   2   2   2   2   1   2
Met ATG   8   8   8   8   6   7 |     ACG   0   0   0   0   2   1 |     AAG   3   3   2   2   4   2 |     AGG   2   2   2   2   1   2
--------------------------------------------------------------------------------------------------------------------------------------
Val GTT   2   2   4   3   2   3 | Ala GCT   5   5   4   4   3   5 | Asp GAT   3   3   3   3   2   3 | Gly GGT   2   2   2   2   1   2
    GTC   1   1   1   1   1   1 |     GCC   3   3   4   4   4   3 |     GAC   1   1   2   2   3   2 |     GGC   1   1   1   1   2   0
    GTA   2   2   1   1   2   0 |     GCA   2   2   2   2   1   2 | Glu GAA   5   5   6   5   4   5 |     GGA   3   3   3   3   4   4
    GTG   3   3   3   3   3   4 |     GCG   0   0   0   0   2   0 |     GAG   1   1   1   1   2   1 |     GGG   3   3   3   3   3   1
--------------------------------------------------------------------------------------------------------------------------------------

--------------------------------------------------------------------------------------------------------------------------------------
Phe TTT   2   2   2   2   2   2 | Ser TCT   2   2   2   2   2   2 | Tyr TAT   2   3   3   3   3   3 | Cys TGT   1   2   1   1   1   1
    TTC   1   2   1   1   1   1 |     TCC   1   1   2   2   2   2 |     TAC   4   3   3   3   3   3 |     TGC   2   1   2   2   2   1
Leu TTA   2   1   1   1   1   1 |     TCA   2   3   3   3   3   3 | *** TAA   0   0   0   0   0   0 | *** TGA   0   0   0   0   0   0
    TTG   2   2   2   2   2   2 |     TCG   1   0   0   0   0   0 |     TAG   0   0   0   0   0   0 | Trp TGG   1   1   1   1   1   1
--------------------------------------------------------------------------------------------------------------------------------------
Leu CTT   2   4   2   2   2   2 | Pro CCT   4   4   4   2   3   3 | His CAT   2   2   1   1   1   2 | Arg CGT   1   1   2   2   2   0
    CTC   3   2   4   4   4   3 |     CCC   1   1   1   2   2   2 |     CAC   3   2   2   2   2   2 |     CGC   2   0   0   0   0   2
    CTA   0   2   0   2   2   2 |     CCA   2   1   1   1   1   1 | Gln CAA   4   6   5   5   5   5 |     CGA   1   2   1   1   1   1
    CTG   5   4   6   4   4   4 |     CCG   0   0   0   1   0   0 |     CAG   7   5   6   6   6   6 |     CGG   1   1   2   2   2   2
--------------------------------------------------------------------------------------------------------------------------------------
Ile ATT   3   3   3   3   3   3 | Thr ACT   1   0   0   0   0   0 | Asn AAT   2   5   4   3   2   3 | Ser AGT   3   3   2   2   3   2
    ATC   2   2   2   2   2   2 |     ACC   2   2   2   2   2   2 |     AAC   3   4   4   4   3   4 |     AGC   3   3   1   2   2   2
    ATA   1   1   1   1   1   1 |     ACA   3   3   3   3   3   3 | Lys AAA   3   4   5   5   6   4 | Arg AGA   1   2   2   2   2   1
Met ATG   7   6   6   6   6   6 |     ACG   0   0   0   0   0   0 |     AAG   3   2   2   2   2   3 |     AGG   2   1   1   1   1   2
--------------------------------------------------------------------------------------------------------------------------------------
Val GTT   3   2   1   1   1   1 | Ala GCT   5   4   4   4   4   5 | Asp GAT   2   2   2   3   3   3 | Gly GGT   3   3   4   4   4   3
    GTC   1   2   1   1   1   2 |     GCC   2   3   4   3   3   3 |     GAC   3   2   4   3   3   3 |     GGC   0   0   1   1   1   2
    GTA   2   1   1   1   1   1 |     GCA   2   2   1   1   1   0 | Glu GAA   5   4   3   3   3   3 |     GGA   3   4   4   4   4   4
    GTG   3   4   6   6   6   6 |     GCG   1   1   0   1   1   1 |     GAG   1   1   1   1   1   1 |     GGG   3   3   4   4   4   4
--------------------------------------------------------------------------------------------------------------------------------------

--------------------------------------------------------------------------------------------------------------------------------------
Phe TTT   2   2   2   2   2   2 | Ser TCT   3   2   2   2   2   2 | Tyr TAT   3   2   3   3   3   3 | Cys TGT   1   1   1   1   1   1
    TTC   1   3   2   2   2   2 |     TCC   1   1   1   1   1   1 |     TAC   3   3   3   2   2   3 |     TGC   1   2   1   2   2   2
Leu TTA   1   1   1   0   0   1 |     TCA   3   1   2   2   2   2 | *** TAA   0   0   0   0   0   0 | *** TGA   0   0   0   0   0   0
    TTG   2   2   2   3   3   2 |     TCG   0   0   0   0   0   0 |     TAG   0   0   0   0   0   0 | Trp TGG   2   1   1   1   1   1
--------------------------------------------------------------------------------------------------------------------------------------
Leu CTT   2   2   3   2   2   2 | Pro CCT   3   3   3   3   3   3 | His CAT   1   3   3   2   2   2 | Arg CGT   1   1   0   1   1   1
    CTC   3   1   1   0   0   0 |     CCC   2   1   1   1   1   1 |     CAC   2   3   2   3   3   2 |     CGC   2   0   3   1   1   0
    CTA   2   1   1   2   2   2 |     CCA   1   3   1   3   2   2 | Gln CAA   5   3   2   3   3   3 |     CGA   1   1   1   0   0   0
    CTG   4   8   7   9   9   9 |     CCG   0   0   2   0   1   1 |     CAG   6   7   9   8   9   8 |     CGG   1   2   1   0   0   1
--------------------------------------------------------------------------------------------------------------------------------------
Ile ATT   3   2   4   3   3   4 | Thr ACT   1   0   0   1   1   1 | Asn AAT   3   3   4   2   3   4 | Ser AGT   2   1   2   4   3   3
    ATC   2   2   0   1   1   1 |     ACC   2   1   1   1   1   1 |     AAC   4   4   4   4   4   6 |     AGC   2   4   3   2   2   2
    ATA   1   1   1   1   1   1 |     ACA   3   3   4   4   4   4 | Lys AAA   4   3   3   4   5   4 | Arg AGA   2   1   2   4   4   3
Met ATG   6   6   6   6   6   5 |     ACG   0   1   0   0   0   0 |     AAG   3   3   3   4   3   2 |     AGG   1   2   1   2   1   0
--------------------------------------------------------------------------------------------------------------------------------------
Val GTT   1   1   2   2   2   3 | Ala GCT   4   4   5   5   5   4 | Asp GAT   3   3   4   3   3   3 | Gly GGT   3   3   1   3   4   3
    GTC   2   3   3   3   3   3 |     GCC   3   4   3   3   3   3 |     GAC   3   2   1   1   1   1 |     GGC   2   1   1   1   1   1
    GTA   1   2   1   1   1   1 |     GCA   0   2   0   1   1   1 | Glu GAA   3   4   4   3   2   2 |     GGA   4   4   4   3   3   4
    GTG   6   4   4   4   4   5 |     GCG   1   1   2   0   0   0 |     GAG   1   1   1   2   2   2 |     GGG   4   3   4   2   2   2
--------------------------------------------------------------------------------------------------------------------------------------

------------------------------------------------------
Phe TTT   2 | Ser TCT   3 | Tyr TAT   3 | Cys TGT   1
    TTC   2 |     TCC   1 |     TAC   2 |     TGC   3
Leu TTA   2 |     TCA   2 | *** TAA   0 | *** TGA   0
    TTG   2 |     TCG   0 |     TAG   0 | Trp TGG   0
------------------------------------------------------
Leu CTT   1 | Pro CCT   2 | His CAT   4 | Arg CGT   0
    CTC   0 |     CCC   0 |     CAC   4 |     CGC   0
    CTA   1 |     CCA   3 | Gln CAA   3 |     CGA   0
    CTG   7 |     CCG   1 |     CAG   6 |     CGG   1
------------------------------------------------------
Ile ATT   3 | Thr ACT   1 | Asn AAT   2 | Ser AGT   3
    ATC   1 |     ACC   1 |     AAC   4 |     AGC   3
    ATA   2 |     ACA   4 | Lys AAA   1 | Arg AGA   2
Met ATG   7 |     ACG   0 |     AAG   3 |     AGG   1
------------------------------------------------------
Val GTT   3 | Ala GCT   2 | Asp GAT   5 | Gly GGT   2
    GTC   3 |     GCC   4 |     GAC   0 |     GGC   1
    GTA   1 |     GCA   1 | Glu GAA   4 |     GGA   3
    GTG   6 |     GCG   0 |     GAG   0 |     GGG   3
------------------------------------------------------

Codon position x base (3x4) table for each sequence.

#1: Coturnix_japonica
position  1:    T:0.18705    C:0.23741    A:0.33094    G:0.24460
position  2:    T:0.32374    C:0.18705    A:0.33094    G:0.15827
position  3:    T:0.28058    C:0.20144    A:0.19424    G:0.32374
Average         T:0.26379    C:0.20863    A:0.28537    G:0.24221

#2: Meleagris_gallopavo
position  1:    T:0.20438    C:0.24088    A:0.29927    G:0.25547
position  2:    T:0.32117    C:0.15328    A:0.35036    G:0.17518
position  3:    T:0.25547    C:0.21898    A:0.21168    G:0.31387
Average         T:0.26034    C:0.20438    A:0.28710    G:0.24818

#3: Chrysolophus_pictus
position  1:    T:0.17266    C:0.26619    A:0.28058    G:0.28058
position  2:    T:0.30935    C:0.16547    A:0.33813    G:0.18705
position  3:    T:0.28777    C:0.20144    A:0.23022    G:0.28058
Average         T:0.25659    C:0.21103    A:0.28297    G:0.24940

#4: Syrmaticus_mikado
position  1:    T:0.17037    C:0.25926    A:0.27407    G:0.29630
position  2:    T:0.33333    C:0.15556    A:0.33333    G:0.17778
position  3:    T:0.28148    C:0.20000    A:0.23704    G:0.28148
Average         T:0.26173    C:0.20494    A:0.28148    G:0.25185

#5: Phasianus_colchicus
position  1:    T:0.19424    C:0.24460    A:0.27338    G:0.28777
position  2:    T:0.33094    C:0.15108    A:0.33094    G:0.18705
position  3:    T:0.26619    C:0.20144    A:0.23022    G:0.30216
Average         T:0.26379    C:0.19904    A:0.27818    G:0.25899

#6: Lyrurus_tetrix 
position  1:    T:0.19847    C:0.22901    A:0.29771    G:0.27481
position  2:    T:0.31298    C:0.14504    A:0.35115    G:0.19084
position  3:    T:0.27481    C:0.19084    A:0.23664    G:0.29771
Average         T:0.26209    C:0.18830    A:0.29517    G:0.25445

#7: Lagopus_muta   
position  1:    T:0.18321    C:0.24427    A:0.29771    G:0.27481
position  2:    T:0.32061    C:0.14504    A:0.34351    G:0.19084
position  3:    T:0.27481    C:0.19847    A:0.21374    G:0.31298
Average         T:0.25954    C:0.19593    A:0.28499    G:0.25954

#8: Tympanuchus_cupido
position  1:    T:0.19697    C:0.24242    A:0.29545    G:0.26515
position  2:    T:0.33333    C:0.15152    A:0.34091    G:0.17424
position  3:    T:0.29545    C:0.17424    A:0.23485    G:0.29545
Average         T:0.27525    C:0.18939    A:0.29040    G:0.24495

#9: Centrocercus_minimus
position  1:    T:0.17054    C:0.24806    A:0.30233    G:0.27907
position  2:    T:0.31008    C:0.15504    A:0.35659    G:0.17829
position  3:    T:0.28682    C:0.17054    A:0.24806    G:0.29457
Average         T:0.25581    C:0.19121    A:0.30233    G:0.25065

#10: Pavo_cristatus 
position  1:    T:0.18248    C:0.23358    A:0.28467    G:0.29927
position  2:    T:0.32117    C:0.16788    A:0.30657    G:0.20438
position  3:    T:0.26277    C:0.22628    A:0.21168    G:0.29927
Average         T:0.25547    C:0.20925    A:0.26764    G:0.26764

#11: Gallus_gallus  
position  1:    T:0.19565    C:0.23913    A:0.29710    G:0.26812
position  2:    T:0.32609    C:0.17391    A:0.31159    G:0.18841
position  3:    T:0.29710    C:0.18841    A:0.22464    G:0.28986
Average         T:0.27295    C:0.20048    A:0.27778    G:0.24879

#12: Corythaeola_cristata
position  1:    T:0.17986    C:0.25899    A:0.28058    G:0.28058
position  2:    T:0.28058    C:0.20144    A:0.31655    G:0.20144
position  3:    T:0.23022    C:0.30216    A:0.20863    G:0.25899
Average         T:0.23022    C:0.25420    A:0.26859    G:0.24700

#13: Tauraco_erythrolophus
position  1:    T:0.15827    C:0.27338    A:0.26619    G:0.30216
position  2:    T:0.28058    C:0.19424    A:0.33813    G:0.18705
position  3:    T:0.20863    C:0.31655    A:0.19424    G:0.28058
Average         T:0.21583    C:0.26139    A:0.26619    G:0.25659

#14: Picoides_pubescens
position  1:    T:0.14388    C:0.29496    A:0.25899    G:0.30216
position  2:    T:0.26619    C:0.20863    A:0.32374    G:0.20144
position  3:    T:0.23022    C:0.26619    A:0.19424    G:0.30935
Average         T:0.21343    C:0.25659    A:0.25899    G:0.27098

#15: Buceros_rhinoceros
position  1:    T:0.15441    C:0.28676    A:0.25000    G:0.30882
position  2:    T:0.28676    C:0.19853    A:0.31618    G:0.19853
position  3:    T:0.22059    C:0.28676    A:0.19853    G:0.29412
Average         T:0.22059    C:0.25735    A:0.25490    G:0.26716

#16: Tyto_alba_alba 
position  1:    T:0.15827    C:0.28058    A:0.26619    G:0.29496
position  2:    T:0.27338    C:0.20863    A:0.31655    G:0.20144
position  3:    T:0.23741    C:0.25899    A:0.21583    G:0.28777
Average         T:0.22302    C:0.24940    A:0.26619    G:0.26139

#17: Cuculus_canorus
position  1:    T:0.16547    C:0.25180    A:0.29496    G:0.28777
position  2:    T:0.28058    C:0.21583    A:0.33813    G:0.16547
position  3:    T:0.27338    C:0.21583    A:0.20863    G:0.30216
Average         T:0.23981    C:0.22782    A:0.28058    G:0.25180

#18: Merops_nubicus 
position  1:    T:0.15108    C:0.28058    A:0.27338    G:0.29496
position  2:    T:0.27338    C:0.20863    A:0.31655    G:0.20144
position  3:    T:0.23741    C:0.25899    A:0.20144    G:0.30216
Average         T:0.22062    C:0.24940    A:0.26379    G:0.26619

#19: Apaloderma_vittatum
position  1:    T:0.15827    C:0.25899    A:0.30216    G:0.28058
position  2:    T:0.27338    C:0.20144    A:0.33813    G:0.18705
position  3:    T:0.24460    C:0.25180    A:0.20863    G:0.29496
Average         T:0.22542    C:0.23741    A:0.28297    G:0.25420

#20: Colius_striatus
position  1:    T:0.15827    C:0.25899    A:0.28777    G:0.29496
position  2:    T:0.27338    C:0.19424    A:0.33813    G:0.19424
position  3:    T:0.20863    C:0.33094    A:0.20863    G:0.25180
Average         T:0.21343    C:0.26139    A:0.27818    G:0.24700

#21: Zonotrichia_albicollis
position  1:    T:0.15108    C:0.27338    A:0.27338    G:0.30216
position  2:    T:0.28058    C:0.20144    A:0.32374    G:0.19424
position  3:    T:0.23741    C:0.28058    A:0.19424    G:0.28777
Average         T:0.22302    C:0.25180    A:0.26379    G:0.26139

#22: Molothrus_ater 
position  1:    T:0.15108    C:0.27338    A:0.28058    G:0.29496
position  2:    T:0.28058    C:0.20144    A:0.32374    G:0.19424
position  3:    T:0.24460    C:0.28058    A:0.19424    G:0.28058
Average         T:0.22542    C:0.25180    A:0.26619    G:0.25659

#23: Camarhynchus_parvulus
position  1:    T:0.15108    C:0.28058    A:0.26619    G:0.30216
position  2:    T:0.28058    C:0.20144    A:0.34532    G:0.17266
position  3:    T:0.23741    C:0.28058    A:0.20863    G:0.27338
Average         T:0.22302    C:0.25420    A:0.27338    G:0.24940

#24: Geospiza_fortis
position  1:    T:0.15108    C:0.28058    A:0.26619    G:0.30216
position  2:    T:0.28058    C:0.20144    A:0.34532    G:0.17266
position  3:    T:0.23741    C:0.28058    A:0.20863    G:0.27338
Average         T:0.22302    C:0.25420    A:0.27338    G:0.24940

#25: Serinus_canaria
position  1:    T:0.16547    C:0.26619    A:0.26619    G:0.30216
position  2:    T:0.29496    C:0.19424    A:0.28777    G:0.22302
position  3:    T:0.24460    C:0.28058    A:0.18705    G:0.28777
Average         T:0.23501    C:0.24700    A:0.24700    G:0.27098

#26: Lonchura_Striata_domestica
position  1:    T:0.15827    C:0.26619    A:0.30216    G:0.27338
position  2:    T:0.28058    C:0.20144    A:0.32374    G:0.19424
position  3:    T:0.23741    C:0.28777    A:0.20144    G:0.27338
Average         T:0.22542    C:0.25180    A:0.27578    G:0.24700

#27: Taeniopygia_guttata
position  1:    T:0.15827    C:0.27338    A:0.29496    G:0.27338
position  2:    T:0.28058    C:0.20144    A:0.33813    G:0.17986
position  3:    T:0.25180    C:0.27338    A:0.18705    G:0.28777
Average         T:0.23022    C:0.24940    A:0.27338    G:0.24700

#28: Erythrura_gouldiae
position  1:    T:0.15827    C:0.27338    A:0.28058    G:0.28777
position  2:    T:0.28058    C:0.19424    A:0.33094    G:0.19424
position  3:    T:0.23022    C:0.29496    A:0.18705    G:0.28777
Average         T:0.22302    C:0.25420    A:0.26619    G:0.25659

#29: Passer_domesticus
position  1:    T:0.16547    C:0.26619    A:0.27338    G:0.29496
position  2:    T:0.27338    C:0.20144    A:0.33094    G:0.19424
position  3:    T:0.23741    C:0.28058    A:0.18705    G:0.29496
Average         T:0.22542    C:0.24940    A:0.26379    G:0.26139

#30: Corapipo_altera
position  1:    T:0.15108    C:0.28058    A:0.27338    G:0.29496
position  2:    T:0.28058    C:0.19424    A:0.33813    G:0.18705
position  3:    T:0.25180    C:0.25899    A:0.23741    G:0.25180
Average         T:0.22782    C:0.24460    A:0.28297    G:0.24460

#31: Chiroxiphia_lanceolata
position  1:    T:0.15827    C:0.27338    A:0.27338    G:0.29496
position  2:    T:0.28777    C:0.18705    A:0.33813    G:0.18705
position  3:    T:0.24460    C:0.25899    A:0.23741    G:0.25899
Average         T:0.23022    C:0.23981    A:0.28297    G:0.24700

#32: Pipra_filicauda
position  1:    T:0.14388    C:0.28777    A:0.27338    G:0.29496
position  2:    T:0.28058    C:0.19424    A:0.33813    G:0.18705
position  3:    T:0.24460    C:0.25899    A:0.23022    G:0.26619
Average         T:0.22302    C:0.24700    A:0.28058    G:0.24940

#33: Neopelma_chrysocephalum
position  1:    T:0.15108    C:0.28058    A:0.27338    G:0.29496
position  2:    T:0.28058    C:0.20144    A:0.33094    G:0.18705
position  3:    T:0.24460    C:0.25180    A:0.24460    G:0.25899
Average         T:0.22542    C:0.24460    A:0.28297    G:0.24700

#34: Lepidothrix_coronata
position  1:    T:0.14388    C:0.28777    A:0.27338    G:0.29496
position  2:    T:0.28777    C:0.18705    A:0.33813    G:0.18705
position  3:    T:0.24460    C:0.25899    A:0.23022    G:0.26619
Average         T:0.22542    C:0.24460    A:0.28058    G:0.24940

#35: Manacus_vitellinus
position  1:    T:0.14388    C:0.28777    A:0.27338    G:0.29496
position  2:    T:0.28777    C:0.18705    A:0.33813    G:0.18705
position  3:    T:0.24460    C:0.25899    A:0.23741    G:0.25899
Average         T:0.22542    C:0.24460    A:0.28297    G:0.24700

#36: Empidonax_traillii
position  1:    T:0.16547    C:0.27338    A:0.26619    G:0.29496
position  2:    T:0.28058    C:0.20144    A:0.33094    G:0.18705
position  3:    T:0.24460    C:0.26619    A:0.23022    G:0.25899
Average         T:0.23022    C:0.24700    A:0.27578    G:0.24700

#37: Catharus_ustulatus
position  1:    T:0.17266    C:0.25180    A:0.28058    G:0.29496
position  2:    T:0.28058    C:0.19424    A:0.31655    G:0.20863
position  3:    T:0.23741    C:0.27338    A:0.20144    G:0.28777
Average         T:0.23022    C:0.23981    A:0.26619    G:0.26379

#38: Ficedula_albicollis
position  1:    T:0.16547    C:0.26619    A:0.25899    G:0.30935
position  2:    T:0.28058    C:0.19424    A:0.31655    G:0.20863
position  3:    T:0.23741    C:0.28777    A:0.16547    G:0.30935
Average         T:0.22782    C:0.24940    A:0.24700    G:0.27578

#39: Sturnus_vulgaris
position  1:    T:0.17986    C:0.25899    A:0.27338    G:0.28777
position  2:    T:0.27338    C:0.21583    A:0.32374    G:0.18705
position  3:    T:0.28058    C:0.25180    A:0.19424    G:0.27338
Average         T:0.24460    C:0.24221    A:0.26379    G:0.24940

#40: Stachyridopsis_ruficeps
position  1:    T:0.17266    C:0.26619    A:0.27338    G:0.28777
position  2:    T:0.29496    C:0.18705    A:0.31655    G:0.20144
position  3:    T:0.23741    C:0.28777    A:0.17986    G:0.29496
Average         T:0.23501    C:0.24700    A:0.25659    G:0.26139

#41: Parus_major    
position  1:    T:0.15827    C:0.27338    A:0.28058    G:0.28777
position  2:    T:0.28058    C:0.19424    A:0.33813    G:0.18705
position  3:    T:0.24460    C:0.25899    A:0.20144    G:0.29496
Average         T:0.22782    C:0.24221    A:0.27338    G:0.25659

#42: Cyanistes_caeruleus
position  1:    T:0.15827    C:0.27338    A:0.27338    G:0.29496
position  2:    T:0.28058    C:0.19424    A:0.33813    G:0.18705
position  3:    T:0.24460    C:0.26619    A:0.20144    G:0.28777
Average         T:0.22782    C:0.24460    A:0.27098    G:0.25659

#43: Pseudopodoces_humilis
position  1:    T:0.15827    C:0.27338    A:0.27338    G:0.29496
position  2:    T:0.28058    C:0.19424    A:0.33813    G:0.18705
position  3:    T:0.23741    C:0.25899    A:0.21583    G:0.28777
Average         T:0.22542    C:0.24221    A:0.27578    G:0.25659

#44: Leptosomus_discolor
position  1:    T:0.15827    C:0.28058    A:0.27338    G:0.28777
position  2:    T:0.28058    C:0.19424    A:0.33094    G:0.19424
position  3:    T:0.25899    C:0.25899    A:0.22302    G:0.25899
Average         T:0.23261    C:0.24460    A:0.27578    G:0.24700

#45: Acanthisitta_chloris
position  1:    T:0.16176    C:0.26471    A:0.29412    G:0.27941
position  2:    T:0.28676    C:0.19853    A:0.31618    G:0.19853
position  3:    T:0.21324    C:0.27206    A:0.23529    G:0.27941
Average         T:0.22059    C:0.24510    A:0.28186    G:0.25245

#46: Athene_cunicularia
position  1:    T:0.15108    C:0.28058    A:0.27338    G:0.29496
position  2:    T:0.28058    C:0.19424    A:0.33094    G:0.19424
position  3:    T:0.23741    C:0.26619    A:0.22302    G:0.27338
Average         T:0.22302    C:0.24700    A:0.27578    G:0.25420

#47: Nestor_notabilis
position  1:    T:0.16547    C:0.27338    A:0.26619    G:0.29496
position  2:    T:0.28058    C:0.20144    A:0.33094    G:0.18705
position  3:    T:0.20144    C:0.29496    A:0.23741    G:0.26619
Average         T:0.21583    C:0.25659    A:0.27818    G:0.24940

#48: Melopsittacus_undulatus
position  1:    T:0.15827    C:0.27338    A:0.27338    G:0.29496
position  2:    T:0.28058    C:0.19424    A:0.33094    G:0.19424
position  3:    T:0.23741    C:0.25899    A:0.22302    G:0.28058
Average         T:0.22542    C:0.24221    A:0.27578    G:0.25659

#49: Apteryx_rowi   
position  1:    T:0.17266    C:0.25899    A:0.30216    G:0.26619
position  2:    T:0.28777    C:0.20144    A:0.30935    G:0.20144
position  3:    T:0.26619    C:0.25180    A:0.22302    G:0.25899
Average         T:0.24221    C:0.23741    A:0.27818    G:0.24221

#50: Apteryx_australis_mantelli
position  1:    T:0.17266    C:0.25899    A:0.30216    G:0.26619
position  2:    T:0.28777    C:0.20144    A:0.30935    G:0.20144
position  3:    T:0.26619    C:0.25180    A:0.22302    G:0.25899
Average         T:0.24221    C:0.23741    A:0.27818    G:0.24221

#51: Dromaius_novaehollandiae
position  1:    T:0.17391    C:0.24638    A:0.28986    G:0.28986
position  2:    T:0.28986    C:0.21014    A:0.33333    G:0.16667
position  3:    T:0.26812    C:0.24638    A:0.21739    G:0.26812
Average         T:0.24396    C:0.23430    A:0.28019    G:0.24155

#52: Casuarius_casuarius
position  1:    T:0.16547    C:0.26619    A:0.29496    G:0.27338
position  2:    T:0.28777    C:0.20863    A:0.32374    G:0.17986
position  3:    T:0.26619    C:0.25899    A:0.21583    G:0.25899
Average         T:0.23981    C:0.24460    A:0.27818    G:0.23741

#53: Nothoprocta_perdicaria
position  1:    T:0.16547    C:0.28058    A:0.27338    G:0.28058
position  2:    T:0.27338    C:0.20144    A:0.30216    G:0.22302
position  3:    T:0.17986    C:0.35252    A:0.15827    G:0.30935
Average         T:0.20624    C:0.27818    A:0.24460    G:0.27098

#54: Rhea_americana 
position  1:    T:0.17986    C:0.24460    A:0.31655    G:0.25899
position  2:    T:0.28058    C:0.21583    A:0.31655    G:0.18705
position  3:    T:0.27338    C:0.25180    A:0.23741    G:0.23741
Average         T:0.24460    C:0.23741    A:0.29017    G:0.22782

#55: Struthio_camelus_australis
position  1:    T:0.16547    C:0.27338    A:0.28058    G:0.28058
position  2:    T:0.28058    C:0.20863    A:0.31655    G:0.19424
position  3:    T:0.27338    C:0.23741    A:0.22302    G:0.26619
Average         T:0.23981    C:0.23981    A:0.27338    G:0.24700

#56: Anseranas_semipalmata
position  1:    T:0.16547    C:0.26619    A:0.29496    G:0.27338
position  2:    T:0.28777    C:0.19424    A:0.32374    G:0.19424
position  3:    T:0.30216    C:0.21583    A:0.25899    G:0.22302
Average         T:0.25180    C:0.22542    A:0.29257    G:0.23022

#57: Oxyura_jamaicensis
position  1:    T:0.16547    C:0.26619    A:0.27338    G:0.29496
position  2:    T:0.28058    C:0.19424    A:0.32374    G:0.20144
position  3:    T:0.26619    C:0.24460    A:0.22302    G:0.26619
Average         T:0.23741    C:0.23501    A:0.27338    G:0.25420

#58: Cygnus_atratus 
position  1:    T:0.16547    C:0.26619    A:0.27338    G:0.29496
position  2:    T:0.28058    C:0.19424    A:0.31655    G:0.20863
position  3:    T:0.25180    C:0.24460    A:0.23741    G:0.26619
Average         T:0.23261    C:0.23501    A:0.27578    G:0.25659

#59: Anser_cygnoides
position  1:    T:0.16547    C:0.26619    A:0.27338    G:0.29496
position  2:    T:0.28058    C:0.19424    A:0.30935    G:0.21583
position  3:    T:0.25899    C:0.23741    A:0.24460    G:0.25899
Average         T:0.23501    C:0.23261    A:0.27578    G:0.25659

#60: Aythya_fuligula
position  1:    T:0.15827    C:0.26619    A:0.27338    G:0.30216
position  2:    T:0.28058    C:0.19424    A:0.32374    G:0.20144
position  3:    T:0.25180    C:0.25899    A:0.21583    G:0.27338
Average         T:0.23022    C:0.23981    A:0.27098    G:0.25899

#61: Anas_platyrhynchos
position  1:    T:0.16547    C:0.25899    A:0.28058    G:0.29496
position  2:    T:0.28058    C:0.19424    A:0.31655    G:0.20863
position  3:    T:0.25899    C:0.25180    A:0.22302    G:0.26619
Average         T:0.23501    C:0.23501    A:0.27338    G:0.25659

#62: Alectura_lathami
position  1:    T:0.15108    C:0.28058    A:0.26619    G:0.30216
position  2:    T:0.29496    C:0.19424    A:0.31655    G:0.19424
position  3:    T:0.23741    C:0.25180    A:0.21583    G:0.29496
Average         T:0.22782    C:0.24221    A:0.26619    G:0.26379

#63: Penelope_pileata
position  1:    T:0.15108    C:0.28777    A:0.27338    G:0.28777
position  2:    T:0.28777    C:0.19424    A:0.33094    G:0.18705
position  3:    T:0.28058    C:0.21583    A:0.19424    G:0.30935
Average         T:0.23981    C:0.23261    A:0.26619    G:0.26139

#64: Colinus_virginianus
position  1:    T:0.15108    C:0.27338    A:0.30935    G:0.26619
position  2:    T:0.29496    C:0.19424    A:0.31655    G:0.19424
position  3:    T:0.28058    C:0.20144    A:0.22302    G:0.29496
Average         T:0.24221    C:0.22302    A:0.28297    G:0.25180

#65: Callipepla_squamata
position  1:    T:0.15108    C:0.28058    A:0.30216    G:0.26619
position  2:    T:0.29496    C:0.19424    A:0.32374    G:0.18705
position  3:    T:0.28777    C:0.20144    A:0.21583    G:0.29496
Average         T:0.24460    C:0.22542    A:0.28058    G:0.24940

#66: Odontophorus_gujanensis
position  1:    T:0.15942    C:0.26812    A:0.29710    G:0.27536
position  2:    T:0.31159    C:0.18841    A:0.32609    G:0.17391
position  3:    T:0.29710    C:0.21014    A:0.21739    G:0.27536
Average         T:0.25604    C:0.22222    A:0.28019    G:0.24155

#67: Numida_meleagris
position  1:    T:0.17424    C:0.25000    A:0.28788    G:0.28788
position  2:    T:0.32576    C:0.18939    A:0.31061    G:0.17424
position  3:    T:0.28030    C:0.21970    A:0.21970    G:0.28030
Average         T:0.26010    C:0.21970    A:0.27273    G:0.24747

Sums of codon usage counts
------------------------------------------------------------------------------
Phe F TTT     104 | Ser S TCT     151 | Tyr Y TAT     155 | Cys C TGT      60
      TTC     129 |       TCC     101 |       TAC     223 |       TGC     169
Leu L TTA      77 |       TCA     116 | *** * TAA       0 | *** * TGA       0
      TTG     144 |       TCG      24 |       TAG       0 | Trp W TGG      70
------------------------------------------------------------------------------
Leu L CTT     179 | Pro P CCT     160 | His H CAT      77 | Arg R CGT      56
      CTC      88 |       CCC      87 |       CAC     192 |       CGC      67
      CTA      71 |       CCA     130 | Gln Q CAA     293 |       CGA      35
      CTG     464 |       CCG      42 |       CAG     456 |       CGG      70
------------------------------------------------------------------------------
Ile I ATT     182 | Thr T ACT      28 | Asn N AAT     229 | Ser S AGT     140
      ATC     128 |       ACC     117 |       AAC     218 |       AGC     209
      ATA      77 |       ACA     182 | Lys K AAA     249 | Arg R AGA     132
Met M ATG     432 |       ACG      17 |       AAG     186 |       AGG      82
------------------------------------------------------------------------------
Val V GTT     158 | Ala A GCT     236 | Asp D GAT     244 | Gly G GGT     181
      GTC     112 |       GCC     239 |       GAC     139 |       GGC     113
      GTA      62 |       GCA      86 | Glu E GAA     256 |       GGA     223
      GTG     274 |       GCG      62 |       GAG     110 |       GGG     163
------------------------------------------------------------------------------

(Ambiguity data are not used in the counts.)


Codon position x base (3x4) table, overall

position  1:    T:0.16454    C:0.26653    A:0.28176    G:0.28717
position  2:    T:0.28965    C:0.19209    A:0.32703    G:0.19123
position  3:    T:0.25281    C:0.25184    A:0.21489    G:0.28047
Average         T:0.23567    C:0.23682    A:0.27456    G:0.25295

TREE #  1:  (((((49, 50), (51, 52)), 54), 55), 53, (((62, (((((64, 65), 66), (1, ((2, ((6, (8, 9)), 7)), ((10, 11), ((3, 5), 4))))), 67), 63)), (56, ((57, (58, 59)), (60, 61)))), (((12, 13), 17), ((((((14, 19), 20), 15), (18, 44)), ((48, 47), (46, 16))), (45, (((((30, 31), (32, (34, 35))), 33), 36), (((((37, 38), 39), 40), ((41, 42), 43)), ((21, (23, 24)), ((29, (22, 25)), ((26, 27), 28))))))))));   MP score: -1
lnL(ntime:131  np:134):  -5630.863598      +0.000000
  68..69   69..70   70..71   71..72   72..49   72..50   71..73   73..51   73..52   70..54   69..55   68..53   68..74   74..75   75..76   76..62   76..77   77..78   78..79   79..80   80..81   81..64   81..65   80..66   79..82   82..1    82..83   83..84   84..2    84..85   85..86   86..6    86..87   87..8    87..9    85..7    83..88   88..89   89..10   89..11   88..90   90..91   91..3    91..5    90..4    78..67   77..63   75..92   92..56   92..93   93..94   94..57   94..95   95..58   95..59   93..96   96..60   96..61   74..97   97..98   98..99   99..12   99..13   98..17   97..100 100..101 101..102 102..103 103..104 104..105 105..14  105..19  104..20  103..15  102..106 106..18  106..44  101..107 107..108 108..48  108..47  107..109 109..46  109..16  100..110 110..45  110..111 111..112 112..113 113..114 114..115 115..30  115..31  114..116 116..32  116..117 117..34  117..35  113..33  112..36  111..118 118..119 119..120 120..121 121..122 122..37  122..38  121..39  120..40  119..123 123..124 124..41  124..42  123..43  118..125 125..126 126..21  126..127 127..23  127..24  125..128 128..129 129..29  129..130 130..22  130..25  128..131 131..132 132..26  132..27  131..28 
 0.017083 0.015808 0.022586 0.042350 0.000004 0.000004 0.065232 0.045850 0.000004 0.118595 0.084274 0.334785 0.131150 0.017718 0.079509 0.139548 0.010282 0.090296 0.012432 0.066111 0.029679 0.031402 0.028452 0.087235 0.094302 0.224457 0.025442 0.057071 0.231877 0.091352 0.010400 0.083048 0.019965 0.040453 0.046984 0.010195 0.000004 0.016452 0.108467 0.086518 0.116570 0.000004 0.067072 0.100439 0.075077 0.197623 0.100463 0.042566 0.087540 0.078664 0.009824 0.057995 0.009595 0.007379 0.014858 0.041422 0.014229 0.022884 0.131016 0.004568 0.057814 0.054915 0.123969 0.242211 0.009358 0.000004 0.000004 0.000004 0.000004 0.042181 0.263654 0.129266 0.319626 0.183366 0.002504 0.136671 0.128593 0.012155 0.048909 0.037893 0.100664 0.005219 0.093255 0.094794 0.039363 0.125265 0.000004 0.043316 0.022440 0.000004 0.000004 0.037390 0.014891 0.007394 0.007380 0.000004 0.000004 0.007392 0.044989 0.045714 0.067672 0.000004 0.000004 0.028985 0.021371 0.099440 0.070299 0.098195 0.118570 0.056117 0.000004 0.014982 0.000004 0.022542 0.030800 0.025184 0.044828 0.061610 0.000004 0.000004 0.000004 0.000004 0.081817 0.025412 0.045485 0.095392 0.041168 0.027473 0.026176 0.041759 0.029255 0.212094 1.291118 0.370876

Note: Branch length is defined as number of nucleotide substitutions per codon (not per neucleotide site).

tree length =  7.454318

(((((49: 0.000004, 50: 0.000004): 0.042350, (51: 0.045850, 52: 0.000004): 0.065232): 0.022586, 54: 0.118595): 0.015808, 55: 0.084274): 0.017083, 53: 0.334785, (((62: 0.139548, (((((64: 0.031402, 65: 0.028452): 0.029679, 66: 0.087235): 0.066111, (1: 0.224457, ((2: 0.231877, ((6: 0.083048, (8: 0.040453, 9: 0.046984): 0.019965): 0.010400, 7: 0.010195): 0.091352): 0.057071, ((10: 0.108467, 11: 0.086518): 0.016452, ((3: 0.067072, 5: 0.100439): 0.000004, 4: 0.075077): 0.116570): 0.000004): 0.025442): 0.094302): 0.012432, 67: 0.197623): 0.090296, 63: 0.100463): 0.010282): 0.079509, (56: 0.087540, ((57: 0.057995, (58: 0.007379, 59: 0.014858): 0.009595): 0.009824, (60: 0.014229, 61: 0.022884): 0.041422): 0.078664): 0.042566): 0.017718, (((12: 0.054915, 13: 0.123969): 0.057814, 17: 0.242211): 0.004568, ((((((14: 0.263654, 19: 0.129266): 0.042181, 20: 0.319626): 0.000004, 15: 0.183366): 0.000004, (18: 0.136671, 44: 0.128593): 0.002504): 0.000004, ((48: 0.037893, 47: 0.100664): 0.048909, (46: 0.093255, 16: 0.094794): 0.005219): 0.012155): 0.000004, (45: 0.125265, (((((30: 0.037390, 31: 0.014891): 0.000004, (32: 0.007380, (34: 0.000004, 35: 0.007392): 0.000004): 0.007394): 0.000004, 33: 0.044989): 0.022440, 36: 0.045714): 0.043316, (((((37: 0.099440, 38: 0.070299): 0.021371, 39: 0.098195): 0.028985, 40: 0.118570): 0.000004, ((41: 0.014982, 42: 0.000004): 0.000004, 43: 0.022542): 0.056117): 0.000004, ((21: 0.044828, (23: 0.000004, 24: 0.000004): 0.061610): 0.025184, ((29: 0.081817, (22: 0.045485, 25: 0.095392): 0.025412): 0.000004, ((26: 0.026176, 27: 0.041759): 0.027473, 28: 0.029255): 0.041168): 0.000004): 0.030800): 0.067672): 0.000004): 0.039363): 0.009358): 0.131016): 0.131150);

(((((Apteryx_rowi: 0.000004, Apteryx_australis_mantelli: 0.000004): 0.042350, (Dromaius_novaehollandiae: 0.045850, Casuarius_casuarius: 0.000004): 0.065232): 0.022586, Rhea_americana: 0.118595): 0.015808, Struthio_camelus_australis: 0.084274): 0.017083, Nothoprocta_perdicaria: 0.334785, (((Alectura_lathami: 0.139548, (((((Colinus_virginianus: 0.031402, Callipepla_squamata: 0.028452): 0.029679, Odontophorus_gujanensis: 0.087235): 0.066111, (Coturnix_japonica: 0.224457, ((Meleagris_gallopavo: 0.231877, ((Lyrurus_tetrix: 0.083048, (Tympanuchus_cupido: 0.040453, Centrocercus_minimus: 0.046984): 0.019965): 0.010400, Lagopus_muta: 0.010195): 0.091352): 0.057071, ((Pavo_cristatus: 0.108467, Gallus_gallus: 0.086518): 0.016452, ((Chrysolophus_pictus: 0.067072, Phasianus_colchicus: 0.100439): 0.000004, Syrmaticus_mikado: 0.075077): 0.116570): 0.000004): 0.025442): 0.094302): 0.012432, Numida_meleagris: 0.197623): 0.090296, Penelope_pileata: 0.100463): 0.010282): 0.079509, (Anseranas_semipalmata: 0.087540, ((Oxyura_jamaicensis: 0.057995, (Cygnus_atratus: 0.007379, Anser_cygnoides: 0.014858): 0.009595): 0.009824, (Aythya_fuligula: 0.014229, Anas_platyrhynchos: 0.022884): 0.041422): 0.078664): 0.042566): 0.017718, (((Corythaeola_cristata: 0.054915, Tauraco_erythrolophus: 0.123969): 0.057814, Cuculus_canorus: 0.242211): 0.004568, ((((((Picoides_pubescens: 0.263654, Apaloderma_vittatum: 0.129266): 0.042181, Colius_striatus: 0.319626): 0.000004, Buceros_rhinoceros: 0.183366): 0.000004, (Merops_nubicus: 0.136671, Leptosomus_discolor: 0.128593): 0.002504): 0.000004, ((Melopsittacus_undulatus: 0.037893, Nestor_notabilis: 0.100664): 0.048909, (Athene_cunicularia: 0.093255, Tyto_alba_alba: 0.094794): 0.005219): 0.012155): 0.000004, (Acanthisitta_chloris: 0.125265, (((((Corapipo_altera: 0.037390, Chiroxiphia_lanceolata: 0.014891): 0.000004, (Pipra_filicauda: 0.007380, (Lepidothrix_coronata: 0.000004, Manacus_vitellinus: 0.007392): 0.000004): 0.007394): 0.000004, Neopelma_chrysocephalum: 0.044989): 0.022440, Empidonax_traillii: 0.045714): 0.043316, (((((Catharus_ustulatus: 0.099440, Ficedula_albicollis: 0.070299): 0.021371, Sturnus_vulgaris: 0.098195): 0.028985, Stachyridopsis_ruficeps: 0.118570): 0.000004, ((Parus_major: 0.014982, Cyanistes_caeruleus: 0.000004): 0.000004, Pseudopodoces_humilis: 0.022542): 0.056117): 0.000004, ((Zonotrichia_albicollis: 0.044828, (Camarhynchus_parvulus: 0.000004, Geospiza_fortis: 0.000004): 0.061610): 0.025184, ((Passer_domesticus: 0.081817, (Molothrus_ater: 0.045485, Serinus_canaria: 0.095392): 0.025412): 0.000004, ((Lonchura_Striata_domestica: 0.026176, Taeniopygia_guttata: 0.041759): 0.027473, Erythrura_gouldiae: 0.029255): 0.041168): 0.000004): 0.030800): 0.067672): 0.000004): 0.039363): 0.009358): 0.131016): 0.131150);

Detailed output identifying parameters

w (dN/dS) for branches:  0.21209 1.29112 0.37088

dN & dS for each branch

 branch          t       N       S   dN/dS      dN      dS  N*dN  S*dS

  68..69     0.017   321.4   104.6  0.2121  0.0030  0.0140   1.0   1.5
  69..70     0.016   321.4   104.6  0.2121  0.0028  0.0130   0.9   1.4
  70..71     0.023   321.4   104.6  0.2121  0.0039  0.0186   1.3   1.9
  71..72     0.042   321.4   104.6  0.2121  0.0074  0.0348   2.4   3.6
  72..49     0.000   321.4   104.6  0.2121  0.0000  0.0000   0.0   0.0
  72..50     0.000   321.4   104.6  0.2121  0.0000  0.0000   0.0   0.0
  71..73     0.065   321.4   104.6  0.2121  0.0114  0.0536   3.7   5.6
  73..51     0.046   321.4   104.6  0.2121  0.0080  0.0377   2.6   3.9
  73..52     0.000   321.4   104.6  0.2121  0.0000  0.0000   0.0   0.0
  70..54     0.119   321.4   104.6  0.2121  0.0207  0.0975   6.6  10.2
  69..55     0.084   321.4   104.6  0.2121  0.0147  0.0693   4.7   7.2
  68..53     0.335   321.4   104.6  0.2121  0.0584  0.2752  18.8  28.8
  68..74     0.131   321.4   104.6  0.2121  0.0229  0.1078   7.4  11.3
  74..75     0.018   321.4   104.6  0.2121  0.0031  0.0146   1.0   1.5
  75..76     0.080   321.4   104.6  0.2121  0.0139  0.0654   4.5   6.8
  76..62     0.140   321.4   104.6  0.2121  0.0243  0.1147   7.8  12.0
  76..77     0.010   321.4   104.6  0.2121  0.0018  0.0085   0.6   0.9
  77..78     0.090   321.4   104.6  0.2121  0.0157  0.0742   5.1   7.8
  78..79     0.012   321.4   104.6  0.2121  0.0022  0.0102   0.7   1.1
  79..80     0.066   321.4   104.6  0.2121  0.0115  0.0543   3.7   5.7
  80..81     0.030   321.4   104.6  0.2121  0.0052  0.0244   1.7   2.6
  81..64     0.031   321.4   104.6  0.2121  0.0055  0.0258   1.8   2.7
  81..65     0.028   321.4   104.6  0.2121  0.0050  0.0234   1.6   2.4
  80..66     0.087   321.4   104.6  1.2911  0.0308  0.0238   9.9   2.5
  79..82     0.094   321.4   104.6  0.2121  0.0164  0.0775   5.3   8.1
  82..1      0.224   321.4   104.6  1.2911  0.0792  0.0613  25.5   6.4
  82..83     0.025   321.4   104.6  0.2121  0.0044  0.0209   1.4   2.2
  83..84     0.057   321.4   104.6  0.2121  0.0100  0.0469   3.2   4.9
  84..2      0.232   321.4   104.6  1.2911  0.0818  0.0634  26.3   6.6
  84..85     0.091   321.4   104.6  1.2911  0.0322  0.0250  10.4   2.6
  85..86     0.010   321.4   104.6  0.3709  0.0024  0.0066   0.8   0.7
  86..6      0.083   321.4   104.6  0.3709  0.0195  0.0527   6.3   5.5
  86..87     0.020   321.4   104.6  0.3709  0.0047  0.0127   1.5   1.3
  87..8      0.040   321.4   104.6  0.3709  0.0095  0.0257   3.1   2.7
  87..9      0.047   321.4   104.6  0.3709  0.0111  0.0298   3.6   3.1
  85..7      0.010   321.4   104.6  0.3709  0.0024  0.0065   0.8   0.7
  83..88     0.000   321.4   104.6  0.2121  0.0000  0.0000   0.0   0.0
  88..89     0.016   321.4   104.6  0.2121  0.0029  0.0135   0.9   1.4
  89..10     0.108   321.4   104.6  1.2911  0.0383  0.0296  12.3   3.1
  89..11     0.087   321.4   104.6  1.2911  0.0305  0.0236   9.8   2.5
  88..90     0.117   321.4   104.6  0.2121  0.0203  0.0958   6.5  10.0
  90..91     0.000   321.4   104.6  0.2121  0.0000  0.0000   0.0   0.0
  91..3      0.067   321.4   104.6  0.2121  0.0117  0.0551   3.8   5.8
  91..5      0.100   321.4   104.6  0.2121  0.0175  0.0826   5.6   8.6
  90..4      0.075   321.4   104.6  1.2911  0.0265  0.0205   8.5   2.1
  78..67     0.198   321.4   104.6  1.2911  0.0697  0.0540  22.4   5.6
  77..63     0.100   321.4   104.6  0.2121  0.0175  0.0826   5.6   8.6
  75..92     0.043   321.4   104.6  0.2121  0.0074  0.0350   2.4   3.7
  92..56     0.088   321.4   104.6  0.2121  0.0153  0.0720   4.9   7.5
  92..93     0.079   321.4   104.6  0.2121  0.0137  0.0647   4.4   6.8
  93..94     0.010   321.4   104.6  0.2121  0.0017  0.0081   0.6   0.8
  94..57     0.058   321.4   104.6  0.2121  0.0101  0.0477   3.3   5.0
  94..95     0.010   321.4   104.6  0.2121  0.0017  0.0079   0.5   0.8
  95..58     0.007   321.4   104.6  0.2121  0.0013  0.0061   0.4   0.6
  95..59     0.015   321.4   104.6  0.2121  0.0026  0.0122   0.8   1.3
  93..96     0.041   321.4   104.6  0.2121  0.0072  0.0341   2.3   3.6
  96..60     0.014   321.4   104.6  0.2121  0.0025  0.0117   0.8   1.2
  96..61     0.023   321.4   104.6  0.2121  0.0040  0.0188   1.3   2.0
  74..97     0.131   321.4   104.6  0.2121  0.0228  0.1077   7.3  11.3
  97..98     0.005   321.4   104.6  0.2121  0.0008  0.0038   0.3   0.4
  98..99     0.058   321.4   104.6  0.2121  0.0101  0.0475   3.2   5.0
  99..12     0.055   321.4   104.6  0.2121  0.0096  0.0451   3.1   4.7
  99..13     0.124   321.4   104.6  0.2121  0.0216  0.1019   6.9  10.7
  98..17     0.242   321.4   104.6  0.2121  0.0422  0.1991  13.6  20.8
  97..100    0.009   321.4   104.6  0.2121  0.0016  0.0077   0.5   0.8
 100..101    0.000   321.4   104.6  0.2121  0.0000  0.0000   0.0   0.0
 101..102    0.000   321.4   104.6  0.2121  0.0000  0.0000   0.0   0.0
 102..103    0.000   321.4   104.6  0.2121  0.0000  0.0000   0.0   0.0
 103..104    0.000   321.4   104.6  0.2121  0.0000  0.0000   0.0   0.0
 104..105    0.042   321.4   104.6  0.2121  0.0074  0.0347   2.4   3.6
 105..14     0.264   321.4   104.6  0.2121  0.0460  0.2167  14.8  22.7
 105..19     0.129   321.4   104.6  0.2121  0.0225  0.1063   7.2  11.1
 104..20     0.320   321.4   104.6  0.2121  0.0557  0.2627  17.9  27.5
 103..15     0.183   321.4   104.6  0.2121  0.0320  0.1507  10.3  15.8
 102..106    0.003   321.4   104.6  0.2121  0.0004  0.0021   0.1   0.2
 106..18     0.137   321.4   104.6  0.2121  0.0238  0.1123   7.7  11.7
 106..44     0.129   321.4   104.6  0.2121  0.0224  0.1057   7.2  11.1
 101..107    0.012   321.4   104.6  0.2121  0.0021  0.0100   0.7   1.0
 107..108    0.049   321.4   104.6  0.2121  0.0085  0.0402   2.7   4.2
 108..48     0.038   321.4   104.6  0.2121  0.0066  0.0311   2.1   3.3
 108..47     0.101   321.4   104.6  0.2121  0.0176  0.0828   5.6   8.7
 107..109    0.005   321.4   104.6  0.2121  0.0009  0.0043   0.3   0.4
 109..46     0.093   321.4   104.6  0.2121  0.0163  0.0767   5.2   8.0
 109..16     0.095   321.4   104.6  0.2121  0.0165  0.0779   5.3   8.1
 100..110    0.039   321.4   104.6  0.2121  0.0069  0.0324   2.2   3.4
 110..45     0.125   321.4   104.6  0.2121  0.0218  0.1030   7.0  10.8
 110..111    0.000   321.4   104.6  0.2121  0.0000  0.0000   0.0   0.0
 111..112    0.043   321.4   104.6  0.2121  0.0076  0.0356   2.4   3.7
 112..113    0.022   321.4   104.6  0.2121  0.0039  0.0184   1.3   1.9
 113..114    0.000   321.4   104.6  0.2121  0.0000  0.0000   0.0   0.0
 114..115    0.000   321.4   104.6  0.2121  0.0000  0.0000   0.0   0.0
 115..30     0.037   321.4   104.6  0.2121  0.0065  0.0307   2.1   3.2
 115..31     0.015   321.4   104.6  0.2121  0.0026  0.0122   0.8   1.3
 114..116    0.007   321.4   104.6  0.2121  0.0013  0.0061   0.4   0.6
 116..32     0.007   321.4   104.6  0.2121  0.0013  0.0061   0.4   0.6
 116..117    0.000   321.4   104.6  0.2121  0.0000  0.0000   0.0   0.0
 117..34     0.000   321.4   104.6  0.2121  0.0000  0.0000   0.0   0.0
 117..35     0.007   321.4   104.6  0.2121  0.0013  0.0061   0.4   0.6
 113..33     0.045   321.4   104.6  0.2121  0.0078  0.0370   2.5   3.9
 112..36     0.046   321.4   104.6  0.2121  0.0080  0.0376   2.6   3.9
 111..118    0.068   321.4   104.6  0.2121  0.0118  0.0556   3.8   5.8
 118..119    0.000   321.4   104.6  0.2121  0.0000  0.0000   0.0   0.0
 119..120    0.000   321.4   104.6  0.2121  0.0000  0.0000   0.0   0.0
 120..121    0.029   321.4   104.6  0.2121  0.0051  0.0238   1.6   2.5
 121..122    0.021   321.4   104.6  0.2121  0.0037  0.0176   1.2   1.8
 122..37     0.099   321.4   104.6  0.2121  0.0173  0.0817   5.6   8.5
 122..38     0.070   321.4   104.6  0.2121  0.0123  0.0578   3.9   6.0
 121..39     0.098   321.4   104.6  0.2121  0.0171  0.0807   5.5   8.4
 120..40     0.119   321.4   104.6  0.2121  0.0207  0.0975   6.6  10.2
 119..123    0.056   321.4   104.6  0.2121  0.0098  0.0461   3.1   4.8
 123..124    0.000   321.4   104.6  0.2121  0.0000  0.0000   0.0   0.0
 124..41     0.015   321.4   104.6  0.2121  0.0026  0.0123   0.8   1.3
 124..42     0.000   321.4   104.6  0.2121  0.0000  0.0000   0.0   0.0
 123..43     0.023   321.4   104.6  0.2121  0.0039  0.0185   1.3   1.9
 118..125    0.031   321.4   104.6  0.2121  0.0054  0.0253   1.7   2.6
 125..126    0.025   321.4   104.6  0.2121  0.0044  0.0207   1.4   2.2
 126..21     0.045   321.4   104.6  0.2121  0.0078  0.0369   2.5   3.9
 126..127    0.062   321.4   104.6  0.2121  0.0107  0.0506   3.5   5.3
 127..23     0.000   321.4   104.6  0.2121  0.0000  0.0000   0.0   0.0
 127..24     0.000   321.4   104.6  0.2121  0.0000  0.0000   0.0   0.0
 125..128    0.000   321.4   104.6  0.2121  0.0000  0.0000   0.0   0.0
 128..129    0.000   321.4   104.6  0.2121  0.0000  0.0000   0.0   0.0
 129..29     0.082   321.4   104.6  0.2121  0.0143  0.0673   4.6   7.0
 129..130    0.025   321.4   104.6  0.2121  0.0044  0.0209   1.4   2.2
 130..22     0.045   321.4   104.6  0.2121  0.0079  0.0374   2.5   3.9
 130..25     0.095   321.4   104.6  0.2121  0.0166  0.0784   5.3   8.2
 128..131    0.041   321.4   104.6  0.2121  0.0072  0.0338   2.3   3.5
 131..132    0.027   321.4   104.6  0.2121  0.0048  0.0226   1.5   2.4
 132..26     0.026   321.4   104.6  0.2121  0.0046  0.0215   1.5   2.3
 132..27     0.042   321.4   104.6  0.2121  0.0073  0.0343   2.3   3.6
 131..28     0.029   321.4   104.6  0.2121  0.0051  0.0240   1.6   2.5

tree length for dN:       1.5094
tree length for dS:       5.4832

dS tree:
(((((Apteryx_rowi: 0.000003, Apteryx_australis_mantelli: 0.000003): 0.034813, (Dromaius_novaehollandiae: 0.037691, Casuarius_casuarius: 0.000003): 0.053624): 0.018567, Rhea_americana: 0.097491): 0.012995, Struthio_camelus_australis: 0.069278): 0.014043, Nothoprocta_perdicaria: 0.275209, (((Alectura_lathami: 0.114715, (((((Colinus_virginianus: 0.025814, Callipepla_squamata: 0.023389): 0.024398, Odontophorus_gujanensis: 0.023841): 0.054347, (Coturnix_japonica: 0.061344, ((Meleagris_gallopavo: 0.063372, ((Lyrurus_tetrix: 0.052699, (Tympanuchus_cupido: 0.025670, Centrocercus_minimus: 0.029814): 0.012669): 0.006599, Lagopus_muta: 0.006469): 0.024967): 0.046915, ((Pavo_cristatus: 0.029644, Gallus_gallus: 0.023645): 0.013525, ((Chrysolophus_pictus: 0.055136, Phasianus_colchicus: 0.082565): 0.000003, Syrmaticus_mikado: 0.020519): 0.095826): 0.000003): 0.020914): 0.077520): 0.010219, Numida_meleagris: 0.054010): 0.074227, Penelope_pileata: 0.082586): 0.008452): 0.065360, (Anseranas_semipalmata: 0.071962, ((Oxyura_jamaicensis: 0.047675, (Cygnus_atratus: 0.006066, Anser_cygnoides: 0.012214): 0.007887): 0.008076, (Aythya_fuligula: 0.011697, Anas_platyrhynchos: 0.018812): 0.034051): 0.064666): 0.034992): 0.014565, (((Corythaeola_cristata: 0.045143, Tauraco_erythrolophus: 0.101908): 0.047525, Cuculus_canorus: 0.199109): 0.003755, ((((((Picoides_pubescens: 0.216736, Apaloderma_vittatum: 0.106262): 0.034675, Colius_striatus: 0.262747): 0.000003, Buceros_rhinoceros: 0.150735): 0.000003, (Merops_nubicus: 0.112350, Leptosomus_discolor: 0.105709): 0.002059): 0.000003, ((Melopsittacus_undulatus: 0.031150, Nestor_notabilis: 0.082750): 0.040205, (Athene_cunicularia: 0.076660, Tyto_alba_alba: 0.077925): 0.004290): 0.009992): 0.000003, (Acanthisitta_chloris: 0.102974, (((((Corapipo_altera: 0.030736, Chiroxiphia_lanceolata: 0.012241): 0.000003, (Pipra_filicauda: 0.006067, (Lepidothrix_coronata: 0.000003, Manacus_vitellinus: 0.006076): 0.000003): 0.006079): 0.000003, Neopelma_chrysocephalum: 0.036983): 0.018447, Empidonax_traillii: 0.037579): 0.035608, (((((Catharus_ustulatus: 0.081745, Ficedula_albicollis: 0.057789): 0.017568, Sturnus_vulgaris: 0.080721): 0.023827, Stachyridopsis_ruficeps: 0.097470): 0.000003, ((Parus_major: 0.012316, Cyanistes_caeruleus: 0.000003): 0.000003, Pseudopodoces_humilis: 0.018530): 0.046131): 0.000003, ((Zonotrichia_albicollis: 0.036851, (Camarhynchus_parvulus: 0.000003, Geospiza_fortis: 0.000003): 0.050646): 0.020703, ((Passer_domesticus: 0.067258, (Molothrus_ater: 0.037391, Serinus_canaria: 0.078417): 0.020890): 0.000003, ((Lonchura_Striata_domestica: 0.021518, Taeniopygia_guttata: 0.034328): 0.022584, Erythrura_gouldiae: 0.024049): 0.033842): 0.000003): 0.025319): 0.055629): 0.000003): 0.032358): 0.007693): 0.107702): 0.107812);
dN tree:
(((((Apteryx_rowi: 0.000001, Apteryx_australis_mantelli: 0.000001): 0.007384, (Dromaius_novaehollandiae: 0.007994, Casuarius_casuarius: 0.000001): 0.011373): 0.003938, Rhea_americana: 0.020677): 0.002756, Struthio_camelus_australis: 0.014693): 0.002978, Nothoprocta_perdicaria: 0.058370, (((Alectura_lathami: 0.024330, (((((Colinus_virginianus: 0.005475, Callipepla_squamata: 0.004961): 0.005175, Odontophorus_gujanensis: 0.030782): 0.011527, (Coturnix_japonica: 0.079203, ((Meleagris_gallopavo: 0.081821, ((Lyrurus_tetrix: 0.019545, (Tympanuchus_cupido: 0.009520, Centrocercus_minimus: 0.011057): 0.004699): 0.002448, Lagopus_muta: 0.002399): 0.032235): 0.009950, ((Pavo_cristatus: 0.038274, Gallus_gallus: 0.030529): 0.002868, ((Chrysolophus_pictus: 0.011694, Phasianus_colchicus: 0.017512): 0.000001, Syrmaticus_mikado: 0.026492): 0.020324): 0.000001): 0.004436): 0.016442): 0.002167, Numida_meleagris: 0.069734): 0.015743, Penelope_pileata: 0.017516): 0.001793): 0.013863, (Anseranas_semipalmata: 0.015263, ((Oxyura_jamaicensis: 0.010112, (Cygnus_atratus: 0.001286, Anser_cygnoides: 0.002591): 0.001673): 0.001713, (Aythya_fuligula: 0.002481, Anas_platyrhynchos: 0.003990): 0.007222): 0.013715): 0.007421): 0.003089, (((Corythaeola_cristata: 0.009575, Tauraco_erythrolophus: 0.021614): 0.010080, Cuculus_canorus: 0.042230): 0.000796, ((((((Picoides_pubescens: 0.045968, Apaloderma_vittatum: 0.022538): 0.007354, Colius_striatus: 0.055727): 0.000001, Buceros_rhinoceros: 0.031970): 0.000001, (Merops_nubicus: 0.023829, Leptosomus_discolor: 0.022420): 0.000437): 0.000001, ((Melopsittacus_undulatus: 0.006607, Nestor_notabilis: 0.017551): 0.008527, (Athene_cunicularia: 0.016259, Tyto_alba_alba: 0.016527): 0.000910): 0.002119): 0.000001, (Acanthisitta_chloris: 0.021840, (((((Corapipo_altera: 0.006519, Chiroxiphia_lanceolata: 0.002596): 0.000001, (Pipra_filicauda: 0.001287, (Lepidothrix_coronata: 0.000001, Manacus_vitellinus: 0.001289): 0.000001): 0.001289): 0.000001, Neopelma_chrysocephalum: 0.007844): 0.003912, Empidonax_traillii: 0.007970): 0.007552, (((((Catharus_ustulatus: 0.017338, Ficedula_albicollis: 0.012257): 0.003726, Sturnus_vulgaris: 0.017120): 0.005054, Stachyridopsis_ruficeps: 0.020673): 0.000001, ((Parus_major: 0.002612, Cyanistes_caeruleus: 0.000001): 0.000001, Pseudopodoces_humilis: 0.003930): 0.009784): 0.000001, ((Zonotrichia_albicollis: 0.007816, (Camarhynchus_parvulus: 0.000001, Geospiza_fortis: 0.000001): 0.010742): 0.004391, ((Passer_domesticus: 0.014265, (Molothrus_ater: 0.007930, Serinus_canaria: 0.016632): 0.004431): 0.000001, ((Lonchura_Striata_domestica: 0.004564, Taeniopygia_guttata: 0.007281): 0.004790, Erythrura_gouldiae: 0.005101): 0.007178): 0.000001): 0.005370): 0.011799): 0.000001): 0.006863): 0.001632): 0.022843): 0.022866);

w ratios as labels for TreeView:
(((((Apteryx_rowi #0.212094 , Apteryx_australis_mantelli #0.212094 ) #0.212094 , (Dromaius_novaehollandiae #0.212094 , Casuarius_casuarius #0.212094 ) #0.212094 ) #0.212094 , Rhea_americana #0.212094 ) #0.212094 , Struthio_camelus_australis #0.212094 ) #0.212094 , Nothoprocta_perdicaria #0.212094 , (((Alectura_lathami #0.212094 , (((((Colinus_virginianus #0.212094 , Callipepla_squamata #0.212094 ) #0.212094 , Odontophorus_gujanensis #1.29112 ) #0.212094 , (Coturnix_japonica #1.29112 , ((Meleagris_gallopavo #1.29112 , ((Lyrurus_tetrix #0.370876 , (Tympanuchus_cupido #0.370876 , Centrocercus_minimus #0.370876 ) #0.370876 ) #0.370876 , Lagopus_muta #0.370876 ) #1.29112 ) #0.212094 , ((Pavo_cristatus #1.29112 , Gallus_gallus #1.29112 ) #0.212094 , ((Chrysolophus_pictus #0.212094 , Phasianus_colchicus #0.212094 ) #0.212094 , Syrmaticus_mikado #1.29112 ) #0.212094 ) #0.212094 ) #0.212094 ) #0.212094 ) #0.212094 , Numida_meleagris #1.29112 ) #0.212094 , Penelope_pileata #0.212094 ) #0.212094 ) #0.212094 , (Anseranas_semipalmata #0.212094 , ((Oxyura_jamaicensis #0.212094 , (Cygnus_atratus #0.212094 , Anser_cygnoides #0.212094 ) #0.212094 ) #0.212094 , (Aythya_fuligula #0.212094 , Anas_platyrhynchos #0.212094 ) #0.212094 ) #0.212094 ) #0.212094 ) #0.212094 , (((Corythaeola_cristata #0.212094 , Tauraco_erythrolophus #0.212094 ) #0.212094 , Cuculus_canorus #0.212094 ) #0.212094 , ((((((Picoides_pubescens #0.212094 , Apaloderma_vittatum #0.212094 ) #0.212094 , Colius_striatus #0.212094 ) #0.212094 , Buceros_rhinoceros #0.212094 ) #0.212094 , (Merops_nubicus #0.212094 , Leptosomus_discolor #0.212094 ) #0.212094 ) #0.212094 , ((Melopsittacus_undulatus #0.212094 , Nestor_notabilis #0.212094 ) #0.212094 , (Athene_cunicularia #0.212094 , Tyto_alba_alba #0.212094 ) #0.212094 ) #0.212094 ) #0.212094 , (Acanthisitta_chloris #0.212094 , (((((Corapipo_altera #0.212094 , Chiroxiphia_lanceolata #0.212094 ) #0.212094 , (Pipra_filicauda #0.212094 , (Lepidothrix_coronata #0.212094 , Manacus_vitellinus #0.212094 ) #0.212094 ) #0.212094 ) #0.212094 , Neopelma_chrysocephalum #0.212094 ) #0.212094 , Empidonax_traillii #0.212094 ) #0.212094 , (((((Catharus_ustulatus #0.212094 , Ficedula_albicollis #0.212094 ) #0.212094 , Sturnus_vulgaris #0.212094 ) #0.212094 , Stachyridopsis_ruficeps #0.212094 ) #0.212094 , ((Parus_major #0.212094 , Cyanistes_caeruleus #0.212094 ) #0.212094 , Pseudopodoces_humilis #0.212094 ) #0.212094 ) #0.212094 , ((Zonotrichia_albicollis #0.212094 , (Camarhynchus_parvulus #0.212094 , Geospiza_fortis #0.212094 ) #0.212094 ) #0.212094 , ((Passer_domesticus #0.212094 , (Molothrus_ater #0.212094 , Serinus_canaria #0.212094 ) #0.212094 ) #0.212094 , ((Lonchura_Striata_domestica #0.212094 , Taeniopygia_guttata #0.212094 ) #0.212094 , Erythrura_gouldiae #0.212094 ) #0.212094 ) #0.212094 ) #0.212094 ) #0.212094 ) #0.212094 ) #0.212094 ) #0.212094 ) #0.212094 ) #0.212094 );


Time used: 23:09
