

TREE # 1

  0  0.0000   2878.421728  x:  0.08912   0.01999   0.08457   0.09012   0.05745   0.09247   0.01896   0.02589   0.05890   0.03371   0.05285   0.08118   0.06047   0.42255   0.49057  
  1 99.0000   2359.204330  x:  0.29634   0.58267   0.16230   0.22348   0.00000   0.03912   0.09269   0.51889   0.17539   0.31903   0.30182   0.71240   0.49791   0.41281   0.49677  
  2 2568.4965   2350.480380  x:  0.30411   0.56735   0.15885   0.23353   0.00000   0.00329   0.07490   0.50284   0.16752   0.31400   0.29862   0.73994   0.50623   0.39479   0.50026  
  3 178.0356   2330.094093  x:  0.33771   0.50122   0.14442   0.27596   0.00000   0.01120   0.00000   0.43387   0.13611   0.29242   0.28487   0.85866   0.54249   0.31833   0.51541  
  4 340.9195   2317.381857  x:  0.39905   0.36237   0.14336   0.34896   0.00000   0.01682   0.11079   0.30316   0.16068   0.24673   0.25645   1.04846   0.59541   0.25248   0.54480  
  5 183.4602   2312.909716  x:  0.42731   0.28845   0.14625   0.34002   0.00000   0.01765   0.10713   0.25426   0.18536   0.22329   0.23808   1.14591   0.62609   0.34763   0.56215  
  6 89.8583   2312.120140  x:  0.42433   0.26680   0.15603   0.29084   0.00000   0.01740   0.10791   0.27337   0.20019   0.20314   0.21866   1.17750   0.62306   0.33965   0.57024  
  7 23.3346   2312.023025  x:  0.42093   0.27295   0.16256   0.28073   0.00000   0.01746   0.11231   0.26811   0.18532   0.20224   0.21703   1.18769   0.61506   0.34154   0.57573  
  8  6.3302   2311.856707  x:  0.40648   0.27262   0.15002   0.28476   0.00000   0.01712   0.11177   0.27166   0.18509   0.21239   0.21999   1.20820   0.58290   0.34352   0.59581  
  9  3.2403   2311.592659  x:  0.40398   0.27474   0.17526   0.29576   0.00000   0.01605   0.10062   0.26597   0.19902   0.22360   0.21124   1.21693   0.56594   0.34050   0.62338  
 10  3.9438   2309.353141  x:  0.45456   0.23819   0.16436   0.29512   0.00000   0.00766   0.07027   0.25819   0.17490   0.28046   0.17705   1.22344   0.60963   0.31930   0.79589  
 11  6.5407   2308.126469  x:  0.45097   0.25782   0.14928   0.31418   0.00000   0.00344   0.05076   0.24678   0.17913   0.20983   0.18453   1.23967   0.63007   0.31463   0.84134  
 12 13.7161   2307.903799  x:  0.44831   0.24163   0.16176   0.31975   0.00000   0.00273   0.04733   0.25505   0.17093   0.20029   0.20864   1.24567   0.62880   0.31416   0.82926  
 13  8.7841   2307.551151  x:  0.45557   0.23932   0.15959   0.31018   0.00000   0.00187   0.04086   0.23931   0.17772   0.21892   0.20674   1.26890   0.61074   0.31043   0.73791  
 14  5.2607   2307.341323  x:  0.45724   0.23406   0.16080   0.32153   0.00000   0.00170   0.03968   0.24820   0.16824   0.22340   0.18179   1.28362   0.60011   0.31344   0.68226  
 15 15.8848   2306.706333  x:  0.40251   0.22566   0.16365   0.32392   0.00000   0.00296   0.03247   0.23647   0.16690   0.23357   0.17821   1.31067   0.62021   0.31073   0.60399  
 16  1.7050   2306.141994  x:  0.45820   0.22823   0.16162   0.32430   0.00000   0.00441   0.02293   0.23869   0.16556   0.21201   0.19349   1.32560   0.58652   0.30932   0.55276  
 17  6.2215   2304.874757  x:  0.43621   0.26343   0.15333   0.31948   0.00000   0.00509   0.00437   0.26018   0.14907   0.19021   0.21013   1.32961   0.61399   0.30682   0.63357  
 18  0.1210   2303.322397  x:  0.41351   0.31109   0.14149   0.30126   0.00000   0.00679   0.03342   0.28369   0.12762   0.17638   0.23521   1.35804   0.64065   0.30743   0.61634  
 19  0.0949   2300.046998  x:  0.42864   0.33050   0.14859   0.30653   0.00000   0.01105   0.02991   0.31781   0.20197   0.22555   0.22065   1.52306   0.71926   0.30457   0.51506  
 20  0.0971   2297.922645  x:  0.49013   0.31304   0.14681   0.33942   0.00000   0.01435   0.02340   0.30035   0.16581   0.22785   0.19535   1.75368   0.76138   0.29905   0.61321  
 21  0.1559   2297.595400  x:  0.46728   0.31937   0.14730   0.32577   0.00000   0.01431   0.02263   0.30051   0.15489   0.23330   0.18706   1.82669   0.76253   0.29614   0.51600  
 22  0.1049   2297.496590  x:  0.45845   0.32130   0.14633   0.31718   0.00000   0.01381   0.02589   0.30504   0.16470   0.23387   0.19024   1.87228   0.75074   0.29809   0.52214  
 23  0.0270   2297.380916  x:  0.46374   0.31656   0.14808   0.32778   0.00000   0.01130   0.02533   0.30346   0.15760   0.24581   0.18928   1.92097   0.73117   0.30204   0.51329  
 24  0.0155   2297.262849  x:  0.46649   0.31840   0.14681   0.32803   0.00000   0.00750   0.02492   0.30286   0.16102   0.23870   0.18712   1.91223   0.73650   0.29702   0.50993  
 25  0.0065   2297.242711  x:  0.46873   0.32173   0.14675   0.32345   0.00000   0.00763   0.02480   0.30503   0.16136   0.23729   0.18827   1.89270   0.75074   0.29718   0.51911  
 26  0.0227   2297.242073  x:  0.46864   0.32199   0.14659   0.32353   0.00000   0.00747   0.02490   0.30538   0.16089   0.23770   0.18833   1.89604   0.75163   0.29774   0.51798  
 27  0.0039   2297.242026  x:  0.46865   0.32200   0.14659   0.32359   0.00000   0.00753   0.02495   0.30547   0.16082   0.23762   0.18833   1.89704   0.75198   0.29773   0.51776  
 28  0.0012   2297.242024  x:  0.46869   0.32198   0.14661   0.32361   0.00000   0.00752   0.02496   0.30548   0.16083   0.23756   0.18834   1.89715   0.75209   0.29767   0.51777  
 29  0.0002   2297.242024  x:  0.46870   0.32198   0.14661   0.32361   0.00000   0.00752   0.02496   0.30548   0.16084   0.23756   0.18835   1.89713   0.75210   0.29768   0.51775  
 30  0.0000   2297.242024  x:  0.46870   0.32197   0.14661   0.32361   0.00000   0.00752   0.02496   0.30548   0.16084   0.23756   0.18835   1.89713   0.75209   0.29768   0.51775  
 31  0.0000   2297.242024  x:  0.46870   0.32197   0.14661   0.32361   0.00000   0.00752   0.02496   0.30548   0.16084   0.23756   0.18835   1.89713   0.75210   0.29768   0.51775  