

TREE # 1

  0  0.0000   2856.928642  x:  0.05997   0.05156   0.04716   0.03694   0.10142   0.02172   0.05865   0.06924   0.09131   0.02166   0.03212   0.10253   0.02961   0.08442   0.42897   0.47243  
  1 99.0000   2342.939645  x:  0.31555   0.30714   0.40445   0.41974   0.17594   0.60846   0.00000   0.01687   0.09952   0.75475   0.28307   0.22733   0.42864   0.78174   0.43485   0.48783  
  2 2764.5433   2338.770200  x:  0.31864   0.31023   0.40733   0.41750   0.17184   0.60258   0.00000   0.00240   0.08593   0.74749   0.27401   0.22724   0.42574   0.80022   0.42406   0.49159  
  3 162.2848   2316.629921  x:  0.33840   0.32999   0.42590   0.40368   0.14626   0.56571   0.00000   0.00554   0.00000   0.70182   0.21693   0.22674   0.40758   0.91787   0.35590   0.51544  
  4 704.2033   2303.687608  x:  0.36043   0.35202   0.51968   0.42316   0.33703   0.45521   0.00000   0.00714   0.00000   0.47657   0.28059   0.21775   0.31575   1.20733   0.47181   0.57849  
  5 77.3980   2302.248459  x:  0.32239   0.31398   0.52138   0.40020   0.28374   0.50425   0.00000   0.00688   0.00000   0.42334   0.33011   0.18623   0.28941   1.26997   0.49159   0.55468  
  6 17.4044   2301.468132  x:  0.34129   0.33289   0.52155   0.38313   0.23599   0.51122   0.00000   0.00619   0.00000   0.38381   0.33331   0.22059   0.29565   1.29190   0.53039   0.51643  
  7 10.0299   2298.797892  x:  0.33683   0.32842   0.49444   0.39993   0.21872   0.46651   0.00000   0.00239   0.00000   0.40385   0.25801   0.20718   0.23781   1.36127   0.57262   0.40666  
  8  6.5300   2297.544895  x:  0.32775   0.31934   0.48409   0.39017   0.22313   0.44985   0.00000   0.00073   0.00000   0.39806   0.25960   0.21941   0.25389   1.37631   0.55362   0.42565  
  9  8.6870   2295.799166  x:  0.38454   0.37613   0.48933   0.37036   0.23097   0.47570   0.00000   0.00038   0.00000   0.37891   0.27761   0.18854   0.19213   1.36803   0.49926   0.46445  
 10  3.2262   2287.164959  x:  0.39293   0.38452   0.54448   0.33342   0.24905   0.43697   0.00000   0.00129   0.07997   0.31965   0.24007   0.21163   0.17150   1.44770   0.33321   0.53148  
 11  8.8893   2283.360594  x:  0.39323   0.38482   0.55737   0.32177   0.23632   0.40898   0.00000   0.00170   0.01267   0.30942   0.21974   0.21035   0.16949   1.48361   0.29841   0.58035  
 12 56.7688   2280.214085  x:  0.40077   0.39237   0.53706   0.30282   0.16901   0.36753   0.00000   0.00221   0.02199   0.33313   0.16599   0.16826   0.16499   1.53453   0.35453   0.72901  
 13 38.2233   2279.821237  x:  0.40329   0.39489   0.50385   0.34040   0.14771   0.34930   0.00000   0.00229   0.02572   0.33221   0.17992   0.17487   0.15591   1.54545   0.35285   0.74790  
 14 13.4727   2279.714129  x:  0.40152   0.39311   0.47880   0.34706   0.15294   0.36234   0.00000   0.00231   0.02437   0.32785   0.17073   0.18730   0.15122   1.55240   0.35438   0.75488  
 15  6.0580   2279.648252  x:  0.40075   0.39235   0.46283   0.33430   0.15589   0.35868   0.00000   0.00235   0.02460   0.33643   0.17596   0.19845   0.14505   1.56148   0.35448   0.75328  
 16  3.0691   2278.240051  x:  0.37086   0.36246   0.45457   0.32856   0.14053   0.31506   0.00000   0.00197   0.03922   0.31387   0.15422   0.25230   0.17423   1.62936   0.34940   0.70993  
 17  0.5929   2278.219913  x:  0.36753   0.35913   0.46239   0.32995   0.13766   0.31654   0.00000   0.00197   0.03851   0.31499   0.15405   0.26241   0.16462   1.62913   0.35026   0.71062  
 18  0.4023   2277.944457  x:  0.36588   0.35748   0.45976   0.32255   0.13671   0.32411   0.00000   0.00221   0.02885   0.29351   0.16725   0.26768   0.16985   1.65342   0.35828   0.65109  
 19  0.5445   2277.590520  x:  0.36690   0.35849   0.45889   0.32308   0.14665   0.32312   0.00000   0.00271   0.03220   0.30049   0.16086   0.27236   0.16042   1.68165   0.35219   0.53910  
 20  0.0969   2277.403606  x:  0.36971   0.36130   0.44848   0.32924   0.12696   0.33206   0.00000   0.00335   0.03542   0.31235   0.15553   0.26384   0.16436   1.69506   0.34999   0.54437  
 21  0.0243   2277.175331  x:  0.37031   0.36190   0.45675   0.34489   0.13771   0.31721   0.00000   0.00448   0.03370   0.32417   0.15330   0.25986   0.16420   1.73382   0.35676   0.56271  
 22  0.0372   2276.996309  x:  0.37050   0.36209   0.47285   0.33626   0.13890   0.33299   0.00000   0.00571   0.03782   0.31316   0.16242   0.26121   0.16535   1.78361   0.35437   0.54454  
 23  0.0450   2276.952207  x:  0.37115   0.36274   0.47305   0.33391   0.13669   0.33198   0.00000   0.00623   0.03261   0.31563   0.16050   0.26481   0.16746   1.80454   0.35014   0.53345  
 24  0.0267   2276.947036  x:  0.37213   0.36372   0.47003   0.33568   0.13719   0.33182   0.00000   0.00649   0.03337   0.31602   0.15982   0.26675   0.16593   1.81212   0.34959   0.53999  
 25  0.0080   2276.941317  x:  0.37305   0.36464   0.46932   0.33626   0.13731   0.33134   0.00000   0.00691   0.03349   0.31771   0.16119   0.26894   0.16519   1.81211   0.35035   0.53189  
 26  0.0017   2276.924855  x:  0.37125   0.36284   0.47030   0.33336   0.13718   0.33135   0.00000   0.00771   0.03337   0.31440   0.15910   0.26642   0.16539   1.79177   0.35050   0.54210  
 27  0.0053   2276.923886  x:  0.37062   0.36221   0.46897   0.33450   0.13727   0.33066   0.00000   0.00775   0.03340   0.31482   0.15995   0.26635   0.16658   1.78798   0.35025   0.54333  
 28  0.0047   2276.923875  x:  0.37075   0.36234   0.46893   0.33452   0.13731   0.33052   0.00000   0.00775   0.03343   0.31474   0.15990   0.26640   0.16661   1.78780   0.35021   0.54316  
 29  0.0004   2276.923875  x:  0.37075   0.36234   0.46891   0.33450   0.13732   0.33053   0.00000   0.00775   0.03343   0.31475   0.15989   0.26643   0.16662   1.78776   0.35021   0.54318  
 30  0.0001   2276.923875  x:  0.37075   0.36234   0.46892   0.33450   0.13732   0.33053   0.00000   0.00775   0.03343   0.31475   0.15990   0.26643   0.16662   1.78776   0.35021   0.54319  
 31  0.0000   2276.923875  x:  0.37075   0.36234   0.46892   0.33450   0.13732   0.33053   0.00000   0.00775   0.03343   0.31475   0.15990   0.26643   0.16662   1.78776   0.35021   0.54319  
 32  0.0000   2276.923875  x:  0.37075   0.36234   0.46892   0.33450   0.13732   0.33053   0.00000   0.00775   0.03343   0.31475   0.15990   0.26643   0.16662   1.78776   0.35021   0.54319  