

TREE # 1

  0  0.0000   2522.693181  x:  0.09270   0.08695   0.07928   0.05379   0.03338   0.02934   0.05740   0.03749   0.09440   0.04002   0.02169   0.01986   0.10383   0.04040   0.04178   0.02033   0.10035   0.08710   0.01596   0.01139   0.04969   0.07246   0.07472   0.10399   0.04272   0.01632   0.07756   0.02655   0.06711   0.04755   0.08269   0.03367   0.02005   0.47759   0.46895   0.49040  
  1 99.0000   2390.909321  x:  0.10166   0.07164   0.08429   0.03619   0.05648   0.02975   0.04432   0.02910   0.09249   0.08105   0.28758   0.02577   0.09608   0.16454   0.07092   0.08415   0.07804   0.06235   0.01970   0.26197   0.07166   0.09017   0.05096   0.09444   0.07461   0.09516   0.12020   0.08745   0.07593   0.06405   0.08747   0.04387   0.07863   0.46771   0.48066   0.48983  
  2 1896.8872   2363.355497  x:  0.11263   0.03979   0.08097   0.00297   0.06416   0.02886   0.02726   0.02432   0.08966   0.08866   0.29173   0.00760   0.07656   0.19448   0.07884   0.07599   0.03531   0.00920   0.01825   0.24173   0.08254   0.09797   0.00000   0.07654   0.09072   0.08585   0.16031   0.09612   0.08875   0.07167   0.09322   0.04009   0.07156   0.44777   0.50058   0.48851  
  3 282.9310   2360.345045  x:  0.11403   0.03507   0.08072   0.00740   0.06512   0.02893   0.02722   0.02502   0.08934   0.08993   0.29275   0.01220   0.07357   0.19928   0.07988   0.07508   0.02806   0.00000   0.01828   0.23774   0.08370   0.09937   0.00000   0.07381   0.09270   0.08465   0.16601   0.09741   0.09032   0.07238   0.09388   0.03995   0.07075   0.44369   0.50452   0.48825  
  4 444.8250   2359.037805  x:  0.11445   0.03242   0.08062   0.00131   0.06422   0.02943   0.03433   0.02823   0.08945   0.09009   0.29540   0.02284   0.07132   0.20458   0.08031   0.07613   0.02210   0.00000   0.02002   0.23134   0.08318   0.10091   0.00000   0.07185   0.09287   0.08451   0.16914   0.09881   0.09038   0.07155   0.09370   0.04121   0.07119   0.43591   0.51163   0.48779  
  5 180.0461   2355.904805  x:  0.11322   0.03431   0.08258   0.00474   0.05588   0.03104   0.06262   0.03423   0.09102   0.08387   0.31332   0.00999   0.06616   0.22789   0.08074   0.08831   0.01385   0.00000   0.02958   0.19886   0.07629   0.10563   0.00000   0.06807   0.08844   0.08790   0.17452   0.10508   0.08635   0.06450   0.09050   0.04827   0.07723   0.38985   0.55296   0.48517  
  6 125.9922   2352.164825  x:  0.11143   0.04011   0.08405   0.00416   0.05498   0.02815   0.05592   0.01763   0.09169   0.08053   0.34058   0.01576   0.06511   0.25345   0.08171   0.10124   0.03157   0.00000   0.01909   0.15370   0.07157   0.10780   0.00000   0.06883   0.08521   0.09167   0.17688   0.11000   0.08334   0.06243   0.08843   0.04588   0.08146   0.31768   0.61643   0.48078  
  7 169.7805   2350.711499  x:  0.11050   0.04242   0.08404   0.00362   0.06056   0.02996   0.04191   0.03615   0.09101   0.08169   0.35405   0.01579   0.06660   0.25945   0.08099   0.10122   0.03588   0.00000   0.01955   0.13702   0.07356   0.10647   0.00000   0.07274   0.08534   0.09308   0.17218   0.10914   0.08374   0.06522   0.08925   0.04230   0.08121   0.28084   0.65151   0.47794  
  8 162.4751   2349.390740  x:  0.11051   0.03966   0.08323   0.00299   0.06222   0.03091   0.03499   0.02746   0.09164   0.08593   0.36258   0.01489   0.06831   0.25121   0.07846   0.08848   0.02155   0.00000   0.03031   0.13652   0.07903   0.10317   0.00000   0.07796   0.08754   0.09226   0.15897   0.10340   0.08712   0.06880   0.09248   0.04434   0.07738   0.25280   0.69327   0.47370  
  9 68.2475   2348.522156  x:  0.11304   0.03429   0.08299   0.00256   0.06125   0.02835   0.03884   0.02818   0.09153   0.08841   0.36483   0.01146   0.06723   0.24224   0.08019   0.08069   0.01640   0.00000   0.01552   0.14144   0.07998   0.10246   0.00000   0.07634   0.09051   0.08947   0.15768   0.10151   0.09020   0.06997   0.09416   0.04392   0.07416   0.24483   0.72851   0.46972  
 10 64.4605   2347.007824  x:  0.12257   0.02222   0.08347   0.00173   0.06304   0.03075   0.03853   0.02831   0.08996   0.09188   0.35953   0.00893   0.06452   0.22621   0.08890   0.07619   0.02957   0.00000   0.02215   0.15228   0.08074   0.10898   0.00000   0.06306   0.09803   0.08108   0.17720   0.10542   0.09673   0.07010   0.09551   0.04080   0.06937   0.25146   0.81667   0.45916  
 11 76.5778   2346.077216  x:  0.12524   0.03604   0.08441   0.00026   0.06357   0.02866   0.02779   0.02838   0.08938   0.08999   0.35081   0.00922   0.05901   0.22497   0.08902   0.07945   0.02155   0.00000   0.02148   0.15653   0.08099   0.11142   0.00000   0.06332   0.09907   0.08052   0.19194   0.11083   0.09733   0.06991   0.09449   0.04337   0.07270   0.26717   0.87596   0.45118  
 12 87.4572   2345.720891  x:  0.12092   0.03118   0.08291   0.00000   0.06678   0.03169   0.02787   0.02725   0.08953   0.09000   0.34381   0.00843   0.06166   0.23421   0.08506   0.08284   0.01979   0.00000   0.02012   0.15730   0.08559   0.10763   0.00000   0.07232   0.09796   0.08467   0.19513   0.10935   0.09461   0.07375   0.09503   0.03832   0.07400   0.27841   0.90229   0.44632  
 13 41.4982   2345.639223  x:  0.11932   0.02969   0.08268   0.00003   0.06696   0.02741   0.02743   0.02783   0.08940   0.09062   0.34102   0.00843   0.06347   0.23946   0.08430   0.08218   0.02089   0.00000   0.02044   0.15828   0.08651   0.10577   0.00000   0.07209   0.09774   0.08530   0.19371   0.10815   0.09479   0.07425   0.09566   0.04125   0.07322   0.28150   0.90981   0.44407  
 14 23.4884   2345.571478  x:  0.11827   0.03105   0.08303   0.00008   0.06653   0.03048   0.02712   0.02794   0.08931   0.09139   0.33758   0.00863   0.06451   0.24614   0.08432   0.07987   0.02201   0.00000   0.01966   0.16054   0.08608   0.10420   0.00000   0.06906   0.09782   0.08493   0.18985   0.10684   0.09594   0.07392   0.09624   0.04289   0.07152   0.28407   0.91795   0.44053  
 15 18.9270   2345.531980  x:  0.11856   0.03232   0.08323   0.00018   0.06666   0.02913   0.02769   0.02804   0.08929   0.09126   0.33512   0.00884   0.06334   0.24909   0.08469   0.07871   0.02233   0.00000   0.02017   0.16284   0.08507   0.10475   0.00000   0.06825   0.09813   0.08431   0.18642   0.10642   0.09626   0.07352   0.09598   0.03925   0.07128   0.28495   0.92371   0.43695  
 16 13.4378   2345.473738  x:  0.12011   0.03042   0.08263   0.00040   0.06734   0.02961   0.02709   0.02835   0.08940   0.08993   0.33093   0.00942   0.05995   0.24906   0.08533   0.07939   0.02321   0.00000   0.01982   0.16677   0.08382   0.10745   0.00000   0.07081   0.09825   0.08375   0.18158   0.10656   0.09530   0.07255   0.09492   0.04073   0.07392   0.28514   0.93391   0.42838  
 17 10.7320   2345.372068  x:  0.12037   0.03308   0.08213   0.00086   0.06865   0.02964   0.02951   0.02848   0.08949   0.09019   0.32682   0.01049   0.06395   0.24176   0.08544   0.08186   0.02310   0.00000   0.01936   0.17178   0.08720   0.10690   0.00000   0.07166   0.09643   0.08610   0.18114   0.10877   0.09422   0.07473   0.09529   0.04164   0.07312   0.28452   0.95276   0.40791  
 18 11.4585   2345.308583  x:  0.11754   0.03139   0.08270   0.00098   0.06626   0.02971   0.02782   0.02888   0.08958   0.08986   0.32763   0.01123   0.06706   0.23678   0.08374   0.08360   0.02132   0.00000   0.01937   0.17318   0.08413   0.10531   0.00000   0.07028   0.09465   0.08749   0.18138   0.10786   0.09280   0.07238   0.09490   0.04053   0.07290   0.28592   0.96278   0.39352  
 19 18.4353   2345.233160  x:  0.11457   0.03237   0.08331   0.00111   0.06946   0.02968   0.02923   0.02866   0.08960   0.09039   0.33404   0.01146   0.06625   0.23321   0.08183   0.08225   0.02159   0.00000   0.01962   0.16955   0.08146   0.10415   0.00000   0.07154   0.09717   0.08524   0.18181   0.10377   0.09497   0.07191   0.09524   0.04118   0.07373   0.29104   0.96995   0.37258  
 20 10.8892   2345.111410  x:  0.11618   0.03161   0.08248   0.00144   0.06487   0.02975   0.02860   0.02893   0.08939   0.08918   0.34306   0.01190   0.06424   0.23184   0.08486   0.08023   0.02152   0.00000   0.01971   0.16200   0.08680   0.10583   0.00000   0.07147   0.09580   0.08430   0.17841   0.10295   0.09469   0.07317   0.09511   0.04084   0.07253   0.29901   0.97446   0.33576  
 21 16.3542   2344.914191  x:  0.12246   0.02953   0.08100   0.00154   0.07142   0.02952   0.02831   0.02812   0.08972   0.09294   0.34380   0.01160   0.06434   0.23436   0.08462   0.08136   0.01927   0.00000   0.01936   0.15742   0.08330   0.10556   0.00000   0.06824   0.09392   0.08633   0.17657   0.10851   0.09147   0.07380   0.09474   0.04122   0.06997   0.30066   0.97173   0.27517  
 22 20.0613   2344.689677  x:  0.12171   0.02925   0.08237   0.00173   0.06734   0.02965   0.02807   0.02831   0.08913   0.09286   0.33761   0.01213   0.06482   0.23964   0.08325   0.08275   0.01926   0.00000   0.01941   0.15948   0.08428   0.10544   0.00000   0.06960   0.09912   0.08454   0.18271   0.10901   0.09533   0.07348   0.09614   0.04070   0.07241   0.29459   0.96562   0.21081  
 23 38.4911   2344.647666  x:  0.11833   0.02946   0.08167   0.00170   0.06933   0.02959   0.02807   0.02812   0.08963   0.09104   0.33644   0.01222   0.06232   0.24051   0.08515   0.08277   0.01917   0.00000   0.01935   0.16103   0.08560   0.10641   0.00000   0.06837   0.09605   0.08466   0.18512   0.10573   0.09478   0.07326   0.09518   0.04090   0.07112   0.29278   0.96458   0.20297  
 24  8.6338   2344.336040  x:  0.11636   0.02919   0.08520   0.00212   0.06491   0.02978   0.02803   0.02817   0.08648   0.09686   0.33375   0.01310   0.05743   0.24605   0.09023   0.07474   0.01933   0.00000   0.02035   0.16001   0.07843   0.10844   0.00000   0.07319   0.09408   0.08652   0.19520   0.10550   0.08978   0.08167   0.09715   0.04203   0.06793   0.29036   0.96679   0.21822  
 25  1.5358   2342.939918  x:  0.12453   0.02254   0.08436   0.00437   0.06771   0.02964   0.02661   0.02690   0.09201   0.10072   0.32377   0.01766   0.04965   0.26637   0.08370   0.07466   0.01168   0.00000   0.01928   0.15031   0.09192   0.10436   0.00000   0.06245   0.10312   0.08118   0.21784   0.10389   0.09203   0.07330   0.09502   0.04010   0.07378   0.28371   0.97769   0.30378  
 26 21.6756   2342.808825  x:  0.12367   0.02140   0.08034   0.00468   0.06894   0.02965   0.02625   0.02662   0.08984   0.09584   0.32332   0.01824   0.05288   0.26857   0.08551   0.07732   0.00949   0.00000   0.01897   0.14925   0.08953   0.10830   0.00000   0.06424   0.10346   0.08087   0.21829   0.10624   0.09979   0.07294   0.09644   0.04014   0.06948   0.28374   0.97868   0.31195  
 27 19.2135   2342.800101  x:  0.12224   0.02103   0.07998   0.00471   0.06906   0.02965   0.02628   0.02664   0.08976   0.09507   0.32326   0.01828   0.05187   0.26841   0.08410   0.07633   0.00987   0.00000   0.01895   0.14909   0.08967   0.10857   0.00000   0.06375   0.10284   0.08159   0.21816   0.10834   0.10098   0.07312   0.09730   0.04006   0.06977   0.28376   0.97883   0.31245  
 28  4.2603   2342.796631  x:  0.12110   0.02089   0.08033   0.00471   0.06950   0.02964   0.02627   0.02660   0.08997   0.09504   0.32318   0.01828   0.05226   0.26840   0.08514   0.07585   0.00976   0.00000   0.01892   0.14893   0.08985   0.10841   0.00000   0.06388   0.10292   0.08103   0.21797   0.10960   0.10084   0.07260   0.09734   0.04000   0.07032   0.28379   0.97906   0.31256  
 29  1.2227   2342.756699  x:  0.11844   0.02087   0.07987   0.00481   0.06894   0.02961   0.02640   0.02673   0.08997   0.09613   0.32254   0.01844   0.04974   0.26812   0.08594   0.07880   0.01021   0.00000   0.01897   0.14848   0.09018   0.10710   0.00000   0.06409   0.10581   0.07972   0.21687   0.11168   0.09959   0.07228   0.09741   0.04026   0.06679   0.28346   0.98325   0.31318  
 30  0.6184   2342.171230  x:  0.11665   0.02003   0.07487   0.00601   0.06963   0.02942   0.02879   0.02751   0.08617   0.09312   0.31215   0.02087   0.05494   0.27019   0.09335   0.08342   0.01453   0.00000   0.01686   0.13860   0.08613   0.11336   0.00000   0.05509   0.11316   0.08049   0.21520   0.11000   0.09929   0.08152   0.09638   0.03999   0.07432   0.27879   1.04736   0.32123  
 31  6.0633   2341.725946  x:  0.12507   0.01901   0.08317   0.00665   0.07129   0.02919   0.03097   0.02867   0.08842   0.09163   0.30654   0.02294   0.05823   0.27500   0.09343   0.08004   0.02043   0.00000   0.01526   0.13365   0.08607   0.11706   0.00000   0.06179   0.10636   0.07788   0.22029   0.11114   0.10476   0.07150   0.09594   0.04016   0.06844   0.27496   1.09657   0.32702  
 32 40.4634   2341.716732  x:  0.12579   0.01898   0.08207   0.00671   0.07102   0.02920   0.03105   0.02870   0.08781   0.09160   0.30659   0.02303   0.05782   0.27517   0.09369   0.08042   0.02056   0.00000   0.01539   0.13387   0.08568   0.11512   0.00000   0.06206   0.10464   0.07596   0.22054   0.11134   0.10524   0.07182   0.09667   0.04004   0.06904   0.27477   1.09763   0.32712  
 33  4.4444   2341.711512  x:  0.12630   0.01898   0.08151   0.00674   0.07091   0.02920   0.03111   0.02872   0.08802   0.09119   0.30630   0.02312   0.05714   0.27496   0.09485   0.08006   0.02069   0.00000   0.01558   0.13368   0.08537   0.11335   0.00000   0.06231   0.10493   0.07745   0.22069   0.11128   0.10597   0.07134   0.09655   0.04000   0.06923   0.27471   1.09845   0.32706  
 34  0.8169   2341.355708  x:  0.12736   0.01749   0.09436   0.00746   0.06983   0.02911   0.03316   0.02880   0.08786   0.08433   0.29579   0.02484   0.05410   0.26872   0.09273   0.08166   0.01793   0.00000   0.01735   0.13169   0.08367   0.10772   0.00000   0.05972   0.10354   0.07685   0.21489   0.11428   0.10694   0.08066   0.08863   0.04178   0.06814   0.27255   1.15827   0.32150  
 35  0.8430   2340.485321  x:  0.12541   0.02262   0.08455   0.00997   0.06329   0.02904   0.03900   0.02973   0.08731   0.09540   0.26916   0.02721   0.05093   0.25493   0.08698   0.07734   0.01394   0.00000   0.02069   0.12549   0.08333   0.11503   0.00000   0.05880   0.10134   0.07920   0.20686   0.11596   0.09756   0.07395   0.09789   0.04397   0.06919   0.26708   1.30459   0.30767  
 36 52.7108   2340.482512  x:  0.12550   0.02271   0.08372   0.01000   0.06311   0.02905   0.03897   0.02979   0.08851   0.09481   0.26922   0.02726   0.05120   0.25504   0.08668   0.07677   0.01402   0.00000   0.02073   0.12564   0.08307   0.11498   0.00000   0.05895   0.10164   0.07882   0.20714   0.11621   0.09710   0.07426   0.09739   0.04403   0.06891   0.26702   1.30506   0.30762  
 37  2.4258   2340.476580  x:  0.12566   0.02277   0.08321   0.01005   0.06339   0.02908   0.03899   0.02972   0.08660   0.09377   0.26924   0.02731   0.05143   0.25500   0.08624   0.07588   0.01413   0.00000   0.02072   0.12571   0.08333   0.11464   0.00000   0.05908   0.10220   0.07867   0.20737   0.11638   0.09611   0.07374   0.09669   0.04406   0.06859   0.26691   1.30575   0.30761  
 38  0.2611   2340.006413  x:  0.12567   0.01967   0.08479   0.01262   0.06996   0.02913   0.03148   0.02903   0.08925   0.08787   0.25644   0.02779   0.05322   0.24152   0.08749   0.07485   0.01424   0.00000   0.01845   0.11645   0.08598   0.11170   0.00000   0.06239   0.10355   0.07720   0.20096   0.10940   0.09447   0.07537   0.10668   0.04094   0.06638   0.26590   1.35696   0.30883  
 39  0.9501   2339.897180  x:  0.12369   0.01904   0.08187   0.01328   0.06993   0.02917   0.02983   0.02893   0.08852   0.09395   0.25300   0.02747   0.05364   0.23824   0.08704   0.07423   0.01452   0.00000   0.01787   0.11388   0.08711   0.11189   0.00000   0.06403   0.10163   0.07679   0.19955   0.10896   0.09914   0.07587   0.09779   0.04017   0.06668   0.26563   1.36888   0.30911  
 40 16.7704   2339.723140  x:  0.12285   0.01855   0.08208   0.01395   0.06582   0.02964   0.03043   0.02821   0.08894   0.09012   0.24044   0.02462   0.05551   0.24030   0.08651   0.07597   0.01235   0.00000   0.01754   0.11492   0.08636   0.11301   0.00000   0.06210   0.10008   0.07405   0.20062   0.10509   0.10109   0.07052   0.09550   0.04100   0.06656   0.27087   1.31438   0.31134  
 41  0.0328   2339.640158  x:  0.12414   0.02058   0.08219   0.01380   0.06609   0.02946   0.03061   0.02817   0.08883   0.09060   0.24358   0.02245   0.05573   0.23899   0.08683   0.07506   0.01252   0.00000   0.01815   0.10854   0.08577   0.11284   0.00000   0.06244   0.10039   0.07402   0.20272   0.10633   0.10068   0.07186   0.09622   0.04108   0.06615   0.27252   1.23431   0.30828  
 42  0.0606   2339.613949  x:  0.12433   0.01996   0.08200   0.01351   0.06703   0.02930   0.03092   0.02846   0.08876   0.09167   0.23959   0.02233   0.05557   0.23677   0.08682   0.07434   0.01317   0.00000   0.01811   0.11177   0.08590   0.11252   0.00000   0.06321   0.10061   0.07472   0.20258   0.10683   0.10005   0.07312   0.09696   0.04086   0.06600   0.27085   1.20344   0.30810  
 43  0.0378   2339.607000  x:  0.12378   0.01935   0.08167   0.01330   0.06712   0.02931   0.03127   0.02870   0.08880   0.09182   0.23961   0.02334   0.05504   0.23574   0.08617   0.07431   0.01332   0.00000   0.01805   0.11048   0.08597   0.11233   0.00000   0.06302   0.10033   0.07475   0.20132   0.10659   0.09943   0.07300   0.09689   0.04079   0.06603   0.27139   1.20158   0.30835  
 44  0.0027   2339.604423  x:  0.12342   0.02013   0.08185   0.01306   0.06705   0.02932   0.03094   0.02866   0.08879   0.09144   0.23897   0.02385   0.05502   0.23605   0.08613   0.07440   0.01340   0.00000   0.01808   0.11073   0.08601   0.11232   0.00000   0.06285   0.10035   0.07457   0.20108   0.10634   0.09973   0.07287   0.09672   0.04079   0.06608   0.27133   1.19725   0.30987  
 45  0.0042   2339.603490  x:  0.12368   0.01994   0.08197   0.01279   0.06675   0.02936   0.03086   0.02852   0.08878   0.09155   0.23905   0.02395   0.05523   0.23632   0.08631   0.07444   0.01322   0.00000   0.01815   0.11073   0.08584   0.11238   0.00000   0.06294   0.10034   0.07461   0.20148   0.10625   0.09966   0.07282   0.09670   0.04091   0.06606   0.27174   1.19311   0.30967  
 46  0.0026   2339.602611  x:  0.12383   0.02006   0.08186   0.01245   0.06697   0.02932   0.03086   0.02855   0.08882   0.09164   0.23870   0.02394   0.05531   0.23587   0.08636   0.07435   0.01314   0.00000   0.01798   0.11060   0.08585   0.11242   0.00000   0.06307   0.10023   0.07462   0.20180   0.10644   0.09970   0.07276   0.09677   0.04084   0.06605   0.27148   1.19879   0.30947  
 47  0.0019   2339.602224  x:  0.12366   0.02006   0.08189   0.01226   0.06705   0.02933   0.03086   0.02858   0.08880   0.09156   0.23873   0.02373   0.05527   0.23600   0.08626   0.07438   0.01326   0.00000   0.01808   0.11050   0.08595   0.11244   0.00000   0.06302   0.10032   0.07452   0.20169   0.10623   0.09976   0.07277   0.09676   0.04082   0.06603   0.27147   1.19753   0.30972  
 48  0.0010   2339.602200  x:  0.12365   0.02008   0.08191   0.01225   0.06701   0.02934   0.03086   0.02858   0.08880   0.09155   0.23869   0.02369   0.05524   0.23603   0.08625   0.07438   0.01324   0.00000   0.01804   0.11052   0.08593   0.11240   0.00000   0.06296   0.10034   0.07455   0.20161   0.10624   0.09973   0.07283   0.09674   0.04083   0.06603   0.27153   1.19762   0.30974  
 49  0.0002   2339.602199  x:  0.12365   0.02007   0.08191   0.01225   0.06700   0.02934   0.03086   0.02858   0.08880   0.09155   0.23868   0.02370   0.05523   0.23604   0.08626   0.07438   0.01325   0.00000   0.01805   0.11052   0.08592   0.11240   0.00000   0.06296   0.10034   0.07456   0.20160   0.10625   0.09972   0.07283   0.09674   0.04084   0.06603   0.27153   1.19778   0.30980  
 50  0.0002   2339.602199  x:  0.12365   0.02007   0.08191   0.01225   0.06700   0.02934   0.03086   0.02858   0.08880   0.09155   0.23868   0.02369   0.05523   0.23603   0.08626   0.07438   0.01325   0.00000   0.01805   0.11052   0.08592   0.11240   0.00000   0.06296   0.10033   0.07456   0.20161   0.10625   0.09972   0.07283   0.09674   0.04084   0.06603   0.27153   1.19775   0.30985  
 51  0.0000   2339.602199  x:  0.12365   0.02007   0.08191   0.01225   0.06700   0.02934   0.03086   0.02858   0.08880   0.09155   0.23868   0.02369   0.05523   0.23603   0.08626   0.07438   0.01325   0.00000   0.01805   0.11052   0.08592   0.11240   0.00000   0.06296   0.10033   0.07456   0.20161   0.10625   0.09972   0.07283   0.09674   0.04084   0.06603   0.27153   1.19776   0.30986  
 52  0.0000   2339.602199  x:  0.12365   0.02007   0.08191   0.01225   0.06700   0.02934   0.03086   0.02858   0.08880   0.09155   0.23868   0.02369   0.05523   0.23603   0.08626   0.07438   0.01325   0.00000   0.01805   0.11052   0.08592   0.11240   0.00000   0.06296   0.10033   0.07456   0.20161   0.10625   0.09972   0.07283   0.09674   0.04084   0.06603   0.27153   1.19776   0.30987  
 53  0.0000   2339.602199  x:  0.12365   0.02007   0.08191   0.01225   0.06700   0.02934   0.03086   0.02858   0.08880   0.09155   0.23868   0.02369   0.05523   0.23603   0.08626   0.07438   0.01325   0.00000   0.01805   0.11052   0.08592   0.11240   0.00000   0.06296   0.10033   0.07456   0.20161   0.10625   0.09972   0.07283   0.09674   0.04084   0.06603   0.27153   1.19776   0.30986  
 54  0.0000   2339.602199  x:  0.12365   0.02007   0.08191   0.01225   0.06700   0.02934   0.03086   0.02858   0.08880   0.09155   0.23868   0.02369   0.05523   0.23603   0.08626   0.07438   0.01325   0.00000   0.01805   0.11052   0.08592   0.11240   0.00000   0.06296   0.10033   0.07456   0.20161   0.10625   0.09972   0.07283   0.09674   0.04084   0.06603   0.27153   1.19776   0.30986  