

TREE # 1

  0  0.0000   2889.413980  x:  0.06444   0.03342   0.01558   0.02633   0.08712   0.02529   0.05344   0.04810   0.09051   0.06240   0.07031   0.06268   0.01547   0.05054   0.58912   0.46628  
  1 99.0000   2337.596815  x:  0.33389   0.30287   0.86477   0.49902   0.16936   0.46525   0.00000   0.00394   0.08984   0.24221   0.13467   0.26732   0.67110   0.86192   0.56436   0.47596  
  2 3639.6755   2334.605043  x:  0.33809   0.30707   0.86149   0.48274   0.15044   0.44949   0.00000   0.09059   0.04583   0.26318   0.14596   0.25514   0.65462   0.90817   0.50841   0.48390  
  3 174.8530   2322.894134  x:  0.34203   0.31102   0.85392   0.46219   0.13075   0.43023   0.00000   0.08317   0.00000   0.28356   0.15584   0.23953   0.63144   0.95965   0.43962   0.49334  
  4 230.9470   2305.476584  x:  0.35176   0.32075   0.82516   0.41321   0.12181   0.39716   0.00000   0.07960   0.05807   0.32267   0.17374   0.19453   0.55254   1.10325   0.23042   0.52130  
  5 247.4496   2293.687285  x:  0.44587   0.41485   0.72983   0.32387   0.20762   0.32101   0.00000   0.07524   0.09563   0.33428   0.13476   0.11865   0.29809   1.46425   0.31454   0.60225  
  6 60.8071   2291.908486  x:  0.44972   0.41870   0.68012   0.34109   0.19392   0.35633   0.00000   0.07484   0.09323   0.26812   0.18321   0.16565   0.23120   1.54077   0.32043   0.61240  
  7 30.8466   2291.163707  x:  0.44112   0.41010   0.64339   0.35830   0.17456   0.37982   0.00000   0.07536   0.09135   0.25802   0.14645   0.21324   0.20401   1.57986   0.31840   0.61293  
  8 24.7273   2290.710235  x:  0.42578   0.39477   0.60621   0.37441   0.16550   0.38527   0.00000   0.07326   0.09630   0.29363   0.15204   0.25856   0.19033   1.60944   0.32819   0.60886  
  9 20.1226   2290.483892  x:  0.40912   0.37811   0.58794   0.38275   0.18478   0.35932   0.00000   0.07275   0.09347   0.28692   0.15109   0.27991   0.20287   1.63307   0.32712   0.59612  
 10  6.7890   2289.919392  x:  0.38455   0.35353   0.56484   0.35614   0.15239   0.35160   0.00000   0.06855   0.10229   0.27718   0.15312   0.26455   0.22664   1.68391   0.34211   0.52880  
 11  3.6766   2288.739160  x:  0.37546   0.34444   0.51666   0.35487   0.18015   0.38447   0.00000   0.06138   0.08283   0.28616   0.15219   0.22785   0.21881   1.73422   0.33318   0.39446  
 12 12.2845   2287.020416  x:  0.43624   0.40523   0.47938   0.35019   0.15948   0.34051   0.00000   0.04867   0.07851   0.29121   0.15501   0.25977   0.20449   1.76193   0.31064   0.30866  
 13  9.2533   2280.664865  x:  0.43307   0.40205   0.45331   0.33450   0.14431   0.30994   0.00000   0.00856   0.03712   0.30941   0.16020   0.26442   0.14005   1.85555   0.26769   0.41651  
 14  7.4082   2280.603706  x:  0.43140   0.40039   0.46132   0.31691   0.15063   0.31417   0.00000   0.00813   0.03544   0.31010   0.16062   0.27600   0.13662   1.85511   0.26678   0.41510  
 15  4.4401   2280.571167  x:  0.42663   0.39562   0.47488   0.31979   0.14869   0.30977   0.00000   0.00794   0.03553   0.31032   0.16041   0.27860   0.12589   1.85287   0.26786   0.41069  
 16  1.3457   2279.751086  x:  0.41133   0.38032   0.50226   0.33185   0.13943   0.32698   0.00000   0.00483   0.02148   0.30888   0.16277   0.26333   0.16288   1.78637   0.28852   0.45741  
 17  0.4164   2279.540291  x:  0.40644   0.37543   0.51983   0.33181   0.13933   0.33183   0.00000   0.00891   0.02084   0.30837   0.16309   0.26217   0.16952   1.76095   0.29371   0.48382  
 18  0.3049   2279.366499  x:  0.40458   0.37357   0.52789   0.32857   0.14053   0.33000   0.00000   0.00805   0.03275   0.31118   0.16397   0.26001   0.16984   1.74745   0.29680   0.52934  
 19  0.0731   2279.202875  x:  0.40324   0.37223   0.53092   0.33388   0.15354   0.33344   0.00000   0.00729   0.02719   0.31074   0.16212   0.25748   0.16261   1.72417   0.28798   0.59557  
 20  0.0508   2279.055159  x:  0.40283   0.37182   0.51507   0.32393   0.13793   0.33100   0.00000   0.00694   0.02587   0.30576   0.16051   0.26718   0.16141   1.70786   0.29110   0.65613  
 21  0.0269   2278.810791  x:  0.39093   0.35993   0.48470   0.32725   0.15236   0.32089   0.00000   0.00785   0.02802   0.30596   0.16513   0.26421   0.17280   1.63650   0.29950   0.71497  
 22  0.0261   2278.584070  x:  0.39582   0.36482   0.48833   0.32273   0.14595   0.33022   0.00000   0.00827   0.02984   0.31042   0.16259   0.25682   0.16519   1.54122   0.29219   0.70171  
 23  0.0466   2278.480283  x:  0.39317   0.36217   0.47839   0.31658   0.14681   0.32040   0.00000   0.00797   0.02936   0.30801   0.16009   0.26631   0.16046   1.54748   0.29277   0.62380  
 24  0.0603   2278.474274  x:  0.39187   0.36087   0.47550   0.31827   0.14729   0.32127   0.00000   0.00763   0.02859   0.30595   0.16156   0.26474   0.16250   1.54337   0.29493   0.62257  
 25  0.0066   2278.474108  x:  0.39219   0.36119   0.47626   0.31844   0.14727   0.32119   0.00000   0.00754   0.02857   0.30595   0.16139   0.26504   0.16247   1.54273   0.29485   0.62319  
 26  0.0013   2278.474101  x:  0.39216   0.36116   0.47623   0.31837   0.14725   0.32130   0.00000   0.00753   0.02858   0.30596   0.16135   0.26499   0.16239   1.54290   0.29485   0.62310  
 27  0.0003   2278.474101  x:  0.39216   0.36116   0.47622   0.31836   0.14725   0.32128   0.00000   0.00753   0.02858   0.30596   0.16135   0.26498   0.16241   1.54288   0.29484   0.62311  
 28  0.0000   2278.474101  x:  0.39216   0.36116   0.47622   0.31836   0.14725   0.32128   0.00000   0.00753   0.02858   0.30596   0.16135   0.26498   0.16241   1.54288   0.29484   0.62311  
 29  0.0000   2278.474101  x:  0.39216   0.36116   0.47622   0.31836   0.14725   0.32128   0.00000   0.00753   0.02858   0.30596   0.16135   0.26498   0.16241   1.54288   0.29484   0.62311  
 30  0.0000   2278.474101  x:  0.39216   0.36116   0.47622   0.31836   0.14725   0.32128   0.00000   0.00753   0.02858   0.30596   0.16135   0.26498   0.16241   1.54288   0.29484   0.62311  